0.8225558693681813 0.11506253698710343 0 0.0049088180484618184
0.44475827833316556 0.7768417814353803 0 0.004545834141742274
0.5755833759956873 0.06219824995186361 0 0.004944476559534057
0.11345562237543293 0.3902586100582733 0 0.0049061995305515315
0.7120515684204661 0.6011080549457433 0 0.004982397457703766
0.4537376677535157 0.18911541266964013 0 0.0033920185611741446
0.08994082852182693 0.8782447957194537 0 0.004982681515842326
0.9513459478626997 0.3843025735303705 0 0.0047404511222860725
0.1939942678606826 0.8283041168001184 0 0.004090384540224612
0.781187352951411 0.5244168966552509 0 0.004997006638484738
0.40041178441926567 0.868524173311204 0 0.0011799225324832313
0.048995973260067424 0.9110236229318477 0 0.0035163703926878636
0.022114342868498664 0.720569923231122 0 0.0036087026562347927
0.6331720717729739 0.8249928144698088 0 0.004696942177902014
0.6684561229332989 0.0697132724901005 0 0.00457120465346209
0.17834541751125774 0.48164121958609213 0 0.0047164079586678375
0.7694412524797326 0.3224705183852969 0 0.004841417898093934
0.38665201319413994 0.6593264555281569 0 0.004455595341590315
0.23931731802220899 0.9423691413851345 0 0.004934619449714127
0.009219653231463558 0.29587135152723304 0 0.0038092149219515446
0.8047759299117431 0.5418298494497868 0 0.0048796517328391084
0.9151998041770778 0.8936207977649093 0 0.00204617641218818
0.9714158354191252 0.6569873039859743 0 0.003116406321726833
0.7891102815931583 0.17298943794640373 0 0.004041968030460491
0.024407949098736108 0.5884495012524346 0 0.004984778805756485
0.03561271681465593 0.9333918462078574 0 0.004953055409812724
0.030026473537823166 0.7256436002136444 0 0.0049710702992485836
0.5097559270464052 0.5183122324242714 0 0.0036932889829316257
0.94807686883466 0.05255969421543781 0 0.004658536750726198
0.5450095048509742 0.4484557042435848 0 0.0018226454977493124
0.600482306077693 0.8490945400679444 0 0.003942380230991557
0.9836570130740856 0.22806077153854618 0 0.004972185258067846
0.6950006586936001 0.9624425160729041 0 0.004924381397866412
0.7032660745355793 0.43569042267264907 0 0.0020800291544054448
0.667590899580698 0.025819175817563426 0 0.004974341955857828
0.7704354801328293 0.4317631006147273 0 0.0014498558678684693
0.6220196351868706 0.3926415883085323 0 0.004050769597546451
0.9006293822431818 0.8235381470332939 0 0.0034427597833510118
0.12012945287663622 0.3088419367157294 0 0.004864083364095392
0.9006256239065805 0.49748288468635055 0 0.004906475641405554
0.6909059349554016 0.3431393419676971 0 0.0019803165388268392
0.23699907712758814 0.6406719600168908 0 0.004475450279001256
0.16059971288388816 0.21976656476483866 0 0.0024730649692605152
0.9497929657954751 0.40297301392234214 0 0.0003264737982844795
0.7305843224487869 0.2290623142017135 0 0.004987669165589367
0.2862642474983495 0.009723650287339673 0 0.002541502216721761
0.46026840568893074 0.9620138021851803 0 0.004965212142592663
0.6872761388693709 0.5773874627302146 0 0.004309245060884847
0.33809831247921146 0.2730947972786381 0 0.00482210380571917
0.06242690353578238 0.4186300049220311 0 0.003941078368423976
0.7542139195110015 0.21208879046897153 0 0.00440563627950194
0.16608513988125448 0.9475579037685381 0 0.0030680772540515365
0.19454563884707096 0.7730077895231005 0 0.0022982915025595856
0.7554384744940748 0.48927675092608397 0 0.004875106777938269
0.6569572593703372 0.6730332439651995 0 0.004653718224370951
0.5098240854817729 0.3170316003847082 0 0.0048917238688409945
0.9478942538283057 0.5542751960410951 0 0.004875627460158024
0.29819234500990516 0.4241249564008391 0 0.0017613636704916014
0.8690253458004606 0.16165011360239476 0 0.0017125769947109568
0.17010042148535529 0.26177874746885493 0 0.004981708674555429
0.27998591485044916 0.13283411856861202 0 0.004342293930936203
0.87630823917582 0.5355240667217935 0 0.004618193087535678
0.704238896424626 0.12594804596069062 0 0.004884922331241647
0.5744870716664956 0.3172096231510538 0 0.003093498777764495
0.8914743832644451 0.7704304550462954 0 0.004986588744737473
0.05544264019248567 0.8056233075167645 0 0.0036313261009837793
0.32459234380233176 0.023004736277680952 0 0.003375103492911463
0.9726909883842686 0.2812986638568364 0 0.0049995995585742775
0.9057662732381935 0.4472992603419658 0 0.002240786180685003
0.28271564758300566 0.45378195000196236 0 0.003622761522304646
0.12252299587789915 0.14773821550547425 0 0.003987627013161694
0.6051837144424878 0.24114735521728023 0 0.004357783746675746
0.25996028776971564 0.8201454682198098 0 0.0031775734540531162
0.9299016327162649 0.043082808660513935 0 0.004988601048993849
0.045530417246126484 0.9292553902294484 0 0.004925046011883519
0.8214317196937057 0.09307729350694081 0 0.004014546867672983
0.6512975992605038 0.1798524742311187 0 0.0048641872522163015
0.12699919243717092 0.7596505130087737 0 0.004998212556108424
0.8449880595741627 0.4549751535755406 0 0.0030650955813819373
0.5073245954364226 0.4005660923672622 0 0.0014440962390468303
0.8766962093881558 0.25329288951752743 0 0.003108267772111076
0.12040577927416272 0.712314061192804 0 0.004659520955168123
0.3592351107597916 0.6550575688590119 0 0.0008662577743920361
0.14081783335519346 0.7289136857357427 0 0.003633052189444774
0.5970976411736205 0.3113419151390929 0 0.0038244534912564325
0.20646605029421458 0.10909580672840079 0 0.0017117601443782352
0.4186749701223403 0.2796119405541327 0 0.0033596771633684374
0.9994181320156778 0.8207038634658728 0 0.004337918991908149
0.7598117395636493 0.565375641978907 0 0.0035389725458700957
0.14545182007584254 0.5556186372088988 0 0.002178290602095373
0.718457625986659 0.44745784157027674 0 0.0029431430208139956
0.1728187188817548 0.5264751370896618 0 0.004391347437191855
0.5299589132133509 0.7980687035323388 0 0.004018594669796461
0.22779886697831517 0.07250551613191501 0 0.004538828072272448
0.8551043791195819 0.20192606027104396 0 0.004250776177692209
0.7513909772035094 0.3151302975997701 0 0.004707455373168904
0.0671227256454524 0.26200632774815585 0 0.004925593016559382
0.39488138197806594 0.8224662584256489 0 0.0022257859498878863
0.3256732080634432 0.8987096854897031 0 0.004589919171528456
0.29469483064633634 0.5574506826901435 0 0.004821279906796013
0.7039188957521979 0.6144747433229517 0 0.004196123618565361
0.35213828940856 0.4419919125416218 0 0.0039974801188895
0.8138530715469873 0.6555883226360686 0 0.0046307678772284444
0.20896435611813655 0.3076926566934241 0 0.003621222818649169
0.5325470644951391 0.37112668666959064 0 0.003570974970474712
0.1411149096671048 0.08404717633512392 0 0.003762343363577557
0.3919541354883212 0.7247069292887908 0 0.004931651715124257
0.594688683177083 0.23510394980067215 0 0.0036831293950155353
0.554986777917549 0.784224445544307 0 0.004359680345020094
0.04763606308322553 0.3069493042662868 0 0.004267065504992708
0.5776994678218098 0.7323964089724402 0 0.0037488167081643686
0.1644916433594301 0.4417270491796455 0 0.004973880306977192
0.46763772083685945 0.5658873576530647 0 0.004996775717683031
0.3710643131993275 0.9365733198036779 0 0.004681787019935996
0.9114661853776199 0.10761547105697065 0 0.004960303964566037
0.26088919822477324 0.23984695446942936 0 0.0023411203025026136
0.34254162001131033 0.741845065758397 0 0.0049920890555450095
0.8777122283893634 0.5492987229025895 0 0.004186510709726456
0.13845220015028678 0.4555042192111231 0 0.0018626254062094852
0.17174096220054688 0.0030812448578787462 0 0.0034136378399284477
0.08714420685355838 0.7451433024956948 0 0.004922303283470255
0.6298804537817392 0.02666693182101975 0 0.0030407241826300104
0.8518867665819999 0.5699642481486373 0 0.004019082902834643
0.9259831448279858 0.7121398980438528 0 0.003347521364630317
0.40179271220787866 0.10642976820613013 0 0.004744832812029877
0.5420643858324321 0.2804465978939162 0 0.004199726822368386
0.042610815518487874 0.33643300380725466 0 0.0013833832685852788
0.46867723398584954 0.8429409204721418 0 0.0012493054548688397
0.4115827641213778 0.4238400399407987 0 0.0033468868232565323
0.9457930346284602 0.8778458480502682 0 0.0018602575998523344
0.787967886378778 0.2153355333211627 0 0.0009144434661890542
0.5602117537636577 0.8422134425949254 0 0.003963093222028808
0.025478930647978675 0.026952731907425746 0 0.0036827471352795546
0.8895034432718941 0.9116151533697426 0 0.0031258466694289782
0.7553073809651414 0.0005161236134519864 0 0.0048839885125547995
0.5133017612500912 0.4724874130595113 0 0.00497475109076756
0.9132897976292146 0.45268730299562626 0 0.004994698457583216
0.2893374266794266 0.8098305591778203 0 0.002224049814438822
0.33207136940121446 0.6874123127382821 0 0.0049821570910837725
0.37719799027606843 0.6811091889096432 0 0.004206019705602259
0.052740246282060185 0.5881370275244604 0 0.004950208437647895
0.8868403852167537 0.34300284108889295 0 0.0025450969097276315
0.15715463761069157 0.5517099786196588 0 0.0042084847681487705
0.4412458712232294 0.03981943226207128 0 0.004710520639780257
0.7185115002882744 0.29202395338063497 0 0.004083692380176651
0.4560178375995582 0.6599538665982896 0 0.004980431182145873
0.84602242437834 0.2684864152719643 0 0.004525136402166437
0.1170964999047379 0.8912045765399252 0 0.002526488706500379
0.023962567743942224 0.6352632769386017 0 0.003676253820669965
0.18696091868823514 0.7632841208970503 0 0.0018243115718602437
0.6373501740953056 0.81311604661308 0 0.0048211640608084
0.6430468148792956 0.9496253309705033 0 0.004570494214530471
0.07475898074124653 0.6746921076015585 0 0.0041635482396640226
0.4189831615158323 0.19750395748573132 0 0.0040603400498905404
0.4001037915664632 0.5986036151882355 0 0.0049796134707850385
0.37385097395403594 0.3200999469844819 0 0.004832952500827468
0.8613371342702412 0.7702489903495585 0 0.004942722170779412
0.1730859582756655 0.5692350861711253 0 0.0010920558975987653
0.1645474573068769 0.18492203858056486 0 0.0037344874217873926
0.7512170927349767 0.6934355525151579 0 0.0030509072289281055
0.8586498411798669 0.8998514202386555 0 0.004810316341183262
0.11832254726226486 0.069613684832583 0 0.002690853780577084
0.10622414354587494 0.5852659235924655 0 0.004726273054073676
0.4896947163561682 0.8662727210874396 0 0.0039006550823121313
0.16396379615935305 0.7097369692079717 0 0.004848019183512296
0.403441129632299 0.9422633036191416 0 0.004958963246124849
0.782003424433734 0.7650579020841849 0 0.004302600449983601
0.4685841721338703 0.2603358843889904 0 0.004838532012311748
0.074846602804279 0.8579227243961234 0 0.0022479917520066405
0.7567299525965674 0.16662322160593965 0 0.004999729608256093
0.38424993132575985 0.29464674131590857 0 0.002806844712089553
0.9781895293868959 0.11175589011462138 0 0.0045120887549039675
0.47738484095809924 0.49143537414916644 0 0.0006213409176605149
0.24338514309852752 0.5648996358866005 0 0.004955426385777108
0.9694545008293457 0.04636086983678521 0 0.0026878632206442663
0.010147750323367337 0.11431459627438188 0 0.004991982099665846
0.36382543142149765 0.8704347241138438 0 0.004715073627857313
0.8381471280239562 0.4037204314842054 0 0.004699047787418172
0.11158299950796811 0.10932951599793671 0 0.0030994518318607786
0.9902083337912362 0.7492360745378897 0 0.004844436158909516
0.48895117711945985 0.28086497931061977 0 0.00485939807289128
0.5818383652994512 0.8878453788082473 0 0.004428661017251013
0.3722400782959278 0.816703954207932 0 0.004145749838886021
0.30685657278329875 0.2855526155589791 0 0.004985167053527784
0.7597427177163188 0.924761223889134 0 0.0035846510098404964
0.30753829676354644 0.2620812615217179 0 0.003974334253317699
0.7248135264568006 0.17204452707968274 0 0.004054783079062401
0.16919180309892964 0.8210490993205447 0 0.004974523575310843
0.6444255492339027 0.660332011872032 0 0.0024983961372290423
0.7661879936452818 0.2587584730474565 0 0.00474974012675044
0.9199629542795392 0.1558833275538459 0 0.004808368834299456
0.8034740686372119 0.3548019292912535 0 0.004016869519299569
0.6320414570867939 0.5459288656675838 0 0.002449174950678243
0.2528997868513016 0.1603926824103263 0 0.004118046454018664
0.6987521838179218 0.04783975480304102 0 0.004997341172169792
0.36511326155509866 0.6320201500422405 0 0.004658362612468749
0.5689657980441932 0.8744282215479476 0 0.004909734279082557
0.49412032515719667 0.3262319372166376 0 0.004388319685332707
0.4773308765533229 0.642710387445974 0 0.0026343516746640577
0.02386215689174242 0.9146644538206179 0 0.0029969002856356265
0.7490859050573743 0.39088318676050576 0 0.00407153417162726
0.8551145868865878 0.23072810782126904 0 0.003829543509070192
0.5723991203219679 0.21034358271939133 0 0.0047158617684941815
0.6535987347951945 0.5924622059136837 0 0.004050168010178152
0.04284156380754743 0.3155630289332208 0 0.0008425100677156058
0.13779235008689214 0.4334349673239723 0 0.004896058089915508
0.8603234326759317 0.8682067122057073 0 0.0047181648366849665
0.0012359114366804435 0.03030393106882511 0 0.003609737682657225
0.18688537905834554 0.8577954019690215 0 0.004026109329226722
0.7039161535848195 0.5348085165590791 0 0.0049781171992746304
0.03213644212172438 0.5746093991461678 0 0.004962161227350326
0.9216034224733812 0.7401060809548593 0 0.0019276277765314517
0.8850566932830908 0.6944033575620072 0 0.0021913593356994478
0.26758465053448605 0.5632348819720402 0 0.00416263487967344
0.3646110348677288 0.09723432602544411 0 0.004604728303799782
0.8154404962594168 0.05668045743141424 0 0.004103089230135886
0.7052670505386608 0.33717981944475656 0 0.004877239539362613
0.6023765233008941 0.0194198730653986 0 0.004716012871529741
0.06869071286092741 0.5176846898139883 0 0.004984555815330389
0.7875381873066072 0.10910952513158588 0 0.003476364314779929
0.0596085471290264 0.24232976090975608 0 0.0023340324482272867
0.6365926311323407 0.8482683947955005 0 0.002231615259044549
0.3830779110347618 0.14262321246520712 0 0.0018760018165399506
0.9094710072568214 0.6867128438608988 0 0.004821169897458734
0.11831774247166636 0.17030282295790763 0 0.0007793610105452704
0.9550791867870609 0.17003767368043096 0 0.004044255674286911
0.650301704567908 0.26850366882661886 0 0.004747853646183837
0.4876988095555507 0.21000208398997175 0 0.0033402652489761073
0.20984747666307188 0.05251328415297095 0 0.004866950875640733
0.6341023457065648 0.6105057409235953 0 0.0034704792074434316
0.20659887709759625 0.7440586575775484 0 0.003970970582471346
0.20302280391320612 0.8208680290535136 0 0.004153873967748767
0.810263842004179 0.6731785399139878 0 0.003767701508689747
0.8550036816338645 0.011594314383662423 0 0.004469899981402941
0.37096052057529244 0.551668708937694 0 0.004268308855015736
0.6168103620575719 0.36803010238407435 0 0.003517432435767873
0.67073011304702 0.9117366643317004 0 0.0035886774388691712
0.4464075933630081 0.8536711610933011 0 0.004848566480473231
0.36999758948684885 0.36914642737393605 0 0.003580806763911005
0.4097368605644606 0.2585563345882344 0 0.004637328622527163
0.1810402493836206 0.7355756508670824 0 0.003268066104432841
0.6570799571334593 0.6419062457465533 0 0.004348758868386587
0.7403607257832708 0.8012125368481573 0 0.0028166926257937332
0.19545706303133745 0.2595247505124934 0 0.003293372222969319
0.9122616969980459 0.3275952132417638 0 0.003343175878936795
0.14633893769635295 0.39645711663816613 0 0.002582973269202572
0.009103692488553465 0.31529101164038215 0 0.0036827598533770364
0.8780717465154597 0.9056058322376553 0 0.004981750085431924
0.42885169556676866 0.5763240294695079 0 0.004999773188643102
0.5472467493046131 0.22377630767353737 0 0.004986853484293899
0.4776897224231346 0.8013851563799623 0 0.0046455542615568834
0.4687793360854042 0.2944202312882734 0 0.004762637260217729
0.7405419515481023 0.9609199993867648 0 0.003810404823262105
0.12636303065906704 0.35778745596476597 0 0.00481197787923184
0.48739457659679214 0.6418447260423525 0 0.0032108995132500936
0.4234957486258086 0.9997465656696192 0 0.004685518104491173
0.3223568052509263 0.2032989055312576 0 0.003140174596273142
0.414325090037361 0.5147526805552989 0 0.004440825056741582
0.7690179706893763 0.1661863875781717 0 0.004787763981696533
0.8537783076036902 0.4186775843433291 0 0.002851757389109793
0.48590170760011225 0.3203463989232091 0 0.0018720468669154923
0.7733173464225189 0.6060549104227417 0 0.0049877747789602925
0.22482394036235917 0.13794063976805968 0 0.0024405650560527636
0.38952133216653734 0.5321785980561238 0 0.004999549751927164
0.45531398962568487 0.9503563444938051 0 0.0044852390195419395
0.5199588026900085 0.576888100015459 0 0.003368101786992106
0.9933164135277754 0.30837863044976016 0 0.003975656826724199
0.10175167333487199 0.563906985177781 0 0.0037730126716470237
0.798003199506703 0.4224215622841491 0 0.004811787052397388
0.40637336191121637 0.48248150501453707 0 0.004618150971290237
0.8217897119936177 0.1514617734741481 0 0.004988925138228425
0.5215107526119566 0.0649942147352107 0 0.004325937496437625
0.17083984806358707 0.970653163869911 0 0.0034149710045418484
0.18681541511555685 0.21750027936616342 0 0.004999990030318792
0.6072051244983283 0.7174412666871105 0 0.004818068997887052
0.6163785176132099 0.5438471972388975 0 0.0043939207296289145
0.7202558749058964 0.1993474778002364 0 0.00283799874988633
0.5458383192909017 0.8875173431974387 0 0.0043009307766098655
0.29836757771728933 0.819343868551265 0 0.00300871002059581
0.36702287476624146 0.9099736557423851 0 0.00499142273457545
0.5827893753555151 0.4448086487747099 0 0.0034665446006846576
0.3927244098215344 0.5874693565948313 0 0.004576764258276978
0.8946022819548513 0.7457880574962112 0 0.004335800044668452
0.3084258077713305 0.7927857924068168 0 0.004474825980673738
0.3759444106898134 0.7310585688182789 0 0.004165778818693213
0.7908373539788657 0.8155786475131163 0 0.0037398353841325946
0.7353445936281191 0.05410597331344623 0 0.004982477256522887
0.2677066560599131 0.6465831874619231 0 0.004165325594118208
0.865926744288324 0.9301375634993193 0 0.00495505716347844
0.6330084454453708 0.3115344913413923 0 0.004842064134160691
0.3992043185948579 0.7759182775406245 0 0.0010618947827107732
0.050131103161694765 0.22679883669122577 0 0.004887952515473324
0.48740643500788766 0.7278007800359875 0 0.004637669452626799
0.49375115622206583 0.39844391105040283 0 0.0012261697205632892
0.2667826439186422 0.8467129344024031 0 0.0015458649327930248
0.7590484444557127 0.9031199921628437 0 0.004887928478468845
0.04053988997238865 0.6108022131642515 0 0.002758468109634588
0.5360917702626998 0.25454188294001706 0 0.0042853190335624515
0.6214312205143148 0.09156788947654713 0 0.003937873973099278
0.02784167420940841 0.7404863695757755 0 0.004554842173454397
0.18622203801743706 0.2814447074114708 0 0.004630404188540565
0.8745177927948962 0.3404676919339766 0 0.003919165736971104
0.038369522392553077 0.19768071580807753 0 0.003319960244398627
0.20875710286447133 0.11352432248430709 0 0.0012322656109838256
0.02958759910716246 0.060911525239634265 0 0.003889513223786028
0.9787652763358389 0.7550544784346251 0 0.004999091397455879
0.6712038298237608 0.21555219800675315 0 0.003724316297966166
0.6953446614387936 0.5703640974769241 0 0.00470145285773717
0.6118364499853745 0.3943693972561076 0 0.004117143915164729
0.40478655598640384 0.8053363881840078 0 0.004991875900412836
0.5418863089232752 0.006810991676085338 0 0.004892598241593686
0.5001221444701283 0.01385835212525676 0 0.002287001051579806
0.8657267451255044 0.8373604568018369 0 0.004999354696024257
0.4726781460778264 0.15503893007630462 0 0.004393349977113525
0.19968465520739495 0.24140077598713647 0 0.004091755968433983
0.5226637531026801 0.41979947913071985 0 0.004283171403949729
0.2972192049143157 0.2998772827111084 0 0.004923461856185377
0.45544379161615683 0.04089175112405784 0 0.00420675407175648
0.4609493244792932 0.7590280078441894 0 0.004503259368825898
0.29467888363441325 0.4401492484068527 0 0.004951428561075846
0.6320854528318612 0.21214936367991452 0 0.0025265026338489064
0.7818140384962528 0.5058320774546744 0 0.004112854797360495
0.47501092245258164 0.3944606088857992 0 0.00412281737105091
0.46728926794522535 0.44817940800524697 0 0.003891307774684892
0.8468433389798927 0.06769758013473702 0 0.004962759811906975
0.9337649864267473 0.6893202579503491 0 0.0019073897375917134
0.34295406085412855 0.2856686173371567 0 0.001484346759254824
0.1681582930411107 0.036871535468564906 0 0.004239208818977348
0.21755801710702213 0.3318399112772565 0 0.0049477546092271075
0.5135657066218778 0.18205670080302536 0 0.003406592459893315
0.3650711930361364 0.8060090588280392 0 0.004806816674689848
0.1582545392576756 0.15251732115443747 0 0.0016770615625617878
0.7180177262360407 0.7794129499234713 0 0.0008156769343853691
0.19300255049570256 0.01843113409328722 0 0.004887720023565493
0.3718277588656483 0.0896956035655012 0 0.004982872723359141
0.15365409230820856 0.009097134709083347 0 0.004665015583414064
0.36336945485004873 0.8861822073951451 0 0.0021500450793527745
0.2578907527666599 0.5183670077157313 0 0.004999281704069324
0.07044448697033866 0.21847379866253622 0 0.002419566894893087
0.32322730755404133 0.5531033057598147 0 0.003420055517281346
0.6305237019986232 0.9037944203586411 0 0.00429611154159604
0.010093258618358185 0.5137580064092926 0 0.004978890800855116
0.7911951838240184 0.4879190519044923 0 0.0028576233779270036
0.41134999650250587 0.307208720499109 0 0.0048031474219700455
0.8568555599821209 0.2547179102653557 0 0.004800873551195568
0.5700113443774596 0.16399346366025877 0 0.004077513127131194
0.2459377468386532 0.6666804879422613 0 0.004995378476427187
0.6595414232287068 0.37396212533194056 0 0.0049388476989250685
0.181345125632797 0.4491887035780559 0 0.004711771185880545
0.38455673187425404 0.33724766953861635 0 0.00452887578921079
0.059366384851910134 0.644341166829072 0 0.0049820050639741015
0.1157832653772861 0.8327225858152805 0 0.0028739421732304872
0.9752705026749837 0.6113887398412663 0 0.0029052253397916232
0.5362644840154343 0.22506505458951762 0 0.00468752628283293
0.08340818332098109 0.05896270454358675 0 0.004912245532413827
0.02042178876870259 0.31387421195715376 0 0.004461385623482238
0.80646129301851 0.8846424885783659 0 0.0024767266777779027
0.14589944159741272 0.66299655257448 0 0.004957767162210229
0.7218484386034244 0.10562672071465982 0 0.004224561550629589
0.40718537505685887 0.8631963227380142 0 0.004791590543777917
0.9406262456906327 0.08332075084135025 0 0.004999254576181148
0.5907964701262364 0.5217960799054284 0 0.0049317604291693
0.8441721983245166 0.6446482669790902 0 0.004966029057990521
0.4767206272920376 0.1707063879293149 0 0.0045218368788955045
0.4379722462174373 0.4028833998678896 0 0.004998473847762963
0.4452615086558915 0.5697650947582239 0 0.0036305169227089855
0.23303966400713502 0.7270739357153247 0 0.0047879095989013165
0.18926010567873872 0.953672966853097 0 0.00448661236933998
0.365817508574556 0.20860654660579767 0 0.004487856376210736
0.9179447979096444 0.6447523501577007 0 0.002011509283075049
0.8124204676709689 0.1584719876294894 0 0.004999791850773202
0.9095702246884978 0.6981156472525875 0 0.003218142138053388
0.039655135422076535 0.2545787056171967 0 0.004655682002491503
0.09812677128813461 0.977941296731983 0 0.0049002003890899004
0.4557614934220319 0.5902479604249156 0 0.004991233133193599
0.4769591944821043 0.9258739711719532 0 0.001321808497974688
0.637211051718951 0.2562121914900139 0 0.001754399624759339
0.11427915781464669 0.332883408144581 0 0.002227026973706635
0.3637233633988212 0.9599179173171795 0 0.00497093789770371
0.7484316188919595 0.07813894774759599 0 0.004039621542689466
0.4223666063380556 0.13461775684592456 0 0.004998151616445876
0.3905315324300295 0.23428646707195086 0 0.004859347064041806
0.5555725023465502 0.7951081595048031 0 0.004981882162255233
0.0715937465654246 0.16596836425549208 0 0.0014842707158974735
0.9456054878378081 0.4705185634317804 0 0.0045382444518375555
0.6738052991168193 0.04755582791191092 0 0.003017193129007717
0.6337495344501212 0.46000656068815066 0 0.0038508278542023653
0.05383586587737853 0.4928793447403879 0 0.002539184183971724
0.41570465906244064 0.18755287747264202 0 0.004988609171195929
0.0154521469061124 0.9909724645014979 0 0.0049892364086663804
0.8047624950126477 0.5214749609876226 0 0.0012293611091918884
0.738584344871327 0.10605673732858266 0 0.004599673806875405
0.7910494277666736 0.30236270533466 0 0.0042369163666381585
0.29722124227562935 0.47723322890857506 0 0.003658303860496626
0.9306221836218587 0.08449892852654826 0 0.004203093265522757
0.4288786538403541 0.8482375154514522 0 0.004919409890403052
0.1177229988158116 0.7648448092331009 0 0.004634003471527611
0.790378026305833 0.2923030087354704 0 0.004985306154592724
0.2896202098781406 0.7416461565313548 0 0.004428359189220956
0.20087523161273543 0.15740030423083226 0 0.0023420940590634927
0.43850123938878854 0.2285499090238284 0 0.0048243070687725076
0.8929825254169346 0.31203024327185974 0 0.004903578269435668
0.5930678920825168 0.9732202006972329 0 0.004992959357020006
0.09595994654463945 0.941153499258101 0 0.00459443627376253
0.6901218712898755 0.5443232311181225 0 0.004373985821355164
0.30905511464915053 0.15632979399648914 0 0.003186350588935969
0.1699018584065611 0.877880590518308 0 0.0044145837307611865
0.29229237413919823 0.800661989723577 0 0.004700593218673244
0.9507260052529963 0.9920127551980215 0 0.004869301465366869
0.4415126831735367 0.5830007475393659 0 0.0024046408469863357
0.8146969232638712 0.4226574918915144 0 0.004779278455233312
0.9406359372519144 0.9246555909669261 0 0.003948609004789711
0.23388624860340165 0.8617266379799203 0 0.004980312269182661
0.6037683466585708 0.42127365033151626 0 0.0024015509814471116
0.009978080172641561 0.5582271916780055 0 0.0016004975740399768
0.042227892155582744 0.446278754887748 0 0.0049430597740872766
0.9462635407413684 0.012046351296666861 0 0.004174037345033363
0.15668695766679394 0.20946350196143557 0 0.00492011590824279
0.40337804423199625 0.5121573756235696 0 0.002228179138177118
0.13013242230326347 0.07563799088153443 0 0.004983882670149923
0.0778871381944669 0.4756777044569647 0 0.004316808390369917
0.12034024738780934 0.1907990146526399 0 0.0042847228352739745
0.605930534707712 0.36539354352076175 0 0.00431459267760156
0.6171214414555384 0.49443426995971057 0 0.0018656278016454463
0.7368709017827416 0.5981957495569226 0 0.0048632887297205265
0.7154069402348969 0.7385236401579576 0 0.004775713321646005
0.5288967995808695 0.03811415376510251 0 0.0046925431803593294
0.9495470206756786 0.579439728820854 0 0.004993107023301601
0.6732090837209489 0.695523326544612 0 0.003992839149487425
0.7291580887641748 0.3112007765251131 0 0.004874588919132806
0.7736583831895049 0.4933082358915765 0 0.0013128614348317479
0.5125018284709656 0.7563736435068653 0 0.004993752361349992
0.4206274934181025 0.9883124267607277 0 0.0029775949182676877
0.3837267270462474 0.05390443730137294 0 0.004520965014807172
0.5034941754716097 0.07876492996349603 0 0.003165857602518935
0.22116782821499 0.6172758756335489 0 0.0049760150249871455
0.6906991808753448 0.8070664594797444 0 0.0028184320140350037
0.24769332735174163 0.7720029522531578 0 0.004697705421338632
0.4227110916683287 0.8070345704589559 0 0.004999211739117715
0.054226276389461855 0.08994997881947385 0 0.004998756652979619
0.8553098498159739 0.8872375552183468 0 0.003965231277682866
0.5353046259845723 0.08084049863220265 0 0.004877887963622299
0.4719528926927898 0.5177861170685814 0 0.004645314154612308
0.6654014365556133 0.7962730877726145 0 0.004809224438468065
0.7431324327535556 0.4682750364179788 0 0.004556110707887908
0.01847502729694938 0.44618587657672676 0 0.0023105440957623957
0.9653351504496241 0.9612323456100229 0 0.00379162410619858
0.10498957189306012 0.2959043235358007 0 0.004731070745666015
0.9553826377726866 0.32088238476189673 0 0.004956488503052788
0.05773996155858328 0.8737232689798328 0 0.004384591424250116
0.07424060798872299 0.2829225662862908 0 0.004981460183471329
0.2992555533425288 0.8577469575236525 0 0.0038358659506805997
0.7022306738581836 0.5108039503384488 0 0.0016025631292328779
0.5761867157201923 0.08932228854537892 0 0.004978415427631539
0.5057276118089403 0.910837098790232 0 0.004636151220465665
0.9355996048509866 0.3543294213701777 0 0.002172174739756807
0.7947123845548847 0.030746951040732433 0 0.0044904618944916685
0.33261860656045633 0.3537664931208801 0 0.0028613623996467407
0.3653821327553389 0.8249294150764719 0 0.003831239134643342
0.32845116657966494 0.9387386414323708 0 0.004985444200268378
0.8933138194340169 0.44377231621090213 0 0.004848180468921644
0.972266167439878 0.8764061842025141 0 0.0041559740794479
0.8122841218943336 0.4390155866467604 0 0.004982547883491685
0.5381500392454591 0.8485510658514506 0 0.004766077135499377
0.20802802811183904 0.23825459908191424 0 0.0026561515922840615
0.1892493717741943 0.7072283972311195 0 0.004815581513004849
0.8146022163097075 0.3782831780236659 0 0.0026899330522863678
0.22368347355017035 0.44206104862716505 0 0.004486014437907739
0.86894411512566 0.38245041617629966 0 0.004921025097745768
0.19355455683506748 0.3615459227379227 0 0.00499820092436573
0.5300718982419607 0.5906730975575868 0 0.003877142223775635
0.5002635207211592 0.979150655082527 0 0.0033273160416267926
0.29447991789873323 0.343786702501457 0 0.0049973082314803
0.34581251156881293 0.8397229750562428 0 0.0044039261819306865
0.2913093043912544 0.23082593671812843 0 0.004197107739843124
0.37017286438616653 0.22712086516779204 0 0.0018059670319025695
0.7574621559671544 0.3276315178105335 0 0.004924688846484731
0.07464834762227633 0.3117411606909393 0 0.004912338979813858
0.04567568507703067 0.01337952781705231 0 0.004999973319876005
0.5417553881543832 0.174255433368062 0 0.003866739552916563
0.11564109960874312 0.26486653801532084 0 0.004401352816669523
0.6673730525895831 0.12024571840691987 0 0.003882297257944201
0.671942022730601 0.602021414706512 0 0.0009956444642136577
0.3236091102986968 0.7839047120087467 0 0.0024249328044104105
0.8223046493245723 0.277306399575139 0 0.0045730118667228255
0.4572296836878699 0.29123287264099335 0 0.0049094085116898395
0.38917354533963217 0.7420510922405555 0 0.004821517449360355
0.35298242467062263 0.47335485494324464 0 0.0049110168809920465
