0.4838617433244424 0.9417232451664072 0 0.0033344057661291453
0.6307958737099988 0.03419421273570798 0 0.002153156276679144
0.8952089352772454 0.9476761377682417 0 0.003973775623563331
0.671176447663072 0.8815044713466301 0 0.004684429615108228
0.14228611735261018 0.520439950151974 0 0.004852832889438925
0.6548708209450084 0.5296193397185316 0 0.0046902236017956934
0.5548506719596755 0.4292467688958132 0 0.004618563947584237
0.7528949299622041 0.899635660577164 0 0.004862937792925842
0.2680541946416552 0.6556433745742407 0 0.004991521935270654
0.9226259268230427 0.11625818524036412 0 0.004616570535209528
0.7761803481603264 0.2633466261724407 0 0.004945736197142126
0.3295796082495393 0.07742784065891882 0 0.0035381280032669763
0.9383324009361018 0.485111459244491 0 0.004412600981306187
0.9222460286731965 0.4694869485016097 0 0.004833391249482756
0.21025248805112448 0.3907469451971059 0 0.004756529614313578
0.5671674058875416 0.04882217303149371 0 0.0034368141152363732
0.9507150512103181 0.7092104156692173 0 0.0017285069117727765
0.6481524153497806 0.3241478499033626 0 0.004210383101084059
0.6275071690645141 0.7901513348211453 0 0.004718451909599978
0.6307138114006938 0.010110043447683507 0 0.004121329303784912
0.5552495460769659 0.07331227155583307 0 0.004860941165620441
0.06501415493660155 0.036400134707834084 0 0.004327468770440455
0.7130817129471504 0.5225443848842035 0 0.004916828596551563
0.4658148643967109 0.2628725260138019 0 0.003817725801245438
0.3368805846175043 0.4620147780157475 0 0.004682514032078096
0.00033172065543884526 0.7514039878007865 0 0.0049091419537932906
0.7100344446032459 0.7644857900131469 0 0.003401163996709555
0.825965586019211 0.46816373804670947 0 0.0033810192809052148
0.8067848102918218 0.10956003865797113 0 0.003311117556985049
0.553368431667151 0.7210098407206171 0 0.00498792381722545
0.5092582010508315 0.1695914392021539 0 0.004693423650472149
0.7543179460747288 0.9841229571102269 0 0.0049641986605678656
0.9261905537546055 0.04000637833367214 0 0.004536298156583442
0.6759087871520859 0.048817713279467476 0 0.0048994425554990265
0.5130586944380686 0.0910368413413125 0 0.004965743818654143
0.9316458131962445 0.16952401681085313 0 0.004709846024401536
0.8798580893632555 0.9951926692288576 0 0.004804896787792044
0.7525009315570887 0.19276981327681772 0 0.004930375501068008
0.1577925304646813 0.5227975299414803 0 0.0032122275964721696
0.6207898537284889 0.21711693557313325 0 0.0033813647873768304
0.37433102649252453 0.8653636929868948 0 0.004674222348474991
0.5582467035500229 0.7328766680723847 0 0.004999891821720719
0.19006698493580262 0.5789177164329457 0 0.004793221464505329
0.40285760440103185 0.22398091828350805 0 0.002950982694004163
0.5666003173921295 0.24125664949234824 0 0.004569416623370778
0.6590315108720167 0.2176749057679301 0 0.004966447898186249
0.7975761455731328 0.09371070137621539 0 0.004823623024770831
0.9767410317562445 0.14071977598003846 0 0.003130422196945899
0.30404626179711575 0.623359970290072 0 0.004332839670410108
0.49015191848052525 0.6090094078456788 0 0.0033134327973531686
0.8488387878272657 0.24755366984862523 0 0.004972369800637132
0.6499092641007996 0.15241742546208478 0 0.0030676100479071376
0.34398981605455997 0.5643810652190077 0 0.00442480211178126
0.41247767222716675 0.10177531306409958 0 0.004688334933103852
0.9276543673700508 0.0971033874003021 0 0.0033647636591269477
0.5908929768597225 0.680810104875431 0 0.0023903182792310955
0.7840606179152141 0.9209124065339013 0 0.003371796204457336
0.6899840817634657 0.7793459047969944 0 0.004770581345209807
0.8706316851170456 0.2722034308048747 0 0.0022620263655520347
0.1013549460973626 0.6651488771196421 0 0.003186797631724599
0.5863237420073709 0.12253068147858436 0 0.004306241876051943
0.3954777268473258 0.9992371677326352 0 0.003323968571917275
0.7325967800598508 0.3488611847512076 0 0.004817338522084351
0.6150931108795543 0.03726421950350654 0 0.004996299448112371
0.3654990949979145 0.2971487039267517 0 0.004797930150259055
0.4738436568309112 0.2971350090444291 0 0.00499187472803208
0.3900171102522378 0.5522374765740813 0 0.004278166057846992
0.8968812547925339 0.26779123610916405 0 0.004602382774485235
0.5438332900951681 0.9763355080821313 0 0.003889140121416442
0.01563459560100943 0.7357990529547315 0 0.003177598305075672
0.3813396437086563 0.4487857008857485 0 0.004980135536767633
0.860694136154267 0.03933056815011336 0 0.004977062614059822
0.9566960112997143 0.500393452447531 0 0.0049522051337152154
0.5603477261076812 0.49259403116325234 0 0.0045823642539503055
0.13353077791265774 0.017769520022778866 0 0.004151418274422011
0.9586445236033054 0.22834468087012913 0 0.002475503845360921
0.8252599600810843 0.24692211567858421 0 0.004907005661355234
0.7340163349686185 0.5051117056518484 0 0.00495350714784684
0.4670687654399513 0.6388965058081233 0 0.004947848204121565
0.7292465838183422 0.35931023708450466 0 0.004722146817598163
0.5696360458624719 0.8182049447786188 0 0.004999994219650872
0.48727114578062597 0.02950486550312869 0 0.003977268301352187
0.39190413952855047 0.05364656447213055 0 0.004042786147145104
0.7704064511352894 0.7119632280929964 0 0.004991464876631199
0.09253604836171324 0.2690284635233264 0 0.004969751819349537
0.3401856229909575 0.6452567044788441 0 0.0049374476524525765
0.9878150767102899 0.5765355138904976 0 0.0035005223484600723
0.1737209247097586 0.1688172694542411 0 0.0049986772569418315
0.695044509078734 0.17534712622383894 0 0.004816790042009642
0.728116851036089 0.7134682055123224 0 0.004963686041766466
0.9712208267887653 0.5621113111378685 0 0.004108886044524819
0.8906746106469706 0.6090804429715793 0 0.00366655836637499
0.7780358575356533 0.07417674263600348 0 0.004830702567535009
0.3432610208188765 0.5082500437395363 0 0.004724556041580907
0.9528173697962878 0.12658423861480292 0 0.0027457322855178705
0.41180081675115837 0.11687298219235763 0 0.003385862415203175
0.7460959427110039 0.415115889437875 0 0.004908018541512579
0.33445570817082554 0.7739525793137925 0 0.002762368895188047
0.9750909027740878 0.5295837146043915 0 0.004350184351397892
0.3032031686360193 0.6732363689937372 0 0.0040768360380709495
0.5190653339307422 0.5642400295935036 0 0.004381916439364781
0.24192529121970704 0.2723268343475283 0 0.003756870884431687
0.694202643456091 0.2754859735525648 0 0.004234421882916348
0.11056314456087023 0.5182841816489544 0 0.004254295431867743
0.15456701333169962 0.004401073125758432 0 0.0026189583713949922
0.9049514890398827 0.6682410450745502 0 0.004931693428501614
0.056432066688474655 0.06930758986101791 0 0.003167040368763147
0.6231392947166593 0.3606349613832061 0 0.004401437848766741
0.3385503323325047 0.49762291220405813 0 0.0020725334659897087
0.7316780065890527 0.07308409291418515 0 0.0031649693953015147
0.447737429737683 0.6186153260113828 0 0.0029456511828925415
0.8970052743219137 0.28328735549430856 0 0.00499493400869073
0.9908720875634182 0.15856590673397394 0 0.004973224133480937
0.8030739511680589 0.9673993179938245 0 0.003099574699416833
0.281027114594582 0.9802787112188385 0 0.002826659018454462
0.1764578016075686 0.0988772380866365 0 0.00276336822283321
0.6394944253202351 0.6619256754728831 0 0.0049244431535141854
0.03350824361778702 0.5445447241830639 0 0.004001343352733518
0.6888118876492052 0.3143853883171464 0 0.003085239292840225
0.9222787444765351 0.41553213486912804 0 0.0032279110678686104
0.4754185057323806 0.5120247651430746 0 0.0031382859122193424
0.7470084915572773 0.4499047462431092 0 0.004643159528969758
0.6931048812370427 0.6775047797105915 0 0.004877864084722907
0.8486027392646215 0.7632238298864812 0 0.004599741524439891
0.0666719026033392 0.14379533307904832 0 0.0046841997191116504
0.5024290889586696 0.6187392373158667 0 0.0047446836302490495
0.5746263141985933 0.5611259261637045 0 0.004993119881888793
0.18977966665871712 0.22418988016212124 0 0.004993476286368145
0.47791637320221764 0.1947706679406986 0 0.0036630623417137423
0.6597107876392999 0.4528172803853367 0 0.004459318355290357
0.16033856868704607 0.19201052794301285 0 0.0024010125084076564
0.9226475493312183 0.43063630793499114 0 0.004980830386329553
0.19945384301103183 0.43754226258555035 0 0.003938999554060704
0.013545281225864951 0.7105603777287389 0 0.003238547503812437
0.4791343942286251 0.8036543074276576 0 0.00496913454963503
0.05027650720819897 0.4219184140885652 0 0.003454838494668633
0.30931922178936516 0.5715243583785827 0 0.004161586126268809
0.3345450892239435 0.10857976452781513 0 0.003654974682652533
0.4673902851998129 0.9879406562890457 0 0.004932317842468454
0.4784730835747795 0.6531227837938107 0 0.0040591698762936345
0.8833855533534702 0.034259423669166664 0 0.0015084843771496087
0.16400942128639348 0.28048513536846326 0 0.0029755087245135602
0.11306733806184043 0.3438763341540552 0 0.004708058798525262
0.8227008347721526 0.27373318497171145 0 0.004480632662182535
0.7832220055287473 0.5282384200188245 0 0.0016685783974595973
0.175691240086398 0.23969190616653344 0 0.002912119353475753
0.3752705334810233 0.36335823002633066 0 0.004621814307420959
0.25801008535346653 0.24356089253135446 0 0.004818611040028538
0.49947301054820376 0.05983147397582421 0 0.0017543554302024067
0.8236086716965502 0.5559835098160537 0 0.004279379950451227
0.9330556767164478 0.879864965672183 0 0.00035977785764317315
0.05473537741456956 0.9585687604412478 0 0.004194196919633138
0.11546496122940562 0.4260028466638807 0 0.0024415832073584427
0.2036532950387064 0.3673681359404635 0 0.004871208932112821
0.7720373196954655 0.850446591968561 0 0.004973863488918551
0.949170888595064 0.26415291484389597 0 0.001602418127943222
0.8879055471612332 0.1262766271913964 0 0.004989322099228876
0.8058113644644112 0.8198961438519703 0 0.001970978734175641
0.5520124511635434 0.8195698862933737 0 0.0038383407701109086
0.24337360801792748 0.9957779208072128 0 0.0049999850951484
0.25498627660227685 0.3574767378806853 0 0.004642156352120167
0.13776771033532262 0.696545378297286 0 0.0020803982979261154
0.74320792695768 0.8041349785562522 0 0.003779718716862064
0.9404326823293242 0.27276237656857055 0 0.0034224744679251474
0.3110485977352389 0.20503355147196498 0 0.004419122834448057
0.6651762570849603 0.12090998389712891 0 0.003542952772830093
0.2294825127129779 0.15174494866988805 0 0.004592866473330206
0.8652316608891196 0.8116508689315581 0 0.003844918080077797
0.43362077185548725 0.4478625950760768 0 0.004747279472847671
0.47782926364839257 0.6194128492712874 0 0.002976046212804838
0.25602226213201945 0.2581347328672278 0 0.004355287057324583
0.06918332862224029 0.9194763285895934 0 0.0034934816588095665
0.7613639466503943 0.005582648236038263 0 0.004769059450174951
0.6594791600167996 0.07860500237500088 0 0.001033626617417705
0.14178697212835187 0.9195260235316268 0 0.003851151944671286
0.10955649829977741 0.9609782225670181 0 0.004999129803201303
0.8827891392439531 0.054913210631494666 0 0.003779849332402853
0.3160702893629515 0.41147237000309683 0 0.004467283129410031
0.6876327256271214 0.720673726304384 0 0.0021672323044556073
0.9675791822581041 0.10641303863658978 0 0.004923308610275418
0.3961351324071936 0.36685938767057397 0 0.004707587448399084
0.1459016620232236 0.48481946515344826 0 0.004961807566457013
0.7399399408922098 0.7617077399468882 0 0.0028571977311651156
0.4215407726895842 0.8975286505978387 0 0.004984965633025424
0.85110789121097 0.632117475234061 0 0.0040287607020965364
0.9737084503658646 0.1799933133206245 0 0.003726466550949457
0.9959782446987445 0.18196101672477236 0 0.004478329657157259
0.5568355718469445 0.22423271425009214 0 0.0027259781273122406
0.03659305673239786 0.6048200287948801 0 0.0042557590021944335
0.5807869724512998 0.9868667373672513 0 0.0033448273854012464
0.21552979428650018 0.18890013980006656 0 0.0024540609928939364
0.9899542897697814 0.3710340498260188 0 0.004785432274406661
0.6303012332846806 0.8256337693431859 0 0.0018095651998328737
0.3289998447942523 0.19980006534536107 0 0.004422699257900052
0.42340568136696183 0.4768819839283616 0 0.0044048948331292335
0.0685051141752646 0.4774855824943555 0 0.004356058306557425
0.8485799199032378 0.7971727134470874 0 0.003977689125265031
0.2016649252200526 0.5684558924621468 0 0.004316191805855234
0.5496367491518702 0.18684091318595628 0 0.0030180091967510507
0.6865975016230818 0.1126924260139197 0 0.0035559056345812294
0.43723704404583635 0.12744787640291508 0 0.003921370767373084
0.6130606163041343 0.19901201309495672 0 0.004793272459308907
0.16603491552989766 0.6149057683372955 0 0.004993869369332396
0.2147262405167971 0.04252937817088075 0 0.0028385371108340016
0.02546966183155585 0.1558029753965907 0 0.0035133648598340106
0.5960584275571644 0.32417615293924734 0 0.003975703804432195
0.19854158236523897 0.7159881318947625 0 0.004686326699527446
0.5346122610531698 0.5666738560344271 0 0.002955717328777217
0.6267299078433288 0.8130876020624144 0 0.004076566288058437
0.17413523520587834 0.8968317821207271 0 0.002284841655859726
0.3055576000067651 0.7774702824952967 0 0.0049830639111692445
0.07931528466172265 0.05862287692194233 0 0.004979353850230561
0.7156971720350678 0.23292717496507184 0 0.004630032435136706
0.620018353802959 0.3776875381460357 0 0.004987743922255384
0.2899225833136853 0.2971483437310493 0 0.003180000442084431
0.01996183677982121 0.3913279925849849 0 0.004066235747539969
0.4403498729810608 0.3456665350643439 0 0.0028891046897223695
0.47109586154317823 0.4915518038676137 0 0.004591383566465338
0.42288466617761905 0.45448150584719865 0 0.004995502401562838
0.04367135817624489 0.8012366020163394 0 0.0013571365367595239
0.8815219443304373 0.7796648118734048 0 0.004309160633920689
0.8764207436911171 0.2388212022303466 0 0.001388633788348808
0.2557835442782049 0.4966274245768791 0 0.00468714420149368
0.5980383098091226 0.6667222294636874 0 0.003751714297408001
0.9356963692795557 0.22826451447366644 0 0.004065290297479703
0.7279293710045751 0.5634812961087798 0 0.003557320864160336
0.7646393099909656 0.0949257345504053 0 0.002566944193548499
0.45699030998256024 0.21973470864735842 0 0.0030807324192501442
0.1815599611561017 0.01762469569414326 0 0.0048323136588468004
0.014807565029854135 0.5092476370925954 0 0.004863313712704332
0.933604824092278 0.37347397071799354 0 0.004998697022956615
0.2970570008088223 0.790448021254034 0 0.004595777542296172
0.31988549479856104 0.4734326442804668 0 0.0019176821175738675
0.9250148001208112 0.32228076454491456 0 0.0034482720576562184
0.5627174803691707 0.9771972663272208 0 0.004856570118042551
0.544005717456276 0.9598735486097149 0 0.0037509695044264336
0.43893383477984765 0.8596421595013449 0 0.004492711258928331
0.5731571233734255 0.7486574168630625 0 0.004947426852432841
0.9581317611296322 0.5968783971904338 0 0.004831057829178172
0.46665807114133767 0.2446759599418021 0 0.0035684402604491956
0.1626651895399078 0.8697562248919831 0 0.004819996792792471
0.23968685582487578 0.04581917832292813 0 0.004973271386718875
0.31550972122862736 0.7547914149933161 0 0.0046646660679953
0.5476642122756782 0.21960873917887622 0 0.0037282690336823297
0.4652824571758906 0.5129032198021303 0 0.004980429083353718
0.12923821144125588 0.4693728411919154 0 0.004959035385630803
0.7151734888752932 0.7990425203446249 0 0.0038643980301969762
0.8205253469317214 0.7161444869482453 0 0.00497848194235935
0.46030013296757183 0.4438854150645469 0 0.0036270218462136575
0.8621444475652942 0.6198650845746548 0 0.003538248251136076
0.030689104894490386 0.7838151833654557 0 0.002503683689473089
0.4899497581607097 0.5970990764907963 0 0.0039003318786831214
0.8490939700273441 0.8505925950157563 0 0.0013012865386064672
0.6812184227097706 0.4239746230833979 0 0.004972146208079839
0.1650690601209693 0.31095176704558897 0 0.0020324361822501753
0.47916490402473283 0.8345464998468706 0 0.004992930560693367
0.8046355262792708 0.4541412796809818 0 0.0049766639193696135
0.3503855584595494 0.5451837245959444 0 0.002845814358807082
0.2702983003115023 0.13056886899423123 0 0.004887539884068654
0.880447339697697 0.7484518101639045 0 0.004576131490192502
0.5904792189871222 0.7858022016776304 0 0.004457134765989425
0.1754010731231179 0.7328247981842961 0 0.0038915316438590643
0.2058275545911413 0.3148265368119129 0 0.004797983076973392
0.6301898800160779 0.09293659915133777 0 0.0047951197642412974
0.3423527907162202 0.8922998638694919 0 0.0038515510644774264
0.6750868982462535 0.6719094597800547 0 0.004994887276156971
0.8150454669749287 0.7597459814013635 0 0.0011602713691132632
0.8523280700126175 0.532606789691322 0 0.004790508239108746
0.07384128606807548 0.013387585085306679 0 0.0037966165898373526
0.6884263207954003 0.7601040316902035 0 0.004132886792591667
0.7694178824251943 0.05254383607156719 0 0.004534598031537175
0.10372099479730844 0.8374532621821688 0 0.0015796871781919338
0.2600097232528816 0.8238172795326331 0 0.0044451383821349725
0.10194616063232696 0.04977254449221878 0 0.0045223370060456175
0.4069204448213361 0.47677094231582745 0 0.0027516994435951713
0.45345794105071063 0.28607327540909805 0 0.001519268799357432
0.5585797098379084 0.3295351284333073 0 0.004585972530463842
0.30613231338870067 0.36409244066983365 0 0.0049015346243719785
0.8720159995848616 0.4376130679493249 0 0.004993713670765226
0.6059852801944696 0.4129392239455106 0 0.004483511683443008
0.43164460266903754 0.18342174900737926 0 0.00497290650515536
0.7175384205289187 0.14811699212693183 0 0.004727489750857876
0.7328325121563798 0.9267603292153401 0 0.003639393080153809
0.8634842070289798 0.062160338659911094 0 0.004903509979542392
0.012385713719982643 0.9784714878104597 0 0.0047067788029744855
0.3184649222097424 0.9890397472853496 0 0.004999963613439425
0.6402804747880123 0.5190557229352077 0 0.004023172039832194
0.0406659124169587 0.9944996064614541 0 0.0049888464221300955
0.6195340495646026 0.0861413654246621 0 0.0036169609278824057
0.25007843097885935 0.026432526354622114 0 0.0040455296855543285
0.2135818308005881 0.3070207706608455 0 0.004895715963220899
0.5534469763876761 0.45594772127355104 0 0.004972037747102225
0.3543145342613208 0.3152597477313193 0 0.0048580910745877745
0.5244794782277149 0.8511573197463582 0 0.0030385119196019044
0.8300023738196189 0.4544919081571543 0 0.004062387606827075
0.49867817501183237 0.09545117275262681 0 0.004810699222915873
0.2249756261576835 0.8617649879713172 0 0.004878439909344832
0.4891142111761499 0.9914931482278088 0 0.0038274449161307613
0.1845875216456527 0.7604459160920005 0 0.0016949826332030005
0.5797295994867235 0.8792780632781708 0 0.0049299339971291215
0.5727113454846559 0.17984963178109922 0 0.004978530079874309
0.2791417045838471 0.7063643247730185 0 0.002548530830127868
0.6289158235483613 0.5679036847120599 0 0.004995878777817456
0.49955192986431635 0.4678491281856761 0 0.002465338046751151
0.37752238922599407 0.9974654599360953 0 0.0035917180594146124
0.6913814678085035 0.21152331383483444 0 0.002942444920727896
0.9009778795034143 0.04632696525841028 0 0.004959657673040925
0.8207397745643333 0.3853717681905217 0 0.003718352732611457
0.32099565583833195 0.8905566103019961 0 0.0008437480057662657
0.9637282559444568 0.954130210167511 0 0.004674854881978441
0.07672996524039587 0.7108270373132571 0 0.0038784300328468316
0.22139726358136022 0.5127430740673008 0 0.004207102872713208
0.9055161146989258 0.6998900420789194 0 0.004676677587375991
0.21302510676040917 0.47502575647386863 0 0.004661500052507576
0.5711576037269449 0.7083120546856262 0 0.003177602969738749
0.823483840926165 0.3207329335971118 0 0.004987761642855077
0.9426819724921629 0.29662173232293604 0 0.004945641626218276
0.5331941002744595 0.8083592564847016 0 0.0036563423505732583
0.40658167933354833 0.5918272933991844 0 0.004886339882737515
0.7881329070684127 0.3796467953148574 0 0.003086215819487387
0.4408939271508478 0.5607998539853886 0 0.004997476668421061
0.4651143101703938 0.013165063243222856 0 0.0028573020946286863
0.8126236223397154 0.07836103659783132 0 0.004362014702017383
0.07823158933227668 0.558071869950399 0 0.004855735931353001
0.9266649089749467 0.9297311422581354 0 0.0046061930263461255
0.11337123339233555 0.6329149163092539 0 0.003439029939561524
0.10318913351580249 0.3504419228093207 0 0.004902796112168617
0.8630179449870377 0.13939769981437608 0 0.00468417633574902
0.7705193829408306 0.4805187433189077 0 0.004904153675043483
0.41717969561773666 0.5910623233442954 0 0.004748733208885383
0.8570261065713034 0.6097719142094006 0 0.00498552890668122
0.5944350121151001 0.5219273615841268 0 0.0049170503678041474
0.25880660294579 0.6583718864322126 0 0.0026659317525517447
0.2751946057452806 0.032708884890063614 0 0.004001700287124013
0.8959125519016485 0.2108213721591243 0 0.004908604094915584
0.14900049618121944 0.9400812735767736 0 0.003238397561430018
0.3076723495540436 0.29741053488447283 0 0.0015711315012486742
0.7071726079969334 0.9601670091975999 0 0.0032640122312627357
0.5988504666941448 0.8737130912191529 0 0.00499474256090115
0.5466375687872308 0.6874745630384216 0 0.003216438620639861
0.14243055131038337 0.8854715274237787 0 0.004120500034424812
0.18558763468128012 0.5065454877978024 0 0.004841932345430038
0.08988437292889194 0.4843325997019126 0 0.004918958906760427
0.16309519682592852 0.012141682284393933 0 0.004922783649816567
0.18492260393631563 0.2645846063619884 0 0.0032666022338678716
0.2813181175766622 0.060300258256305236 0 0.0026290060325988777
0.10426062358007125 0.7399068904467306 0 0.002896441769744568
0.4673230501973327 0.08390299000105127 0 0.0038195623208616106
0.9563771923969536 0.866860278084428 0 0.004817533917713515
0.8044498832848784 0.0171873604052245 0 0.001403818804988477
0.8834606868451947 0.5865829174085734 0 0.004726537363734848
0.8928765320524624 0.7775433353756834 0 0.004432701266440929
0.2444601685344334 0.05567661865867134 0 0.002161569624698607
0.3407170263589448 0.21678127410119039 0 0.0037800466356715727
0.81335761612223 0.8770859503774029 0 0.0015507389051792697
0.8292224628516807 0.9958990373275006 0 0.004980593851222133
0.5123216140838864 0.251342929665159 0 0.004972511354524405
0.025468481491473287 0.44290904416087024 0 0.004648560431234125
0.2554679801993726 0.7013775049629418 0 0.004996931232927305
0.3110668378453931 0.8058864971367882 0 0.003418921080480348
0.4268468162879519 0.8316564389090958 0 0.0019588245878477115
0.36348271594467224 0.625334950103861 0 0.003236674385849712
0.14436905739086323 0.22308766487508067 0 0.004940569761024867
0.8627552683453653 0.20981912443294767 0 0.002279460439832907
0.30974927618336173 0.02284898357466624 0 0.003829921474106948
0.6804757979098549 0.5832862302740236 0 0.004191271928331486
0.46388581652197064 0.9626000185750451 0 0.004996616355887978
0.4336635634272003 0.5962153561179173 0 0.004661732945500362
0.9793691681595732 0.005595221047508642 0 0.003192886705153934
0.2922140963013499 0.26636485330046283 0 0.0037989096493005457
0.7781226764354369 0.2975412682737268 0 0.0021163171898131252
0.28487282545143006 0.6164577947421873 0 0.004969654576458746
0.542816049805476 0.9406731876774631 0 0.004893625935258974
0.6250070631897725 0.5869015895625197 0 0.004941428439255672
0.9628098213840285 0.5258785226748642 0 0.004644265012968324
0.8110098922550353 0.491843997321804 0 0.004136807382138051
0.19010027484159994 0.24382105505957227 0 0.004998963272836044
0.8871799343786152 0.6320630521332623 0 0.004712800504750836
0.8001232226526717 0.5440232999105884 0 0.0040943677188272605
0.5376753450318856 0.17986676862747294 0 0.004647748726333639
0.5171749160849599 0.1910025943135146 0 0.0033329961128722913
0.1773901227429062 0.4544800520270133 0 0.004843736661828803
0.546541065853419 0.11121590685020931 0 0.003368074564073269
0.007241266385558215 0.6030210372921018 0 0.0032980932161130964
0.7524039899372624 0.37919224133861623 0 0.003991304604943743
0.6157797652295818 0.3337990227258167 0 0.000695293095291848
0.9285271788744074 0.9945500859227069 0 0.004963411326822305
0.7456930780641668 0.5954041537938307 0 0.004040600480864809
0.6294546070723376 0.6416612992645492 0 0.004716386362186488
0.22645586582594843 0.9258813256854502 0 0.004764714680010676
0.21277369091137352 0.9024742319432847 0 0.0033798182817436676
0.9971406458061379 0.8271958285697528 0 0.004289308088161086
0.20143799494701795 0.22755060351048848 0 0.004354286640178861
0.5141100105733012 0.881796077755917 0 0.004988901169747606
0.7022253836947621 0.3648905788756219 0 0.0045890969360624
0.23875470730741974 0.9706707409804222 0 0.004977769838044511
0.23466130307513597 0.9021743516377301 0 0.0010895427212155623
0.013580035431059116 0.1415852844382349 0 0.004963966139018329
0.6686926063034019 0.23527202654616894 0 0.0017632164526827593
0.6690988025999309 0.6808692789701764 0 0.004698120211408119
0.01223090426500694 0.28677826598298045 0 0.0032786684912008506
0.023143037867117015 0.5768835104181609 0 0.004893555536318066
0.9317522510560873 0.4611450705296864 0 0.004983823933074271
0.004231148335731788 0.7653335646539953 0 0.0020240089175601037
0.5141104570024686 0.49456886684435214 0 0.0049859702887853205
0.26481934373294497 0.010987372309751213 0 0.004657415225851745
0.5299941105502308 0.05262057414303388 0 0.00497185859689698
0.9211827913582968 0.22142884792019255 0 0.004666723321586696
0.2113591961390596 0.1955468223178319 0 0.004299421822844889
0.1103916338035965 0.378075242297816 0 0.004125244881404408
0.6610598052788743 0.19673128321962316 0 0.0045877501647463
0.785210292693148 0.870811362230206 0 0.004003653359420412
0.2538280769659284 0.48428401274043026 0 0.003692179295506457
0.2185945813302421 0.20274315304736187 0 0.004286980635486748
0.7232507621021005 0.07719147427711635 0 0.0026978627441088623
0.45392407214616254 0.7586971769108692 0 0.002070385630658956
0.7966588393700887 0.2956617106715029 0 0.002421534819448384
0.7338555932284239 0.3191875528140799 0 0.0002721813337606748
0.6500676278037611 0.11206426939199397 0 0.004983168356544155
0.3849115513306404 0.07222681472538083 0 0.004007025507690378
0.2682522018897375 0.6362091945800298 0 0.0038034628340899235
0.9895196834333498 0.8191369929813374 0 0.003458039906971409
0.9685776632507177 0.16532464520894982 0 0.004060009078603523
0.796598900863396 0.1301571929972419 0 0.0045905478304628005
0.136237244647292 0.8180246008872526 0 0.002043469741237865
0.08164767692897233 0.7019312469531438 0 0.0031945498040487448
0.4031345474122257 0.045558963383492065 0 0.004267785124182841
0.7266250809841726 0.8595287071124442 0 0.003975818099849188
0.4707453569110818 0.9157098962655201 0 0.004941369931829714
0.772123961555249 0.6504347693893959 0 0.003581564070735906
0.9370805621558898 0.5265069350344262 0 0.0021880605830049407
0.708094646795849 0.09413467943991992 0 0.0049458474759385435
0.06899063880325106 0.25789350554738416 0 0.004143734151495738
0.510262639994694 0.1488077855160865 0 0.004619832649800888
0.6143692604622961 0.8605489035047869 0 0.0038191752201760425
0.5624730037448081 0.7481565209610438 0 0.003905082681274345
0.11554128836988341 0.03775599157768471 0 0.004667325050222749
0.07438735038078491 0.8208918226609525 0 0.004385414412673767
0.45599001310713866 0.31080078943008765 0 0.004749604315267988
0.3476361460519228 0.8386739226386651 0 0.0048529511641008
0.2529150560174667 0.3145456151629818 0 0.0013190833268564499
0.060825478039921874 0.7658382019888215 0 0.004849164281365008
0.5953446145010228 0.6158708733395545 0 0.0031423891652875547
0.7382150871631858 0.030315458649260545 0 0.003410050267838336
0.27911133747196887 0.8597029477682424 0 0.0025702857917111206
0.12904503511609752 0.16445064970414122 0 0.004720799366808764
0.06560240701633412 0.9353844333822803 0 0.0049999698015570325
0.8267643969109943 0.7740949570813103 0 0.003244791067438177
0.6765376346688299 0.32137909609728094 0 0.0032427139646472028
0.9627483782479492 0.6856727503601396 0 0.003340367269594508
0.8168647350132632 0.007959238566723086 0 0.0031350171445520803
