0.900914161862473 0.22983153776309392 0 0.0045063393888927685
0.7569021915388868 0.34917985190855044 0 0.004025554241187573
0.4546711280681291 0.9384218146716274 0 0.0031877410074447406
0.7175641239241323 0.6286256276847081 0 0.004499840594773561
0.8126562400805292 0.6568572554513457 0 0.001321144152456686
0.657134980879178 0.47247481786641415 0 0.004401432058959021
0.4542703264309525 0.5903262623457262 0 0.004777357140558109
0.6161764200203226 0.5881625987221083 0 0.004502007028025719
0.05373805680780007 0.25556813961099184 0 0.004986772485542492
0.11581191968824454 0.8856317181952437 0 0.00354396914038611
0.7144172522412717 0.8084914492710961 0 0.0047773131077445226
0.35371741538227214 0.6867156061916807 0 0.004493702591830627
0.6583468774977291 0.15100402986324643 0 0.004708288404957056
0.19490891075814185 0.28365340134599376 0 0.0038981899709540947
0.8630194123546544 0.3849581054030378 0 0.004800234623438274
0.19850661350667062 0.722572293514221 0 0.003344108502369328
0.996829258855192 0.444040322981276 0 0.0038028895571662
0.2709181649634032 0.584480291851916 0 0.003709166058811769
0.6596072786352014 0.021751472231341655 0 0.0029509673041159127
0.712759739333907 0.8401276262890075 0 0.0049571595432964955
0.12318461984299899 0.0028630017759584355 0 0.0027003819272777806
0.07401813942819356 0.4901310148558748 0 0.002130792783371023
0.25928904937764946 0.8308594679242896 0 0.004820661262009391
0.303126299375375 0.8018675623115405 0 0.0037048200090762724
0.4779124280461849 0.8575770648625933 0 0.0016794998542229188
0.8215819410618569 0.28562333355982855 0 0.001428086283838093
0.5413203024466051 0.4761263879604442 0 0.00289369550155215
0.9305708775400783 0.8835351624364641 0 0.0020848601883432815
0.9860024766076337 0.9534102205314966 0 0.004999711076790807
0.06826873432968027 0.7042433735391703 0 0.004977151098093599
0.9474425261511676 0.6911406061369979 0 0.0035158619750493424
0.24082402956089874 0.5115349092595899 0 0.003588863816390641
0.6715683332132486 0.3563638121332396 0 0.001493460880543303
0.5024453665726075 0.6397879605783154 0 0.004240544796605935
0.3165630478857591 0.16452350833266702 0 0.004578890531180978
0.872016416291922 0.5077107341584517 0 0.004515963234025407
0.6672478893781951 0.5139539014914485 0 0.004227200332829839
0.840878453075371 0.5102497818375488 0 0.0048788179341080025
0.22111375280868903 0.5610550745911497 0 0.004710884547156427
0.6844851570774158 0.9945008316892788 0 0.0035876817786002486
0.49427614785335666 0.12856391486058424 0 0.004429403159179807
0.7524157840064551 0.3815490665817078 0 0.004986512760362179
0.7819222637301527 0.49598182857056256 0 0.004986407191014082
0.8106449372098247 0.09313690063407075 0 0.004998665233343239
0.4664980035540363 0.29116270125416116 0 0.001998049451439635
0.946456455165909 0.9582105544859225 0 0.004459860844661839
0.358863428052764 0.08613899590761497 0 0.003934677912828772
0.40490295812675486 0.3348287171548206 0 0.0004749748067227517
0.9323196864865576 0.5929841272988335 0 0.004658298830885428
0.5276899370040821 0.033201021463692734 0 0.004896684941732869
0.7601267437493535 0.1551494406426531 0 0.0046432879183472674
0.5210993964737723 0.4091898624920521 0 0.0036116101849374
0.0390263873079114 0.7783489771997912 0 0.003483235482070634
0.6749814685156043 0.3339314549828453 0 0.004278286225888422
0.7525151799591928 0.221773576365171 0 0.004958092156191847
0.8577233711534944 0.9831094886410222 0 0.003292807530798146
0.13806541628949207 0.802276588389352 0 0.0029969165236397952
0.4229128084792744 0.9039593256550567 0 0.004446383300179852
0.5405113574333712 0.2583797350070695 0 0.004223880765915263
0.7425208512157383 0.37975616446812993 0 0.004855677883479823
0.7366661924330924 0.5974304504452892 0 0.004664763289615483
0.08142641653339443 0.5040961756047112 0 0.004880332704286555
0.2797195069951816 0.7987123047440096 0 0.004523889985209288
0.21693879981847483 0.01499426250951618 0 0.00327681060901074
0.4444907055072485 0.44887919692393735 0 0.00213979387403476
0.41708824814639783 0.8127639821086239 0 0.0008419597228194877
0.42870351940499823 0.2493700546202897 0 0.0047394968159752415
0.47802184257798835 0.11818772260516074 0 0.004579541406148946
0.0995463880214049 0.14661446980713252 0 0.004851532220347064
0.614685783520393 0.2548463592480595 0 0.004854885703422332
0.4686414081729611 0.6907099994854439 0 0.004401413372390209
0.13566771249118212 0.035349145223467535 0 0.00427963673780731
0.46776020478240904 0.671145285964381 0 0.0016516463072975259
0.9927234844289231 0.12512443669195225 0 0.004010793055698968
0.504081300633283 0.21504734809508239 0 0.004950086042844269
0.9212871588429423 0.47532775464198523 0 0.003669589521635306
0.23040555265976945 0.21873349787095794 0 0.004992341136257765
0.8181087922906604 0.41885118195308474 0 0.004968716372541092
0.8870662749222465 0.8091908360385894 0 0.004683858184410168
0.0828834236642154 0.5929502801341422 0 0.004232391553745362
0.7659415256146868 0.20980078938152788 0 0.004665782733269027
0.7310039702711971 0.5130408212577398 0 0.002259097545916389
0.23175843009294547 0.7634537650479566 0 0.004909948904790689
0.9354907817142402 0.7855586304981454 0 0.004879991479550714
0.18542782889593198 0.47877075164774746 0 0.0005537410899815907
0.3669522900838676 0.931315889739653 0 0.004659543445957636
0.48669695726657086 0.43666116178195086 0 0.00475556930352405
0.8316555755195819 0.8478716433200284 0 0.0049975756020304
0.38509874105276715 0.7936876752567091 0 0.0049547207475598605
0.882052227540928 0.8304888476388153 0 0.004996891848610775
0.7770455999725219 0.05798912458938808 0 0.00492316265743006
0.8256898827015124 0.39584400514773804 0 0.0049659593570553365
0.1924975941435376 0.049059112298554516 0 0.0049871444160916965
0.3086441860146261 0.2217171978749863 0 0.004185481364245373
0.5386753135870274 0.42933924710289234 0 0.0035060102490806146
0.17750770835564741 0.4289603744607125 0 0.0036100351896401115
0.7262263440394521 0.8822335463526294 0 0.004998873162478551
0.47964472993914137 0.8327363254038972 0 0.0044003793149132355
0.5704997932824303 0.9005389026828764 0 0.004032905225307779
0.4460547042889709 0.5742832863025285 0 0.004185106665360366
0.29732142594607086 0.8093928566480154 0 0.004122254846063725
0.6311975723542008 0.20109157535306996 0 0.004783833003241986
0.8102960989271627 0.7846954738359369 0 0.004921618038693248
0.9709370057299976 0.7414735498324561 0 0.004950438372357616
0.2742043842547612 0.19524960001356648 0 0.004829261077042385
0.8492967738083396 0.3563162088936373 0 0.0009476821108437722
0.6472426078541902 0.6655819511954993 0 0.0023002382924571423
0.3608221964350164 0.25801646148980245 0 0.004754965714553115
0.26486534207396434 0.5451359874725338 0 0.004884641507955821
0.9344043139002353 0.27106545675791055 0 0.004877210739054646
0.3698940731821146 0.6751528060752273 0 0.0019975175369109296
0.3626281518865779 0.48429584671626374 0 0.0018820981796733342
0.7842730438452319 0.46457290748104213 0 0.0019466955768448805
0.6636190951791631 0.8983057747181821 0 0.004342804273439217
0.44993089148707593 0.319497584976753 0 0.0017169553636764642
0.43193937899619544 0.6565343302647477 0 0.004999764390880791
0.10374562614564518 0.7929491209934527 0 0.0032895016807079447
0.04883424683553282 0.16677185510013312 0 0.004999938735737178
0.9876144980626581 0.7120769406160337 0 0.00473331128528714
0.88149439823429 0.284802018813827 0 0.004948128232745426
0.04771312064006582 0.8056458739218901 0 0.004420780562632021
0.898901974200551 0.497080368854448 0 0.004974157694375283
0.6363614931861669 0.9895553666356205 0 0.004568018462066567
0.8349317696108478 0.05168247735058372 0 0.004920170054385482
0.9594334713932431 0.1738172077400729 0 0.004625144940308781
0.021258729240800626 0.8460321183237959 0 0.004646199706772813
0.12637607829765038 0.39017158537521784 0 0.004997298854938492
0.59399185413187 0.8951650890886594 0 0.0018419013748934147
0.8219009439684944 0.2611891876187286 0 0.004743821560051206
0.9074384547470842 0.8145425574351159 0 0.004925568694320122
0.7127883839607924 0.14889793620200528 0 0.004639716204131395
0.08229559541774599 0.533403204995685 0 0.004999889518780704
0.07975029440371693 0.8848932224620183 0 0.004945348646015425
0.3334835780978134 0.1172729063257265 0 0.0049638339001377325
0.08489666158374264 0.021170570659778558 0 0.004634380181986657
0.28334204485222053 0.32022980042730104 0 0.004982642429999619
0.14741518175225196 0.9860282766240088 0 0.004385174356857364
0.25223491629955336 0.7025496646058752 0 0.003934550534699521
0.949772118353106 0.281024681727259 0 0.004636011900283597
0.48092214950026674 0.06576127327373536 0 0.0048576372983431945
0.12224100409726311 0.7402472189653525 0 0.004998571109060614
0.24897239914815025 0.9517599750787142 0 0.0042782634510109465
0.4696846805440013 0.2778480286110044 0 0.0034135581034198037
0.9837735786186765 0.6885653075187601 0 0.0043825206539575565
0.9727441729973324 0.8786682018164208 0 0.0048972065224684985
0.0354664342993327 0.6529266606982054 0 0.004999677346706641
0.4829504131761981 0.6958314275500871 0 0.0042564602699217274
0.9112494029271175 0.2383728097841382 0 0.0029215806006778885
0.5487513065110965 0.5359236615039984 0 0.00271076957613498
0.2638425486569684 0.8577666859112755 0 0.004999491112386391
0.13894874765556262 0.21367465433062635 0 0.004458315873452814
0.7519478723008575 0.26974127733352954 0 0.004983052683510084
0.38936365895634867 0.09737036478768867 0 0.004996967764646704
0.6811103446919077 0.7140231131860255 0 0.004890062462642773
0.2713974049438132 0.06149055407307956 0 0.0034223913736563115
0.3650541196660035 0.12249840451225878 0 0.00349455126131092
0.9875307751551028 0.3869258310808647 0 0.004860989466252291
0.26231538068265553 0.13553420024557702 0 0.003137316113583563
0.3208894129280269 0.5567817938385708 0 0.0042658368738098355
0.22092995235288324 0.48977843042210106 0 0.004024316065358577
0.03266639455985641 0.43136562697041375 0 0.002248887563843662
0.7362486476072683 0.9644427666157447 0 0.00499982476294342
0.14833234383549618 0.1471729070663684 0 0.004122446510433643
0.04768133746504176 0.024118657210413945 0 0.0021799025409811037
0.5177428821484074 0.01407591893296533 0 0.002957814473718353
0.11113790840866576 0.17472088215156154 0 0.004708424396363523
0.8790922172929638 0.790331837393138 0 0.0040145663774392324
0.09816325574438976 0.879758449635692 0 0.004847791304201336
0.3994679417369406 0.7229984969012009 0 0.0013888955689403844
0.8751407222961705 0.844309435943899 0 0.004657977591605084
0.8479751958077091 0.9197438140696631 0 0.004463786533814237
0.7305113975185817 0.7931072186600099 0 0.003057167529722169
0.35163549555257617 0.3076847065687602 0 0.0027600866345784954
0.6510096940121071 0.062181031453943145 0 0.004973247830787393
0.19597354999105596 0.5111159485219235 0 0.004974640037931989
0.12273483832771913 0.21953645347109005 0 0.004897650927635557
0.3938465268045482 0.32989296881143043 0 0.001347494375543963
0.8548479059028258 0.07568161233464664 0 0.0036261275889234376
0.1829647039846238 0.8844573008700269 0 0.004789310120696546
0.480263980769805 0.994420969453269 0 0.00491585380186203
0.21152824590403227 0.6187665449195975 0 0.0049562812606428535
0.5690067135919874 0.007981010979243523 0 0.0024609826928753487
0.9034264407151261 0.13631814046155208 0 0.0022387231563518015
0.7512875351492598 0.1384408708680199 0 0.004432616285592523
0.36184574708173173 0.8194086739712089 0 0.0049983884469168155
0.8324561479275666 0.20235469469907671 0 0.004296879546053613
0.684490939167519 0.8921976782667151 0 0.0028457785864464693
0.06336811121353945 0.976510233836848 0 0.0030248480191553792
0.5134276800820785 0.7756753809721457 0 0.0004065891288064793
0.08059582680956077 0.6204778381379746 0 0.004655402359588578
0.3815414047260643 0.7231487712960135 0 0.003738746895577139
0.7179290136745864 0.7914798985483463 0 0.0025596905374175127
0.7785329413352392 0.6412151237433187 0 0.004994642216470244
0.09164639472347101 0.0005602129495946251 0 0.0022434520681993467
0.43317451127745404 0.8362728852570057 0 0.001704225811446447
0.6037399857613879 0.19124115903711555 0 0.000995292144486296
0.9810417339053913 0.917640614759796 0 0.004928192250340364
0.35377497944553454 0.8011724003969679 0 0.0015686264279262995
0.30047207522642866 0.19572410810205207 0 0.004965277534870176
0.4261146950751287 0.1950487638608652 0 0.0030611823108952713
0.07493885409650224 0.948936602568185 0 0.004712013607186698
0.49796651645581497 0.17139872850271107 0 0.004776681517922743
0.60208656657052 0.9554888791084378 0 0.004442577048751092
0.9943232091465559 0.612043807333503 0 0.004982178420988558
0.7556633371244427 0.8072966351154034 0 0.0025885408218602793
0.4291571618675248 0.8542665577590666 0 0.004983909370840864
0.2750988362112771 0.35608903648896734 0 0.004979637628074992
0.05801253331271082 0.576351596785873 0 0.001675175106495832
0.24757441318352577 0.6191066933303926 0 0.004139404461439222
0.5454531449591851 0.8589739455722551 0 0.003740854520639815
0.3506383730645091 0.406413477137704 0 0.003691060157460919
0.9636477717322005 0.9487278988396848 0 0.004994195154660123
0.5359733282855434 0.4940733360129989 0 0.004992889747087608
0.8839422468902786 0.11202788292175435 0 0.00498992246850857
0.6572769802936026 0.38399883921971006 0 0.0019121478783312236
0.3871232646552643 0.22080778613143245 0 0.004220976116544172
0.6090848674875184 0.6946284351429538 0 0.004486951792942523
0.518208624161446 0.22722019104387556 0 0.0017624111779360758
0.6732317865253433 0.9893973597417053 0 0.004998905057904044
0.026607684007106107 0.22851370765760468 0 0.004671500151706144
0.8918585541630618 0.17994498534131573 0 0.004664562892852067
0.8671979544766982 0.1459994208695837 0 0.002023231786540194
0.3571479062752653 0.03892359752254225 0 0.004362554083792391
0.6096561756019131 0.42264938713016403 0 0.004699174426795632
0.8221611593071791 0.308990593288961 0 0.002335647149668757
0.1825710693740695 0.5220330860798403 0 0.0024400861549199395
0.7267188383637934 0.8119288042687548 0 0.004646707921638089
0.8165476017444606 0.8427069635054655 0 0.004147479001879027
0.3286915879973216 0.8140451239943164 0 0.004661528801872229
0.3144255213334148 0.8798534257077506 0 0.004855189348824845
0.17744391673452295 0.6865122094586963 0 0.004907774421842259
0.611360563498307 0.47299442700895505 0 0.00493098128051264
0.6406778753764959 0.6865690665663268 0 0.002243751080301485
0.839937388093013 0.12417043284219374 0 0.0023151217008032196
0.0916431502495808 0.1520554354964669 0 0.004121638791576915
0.5738153083332453 0.997668656557185 0 0.0028019322293848926
0.4696616184067965 0.3859080954235052 0 0.004982333250344648
0.08883281092341354 0.7653850316113613 0 0.002867472661010073
0.27104746750560355 0.5619033545927674 0 0.004359105808088307
0.4508996246516656 0.6770667997766815 0 0.0025356620602045373
0.046784042640986886 0.7867963747706382 0 0.004619589031665156
0.3114420197438356 0.8276690853533883 0 0.003947423469977789
0.11038090339419192 0.9956542750133982 0 0.004304169777339808
0.38704674858973437 0.7530406794005022 0 0.004761109443099907
0.351671327984829 0.6105355647234413 0 0.004985287272473122
0.09888713665204961 0.3471181013898235 0 0.00429370617160232
0.7165971367391145 0.7681722688218678 0 0.00402937435999168
0.6289437486903494 0.42990211565203457 0 0.004852435855077405
0.3362374346873522 0.35496959492223484 0 0.004397602867917954
0.27241393928974683 0.335725251677569 0 0.0046291629799012045
0.36297332504767227 0.7874901930157655 0 0.0044317671814046704
0.472329817089775 0.39607479054470013 0 0.0030322539065946075
0.38733838356718103 0.6119785782479787 0 0.004932889560424544
0.8026316488218681 0.4109142790547377 0 0.004341294553482954
0.17033854378965582 0.28422952440853816 0 0.0015028168179676297
0.8552950317110105 0.9625204104914794 0 0.004998557667007584
0.3464940588011149 0.11864155511451367 0 0.00451244699903687
0.6595623083442923 0.9644473944775805 0 0.002268591238870936
0.7930586510435338 0.847065479923881 0 0.0037001843369115733
0.891799076125731 0.6430189523417652 0 0.004654763386009201
0.00399061334993 0.06762991415760809 0 0.004998406745608621
0.9922954169469739 0.43360038333895395 0 0.004996204956306776
0.976378200094348 0.11539316976025248 0 0.00381736903828734
0.3426318477088129 0.5073619505806012 0 0.004812595037540201
0.9085103794871757 0.7528758921942272 0 0.004874579976901454
0.9513363557994653 0.24521339951080942 0 0.004410109989790902
0.7322205722320505 0.4686702003000435 0 0.004999159616157476
0.09057650938697202 0.5969378601257277 0 0.0022718879404375436
0.6585735803938405 0.7708871506424797 0 0.004889837471605108
0.3907958822891057 0.3634898005868418 0 0.004891770693051197
0.5417014516844365 0.17036520082490433 0 0.004321459197233745
0.02796105099192791 0.39918467817197095 0 0.00409091358918222
0.28279721715358314 0.5661309575101324 0 0.0010006063613773634
0.8101938743635668 0.9990107159938131 0 0.004853285529672793
0.583150885309222 0.507682402372979 0 0.0036100164266437713
0.3039157299704887 0.5707615158550223 0 0.004917321536503251
0.46080187876890283 0.5275514726605145 0 0.004787407827718239
0.7767131458485751 0.22957625334817153 0 0.004762533703191892
0.4992990135624224 0.5408375260516077 0 0.0047372821725901616
0.07788838996115742 0.21661553067879788 0 0.004429633526381458
0.4008522478902337 0.3592469226949691 0 0.002483506962724574
0.6228214345252145 0.13105614724477285 0 0.004977505361203964
0.052663433108346855 0.9374728777160765 0 0.004986858064679319
0.4058907935219522 0.10741710122282931 0 0.0032633915191820095
0.8786543394292792 0.035557598160993784 0 0.004466218561499637
0.29682739185329227 0.7676336887060276 0 0.004831080937906229
0.6854828778633502 0.14234578180719656 0 0.0006065631256452224
0.2753591381662805 0.9416509865019734 0 0.003496770581716242
0.20033478524457635 0.8685260992111646 0 0.003187912486253579
0.46304746217472265 0.3465979817881753 0 0.0033797779845214345
0.3690565284631289 0.17146578992251257 0 0.0038071786785009985
0.6720825880618654 0.44163013742635954 0 0.004777396129835879
0.016429637726188766 0.5657064528789302 0 0.003255154761259068
0.6242848348403521 0.9928713353871301 0 0.0022588877167783903
0.34451278825168846 0.36531107323084705 0 0.0024109641891348933
0.04049749578978999 0.5777502912740774 0 0.0030256427875946755
0.018531591767820592 0.7265810093990036 0 0.0038674542734148045
0.8605172951585718 0.1648542739763947 0 0.0039163577988904725
0.01088579049389226 0.8154375987488989 0 0.004383962088515472
0.9437788639522791 0.3412670753134353 0 0.0028895309770018375
0.9086576214881005 0.6889196361193808 0 0.0012681529471036215
0.8282538682264092 0.5414122688057176 0 0.0020183609118297045
0.9967873780719289 0.5535394577934437 0 0.000511392071619066
0.4236575020001195 0.9730617536296685 0 0.004982798154607053
0.3569290851077284 0.005365097146819093 0 0.002723270616156263
0.7097194663862001 0.7791181921928021 0 0.0030274948044408698
0.7777850682338973 0.69647457429972 0 0.004952346501749135
0.10686644987849313 0.037577005514211156 0 0.0045130626497563
0.8281048438546486 0.8091789330819458 0 0.0013443992183900676
0.8693709654975623 0.8805952646809035 0 0.004215027477060855
0.17380339492781136 0.796960430343833 0 0.004614948759234101
0.1544710469654421 0.08509391409905041 0 0.0049710173046636184
0.08292687757554716 0.05893674165390893 0 0.004921057964023563
0.6943147230313292 0.40788461431578543 0 0.004957337953929804
0.08996326743876258 0.7550370144880928 0 0.004878579079219613
0.9160771296910407 0.1642143952980469 0 0.004884933852604747
0.20366944792971106 0.8588360455105871 0 0.004888848221062281
0.33751440860379417 0.9830780279972123 0 0.004927826361795181
0.18327596706421453 0.018248420433139227 0 0.0024318255500151913
0.31169310907942 0.8974334064305141 0 0.0025079433074447
0.647988781329036 0.9086947657153183 0 0.00499962686152825
0.4198537566801364 0.8858435103303918 0 0.004881157085557579
0.12347569085226416 0.25301623024025105 0 0.004614468405422288
0.45714537962257346 0.8763318784340225 0 0.004875774489869219
0.035364021240867446 0.49616410305543407 0 0.0048778404068441335
0.3122966186893514 0.05346321839809652 0 0.004351175224813612
0.30250188471189815 0.48560268057136996 0 0.003534545953897445
0.4077048477753545 0.41031745096694844 0 0.0049566038207607375
0.6179450947703918 0.6809601186569973 0 0.004670738748368558
0.7774301315829343 0.13739881500166926 0 0.002846094011836643
0.156570505310713 0.6761226262442268 0 0.0022969649840640714
0.9994158247633274 0.8009292212456873 0 0.004731675609834419
0.32413928979995826 0.5463643321181539 0 0.004897311972227142
0.8775799106781359 0.12341355999721847 0 0.004762680682453402
0.7122402720276937 0.3942600685710918 0 0.004189896214013973
0.0946392283676739 0.7275805918515261 0 0.0038374613585262073
0.14078186509463506 0.23230389223796474 0 0.004973058384294741
0.22682648214532883 0.5353963043791626 0 0.004786516220419672
0.7771077590746388 0.5689451304330057 0 0.003151685816780807
0.9058427018769157 0.31486842597281967 0 0.004220509129712302
0.8165973185974397 0.5341843381870501 0 0.004790257081054937
0.6720696423643712 0.5875736895383192 0 0.0047613953336639765
0.2132064769840518 0.9335057939586193 0 0.0032752997173791766
0.8954042390516089 0.6801724396802842 0 0.004652467801583663
0.09364738071991106 0.06346949089821784 0 0.0014375164944830405
0.07512539314809373 0.18028895692648814 0 0.004247545359086747
0.49786740287201386 0.8804719228466901 0 0.003940794746730868
0.7824851250002172 0.903620728196155 0 0.000736585245952339
0.7049308628037537 0.9309936276202295 0 0.004041905847209653
0.7371673863091605 0.40125702733004526 0 0.002741230047486455
0.8498729033143368 0.6492479993710538 0 0.004829742629433126
0.01565220122435062 0.5755047663379197 0 0.004941909549977342
0.7847930135031886 0.9998858919671254 0 0.0017968992657579643
0.43643975920834494 0.8010585806000929 0 0.004207137068182242
0.5449966551012617 0.04007452893306927 0 0.0021643846672082545
0.21652855991767647 0.8312964005496046 0 0.0022204823136353076
0.6261033735170308 0.04316045716747939 0 0.004957897044851957
0.6309027828486202 0.7719539983541596 0 0.00383510198153016
0.5983456306452396 0.9689377413812397 0 0.003443425732986997
0.6797928683794041 0.5475055829794334 0 0.0020074471462744456
0.39514296666088994 0.7469511833426318 0 0.002908392821483913
0.9732461927805582 0.7208207255435374 0 0.0037124679398779837
0.9508365455113987 0.9329423773311173 0 0.0011822100705939022
0.7566213969739116 0.4923992075045652 0 0.004147632702340827
0.7347061523138155 0.7531214783900505 0 0.0038305554157740977
0.6365556191841973 0.8034709807292393 0 0.00447023113563667
0.5943227018598407 0.513126985852987 0 0.001037730123641505
0.5332022745691761 0.3813097239512175 0 0.0047163337804917455
0.5481870575401565 0.719353220345102 0 0.0006725537954160575
0.8578951855216672 0.0974588832516252 0 0.0048339828803143315
0.07184481358323579 0.16212868817193613 0 0.004931874500907525
0.22188565388857548 0.3462196395414033 0 0.0032942812987961302
0.6919746075516219 0.369625258772799 0 0.0030842127206368508
0.8350927643450075 0.6177040356398773 0 0.004594411473867443
0.25019635203947804 0.8115271968577351 0 0.0027946295254379938
0.9371343431018756 0.8192410898056366 0 0.0037175755331058814
0.14246324848732014 0.11008541729265085 0 0.002075742606403206
0.2719666549831073 0.9975896748211776 0 0.004501414735893245
0.3657540599928662 0.05633541424737608 0 0.00492011393968404
0.9298873721266036 0.39959871664962693 0 0.00309668108565458
0.39212724063441934 0.5318352123997315 0 0.0046780621672579
0.36154571109746186 0.41822232240419804 0 0.004013860169656359
0.4809045625246465 0.6277550684212373 0 0.003550568507355274
0.4981317338451405 0.6756270774007865 0 0.002694074138962746
0.7657458985361102 0.004524195258876479 0 0.00431863522578904
0.5401140309996132 0.41703842103666017 0 0.004480618925938734
0.6106700281850708 0.03054099631074258 0 0.002905936083429219
0.737555829686529 0.7048785850940253 0 0.004640489182427925
0.2888038958671853 0.8541075674323699 0 0.00446278071360371
0.8600665573233266 0.8468360433928884 0 0.004415613394024339
0.20712401946376965 0.13082130730900907 0 0.003650544733150299
0.5628936112959179 0.7462260649041749 0 0.0024158267102266148
0.578407059533536 0.18596382979988832 0 0.004779638690629141
0.38736709810372366 0.05566048273939826 0 0.0037458731250194746
0.6034731192256181 0.537228341206516 0 0.004995209233404442
0.46143190485213453 0.8063405926394687 0 0.004896247517580692
0.03862718281989895 0.3122929009984387 0 0.0032236135138067213
0.6700770710014136 0.20528534730373246 0 0.004940932797946419
0.6422810378507694 0.10619486119823084 0 0.004342226075013867
0.7699496896162297 0.7047427727258663 0 0.003478347803949804
0.4274931736903797 0.9292714964123638 0 0.002830477638998114
0.8839449440753229 0.9283450625697868 0 0.0044425289681133085
0.2981831830851684 0.5100389122312593 0 0.004466871232573456
0.5876889388412971 0.3995549507072373 0 0.004517003679840715
0.04700983955377301 0.9633322217264635 0 0.0049497507273749825
0.9857336666659567 0.4852967308515342 0 0.00044799939930940155
0.3401195891310362 0.810356626646342 0 0.004402137920184321
0.682885491762198 0.9828002092946316 0 0.004993572350757628
0.5821995122419489 0.5598785211803217 0 0.004041450919965435
0.4953874540379026 0.5905547861104492 0 0.0007863396630286183
0.9518557039090204 0.4913177424723652 0 0.004747550977540802
0.47414738440481924 0.7439015345945438 0 0.004987572090146943
0.7857941913736138 0.40502030950478657 0 0.0038040006395090326
0.09878971127795765 0.6250361491627259 0 0.0012328814861587458
0.9017518994307268 0.5673635792729216 0 0.002355630408622976
0.8826708610435462 0.40947729732112176 0 0.004881541700479035
0.0427634937146366 0.9466052301029395 0 0.00499998335606351
0.21580274255787754 0.5221624435611988 0 0.004680526150986342
0.3497965047652614 0.3511151438600451 0 0.004802298447373171
0.5468102596692289 0.5114538041539609 0 0.0042813415436043795
0.6605158188716744 0.5885038306555954 0 0.0031215488404509333
0.19484845973838202 0.06962932766192141 0 0.004981266867941446
0.21056264212956374 0.47290096885629634 0 0.003972762442664968
0.644743229452893 0.4042873092588413 0 0.0025048267640345547
0.4837275615088366 0.224062933763537 0 0.0014892632244113337
0.6606804472138497 0.6059733181146586 0 0.0029936889458679816
0.32837806636798667 0.7725320457158225 0 0.00320968625595458
0.7010185318660943 0.33358662441462456 0 0.003915373718270162
0.9100392563738341 0.19263567429152004 0 0.004063492398986524
0.0002171022602828155 0.3292309156967744 0 0.004930975719218517
0.6844803544108351 0.40957211505613905 0 0.004991112235543398
0.9564590307188788 0.8912960108987584 0 0.004513992844359731
0.936064769714025 0.9296221249775632 0 0.0049554715243760195
0.4723523011767868 0.00757296548801622 0 0.0031726297749412294
0.2267744709609931 0.7849916720330138 0 0.00499564667875596
0.4523311674022931 0.6683906480949219 0 0.0034890313914785927
0.05062017146653473 0.5692016097447433 0 0.004976456233593399
0.5242686431357704 0.8406796035853282 0 0.004552481352454642
0.020471850792620476 0.464853993969186 0 0.004971726595003545
0.6281104102011068 0.356360920661931 0 0.0038642556106846296
0.26839971007018576 0.29609479573737735 0 0.004211914449182757
0.0304471597617375 0.23869367033530828 0 0.0022386935058021644
0.14457337174729598 0.11951620768757841 0 0.0049699346232910556
0.9468912671544236 0.854539815383616 0 0.004978047157388334
0.14747731259865457 0.10536396532653723 0 0.0021294405559308728
0.2644940797701522 0.07498941881733599 0 0.0022887894690727154
0.4654013183553251 0.7754578377481639 0 0.004544349395546008
0.6943215804667446 0.8406942973437336 0 0.003240428506849513
0.8959106674169688 0.44131535717906717 0 0.00478792711454626
0.016366516216107956 0.8556449501946114 0 0.004072060249103171
0.6481484804713487 0.157987709114194 0 0.004879689574640025
0.17942300773202666 0.6459292543636411 0 0.002306809953339312
0.6037230458384133 0.04991988840971072 0 0.0023715434937429548
0.8305657735252551 0.471752991718327 0 0.0048789405064234
0.20841296295779818 0.759741780827231 0 0.004472359061196554
0.47041178843667913 0.35403667697266045 0 0.0015662466303522412
0.5055786635733188 0.8260977126472046 0 0.0044996587879979864
0.6625154412101091 0.39858614479101967 0 0.002371556437780753
0.336821027259886 0.4156658563658709 0 0.0046501109687643715
0.3789261801608665 0.08306676976396497 0 0.004954470939813474
