0.7055132269340278 0.7319589730332556 0 0.004234084483374888
0.9137768422492282 0.23722506292270404 0 0.0045503373415484005
0.5539516192440808 0.9685239944790128 0 0.0024403735464616767
0.7173040778848188 0.7749555999671642 0 0.004991898187981469
0.28985529906869506 0.5903745691382534 0 0.004871292363353797
0.7669579080335923 0.5135789722286813 0 0.004993197726485662
0.11402992513415987 0.19282834844339988 0 0.004896653428334975
0.7201063081299325 0.20914567294674222 0 0.002363347946609411
0.6184843851752673 0.6597342762606755 0 0.004912452903028474
0.0668004280891119 0.9458317215236272 0 0.0031048966177145278
0.45421794447018476 0.19420256172464387 0 0.0038506150897977456
0.41272074786881857 0.9303508400905016 0 0.0031100128001588126
0.3526105532351124 0.6738182745198502 0 0.0044767607612859655
0.5073475345696544 0.1744882939797616 0 0.0016670962205137714
0.3007963458130814 0.8631921120828581 0 0.003873486348625699
0.22308595513659488 0.39352623972025763 0 0.004714899854994762
0.6253155892558694 0.0954694938289291 0 0.004229686809463195
0.014195704645138078 0.5066095897033328 0 0.004616532689151795
0.5881267283558129 0.029357661343462065 0 0.0048962452055460225
0.3432554349066807 0.7661268535804805 0 0.0015177747693965475
0.4971738536711055 0.4252916126579876 0 0.0015922274423101263
0.07702294920125495 0.08074770881937486 0 0.0019129391204486782
0.8908609875464559 0.6959495624354388 0 0.004986679448358198
0.9636301269340113 0.9426504752151704 0 0.004795947823322151
0.7105544146576653 0.9881550997945221 0 0.004993617522356726
0.7478112250786142 0.6814915841846391 0 0.004580373697135334
0.9658446154382744 0.0015755913264056075 0 0.003955415023676679
0.528662337710333 0.8747756490526002 0 0.004879915348797372
0.20509876923570622 0.6420895702130867 0 0.0023322265999431405
0.763500189439176 0.24023111782101167 0 0.0048870512209023
0.17297356881191725 0.3092961035430059 0 0.004903667084329708
0.6771278044141372 0.11608373789604275 0 0.004125275540669541
0.02041709802064883 0.4280888243576117 0 0.0016683811849834901
0.3870241940052119 0.29084715977165826 0 0.004695559908278529
0.6727069652099203 0.4118084628464385 0 0.004347574280600396
0.3591731137919461 0.011319824133630634 0 0.002481021595518091
0.24188332511016206 0.14650786963480575 0 0.0048615304272695385
0.299710504598855 0.561406669285327 0 0.003466315099213752
0.6228040858037284 0.5606572063711652 0 0.004947666285348823
0.9971473990007415 0.4257844620865315 0 0.00384192569153973
0.7122841682996376 0.5506853795277623 0 0.004658397696856216
0.6387032910608199 0.3053412368270834 0 0.002772169075448529
0.3349839858251386 0.6441407311118316 0 0.004715876552660792
0.5782336912442921 0.549076562594338 0 0.004182479807906297
0.06956216711372941 0.742537725373531 0 0.004113415119311012
0.9597287829054703 0.5403802516420059 0 0.004616891201643164
0.7604814116611243 0.7433208431913197 0 0.004999994484393051
0.2327821730857916 0.03889966423343692 0 0.0028319396137327967
0.1615304194221667 0.9065699701329505 0 0.0041391438262606
0.8288129462995878 0.7099903293431806 0 0.0037019587997057695
0.7158114983034912 0.5296410416632648 0 0.004423914296802427
0.15769532907818515 0.42966505484649903 0 0.004472398741056094
0.18956103107830088 0.9680441998202618 0 0.004732587335935393
0.6044659495300277 0.8894851270917203 0 0.0049937417975674525
0.036869483550072676 0.6631936220429566 0 0.004945910121747016
0.8235449776650752 0.6064165012109058 0 0.004323042483847178
0.9618916331918781 0.03816785118250331 0 0.002405715316984728
0.4006116438096034 0.3645753646837396 0 0.004985875881477904
0.12706213930011087 0.38111064133076195 0 0.004890236987562332
0.6273294391057469 0.2071309037385076 0 0.0035266933576816573
0.2399158161045962 0.3291783642984079 0 0.0029041071437461313
0.3013575611303137 0.3195130707439316 0 0.00464712553744991
0.4494566506539594 0.4048814911432193 0 0.0036628333581633313
0.8349162280905528 0.7438692109342292 0 0.004965765444367464
0.9271940880033526 0.5429798570665023 0 0.004719870280161787
0.714833336196944 0.44383978764656135 0 0.0033331857342380157
0.30365674391021097 0.14774510821988304 0 0.003071486987456196
0.5843743586347696 0.9863934345859273 0 0.0048581927321058455
0.23712027600488014 0.10417946709159785 0 0.003171630708377162
0.14277056690191234 0.13285699155490968 0 0.004797830136149832
0.08946466098142879 0.2729906084971579 0 0.00433452386018264
0.4586192737841704 0.5032784389390319 0 0.004284768301056287
0.7445213368091312 0.18436281849050326 0 0.004685698282286454
0.3045046863716217 0.24585661958596902 0 0.004522600778658957
0.47108276970863755 0.1396535945080246 0 0.004582981421585816
0.5636566662439985 0.14370915867512965 0 0.0017164522758071625
0.3079115877950545 0.11495848321487455 0 0.003220531354060648
0.5787409058186499 0.76878679435965 0 0.00499936145828142
0.2645038163440537 0.7422127029936736 0 0.004747191149225724
0.8816190111059778 0.21076387625049206 0 0.0037694277446156787
0.3848393014035059 0.3639506710434142 0 0.003964786330349532
0.5153037213270386 0.2666577097136407 0 0.003779046638674368
0.7322334034218411 0.08618010009667652 0 0.0049346163189381564
0.8104303007702984 0.7527264612902055 0 0.0033802665169728628
0.980706849351547 0.5066247557605111 0 0.0013600515247460775
0.9590362790028931 0.9936135228426959 0 0.0043828533556973664
0.6172946482352747 0.29109144889028177 0 0.0035015941427821015
0.5368628025064166 0.7102109911955788 0 0.004413662505458573
0.8983115352002796 0.20714296293508813 0 0.004627514599763276
0.29219825626037105 0.43535001065354545 0 0.004278710033276768
0.9560952283219727 0.007883445692258732 0 0.004531704677121072
0.9277396453790165 0.06300843584788572 0 0.0031222301023923196
0.12215037505089764 0.8532213857120622 0 0.00415555035252512
0.5012730330292472 0.4029586167895664 0 0.0033067998614042817
0.21976210225402623 0.7495144255005881 0 0.004319987996076903
0.1362333985056988 0.5265769532146212 0 0.004995629936835195
0.43622621892358243 0.9416797266889034 0 0.004820075612999835
0.45683491532197146 0.09972516213311554 0 0.0036996438895598458
0.20249712267939943 0.8377718170246582 0 0.0025432337197729715
0.7490493868141764 0.2853772677671273 0 0.004757149149154868
0.7265066544218478 0.03354543334913816 0 0.0031049204969186613
0.6742872780055125 0.6327614833735 0 0.004192114424046048
0.9899571109053065 0.8855715850099396 0 0.004214728731281472
0.965739148840922 0.84777562102032 0 0.002830128982810277
0.922794609990868 0.19963972208763323 0 0.004652927533692668
0.34320867457492693 0.7195218269100506 0 0.004943496473327518
0.43034308275969174 0.7855481502441773 0 0.004522211530066957
0.9963190431928065 0.5379293347050511 0 0.0020506525281815137
0.5225356471866671 0.8950958093660379 0 0.0028924929506666027
0.6725935829997461 0.8664497598026183 0 0.004997619015660912
0.6660724139553391 0.7461348149249488 0 0.004966514138010683
0.06269752458484566 0.8406078618106821 0 0.004656954634650451
0.09381207490591568 0.13620110696258267 0 0.00491495579005323
0.8190301916922934 0.05233088662429529 0 0.0049121763066931915
0.6506131230313176 0.5071837239554283 0 0.004255479010091038
0.3024174377897397 0.6441180282307567 0 0.0031128300335006623
0.03494309234352454 0.53686268542923 0 0.0024254655087168867
0.10463298483189086 0.45792443765419827 0 0.0049321434939547555
0.818759227793387 0.6382616168742709 0 0.0034736628865475456
0.4780249376339955 0.6530547874001175 0 0.004952953017554539
0.396637012199986 0.23943779723867462 0 0.004618306789701051
0.4291791614401215 0.31649910244750906 0 0.004993580520152008
0.4050894537085587 0.08990996843853637 0 0.0014076669902061206
0.9238194916188175 0.1361321263742263 0 0.0036815991996051217
0.4963475862391982 0.6503482287870415 0 0.00494688043295829
0.3659062847034616 0.596461202722737 0 0.002234634102226261
0.5460493302268128 0.25758490628618186 0 0.002217382514152038
0.08551944377291608 0.34641393703063733 0 0.0034258949612218526
0.6805080161128391 0.5822479763930495 0 0.0038833067870351207
0.8971845268965164 0.0038765662249973195 0 0.002317597225247027
0.7241408485625237 0.8894393636454425 0 0.0038754737468093808
0.030357104542366835 0.5135288059372424 0 0.002527037667087193
0.22873584163754376 0.48033517531016917 0 0.002891474123411033
0.8650705707464155 0.40721195879534194 0 0.001041268566791959
0.5424598666691823 0.6414785427514368 0 0.004970890564596163
0.33496141848324096 0.2699763248333928 0 0.0043501745552095485
0.9568659833698203 0.5112735795333969 0 0.004951248160318302
0.04943751061812128 0.468966789237726 0 0.003780382915971827
0.5882065111673057 0.9037009339801815 0 0.0036700240907515066
0.7867223134884952 0.5505443197499563 0 0.0014363025568415624
0.33218398046926984 0.7780843138016617 0 0.0023968446230922466
0.6515552943553156 0.9217230452413356 0 0.004473332271010263
0.6200147612098657 0.5058129800593155 0 0.004486140306159997
0.9406564071579689 0.7126243772641864 0 0.0011408975534608788
0.843767998285512 0.22936024526382778 0 0.004943883909119074
0.9857033017088613 0.33279095413520626 0 0.004453077749539176
0.16824306520516472 0.33871261308870754 0 0.002977431647208517
0.13324709103420737 0.9185310674589665 0 0.004931180745864978
0.031301756416903234 0.6882358219012665 0 0.00461848803546813
0.6388556760248023 0.48540323410029623 0 0.004768189627872659
0.9211834037792039 0.9352257086492869 0 0.002411739668616671
0.8306457371152535 0.388382546122457 0 0.004810946651829784
0.17048903615215158 0.26968401271899706 0 0.004906580596757524
0.0021548058684874812 0.6559532219043227 0 0.003218409331066536
0.5661658689891134 0.7678934908573971 0 0.002152417098231926
0.7441598212524746 0.02229117669761093 0 0.003172987407266836
0.22990422421683007 0.19905524919205794 0 0.0010217244129195142
0.5164837117654063 0.6687243886708293 0 0.0041268744661824945
0.013254025367642634 0.7438715779365798 0 0.004807380801453619
0.3350191475229097 0.3499477197204323 0 0.0032583244195401365
0.443312696276892 0.6183851062623845 0 0.0043036983941844775
0.49931973210329844 0.0631148793348426 0 0.0007618397892325403
0.32009467155082555 0.9184926118974024 0 0.0025380565534289575
0.8808526022889526 0.34729243235278034 0 0.002513722052341338
0.1813188514135606 0.5288956842078815 0 0.003560474004049183
0.8836523024889067 0.5125258480531236 0 0.0018314786381740437
0.8211640697790903 0.27603183892940536 0 0.0038828411428148218
0.8608151414064598 0.609675216007076 0 0.0019821102907216915
0.5139972811372079 0.39839955219511064 0 0.0028148239589625575
0.4536896963006753 0.8998857923070529 0 0.004542211636129587
0.9169328186774346 0.8098085458082718 0 0.003450461668971764
0.2574806434450538 0.730378430130919 0 0.0025150070471483474
0.9106719928039384 0.42740000665809047 0 0.0029995363448445745
0.7940160532136902 0.0365497212426764 0 0.004877684046888199
0.8884088316370037 0.3254767776607907 0 0.002143103492997887
0.22165300447673816 0.5543487287466571 0 0.004980416720466267
0.1476050541671131 0.4737576182649775 0 0.004490448943055953
0.3416030478069418 0.7923353736918899 0 0.002670586490572301
0.9667732113331907 0.6085906449244066 0 0.0015969379797381102
0.9938783530139296 0.24253453268101896 0 0.004824232383007213
0.6606500057774445 0.6504333251228821 0 0.004473758130843871
0.9236319066705295 0.6000612648579198 0 0.002452120004996807
0.31301274033473186 0.17498808646688577 0 0.004997621849437695
0.3777618353789289 0.5592962141206961 0 0.0028897692670689064
0.20913093379243294 0.9692035435202707 0 0.004477904233260038
0.735637449845459 0.38805299461485127 0 0.004993443824311221
0.9339840119612679 0.15094542923853824 0 0.002370967978563968
0.3664738134111935 0.7818865003250307 0 0.004900952128539227
0.5488153636005322 0.6936641062728643 0 0.004884182769148361
0.8252991442123443 0.4910608762058127 0 0.00472997863970907
0.749777167178772 0.46551797585403126 0 0.004994943563716122
0.17726897219439738 0.17510474269402995 0 0.002928744383160873
0.3332164368505453 0.6687542436858114 0 0.003964581306238007
0.5308025800749882 0.8566487825386434 0 0.004690006479549447
0.27107336846981295 0.570090638473543 0 0.0026736378409228097
0.14074077735726417 0.19449765568628083 0 0.004838825537538672
0.38735105941857034 0.7899499266198114 0 0.004924075155855337
0.11593367009470733 0.9867397554302668 0 0.0048998415179970405
0.7582737941207912 0.70435502498241 0 0.004997218190337129
0.9348301313784991 0.5038172650140672 0 0.004512890329579705
0.18247438327837803 0.6872487923605198 0 0.0039950253399603465
0.5471111085044941 0.9918847407595214 0 0.004478776222815056
0.38377653099382264 0.8734860217372306 0 0.003963934725963592
0.30325831690720445 0.38917615772952724 0 0.0006575655922358601
0.2766427481308557 0.4825318374352337 0 0.003446623255454751
0.6027544540695586 0.6087062738203244 0 0.004847909165208151
0.9378767070635684 0.6932261021832358 0 0.0037724166153231967
0.8679185118010453 0.619369071679796 0 0.004978950115322501
0.8807702581048702 0.6254824695378874 0 0.0047570784679443765
0.0771973999344625 0.5737280298194546 0 0.002775631944979151
0.2603053543241836 0.9780380049522744 0 0.0007739783964292925
0.8302518508418624 0.4602554601179764 0 0.0024987807584716326
0.5430270468313544 0.4529186912949688 0 0.004465886867252343
0.6814551554920188 0.4439907091485455 0 0.00401467362761951
0.42777390967268974 0.9285364281163115 0 0.0049746346527821655
0.05955244198340369 0.2576932110019042 0 0.0036861779091142575
0.6189914538934629 0.9031168305790475 0 0.0034053778353210005
0.08998101513346056 0.709345123140693 0 0.0028330370593428484
0.8911001741460697 0.5832209388945968 0 0.0036732487573809137
0.4335847076581409 0.05741695023402159 0 0.004876774878915227
0.6461852153589485 0.2359840268715788 0 0.003205823482026954
0.06251711485534227 0.4404624253148645 0 0.004980352355083657
0.6609063668725256 0.3875744959964557 0 0.004973879998507941
0.3657755930410784 0.2910759123355093 0 0.0049409183735684035
0.2940522507926428 0.9718614586121008 0 0.0037271306396602353
0.1975573179477483 0.6733510463764284 0 0.002942474361894764
0.47634905548787637 0.44636263873014664 0 0.0007667617038564168
0.1878072090849043 0.6659977388445634 0 0.004590702397722259
0.4784501616880054 0.4596501945169456 0 0.0047028319937655275
0.043899174849813635 0.3114439441282317 0 0.00460640276384433
0.9069798347691077 0.08466754455191348 0 0.0033393357020838057
0.5408144677422304 0.3578072774142916 0 0.004140756484336901
0.49146430059330987 0.341865623863219 0 0.004648275685564048
0.2719983718307443 0.919030556461302 0 0.002095153350691201
0.37742718929149793 0.32140069223273976 0 0.004349758275032703
0.06918378940023572 0.58039211522903 0 0.004999255452665787
0.2276562091578703 0.9191026017853648 0 0.0032808132064188443
0.01965629474703378 0.8894211568947729 0 0.00379860001691832
0.20074787603394148 0.8413974541704045 0 0.00044349764734309254
0.650014723913342 0.646525426836414 0 0.004514989372682103
0.7718700807459737 0.6595840468831902 0 0.004726568415496581
0.8068324619332348 0.41464041302158977 0 0.0029280302692675964
0.48599845693327964 0.04234859347364338 0 0.004795382910129875
0.0026774747214286473 0.2048715343277264 0 0.004971070728922305
0.06106274409904054 0.18664164456815588 0 0.004842528869560466
0.8578260197282609 0.5135400435754942 0 0.004056562933968686
0.9559147030823327 0.9165093541042173 0 0.004604928446864731
0.3068848182401636 0.6700902616802676 0 0.004987871171151534
0.7124920146375351 0.39013767778948444 0 0.0036563677228332765
0.042075936306777625 0.41488000690940824 0 0.004599379710623494
0.05135557188869898 0.59906676605981 0 0.004453636283975157
0.9017213824865852 0.7899720140824008 0 0.004857585222541173
0.12242259059038284 0.5526276514378535 0 0.004699292000840307
0.4807715789145433 0.16183587796357898 0 0.0015254331345241725
0.6596866876521607 0.6736286718489052 0 0.0049966773179509144
0.25475129651631706 0.7963671180155328 0 0.0048739571170140356
0.02112411384063561 0.19300824519043333 0 0.004996276077730249
0.3234464834471386 0.27124318546685294 0 0.004392413833273513
0.11734009252762943 0.5045907025930397 0 0.003638982206420493
0.8380052074370304 0.9923865863684455 0 0.0019533554431005627
0.3359105483859924 0.47180233370669405 0 0.0048618676736384425
0.6788145656626311 0.6787014668151361 0 0.004836097734240855
0.5107418938141799 0.1613158365075887 0 0.00443138166819739
0.7430441391905661 0.9045289930521142 0 0.0038488345632512544
0.6764002579567615 0.935212652163868 0 0.0033301447930001444
0.8317984351234757 0.9048623562669529 0 0.004965812503455043
0.1135582560274566 0.47435170298048485 0 0.00339602637287942
0.8277828337557116 0.4299562068083426 0 0.003689516997488461
0.8062029585780391 0.8103055275123541 0 0.004552196407567013
0.3664565550533609 0.8302019659848474 0 0.004962796208952824
0.8134535172578953 0.14093145810150207 0 0.003047469603548976
0.534464417673984 0.38667192343387263 0 0.004978199644166514
0.6219921785031425 0.15706865483045204 0 0.0028307032295846277
0.7791735937102189 0.19084083319065334 0 0.004777915981202787
0.06565721119026922 0.29890731755628613 0 0.0026538937117905476
0.9638417737780379 0.8411883437070479 0 0.0021624421789115
0.20947241692336702 0.8777810270202349 0 0.003837475379855383
0.6684201041558029 0.2117107478065696 0 0.004986123161059016
0.7270129710141171 0.8799301727715383 0 0.004991265400929883
0.9945768863343218 0.221696979959169 0 0.004255161525525507
0.12907316085480622 0.03569894568293318 0 0.004688396221560525
0.8457093558494957 0.5017961503034336 0 0.0019436915027573455
0.2544848441728094 0.2414817140879589 0 0.004943148419233131
0.789197663082142 0.6131127233376096 0 0.004596942649131029
0.9885459864518538 0.7596153563209028 0 0.0018694958958398213
0.780310004403948 0.8035426880366923 0 0.0048365066397685315
0.2767223236253224 0.8861209502976766 0 0.004800426731975676
0.11154832486468445 0.07935803897234038 0 0.004999343602334485
0.529732666021292 0.5277905682170477 0 0.004972123612908665
0.27508356568891773 0.6647225684849142 0 0.004038661824831179
0.5111226536372774 0.07162907095108882 0 0.0049928424987457495
0.3131486382402588 0.7678356929833169 0 0.004388665587235434
0.48489328157946027 0.569867317347864 0 0.002491883531730407
0.7423057210031233 0.40800853171197465 0 0.002870143617334353
0.1799396700482739 0.7106271125726229 0 0.0035820151602765117
0.8597257082307244 0.49823375827327615 0 0.004856860760817938
0.27690413112533424 0.31208796486048457 0 0.002989954060608426
0.7434119292750441 0.6411274284302118 0 0.0020868442479703253
0.1671425275906244 0.979115879697119 0 0.0041760599353436465
0.3470991400651218 0.8076033535745522 0 0.004625114071346179
0.5260261348510233 0.068559606702828 0 0.004028465132276591
0.8357098908044249 0.6842863979975814 0 0.004675913405228213
0.5809207212873486 0.8220663343197361 0 0.004999325053591319
0.7468801194676914 0.53250532741786 0 0.004968600195193863
0.7625779039244514 0.27446036889357933 0 0.004849141960181697
0.3343294242117602 0.370136519373178 0 0.00460403140612539
0.8668786968591243 0.011854213629621461 0 0.00426900436115779
0.5509951021251231 0.4896336132533046 0 0.0032115741462133526
0.0882820727073129 0.5793934421673302 0 0.004029867566525521
0.9784753549700026 0.730220922618582 0 0.0028236021706700702
0.8925839635033195 0.1691711310565621 0 0.003818488889688882
0.5488831541056235 0.9434244289500218 0 0.0009671421387042152
0.3454815541172122 0.5192364350037669 0 0.0021909151775947044
0.1682796980465384 0.8370052938883185 0 0.003021771984882127
0.791511599340059 0.5249934894129726 0 0.002371032934052976
0.6295116274493214 0.6638049349910743 0 0.003206490474986481
0.009354146842600379 0.7144809118428747 0 0.004888594669430189
0.7286808466272721 0.6272007430686496 0 0.004887906732199918
0.5380088732710252 0.9318708518104456 0 0.004689242108276493
0.8663716369217238 0.7799873256264834 0 0.0043584161249815515
0.5228862124592106 0.24193568383035288 0 0.0048572459882039575
0.7831593714098781 0.88064882905014 0 0.004302061572496502
0.5778533600087937 0.3670774304245698 0 0.003973722397384876
0.8049096051866129 0.12535091931495776 0 0.002987502546093886
0.9714074875638078 0.31509707925271474 0 0.0049986567712818186
0.44423854481052266 0.6571709063451316 0 0.004566655588792338
0.5823425004883562 0.45735979900690765 0 0.003343667054244706
0.2402957679874059 0.8286703236525591 0 0.0021862987892169675
0.08515140143788878 0.18223382735401725 0 0.004351197371516267
0.06567889654710922 0.7659375945539282 0 0.0038061257674123763
0.9629662384285904 0.253721247430224 0 0.004920494973823918
0.38113391462411045 0.6334938042373333 0 0.004199517407335926
0.005642084277269305 0.6083577275118902 0 0.004944374854242183
0.18472432955044324 0.06811627197628843 0 0.004931210459525458
0.015513631118065245 0.4662471444785558 0 0.002405685860467706
0.6071837805653312 0.9708274982784092 0 0.004707428947367248
0.7282763778619334 0.6527232151843864 0 0.004907907528855032
0.856092651760325 0.4457117468956731 0 0.004945066855114086
0.6941506846610164 0.7900832213885611 0 0.002250873103181129
0.08095142528053144 0.690803827347932 0 0.0018706923448693522
0.22786255837539413 0.9620988351127393 0 0.004675656452353623
0.30913110824701545 0.03011287342050805 0 0.004995765198431014
0.6817127622881173 0.7454810563003992 0 0.002592254555585371
0.5824307110182242 0.10397781198882182 0 0.003473193361147919
0.8621545180839565 0.9526376006275967 0 0.004025408274235633
0.2053431297946777 0.6656923547916185 0 0.003721704539771903
0.4421058680892272 0.44724453089930777 0 0.0034233570081255477
0.2234590628544408 0.8644164531147807 0 0.00495622482321962
0.753761951965383 0.06636083583587359 0 0.004256860087342683
0.629534733976303 0.7350953733755972 0 0.004312404351944587
0.5133950469350167 0.42748273277033394 0 0.0018957019661212547
0.34047032184260134 0.873043549675198 0 0.0042352449006241855
0.4573504317369374 0.35362651228139724 0 0.004933354221923972
0.6835762309746201 0.513400966744791 0 0.0049924477698452055
0.9846108225847481 0.7955033184730599 0 0.004983369804066694
0.23356377925138858 0.5535124068802963 0 0.004089741043570093
0.9074518033701454 0.31713200697804994 0 0.004994219856740746
0.39610352753976624 0.6558617031926659 0 0.003729611153003506
0.426426655548441 0.5535090225605585 0 0.0045378914005976025
0.8982060305131384 0.33191862675342626 0 0.004961154796066248
0.003507829424968851 0.9997903426235998 0 0.0033269520680014163
0.4518117190668573 0.2824047433427717 0 0.0033715721490657972
0.6918982853859963 0.24697912750701487 0 0.0027301283483393674
0.8822299040113928 0.7884804270889728 0 0.004873856626312254
0.7203460418173384 0.6022680008877324 0 0.002757518933485956
0.2901197339045222 0.2164529390085492 0 0.0030212096515861145
0.20299673329251108 0.8277934450725416 0 0.0033399889157164618
0.7029764608793796 0.24034166990023406 0 0.003872119035621462
0.030735081461364937 0.7493361102770901 0 0.0015893891444681801
0.9438416098542582 0.15256208245716726 0 0.004376638791653098
0.4882566455136606 0.06567444348006589 0 0.0016731154339772764
0.65448265203169 0.9622216777519257 0 0.00498810462796595
0.4808229293956145 0.29302603691409884 0 0.004348419287851932
0.9109232094515185 0.600129370740031 0 0.004383744656048451
0.3309200883762959 0.0853590144105718 0 0.004802532036392291
0.5936828373774677 0.49149547358520057 0 0.0038807077801767554
0.2867585185310742 0.0299749872332361 0 0.004972567563901687
0.9167675015156943 0.7075227366558563 0 0.0049993850375823325
0.21914824254543494 0.32270334092265335 0 0.0049766260437777475
0.9135043755490114 0.36511393317499846 0 0.004769999678403036
0.4984965657116162 0.9006285026091145 0 0.0019486209047147199
0.9961086865418837 0.015575428753977431 0 0.0044348223497923485
0.8244359071011083 0.012288987081130125 0 0.0036976907146509964
0.24594140159062047 0.11196050925218014 0 0.0045704010021893875
0.34637323849118157 0.6216932970972657 0 0.0047021547059358
0.6623033814075754 0.11557836833170564 0 0.00410700987090269
0.13535974430001393 0.6672373463597662 0 0.0027584871705311864
0.33607605420507664 0.582723129011417 0 0.004928592222563479
0.6032872157086495 0.9539176409229636 0 0.0049641148644599085
0.13582722853474324 0.28175181709360103 0 0.004167269547553487
0.13520736206644032 0.35529858168928424 0 0.004401760023433864
0.7919435741988907 0.2844924411095174 0 0.00407872054519054
0.8549060628705328 0.6575402288945899 0 0.002176166661595469
0.5925484614322546 0.7530190952799336 0 0.0036035097758580475
0.2748366363518942 0.09306060853335783 0 0.004755084999911135
0.8526521386452435 0.8690468252984702 0 0.0032433073051029975
0.26647639574910614 0.7555419568852135 0 0.004820172936301942
0.42191987947409954 0.9977089095946017 0 0.002609296704610195
0.03736735755778185 0.9306121610992413 0 0.0037192087734062413
0.97592958259476 0.34391221419728907 0 0.002525150513236523
0.7440113968127248 0.6080383925653302 0 0.0042373729405493585
0.6864981193109516 0.2760708031962745 0 0.0030744931902037427
0.6399584796757605 0.6298081712172546 0 0.004756936586209631
0.20427540313211276 0.5469638546681732 0 0.004975789145074756
0.2979329561287655 0.16281645381425744 0 0.004591083010523253
0.3110095252982607 0.9016874297184538 0 0.004846246390335953
0.03627912058381742 0.4441230747718898 0 0.0011408556814715952
0.4679151324426795 0.9531313823379941 0 0.0022433234229398136
0.15069425679940648 0.7962216621957368 0 0.004270428171719464
0.32542705452090065 0.9743678358407707 0 0.004404980533904102
0.39948259102867295 0.6448790327259155 0 0.00379588419740387
0.37666086255114956 0.19688862234695279 0 0.004798599668506719
0.4438059048151765 0.09467938543211395 0 0.0018655949178967035
0.7103814675606512 0.8356624017278129 0 0.002159323174594887
0.33305765071589816 0.426724400239701 0 0.004979700425249988
0.6462148194576188 0.8439176039825184 0 0.00441113542966035
0.26555678533271304 0.9608796498371239 0 0.00477846725307193
0.5680886381173132 0.7257773154315138 0 0.0045846412609287296
0.12983992281686627 0.05318593584396279 0 0.0017256991486105592
0.00914934576929926 0.3358329024055044 0 0.0032081780735380497
0.49974507745720714 0.02486383882182485 0 0.00499664093473018
0.20489782200403414 0.6036564362914106 0 0.004163921774445534
0.6777979899134073 0.6059416379842502 0 0.004710702727334616
0.901332789328813 0.48154158358254245 0 0.003666539361585912
0.8038574845201553 0.08022827934816555 0 0.004992694861115065
0.0750168880903289 0.021343234210342336 0 0.004854227885628065
0.3871551983775195 0.5672488828223459 0 0.003739739079855152
0.18534787664071747 0.6321038577777672 0 0.004863180043314631
0.95912868358597 0.5680410377356344 0 0.00395661293123173
0.3224608682396059 0.9274517222024692 0 0.003391841167922044
0.37231534570102404 0.060848015399725494 0 0.004663912612859881
0.3073161950699779 0.04842423519545856 0 0.0035295802143402778
0.0061832076131054185 0.6186952168126978 0 0.004037155850547071
0.25642067319964107 0.4387238615827395 0 0.0046521406869547656
0.4542627378006456 0.4666795187350182 0 0.0014241696931567207
0.3639017472019295 0.15706992235129755 0 0.004322247557211198
0.9366033685603031 0.9663796188791849 0 0.0022328915180808285
0.04644823148371467 0.7560374242870749 0 0.004580615817987333
0.3145628821653675 0.1961795190037879 0 0.004666388993733063
0.4147031856373831 0.3861065118016435 0 0.001675131132777484
0.18327833365043675 0.6493460748941309 0 0.002095103446506928
0.21071767520561355 0.22961251140190994 0 0.0017896470572907662
0.09052255308030309 0.8990396556695897 0 0.0049986687752554835
0.640304340769602 0.9186254828982302 0 0.004227650586218113
0.7727116099655507 0.702758597133289 0 0.004018744990434875
0.7400532944407031 0.930964131129344 0 0.004916555940815153
0.7478989245337835 0.5643980806936406 0 0.004968227996155898
0.6704476747080447 0.01896719558442638 0 0.0045429538192296795
0.0585787023007379 0.3568049915262818 0 0.004824963000670202
0.7644308689440605 0.921081969843693 0 0.004992191162678789
0.3842492484968854 0.47732245213344254 0 0.002832116779269576
0.02480357656969511 0.9602980800903803 0 0.0019180343417741063
0.5382660065694442 0.09090834905598087 0 0.0003472366760643626
0.4157543432442236 0.627777462707525 0 0.0049152912907101335
0.42402361408098793 0.4252652526705361 0 0.004236230953312806
0.41426784605549033 0.7678417608089343 0 0.004609668629808501
0.9325659193470002 0.21284984232996337 0 0.004969301591937008
0.29432327137061504 0.6895638897398338 0 0.0048255881421569394
0.4014511184636898 0.6134988770510486 0 0.0027094096986655736
0.6142005927546235 0.21090432444770654 0 0.004577798207610214
0.4665165330721313 0.7758162122745313 0 0.004903621469256853
0.08387038468992579 0.717643278447176 0 0.004531940692781
0.9389929588319815 0.39449508585226484 0 0.004739106494543993
0.5857314857307306 0.6416357468393925 0 0.004987110088572485
0.04167413581703437 0.7099933735314845 0 0.004257706091258668
0.421109814166617 0.3019888420092202 0 0.0012657703926629799
0.7441615180771571 0.5930568490098913 0 0.00446050624647157
0.2075300488797633 0.9902695169220997 0 0.0049690382693810395
0.9406349234455547 0.4570898744967152 0 0.0041444567640840915
0.8573673607980518 0.7866487530656862 0 0.003932514914190351
0.6777605030474031 0.2803226551650027 0 0.003033578086700466
0.5445394529278746 0.8034776015305567 0 0.004385916621287469
0.9274879910931649 0.1659052338975888 0 0.0033751381713302488
0.25536153337552875 0.5269514987810568 0 0.0032161167145276386
0.49990070288362504 0.6781047834019989 0 0.004619297915406395
0.3232559312209842 0.20759118827383047 0 0.002041975329791346
0.942250720321294 0.27785859465737733 0 0.0030934347781242126
0.008787850012861746 0.5579289084775501 0 0.0035783637679651275
0.8287242976179019 0.9933301366477358 0 0.003984836075237463
0.2390649541538494 0.0741458505125716 0 0.0046933279934407565
0.08832248609130931 0.5312573711176337 0 0.003909097028258407
0.10197197424048497 0.8189260708247881 0 0.003933233038671356
0.28538879120448063 0.8967811544980568 0 0.0037632160358576925
0.729228968705194 0.047209332328818174 0 0.003764652364922668
0.3033432928751488 0.9915299217554081 0 0.004132249709087179
0.6426200894352773 0.9422791194114755 0 0.004813438136627482
0.5292959802615197 0.6683441058114222 0 0.0046356969559959126
