0.3013821374819113 0.840763810561524 0 0.004983061600227433
0.7428108992904812 0.3319804634318441 0 0.0046909609293315805
0.06374774622579014 0.6290381619115623 0 0.003132344149329333
0.49943946431376457 0.9679748684946815 0 0.0030474124566472406
0.8818732530423262 0.4451320211904411 0 0.004320124339797785
0.927494183262453 0.5691312003847447 0 0.004901507621742004
0.3606898444205224 0.9473146211771049 0 0.004386090649835814
0.1824255929081978 0.5876941605969779 0 0.004131375158070152
0.13519476755753376 0.12455786464924455 0 0.0024192685573305116
0.5993720676975005 0.09269202142808085 0 0.004930186239564748
0.7599127634246438 0.08799327039841741 0 0.0049993024852409826
0.32086432062068243 0.0998244046251938 0 0.004168423473732066
0.42400509836625483 0.9682269755713957 0 0.003204455572369518
0.8018388845224175 0.15720432939939874 0 0.004971227158558548
0.9978942256148288 0.828589937392272 0 0.004506489739764345
0.6109371845372116 0.7576656378695756 0 0.004226440570111703
0.40850604543479346 0.7100023228961303 0 0.004636968918496709
0.30146899963856727 0.7347415905614223 0 0.00499900090585396
0.7639887100126507 0.7022038520275546 0 0.004987933224195513
0.8589338098882173 0.2584632572749323 0 0.004541212332869123
0.9805891570595783 0.7822574250785739 0 0.004268781729045291
0.3474384074945412 0.15472635979380642 0 0.0034346102071938756
0.12862005567276355 0.5436527619094386 0 0.004993344880686739
0.24467974377099308 0.5867336321037505 0 0.004787638410357631
0.7197036966998128 0.16722115927925216 0 0.004257378822862095
0.4069578327642355 0.6471620386585247 0 0.004940162123787829
0.6175921032373223 0.6883348336400154 0 0.0030929813942346144
0.8491874532040277 0.8446317550161576 0 0.0024262372953195483
0.10070168520965082 0.7470470644094767 0 0.004919070902534442
0.6859047791259394 0.6224101069230199 0 0.0035979324030702125
0.2377561224390011 0.42111238522598043 0 0.004959348803446841
0.4746688647632104 0.6798726470889669 0 0.004731728606379644
0.5773895604184232 0.4467960421377231 0 0.004985215027312116
0.8256932991614024 0.0960510838883528 0 0.004779559483586574
0.19072930229084448 0.9492351675271918 0 0.004979006893191911
0.9923341204422161 0.9930337179629041 0 0.0019597992063492896
0.8627571839155269 0.8249155453862489 0 0.004786955737188508
0.7751112968335776 0.7281962225453822 0 0.004994779929929109
0.8764044770396096 0.20346344168391703 0 0.004442940042932559
0.5555821848277085 0.6791806944083852 0 0.004673020864385407
0.8942187217895605 0.20678882146560038 0 0.004764625634770458
0.3434900686824021 0.6907501637262717 0 0.00481418664952507
0.9796249067747022 0.3356361710055465 0 0.004956192993531448
0.8345832771210784 0.5908937284006753 0 0.004890115508805009
0.22969905018234035 0.5946189760938327 0 0.004835064654508678
0.3528307764284662 0.4763224109208312 0 0.004806735405470231
0.05764904225285071 0.5953274758707542 0 0.0020319764862917707
0.8471068601163163 0.8732807918791338 0 0.003307426334144022
0.7269527032180066 0.797891084268852 0 0.004931538467216071
0.5806936139056909 0.9084057994621478 0 0.0023422775504555213
0.40528031979857554 0.19520572819442436 0 0.003000862508832156
0.6833404710033817 0.19266346487961047 0 0.002041307968562228
0.7779414806344248 0.276890198203772 0 0.004858382231007399
0.21527844932388593 0.18190349483891552 0 0.0048671007302173944
0.3473965232544077 0.04697457814978866 0 0.0045977287215193535
0.9292224091790275 0.2507565209544655 0 0.0040665633787377795
0.05636815466519339 0.476754133490401 0 0.004967630632443883
0.4644753663424143 0.17332134257102524 0 0.001391249306639507
0.4900661635448859 0.13633304206580363 0 0.002270740529381191
0.37920498173235345 0.2705525104911842 0 0.004514631273998433
0.6572042551509795 0.8119173124715786 0 0.004792345132905419
0.4723525879190508 0.6045729171880152 0 0.004997275235601912
0.7779747189402266 0.9002733248378132 0 0.004061212608583667
0.21768995361438767 0.4285517843706064 0 0.004010559084063336
0.4654425342483766 0.05522720149907266 0 0.004454803588190627
0.026580369757653093 0.5096433036673288 0 0.003449017009295652
0.4654658357362496 0.5421268083884441 0 0.004723973723217692
0.6385808589627671 0.1537011731838672 0 0.0032830645136118913
0.28308102989926825 0.9777651064472594 0 0.004027906393600102
0.015112222009526104 0.49102509116987664 0 0.004647940592258468
0.7568654879137695 0.9642038638999796 0 0.0049231552092548385
0.7197741987608891 0.7417412554848825 0 0.004416059541922265
0.6697273562155465 0.6924672043289024 0 0.004876593817083799
0.5795121700097609 0.6753436928263488 0 0.004365131972549909
0.134425993541855 0.8982578616129412 0 0.0037754569768499134
0.7905454659712904 0.6027856985602755 0 0.0035103897732398854
0.3765552744487551 0.6312298056219946 0 0.0045472301363250495
0.881450326026308 0.09159149347408356 0 0.004201944998312658
0.19454990725123086 0.8330665368579275 0 0.0049973690119900094
0.952479910021007 0.6842988978285013 0 0.004634369559826797
0.9860274412476193 0.7975662481047464 0 0.0034441392685883253
0.9817313986951952 0.01689605658147541 0 0.0032050323409695872
0.46589063691980176 0.7094009150375994 0 0.004953658822649666
0.7018527710808525 0.2987902068722859 0 0.003428957338337199
0.12327034720554529 0.9737635380854114 0 0.0035063254543428327
0.2069323383699657 0.6913999594640444 0 0.004033263128477699
0.3137431102529447 0.934619829733495 0 0.0040865064097790026
0.15998389630954543 0.6347039533676334 0 0.004978503971987135
0.39247234775057466 0.5193912148377854 0 0.004988145048906216
0.3385273050108563 0.9623081529249219 0 0.004306322582110746
0.17400937870357244 0.5765140910349688 0 0.002889756978844388
0.769978385711862 0.7436315688456211 0 0.004186877807788639
0.5141480065659194 0.07614480568636216 0 0.00473301133191753
0.8772238144689211 0.9852291942740441 0 0.002662686980041757
0.5513841486408286 0.800127659526939 0 0.003959779805208273
0.15351051279724934 0.9863292012573999 0 0.004992378892484109
0.3117287075960032 0.0782247892764144 0 0.0026666339341124335
0.54021140328398 0.021997955851985822 0 0.004209037394292317
0.7645286906185462 0.9739816419802125 0 0.0047825381939256475
0.34529418265749684 0.8810055293314026 0 0.004918097006542742
0.8669432058270217 0.4946932200810205 0 0.004727293414038979
0.07817648717534519 0.14225704215261856 0 0.004265799760926233
0.9244706488079735 0.0912518768068865 0 0.0036109177817156054
0.4133813386367731 0.6998758519976993 0 0.004109659694237119
0.8072483364426789 0.8627940257168611 0 0.002688433033390851
0.5526883542408767 0.7672657207770215 0 0.004374229290175152
0.09163919635722238 0.5921803233656289 0 0.0026162700470101835
0.17280988283339546 0.19212677574267698 0 0.004671140004304715
0.3942298434545111 0.7306431354300187 0 0.00468589546414721
0.02310396289118865 0.9237681305072671 0 0.00491261313198928
0.7374406330428576 0.7641451171935733 0 0.004567343446961947
0.4721573039274078 0.29271919743431657 0 0.001214863773688915
0.722021642345543 0.2570681067332013 0 0.0029509972113972655
0.433231831902311 0.5215681670448642 0 0.0020255193938859893
0.7890221260681252 0.20435686570942432 0 0.004697219094054911
0.665604342535604 0.28350368212608884 0 0.003993954840245187
0.10033185672912236 0.122812961571783 0 0.004777640733197012
0.3518011088388067 0.3931295152963365 0 0.004993056381131577
0.9704848698515971 0.9962629064343421 0 0.0004253762758491236
0.940810082763636 0.5957303105532733 0 0.0027672818710803445
0.2672448810766685 0.34454252395166723 0 0.004180487276913394
0.6597005226761034 0.4732304345932337 0 0.004643794102570216
0.8412523443161046 0.6412400992785822 0 0.003960471199075182
0.8217747367931475 0.4726476981457725 0 0.0048667329528399314
0.7700649160199692 0.23260137951983603 0 0.004805656570209155
0.6652241262186169 0.6502822203246357 0 0.0041550709577551906
0.24573526280224398 0.9405980429316988 0 0.004999046601943821
0.5070635897000958 0.039320390803899805 0 0.0027182518963223567
0.970302428883287 0.0053105958250595445 0 0.004627379873884158
0.7456868838086516 0.6238316522846283 0 0.004656560971420755
0.9989057272850197 0.44889390761322495 0 0.004193024885428988
0.3267147346987555 0.08512354766918383 0 0.003988342449655736
0.5959869379429602 0.8836454198474699 0 0.0049977447986046
0.8148832312461488 0.9913830723214788 0 0.004946069369951191
0.6941898111062466 0.007479823929467106 0 0.004960084353599013
0.04278646980758681 0.40953919010390644 0 0.004070309594133795
0.22771893944419716 0.08590962022404235 0 0.0021021717985518613
0.4375821060821981 0.15558548317046636 0 0.0046127478720031185
0.0371946827925098 0.11583470936607919 0 0.003554974187278713
0.26274572606621543 0.42421887229760796 0 0.0031434124267501907
0.3968902868545156 0.3023979855674996 0 0.0038338466064731674
0.9351445559050974 0.3534489027395738 0 0.0014095652901687172
0.5892803173943696 0.30185394697051166 0 0.004300405841032739
0.021021416520801466 0.120807295027461 0 0.004854769011038371
0.7568672512885629 0.017996072012153468 0 0.004472723723991695
0.2679226882474404 0.736896136539253 0 0.0048325125912238205
0.792044486055973 0.4960278089743972 0 0.00495269323919942
0.06874009344925446 0.16444363303238693 0 0.0047038298859337436
0.3885318981742592 0.6798280908054724 0 0.004018492574661737
0.5531386206123537 0.2796785058554176 0 0.004240025081495906
0.43387143315705995 0.6109198520347846 0 0.004696751917631132
0.7618328861748006 0.3086113879584263 0 0.004886735549379894
0.26674849965752995 0.2622702282595019 0 0.004642978211924854
0.9457175617924746 0.2127434087149844 0 0.0028053766904908477
0.10936754113511736 0.3788196440254669 0 0.004165857676663882
0.4488739633307926 0.969022812726013 0 0.0031877231407592722
0.9031562330043152 0.7307030737073041 0 0.004694508221179372
0.4129312759684614 0.40426819144091003 0 0.0030367469703291017
0.052910827032868965 0.5244978127987228 0 0.002942965666780092
0.7547091840665898 0.5249944398840121 0 0.004887274629362818
0.9952187702020231 0.7024126104379151 0 0.00371285775036854
0.9383049717122295 0.10026501645946038 0 0.0046701078756469306
0.01632861185517142 0.4378810180197101 0 0.00488433454296244
0.033761541059990394 0.9778826806955213 0 0.002861468184463252
0.38820987807495494 0.30955556019744596 0 0.004337371843984492
0.6283127640725429 0.09853288288240257 0 0.004631954697743009
0.8420018047128726 0.41301914230928966 0 0.004813817662048
0.5737148127847728 0.7514213868269011 0 0.004988748924085508
0.963103856899359 0.3927203422683467 0 0.003936113954625101
0.2788396269699421 0.8224704011933769 0 0.0017966607688738954
0.7896280125172034 0.36840578015702957 0 0.003998570267283607
0.7365888587520768 0.51757251667992 0 0.0041850653522303854
0.7760613681616316 0.6877445203580428 0 0.0042875527560782434
0.11532306325119988 0.8395210987145988 0 0.0041568222597451274
0.0015526980811318934 0.16853520733167002 0 0.004534863045054036
0.5120931745743956 0.4694359388802452 0 0.004925570106971177
0.7905819867793694 0.5497333498487544 0 0.004273608517446438
0.5214058457761319 0.9429323011193517 0 0.004469050734436057
0.4880941948403699 0.2903439315825987 0 0.0018055651157558251
0.7863225166029367 0.025785848922135972 0 0.001732634399649006
0.6860949329886523 0.8055927465875548 0 0.0042864401398624765
0.8347563079338695 0.47711491006248924 0 0.004283560832486223
0.711766548347929 0.540637380165934 0 0.0028894766517075067
0.14761707390612586 0.1546877681371631 0 0.004977507208142059
0.8394958236824974 0.1388567325460743 0 0.0016972772355444586
0.0529950167228873 0.3722816486891854 0 0.003974244112529373
0.7002494634315184 0.21159436672361695 0 0.004722666403680707
0.7363266060806738 0.4175689349985618 0 0.004979081267110254
0.4843505236204581 0.5615053219256135 0 0.004988612463461136
0.12558568766279996 0.44535689539291407 0 0.004553685539801519
0.9012507966293616 0.6882296664643224 0 0.004170796583845971
0.6368841581247361 0.933286383813511 0 0.003339122819871824
0.8223828514839063 0.32445513241103635 0 0.004312265282876542
0.007988496647324143 0.29163181060914817 0 0.004998107390273508
0.32459242736545263 0.21599403996071873 0 0.00442475831150339
0.9323607934047934 0.2930803421025831 0 0.004941258406369379
0.8698802740730445 0.6969112718727104 0 0.0048232121906855085
0.43344638918205064 0.8781632007263668 0 0.004137311419349199
0.5969490229380617 0.32539595586597186 0 0.004987475269717445
0.5974014500315709 0.2691230642653029 0 0.004937044498205563
0.021507030847313972 0.9779998779329641 0 0.0039725353421909745
0.16222162951488314 0.15975306401599706 0 0.00497965332564207
0.23173231813079073 0.8075711164709822 0 0.004999702408883547
0.26446275383167256 0.08792576192071654 0 0.004982705340937331
0.8153439006424537 0.3917645427827316 0 0.004357529806117657
0.24529586200268624 0.0072936436566090005 0 0.0049300492827276275
0.6059122505587846 0.5446485508302811 0 0.004992371806772718
0.4370685594330788 0.46733434673742397 0 0.004759734549057065
0.8690759463044861 0.7314194505326248 0 0.00361747612412405
0.015493574426593486 0.23764033739450727 0 0.0043504137574262485
0.8295133191560581 0.33790887134336184 0 0.002309323682325485
0.7421559739512826 0.14440629258937618 0 0.004718984894272634
0.02552557862828863 0.05799673630740475 0 0.0006135538002023705
0.9746966455544742 0.7925175420286459 0 0.004377157959606378
0.24373416771350795 0.9669666207848986 0 0.0041121379964958885
0.11984667367629263 0.17872606661217114 0 0.0049496641050575906
0.061059838416836584 0.9436011069852901 0 0.004555448718746962
0.31589235356678597 0.3007009400468205 0 0.0048183737404085564
0.3621321821554903 0.6457445340532623 0 0.004821986185219819
0.037077017205901605 0.7338906858381548 0 0.004806404242078403
0.8657500058686213 0.6200220170371717 0 0.0005557479893615905
0.7295496557466303 0.11674173776981388 0 0.004876249694639852
0.5969452919465489 0.1681974452316116 0 0.0029222802504419517
0.3624424793485937 0.7842650965401 0 0.00486896807262863
0.06981083474962056 0.011899093044132052 0 0.0038887638367430936
0.10934530394735496 0.3138254583301204 0 0.004282846733264354
0.18352878556012472 0.8482878408902357 0 0.004995620656396549
0.23636440938205047 0.01984111843518265 0 0.00374528494107483
0.19889988044619386 0.3117200165202783 0 0.004315469324499382
0.7455020487300893 0.5954573977929598 0 0.004963687392212738
0.872114675520467 0.5872000526001028 0 0.004113329736602017
0.8986812054994353 0.2360626480631681 0 0.0043369099071571635
0.25638739460552235 0.4786416532869023 0 0.0049984257194796555
0.9019700924745297 0.8040091829824768 0 0.0018349227414368775
0.9629200207028964 0.31297661201561394 0 0.0034779957405901246
0.2746018787327214 0.8089604691759813 0 0.004973488123934541
0.03958891320279266 0.4436475781288584 0 0.004786614125622112
0.4689696395617176 0.21393734397206685 0 0.0049829087241705355
0.30958455437613935 0.605983568101103 0 0.004628008425109861
0.5930885927535247 0.9296666814155674 0 0.003791066885145031
0.8693606794936938 0.3794599718191089 0 0.004497294948323474
0.8247487318317904 0.43496734497321426 0 0.004711874450673767
0.5511239340240212 0.24981376931913932 0 0.004941925302352869
0.3923395223068679 0.16713257660544875 0 0.004732183600743005
0.14529337769845804 0.5428200968345952 0 0.00459586272536632
0.3820961869429323 0.09184751811353607 0 0.0032795753330190852
0.9342282132688008 0.3658425874159796 0 0.004242694151835043
0.7639032276826923 0.8202262075319235 0 0.004795749428104531
0.1479521288255373 0.9274787416511714 0 0.004098661369727622
0.3979489978037712 0.45812073068056175 0 0.004998698460134401
0.24462944996241662 0.7084391718504984 0 0.0040003684779722085
0.7994173775606342 0.33511036015858936 0 0.0028922224419733965
0.25041950738978175 0.3525333099982411 0 0.003687298938383112
0.14159895827811206 0.5090131195426328 0 0.004639461037468233
0.2619101660348873 0.6259220070347163 0 0.003636236188709631
0.9216321097942639 0.7850110691175565 0 0.0015679496491112865
0.5002685904590999 0.7032413670580329 0 0.004128336945421842
0.7528267246434557 0.6419880592814815 0 0.004887799961894292
0.7921103848022356 0.8835947586658297 0 0.004478178121704573
0.7524745222259197 0.2480390414698543 0 0.004771926107558847
0.3425738469875403 0.0368466455360522 0 0.0013567077801423784
0.7770425251866184 0.5372246014254597 0 0.004994783714848229
0.9199073831106656 0.6452899748152096 0 0.003301576732904631
0.6302464529812029 0.5280362074795231 0 0.004563105475485151
0.8629698267740487 0.7493861077573722 0 0.004997977895733661
0.675819693201151 0.9378172573905659 0 0.004517913194305167
0.1774229970028572 0.08217678793155868 0 0.004423813397912585
0.3551136213174387 0.557413564474561 0 0.004958162065916909
0.8466954600585734 0.9326799075596811 0 0.004946572737545551
0.4074494165683045 0.8107335889144425 0 0.004909649202795048
0.31094349706012364 0.8629547023079266 0 0.002797489255695064
0.4506661564629341 0.11445927280732025 0 0.004903288608407471
0.8045990786072543 0.11398744646187096 0 0.004999468035926405
0.6105530564878003 0.4037172450245154 0 0.003019160809801867
0.6721173908487558 0.8507418292849106 0 0.00488761979935115
0.11376706191713047 0.712666675959343 0 0.004998665791408895
0.47710435231939624 0.23719954234537519 0 0.0009150624745362459
0.7453787819904483 0.3674445289635551 0 0.004907549201681082
0.41853895045796546 0.0518265411001053 0 0.004518204701829409
0.5874417502417181 0.7454999395050173 0 0.0049903968459575135
0.4736388991976959 0.07823848395898857 0 0.0010180901508517791
0.6387878842496618 0.480877687545154 0 0.004989587911756467
0.5223999116399428 0.4378500709297681 0 0.0011819192313933173
0.04025589417566221 0.22248154755420765 0 0.004301108778148951
0.5661103371333239 0.7616897103149766 0 0.0027560979991220814
0.3355219245659064 0.9304326785403167 0 0.004614302448233146
0.6133311482032927 0.2531847052842648 0 0.0035122642843052857
0.704037317611311 0.47587993437380477 0 0.004411170055842285
0.9182149948998475 0.0359622853636765 0 0.004840291606593139
0.18746985648565848 0.7963339707915971 0 0.004158773637726941
0.03435496603913145 0.2781094203975138 0 0.002724601256437712
0.38041576409602934 0.6873049790012881 0 0.004813953388447264
0.24097586011678815 0.8834544993246463 0 0.004764941194530298
0.8541109937256329 0.9677276263399209 0 0.003906448219687517
0.5446289845738141 0.1684832473391907 0 0.004862391832868172
0.05848027856779901 0.10427826052281063 0 0.003293834740939003
0.6670460558506295 0.63267575432246 0 0.004059947611624327
0.7197155190549932 0.5552804982946329 0 0.004945355064319181
0.8473826828839298 0.44042571497424293 0 0.004974918487255064
0.1473425924772733 0.49854124914228687 0 0.004083151231576134
0.7869243256802895 0.10232709832370411 0 0.004621360146399951
0.20906811543628265 0.3805441881192338 0 0.004043413157660883
0.1303427034051897 0.52455260351885 0 0.004948612368977923
0.05382186862418202 0.5696506227087101 0 0.004343792132447146
0.7006302414066905 0.14521870384109833 0 0.0035926218325762404
0.438442687787071 0.7071410602277168 0 0.0028176231714283685
0.8690580200275857 0.45948433499490665 0 0.003963902454238293
0.9819530931007314 0.06261792652713037 0 0.004996258488929454
0.19444064196732166 0.24594582268636508 0 0.003007022793318055
0.12298471023561296 0.3929557583032262 0 0.001903416942504687
0.0161916888093011 0.8542062771199249 0 0.004170436239963891
0.3956730163233118 0.6003893452170961 0 0.004798141881010494
0.8968372181744066 0.35085592831772966 0 0.004525024689745267
0.5816706494855767 0.391845235429856 0 0.0041913283278151685
0.9453540997886384 0.002946659728891627 0 0.002771480910511617
0.03539770611657665 0.8892933845904759 0 0.004799206688064019
0.8652091473410076 0.03738180252049793 0 0.0031587155631580474
0.22731527493599865 0.00871269250549888 0 0.004437942734765378
0.4381255902717673 0.4236500652936897 0 0.002468151265523295
0.4023414533206728 0.16628351761478297 0 0.00397487487229246
0.28692184337805676 0.054577780770298054 0 0.0017433382145243088
0.8397076651751111 0.8208938257603621 0 0.001279172514541958
0.7498448479476536 0.3519050172297849 0 0.0027579881935205957
0.12675092123206297 0.029673858539113744 0 0.004991716872833949
0.5839507703121397 0.9823745735353326 0 0.002201417780582947
0.055715616551019295 0.917733199648125 0 0.0034942337050246864
0.6135038699039758 0.3489666388631412 0 0.004835484997551242
0.6371007397880902 0.2861262014083797 0 0.001820718491609339
0.31456556962278975 0.4750209509313376 0 0.0005256631063719593
0.18281042651083987 0.8191055029636497 0 0.0015602725821168579
0.9497835999494663 0.527747110030293 0 0.0046102447936202055
0.13592065351665403 0.8177586333376359 0 0.004883316888451642
0.280006068706766 0.5846022733111198 0 0.004854867932459305
0.835940582585161 0.4656038163416126 0 0.004230496460580095
0.6907353862455953 0.4576421363532485 0 0.004105950949068637
0.7874678046694591 0.4082915210333084 0 0.004197621714261332
0.3467520789240938 0.5353512849012272 0 0.004915243791650793
0.5873691876477002 0.4083089083350426 0 0.0046138939694810215
0.4027980449513508 0.4890754805144018 0 0.004828577355180232
0.19369584219777944 0.6121518937908 0 0.004998924344045103
0.629551419631663 0.8428864656749411 0 0.004926730261015766
0.30740306359154496 0.06763804286688423 0 0.004837720788786896
0.36413717626732583 0.7073101942401148 0 0.00332124417726693
0.9264058116998275 0.06855713276241791 0 0.0023857463026429057
0.3530929099853238 0.9927273227470277 0 0.004720782788802752
0.7338243620285247 0.138451028240646 0 0.0042493937001157845
0.5820334828407114 0.5090585163249001 0 0.004815998678254888
0.5575271904054457 0.8090951101520273 0 0.0032120847413864596
0.007913319879730533 0.8120754067075323 0 0.0020551620187821014
0.2777417349661933 0.6758883654699265 0 0.004737297429979997
0.7760239308853965 0.5760874505103586 0 0.003909704240994997
0.5407461754826914 0.8006770087911176 0 0.004467016013894897
0.7130410448066644 0.4416346527112545 0 0.004995266081986862
0.972206565424944 0.6532164929515555 0 0.004962795109585969
0.3228720230364838 0.16912785306828101 0 0.004668780117355901
0.2962908881836572 0.5077601653109899 0 0.004992431612054306
0.979371820591758 0.20261320889812326 0 0.004242050637586309
0.8863415351457626 0.07270506378560603 0 0.0044366435566224275
0.2069664414085288 0.023346921785122758 0 0.0049875112625329295
0.9624882197200034 0.17708111332280116 0 0.002928743182649455
0.22095371301846375 0.6208348588688823 0 0.004720361461877002
0.9871581214558979 0.7433413987250023 0 0.004328876118027565
0.2269733934944371 0.9191102962620351 0 0.004632464657812612
0.29735192858479137 0.7558638441421749 0 0.00490362261975115
0.39598833712624254 0.1920730026276933 0 0.0026454606942746452
0.13131595512467018 0.9287834397507863 0 0.0041832642758503685
0.7871707635972511 0.6443782320820022 0 0.0025432032080160423
0.635287092907311 0.7601389879822673 0 0.004980642692866844
0.08618279158507434 0.9276968812259244 0 0.004463051109005282
0.6900430245941147 0.6870280221211892 0 0.0021633698977401765
0.39409947973596965 0.20118804363296924 0 0.004983130433671892
0.882663824544033 0.7112483371116746 0 0.0030106877870335834
0.827848410939444 0.2225742814278234 0 0.004915885486180412
0.6055333332562183 0.7870484866021442 0 0.004982463159166293
0.3368466079931886 0.46482415208823963 0 0.0049540014091560185
0.712490815929346 0.219468396868833 0 0.0030431336936343365
0.36090560041475855 0.9604025800519572 0 0.004587816293538757
0.2582276429624491 0.8153803207816354 0 0.0016033497510048338
0.002441462929068989 0.2209280164956978 0 0.004992002156697218
0.33194992425995457 0.9775616723220583 0 0.0023273886513718706
0.34614402682009454 0.07070328409130576 0 0.004082527620435811
0.7036010344856517 0.3525825101063173 0 0.001556261897178345
0.6074464178566554 0.3078974710323971 0 0.0048064866302265944
0.7914407034755891 0.44167995676274857 0 0.0031149067123450156
0.4333818195901397 0.711552001605184 0 0.0030640576709906253
0.012730607559078282 0.45444513678104864 0 0.004302047594755395
0.31608874822170946 0.7009357281137215 0 0.003911599921942122
0.5891264418099121 0.9393983025923641 0 0.003390625921403218
0.8682017223173472 0.7650418492143686 0 0.003913865998018481
0.2710766956317046 0.6191638945747295 0 0.0005008531190984525
0.6903509707631476 0.6038825145070671 0 0.004343179468513798
0.9884076340710355 0.11064658098607548 0 0.004852953015171273
0.2805097964989591 0.19425748882237157 0 0.0021082436720340583
0.7574277318008202 0.029905306367071886 0 0.0046966403774201795
0.9068225722850665 0.3980888404228648 0 0.0036073412369825183
0.6857187846537567 0.0936396120462558 0 0.004774069052209992
0.689304875845135 0.24392070773296579 0 0.004627612896605936
0.019343542581185973 0.8107161079355364 0 0.004743295764385778
0.5853501128707203 0.3642602607289545 0 0.0030986559657785943
0.41713549735727745 0.22488010483282359 0 0.0036451641043837185
0.47091438117750145 0.24895803298893213 0 0.00499842424096736
0.7581207501309928 0.2168587036473165 0 0.0038633710394541582
0.14779438243380746 0.1378866298200517 0 0.004893077594246638
0.7082404389716138 0.23766185437627016 0 0.004858811509799927
0.044957187012537134 0.19560933231104702 0 0.002641979226894044
0.12770981943906431 0.6031725618726957 0 0.0041753956073557995
0.5731070331800655 0.9624244215451508 0 0.00497297824278254
0.2794811895648687 0.31916747225993286 0 0.004859245519126804
0.4636179966342185 0.8249905986523048 0 0.0024940585773805773
0.8104479093411541 0.6260775265880483 0 0.004992800317276975
0.6543141953445872 0.9436264698428368 0 0.004820894931844109
0.6073256589225322 0.9671140888161435 0 0.0038875645324510373
0.290327738993484 0.5207980037700313 0 0.003104837250746461
0.6418276122176289 0.6477228623580848 0 0.004805068752317401
0.47638179144413734 0.8167732758485218 0 0.004735752900376507
0.4874267607752482 0.3835189577009795 0 0.00386783183312923
0.241820734509507 0.7342277655604732 0 0.0038470065399883514
0.5823520859546961 0.04702373795122104 0 0.004592546101589659
0.35570381929479306 0.5049868772849787 0 0.004812835316171811
0.22982236498265926 0.3939593856032812 0 0.00496890882878541
0.5263578828856392 0.033671123090218455 0 0.004678392501100915
0.972702857292333 0.1848320290096492 0 0.004956102799460045
0.9967866857106751 0.06654379457102243 0 0.003662023368662369
0.8911668744276035 0.6550662451083991 0 0.003269905262481519
0.7533863001632645 0.4091228935913454 0 0.00253430976319675
0.27297201113855 0.22634341125723864 0 0.0028253738154510617
0.2149735286792198 0.9944652020100738 0 0.004432400431941883
0.2431983673261464 0.1416361436641342 0 0.004219253405291177
0.9555169571305818 0.06623032305482777 0 0.004826872637255262
0.7853407736486365 0.31457024677762063 0 0.0026132451217165623
0.7557627765567165 0.7615309191890881 0 0.004917767050272753
0.7227661137682331 0.893527896976397 0 0.0047788726497159095
0.9548972765236585 0.9364993368439842 0 0.004777827227257365
0.9695341274120866 0.036676689639751445 0 0.004999602044493234
0.10031868690019484 0.6843903594155815 0 0.004995367792471402
0.8150297542126564 0.9303980479851898 0 0.004901249811961668
0.3637466290934494 0.921193959346425 0 0.004988553275420492
0.22826945106843374 0.3361700144893141 0 0.001723727549738477
0.5729091015407578 0.20061350012673027 0 0.004331208275148565
0.06097430257679724 0.11623258245333044 0 0.004118500372222067
0.17568364579780812 0.7475629833062332 0 0.0024946935510398002
0.3115220521011787 0.6783560189370487 0 0.001256257713027921
0.9378992947432225 0.021488781570795916 0 0.003935876693896972
0.1553395171787417 0.9540587072585222 0 0.00423661376139318
0.9772098577309737 0.749588236726437 0 0.0046521253838183235
0.713101826182307 0.9862324351371929 0 0.004304046770967572
0.19223455006171028 0.6417521276527703 0 0.00106987118289414
0.3702589555952143 0.3861962554273331 0 0.003893780973810528
0.07754811216706635 0.0960218358468896 0 0.004291213513708706
0.08740356613873622 0.734163004657579 0 0.004624567772296332
0.8064839317914454 0.8539867657653776 0 0.0048515514424972124
0.5811236313562865 0.8275681350294156 0 0.0049832678001424935
0.6663018488884871 0.8114416715036216 0 0.0010111701013319878
0.5663791059224869 0.05479055296347411 0 0.0036542695538547528
0.15649650922277256 0.2384758774691836 0 0.004372160894724821
0.15048116257065355 0.42275544871228593 0 0.0023771703088706175
0.06902247606318189 0.6478812224247518 0 0.0024722546155115112
0.15887635852731516 0.45434123410811017 0 0.0049486916825293254
0.10832521420504136 0.2544548532584167 0 0.004303880610405496
0.5692850179144806 0.43925360142928543 0 0.004855418939815449
0.6443723353808235 0.045754421776015505 0 0.0014076511052699863
0.5555169319299164 0.23572676210126595 0 0.004621034033122694
0.5821595828467429 0.08283937699736109 0 0.004053737491919904
0.3951393926941758 0.5034458461488911 0 0.0035485033755405307
0.6771925814963287 0.34187924565469413 0 0.0011884398245987063
0.49484335823862396 0.483911687220464 0 0.004043163806566532
0.5231792705382174 0.9153153773305402 0 0.004958181106633415
0.947287941702146 0.9152638331240187 0 0.004972444028400679
0.6873951803493541 0.9064016050067738 0 0.0028301176056160253
0.9673164020605219 0.4170033266237377 0 0.002293559921643663
0.30692951056782186 0.49569103469053205 0 0.0028261230905470528
0.6818775269988301 0.9566927411425824 0 0.004888693196141406
0.8560968645982436 0.6260082827791636 0 0.0018730733169752792
0.6006230333617528 0.15476597933478672 0 0.004278368327096424
0.3893257320158739 0.585252153226792 0 0.00446942456571783
0.175083840710022 0.8953074907182421 0 0.00497683574025942
0.8482718174986448 0.005070359788314266 0 0.0030258746596860922
0.1966506040269191 0.5945432293365589 0 0.00430812593443924
0.06657174132166808 0.7829343153108812 0 0.004991599595393457
0.8075720873114339 0.09121784838544865 0 0.0036825302425759583
0.30558329548269 0.4828180366980462 0 0.004885285042564412
