0.8665618499863412 0.006435054081123321 0 0.0049987614514930565
0.898297970031938 0.080814647183001 0 0.004504169851807924
0.6166500426836183 0.04089576548481154 0 0.0012577719216857203
0.5062690516689822 0.9238297864122954 0 0.00345200095944794
0.8793731884001768 0.054789356111084694 0 0.001226073830353811
0.4917117367620975 0.023483158921698492 0 0.003991736931458054
0.9064106259549528 0.11204627129444887 0 0.0031612457473303214
0.4967416490434678 0.9209263190491157 0 0.0038454495546665322
0.5798001523715047 0.1725551928558607 0 0.002455468214793574
0.9583259078949694 0.05417320333417129 0 0.004488797996796585
0.5841398266372708 0.45130000419937516 0 0.003112388197462898
0.7993698537926879 0.3287121504591027 0 0.004235542277425155
0.2482608375402275 0.7376167555621275 0 0.00400021059340652
0.230953321574442 0.9640747737939593 0 0.003047618854984443
0.2086018531514627 0.38887864570497627 0 0.0022563306905106183
0.013014213762388309 0.17585054392841334 0 0.004690397677470363
0.48206165874698476 0.9464372267010717 0 0.004794952153398211
0.8889941233079831 0.5443537183758714 0 0.004910880168163637
0.6995205915843458 0.4535317350957307 0 0.004984659294812509
0.6367615888081534 0.05294806270892126 0 0.002837719770520059
0.8758493903510703 0.035998952556026906 0 0.0031556704132879834
0.6132739562311069 0.6780559525621115 0 0.0033264322742559706
0.0689647352750412 0.18909005846165813 0 0.0025094819207482754
0.008570473371813596 0.9540394876089475 0 0.003459664238964422
0.5178271210400932 0.19735758763165098 0 0.00436992350879143
0.31767839520663205 0.24718313974572434 0 0.0027636252965036454
0.46174964656390466 0.6104689383849952 0 0.00418400624208831
0.43993325073289063 0.18633472419884764 0 0.00311216331004127
0.32502405413855345 0.17056767134006576 0 0.0046817782838539405
0.3236879465278157 0.8335702627836014 0 0.00496788855031825
0.9952329650802292 0.6491842034440892 0 0.002741155140808403
0.6125033406699959 0.8684102757136747 0 0.004121419002124258
0.34765079426481643 0.6008939746830086 0 0.004658384566995954
0.13455014929721062 0.21079040130848523 0 0.004692866987354955
0.17307341723794664 0.14382439019568857 0 0.004016586188341637
0.19966450808254774 0.6672481432212787 0 0.004913106267006983
0.9223291836811263 0.15208537750793225 0 0.0012923380133957412
0.5204077009931244 0.2537109581665096 0 0.0021658886540644314
0.19767688764878696 0.05865453665495589 0 0.004867242021921049
0.059124203341333156 0.5724217232714967 0 0.0049891592887924335
0.8970335546151181 0.34877797009868444 0 0.004961912880021197
0.42311852048711024 0.01912525526447583 0 0.0042825359512733575
0.4727822116330748 0.6532928327444673 0 0.0048965116807370345
0.6810727455192815 0.7730869640462668 0 0.0047808930799355075
0.5903583655622389 0.6346323468482687 0 0.004913666164567755
0.7239329840033166 0.07419717159602977 0 0.0049224063228372975
0.6467103696520975 0.6973493055475795 0 0.004791753394903
0.5109881962610124 0.44204429450656596 0 0.004946008507071681
0.8315437859760285 0.8828679034029285 0 0.004035840690648308
0.9735913252383589 0.7439804538782704 0 0.004992211517055761
0.1839229669549731 0.021341134650802666 0 0.003097969376048454
0.13401755284741954 0.49995548369336834 0 0.002990906554180045
0.8084938423017336 0.3880781709732189 0 0.004648659877406991
0.626123394466591 0.256600236035099 0 0.003757242328704126
0.7146190085884093 0.6900830140769748 0 0.0035450421925835654
0.6465412714030877 0.15068815754529183 0 0.004913694313940531
0.08259111040423049 0.008689349601951328 0 0.00299007186553794
0.8307308008084812 0.18484890995746547 0 0.004054599199652393
0.9307627623034793 0.9262267335497008 0 0.0042165110383907385
0.17725976575703925 0.5792712498681217 0 0.004058688556345228
0.7288891643232082 0.4475237845717172 0 0.004994881524499943
0.19659708045558863 0.9969739263610922 0 0.004440650267049085
0.4711918203090722 0.20780404017607287 0 0.004546047626049142
0.04793327549265823 0.7241092763280631 0 0.0034234133515912693
0.2684720753650262 0.9115835125214384 0 0.0028530007540622467
0.9572450137938591 0.3685128234335095 0 0.0019636932781408544
0.11452586905538296 0.28950580259685826 0 0.003983798866810413
0.6779094206949089 0.5733430590698091 0 0.003283387283832199
0.8514171015455443 0.9631294474717466 0 0.004999923774059572
0.24669519922430236 0.5142186793832592 0 0.0043291411065106275
0.05097144564375343 0.5346251563897528 0 0.004999931995260652
0.05440814920457136 0.23704306178707532 0 0.00461650184224886
0.8569916660223831 0.07455858732086716 0 0.004869073702512553
0.5884300463635026 0.008051739741074752 0 0.004951054175139319
0.9378336467070856 0.33262795734593403 0 0.004995831235247158
0.7670804562415932 0.42838501986072913 0 0.0024256205893844686
0.7494327730839535 0.7681554571848677 0 0.004708729333041565
0.7006659778207708 0.6759630851098967 0 0.004294133833673184
0.7737208197045246 0.499358220051868 0 0.004798105918811841
0.14777666440806356 0.27141028627326563 0 0.004821809484803516
0.3797552376063425 0.24423922524477246 0 0.0006973831386455114
0.5019240424737426 0.8615538234705723 0 0.004598263631594933
0.547081050936037 0.522490458363332 0 0.0028277669965254236
0.420783988121833 0.9968258946010883 0 0.00404442752730273
0.03450399187030005 0.5803509888850732 0 0.00402154130931945
0.09289655946425533 0.45885768275557465 0 0.004918929789015712
0.43748305154694894 0.8451496291470637 0 0.004296574656849672
0.753662027232475 0.754555924039784 0 0.004993805808775622
0.9686454653720167 0.5836264168952788 0 0.004617596049299401
0.40608283043716525 0.6318921111494828 0 0.003159299910019303
0.6143875457730701 0.8816857293634606 0 0.002688758020259405
0.8562789357376901 0.6907687001889407 0 0.004391389974382365
0.22727119066557397 0.9329147272073128 0 0.004578475377614146
0.6631308849653312 0.5398670123920454 0 0.004759297159296605
0.6674822246623319 0.6307955585166463 0 0.002622325175428379
0.29005001379693246 0.4339640699576432 0 0.002285224027269805
0.24022863882684206 0.30134046368764106 0 0.004829544532961063
0.03348441001474954 0.030254609319797725 0 0.0035579628902845167
0.9819146472576563 0.37563227056016674 0 0.003976651055027078
0.4702093781540339 0.44542742800082064 0 0.0017532098457588674
0.05840644750545253 0.7619857966693276 0 0.004233224655569481
0.4016654407548142 0.5382552383534581 0 0.00484895297701887
0.05317785799403828 0.49765950261134523 0 0.004342439772637723
0.8577325313847636 0.5736038620627169 0 0.004684044834655706
0.01762969159414795 0.7071027443932758 0 0.004375878677623562
0.9334891088948829 0.01547179254158048 0 0.004991360091306221
0.364863623455094 0.1768495765545993 0 0.004357047049014537
0.8057574833474404 0.47270225522703185 0 0.004998464545479153
0.3092256259301292 0.538341631745117 0 0.004986804305535791
0.628565332908997 0.0656315102235132 0 0.004913760939775004
0.16376406277679986 0.3550367444011527 0 0.004932273155327137
0.18757482588969784 0.8457212683448765 0 0.004972008732614852
0.4811470575040058 0.9085624055850144 0 0.004460751029569236
0.6683556550731437 0.3981729673924858 0 0.0019932952120293524
0.11455803360461524 0.37157880739983146 0 0.003502456317561725
0.3813312127536204 0.6998644212478319 0 0.004977935800710408
0.7430353939910946 0.4772828295728882 0 0.0049391745654877115
0.8479949546239165 0.8577889039686845 0 0.0035812069108033203
0.5990124941786893 0.7602569687374214 0 0.004851821715073849
0.2869762747834301 0.22915878510973095 0 0.004737446337224863
0.2464021912155084 0.7112964546126462 0 0.003173105512148046
0.3902416961732757 0.13223173889546544 0 0.004875396579346896
0.09034740598914358 0.4205700857942463 0 0.0013833485229994085
0.6963684505513158 0.9356866908354712 0 0.00478939099857376
0.1266160063002044 0.594750942527479 0 0.0049996422436565865
0.4651833070254258 0.4994053614266945 0 0.004599072554588135
0.35149823394397134 0.9064450142415689 0 0.0038992423603651082
0.7063168814282885 0.42596604164016566 0 0.004989253554290807
0.4837903741142991 0.011444142671139017 0 0.004954079030886603
0.9247524274626614 0.05345349933638076 0 0.004884407952988036
0.6537678778257523 0.08676341226965088 0 0.0049998495759344145
0.5103515074969203 0.4176442341490563 0 0.004995258438016024
0.9825649261327004 0.13198111460056736 0 0.00392713013163939
0.8888247761834425 0.4620551000214062 0 0.004542720924272729
0.9561073410502612 0.036650654571186755 0 0.003836639930428428
0.3079296254034459 0.7309838973767387 0 0.004782829154022767
0.3042410303594187 0.4095691442290061 0 0.003168675695501282
0.46133729239364224 0.05672650137665523 0 0.002794497207435088
0.3553032613288282 0.306010302652401 0 0.0029905671550822825
0.583977899182488 0.5536578479293922 0 0.004074933403476787
0.11849076479445829 0.6292323060392017 0 0.001626185177724989
0.2064757534259156 0.2540921545727675 0 0.0018117237164760153
0.7093381565329976 0.8618287565561633 0 0.00493855197325956
0.35974178831638476 0.04864763737914633 0 0.004896590505425395
0.6341274843940834 0.5591685828190263 0 0.004441708166957029
0.2162418852061467 0.13282591738666835 0 0.002238814286626615
0.8744886185738542 0.9874594186073844 0 0.004922935703985629
0.6496873028468348 0.7469400568949967 0 0.004169810501695201
0.6648349380702264 0.5656444836558302 0 0.0049284454272501615
0.6810615115850345 0.43468157612077113 0 0.00489594932140047
0.16332125883990065 0.703042988603811 0 0.0037066440771851184
0.04097955861920975 0.3019379447807104 0 0.004939649639392936
0.946491080054015 0.20430393844199998 0 0.004142499962175967
0.9511853389175027 0.7643791337034043 0 0.00300611468300441
0.8148048471864676 0.24869936168168902 0 0.0028434159803958025
0.9636625242586685 0.17271439561168142 0 0.004829576460567915
0.693392405381451 0.4120325854700346 0 0.0021574256375124752
0.5491766779180329 0.1237193471998632 0 0.004997724288412693
0.307277999278665 0.06825958547071619 0 0.0048072175045369885
0.5673491323276683 0.8141906644224026 0 0.0020129413293714284
0.1449561754858388 0.2920403524775658 0 0.0033818945596218197
0.2866742099018213 0.820169500263825 0 0.0045881095021026415
0.7307724423248751 0.13189553796683604 0 0.004687373062056401
0.5356031113242053 0.1683247446493462 0 0.0014226781833286354
0.715687285040221 0.9355364604343559 0 0.0049138891416938306
0.1914889949155318 0.5892872952133252 0 0.004155214459578751
0.5026490745535304 0.35282182401598966 0 0.004901873466681862
0.36735983628207064 0.028349923230409295 0 0.0013427914607333036
0.9672345900140483 0.8997269393984706 0 0.004530243201866401
0.816971694663525 0.5796651976797095 0 0.004861122374749046
0.8173904812357391 0.5346777598564917 0 0.004925264299830506
0.9280215592990204 0.34920305379695266 0 0.004990769111873379
0.7063379325552904 0.17587968629621262 0 0.004504340675607488
0.2790711859514477 0.5531027651298267 0 0.004613537062250197
0.7696797017898289 0.581569809929902 0 0.00033569002641739977
0.6023906581581608 0.9760657143510747 0 0.0042814215353877754
0.17071148053876248 0.272399358619933 0 0.0039045661461191926
0.7695363433470236 0.3355974568757933 0 0.003547495636937671
0.04937241562574589 0.7766526987934571 0 0.004374679637990664
0.7171108766659909 0.1841243152594307 0 0.002352543767559649
0.7788191054429179 0.7202017399283303 0 0.004821821545902262
0.3020456437598697 0.35807937768731596 0 0.004599074531490452
0.4810256650987204 0.4349696888742726 0 0.004984291128737011
0.5702343806806415 0.6151430986688322 0 0.0032320146668036957
0.8037024228834885 0.0850990347769046 0 0.004923867929959972
0.5096577801862764 0.8954836550219557 0 0.004878583871126249
0.6565870927625701 0.01885717174365164 0 0.00402726910382391
0.5701244331980893 0.024454323846975094 0 0.00398621256053884
0.6097487420961789 0.748518891722349 0 0.004549731283641522
0.00017201423041590232 0.013893216108155741 0 0.004992547089979345
0.9757075794955414 0.9860682378923297 0 0.0011707839416765428
0.034803291560906544 0.31001499327401366 0 0.00044683257544631
0.7782479977684663 0.48107725691514364 0 0.0018629744356182644
0.881297170412222 0.15258093432221284 0 0.004994620426136345
0.5166845818262683 0.4018920731222448 0 0.004989162486489534
0.591661929259451 0.03106140686161884 0 0.004110787270917933
0.6841893146851463 0.0904398106335693 0 0.003137014907945613
0.22716537451970317 0.7443969443519537 0 0.002329630801826901
0.3056689821798079 0.022911347429325317 0 0.00495394679794798
0.5947626101454432 0.20398405385529758 0 0.004368746066827011
0.7210270864924321 0.9257852666892347 0 0.003567880143169462
0.24846281842911697 0.6184714426064036 0 0.0016096582055621542
0.2927840848102438 0.7519083323790752 0 0.004815720837176736
0.9619325347975486 0.13071481292949225 0 0.004932943790637134
0.7800381962562845 0.07890856894773422 0 0.004797868263093664
0.3998939493312977 0.9326811052257119 0 0.004303780954969592
0.11893143533198301 0.72355673490524 0 0.0049964497294834095
0.8870354655001393 0.6947640978601941 0 0.0045662170279367545
0.8452837017707053 0.7152800903181498 0 0.0026173960350529455
0.8659275175669227 0.05270051187879675 0 0.004956806764192435
0.416759740116259 0.7923714525408213 0 0.0041762104206250865
0.8393428515063889 0.7899549202052606 0 0.0033628097012177484
0.8956656330525559 0.15444299329887565 0 0.004999879736231755
0.33992350096027607 0.8924004311822938 0 0.002893316729475109
0.19911130627531845 0.3766872173105084 0 0.00499609886414432
0.6175160556662973 0.37375229319022346 0 0.002380574012146042
0.7190139744618612 0.6247296599467577 0 0.004112968568918314
0.27295922596379313 0.6892044318287265 0 0.0017214740127224275
0.1702932385291712 0.46015391088506846 0 0.0027800348182097805
0.10466790190215568 0.3108213600248358 0 0.0035601745248310763
0.7790406287957945 0.9506702085477363 0 0.004987670900166488
0.8667760643408673 0.11238691571396263 0 0.0040268049158832175
0.6961491426362837 0.9771474405001187 0 0.004991996680344243
0.7559310883635064 0.26420813921010705 0 0.002296558500859743
0.3051501032533083 0.21259401510044793 0 0.004113625208020786
0.3814470065183348 0.16474795289987895 0 0.004986197782978659
0.5139251440074981 0.13010823798651192 0 0.004997010451987624
0.46291711361391324 0.06871214957143566 0 0.004996572344483678
0.9841826268110286 0.692844247070626 0 0.004757536157778816
0.39996398076875567 0.7187045179314732 0 0.00497238617526218
0.5751310392750436 0.7460698010916715 0 0.0034896497316225295
0.501639892692841 0.647073828354231 0 0.00309958669361457
0.237373403725996 0.5769707787111438 0 0.004629820746959068
0.32128207732648834 0.0027034975658293222 0 0.004185304602800879
0.40640591952162736 0.5157250553851594 0 0.004714523611246961
0.3023362036389398 0.08378617220120209 0 0.0016350966205416232
0.6388180658990863 0.20372171164136108 0 0.004290200356671717
0.5660541260077696 0.4287612734572976 0 0.004825539627645562
0.15331140652037475 0.43535479674628436 0 0.003266286704324221
0.9849789523577522 0.4034861825273863 0 0.004374004927564501
0.3916196184845147 0.7478965718164304 0 0.004074018278016596
0.48348868620234314 0.37747943089759434 0 0.004977217499042615
0.6862345211358881 0.5830597634397785 0 0.004950652294218945
0.6723029023653694 0.6866218451861781 0 0.004861322959083286
0.52109974863332 0.09725809676814222 0 0.004304394866055312
0.8812941188887736 0.7410386342579972 0 0.002477953869004046
0.277823491679783 0.7561265711467159 0 0.004282717426758678
0.7677986246353823 0.20507504849983924 0 0.0038999671016355544
0.968081816771029 0.8897251566857919 0 0.0036495370816080237
0.3414041088984083 0.9765608371339615 0 0.004975889478241585
0.1938019431355615 0.047096709451823746 0 0.003869865159614862
0.8724760360554594 0.48204708958583303 0 0.0045028881246489075
0.8177908436470165 0.8752583350607489 0 0.0048959258189568726
0.5732007733979265 0.7134315897593688 0 0.0019517998330821171
0.19498293199116332 0.40270604026059004 0 0.0040456716274003155
0.8189021772072779 0.7449956746749931 0 0.0048924182575479265
0.7837703036232301 0.8643119442372355 0 0.004942458476885244
0.9759371404690584 0.09950539274365065 0 0.004992053024380876
0.7990941183308522 0.9667513684144551 0 0.0034963420407701142
0.0070540201864744915 0.2705865150220575 0 0.004938809126045627
0.4261650093305776 0.048557599222407974 0 0.0037699899980487383
0.27993882029666844 0.07352033644988219 0 0.004076643594920955
0.9072652036252301 0.9750161274695879 0 0.004984220192726652
0.7041339719374685 0.889538915870247 0 0.0029463177056281067
0.25247864793392033 0.9412994774487136 0 0.004758042272900677
0.0709511961532414 0.06447809416400539 0 0.0027369956351916097
0.3128639358508826 0.17126203535860138 0 0.0027718997862257156
0.27693235906572905 0.391999616660568 0 0.0027439465233128763
0.2239377298681002 0.2556329050771177 0 0.004406364378255232
0.22241346735273934 0.1211300379408695 0 0.0032933283810269044
0.9977714359573971 0.24778347507799822 0 0.004396940335260613
0.024646074477795647 0.8639204599339219 0 0.0036481332010245547
0.0490436589633466 0.13444016337763073 0 0.003388251180661509
0.5582949220705627 0.14775290130170135 0 0.003820695159812858
0.3380320231944754 0.44997545342993756 0 0.003649660202534649
0.5424415789953786 0.1771049554816657 0 0.00313091496672131
0.6529937822012258 0.44921741893191997 0 0.004645244629579071
0.10980043019178475 0.6446110960988455 0 0.004729594257118299
0.594265346516568 0.42911569334166816 0 0.004768327622348937
0.7372377642950285 0.9386941583002019 0 0.004983049432639136
0.9498832114366512 0.15758155635731116 0 0.004754711576509869
0.008802557030429307 0.6755656092444712 0 0.004821840679143092
0.0178323045258073 0.5220121949522443 0 0.003899245011667793
0.23395603859224587 0.28725051206586466 0 0.004998695968659811
0.2656527604713577 0.3663603789282925 0 0.0006612733377311163
0.5705440033835467 0.886172368400185 0 0.004981085868755122
0.7505934791430803 0.3216165059113569 0 0.0035567345057305076
0.9945917589854861 0.1941781999496571 0 0.004739447822619964
0.5736374034013798 0.8533095036489676 0 0.002613753956970083
0.3107916318512816 0.6172325690427082 0 0.0020817864489716446
0.5691023929428627 0.585612061998078 0 0.003315886789634235
0.247278138005073 0.16060710654618945 0 0.00490331429822689
0.8985833859413908 0.7751577360518507 0 0.004603116057768783
0.7167676199550116 0.09931101840495114 0 0.004517981968189484
0.12148478990367827 0.13017627706612897 0 0.00399044905731367
0.10389604601719114 0.8991781176896682 0 0.0029034391377868256
0.2540417377515826 0.08181181737478703 0 0.00496390186847964
0.233580194753619 0.3610653997803604 0 0.004998081144394235
0.39609740847282077 0.44192264806038445 0 0.002114540513602333
0.9110282850535395 0.9485711668052721 0 0.004569525969705916
0.9897742464075554 0.02387936589345973 0 0.004282754374333678
0.32765140331034787 0.07993110200961771 0 0.00497501328966986
0.6849450775758669 0.6159966053783992 0 0.004691504115600968
0.8924424159573581 0.2663675672036359 0 0.004287030489359456
0.12997263703506298 0.36804139782847883 0 0.0015792919170323637
0.7662713066268735 0.8785989997408752 0 0.004051573593267427
0.7747587637365323 0.369830553197983 0 0.0010206090218432356
0.8861399730012633 0.8810747054926019 0 0.00497464585870874
0.6656646566201608 0.2783830567288917 0 0.003852816404071945
0.7560253713602728 0.9022484667280856 0 0.00271140159294709
0.09951311981608134 0.4713614521889327 0 0.0035698085865216657
0.31187724618139584 0.9356328379300799 0 0.004995861125315129
0.897850205934209 0.6796524885625346 0 0.004904008898010088
0.034668542828292334 0.2286542166834826 0 0.0022681425740757174
0.7627354288330167 0.11682703893007694 0 0.0024267622468742284
0.9093718792144553 0.14649217182174787 0 0.003411603548654893
0.19121515781643858 0.953513676312987 0 0.0047593034419864426
0.048323461869436354 0.5805758727483189 0 0.004617864407399476
0.09274888580693506 0.5807219928611975 0 0.0026979630537086454
0.4909817252878849 0.0962247186870706 0 0.004999996883239708
0.4070146149189318 0.7671787477369926 0 0.002292839998307083
0.6131989168687304 0.7111101534214676 0 0.004652697934756397
0.4303704563374146 0.6127784713876849 0 0.0036214973473856866
0.5287054540947036 0.15732148398195797 0 0.004997499683435694
0.46638010523082 0.9008800841493485 0 0.004431531872051057
0.8950238314874781 0.7384991948325452 0 0.0011753433689344092
0.2789228974415761 0.7725938220822532 0 0.002705685859757536
0.7209293400969429 0.7198356670855489 0 0.0029244768441211632
0.8364097787419462 0.02597480540768759 0 0.004171850168628962
0.35228821124414295 0.8377702204897098 0 0.00464216465678082
0.42425294712244493 0.1988658988560362 0 0.0031562623725448534
0.9385065845676664 0.972533613924488 0 0.004936186719792297
0.8135784803952788 0.08266476073081618 0 0.004497750594474623
0.012745377848421773 0.3110312870618375 0 0.0047896670447833195
0.9512111949909283 0.8749026033053088 0 0.004924259498979857
0.9124580634512471 0.9850115223171525 0 0.004221315870501194
0.6590687646081363 0.48993909054782897 0 0.004997935573391424
0.4744994903324364 0.06393321580463328 0 0.004986909801173507
0.8282279560534924 0.4219258897713079 0 0.004999986764190567
0.0037970435873968486 0.5493104308114977 0 0.004997325533260914
0.03975273690062296 0.7091003101946136 0 0.0012001227584019425
0.005110386448992749 0.6045561400178793 0 0.004295002373236561
0.5476850235795129 0.5915479067565896 0 0.004994140234579354
0.480698279168752 0.7959612818472257 0 0.004999581869386968
0.1300937403333173 0.255020973428946 0 0.004895890318992451
0.6180907873882169 0.8594273204973671 0 0.004430812802465039
0.19197673333724427 0.1601391581702096 0 0.004858794988840594
0.8528599415895266 0.42091985667028425 0 0.002903022242930605
0.7645358825993189 0.03439329931006506 0 0.004762679684918295
0.9137639614809473 0.7804104049489352 0 0.004406935531315715
0.9819473632979138 0.41786640800546176 0 0.003941974991521053
0.5344546238854083 0.9489140702916437 0 0.0044496313416571495
0.986288064244313 0.6126496194662273 0 0.003569229403634414
0.2656316617396793 0.08378220231268994 0 0.004948596340746531
0.9071628026940055 0.7273271540351883 0 0.004342106632228113
0.9876052557675112 0.8712050786340216 0 0.003707494222442277
0.5511138275306089 0.9052109785868968 0 0.001661025944755908
0.8432572128961113 0.5961396891432975 0 0.004863045420033348
0.7592889214918588 0.35893810781067853 0 0.004435476456500385
0.5799078750222553 0.34821269365210755 0 0.0004347312938838943
0.3678916226405789 0.36562078033909046 0 0.003470626012112677
0.4848878076758398 0.2319353947121404 0 0.0031982700053395418
0.6835138832472167 0.7259659473104363 0 0.004997035770100182
0.5517880516789079 0.051921888909300704 0 0.0016422522130626704
0.6677575569683712 0.1688378838562352 0 0.004398512142414255
0.9172025251399012 0.9231015107518012 0 0.003380835750631119
0.09818083032158186 0.8827918881175024 0 0.003966738921856813
0.08932811131872852 0.5221125868429646 0 0.004999995617757267
0.7009751895137614 0.3566683622404759 0 0.0048773331551363935
0.049572618919631814 0.2961654263744456 0 0.004477921095463758
0.25111734389637724 0.7046257693793844 0 0.0044839784824601565
0.28896252148354246 0.14140459635278332 0 0.004880308694710794
0.5283337328250873 0.5078044191287767 0 0.0017450349059216672
0.4356897322684385 0.3495293064469949 0 0.004999964866968706
0.2597991871487065 0.9160728836973503 0 0.0049615215633774514
0.3964822548676949 0.9630577208805785 0 0.004968744758493407
0.5374042466673766 0.6307815580658312 0 0.004729180486375229
0.18819187859860106 0.20402290356702543 0 0.0013488617261860356
0.2941384242022926 0.6854257858053374 0 0.0021838681874157295
0.8554096047726034 0.46183586699028184 0 0.0024045940698284537
0.5894020708815841 0.9878153465077386 0 0.0031468675423684646
0.13063160288968298 0.4296272668660482 0 0.00488133320915209
0.6223863578738877 0.7528359968255981 0 0.004864277737220784
0.959994128216011 0.4319177451356379 0 0.0045826024516773065
0.24647103867006834 0.5767766577969904 0 0.004387102116912149
0.922230828615867 0.5957817472178639 0 0.004869889056250522
0.5025769265894287 0.8792389060242161 0 0.004989430432606846
0.730838853105724 0.6374071616779282 0 0.004267576253368906
0.49926033864413727 0.9860469680576526 0 0.001366815080222712
0.7484565545680969 0.670427821417108 0 0.0036689803085272303
0.41744946723668425 0.5221471962671629 0 0.004954684838649143
0.1805166097704177 0.6056564835158911 0 0.004144821851320376
0.027712293986357765 0.5875954795216628 0 0.004096645324491646
0.5848248075529495 0.4872172428435381 0 0.0012949216975453124
0.7415421506066073 0.36275268953640744 0 0.004506732996757012
0.16468468006495793 0.9272699408789493 0 0.002978097006995814
0.4858064498740761 0.5442405172835565 0 0.004917895601642063
0.1966204880497485 0.4934746234182799 0 0.002883816331179259
0.07715512435987702 0.4882849204236363 0 0.0029504612033316433
0.15448616594546968 0.9453780578345193 0 0.004974427828190395
0.05549757625117478 0.028219270631381514 0 0.004996257166586182
0.7211872018032134 0.6385973729925138 0 0.0014753796401657546
0.3795492722793728 0.3293227535453261 0 0.004965242158123427
0.834209855618111 0.30040623818053386 0 0.001304531181384441
0.16555361266130217 0.7698114071614224 0 0.004891938859748954
0.8587478621620552 0.3764956790233573 0 0.00468079894535858
0.5285658417220523 0.6568822984405687 0 0.004240447022368061
0.871042368110414 0.5850966756056553 0 0.004746967573394848
0.22748056731396668 0.1871517248171551 0 0.0044436719862839145
0.3367583239561949 0.9186084421483347 0 0.004356938348757419
0.15174442918981487 0.7242228397789399 0 0.003425770837554943
0.36997249794403547 0.14962857298465934 0 0.0008805061259976808
0.6041372880709532 0.6436158496652498 0 0.004030428308165137
0.209118294346993 0.2788722733624301 0 0.0008629787517818303
0.13253050902635752 0.583753266516636 0 0.004982863320806839
0.8256732685669511 0.23688201758358438 0 0.0037735392396179303
0.46703255900343904 0.5605480127859274 0 0.004888130760653169
0.46036475336948773 0.8727633965781313 0 0.004985468614876856
0.3593247881177523 0.6699504644717165 0 0.0034253633764180927
0.7619330105995347 0.8224960404088261 0 0.001983821933338889
0.081075814080501 0.6335144632745278 0 0.004684726437826896
0.7231937466972996 0.6657663859480323 0 0.004070967885537329
0.662280747977496 0.9593281633514731 0 0.0038704776413855443
0.25214641912357055 0.17795940900038607 0 0.004187827400456602
0.4004819180724057 0.42488770265053094 0 0.0029469539744928527
0.40152197477358414 0.9016291208561491 0 0.004036736315059928
0.107080712303513 0.29700800201969185 0 0.0008148958235748282
0.027917288228431973 0.3219398789479488 0 0.004480083998709613
0.9666868506602587 0.8015421434987767 0 0.00491652791467214
0.2608738797158285 0.3095394030094886 0 0.004986461534999249
0.4602334025466804 0.950535974171313 0 0.004649490802214689
0.7119398663069927 0.4829208553329259 0 0.0047350043802090675
0.21320647561351044 0.6410954624486129 0 0.0038054218555193206
0.6925007456518053 0.6312413737767759 0 0.003853084759190674
0.8094350616691985 0.7545083966227153 0 0.004758067191340916
0.8027379951377848 0.5573209397327569 0 0.004177651986134903
0.7772894221567567 0.5203278850431698 0 0.004816734365438019
0.8568572933046602 0.1962387520605405 0 0.004999067506712908
0.6807603653726901 0.29268394837753814 0 0.004107348168718564
0.8856675771874409 0.41239738619197136 0 0.004385712576776136
0.12963451658943156 0.5160935521709542 0 0.004543421642551143
0.7918070318843048 0.27032648188941316 0 0.004999498136636128
0.01554982201425547 0.3895756709943095 0 0.0030700036189157858
0.5539847886672153 0.5151882175856692 0 0.0021732957283303006
0.6652935817510304 0.6096070552268393 0 0.0030794139988460827
0.9698120807788467 0.6727801796194488 0 0.0031775887702251166
0.8690224408964495 0.19321142591160964 0 0.004986992084991304
0.1514396264700186 0.5523167249053853 0 0.0006004297791005008
0.0862636300863354 0.7035312397591593 0 0.0021736395204151387
0.6122052148954715 0.007499461481738185 0 0.0020665534806802574
0.95515009112157 0.6548188638728434 0 0.004282602471111175
0.5250565634016221 0.4909724280815034 0 0.0032063136314534036
0.14199549710686563 0.8566904353503892 0 0.004126577031478015
0.07727721502626082 0.5311153063971017 0 0.004861442770381235
0.08227414764772033 0.7433991109966976 0 0.004995886093998162
0.3414551279509183 0.031852014750421084 0 0.0039042657863116964
0.7874982448735792 0.7757066595959685 0 0.002769077847591963
0.02805004254267495 0.4471740227879278 0 0.004098142027048785
0.7937931607417174 0.6071396325825993 0 0.0038463817090774234
0.47898569772558935 0.7687177496696637 0 0.004878166501752932
0.26952005710586363 0.2053470259244254 0 0.0033239094735561152
0.3382528224498534 0.1567098737708353 0 0.004894785567637226
0.35722628294234576 0.5262103594795862 0 0.004118204414183562
0.9549710103546927 0.9373199492876788 0 0.004419989465888722
0.21889925611210145 0.5938736155137047 0 0.0020945121149309057
0.36806873176157046 0.2087193887799433 0 0.004838129769180457
0.49403499737284334 0.9787255123003138 0 0.004763625508041695
0.6437037619010736 0.3526471099700306 0 0.0016242063107265114
0.5149911484780618 0.6072679933673555 0 0.003568861000603233
0.47163575236904826 0.043589322086556734 0 0.0035035564906758764
0.08739251423273407 0.7981836666671205 0 0.004995846854347334
0.380272115605293 0.00383091922815137 0 0.004156238539889887
0.7964984541214246 0.4690101011468431 0 0.00493923775056347
0.5141981939733435 0.38163663186455915 0 0.004854107678274433
0.04141339824580913 0.7883973338355489 0 0.004904742129226341
0.4717639321086779 0.2782498044189969 0 0.004864455370261142
0.004114872474735959 0.9240053275735144 0 0.003882054516887414
0.17826368554096692 0.41762168983564213 0 0.0037296512555611127
0.5062939565595719 0.111055763394427 0 0.0008683138232017373
0.9325191578896804 0.03194015580386088 0 0.004964533921280459
0.00864388430441531 0.808146321735849 0 0.0026428252603970036
0.03322751444049153 0.29568995131513304 0 0.0020250201322147827
0.5494737285450527 0.08713258038663284 0 0.004182002795739002
0.6295674336077283 0.2850147130141057 0 0.004809609960229788
0.6421559350580995 0.6322266652988271 0 0.0045701323560294995
0.6496237710066513 0.5523991203600733 0 0.0029391653391261695
0.4419517179642148 0.5361749729246524 0 0.0048254164357185905
0.3285347081009861 0.7507506390636413 0 0.0037320455236606216
0.644024792294957 0.1358260803535962 0 0.0048936962027117436
0.5217438780751855 0.6197476083261064 0 0.004574492657888478
0.0025026272434929228 0.17512511936797678 0 0.004814954963361241
0.48049154504455055 0.5111228197957727 0 0.004826607014203026
0.11774886305190922 0.4562627683221237 0 0.004873554186745206
0.7016185799926054 0.47868446765602485 0 0.004749371918984633
0.5785598070097966 0.18136992545625927 0 0.0047146554039235195
0.9339774117258839 0.4418746176677298 0 0.0018825461217049902
0.71451816279842 0.8261326971136755 0 0.0038100172866365987
0.7875667128772713 0.5198008674285928 0 0.0022369369722691373
0.4855521209902171 0.5988947712843284 0 0.004793390714317817
0.18900470707242265 0.7596795980577701 0 0.004695498708944159
0.9414650670742825 0.1891805619941724 0 0.004978971017237362
0.5050924391639946 0.26290636928859284 0 0.004984404329848956
0.40999445358741377 0.5549246103134773 0 0.0037416546448638044
0.975479523694313 0.6308359798802612 0 0.0028231640800628695
0.3751402113673257 0.9001390213001864 0 0.0027986290993304817
0.10579257625657544 0.8069200428197694 0 0.0038392831786576652
0.40411320431692704 0.7063147205796249 0 0.0048925210416815535
0.853249586315243 0.6573282405624584 0 0.004411697173447133
0.8664139018387427 0.7127846532328385 0 0.004655388532055968
0.7845822641734411 0.6556988923376137 0 0.0031658961291428146
0.6851848481291196 0.38108161289144254 0 0.0034254861506601477
0.15945966224021432 0.1641916644303558 0 0.0033615181114756572
0.6651167476076142 0.5043818779674135 0 0.004987104406166199
0.30781106022814403 0.47369835097808827 0 0.002162265605893607
0.11151771870788384 0.09045351680306556 0 0.0046201998305511515
0.8494114610975361 0.3895315608774867 0 0.002865802055081168
0.8599836517204821 0.16977734465789837 0 0.004827594955915072
0.6811611879047208 0.2421610712548806 0 0.00393943662316961
0.6011745109026843 0.7812620899575247 0 0.0011886827783557754
0.6425510851483452 0.25290686043337324 0 0.0032407128133538593
0.690379691142202 0.6530003518255488 0 0.003326313553271815
0.6315885028954967 0.8629319448101513 0 0.004595580677843563
0.7701549258141204 0.1774605024710014 0 0.004616815783351304
0.894217663681105 0.3336256564097318 0 0.004906961312031201
0.6590726273212657 0.43493160080225063 0 0.004997055957226539
0.567404911640929 0.34349403762267056 0 0.004837974543905789
0.9418471533140528 0.6754591558705074 0 0.004628199860949111
0.03922252562118876 0.011628165944755013 0 0.004813400015789817
0.879745259033781 0.6472515961829953 0 0.004907541092194086
0.3823032869126986 0.2547274292801585 0 0.004829854753483574
0.5550867175980965 0.7131559736575087 0 0.003153317703095857
0.47774406302524725 0.8261453903547511 0 0.003847801475467823
0.1000464166957362 0.1288485860155036 0 0.0021182337282054744
0.2178133653371059 0.18857911774442002 0 0.004568428363173441
0.75376283716253 0.49640879549393097 0 0.004719841599682729
0.09040534911129515 0.21154639937113937 0 0.0008774712076065936
0.38332810935429024 0.6536521337849629 0 0.00438142411245472
0.2628032743978305 0.5533199165391172 0 0.0049864262898905816
0.8761399305281439 0.3782142380042813 0 0.004845256640167623
0.6283644579641272 0.9980058854981206 0 0.004955704658116912
0.6737968717210637 0.07325430202637172 0 0.00499368175649247
0.6165578420620252 0.9991617583247656 0 0.0033165810090051845
0.32971541091830286 0.2880021350661314 0 0.0033662795586560644
0.7502970094878122 0.04405376326126463 0 0.004691106295583749
0.9698632386296049 0.4050865606477965 0 0.004982502772433617
0.9554437093128504 0.11053710565030937 0 0.0049931794020025
0.2660225579188848 0.5332223482615617 0 0.004432984213169155
0.05072078875676066 0.3661674390488034 0 0.004912740786006723
0.4996730035574943 0.9100905387010606 0 0.004994476843434263
0.1150640730439808 0.41721043624595094 0 0.004391109566996859
0.9321566204907649 0.25818404569834913 0 0.00431083312524135
0.5939228814974833 0.3089989691790695 0 0.004743833560163468
0.689591397335741 0.3080280352721649 0 0.0049021755456676
0.09528777289757916 0.7849493872915716 0 0.003426705688677769
0.5163278242582292 0.06016476595172347 0 0.002488787918701329
0.3551923652537659 0.02981967467761703 0 0.004182727318455025
0.26700320165165364 0.18798693367620864 0 0.004641678450643797
0.3646477772852433 0.7657486063941783 0 0.0026037861025756605
0.37420503514625264 0.6621525907426743 0 0.0036602144485791397
0.7437841133110816 0.005830411462763635 0 0.0037687539046056986
0.5740912335185651 0.954086460021561 0 0.0016442621281913914
0.4142523099576741 0.2400771556145895 0 0.004635314010503159
0.5563404614602551 0.9686532959348574 0 0.004716928828782995
0.553112670026857 0.6903045962830324 0 0.004603372002437872
0.9636043433442384 0.559392188252285 0 0.0017220462429728576
0.01264474193108222 0.7194313731838117 0 0.002340137794735931
0.10959662254904644 0.8690292933143536 0 0.0047761520321321195
0.5529003065857608 0.8328360177618597 0 0.004914870487374073
0.8206525624889837 0.9542488492548906 0 0.0049300517833628
0.9446348056779744 0.5434451046106218 0 0.00377163849588863
0.7787289472128671 0.9885533585764327 0 0.003368036518911368
0.5155803986780609 0.3707803152222617 0 0.0010168333271008067
0.34027367638864053 0.30370306935903507 0 0.004678780721404891
0.5885425265151191 0.1152463831682544 0 0.004766126988858957
0.05175891850530599 0.010446279702152166 0 0.00472778307484087
0.07799620619034107 0.24081892065411856 0 0.003032885402615198
0.7526351582230507 0.09873956294492069 0 0.00499241641330609
0.11347678373115831 0.5597510312020889 0 0.0026638716700814196
0.28842623307225174 0.6233078143194144 0 0.003971515375257706
0.9082354612830053 0.869233428262664 0 0.004479970407778633
0.09932914927832147 0.5953979209795606 0 0.004991751880683853
0.8600173174535379 0.9142284782075808 0 0.004956678624357683
0.7086974969707066 0.6160334619958846 0 0.0043747429540151785
0.78429202069515 0.7304970979496643 0 0.0024546630763551754
0.5173332762803585 0.0660230011053513 0 0.003308735894881886
0.7476072186136011 0.9913055316105267 0 0.004982002425065469
0.21785344776464452 0.9720339064224787 0 0.00499965103762602
0.6543429565684062 0.33256480956848317 0 0.004961777574347255
0.5626723628186006 0.9586001346501509 0 0.0048894591594103535
0.2649185143314156 0.6401636410794311 0 0.002493999212869032
0.6819436300008573 0.34744310302549236 0 0.004885091350269211
0.5078647067121586 0.6564860754508917 0 0.004894625987097874
0.6221957577318877 0.15686681307319347 0 0.004950581880865332
0.14525503523439517 0.6745146407294739 0 0.003197979889301213
0.3350658591189159 0.6633850381958184 0 0.0020235295527060255
0.7752570901432562 0.8848964829215873 0 0.0028619587335021197
0.002100497231773186 0.14225226313129855 0 0.004933510991632644
0.2424125217617 0.8534579844759393 0 0.004919521825621448
0.08419438743481232 0.058994735841131116 0 0.004193460641716548
0.6348986236227604 0.17852948280454037 0 0.001427103793240455
0.5894558698520498 0.8847838302033962 0 0.0037399301496575292
0.7946027782759784 0.1704763026494138 0 0.002470768917685823
0.636535687756525 0.7528152197029465 0 0.003774469468457078
0.5465607170551265 0.4663294747091871 0 0.0036546848634781332
0.5424272101651978 0.7667492445320995 0 0.004881158353368218
0.3486697110219114 0.9221503418544674 0 0.0049596149896184915
0.3975482254534592 0.2976909907514423 0 0.004605910955929043
0.9105765459505063 0.6287415338867167 0 0.004988779466317262
0.5033469769729408 0.17699170592413146 0 0.001207907894501796
0.6858907260668518 0.39387845943925176 0 0.003760639777427206
0.46866882084805733 0.40427543115702663 0 0.0017905880623182223
0.1845744480240231 0.09226385671542257 0 0.004876353443419965
0.4659793252342162 0.7872146703262333 0 0.003844904414491687
0.10151972034252053 0.005867610226428116 0 0.004458826946029554
0.33077659349067706 0.6133729256721107 0 0.0047401871238512356
0.7281174506370678 0.4193043336449512 0 0.0037139891128502717
0.226896609742103 0.4451026702890742 0 0.004204931803252982
0.009720297179773955 0.9651864502534178 0 0.00438133905363825
0.8277227173110273 0.7566525309683443 0 0.003560023236776967
0.32054664521070303 0.6995511669469204 0 0.0037012799104629464
0.0032312154649568555 0.7220419224460856 0 0.004518172820103129
0.686090581447192 0.9819999830074184 0 0.003922988917860441
0.626507273896533 0.10292459992195001 0 0.004911711032798472
0.6654711404892951 0.9388685718857303 0 0.004189798045440795
0.5276962526202891 0.7752136982974475 0 0.0024509995289112366
0.2795719595398321 0.5650628854225184 0 0.004999944926799852
0.6244264164999052 0.13790044655954378 0 0.002573710327117809
0.19245688979377226 0.6992498865236826 0 0.002557921082171249
0.5209371531014757 0.27629471666316124 0 0.003841578628712967
0.5968346105087531 0.279812491261979 0 0.003065934080763917
0.16641669826346747 0.8548786323897167 0 0.004764465379743388
0.9959838583612106 0.8364281058940577 0 0.00456878833628806
0.4903103105333975 0.285437186271097 0 0.002103638170006114
0.24324929523806202 0.9202508201329893 0 0.0010309228023767645
0.2886615792732123 0.2944190688344199 0 0.004901849494008569
0.6542243747921743 0.18308102956343028 0 0.004278983159135515
0.073876462174282 0.5072879440235744 0 0.004563782224778229
0.4313599598120797 0.3771056687258834 0 0.002695383063433771
0.5831683353420979 0.05523027214303809 0 0.004979159740112436
0.5839664457589573 0.9991515239487901 0 0.0039304801423572
0.7653909343704001 0.9371522523535306 0 0.004400457091147718
0.0384241457793487 0.8276506031600404 0 0.004695074959485972
0.974995653814546 0.26700343106400254 0 0.004028940583432254
0.3103341155932577 0.8590218798715074 0 0.004966146004574754
0.974122588526093 0.6028315618230451 0 0.0033460966590675226
0.6973122896916589 0.8467360971832847 0 0.003792843885710253
0.8132131937654952 0.8110354699328719 0 0.004295489379510141
0.4122547591203625 0.30993684100155 0 0.00497149445614908
0.5557812409125897 0.862294592677111 0 0.004446215919371576
0.02403484239489339 0.7424268059816218 0 0.003678126202352194
0.12467371803485104 0.5610898300523744 0 0.004909071265213784
0.5925522557466871 0.7311386032096502 0 0.003508320558762152
0.0724750094678459 0.7046393980561632 0 0.0034923347198766138
0.31539438930321 0.548436212959425 0 0.004080953744067179
0.6556867404785829 0.19743689916743964 0 0.004962746998063263
0.781181767860012 0.46136572263630876 0 0.004648270508716192
0.43699300221255283 0.9176241541145381 0 0.004202010636916923
0.45782238052674334 0.4508745054420202 0 0.00499965269661369
0.45570690062859637 0.7988606566626465 0 0.00459753671409961
0.4363274808173893 0.14332597841776415 0 0.004984158218831655
0.7657514978868821 0.2309303985628582 0 0.0029513357973310296
0.2982332480830338 0.550742244522026 0 0.004835554369662231
0.6776010912270646 0.5094975879132464 0 0.0046323804657321214
0.1725221127721289 0.02181011303445745 0 0.004987200357029133
0.6221407765326381 0.09296549654619622 0 0.0024018040510959027
0.8729460297027399 0.5570580523835152 0 0.0016881214567796101
0.6397296140277497 0.7184039344073377 0 0.0031172042086310536
0.5188818094689156 0.6444931376789825 0 0.004992530069041486
0.25586569744630455 0.05223048366430903 0 0.0047973474775873945
0.19340861336045365 0.6753678738220584 0 0.004206172931749268
0.9186363300429102 0.5392184143454073 0 0.0047255645752845524
0.5727394928147614 0.9104960291908647 0 0.004939785673905374
0.09902510797780305 0.6290135019548105 0 0.0004468393441848059
0.8483740074726953 0.2612764788904121 0 0.0007755815296578305
0.21964921622432984 0.6090593496219249 0 0.00399073076651991
0.2671499794105597 0.9929909030112056 0 0.004998901494480986
0.2352892900178872 0.8196523476204476 0 0.004932064911633414
0.17106731106931714 0.5253332941478327 0 0.004660303959303176
0.06005584208771729 0.22913203340578267 0 0.0036974095487839137
0.7174232964315777 0.013166228671786177 0 0.004451476739806752
0.12733772946294128 0.028979066563910687 0 0.004144571535613379
0.9509425156373227 0.5099224907073584 0 0.004742154541616128
0.7493118305377965 0.4478172491104005 0 0.004971577969119552
0.032764525237053185 0.18204316303980103 0 0.002993252821011882
0.5352899821733521 0.055716872813214566 0 0.0041996590722812345
0.17735968262753896 0.9065612237747682 0 0.0034230600616072145
0.3387491162976413 0.7063838161293781 0 0.002238977308997509
0.6227835618008655 0.9432586375579616 0 0.002171676237839478
0.5513593991542294 0.4275113019446118 0 0.0046600313326835415
0.08331496095243605 0.8649655954736305 0 0.004991618874748179
0.4725652391051936 0.16453969275523458 0 0.004986650658487564
0.269201916790271 0.7362314406323979 0 0.004950284257315268
0.08345002309433112 0.7633339760988183 0 0.003387321154563878
0.21669100790090676 0.40830736247753546 0 0.004726863956176577
0.9378463408603869 0.495288699261582 0 0.004413340242339911
0.12287356600810116 0.9170882196704242 0 0.004004590509142618
0.6707924625273549 0.7064888806588917 0 0.003817874982203089
0.2742927364259233 0.8548559473884131 0 0.0045395006502382835
0.40449901237933755 0.34068980077125194 0 0.004986522179158791
0.8129729756337264 0.20345871147322223 0 0.004905875511849174
0.5966287606718569 0.9154540632281868 0 0.00486603642092431
0.9024199069476403 0.0035415696342369026 0 0.001369490099469246
0.21794394558431004 0.6963049302334149 0 0.0049743074315107385
0.560564203104198 0.08787008464928968 0 0.00469115441837537
0.25269271684746136 0.8661109628781934 0 0.0018415593109159915
0.9422680033830295 0.93381746191348 0 0.0044511153099394025
0.475905759230661 0.19611214069031843 0 0.003936983992787051
0.4912494993129855 0.995958914121802 0 0.003280622098076519
0.4021506465094193 0.8720066731637315 0 0.003673661677253978
0.0018476129483535563 0.8804647405712498 0 0.0035510113846510803
0.40926005778208424 0.9331035190730552 0 0.004875778985716755
0.8873867936686163 0.47632937182454044 0 0.004194405073603969
0.06359123024819334 0.520820941939899 0 0.004738201923913123
0.16695069382718916 0.7878180411669164 0 0.004165568235183935
0.27063166653560927 0.644540250470641 0 0.0007131937087963558
0.6336925480100284 0.8079111637243327 0 0.003763863296394043
0.5780165408745205 0.04535937683774381 0 0.004944393831419027
0.21102153873037385 0.7437105504398932 0 0.0041417015611416195
0.7407995547301245 0.6283615286040111 0 0.004365046749068609
0.014613402802548518 0.25168697135410384 0 0.004409021246754282
0.05666471002695715 0.16201067583151404 0 0.002509027105763584
0.535227805712137 0.6510226271129852 0 0.0017569650424682812
0.17779181970531385 0.7403610592545612 0 0.004316385088924076
0.2511244327865619 0.7573391596507546 0 0.004718715232616306
0.339866916693537 0.8365394860583155 0 0.00479224895431403
0.6497113216882481 0.9108843356983289 0 0.004925235983198734
0.16688441905358894 0.5703214385770199 0 0.0013716278633815954
0.5680300222877868 0.4681028214278528 0 0.004818894709977377
0.9399858256094458 0.45454757699793474 0 0.004573626047818889
0.8897381506522963 0.11593962728005035 0 0.002426324590574742
0.2557255610453169 0.025433054876914267 0 0.0009784979632314012
0.044398438830564144 0.5110864913441748 0 0.003189429226025
0.6757157417262514 0.08693536568750014 0 0.004873496114644597
0.9718300537953046 0.6456487553301082 0 0.004960363728525692
0.021898338077262595 0.21259813249814172 0 0.0038278568044819304
0.6870404152907331 0.813867854084345 0 0.004885318408578824
0.6286063546101465 0.6215710030131739 0 0.004950726470882107
0.21960539016148214 0.7992418934459774 0 0.004988619994105572
0.04468464094331935 0.24175098421658978 0 0.0029316528373131215
0.34618923209270086 0.5094927774578782 0 0.004281489289842396
0.15414942920037109 0.838073235375552 0 0.0038923169935068517
0.4263416751664358 0.059003684003520504 0 0.002899700115000417
0.9358775969290657 0.7261628515070115 0 0.0010004355529593632
0.8931077450873854 0.8674672855259314 0 0.004154760809430921
0.8990431893818627 0.3180333050462964 0 0.004724405220562319
0.9496042647795087 0.3293341595101585 0 0.004871036513338689
0.7698598126268069 0.011191544783801681 0 0.00290063710380843
0.30744749118224074 0.8790438606508169 0 0.0049700244896980035
0.30153736382841384 0.8282007013598889 0 0.003940786543760108
0.981286596722879 0.1128456521982416 0 0.003899045039181648
0.9781081982032577 0.49943056134487535 0 0.0049083415300333845
0.3679388483168156 0.6990100445016563 0 0.0043162231032379495
0.27225445606057436 0.0017949997387661741 0 0.004988361663419792
0.5527147720873569 0.24882084567969828 0 0.004726069290134593
0.23207934596617005 0.9163995449141977 0 0.004940813951373879
0.5923933970070694 0.19447742162680556 0 0.0049814464166704885
0.6033098095908249 0.33872029914642315 0 0.004474511164036601
0.7551403139853867 0.4804014021392338 0 0.004829372454504598
0.9292428033108622 0.30545380146685014 0 0.004140557178406304
0.8559294733511119 0.8267945846441548 0 0.004922350896428162
0.7343156964795888 0.05899457959824993 0 0.004527321113757896
0.1813400794211297 0.21313731407838873 0 0.00462449584383953
0.8535514336566812 0.026592915149461376 0 0.0044179716802388485
0.9555185293242829 0.3084262702179105 0 0.0047193793431234135
0.8576098404413512 0.34965817705579544 0 0.004137513630152298
0.869718494901374 0.5746254405223529 0 0.004873262124706965
0.12067524979415921 0.34808610375226284 0 0.004891527224992489
0.6145390200313178 0.5285147968971615 0 0.003301041014651716
0.7102964405184408 0.5915911970276133 0 0.0016675023808389242
0.08527389826637131 0.39153467979651185 0 0.0038111102172101383
0.027048251961123586 0.4960065930710608 0 0.004491124516160566
0.47366549691914644 0.3577614403033546 0 0.004497248960826917
0.5596006783195596 0.49998761091826843 0 0.004633670084869361
0.7903446997754405 0.39724162689493164 0 0.004904883707928713
0.5133376687038831 0.35097095684515417 0 0.002472271743144241
0.3630607706618996 0.731496704526206 0 0.004798274939720994
0.613585576507053 0.41896627011780735 0 0.0017666623208037419
0.41044753639904347 0.4934270190696031 0 0.00498383630039907
0.9027314747125462 0.12992258044772095 0 0.0049366230414125845
0.20730247852538805 0.4180302127466376 0 0.0048389454457709365
0.7869385863411579 0.7469334115522543 0 0.002128584387000375
0.4817035725803314 0.21641144838654278 0 0.00418796427896981
0.49660793728216296 0.28435358036397834 0 0.00031485771362783666
0.49085833184960254 0.621744951917921 0 0.003520216595671859
0.9980986117015456 0.3026974836857152 0 0.003891581802736606
0.4509092637042165 0.9206397192646825 0 0.004762263898332701
0.736361199791633 0.6984320579011054 0 0.004930890278185545
0.2602964533510507 0.4731945744561112 0 0.004976044133208356
0.05808075293382407 0.44991991636009615 0 0.0032212628298472733
0.9074879124581913 0.5390106219568461 0 0.004958506306421527
0.8132304845228199 0.035832301961194676 0 0.004607453388783702
0.7130367985471315 0.3850269457973699 0 0.004057591535210168
0.21623610729745898 0.36071818862085275 0 0.0048856657691459795
0.08866601237237869 0.11005557014894861 0 0.0032135262903865555
0.9857405028587939 0.9186579668912749 0 0.0009769080679606513
0.17912169776008177 0.18343965171901785 0 0.004999998248599269
0.40899943173913217 0.023468217863426892 0 0.003472056625903693
0.7752648442613287 0.046301107735167255 0 0.0047009507530388385
0.22864286340999315 0.4313617727076449 0 0.00279425446447706
0.29889854726392356 0.1876129520853966 0 0.0026669730834674235
0.1219803707071233 0.8491417305280402 0 0.003920020896958926
0.035469916755888495 0.3870733901972135 0 0.004965268377575434
0.10444434802371548 0.02321861844224126 0 0.004564734551460028
0.86687696178356 0.9680436078705932 0 0.004999973257962687
0.47475479033064355 0.5247996180121722 0 0.0027627323925611203
0.6043548004871455 0.48632756923073556 0 0.002472061075445018
0.9650077035001852 0.9391098636325328 0 0.00465002893173937
0.9543414217011138 0.6869659150325678 0 0.004822597758162878
0.535385522255075 0.46121273494382936 0 0.004158716926291958
0.7791352168844271 0.2888581109183838 0 0.004223757478955711
0.5377979047871998 0.6183045763912242 0 0.004201657448419423
0.7964893622187283 0.25907026826568375 0 0.003840761366402735
0.5329877277864543 0.7107694728577442 0 0.004973776539944063
0.28724670658729173 0.9589316069776062 0 0.001305560704808754
0.9350969545422234 0.42930895107541317 0 0.004527742854085517
0.9016186459456629 0.5591991494367915 0 0.0034104304299455877
0.8307179314718831 0.8231262119590464 0 0.004604465129200008
0.8266842070039738 0.5061270494919398 0 0.004606476905283718
0.6209069946994935 0.17136285756134526 0 0.004421648972491222
0.45811928823948184 0.0006796667554084212 0 0.0007337157504337936
0.07329272094751525 0.8173803399736258 0 0.004863829080591722
0.643870707155651 0.6635969402304636 0 0.00499549817964431
0.08271321647334305 0.9075875940919201 0 0.003285466812224535
0.9062665685784295 0.16229316142699565 0 0.004959326224133157
0.7790657923342581 0.8733454966686067 0 0.003022610463835619
0.42785605673933996 0.15227871032391835 0 0.0049280696897122545
0.349373662000874 0.4416755531075313 0 0.0048183187413985435
0.803589969952071 0.4117926635217251 0 0.00367180153958207
0.7449115146408913 0.3001421910759176 0 0.004977872236362171
0.8927773736239909 0.9739127170380053 0 0.004994672211923151
0.9172195288777579 0.8605944092891707 0 0.004531719992562262
0.583212384611641 0.08575475926496255 0 0.004969735213548369
0.23500672832733113 0.5346802306139635 0 0.0043603420940348595
0.6651029729246762 0.12932267836950548 0 0.003508927953567483
0.1789557327966856 0.6801717426917341 0 0.004939773539756501
0.19482072609880993 0.5652524340449359 0 0.0037523230008011453
0.2917546100080031 0.38971324053102435 0 0.00429035060441219
0.5530653382249814 0.4450342438059505 0 0.004871084366539962
0.457538378787581 0.8293864541146189 0 0.003233217568609339
0.32337830626277647 0.989983576747065 0 0.004923061327978913
0.03648014299664347 0.09112416895287499 0 0.004995420691152129
0.4451939205295005 0.3456680869253704 0 0.004943755904625637
0.9465338900166136 0.02741728581343649 0 0.004822907934094008
0.742782122610348 0.8941835376594306 0 0.00481331436162231
0.5591278897431337 0.9992232640440442 0 0.0032922954854862417
0.1959284362414951 0.740359771918657 0 0.003854767497024008
0.9784930112374 0.5291486300086983 0 0.0032639680604432644
0.7223829859325174 0.4727278424384898 0 0.004621135145698321
0.5079204939879831 0.4633425969941232 0 0.00387411252362814
0.23302905423972362 0.6104022725787089 0 0.004343264088361894
0.830897864116463 0.16990206961907225 0 0.004716200361819143
0.10384611464510772 0.9638327344946664 0 0.0043777573349344364
0.8590063975338584 0.3200182682975749 0 0.004911136714044466
0.6148791188195488 0.5544610682282608 0 0.0028023868262314904
0.020509108813749004 0.6949783751045264 0 0.004806142307063916
0.02305845989376664 0.6280188073964055 0 0.0032419672449691375
0.33220077018115174 0.67526349011949 0 0.0028372652726092445
0.4139441878162015 0.7381141327009165 0 0.004977234100227102
0.9870179296775351 0.6681186167919945 0 0.002484571678464218
0.9587259213917937 0.07138775722999179 0 0.004999039301847704
0.3493754867955377 0.7888068949665551 0 0.004999136384911674
0.6011150567848771 0.2550713772995092 0 0.0049921593510752526
0.6588395368905412 0.5906499742946971 0 0.003294304070193675
0.9355693109033466 0.2092330860313297 0 0.004818067237197025
0.13668217618208264 0.5246063974345222 0 0.0021673449513731485
0.7496420625012125 0.9798452563598672 0 0.0044033837561665455
0.1264063950138504 0.4025634987193108 0 0.004956192520873609
0.5360718616683785 0.9855368987025481 0 0.004977810206522137
0.982925451811349 0.6537691526159375 0 0.0021334908597494717
0.9414049690110303 0.06622357367171004 0 0.003903544813256714
0.5778736943377494 0.796051934512872 0 0.004998962884244008
0.21286957504592804 0.8991613237837611 0 0.003703700245141739
0.12571107917568178 0.10364747004839502 0 0.003921551662453694
0.5239155089658337 0.5296465710078649 0 0.0013140490479650782
0.3209787038281115 0.5030352310456446 0 0.0020126809935518174
0.7975134299058678 0.20535177303727378 0 0.004125603509402331
0.2502645691354691 0.8791123491710938 0 0.0033044069503644605
0.390747900949216 0.9171410235956727 0 0.004517294363833084
0.884606976170137 0.7714698641910266 0 0.0026244245127207263
0.3298245931697357 0.8978798181396537 0 0.0037078085065766733
0.667871902919708 0.4439098076170524 0 0.004960779039515797
0.02773687258057144 0.3368466873442045 0 0.0048134933889234285
0.6689170513280172 0.03720348311841036 0 0.0007487031334354669
0.24131190710799297 0.6202420865451727 0 0.0033939032969451666
0.5707427665116607 0.5613849074444341 0 0.0006364604248823969
0.5332149909518986 0.4826097381420595 0 0.001799615502045919
0.8457497964280063 0.9999541606602891 0 0.004965123208417237
0.6258124266729043 0.30542948340801696 0 0.0014555313527059926
0.7018793378620298 0.5130773755311575 0 0.004999873540964154
0.8810769835172146 0.10337341690468448 0 0.004306581539289795
0.4371844852527878 0.7490986025348111 0 0.004195915111979722
0.35671286359287685 0.8677941230156684 0 0.004282277524385378
0.5961861837213975 0.4491804746927955 0 0.00458944681777784
0.5256384330784591 0.009071910162993684 0 0.004806257786859591
0.058599854164541706 0.5616383243343674 0 0.0029093796889417267
0.3432026106702683 0.25344738656913174 0 0.004938579665158052
0.21672398506532928 0.9446401730746325 0 0.003888519832681052
0.7485700691390166 0.06116775695939834 0 0.002450581448436903
0.16719405683686314 0.08941530639490701 0 0.0028277595110609666
0.8670691199156192 0.2254756028375627 0 0.0037512785320635636
0.9076082379085043 0.8339001032797885 0 0.004027632597366083
0.3068709308099344 0.8997077383630452 0 0.003972035016950125
0.35649130874665075 0.11111812470930758 0 0.004435226544982165
0.9282448255574316 0.17395018663855752 0 0.004921680897079384
0.28778441113503034 0.7193103486237212 0 0.0023359813873246845
0.7427358873137149 0.7397276589163424 0 0.0049864943735512595
0.722833097440132 0.3916524241879353 0 0.00494680168913246
0.3701582201126636 0.7990567255101694 0 0.00423588329725426
0.9975552892632408 0.7218311840070057 0 0.004969628116517449
0.6964291736299003 0.9998917359710036 0 0.004432733336432309
0.527005557848269 0.1410842915943191 0 0.004196881430250713
0.018583043842363194 0.9843826300658042 0 0.0031552229575616928
0.743082427883256 0.43553146768689616 0 0.0046152568263408515
0.5027431446985191 0.6065791984424774 0 0.001953120559768996
0.5856044722529574 0.7662877888240989 0 0.0004524065469275881
0.7902053979616362 0.22901260523671593 0 0.004232314021640222
0.5495554551464261 0.4146383714084592 0 0.004948669113745048
0.4683994725098683 0.479318301716199 0 0.00043348005571899146
0.5026683839133836 0.5723868666098357 0 0.004509220681913259
0.7817435906138119 0.5963981795781038 0 0.004275299469537042
0.545851328969068 0.5716509072541661 0 0.00262821239516857
0.5652196762495726 0.9279341660272861 0 0.004999992122258028
0.04865429912346074 0.9832534037695148 0 0.0032564808144598476
0.9131305079128602 0.4944674027279529 0 0.0028168025589513875
0.9948824380265032 0.04643503858981478 0 0.004998666380474542
0.5136500728946446 0.10854392705498182 0 0.0016719327983912343
0.6162845237860147 0.6585353039838889 0 0.0020766355127690168
0.07094052772116742 0.779410496135486 0 0.004071394730799498
0.8378257393303771 0.4578734764800649 0 0.004705028753126774
0.05616606484307528 0.6782828738827815 0 0.0049999271012695365
0.8460384131115682 0.7506175453998212 0 0.003532359860357002
0.8620388358538292 0.7687321120058277 0 0.004859298314738108
0.022754792617331702 0.6625666843369684 0 0.004197900051845104
0.9366842332732757 0.656620273011854 0 0.0046234910828336995
0.33207703217545786 0.1458772360341248 0 0.004238895550143994
0.6032823835126686 0.7940360444495448 0 0.0025780027597856413
0.22647820346711098 0.31669432187327323 0 0.004941990318639565
0.007497957166583297 0.8467446513665372 0 0.0047505908116678465
0.9968754571041818 0.5628016787062462 0 0.004921607072126388
0.23987765594572072 0.768650214723532 0 0.003369916631973201
0.3282707620765963 0.5185063951745562 0 0.004599501670316531
0.6243472430524182 0.6340427664528491 0 0.001949029106233324
0.482222889415253 0.6680607869335456 0 0.004696910614363203
0.5050285228010701 0.18895017457352556 0 0.004974079350046301
0.9167824281374772 0.08227374566130273 0 0.004690086973740546
0.9880878283958338 0.47107686998922976 0 0.004771174448527483
0.5170967528800633 0.5899074776817514 0 0.0033284974670010473
0.2875477047325398 0.20282201963728683 0 0.004970740941626275
0.22555494068114176 0.6424919448021762 0 0.00490292257550726
0.03987426869229725 0.45188681229422795 0 0.004952758947409909
0.02420680480006409 0.6054639439564721 0 0.004634702032512024
0.7071804497752124 0.7858450645869213 0 0.004851556381620895
0.6892308867706658 0.715856226428244 0 0.004999214077581227
0.3912871596274328 0.5257634464646846 0 0.004604020503686004
0.4434059288545383 0.8931057765107898 0 0.004604639745412035
0.9928134744109823 0.7466401501292778 0 0.002414840697235787
0.4970500627854498 0.6882746064994365 0 0.004883873859248685
0.9105346244276457 0.19105188476231014 0 0.004996219723649345
0.31356634766350294 0.708643957552633 0 0.0014292422377806095
0.9723412423322881 0.9999006685500993 0 0.0027748479632265896
0.17009906050623377 0.38998306222523665 0 0.004681430757064904
0.44568868334358563 0.07502422376532102 0 0.004535794997554357
0.6420133593019108 0.4575152087809003 0 0.004675121987123663
0.24412459920313864 0.19082100186282278 0 0.004931357963672774
0.6127584694424894 0.8375799880007316 0 0.004991171987707339
0.4218697266694172 0.7763881625087945 0 0.0036796094393630506
0.10185198758796009 0.7330338617130173 0 0.003942674373433536
0.4453843769194438 0.7766834368718633 0 0.0049988424186797565
0.7355906926207446 0.09510200381947208 0 0.0041769442610413085
0.584897929534508 0.16367376258400199 0 0.00499996241401767
0.08411827904874002 0.017222373207126267 0 0.0032040189349427867
0.16079539548347052 0.38511806863423875 0 0.004713896495760691
0.5496533001549092 0.45909176850177175 0 0.0040224093626077375
0.23094152565815226 0.9843980749421588 0 0.004876081340047203
0.6576916709017104 0.4069935090838353 0 0.0049774105530661136
0.07589549748418599 0.8898972087974848 0 0.0014566688664177918
0.6724774814257671 0.19889914974268183 0 0.004660345274473358
0.9817663980298351 0.8206171488709755 0 0.0036479187902267196
0.9605360590539008 0.29334833074534733 0 0.0049697846874417455
0.262815065738999 0.7763430957630444 0 0.004270711592947634
0.44956413471923257 0.027131433358702377 0 0.004988359003317948
0.8680553371966121 0.6646717169948759 0 0.003892664423886173
0.985212132318308 0.5711261619860506 0 0.0034338819801210205
0.8969974262941216 0.38364178938906074 0 0.002993363337691859
0.8144602822608867 0.2683295335339965 0 0.002655726503123154
0.2115117587213403 0.5789606034345782 0 0.0029484869800545485
0.3537636025053755 0.45319247817728164 0 0.003828015164048551
0.9011613462297006 0.7486556536345209 0 0.00482763893886426
0.6407534882249114 0.49717633164239833 0 0.002300085198472091
0.2045888869435166 0.006902660235107766 0 0.004982718507913343
0.1875484273483776 0.7911860920809938 0 0.00465782450603297
0.13540253371083807 0.8824163131767591 0 0.004900131024725191
0.7074011223352277 0.0038885805229564815 0 0.004951378326062962
0.7434430658202593 0.33783926050408525 0 0.0041770900775010625
0.29370545258579067 0.7332408808668358 0 0.0049314891927872894
0.11852304101148635 0.8593458594151998 0 0.00491114661315343
0.6802471953986073 0.6951043721406427 0 0.004015832550398711
0.9422635772353793 0.16499641267412443 0 0.0038601078878235866
0.22826787098774534 0.9061961048609218 0 0.0022748705706376244
0.7904389252926868 0.6782729893884678 0 0.004837039586071423
0.21237598139571154 0.6599892127025137 0 0.001252364767538078
0.7903878699852349 0.317936900933192 0 0.003769875804346447
0.11103245505771596 0.6949629425724279 0 0.0032963750794498974
0.395076787105969 0.578013599860022 0 0.004622500574787951
0.9517016566088037 0.7381389855865397 0 0.003545770185054478
0.2433275269027437 0.40819873398254086 0 0.0038672145851154248
0.27768581997879954 0.6111640431637273 0 0.0038454461834137193
0.7233868536187825 0.28145450297618985 0 0.0045467568638866565
0.6898602786267168 0.5294700542264809 0 0.0035290059401559466
0.5545732119374694 0.633788221277429 0 0.004916209698066097
0.7363890697675957 0.39963256148361254 0 0.0033269707105908013
0.19960335023141548 0.44155768327179495 0 0.0028943773640109248
0.48754491688142104 0.5543275458278955 0 0.004413294485664586
0.4390852690433706 0.5964899651789233 0 0.0014156587440071785
0.14847647887553636 0.7468969060938782 0 0.004554415896206375
0.7179046141058683 0.989133202194963 0 0.0022997554946317766
0.030358858709234486 0.12867808866708538 0 0.0031678512858738165
0.4612498882574159 0.035535309580348215 0 0.004315918566693666
0.09401459015697065 0.49260022896452677 0 0.0018933128777129443
0.7986653488112937 0.8284368647150182 0 0.004989403740669359
0.2021501869773573 0.9417824788988306 0 0.00490740816453619
0.20221542757769104 0.5628333944940522 0 0.003930139608708534
0.7216977525667634 0.9631838322832129 0 0.004999690519712422
0.15199268962088727 0.6082266842859179 0 0.004113672536221602
0.5940596992805466 0.9651723605185704 0 0.003703460491542241
0.16661503635468852 0.06389904031696302 0 0.004541088858767507
0.6756760852936714 0.053301631205375774 0 0.003478292914026016
0.6228479451025758 0.5159596457504357 0 0.0021626726854786322
0.05526683647545681 0.9454739567392638 0 0.0048438990563620665
0.13964616011096606 0.08268172286351037 0 0.004250224739218559
0.1374161409391492 0.5397121499017797 0 0.0038917830333364636
0.5430015487513759 0.6440009955238742 0 0.0023787949728902016
0.43353844086370413 0.4225944417624384 0 0.0023415481593676226
0.03265964167209444 0.8500054827090608 0 0.004709567222281435
0.5403037231768377 0.443449400731409 0 0.00457189619493296
0.36352401763360503 0.29284914866179385 0 0.004187227157958076
0.37729551211706186 0.5286128642646818 0 0.0049996822214817185
0.48427976816774493 0.5282535358186992 0 0.004999999807429743
0.18590687020764593 0.14127946060256832 0 0.00464343848717907
0.08187170523609698 0.1481390678482651 0 0.004605366708410315
0.7701348143295045 0.06524606188459135 0 0.004488309576053396
0.39655677263735306 0.33221867898720275 0 0.004913728721267846
0.4046238905400929 0.8154518232363133 0 0.0020335668140582254
0.5491168079397443 0.5055630767876917 0 0.003368474876337894
0.7780743788466032 0.031839707705028183 0 0.0015211102732858
0.5301296042445515 0.7986678843245621 0 0.0029051123228387723
0.10709373397599307 0.11268344717919475 0 0.004656261900557498
0.29493511609165696 0.39898652829253317 0 0.0027308393037961
0.14150729097435197 0.2194192927350964 0 0.003975781752714541
0.5028195644241708 0.12991506177626064 0 0.004080198217097386
0.40321422623549136 0.37390429414567466 0 0.004021324892685251
0.3856074186411052 0.9398783424922422 0 0.0035681254777187423
0.9152185410329726 0.6145778900360728 0 0.004426577519984864
0.08837630884117208 0.2345475893952311 0 0.0019024048452429172
0.8612825913047907 0.9520618272950817 0 0.00384475123818398
0.5008536864323759 0.8908291344518591 0 0.003929291497636894
0.10338250289469318 0.9205153536398807 0 0.00489251743997656
0.2994226443849874 0.8567528031975236 0 0.004254968221723479
0.08557728514197603 0.4483017733297708 0 0.004951392760179392
0.22119485714926287 0.10312868595872803 0 0.004173760908261148
0.8049719060306415 0.508377548884139 0 0.00295494002204924
0.5158736080197311 0.04720200773319215 0 0.004981452282519167
0.8247687510777415 0.8598933119429563 0 0.004741807199913131
0.6539623659244634 0.5744134319704752 0 0.003945247888123578
0.3200442027143536 0.8453271916515365 0 0.004442695908259194
0.1344603168814554 0.0694040763403344 0 0.004976835415552433
0.8940202612190635 0.8990659228501847 0 0.0016805481086891452
0.42904133853544374 0.43536789862635944 0 0.004691150687961813
0.18935995364953026 0.6070777101748439 0 0.004032292613544052
0.9159724987046058 0.7007435780038532 0 0.00381203530414718
0.8994381553419082 0.274759821251435 0 0.004966790817979073
0.588044604483262 0.25481610775282343 0 0.004994381822942703
0.10409523916143758 0.3276996061881395 0 0.0028724504983944654
0.2638335462698134 0.3267533180582954 0 0.004982467961471193
0.996572427299892 0.3540951364183769 0 0.0018780790541267015
0.38234852654188495 0.7800733926846156 0 0.004650255003363665
0.6128259761554464 0.9879288443381908 0 0.004815732443531816
0.19043367745263992 0.22341823518053325 0 0.0037961855887262428
0.21774410977750178 0.16901458891890017 0 0.003327019326280375
0.18820351572072389 0.3299363505649883 0 0.0016851533655204752
0.3103134963082557 0.6420600139395821 0 0.004803155741715676
0.26826193106611 0.8139892213431362 0 0.004997331048893472
0.9261558368401234 0.7564541490035364 0 0.004682726343905002
0.36415652749467947 0.8337626693615313 0 0.004168570037696063
0.47680887979580894 0.917707412452749 0 0.004614522566533087
0.06856584294056332 0.9526050466697662 0 0.004192190947263598
0.06498416172363673 0.09174602374121553 0 0.004735936736432468
0.9552201460967663 0.4407677745526212 0 0.0016089999365258806
0.8549552776098582 0.9455984126600778 0 0.0048654516158852445
0.465179361352921 0.8201452273772607 0 0.004985106890726066
0.19401209146584117 0.3102610981659793 0 0.004307024298687932
0.631002027053302 0.7422412649000145 0 0.004844203187608428
0.8818624990145467 0.513123306704754 0 0.003901151191452691
0.6137292687133481 0.15126836620412218 0 0.004698893951525849
0.8189993288204739 0.9684420032007697 0 0.002807453596662671
0.14358385966522633 0.3773742944690989 0 0.002274694174825638
0.2774434369726682 0.5008731197840811 0 0.004317022680860304
0.5005979246750057 0.5353770557615639 0 0.0018702301323173377
0.6483318469173166 0.8529314176450215 0 0.00499047297332119
0.7746578989199027 0.5097278134589128 0 0.0041542330703668315
0.45477593360634955 0.3198722598444557 0 0.003568510053729651
0.6174371196702604 0.573945314102536 0 0.004296981197800387
0.5369343024243572 0.9361877169865003 0 0.004570364913878687
0.4268917338593639 0.8148795803807949 0 0.0033098858490952193
0.4135221521778169 0.3699660070055821 0 0.004078152284921343
0.37905663360515024 0.585734871653409 0 0.004999857189794233
0.39201369693947036 0.21230247331100835 0 0.0034032958903244784
0.4454624854002955 0.8159069289669564 0 0.0014244842462019123
0.3525214907601761 0.007599289301363993 0 0.00436336855180254
0.0866945102463673 0.22158570356704108 0 0.004733266000059051
0.10074675694100897 0.3951772998810467 0 0.004996871316001263
0.6072542833007123 0.8540408220523527 0 0.004986928718931394
0.7516803764811805 0.4587374927416595 0 0.004999528409121592
0.6606268418509244 0.26545826547022383 0 0.0026353458395126936
0.524968485352215 0.45118588274054133 0 0.0036612912440402417
0.1300483517922025 0.6650023389956233 0 0.004956595427638579
0.597205692137762 0.5016057396646282 0 0.0036591928665432303
0.5640585148164187 0.6610423318269025 0 0.0032312181413033723
0.28540941207693554 0.8661735796348418 0 0.0047613531450426735
0.1991299124193648 0.7548607065364419 0 0.004595631519032096
0.25916898642192215 0.8745856172856534 0 0.0047780665259342416
0.4252734831471395 0.5694996699939282 0 0.003552124423453849
0.2957653136959824 0.2164426944458879 0 0.004888763561141836
0.31599838263991126 0.7525496771980017 0 0.003577897630328215
0.40828152297945713 0.14239656009004995 0 0.004963330570430733
0.7607285243413918 0.05496100928533974 0 0.0032440308466542864
0.849061658912368 0.6718737335068882 0 0.004923001442031037
0.7352201922031593 0.7848069632664316 0 0.004421156621248961
0.9015774168399019 0.4464915105840766 0 0.004454554811194302
0.331052294310144 0.25867098556257034 0 0.002330863044442361
0.3842259587526938 0.9732568747955358 0 0.0048025467445869914
0.49112435816075245 0.9425198665342975 0 0.004844576314162474
0.9594151479894863 0.3417464268259727 0 0.00495769206861482
0.8769541150784227 0.8655860500782163 0 0.004831741182528047
0.8199098367152048 0.7125948577601289 0 0.004984774626878894
0.13027429203730143 0.3390953078303383 0 0.004994978826821805
0.1971505764022636 0.8372456776298964 0 0.0021681377297104705
0.44738225062376974 0.831991991223245 0 0.004984951472560747
0.5329301537512642 0.35327837779049326 0 0.0046761242634756174
0.8708092284691531 0.8251978376010723 0 0.003244673404016702
0.48822684085608953 0.5036262727488814 0 0.002211747804335993
0.6385325436587792 0.707000344398382 0 0.004321610077762246
0.5326527788063163 0.20704725612179095 0 0.00427899175656258
0.9713885280606428 0.6563340963163659 0 0.004999710392941068
0.6333759328619386 0.4187081326180639 0 0.004116340012853799
0.4718391662664538 0.7397587806516112 0 0.0030741950518052936
0.48208223036476067 0.3037173083163613 0 0.004074017078808959
0.9361229931093203 0.2916152384521909 0 0.004980037056874046
0.08140561302023806 0.41485718612906114 0 0.0037766860924474633
0.1479755181519584 0.5070420525281073 0 0.0048818517392695765
0.9319412412951439 0.48742228193542275 0 0.004999893294215965
0.46323123855165266 0.29056036568065396 0 0.00484134405992989
0.10576137033226295 0.48288368579943813 0 0.0040177137155553745
0.779412994845241 0.8025642619967875 0 0.004775621820484871
0.5463694116111963 0.807878268201327 0 0.0016236328980025014
0.3357506789779244 0.439064858084598 0 0.0030890279956591834
0.102820435010458 0.5079756402125912 0 0.004679713521669208
0.45533580684837865 0.9595034246735344 0 0.001574366817194529
0.36961336191453004 0.42558944150783645 0 0.004750942971397882
0.5884609653556641 0.09941593894875166 0 0.0026437861496705
0.2445793950889069 0.6746983975466998 0 0.004945212060310329
0.5244427467537348 0.42841996464370974 0 0.0003013962622448007
0.0862390609387521 0.16743208887681346 0 0.003974074396080825
0.937658374793201 0.10845887532929542 0 0.003662037675998842
0.642435909224947 0.5161057870692448 0 0.004934436108182824
0.5640412442634472 0.7861112213704231 0 0.0011180227014850883
0.3828700509338507 0.5687363998650338 0 0.0003678798395936506
0.3035648391026064 0.9275426011342779 0 0.004040658595513951
0.0452630293580467 0.9103952464126803 0 0.003567547896915861
0.6363242589134108 0.6130478027915639 0 0.001368431154833357
0.2119965821970596 0.2653676256050281 0 0.004950376412653499
0.8065903310173747 0.02253625744482645 0 0.004990002127492906
0.9922337171052739 0.6814434394823845 0 0.004588202547486825
0.09459858882709903 0.28541721021936123 0 0.004554314905917267
0.20345593166582962 0.48251729896904355 0 0.0022870655069782207
0.23438443380791704 0.8738719763461564 0 0.004066871975051286
0.6551904595939395 0.7873615201379692 0 0.004672237161629935
0.07683838509693251 0.17050293172930628 0 0.004996778758067302
0.4043712005749032 0.7333757252772127 0 0.00499257532152263
0.6698679844338545 0.5259989008695005 0 0.0017596743583382958
0.9426999410954243 0.528005280856936 0 0.0028339519868708116
0.5666646846740333 0.5318013543453773 0 0.004940252973922368
0.2679211402104001 0.37939614931998006 0 0.0049059823958679995
0.5979663362947261 0.06893745071538059 0 0.004999494988173831
0.2148526669039201 0.8381466751083555 0 0.0031970524446339734
0.6202301778133582 0.9122117380562335 0 0.004831068041379843
0.9563611444809534 0.22821407625025011 0 0.004938210166790961
0.9621365344613793 0.6045858111078987 0 0.0048505551058869775
0.1269955427680298 0.00811304759922226 0 0.003228945046892015
0.7817991645162224 0.25162193090880175 0 0.0024493338838409233
0.30765903347637497 0.39514370184640063 0 0.0024700828518111886
0.3554945132667779 0.20862375400955532 0 0.004999876713111597
0.7500294368551264 0.2831817292673114 0 0.004992474779832059
0.6457660979270234 0.9333346065708844 0 0.004062706397047721
0.5662422484819859 0.6757191496244346 0 0.004594842216315398
0.6857428517941742 0.3301025675846441 0 0.0036948211565979994
0.44607701912116654 0.9469615866491143 0 0.00498433519422752
0.4481263202710855 0.7252097329706769 0 0.004380266565405861
0.9328936189267415 0.8309323463654378 0 0.004392540103817142
0.01795726685894882 0.5847176881654381 0 0.0027813161048033824
0.9959355648122017 0.8819215471652558 0 0.0035444925792584834
0.4459649954249037 0.1485481366125164 0 0.0044907214848109965
0.7036925410066989 0.5840387680022162 0 0.004789655745078235
0.6840750915492938 0.09820158472357497 0 0.0021936948468858825
0.931043215024644 0.634257006209219 0 0.002611007530636087
0.4958322554372892 0.3979827247752165 0 0.004912141224385992
0.7445283056102748 0.730088457672165 0 0.004020971929198913
0.22919925935069094 0.5023421302071857 0 0.0025972052710179017
0.09023310833810948 0.6478429920769666 0 0.0048357014342480225
0.9171954001627057 0.8490454079541511 0 0.004179942704244151
0.06842834579051647 0.8788960186232133 0 0.004335461946635053
0.23357429846984565 0.7881112462670571 0 0.004314244889004219
0.918432062406368 0.16739986185327668 0 0.004430060385101653
0.3740867637841386 0.07091367380265588 0 0.0028742033659911632
0.8643710918997175 0.6122390314911692 0 0.004992513885935856
0.2512624886973392 0.9801161854578412 0 0.002764819870452815
0.4271494688255891 0.6907728609551734 0 0.004583038457212687
0.8905153303379956 0.8389561966807211 0 0.002510166900097029
0.19923372208424292 0.2987697795644813 0 0.002038289618424867
0.6745422840291823 0.6699103961711713 0 0.004222648596243288
0.8394758504878903 0.9505304511404385 0 0.004616855648411158
0.7748259658296379 0.7422013333364392 0 0.0032188820297673498
0.6846643517738232 0.275708268508634 0 0.004494647948791496
0.42068852535285933 0.46150212651195716 0 0.00478265454255926
0.6773807290210759 0.37918628427940665 0 0.004099536313444938
0.43405559680706113 0.2842403303860764 0 0.001300996332718504
0.20021728154234206 0.4352862416418612 0 0.001792529517123952
0.269374913151828 0.3976335793730264 0 0.004999214831524912
0.687876429354901 0.8424538264179617 0 0.0026777510163973023
0.3797185534535606 0.09738686514261428 0 0.004682802976797493
0.5827408803369021 0.41358020031972936 0 0.0049144786004204815
0.8147293902107837 0.11647399736214424 0 0.0018819410431443998
0.1259445698072937 0.1778447532349637 0 0.0019586535507964908
0.0023479495451809115 0.42303453041294753 0 0.004977755058981254
0.20116504628263518 0.3330639737244763 0 0.004644225821620454
0.8856137958377946 0.3579544832803058 0 0.004214491951922626
0.6899129749199014 0.5724124513527848 0 0.0038956706645992428
0.82435227980814 0.5511112535087773 0 0.003949026168365047
0.4616199351728874 0.5768152118956384 0 0.004783128207568225
0.04060193140010247 0.050389236663202816 0 0.0017682829205825637
0.06114110029601137 0.789682824277351 0 0.004520153267704887
0.32605618482048143 0.5909149935899829 0 0.004999629010153732
0.29017319491969423 0.5775325021002848 0 0.004468737260356371
0.7531523850766115 0.5869832910003244 0 0.004825999745511688
0.9071389912322945 0.8880621267342641 0 0.00456459026711409
0.8428298869027577 0.3746796823579453 0 0.004077019934502059
0.3174463883554485 0.6660921796298195 0 0.004947823452754504
0.48985803819867274 0.1692911770031049 0 0.0033719102813672343
0.9666565921572275 0.5678428569795171 0 0.0014698008862467507
0.9940665059541441 0.9108164843148965 0 0.004505786770071708
0.3704366265857048 0.3409794191102435 0 0.003783319691161308
0.9150683203614852 0.6862002944225251 0 0.00437684603963847
0.6783991671096978 0.5557781973221375 0 0.004069214704268109
0.3817634941594826 0.12614328119334847 0 0.004676127119654912
0.7820328126977611 0.6429674926262003 0 0.0039577954619568565
0.0455523149960808 0.07353913418252343 0 0.004998343457258798
0.1736453028671315 0.2100233129065042 0 0.0029227845815267372
0.011777302317473863 0.8220991832051879 0 0.00496601589342397
0.3486543764739401 0.5481790559501655 0 0.0031378074687435044
0.0953137903536576 0.6978746455080429 0 0.004706556620347182
0.00184428312530704 0.9467490360432345 0 0.004993271563534336
0.9775868553554133 0.876748999702034 0 0.004577836318589867
0.039460273027766765 0.20771897878460874 0 0.004950698866513964
0.517349242420563 0.4640606185881016 0 0.004958679454514943
0.5067610659830257 0.7795949938699467 0 0.0022745484079213043
0.5325386350923393 0.03944986095476587 0 0.004984385586389121
0.2991126623929246 0.6175756313726616 0 0.00442701004118513
0.8438568015643461 0.8261902535948651 0 0.0013449278154509263
0.4328633597806257 0.006098184035752902 0 0.00430508933969584
0.24629358394084475 0.8153167206070671 0 0.004834562671629162
0.969542158283732 0.4491334591887736 0 0.001153818936140162
0.7934921237217011 0.7594151998317767 0 0.0018205690608342632
0.2574168348060532 0.6488766241415767 0 0.004904869581754482
0.6887512814770096 0.4205055891477096 0 0.004939869277216849
0.04186373047992796 0.35038245428638565 0 0.004350165659346024
0.5362117107285393 0.3082181602765583 0 0.00329188227985842
0.07887307533219455 0.4259832795217005 0 0.004998279723238161
0.8465026170377488 0.7382731321353357 0 0.0045300584910307
0.2011107552472767 0.23100158168392024 0 0.0036868922416295243
0.5763802816936648 0.5249846230013122 0 0.004240785835607041
0.4838910475547345 0.8789256915929125 0 0.004999637325648463
0.9674438694608473 0.5934730163309645 0 0.0031458183427100746
0.7864771413509843 0.18736018616971037 0 0.004800772966117466
0.1719202146704116 0.1711032143544939 0 0.004178776786210029
0.6447086720075171 0.1605596866375346 0 0.00498959601817986
0.9992358008675868 0.5933928445052636 0 0.004970246294639202
0.7388668700767662 0.2208343554360883 0 0.002743950028947066
0.8425699350311504 0.8144325691829891 0 0.003868229224496712
0.07018903662537034 0.7525420856517184 0 0.004948422649573803
0.67267773741846 0.4295903708572523 0 0.003604179106504347
0.6493386116962722 0.8826210391930127 0 0.0033534094456982113
0.3669809156273141 0.6626172520927148 0 0.0027076634591797362
0.6297986497390001 0.9802423453539533 0 0.002727477768925277
0.13800821910284608 0.8499979455271681 0 0.0025243617206026866
0.7266473401233275 0.8127901252698497 0 0.004882089788254738
0.666334622332843 0.323890051878091 0 0.00497788822031542
0.7238000571275595 0.7408085118624314 0 0.003264283235246156
0.8326235094507528 0.6446606113814217 0 0.003309009536556495
0.17603072968877206 0.8505099161665686 0 0.004925835646965224
0.2680027699787157 0.44405242974640774 0 0.004114861352496892
0.05182931226800912 0.8955190252759577 0 0.00473862323636442
0.2976128826336078 0.7678330631198602 0 0.0019524271603943383
0.02471725211338415 0.15219589846988232 0 0.00488257702926023
0.5667884798143835 0.007471908533058897 0 0.004950268347781225
0.08273165103963119 0.324110835851157 0 0.00419446502167877
0.16162222853277394 0.11360657245505344 0 0.0036931747691128936
0.39549975685285904 0.8836321442736392 0 0.004698976299388255
0.7625910942108923 0.44480433052998974 0 0.004270655721399607
0.9225767722772226 0.7642734826262013 0 0.003014623344688421
0.9308183224136939 0.12601408498387265 0 0.004713783674587156
0.8543578038100259 0.784454097524632 0 0.004867078489274722
0.8813971360388082 0.3356218954019023 0 0.00493082432125848
0.6136107921656693 0.07904667396467367 0 0.004995780118005346
0.976514028447777 0.6976003665136038 0 0.0036221634251012757
0.16763457310477944 0.4424545311695783 0 0.004991183279114426
0.39151276846495214 0.10745703661973748 0 0.004907836766024251
0.5878239913827324 0.6975851781568889 0 0.0049665146124369735
0.25567559275095036 0.23575950101448415 0 0.004834081550090609
0.11517968539365274 0.316463349642433 0 0.002429531075244843
0.3196199422668094 0.8147172198438382 0 0.0033803081429368545
0.3592496649676699 0.9496035937386879 0 0.004885144870513189
0.592740746805163 0.5495277047355601 0 0.0036882590125655907
0.0732104646001923 0.8041963155405539 0 0.004901217013865027
0.5415827417442423 0.7575014885662996 0 0.003319280988511525
0.13746953057918918 0.9017904825857724 0 0.004762357213636482
0.9617975173902643 0.7365927078883847 0 0.0028321747027435454
0.2591099170812418 0.43859590532081333 0 0.0034513488506206533
0.32065350604982884 0.8040952225941905 0 0.004841054103888437
0.9192387460181622 0.3064756608029941 0 0.0022456471596140498
0.21897563149330876 0.5549883475269558 0 0.004724708137404456
0.8175987940766649 0.3946463834223029 0 0.004723362468811577
0.2928384655801311 0.5587803281723185 0 0.0047625320099145335
0.7310304273886965 0.23425590558695705 0 0.004941739107992636
0.45842855534861965 0.47832424600245066 0 0.004975778419049592
0.3151449307541037 0.8303566635053493 0 0.0020887565140459592
0.9395090826271472 0.8673192340127678 0 0.0030213665898427174
0.03641770541041732 0.8047145366006168 0 0.00498768689571423
0.3861448729349037 0.1817237681452558 0 0.0024195432972662937
0.9232627695074284 0.9494259012626602 0 0.0039225665118990385
0.5723698386055862 0.05808034692746765 0 0.004189981504128284
0.1567963547128501 0.7415713308262266 0 0.003381817746478776
0.890896652823128 0.9368822433535295 0 0.004485174333990836
0.02595341378047255 0.28768521000547603 0 0.004830491275900276
0.7692449788693343 0.7203999900816812 0 0.0038344078080286247
0.6341128007702185 0.766238341877275 0 0.0006243794052309975
0.23250184556875172 0.8374906013381278 0 0.0044667590505987976
0.14956759815641593 0.11230976841842087 0 0.0036653735534920126
0.8809547301687218 0.707816732755744 0 0.004454121905495758
0.599394212201707 0.36552951735962985 0 0.001852673383799112
0.8268051207839789 0.45968701854735755 0 0.00448149085234515
0.3326060436434201 0.21077106805754894 0 0.0041068712658429984
0.6312032821644263 0.3787275553873915 0 0.003795026309938864
0.8216180315254068 0.487463477614045 0 0.004426768235758952
0.4206376863896763 0.9007990528038367 0 0.004228300852381147
0.9184991734642709 0.8903768100765375 0 0.0007769945105595969
0.5977060383887784 0.6215154826292847 0 0.004653581329516115
0.266266560280282 0.22313649723128923 0 0.004908518598857484
0.8410258893391455 0.49208985622469875 0 0.004797802551621751
0.8970354921904067 0.523838224835451 0 0.0036834541788547835
0.5191621116061012 0.7015041737684752 0 0.004984220566492764
0.27876907727991945 0.6005259525395187 0 0.003057130597393207
0.4620103099317218 0.4688771100531512 0 0.0029146669051564023
0.2580119241980657 0.10040728425547317 0 0.004613693628245531
0.03551706513805396 0.9228641512595017 0 0.002856696255669377
0.3528802486833779 0.7519265957893164 0 0.0033113565235041243
0.15199608983816434 0.5827335549504957 0 0.004908736492974474
0.5881132580457008 0.6683296392296395 0 0.0011162937824102947
0.13859899183794086 0.00480290728483756 0 0.004581155122390413
0.7874017228809458 0.6929314839630827 0 0.003985814716745284
0.3674592493378817 0.4631033491684347 0 0.0037918273604608524
0.8087704950056794 0.28351479494803716 0 0.003151873715825699
0.290442498324113 0.03019825745847437 0 0.004916320621003589
0.6747476373094025 0.9771579745021253 0 0.004959519838077855
0.6530115681936184 0.3751496685095291 0 0.002097393010879295
0.3928932952985101 0.7317353051108589 0 0.00498631674087632
0.7041484518071429 0.567030146327256 0 0.002225395515580878
0.7118766505988967 0.6291972850367822 0 0.0018324742532551056
0.18159925328766666 0.4566165692379473 0 0.0005641144761847973
0.2754488121684769 0.11167933602354584 0 0.004517869512395812
0.47829070769773013 0.18288735474480952 0 0.002417393328291366
0.6071938038563875 0.6545566649066833 0 0.004410095189593819
0.06827383637111294 0.5815869142774374 0 0.004291258374529764
0.2764149903275573 0.7172683140225474 0 0.0008230837194860771
0.0268011545143969 0.39615647504941737 0 0.004973320270419887
0.5083941979905273 0.6831760659231464 0 0.004701069723360868
0.40827383966127867 0.2838689611509609 0 0.0007829821735193008
0.9654876385778549 0.37958049091959617 0 0.004443996523781299
0.8450344157334034 0.4298119983975555 0 0.004471522821373914
0.5161696503020966 0.8534408209990019 0 0.004288847678302817
0.8835738190893392 0.49281514148857103 0 0.004594129909887457
0.8462793562241012 0.15375498245154293 0 0.004998977455017887
0.10476400430510034 0.9300790447164367 0 0.004740584337697467
0.6205584881738134 0.4083668370608183 0 0.00494204060766585
0.052766969012565265 0.968418657036668 0 0.0038004008482746933
0.5251734939403598 0.9784263077144696 0 0.003547238038705206
0.4468675631309877 0.49248605003339757 0 0.004754871620268002
0.1359677384812403 0.9871218367906113 0 0.004910551258407371
0.5985332352152599 0.169652524078822 0 0.004564955328651226
0.4253949305915417 0.44713877406679675 0 0.004797178827948053
0.16927045637990099 0.749358073492576 0 0.0048857742050119266
0.3493110598813253 0.09592705495511554 0 0.003694676568991366
0.3419147180386008 0.9523945677353122 0 0.001586977004940492
0.43983005785287815 0.7353271964296096 0 0.0032151809623546406
0.813291998404892 0.23835731533112567 0 0.004818757088389764
0.8399604233537488 0.31002395186254955 0 0.004943335019798471
0.7622216213048466 0.9954303351307282 0 0.002965191285732674
0.9703249771513033 0.3340663883002119 0 0.004330355149487361
0.8840534077458772 0.6749168303994469 0 0.0045714815941552776
0.13132865105861788 0.7123414590728927 0 0.004800121952733276
0.27310831301261523 0.28992398895658816 0 0.004768569391707893
0.06384719015165095 0.2998886164441619 0 0.004608835506788114
0.7989450897927202 0.1830467152203011 0 0.0037192183659163496
0.4154324699125214 0.2557820330437401 0 0.003649115136302467
0.6817988617463946 0.4083273273264338 0 0.003551675140164078
0.8717530300504153 0.3346670363684812 0 0.0043411218352852
0.3539269607788546 0.9831381665157359 0 0.004987956505919972
0.2121391550994772 0.37759873773663505 0 0.004957098829107808
0.4951355658196945 0.23054096549433276 0 0.001982898832258898
0.1639230099115618 0.15625317603196273 0 0.004025560204602969
0.16822945134186104 0.5378480588287039 0 0.003413786315729615
0.549216107142342 0.7306431220936851 0 0.0037741821686338704
0.32888189902554127 0.851630862373186 0 0.004986468062648621
0.178077965401193 0.6675377369907098 0 0.00498233661271008
0.2988003519475643 0.916915453560547 0 0.002693007413231575
0.2742108310144081 0.29810008825283446 0 0.00028696965935716683
0.6047498302372583 0.561164049344937 0 0.002579515237708748
0.6084431162887352 0.2800319721285183 0 0.003091392779122077
0.30850155974018983 0.7505585185133022 0 0.0035168763178364897
0.08500621940100948 0.8858906211118193 0 0.0047869046898854455
0.9432960840327287 0.2701290318312614 0 0.0031632076805727972
0.17497057034561556 0.24857032152046818 0 0.004871585276660863
0.7969928213709907 0.44134799105839456 0 0.004036421965049372
0.7668419452229095 0.8363528899772312 0 0.004295753651535223
0.6856592900758532 0.4497806040634141 0 0.0049623816063664485
0.7290601215506256 0.7503969738069574 0 0.0011710111796916333
0.705643691073711 0.21322689421523142 0 0.0037931452017337967
0.9424800806745499 0.8813206822324102 0 0.00244438535032362
0.4581664166672083 0.29996288149627975 0 0.004210806471262156
0.12884332208378732 0.9427361300098981 0 0.002632518294996606
0.47702364852661566 0.619657060157544 0 0.004989968589698767
0.07981228256133853 0.10125145349372432 0 0.0036328383769032606
0.8326765202058225 0.33510866294029534 0 0.0038930703779127885
0.5647378100762945 0.4157443768873956 0 0.004143412600068789
0.5355750828703657 0.02003997795476297 0 0.004997797066570259
0.6676034408098641 0.8592829938721044 0 0.003175364033842895
0.971526719652241 0.4757527145960084 0 0.003968028895951837
0.30903399804702864 0.982078801535047 0 0.0038076464557947817
0.6620095101990715 0.06400985411241676 0 0.004729865512550655
0.5773859515233217 0.7824126272733511 0 0.004704237103799016
0.222881491874615 0.01755814836556601 0 0.004949134057134614
0.8543680806160633 0.8462673930601713 0 0.004900566787401784
0.641656941570202 0.6540600344892844 0 0.0012447345046772268
0.6735298751713132 0.25103016469171185 0 0.0039620099356105325
0.11058214683800636 0.3874891893354295 0 0.003045083194783393
0.010564656190157666 0.9125005201329197 0 0.004787069987806561
0.910565519028094 0.2728739567729617 0 0.004360083007914752
0.31163659935929283 0.0011102046857792657 0 0.004385161636720046
0.043260251389017665 0.28103342491089683 0 0.004744542450663942
0.8634300107876836 0.5461114839316761 0 0.004505169633569137
0.9194190134847346 0.7925752692145142 0 0.0024188230068689794
0.3740778010349651 0.9327375323259253 0 0.004334898788496506
0.7425976193767493 0.023521237139773714 0 0.0022013180373503098
0.2545681497475107 0.4631143576464399 0 0.004882193844627267
0.10696498003392317 0.16616999853322842 0 0.00495824484273985
0.7595709631689429 0.1853832673154566 0 0.003589960334672055
0.18222896904828442 0.6472521953946656 0 0.004806499624410999
0.0664031715999339 0.8948700925696529 0 0.004101883790800416
0.3053155592763905 0.7779080413412695 0 0.004422702150210449
0.4934093948561881 0.3416134294720293 0 0.004563545451203817
0.8858019583208065 0.39218944704724573 0 0.0047369030995001804
0.6788762886259204 0.49262753634015827 0 0.0008234645668021603
0.6647449264393649 0.0038341538243035164 0 0.0026181913156645754
0.5940049641613863 0.8004808789922492 0 0.004997676791190915
0.19268109444593193 0.10674700170588423 0 0.0037560300790307056
0.07952348646018757 0.6859756885560129 0 0.0006613009220982301
0.8309706809842535 0.19331420088318627 0 0.003688344967236561
0.5288241589653594 0.5446823948061867 0 0.004991932993676308
0.39856325858706615 0.36541112607610665 0 0.0018254651529322347
0.1428250971483965 0.20394223871041248 0 0.0049683060478062065
0.9403356972946486 0.22823426284158108 0 0.004767866456023769
0.22284417979798152 0.38090958258698265 0 0.004999967426354933
0.6891710044605571 0.9596258765179111 0 0.0049903531158371015
0.5478038536501811 0.7202570886023455 0 0.0038802731735142326
0.11827849501619146 0.44049498428106854 0 0.0036504137951820993
0.635669812642684 0.09651603794497919 0 0.004861363690137243
0.8143438124078513 0.3741760098660612 0 0.004896099226865778
0.5723096202800909 0.9851888910318597 0 0.004904363265390146
0.9753169826024868 0.9658322786771836 0 0.002612341495290585
0.9217517679630708 0.2239935791276346 0 0.0042118073590178265
0.11052723370928495 0.6604148646589015 0 0.0019594347345708494
0.5295623498086596 0.43396810575611183 0 0.003898821254802823
0.2726749502287112 0.053284253622323016 0 0.0038852097111211586
0.744258244068407 0.4873469845737833 0 0.004934521561697723
0.35133194527088224 0.5613721944060742 0 0.004251787719654582
0.14534609411328311 0.9921346656727206 0 0.0033872640027493013
0.7969078323358092 0.9862087580497355 0 0.003810178681395891
0.36959215193915235 0.8699701092764703 0 0.004876468113640914
0.18447892007218156 0.4731416226705815 0 0.004479378643611655
0.6236196383374798 0.7165744575173887 0 0.004320956657152245
0.5129154828143829 0.2694310630510472 0 0.004651986929292182
0.6059622806128208 0.2919532675665459 0 0.0036155758986162524
0.3299570432223005 0.13352937104763682 0 0.0041452247436798645
0.7379426051856156 0.8137852510764111 0 0.004518034258275423
0.7933076708247185 0.11755942738325696 0 0.004200984605320281
0.5193157156319659 0.5153375406588392 0 0.004998800480653356
0.7014628535027362 0.2252757632241462 0 0.004353268078485125
0.3218878223443254 0.3289176260577564 0 0.0032923993138388443
0.8802314560355863 0.8385774983037864 0 0.003357811079175886
0.002745777539981171 0.82625770623609 0 0.004566352729769955
0.7660011666194746 0.927699185843092 0 0.002662174690119375
0.8311872495603302 0.2294165294389143 0 0.004751138900760644
0.9986199183874632 0.221083302319505 0 0.004515401623645893
0.3540922937171664 0.49623971327626487 0 0.004959157481842999
0.26118697966525534 0.6720221138056273 0 0.003950624170393126
0.05290258116261935 0.31533843733662253 0 0.0012804922590687266
0.9660065122030823 0.7719927387483688 0 0.004864443316666562
0.12129609918446692 0.7522308767349625 0 0.0038730486435933965
0.4734173312881525 0.5515176077077381 0 0.0030470564383250874
0.4869098158446841 0.18879796693472892 0 0.004862770209176004
0.6374740739775764 0.6741559060594242 0 0.004274369948989572
0.012158377652239587 0.10554984595824467 0 0.004178065498178075
0.6995495539541939 0.1681211307901894 0 0.004999359835044119
0.22795988823612764 0.46395802373362677 0 0.0022756389691221146
0.5100257461850203 0.016683501026697793 0 0.004916133382726128
0.7097211686527783 0.5256728059477709 0 0.0026582184269945933
0.07932698836927608 0.9595746628155006 0 0.0038213803083406955
0.9170774777995605 0.1787329147443427 0 0.0027046847810259797
0.48077958361975676 0.590419224008561 0 0.001810902103488024
0.42824476671392325 0.9715832516825326 0 0.0029230635443708588
0.3450621339586047 0.5779367260962249 0 0.0032890523328257468
0.7589525501258129 0.8913702115266005 0 0.0034829946108653697
0.9236812910916227 0.5067967070125745 0 0.004028788918334803
0.9553380945292984 0.9483091189422969 0 0.004204670815399746
0.07163126858750223 0.30903709887878755 0 0.004241005157063205
0.7979902946287999 0.6509653423325754 0 0.003769472076846578
0.2936006273200858 0.3756074713772987 0 0.0016838133165621462
0.6370562653370023 0.686529436479928 0 0.0031461785807753518
0.8867729959181239 0.9561611026092713 0 0.0031823199333664053
0.310007784393632 0.5967291063003893 0 0.002041186596497917
0.02521734306217071 0.37898376139706264 0 0.003809894124798964
0.28233641383387026 0.6979219117979047 0 0.004932743198215758
0.3161544794605838 0.15716778880489232 0 0.004805015611610687
0.37959491477646085 0.35464682088472116 0 0.004744892715503141
0.869589026404657 0.15297120317539023 0 0.004988838739557351
0.9978138602555229 0.8167805471149627 0 0.004982354631406136
0.40256630501545404 0.8557179975160696 0 0.00469293945255125
0.5559933418817657 0.31954317911343605 0 0.004166793971478476
0.2936098816644494 0.07851191964721803 0 0.0035567457200816437
0.7829993058206951 0.5417019950147709 0 0.003363647739902488
0.029000540262967382 0.42693476513332645 0 0.003952503618119475
0.8324131245592221 0.4125056556870396 0 0.004903660111766215
0.06549860307358212 0.07488921011281456 0 0.004741872954130305
0.5523150195591628 0.8465872635358925 0 0.004502827776675629
0.595981255937939 0.5196827867042546 0 0.00483468875269858
0.07398341201368018 0.5455241141861725 0 0.0017462238982970412
0.42713391346623725 0.5095848805071499 0 0.004821900642391855
0.5182140460537311 0.8778551810204314 0 0.004999741693430592
0.726372240115528 0.6945747224016781 0 0.004481062614259724
0.15018525071433073 0.3011338403517307 0 0.004364816205906415
0.9937849069712021 0.5140333854125295 0 0.004988037213507953
0.4070138153801442 0.7771877002858265 0 0.00460924264740168
0.6248874049178857 0.671708182380372 0 0.004994234901193163
0.03355311878989341 0.9769380738586789 0 0.003234103650600518
0.975082255871064 0.5479237486311748 0 0.0036637018721699666
0.03303421704761898 0.6843101030739966 0 0.004443691834831848
0.9910289251710068 0.2752310060399897 0 0.001235630762933134
0.04897002340203459 0.4103728544948863 0 0.003204000414807411
0.8458465552997082 0.05230324865856349 0 0.00306617909342926
0.8425869831447045 0.3307888303970929 0 0.0015608123629697608
0.03938029855679791 0.5203119682306623 0 0.004935899871149884
0.5999290353396729 0.11569957231003501 0 0.004524788359793946
0.1187131161785022 0.7336716010323207 0 0.004678782628753649
0.9205199515824741 0.20844939141228644 0 0.004010541947599306
0.44319954487037067 0.002958668159252382 0 0.0038857203403511622
0.34296437711161026 0.739635454361724 0 0.004836181935283747
0.9952923293659194 0.5260529816266633 0 0.0038392324550260704
0.04546335022813951 0.935437267249941 0 0.004913358552604756
0.1767616272395713 0.7187548472556659 0 0.004981034792097692
0.5302290881530715 0.7561460968378597 0 0.004221494087897591
0.6882779088603299 0.23399143218079396 0 0.0046637565648752575
0.4107507250584212 0.9887516950340072 0 0.0049866452784259555
0.5124347415162388 0.15216884378579396 0 0.003233091716589266
0.8890703083271055 0.21739601253014304 0 0.003221966772648274
0.06414955777269725 0.35955311298333664 0 0.0045620825084436096
0.2567667115210825 0.3931125867883462 0 0.003298441501798719
0.7936564037246899 0.027015158339922622 0 0.0039594008811142025
0.3483854948597391 0.05952559638554132 0 0.004223920292016317
0.2043501805406833 0.47745450049477517 0 0.002489680517318026
0.5745844116475909 0.48045564909404653 0 0.0011719953579397645
0.9752823295911164 0.08597101873767675 0 0.0042150649529579
0.9411359734423269 0.09038224484545775 0 0.004066130055705339
0.014920693741503947 0.3763302867062835 0 0.004988751315335334
0.7132216408828431 0.6045597164296999 0 0.00486888875432337
0.30924951513364224 0.9528554954318051 0 0.004847523847534082
0.42092599138371795 0.5431061436221071 0 0.00318560056777044
0.4373025276088948 0.11902139194147264 0 0.004560379801038861
