0.5059404137702476 0.453284713164626 0 0.004429787056555655
0.45033767575648814 0.762931330819519 0 0.0026439903149425375
0.5139289405222757 0.297907969916026 0 0.0038464543609428078
0.3492931033709267 0.8699426969451444 0 0.0036597194328554018
0.230411256630581 0.9029019881274731 0 0.003848314989241475
0.5748645184031563 0.7935169191558924 0 0.0048591996152157054
0.6846771297566083 0.5426218566148803 0 0.003431821396056828
0.38305187787001044 0.8466471009477092 0 0.0049877683154405245
0.9464957208348918 0.989192837888832 0 0.0049351524771052355
0.23952955334392753 0.6977358307179992 0 0.004860642435694766
0.18824983563760952 0.16641349250576173 0 0.0014707781929324015
0.9573389804894333 0.7536421212013905 0 0.0047907711474752595
0.5508657413350535 0.5062052120390257 0 0.004994730365650118
0.16722173248163727 0.3602312232802836 0 0.0030151547279640557
0.10474787468267231 0.7854510979331353 0 0.00398995724540164
0.6456922139143044 0.2811172548235626 0 0.00498843539319596
0.9650460484789758 0.39644967104913414 0 0.004539243054646023
0.6017581818701107 0.035200893970874655 0 0.003982273212470644
0.015079095931234458 0.3306816797255881 0 0.004054150097260222
0.787373575714858 0.8334502417023635 0 0.0034856325280289437
0.8084061159994539 0.5524443204116326 0 0.0033681989384867573
0.5203309593923687 0.9032365399484699 0 0.0043933423335259765
0.6168584390964805 0.9456149940542365 0 0.004663344285782225
0.0993022568944195 0.4577969016353242 0 0.004087307361033967
0.5726592674219816 0.3812716179763343 0 0.004021143109177814
0.014703556091585794 0.2620179121409501 0 0.0018217617840297375
0.5435431778099961 0.9251501518183753 0 0.004990545263682985
0.9886379672260219 0.7909922291406969 0 0.00499322463623098
0.33771959086590714 0.30367581619316614 0 0.004039823815724393
0.1539329144187301 0.8286138615744025 0 0.004787362302226535
0.1341583025086843 0.10682283930670865 0 0.004442028112215607
0.17334733971635716 0.30493541827708265 0 0.003147629937885083
0.6573532495334299 0.7679364227749974 0 0.004942198438587428
0.9388847828390691 0.8252002713807844 0 0.004834352463218085
0.30225652550206433 0.37168185984275 0 0.0015867911673736548
0.40688008364907163 0.4699175313110315 0 0.0029489538542226937
0.6221192459420501 0.49056719231557194 0 0.0036769056085378298
0.6779684437355427 0.8734985667266809 0 0.0040933453557913295
0.163512601673913 0.08307818186556791 0 0.004923763883882494
0.5890673965153359 0.48674688022316187 0 0.004636852704681745
0.45895698003580426 0.18518297645132728 0 0.004874671630404437
0.39540019772019425 0.6531742503221752 0 0.0024599984692385544
0.5567526675588261 0.7929608461686053 0 0.0008139865056849754
0.3020051739500638 0.13904102864514564 0 0.0031949049988705324
0.5981153943528985 0.9858243367076246 0 0.003545819718057836
0.8316898090862588 0.4017700815070781 0 0.0013708022272626477
0.7023215141724098 0.6458794939291983 0 0.004982139967103033
0.027492554397918527 0.0892102482862469 0 0.004952885296679354
0.8545024842410527 0.9005206679336875 0 0.004028150716566149
0.10388624756435881 0.5755594956362415 0 0.0045854840139889705
0.8967053488666327 0.14498716573042755 0 0.002931888295919292
0.09460214754063266 0.40829050107253356 0 0.004881961488959655
0.5017419950690032 0.921543003916264 0 0.004784356730271475
0.9895642976173099 0.08955023629767465 0 0.004600603078201936
0.8910991845771356 0.4685022926417885 0 0.004910022082733385
0.3406061853412103 0.21657554928183173 0 0.0013901774396958592
0.3012845438475575 0.900668413409425 0 0.002286889105956484
0.254920202094383 0.6349553679261506 0 0.00435964001404329
0.4592136509323094 0.15947868169314114 0 0.0045872729527251495
0.47969084554655245 0.5702028606280897 0 0.004999993184361326
0.4897549426941174 0.8717891361605644 0 0.004702887308622482
0.9511597803719193 0.7149484521017222 0 0.0021118049600136117
0.7693810594600018 0.06408745110068624 0 0.004406428446555929
0.09155993896601021 0.5699558585741589 0 0.002915696598262772
0.618478415604257 0.7360505200849291 0 0.0034805090311134774
0.841838953201384 0.8663543655619473 0 0.00207870380263531
0.7562219867508522 0.346592388776856 0 0.004999972770235163
0.14625013620754942 0.11106283581431374 0 0.00469967507072346
0.3380606235292734 0.3464196405982943 0 0.0016929962910103183
0.8385954586790781 0.027379975393671867 0 0.004650212758413938
0.8320646348472559 0.31660650425822673 0 0.004954077861534583
0.4636656982896001 0.3731289819751125 0 0.0018897618773205743
0.01655300934254888 0.9291406194528965 0 0.0009522411868587318
0.37493202280840604 0.4940445206691156 0 0.003489354222542466
0.7348847710460936 0.5118713316222164 0 0.00429861482659527
0.43380163237436226 0.830039938772089 0 0.004950045999178595
0.528974974640246 0.38758682605137035 0 0.0021615324887997622
0.5378247575659134 0.753451785783111 0 0.004242833521578663
0.7638052325226664 0.30567088332270503 0 0.0037298242882451444
0.8000894637108706 0.9532059713870914 0 0.0013358261522807412
0.21591456170743792 0.07495570548342133 0 0.0028071285482773765
0.1781971827143057 0.9684761647789264 0 0.004861254561707115
0.055370291549933434 0.48908806732030724 0 0.004777380828344207
0.8455896059008304 0.354646224553186 0 0.0038732715016258053
0.5074855125600015 0.9306209879414528 0 0.004999582188831332
0.49900040626689207 0.06900455976976903 0 0.004644704833928492
0.39677279433820906 0.3305253914274357 0 0.0027006515506075206
0.5431055928269496 0.3879930971650167 0 0.004819449074506075
0.4823738433975649 0.12960989411459375 0 0.004969697442631838
0.9737087872154243 0.13119979056778028 0 0.002656940764059304
0.5673218213276082 0.5456817039946219 0 0.004716684192157908
0.16416250025197296 0.8549341207408078 0 0.004948045554782373
0.9426025826762087 0.5926390386439758 0 0.0035638031271033915
0.4112433231944183 0.8251429309590973 0 0.002169242550671357
0.18812959817823346 0.6670732557696342 0 0.0049020620178466525
0.7475053172733701 0.8306649889831844 0 0.004999726541846161
0.4029714304015855 0.18977903093340617 0 0.0048567777002933785
0.4966813166115284 0.9873428547178533 0 0.004501699447609086
0.8967041337272532 0.9634442781724194 0 0.003861683642042502
0.6697934907656913 0.641747136090961 0 0.004873239749989603
0.8530636239380334 0.05952252698657455 0 0.00498687190788881
0.6452084670673045 0.8552545737950494 0 0.004941820124729638
0.7689336478966344 0.5769086186412172 0 0.004183144345284992
0.9035819652280743 0.8965575459880828 0 0.004920701625285028
0.4458649364143083 0.17650081951381322 0 0.003874693920757678
0.0585302262379621 0.5264720296174292 0 0.004806438874770254
0.2573387856137053 0.9581629768330122 0 0.0035957241399094566
0.5026531474534051 0.2750982110015658 0 0.004410584415470072
0.8030710734750444 0.6644776517906249 0 0.004755575759946201
0.13894564847370958 0.6329141353776597 0 0.0049454817224480006
0.30253068851222337 0.386885753864422 0 0.0034875702354586167
0.718627559672019 0.3280914346157174 0 0.004816136335378888
0.9052366013099659 0.6153069074752966 0 0.004095345157272983
0.6497018746382852 0.15243332007204932 0 0.0032182775705690307
0.5097532294443345 0.5840793615850943 0 0.0043284406324716
0.5499226563779294 0.5490430501521241 0 0.00405299290388028
0.14132387423682144 0.35231453585053246 0 0.00438557522610989
0.045279990670401324 0.25746109762944164 0 0.003910714778398824
0.5592622320793914 0.9633513824485505 0 0.004786010584762291
0.6935191705138939 0.9850200249605094 0 0.0019125128809573731
0.8811610400635258 0.6458262353127606 0 0.004196173500585692
0.8271116129422063 0.3307427230653152 0 0.0021794797037646358
0.49898287969390903 0.7173048153571138 0 0.004999127826526357
0.17434142511982817 0.3743103593721034 0 0.002141111970458108
0.2109573275407068 0.18225339540151572 0 0.004238737823785791
0.7924675470866667 0.6691997572061298 0 0.004894206786208031
0.748516991936665 0.6305232929960959 0 0.0024246763372958043
0.6824627113250935 0.7142776101740946 0 0.0038906514085650366
0.1345437745745108 0.18278044961793102 0 0.004148322753136035
0.2776447322044296 0.19114743679951882 0 0.0036077396974942325
0.21862637206649524 0.6809858000669496 0 0.004875526087316072
0.30998902030539427 0.28814853425486103 0 0.004999843460198235
0.19560222524679846 0.8499649808748901 0 0.003954561510509307
0.6649599301311714 0.8918741887399729 0 0.004879605027088817
0.35721550965237464 0.3979796563312487 0 0.0036958860123687642
0.7043312152001298 0.6255007286030243 0 0.0022178823939961886
0.6221458947145111 0.2964554904588876 0 0.0032228072064124733
0.8153833028134947 0.4012375104883656 0 0.004269998545089853
0.7486306293678767 0.7810976097268391 0 0.0031106500528440017
0.42045830288015335 0.7954556176287513 0 0.0033482997261668475
0.4408862497948833 0.030544702300563047 0 0.002084396658683677
0.2632083155242481 0.1922937304477654 0 0.004798708931308668
0.2467422163208914 0.7633865777861717 0 0.0049763155800773545
0.1739443171691327 0.3285081874288534 0 0.004105034207935663
0.8646454374603724 0.3428235250259429 0 0.004902182558241103
0.7950452680314063 0.8030580791901532 0 0.004417771828389522
0.8992809265579673 0.7043449796766491 0 0.004998640487148368
0.5715187100678317 0.8586481134956713 0 0.003910570158821275
0.9690187683215147 0.4840729407782383 0 0.003087083595127189
0.06040553280775561 0.8795800154304861 0 0.004735597834981149
0.8824196079509431 0.04356210751293908 0 0.004969366213947514
0.5236823580082923 0.011095181131511304 0 0.0029696180725664358
0.8978741625174236 0.5176036170974758 0 0.004953775497835401
0.4535734053720906 0.8753188695408037 0 0.0049540638289501115
0.30299304467520943 0.6688638844736396 0 0.003411605696555796
0.48180633381107024 0.9257524872299814 0 0.00238066556960518
0.8944264058200195 0.6610835468448206 0 0.004514797799989723
0.7756193698677375 0.15299039586237925 0 0.004493468437267299
0.5766420972981003 0.5843677027380682 0 0.0031386831419130284
0.28785037030451405 0.09680651207697509 0 0.0049999572185263665
0.8208277818588567 0.0478202268633222 0 0.0032908878579488705
0.0824722915886169 0.32660869120238295 0 0.003764035261078636
0.6827795343144403 0.1053960309356161 0 0.0047664712584821415
0.40936354086952914 0.44656044076322293 0 0.0034822470776981604
0.1046990092275407 0.9373031480136569 0 0.003749343623512087
0.4315146943889548 0.5683371280885576 0 0.004445620535700567
0.7654288219631604 0.7506594104232092 0 0.0016734596070196134
0.8107455331071308 0.5176867150065926 0 0.0012733807564249396
0.18577772178163418 0.11428499640504729 0 0.0036626191177707014
0.18384410439271479 0.9815513673249708 0 0.0042869242981468415
0.9122633664536173 0.3399352950032633 0 0.0038478285108878275
0.353159015983555 0.29880541557175083 0 0.004731670133093419
0.6183950853449329 0.229203036868846 0 0.004999827735808746
0.14941614285947133 0.9571587846570533 0 0.004643746935781217
0.5572459464358149 0.7659734453444912 0 0.004494993451131282
0.2378364245563824 0.4039529031644647 0 0.0019021717923252115
0.5107439318277911 0.784663334277083 0 0.004752122409947318
0.8362989393718382 0.051262153544766806 0 0.004079069429138104
0.9963627862636045 0.39652712818577 0 0.0047891549895297345
0.2632626498692738 0.7770289243646759 0 0.002038257628742705
0.8312736291046783 0.8718613031652516 0 0.0022245301384668744
0.1708312188144688 0.830656048734297 0 0.0031830785218546994
0.755694740748087 0.7030189857213892 0 0.0024975410310902604
0.5715800228894589 0.0535883693241581 0 0.0035496419362765924
0.32586576793726557 0.48801764996599145 0 0.003901217108634892
0.6895876214915649 0.8818963494434184 0 0.003593998880560015
0.34916467922905886 0.3529387997635422 0 0.00498982017714118
0.3309238540796215 0.5623674005403799 0 0.004927491844402754
0.09044971488128516 0.7310590053960914 0 0.0038470498214853584
0.022643386869949038 0.4208756570413848 0 0.004902734712659258
0.8393090534754717 0.2975013631194822 0 0.0033089524497146184
0.5892814892304061 0.023786513613367914 0 0.002760340780006587
0.6642851636230745 0.0698721553375674 0 0.004900158209620192
0.3539929133849336 0.8194035615713077 0 0.0032059858808684747
0.9725090102020187 0.9486767774270616 0 0.004671852393472158
0.956784831769726 0.9105795887498219 0 0.0006025618464937673
0.09612094869903275 0.5388804562159337 0 0.004087802791336019
0.5660764768657934 0.9865052225602089 0 0.0009752718342875162
0.8898699989440598 0.5991661215396304 0 0.003338414076001282
0.8507921526743262 0.32301383932153666 0 0.0019226031746556469
0.28664996339805265 0.7788656539908279 0 0.004263253220125982
0.6221604886890073 0.5647416450138539 0 0.004401219785249075
0.798951893918484 0.9815863803236432 0 0.0029175809111172076
0.043670116834208836 0.47336530904594837 0 0.004856869671961306
0.9371018807450749 0.807100970231308 0 0.0049473286318890775
0.72525362036006 0.3017601249987137 0 0.004974023956555296
0.1573987243231135 0.3631361260597092 0 0.0049999997150355045
0.7797280872176994 0.39348410191388844 0 0.004809130356685609
0.37524368553882065 0.603511290840095 0 0.002393678811052148
0.8455225553698275 0.1446872638236358 0 0.001962653411648674
0.664002191234955 0.25166377618568486 0 0.004627299835517138
0.5848416006669467 0.3806938410965747 0 0.004850327722898413
0.014174017024059064 0.7529873613125231 0 0.004478001002863547
0.32438482599110613 0.26823978790131814 0 0.004906151874023773
0.3167716746615494 0.17322577115250334 0 0.003478776381770566
0.5387938598614739 0.8108583380948094 0 0.004483222747934082
0.7433916608105554 0.09535546525263237 0 0.0036834584209959505
0.3419839930070678 0.054587251822220115 0 0.004982165573897134
0.7041324142990145 0.6682438375560243 0 0.003400828372912636
0.2859081782391027 0.47923894520884885 0 0.004934547456397758
0.4948901676991109 0.3043972748858836 0 0.004999918694902462
0.6779645377093084 0.23359927498787533 0 0.004054244126165742
0.7755254177842019 0.09696689592236883 0 0.004932653411168667
0.6377874454307345 0.09438673434465071 0 0.0032465907003869803
0.23946313158625307 0.979091269666859 0 0.0034760918266130113
0.853454864650556 0.04407975718973854 0 0.0048766154187743025
0.6788669827471373 0.22151509402465316 0 0.004906740944684855
0.02994065558104219 0.3158977865696709 0 0.0035120505719154725
0.8889860698509762 0.42470981994757023 0 0.003301351639184827
0.8235126891483366 0.5466643668161095 0 0.0038839996428184772
0.30551767353752385 0.49998610970032503 0 0.0012864252246324202
0.8896028413336853 0.9227934704110332 0 0.004643200061366979
0.3470868488171181 0.7860984005353642 0 0.002249055260668222
0.07439462259176864 0.9743326839235206 0 0.004922114340708097
0.7043313576159891 0.4879973508184377 0 0.004418806568799054
0.9981411667541558 0.46384400710733226 0 0.004596341010939301
0.019444525238071046 0.5431270732562431 0 0.004990182235349206
0.4935562021638758 0.78806302995706 0 0.003233030455032388
0.6840214793073658 0.8443879304460419 0 0.004804578640577667
0.5334216743794098 0.47195666817824994 0 0.004450569354385136
0.26367887439319876 0.6847132262865797 0 0.003985000730644703
0.1783892267751148 0.6396445181647635 0 0.004997019226260083
0.5516988196130879 0.8976831978657497 0 0.004818791077028269
0.1271318568747549 0.3049061977961041 0 0.004631785939183528
0.2006116594710083 0.2828923439837901 0 0.0036263533725022588
0.09899434417671081 0.08009934403999851 0 0.0048050902590224456
0.6568339703487158 0.18598047499617162 0 0.004527907016178573
0.23145654020139703 0.6706640685807154 0 0.002017066700240133
0.7845637762917257 0.492715144316434 0 0.00485630184490122
0.24799248851354092 0.7939279221147433 0 0.0049131695420200445
0.007068546846982432 0.991874819444934 0 0.002868480235268637
0.4749970921488396 0.917950946277638 0 0.0045950382201856025
0.6466925101409317 0.5279937585584674 0 0.0018921494307924688
0.2584595311721198 0.07480816673224931 0 0.004447323455470243
0.29804377162085477 0.42130205341247434 0 0.004242682422420434
0.2111830310560103 0.9599167884238324 0 0.00277643850260385
0.38415826952415805 0.37305444670678994 0 0.004513454511405815
0.62038224414602 0.7684767964546406 0 0.004820510154787995
0.9248968140433298 0.3387207894211051 0 0.0045439729468951815
0.4540006354255495 0.22539066313093367 0 0.0042359580574902285
0.3183467533875615 0.3091905909992834 0 0.004999103452589935
0.6382017237481457 0.49327610212267264 0 0.003182803232688501
0.8955065059557059 0.5584234478860937 0 0.0032644046403261973
0.060046430786361946 0.1917275292792837 0 0.004548065029277162
0.0323922497542639 0.9498516371881829 0 0.004985463161311307
0.348651753788458 0.01405669675295717 0 0.004807072635116596
0.4459666263431869 0.8154170156136571 0 0.0002974001452057861
0.40104592887562746 0.9905849413910831 0 0.0045497066035526945
0.39106381145415364 0.9669280935021959 0 0.00491322201608542
0.042928942621399444 0.3307566598821296 0 0.00418530369897738
0.21684632941122214 0.1974323288615004 0 0.002055838076326187
0.292185228951563 0.46494580340628106 0 0.004921746162889004
0.250004484069591 0.3820011346407865 0 0.0046728463649549435
0.28155459433612634 0.019476952807707663 0 0.0026179676711182986
0.772502096242114 0.6141721771276875 0 0.004896040979981287
0.9690003163288461 0.35745917551078793 0 0.004943104584458794
0.6164906425279058 0.4254437220087703 0 0.0006616745992197852
0.9749971199688416 0.8230550850633552 0 0.003674143458562873
0.5148255721926731 0.6029061425572216 0 0.0035876773943682187
0.22285430233711365 0.785476495742861 0 0.00481249980296978
0.39689844381593914 0.039496034463404536 0 0.004998349577332339
0.10537043369583397 0.3547066971853608 0 0.004402209291915338
0.9573085004163161 0.090793039165721 0 0.004563042888747655
0.5366803152738946 0.1967600638167097 0 0.004665081770808586
0.30691827430869595 0.6021903115392041 0 0.003991854509441579
0.8741578231180945 0.30515175604593897 0 0.004233703826393378
0.3243276177637268 0.09770872903651116 0 0.0012040008001915473
0.3689342287415686 0.10779161272568615 0 0.004878485216864671
0.21474670388755943 0.37904677927407976 0 0.0036529791550694536
0.18595092844245273 0.7988811130881616 0 0.002277017602956784
0.885335282516498 0.8406971612932188 0 0.004980791681296195
0.9404901155707683 0.09735191709557632 0 0.004766964438142614
0.5664145862659554 0.15993617610617292 0 0.004335046190039503
0.2133292208988736 0.9412003165099693 0 0.002804993464591003
0.9350025687781454 0.5844329127490525 0 0.004708194042112074
0.8678083059296976 0.45387385146794784 0 0.004668829292731648
0.31144373817105414 0.25438644359135226 0 0.004911428954150454
0.4474235662149459 0.6208345293836923 0 0.004470443869601175
0.9940714158232562 0.1777038912637063 0 0.0005573441653234323
0.5099723744097773 0.5421812869628858 0 0.00041499930696079884
0.2222369990078393 0.9153173148446029 0 0.004920180465603219
0.2326901692789781 0.043772430439993334 0 0.00237163018493433
0.8842959660132029 0.9732160782352341 0 0.0034349631738744813
0.6189243934688643 0.5271166639266832 0 0.003949975579904155
0.48875314112471874 0.19385208600537082 0 0.004704646551702933
0.9870971239638979 0.7435508068922864 0 0.004884849221650209
0.747346882678978 0.31480745176323727 0 0.0031139790619070453
0.060233078948663574 0.686873907645013 0 0.0031392629751290763
0.6469589733514438 0.2221707811442156 0 0.0038198202569145866
0.6343595867843139 0.16007830812141796 0 0.004423683003766569
0.572689630829905 0.9936604748704576 0 0.0049800580806177155
0.7984660296207153 0.7541859564816927 0 0.004276606393848485
0.6998192296429216 0.8061957414265184 0 0.00410919962679584
0.7884096309403469 0.32953509514573404 0 0.00446085415515462
0.6125246778008799 0.9013360377408188 0 0.004763563278978321
0.7949065817142632 0.12985260209436897 0 0.0003556438049909584
0.9584739895137998 0.6128321637379955 0 0.003337271299708938
0.14489292117845295 0.924549270677562 0 0.004709545971192739
0.8692530502914821 0.42831889111285165 0 0.0024707293098602335
0.7868875849767188 0.9713472457891011 0 0.004989131791696867
0.6366200135276954 0.24051313492856716 0 0.004951485059543486
0.25996492195880944 0.17007505744639737 0 0.0044130124378868015
0.04568231602749338 0.8000755173098262 0 0.0034495674142621217
0.3850250586762109 0.6955295378812674 0 0.004224653459998403
0.06251738788410087 0.25174324109127905 0 0.004986608279489258
0.49846433851714694 9.376115174482105e-06 0 0.004948278059087397
0.6291988487411755 0.6812138309758706 0 0.0048508989777035025
0.23537226122975594 0.9998102937657688 0 0.004938266878645333
0.6070388350050001 0.45135589389892156 0 0.004425240829659559
0.3488705358484459 0.14369134971030004 0 0.004845880004372945
0.315961930187803 0.19271049372451607 0 0.0049992821364740975
0.5269385415882533 0.1497017347145476 0 0.0038680943743574325
0.4112845542410339 0.21882005108611732 0 0.004766680977342323
0.901248289063916 0.47421647968954844 0 0.004820614118353805
0.9246474268330074 0.4547843899544894 0 0.0045956663244467386
0.6503087238555203 0.24299552729667193 0 0.004377662280054433
0.6886568738393741 0.9983015774360477 0 0.004807250979722022
0.8632344836447744 0.5061356061636542 0 0.003527329541502508
0.7160465262332918 0.6964467282579475 0 0.0034872239329784517
0.5676569305942283 0.7424187741063875 0 0.00410424466303869
0.09467392647008253 0.06314042390040452 0 0.001721055687112446
0.38315726354099283 0.544736137454144 0 0.0026350645077261275
0.4107700341758888 0.3859931303971566 0 0.004976812787062458
0.7302717683877672 0.6389651046468934 0 0.004990593235719529
0.7416580789132651 0.5501020382372677 0 0.00453055784244404
0.9852734343020504 0.008028508790960058 0 0.002831599001629718
0.6117013919514258 0.6669045622449254 0 0.00498546668593932
0.9686669340424104 0.9843778454655704 0 0.0038251237465618537
0.9747918243570048 0.07339311511601486 0 0.0020290737430225087
0.6080083168625293 0.7296336881984772 0 0.00361234281699273
0.9186785314912467 0.6827068883416066 0 0.0016357749796794933
0.6824210138866774 0.151678126572623 0 0.004634159747200599
0.9112464127496844 0.8782112976068485 0 0.004091350650709977
0.9950895971157149 0.6587233572159337 0 0.0049542958849240195
0.23727361243999187 0.8795063468020126 0 0.0027815066491531275
0.21111641364039954 0.31980111959205076 0 0.004958663463983915
0.4970008388646155 0.3348209943824177 0 0.0016113527696034813
0.4333159986967066 0.10064005422905185 0 0.0035938510790504475
0.4241120380987545 0.5510198837159967 0 0.0026999640386540687
0.46469457245248774 0.32050939543120754 0 0.0049782374042371715
0.1264549930500158 0.14941056857650323 0 0.004977419622271428
0.541183435023522 0.4337961974784657 0 0.004999815473177734
0.048960505562591336 0.7608144107086503 0 0.004980937269833297
0.25114443524382685 0.1797346515280895 0 0.003395859763417105
0.10138087870600741 0.5188099788174503 0 0.004922627017017344
0.7004762191090641 0.35312722136110525 0 0.0025745999635900857
0.8572139725782629 0.8806394598001284 0 0.0008998433493138206
0.35217253619605066 0.5180665471482269 0 0.004880646720501968
0.36235074848687415 0.7734458037832485 0 0.00426704415162806
0.8551464453107043 0.7602267081611588 0 0.0033621705163039872
0.0054646772329581764 0.015060627840433376 0 0.0035832080398157484
0.4053919080218981 0.4836733833641574 0 0.004958221639334189
0.14656519251560238 0.675323017822303 0 0.0034312726956602316
0.6929767665066023 0.06447968250133905 0 0.004983082965407996
0.1822603208286466 0.8093868083029275 0 0.004820908177874049
0.5927419036850436 0.18091677546285054 0 0.004427853276486189
0.198659628542569 0.5224054962133596 0 0.003450117780023335
0.06292944916499497 0.6307236971036505 0 0.004597566045369097
0.23846681079530227 0.013299497032887679 0 0.002517414734515895
0.9123801993718043 0.26495849519301734 0 0.00418585226276282
0.8035564196195862 0.9333404278788768 0 0.001931910056475263
0.9886520644192522 0.6318869752688154 0 0.0034056876707702047
0.7866799151799005 0.8227049933876107 0 0.004753319908202792
0.8075421441691403 0.8345854418650982 0 0.004079084680183688
0.0030783628183733655 0.7325420775104227 0 0.004999984082207615
0.49393727724660835 0.5419389992724216 0 0.004943739182219329
0.9437660238054157 0.8465430705232662 0 0.004977149169732738
0.36853528698821497 0.9607680827300108 0 0.0006761807415142236
0.5897271522059391 0.24190937794687814 0 0.004965123372009014
0.7063329123453517 0.5339586529078237 0 0.001231691933666851
0.48144521756269626 0.45136513370743275 0 0.004047774282719549
0.4803506686008226 0.2456046507139635 0 0.004341439479932905
0.7486566226817223 0.7938895345915022 0 0.004781246581122207
0.029422049075510485 0.1508567078345374 0 0.004989778822817092
0.27426619186251117 0.07706948820943625 0 0.004606259811975934
0.7578763575113359 0.7650244670555933 0 0.003400280502377696
0.5695668122387263 0.3601795805399826 0 0.003885902480976589
0.3083813003373144 0.5620291657880303 0 0.004999617361304922
0.9825450358589515 0.40248250076705255 0 0.004925757802700879
0.8291493719928169 0.3064254680860938 0 0.004999261712931647
0.9540584359370602 0.6274761460463177 0 0.004998901473034901
0.005039911507029088 0.3366810353832847 0 0.0031464921368855267
0.4171174263292223 0.5120565913712666 0 0.004996084689959976
0.12266548195774805 0.7885013270149878 0 0.004002398798813744
0.7685451775845875 0.04619776855357481 0 0.004936175976295069
0.970122236770084 0.4531477756359447 0 0.004520269945053737
0.34748923905321766 0.24820972376541325 0 0.003834734005681537
0.34832471947531246 0.916595351285841 0 0.004984495265562139
0.45340723464248284 0.9928708306088762 0 0.004361228060260287
0.1565741430329843 0.2961611759993021 0 0.004726887327854744
0.11154320244553571 0.8835046779390414 0 0.0036324449856604676
0.12179052368096542 0.6238179993444198 0 0.004999475738164851
0.29604412243385675 0.3360369010753697 0 0.0038397246746189636
0.42961937624365504 0.9984663421475013 0 0.004694359378242608
0.8384541327822727 0.35108180094995106 0 0.0023538345543694145
0.9612943600476731 0.4279828152114738 0 0.003431895954731199
0.38056988859102653 0.01204726143100198 0 0.004711937517841416
0.4996318300326195 0.3948183681043486 0 0.004110957120524136
0.7178866300074926 0.14177618894291563 0 0.004463745048727545
0.48526044185001754 0.6175500982716339 0 0.004326551145538404
0.4518725588482296 0.5563987231275597 0 0.0028744837646569816
0.6380378246050136 0.8851190822883627 0 0.004759128139855641
0.2632981868100845 0.09275636773066141 0 0.0015895170507822937
0.3880443594556478 0.5785701390372616 0 0.0049823129620068345
0.7798324772538391 0.07957224349302892 0 0.002969460997929443
0.5552276346210936 0.38048773093107474 0 0.004982063007470669
0.5630331501913783 0.42620329286533737 0 0.0035624025159226034
0.803083849107206 0.48476634654808876 0 0.004655717467818752
0.8633196218943423 0.3743213492677458 0 0.00499680228529336
0.2903987658013823 0.9399253283411306 0 0.004657338598935723
0.7049583346842239 0.5001261433169275 0 0.0029598518796665973
0.7874788070197786 0.7248550221565218 0 0.004705218538902015
0.6533799904755976 0.5896507911392788 0 0.00313267072587666
0.7471586636573622 0.2130677301804402 0 0.004904449660436902
0.7304045738089038 0.35926478823115077 0 0.0049750574360891316
0.8155741739120129 0.16511046802765947 0 0.003593109492525994
0.5963978926712641 0.30226360819399883 0 0.004803118335639108
0.467106202995993 0.8421765230205576 0 0.004660668147120376
0.08909612949506483 0.24597481520049788 0 0.0010479502374504625
0.6714627329657186 0.12220427964371537 0 0.004661450880713849
0.44064210664263465 0.5012901073172036 0 0.002634419831850443
0.6855691010570497 0.901190932008739 0 0.0007175840923942971
0.18551309865469676 0.4821563957831387 0 0.003765443063803364
0.6622017161298778 0.580644632831552 0 0.004996026932404548
0.08166577107742211 0.15770378132457505 0 0.004997275676789292
0.9671187490046763 0.5148861045012698 0 0.004873195768971354
0.6819562950567413 0.03879945694025631 0 0.004684979537334347
0.28671685429637844 0.8915685128175258 0 0.003312036877534693
0.7180459232422662 0.13175782550055223 0 0.004748272765092916
0.2841582444502642 0.5432617577198521 0 0.004526441034484392
0.46012725448555186 0.8235832286648563 0 0.004510444718681656
0.08646731571257447 0.7566776588798615 0 0.002730262954108477
0.2965317229325776 0.1214946710683462 0 0.004655945097997415
0.5979939496600307 0.5981095623344649 0 0.004126829093805425
0.7312363294660706 0.46818040283108026 0 0.00340076821184146
0.9712968911480139 0.5795698514408014 0 0.0010400655011345325
0.1792308409355395 0.6947325950674762 0 0.004447412438120036
0.002187322177853996 0.8077113924332082 0 0.004472858525076713
0.48098750294999487 0.982470912620319 0 0.004546745628800715
0.02902945660034894 0.6391976912397433 0 0.004166459820923983
0.2115809980700932 0.8008567014008866 0 0.004876625388794322
0.030080805619818955 0.21105632984946973 0 0.0019755155286939655
0.29990078154291794 0.1960374783461811 0 0.0049503732730283405
0.3592295809533798 0.8365360000396407 0 0.004999999538348235
0.12417173240583922 0.07691738386261703 0 0.00430178721571751
0.47960513546205924 0.7391129236739641 0 0.004977034209940601
0.9365901907581748 0.11917753158268161 0 0.004938097181166234
0.10170062661518607 0.20100563657776702 0 0.004998644093520337
0.4505105790279155 0.7180530845391976 0 0.0029321241780385244
0.4237240230966029 0.4973272779189902 0 0.004207995698002122
0.8052149318133036 0.1578434296749994 0 0.004459236486301098
0.7421524030701442 0.8399035591784714 0 0.0046753837758055595
0.8954300423532179 0.32514594367897304 0 0.0024196572272539574
0.8229759113753957 0.80088412937117 0 0.0041879187933418155
0.0837766834186776 0.7831291946188011 0 0.0045395021288531295
0.7028529100281727 0.8352897598528893 0 0.004113438343535726
0.06980044253121419 0.5274197965266436 0 0.0029272376667491104
0.17090626737959333 0.8718780871548416 0 0.004292675844939251
0.22239866984613307 0.24611871748928857 0 0.0029840553889839442
0.003221283523508029 0.743613642534802 0 0.0037618030033166098
0.15716705943152007 0.7076224734138828 0 0.003942374866483134
0.1663219689222962 0.3839401136834342 0 0.002169992084499838
0.09722728385730527 0.6544211540550708 0 0.003724952569150668
0.7867029730511448 0.6061640965054974 0 0.00459980713109454
0.9109261028685595 0.415564247286576 0 0.003937871884233143
0.07365257228614396 0.7912355910986233 0 0.004689569206572703
0.6554603046283284 0.602085492663405 0 0.004998404284396352
0.7963694497890911 0.19071952416601254 0 0.004999933573161511
0.3102385302628821 0.16258682647770292 0 0.0037503264130769823
0.01643091813196961 0.654222858716471 0 0.003792335820152682
0.08544018099969984 0.4403619330624073 0 0.0035435232810842802
0.47991837772479135 0.672474915076353 0 0.0035199163064066007
0.0273156405182886 0.7760413809767955 0 0.002513551748222933
0.02427400934866141 0.12198666541563484 0 0.00499991430386424
0.4131795692018034 0.20683265510860757 0 0.0026989796801500684
0.0070889640929933054 0.5625780338307259 0 0.0030107401076379563
0.11784893287714258 0.9924960244276243 0 0.0042976898966720755
0.4385989267877523 0.1528552966193862 0 0.004956918815340788
0.5261747458474625 0.09280012899038291 0 0.004927374959175111
0.6918655247031722 0.5199579900628396 0 0.004523444644819088
0.8956946304777104 0.7939551909169218 0 0.0049272095695750105
0.9033812027469034 0.7530149418962411 0 0.004842488458888581
0.6845823160701544 0.564632393768137 0 0.004812519364879936
0.9059652089053398 0.970939644505516 0 0.003355674031789741
0.3991177853366757 0.7911422284148779 0 0.00371621983038545
0.7935084760117341 0.7100594892027571 0 0.004040162271349183
0.6285944068603685 0.9886135540717006 0 0.004895082588452164
0.43397975770162805 0.3848403536834431 0 0.0047531660848204186
0.42885050724114643 0.785599616107199 0 0.004827450924472143
0.9233671893006754 0.9481976105459688 0 0.0010569204919128553
0.916902664991195 0.9795394683611515 0 0.004253421633807636
0.5420692067589644 0.6977259060212794 0 0.004807565085120621
0.4261728535205717 0.3420036687131502 0 0.0023260936481557656
0.48611097494380723 0.32247443250002555 0 0.004056439591276378
0.10196651889373153 0.9098681948274518 0 0.004945288869669531
0.3066068008137815 0.33292373776704937 0 0.004848788678645167
0.30204034423733844 0.6582315924632559 0 0.004782208380351429
0.0029408410745965737 0.9151506987888814 0 0.004493982747450616
0.8332949384070388 0.8339515709855084 0 0.0037938322524382426
0.49092025756995833 0.28499659645221015 0 0.004586373103500889
0.644736621796922 0.386286503597926 0 0.004935888016082524
0.1778140775913006 0.6500349906721746 0 0.003124803288237751
0.029318285636191203 0.28210232731236023 0 0.003524078261228549
0.010524571795874398 0.9016177079938971 0 0.00407943913202199
0.48901969321802 0.08153133894171681 0 0.0028807252818122235
0.5845265829581199 0.203752503954947 0 0.0049356877198799875
0.15984539854281996 0.9257763043310153 0 0.0015358709513162985
0.81426868842661 0.7300892687809645 0 0.003131847989432825
0.5725078096492452 0.8686707755586324 0 0.0032668405547873936
0.7540104846923993 0.018965384368913922 0 0.0046566422611451054
0.629140356978818 0.9094002209339618 0 0.0016821865703462299
0.22080558042243334 0.8187287908244912 0 0.003504829457051385
0.8761476663333804 0.4057330000722655 0 0.004140663056556136
0.5212033670605503 0.8556800508772457 0 0.004264753131007679
0.8166981310239695 0.5676619391612264 0 0.0043522479832135575
0.5303471865570063 0.30020501165186425 0 0.004294332344252911
0.7111830037016684 0.3570855287554074 0 0.0034879826406090503
0.034026905427509066 0.021418139448152622 0 0.0037526604935925133
0.6124199247605245 0.5606396437813264 0 0.0023037628146684182
0.5021560021521115 0.4375722127091845 0 0.004980032800731432
0.21134132466619068 0.6579844421942178 0 0.0020424000965151208
0.43904350879627235 0.7112172246408995 0 0.002228965051380221
0.8251505412129041 0.8888468837814925 0 0.004719657118671276
0.40884419325553006 0.2724609520546574 0 0.004931689494290174
0.22670714624249674 0.3595039930227016 0 0.004444168160361919
0.49874684878806114 0.7369397237639914 0 0.004345705533749298
0.9225509230839658 0.2500256072996701 0 0.004888740194838416
0.10958933961653604 0.7429986265233307 0 0.003752067926639099
0.7849841507677385 0.9148642955013454 0 0.004965268820334589
0.024217500260053308 0.6847378223832619 0 0.004074004933470749
0.8660773940835874 0.002925372139306765 0 0.0040190498015546675
0.2614991322574996 0.23565637947063764 0 0.002179590746255066
0.11264836919927056 0.13331684541360497 0 0.003251560702437885
0.2595841738020989 0.8929335918016573 0 0.004325140574758504
0.668490478459229 0.3120200128697069 0 0.004038760566704051
0.3602296205608469 0.08293069359363346 0 0.0047717175463809795
0.4215435773872738 0.9398479320916417 0 0.004720208092228921
0.27838009728103646 0.4355235698237732 0 0.004807671117344271
0.9841773921477648 0.8520622387495429 0 0.0022557254872537695
0.05056772598938285 0.4995215426964444 0 0.002839142947642204
0.9125586245156625 0.8517263754770353 0 0.002549986256313719
0.16739913329686004 0.06144294500839241 0 0.001346594029345316
0.08855951275390582 0.9729206081159245 0 0.004717989629343412
0.28672320149851943 0.3585516004156473 0 0.004929997059915451
0.7668203557073262 0.3515564115528204 0 0.004557250624229508
0.39535522294759845 0.44927910225987416 0 0.0030293896596008817
0.14004216641807563 0.5232793475148286 0 0.003985033861400997
0.5404786365046489 0.004655048900036313 0 0.0049685291230267895
0.10605444054575063 0.563268220867514 0 0.0033461603711196614
0.4412486915181926 0.04343367611191072 0 0.0007338452515967352
0.28814739823696295 0.4993127575618002 0 0.004999926863149609
0.7245200006209286 0.901957177550711 0 0.0042061192941750605
0.6285267745443226 0.7560659133110541 0 0.003703205101406895
0.33395536551694543 0.7492139025068182 0 0.004972509937539349
0.989514205987664 0.3358253949115209 0 0.0020182459681451813
0.8947740567053751 0.37662343817886207 0 0.003624461653264844
0.8406747014771838 0.08630014543632468 0 0.004667265152374354
0.5681779647359279 0.40467742385233735 0 0.003772970149109499
0.6485090496548818 0.14174306790040944 0 0.00459149630933333
0.6036093649824128 0.8634447716156751 0 0.004789665120911227
0.019710016186164185 0.9841909534336223 0 0.0042173683517343855
0.38853143503154347 0.830451819256235 0 0.004885514823175831
0.8872762859180169 0.2053309087460867 0 0.0046066627709512534
0.06836078741728212 0.2671402719593598 0 0.003403338695116743
0.7212352153913236 0.06472128483463256 0 0.004990893621508117
0.8264301192837074 0.2782317911265482 0 0.004711143748715292
0.37137968442762054 0.59494830648681 0 0.004938997713721115
0.14971484994451476 0.9039400047331834 0 0.004389417661051647
0.9430592730111604 0.16131004541418711 0 0.003585209854772882
0.06122709465073116 0.4648576954109937 0 0.004688044484353738
0.7466512330225146 0.4750782447111778 0 0.0042820563382735275
0.7313217912751137 0.7348792976734165 0 0.004923052093296205
0.30941804910587684 0.3015548842555375 0 0.0034812791750459112
0.29788532640952897 0.8570744404842172 0 0.0024981172004084453
0.18415481435237266 0.012020926324987073 0 0.004765400240822363
0.7660470544522833 0.9346510604356695 0 0.0006383538991492773
0.06149122104698877 0.9748709093070633 0 0.004616512762572837
0.8474984322066331 0.8229503533439022 0 0.0021228744241558583
0.14540816065467374 0.14006735465164685 0 0.004999993892701665
0.4968733488462847 0.8996273947275267 0 0.004950472104085685
0.6856636375722405 0.3592002845012237 0 0.004712478635513097
0.4396133364403197 0.07658016906786534 0 0.004630913148858664
0.7347524889914222 0.4996991844174587 0 0.003073456069404703
0.10791454591328319 0.43419081115647 0 0.004107614989069837
0.36751509859722414 0.42519072253877926 0 0.0049895631311445655
0.010226674054201516 0.6419250982788408 0 0.0033466655940447582
0.4821842006556076 0.03356745567352236 0 0.004983570252588065
0.611152340057199 0.8435468952105064 0 0.00496942055125431
0.7094906961468588 0.9343037084441153 0 0.004743549431290871
0.8098935350430788 0.3928468541778383 0 0.004986498499315751
0.4402018259725226 0.3367967883942044 0 0.002086834463192084
0.581571135530178 0.47362748107630664 0 0.004999690828721788
0.6003093318508284 0.419008530632167 0 0.0049480692718064665
0.2699639944705872 0.39807623489389204 0 0.004919254650879362
0.09969217040768784 0.47993254794326873 0 0.004262001985752425
0.6709223056033404 0.7359804133029275 0 0.004999880398726736
0.20753303992318325 0.13739322684863517 0 0.0037144395654462345
0.011852522354330645 0.586951886885005 0 0.00458767558089057
0.8153011729757862 0.9270183118861135 0 0.004560028261759115
0.6628364561330072 0.47501754351796727 0 0.004985185848215406
0.26085537190222546 0.8233217987042822 0 0.002831380939220673
0.7860601989036191 0.9850004017655156 0 0.004997392651705457
0.14826415615279884 0.7170370489153477 0 0.001589475265973832
0.11008236510079038 0.16378990164069282 0 0.0009236645967141314
0.40678510187130373 0.18162055789081952 0 0.0022552884298020375
0.6829940728202458 0.4407768713608084 0 0.004992110298541491
0.5940125077691283 0.9573862821807756 0 0.0030395291762652095
0.45154624975300267 0.4243231949814161 0 0.004992605698684372
0.1599364527215774 0.34215151257877147 0 0.003515057739297085
0.6365185120190241 0.5146446637003887 0 0.004015607102633217
0.5077762771431734 0.060347477082340326 0 0.0017056738864979042
0.7774609137008457 0.4742620900206472 0 0.0019688811635263557
0.4709031394192245 0.8683294531460287 0 0.0013668381688503042
0.05177366839724039 0.7776622332411135 0 0.004912101334405161
0.3029556713116534 0.6276249029216076 0 0.004841822788759131
0.9109412628740535 0.03635730137566638 0 0.0008828567875277646
0.8420410329676226 0.19472940951446424 0 0.00499942338464356
0.41314931153782414 0.39727207398680137 0 0.0034971420020261613
0.4423891364994745 0.6844799663250247 0 0.004993455976612544
0.04753748801099521 0.9656787292613089 0 0.002973672444876257
0.26987197639944677 0.4857746563163399 0 0.004701073998248443
0.5129076090528646 0.8186305466412235 0 0.004601915731267545
0.9396376045139334 0.5091482246618435 0 0.0038799920751618313
0.6116888433612431 0.9917032404290287 0 0.0045546102858365165
0.682057843815554 0.4071323110734984 0 0.004445899459825753
0.17257212352720605 0.10141755948022667 0 0.004506252212998239
0.4256558940962742 0.21200716243340553 0 0.002447660387604046
0.2880373103842942 0.7565545403458763 0 0.004989048265706977
0.4032325808376916 0.10336057281642307 0 0.004963220953019187
0.6997342127005407 0.14465810943848276 0 0.0016063332325562398
0.34004975864035086 0.17793684862909695 0 0.004938537162519677
0.8767853321787148 0.3835378940472007 0 0.004988675175645137
0.7984588503872009 0.6865765405287074 0 0.004924201150591841
0.4111162571837606 0.5754429059177925 0 0.0019387137322402113
0.36381656243397514 0.1775091590240386 0 0.004168920667052065
0.6097614756981053 0.24642966719903012 0 0.0048600795450192
0.5297789523534849 0.9476729764917806 0 0.004925974648283326
0.9925161211225768 0.4331098764548133 0 0.00478507246108764
0.2958810821173902 0.5695664586252316 0 0.003337512973403395
0.5177384992863799 0.6993459359998013 0 0.004779470798379006
0.28028129954590336 0.1407356011123949 0 0.004903309561391121
0.23872126453042372 0.4563475367876056 0 0.0033966665006702626
0.2891971123018355 0.3813363421195782 0 0.004979638009755765
0.971572209502313 0.5997488038857937 0 0.004974528911824694
0.7359437493478173 0.7909643951945005 0 0.004948306762709641
0.18456981183415752 0.25924956005745176 0 0.004758353598434844
0.4951712865451519 0.18200305879998388 0 0.004339164175725135
0.020813194322291444 0.7630176797753964 0 0.004909705554181363
0.7158548570796995 0.6589569912935163 0 0.003995004103945845
0.5749508670174763 0.3144563090094002 0 0.004740209277836868
0.25969168540064586 0.6025108224075749 0 0.004862066900023457
0.42877373068707963 0.42065952047924765 0 0.00286305464474677
0.03704151757787731 0.12428230888527457 0 0.004908536505490158
0.8798357681129106 0.759448388810256 0 0.0038233760867491654
0.48528837660926943 0.22957056606553702 0 0.003029970605941965
0.14696777170207218 0.8105072810184072 0 0.004871878848528184
0.5776180277001364 0.6802003850241 0 0.001181965694646607
0.8103167357483861 0.8606798120557788 0 0.0047704697235223786
0.6630404000402896 0.020411074010446277 0 0.00333362677001738
0.6416990291029876 0.7908508681893064 0 0.004712211010153691
0.7252280169742263 0.3690032396789467 0 0.003991254803386008
0.8786110053121129 0.443664139027555 0 0.004338307384469811
0.8410098609339262 0.37396292970390527 0 0.0038906425382680596
0.5647206776663194 0.13586118421037105 0 0.004854415389162173
0.6995232199163367 0.8667762996993866 0 0.0025408399253515216
0.05863023438202307 0.5143812494175541 0 0.0011200369060633234
0.4951890085211806 0.6543642090052608 0 0.003964549289239379
0.19681690263933369 0.9577602937675898 0 0.004546718041614228
0.6793094835519567 0.3747935025545908 0 0.004883903476150526
0.05121011907494809 0.2208794010642808 0 0.004736636114238827
0.9255994426363858 0.9402834058686905 0 0.004909668055436999
0.060234377172264084 0.16865762906893764 0 0.0039070921064682015
0.8512737648069053 0.4943603877369474 0 0.004970745640974585
0.21215132145434276 0.8781689782162937 0 0.003124728398107726
0.2964714089830613 0.5817060887782662 0 0.004755720790233726
0.1692495084148213 0.4641154936091249 0 0.0039531907359148565
0.43319889511889936 0.9306519202357983 0 0.0049090372337612116
0.8389978556908675 0.22483012935338162 0 0.004897981572100829
0.14158007203936093 0.7381701017333543 0 0.004818754561121802
0.5607810373395489 0.5942660641173919 0 0.0025073824530987827
0.9315308528878801 0.5362202805277771 0 0.002901938779726585
0.23418308208418667 0.6143087401989293 0 0.003165225577905667
0.3509918733618585 0.11295808064151379 0 0.0018342199893633822
0.6782623579054539 0.8934314297599494 0 0.0041644441351979915
0.08741660808845085 0.6105022976910243 0 0.0049760952968923985
0.17438882686210663 0.7848723113746258 0 0.000965677121184888
0.11484755777108356 0.9470249305621585 0 0.004599803866004115
0.24170585090977134 0.46762237700616976 0 0.004992924636842941
0.35755089152739256 0.3196875513778514 0 0.004225638718544019
0.5540065085808359 0.09209281751128272 0 0.004992600664291665
0.2461507189278915 0.6012689123402948 0 0.004198063788393894
0.9189289358920718 0.7945562542145636 0 0.004429257640867533
0.7753255820819871 0.4297903455916578 0 0.0042718034429660365
0.8805593233193891 0.11190619287628588 0 0.0029476778680572317
0.2281902551385435 0.8063685781552806 0 0.0009186308002365095
0.21979684145501363 0.0915235048548657 0 0.004870218232338998
0.7497494199019744 0.9223219173261535 0 0.004990732752532852
0.9273351515425032 0.16321666043470925 0 0.0028276045997295035
0.7300084497715265 0.26849945161504524 0 0.004999976058726543
0.08398255628802252 0.987754517498932 0 0.0033483614412355895
0.8804901278589063 0.0029696133288198375 0 0.0008552905118032143
0.867743789313717 0.9278325613546865 0 0.003536545808096545
0.5782305430389508 0.22112845107909304 0 0.0030974428083643695
0.3601092220359235 0.0051376400933247305 0 0.004996158233537567
0.18754868292949653 0.2956771537126454 0 0.0032619492071927093
0.3243186286569118 0.375037516528328 0 0.004662520561325693
0.08101721389911419 0.84978248802624 0 0.004916332735048417
0.6858174762538559 0.4306919928423372 0 0.0036387367427382898
0.1024559373622773 0.8991226559126609 0 0.004802201147267201
0.1504755770902436 0.15529445404472017 0 0.004977607008510284
0.29219308210651856 0.8811570116147038 0 0.0023837441629261423
0.19302716487401525 0.17526586141715136 0 0.003442584079710893
0.15826557801352356 0.33379343946499535 0 0.003911833164361987
0.030772732357176584 0.2385160418708618 0 0.004680899446827693
0.7210031495400329 0.7660383401541231 0 0.00477345267579625
0.4683116108435225 0.491473596057242 0 0.004970214507341346
0.040223786805305126 0.20282960495646793 0 0.004915000729293825
0.5318352827223917 0.12322855852535906 0 0.0034711270567246593
0.017178703622104156 0.2088282931780244 0 0.0046707481922325725
0.7671412494481947 0.036109815312960966 0 0.002421422764762339
0.9960445263284461 0.8114987606454946 0 0.004857465677422695
0.8166081385565411 0.4122391517796223 0 0.00063164867203944
0.8725901034686832 0.1959642447612325 0 0.004055706311573513
0.5608336716787149 0.31489914481549025 0 0.00332429494472565
0.7370035796564297 0.04661897214774123 0 0.004982734106251076
0.43872312456408574 0.2961890305762123 0 0.0040475670802975865
0.00993558778267322 0.8629497111357267 0 0.004722906092872247
0.7549003831092768 0.5664461094027696 0 0.004550321461657279
0.11773868732539315 0.058155270938495804 0 0.0036437359651394587
0.08142313107258524 0.7039806413066606 0 0.003852082269519815
0.657601591069214 0.6153620029695378 0 0.0034588678574464845
0.586737321039762 0.4431585915890129 0 0.003943407306983276
0.48089910840212763 0.884435651542855 0 0.004618601890967574
0.14236917123547874 0.03492506239839098 0 0.004974036807325975
0.5196270123814752 0.46619633639794805 0 0.0036806685377287294
0.965869782537752 0.8179820031950435 0 0.004624094035713565
0.7241535113771217 0.012760926615833605 0 0.003992658322573303
0.2569958286679059 0.11801714885462887 0 0.0030197425183119877
0.07254704442429703 0.7278996756389376 0 0.004937422669252882
0.8651354512458777 0.25236158702839556 0 0.0040741852419353
0.1982688694647817 0.7876904261507987 0 0.0030602065881209423
0.3047204344340862 0.9582983194225585 0 0.001438459710694808
0.5966761597949409 0.8143868647006816 0 0.0047408565764102805
0.01692121092543252 0.9598774205910817 0 0.0036274219708225704
0.5784291756075317 0.4231357079256039 0 0.004997464677300273
0.7419418673424876 0.2311458891731892 0 0.002672006540152921
0.17599816174993618 0.4569271124995929 0 0.004067414111374383
0.289210313318291 0.6108200866850282 0 0.004620855529076495
0.1854617789454571 0.4524475818315477 0 0.0049207067519949285
0.3693728222916401 0.831078867953842 0 0.0039647747050367
0.0935977601614718 0.14080136782559347 0 0.004965913113837889
0.5473431211344717 0.21781009038418617 0 0.0047255133476792385
0.1462123876278115 0.4430383175339749 0 0.004990396084082839
0.25572276186726334 0.29916681424273867 0 0.00479876783230449
0.1381566918140774 0.9972509830153626 0 0.0030365725301150504
0.22903117718642926 0.19685496403185773 0 0.004639231104637604
0.3221433853115329 0.2523654979371774 0 0.004365372588061116
0.06433443362876222 0.6991145459243286 0 0.004360401638069755
0.36405342626954523 0.20662679400770054 0 0.0046600044776334065
0.9432743525732 0.29059099966319596 0 0.004999704398743914
0.8954113656841456 0.7836183629237319 0 0.0038767780485498286
0.9727698472817555 0.11118284723030601 0 0.004231741892207438
0.9084397228678135 0.5463704240586036 0 0.004496676771641826
0.8915038978488418 0.8870613098580044 0 0.0013220209112273997
0.3597168382499136 0.902792762664784 0 0.0037233158945426245
0.5318159776404329 0.026324828319277287 0 0.00482344799007983
0.5700211861811386 0.08506403875476641 0 0.004937027970638253
0.38715193285097843 0.08302032193286767 0 0.001983900936441738
0.3832751967147328 0.2654543270504132 0 0.0032880178034295363
0.9942275691444009 0.24644511372032782 0 0.004962912432341634
0.3431987548116087 0.5039803948535466 0 0.0031637973663282653
0.8277357244780592 0.11613896354392327 0 0.0019251486076889786
0.9491362029957545 0.3057325773465562 0 0.003726302221694927
0.2968309072693594 0.9876641873391936 0 0.004976463855132954
0.34729421352473383 0.3781658253058951 0 0.0049950737917481905
0.4397818130509082 0.6626114765260404 0 0.004942245664165012
0.5735857553957117 0.8864272396866673 0 0.004908660650775943
0.8296019400180167 0.7130651490724542 0 0.0039402365095683465
0.40236477080504457 0.31600863683545216 0 0.002415791721402493
0.5896629308617304 0.9078318710635936 0 0.0038592367620157043
0.6951787390853644 0.7351885430276689 0 0.004756708802023645
0.9218673937074473 0.6327706230925804 0 0.004201131044155784
0.0028482138059804326 0.7930527645317378 0 0.0032634854446084976
0.556152536903289 0.0290686212312432 0 0.004943029433432077
0.20957437304142987 0.013426586806316913 0 0.003032832743955486
0.8774901687531561 0.2605310002181997 0 0.003994004233617197
0.4702427406466087 0.5860490120172585 0 0.004549680286095195
0.8107482104648737 0.52985166617559 0 0.0026955665115449014
0.4723039770543213 0.5239840247825335 0 0.0032933030128284814
0.7540333132189024 0.47934270282636776 0 0.002982701768767874
0.510878959661402 0.7997639173806482 0 0.0035320404366166415
0.9967950545181268 0.9921241759178048 0 0.004979887804307984
0.3225031729044779 0.1261838322635553 0 0.00499750810528442
0.5371497474171795 0.5062508559046802 0 0.0022127723768632043
0.2836049485495646 0.8580548975132318 0 0.004669960297516599
0.5734071010897562 0.349724255967457 0 0.004990519080470195
0.5651794507526143 0.4608889383993769 0 0.0034242915664385257
0.09147651377535314 0.26684341934509176 0 0.0046484576288579015
0.5084556119641919 0.7265631952305179 0 0.003388025352116936
0.9182784736463926 0.2075054217215838 0 0.002775899431751673
0.7528716810559816 0.8067041652472865 0 0.004999622755443507
0.06245701748736708 0.41953584186908116 0 0.004950700998344018
0.9672547338028291 0.6603978647787228 0 0.002735818263866401
0.500241717945565 0.8321558046184595 0 0.004954018074165912
0.17487846093239365 0.44326138924072683 0 0.004915875585637071
0.29018223327600506 0.0405231008710638 0 0.004697353551578471
0.9832971533111734 0.9074704752694164 0 0.00475851567895899
0.7343477573914262 0.3799941661098681 0 0.00460681685402557
0.6568308130543355 0.6955975927088407 0 0.004966348242374557
0.6380339724967322 0.21536446786602823 0 0.00317224660843513
0.5628184587738366 0.9023237810208375 0 0.004390318239091146
0.525767586398303 0.13848103509752016 0 0.004888883644844043
0.23972658766064822 0.4396806405001262 0 0.004440482036637415
0.7280218890023509 0.05122367086455547 0 0.0033500615940951347
0.17041454015748778 0.5469963915621393 0 0.003589905209325618
0.6233453197671287 0.5997478554108635 0 0.004573435328826006
0.6468192200162608 0.17731880083454196 0 0.0035681464839660004
0.07312170927015792 0.39805737815448244 0 0.004810508620405343
0.8018480927704411 0.2887528066730814 0 0.004958553154177278
0.7771455332641273 0.5255945630362964 0 0.004598764257435759
0.4342167278176689 0.476700567583439 0 0.004747619189262717
0.7554362086377314 0.6025684502002296 0 0.0017545949718717941
0.15056816422471894 0.06426191861906515 0 0.0021745708238144505
0.8779274763495802 0.5092985765399222 0 0.00499960849540221
0.8486624115207858 0.6124791288279349 0 0.004380760099601675
0.8083836437552573 0.8873889604051515 0 0.004351282483053624
0.03246463519879671 0.26993183687718797 0 0.004916918465469744
0.9827516088407442 0.8354090212369343 0 0.004966757936745044
0.9928614569349501 0.7527562081989445 0 0.004273577784367846
0.5202621658233798 0.2601284669870671 0 0.0031378314496524375
0.09015674989791721 0.7941745627981956 0 0.004627414158146945
0.49359633438975764 0.04484482186994608 0 0.003527137251837581
0.5484337412706953 0.29580292616971243 0 0.004697644467736138
0.6228725231450544 0.3394468535861868 0 0.002474409215268995
0.30061057414308295 0.9237065720645042 0 0.0044611518499631945
0.11430571802625077 0.2073489655811329 0 0.004587453690940064
0.43084383350388306 0.6918436443393015 0 0.00491032314655189
0.579784543335482 0.5172043500436015 0 0.0029237085741420283
0.6485674007526704 0.9638047188336261 0 0.004999487188514109
0.03239018854977259 0.5914322382988442 0 0.0019801091162289838
0.3874159106405926 0.9369191015470483 0 0.004999877889207982
0.8775888351466057 0.10856769396590836 0 0.0007861658323019833
0.19039640619024253 0.1420094621776576 0 0.0008639636655146251
0.35407580326179194 0.44903786972894394 0 0.004983984677860257
0.5938114367265729 0.2519497410664538 0 0.0037275342388866104
0.45020855014367084 0.07657357411556896 0 0.001773792824874329
0.7241752205061626 0.24745316276788007 0 0.0046223891069619855
0.4914977572280042 0.4895679822310797 0 0.003977673735850237
0.34510277404279194 0.31857087626953734 0 0.0049979876388170025
0.3154882234959468 0.541122107116811 0 0.004501671282459947
0.3710530788217012 0.6181221303163262 0 0.0046487428594218115
0.6840399222023166 0.966248630752501 0 0.004664454334740006
0.4671103396620702 0.7963882665340969 0 0.0016569356181286323
0.4662811357448294 0.034116351881021675 0 0.0019523824863582392
0.1557933680152049 0.8062805898142098 0 0.004339307717993115
0.5574964354381373 0.2684700276443686 0 0.003504192103200173
0.50022494187685 0.811893245334406 0 0.004512558132278911
0.8715055909635707 0.09993753551997896 0 0.004648128742734484
0.29371944816377 0.5183264543931893 0 0.002830208460306863
0.06333080760665442 0.14627530503045802 0 0.004791334866125693
0.2503581529760334 0.7345577679543204 0 0.004401341780225846
0.16441376397431337 0.6478722128346197 0 0.004862396304181599
0.12800052558424344 0.2381232152289011 0 0.004999699966961983
0.7619197095310821 0.1879113580087148 0 0.0046166263489594035
0.46714282040402094 0.6226596956206784 0 0.002687207105388368
0.8015212230780048 0.3354206320377086 0 0.004391721628039961
0.11285868599413416 0.8011432829082956 0 0.0036264284765538815
0.5007242987030147 0.09227950742022438 0 0.004745428562953257
0.19660921385423621 0.46316960416306124 0 0.004995649948691196
0.2711228243839448 0.12948331425564105 0 0.004893023032907624
0.62954825889431 0.9407940729135649 0 0.004714015409238575
0.6219060225076148 0.9584692701140917 0 0.003999280485702197
0.1831534948085188 0.22721528459079074 0 0.004844879181792224
0.4555642704118747 0.7298310929987659 0 0.0042197941487726815
0.7998921998238756 0.046881396224575975 0 0.0037876492116354454
0.41773838387590817 0.18565551690302848 0 0.001614702953744682
0.34169048440581445 0.2728306223810963 0 0.0049914326516457596
0.24757160394880925 0.2790631023421512 0 0.004907333547065469
0.6236657530033511 0.7127236780681366 0 0.0032598301931653128
0.06626396737833005 0.8136342157475412 0 0.0037315877649199023
0.03189850921215197 0.5389742149382167 0 0.0044730769352033335
0.06222454933003617 0.3943118008909085 0 0.004368956580035596
0.6050200777244741 0.7606035871053451 0 0.004736072918834961
0.02060491209840331 0.8359668949885812 0 0.004743284814728938
0.8256545755838727 0.6227649264555497 0 0.0049740642718758945
0.04310467386894966 0.5396133644261913 0 0.004978769576531703
0.5979412462381998 0.9071772426784146 0 0.0015530034285101712
0.4078984055678501 0.374917950871479 0 0.004725851897080701
0.3365410841293239 0.28719189905461845 0 0.0035164509779226382
0.6628526431970391 0.9286192257406167 0 0.0027193079472411703
0.92539198331689 0.48698308414225117 0 0.0029497496312469473
0.6094572338256189 0.8877849471773611 0 0.0028735048560761104
0.9828313580252923 0.14318207954207338 0 0.0026201263962263746
0.1780063959667155 0.9127677890703041 0 0.004546446114234722
0.28853405510255065 0.656944365922541 0 0.004826897892755026
0.9872867075331679 0.8756010477043206 0 0.004710246012258085
0.039346849991174646 0.9669874400266422 0 0.003072431511373536
0.0539170431001159 0.564387554504888 0 0.004964698479961569
0.0808011630628933 0.9133105102594297 0 0.0013651684203034038
0.1370485361657718 0.7525734198859898 0 0.00499682441648325
0.5954331098268902 0.32850027932388887 0 0.003734897803745774
0.6997031637648123 0.7632383883775047 0 0.003853262042614034
0.8792069351352629 0.8284029104102982 0 0.0035358904959466022
0.7217942790518768 0.8787545904129594 0 0.004460329914589218
0.858450120912808 0.2755607728444794 0 0.004858282502836336
0.0809944410515585 0.40245437634616493 0 0.0027345750004236676
0.8143147675193187 0.8423913081949174 0 0.0038793983089249993
0.9260010112452253 0.38465169792997517 0 0.004784116345265302
0.6368433094265078 0.42263298895781637 0 0.0034570989476879767
0.9295633423372718 0.8943910101244723 0 0.004823651316058107
0.6928330882765413 0.9741059582586734 0 0.004985907954815746
0.011129061043945503 0.43072283302338193 0 0.004679007761565712
0.5432884019185722 0.2468831391019912 0 0.004743557515952944
0.03575847756665261 0.8449321067570388 0 0.00444247861674719
0.4225790694450173 0.8549184757333659 0 0.0032660392804029943
0.38372152421210676 0.24657562871231217 0 0.004112125270898796
0.6012303909697153 0.9313248838326181 0 0.0046550111053654695
0.9057351098931388 0.6490680071264391 0 0.003327779607688501
0.8686045363185013 0.576455497618591 0 0.004990017548714622
0.11213748312861903 0.03132737445402077 0 0.0027813391873723285
0.4466552444702267 0.3419436472600496 0 0.0038792564524154937
0.8957487260261139 0.1318300161633987 0 0.004742735334231454
0.47746007490804715 0.8267061172227753 0 0.004949943283198974
0.25057904862470587 0.2565987632767445 0 0.004397918991056318
0.2592124502543596 0.4385221965624269 0 0.0016718316056570234
0.9260934865252072 0.2317552443024183 0 0.004810825599560683
0.03555342026172746 0.611797352000453 0 0.0027235456930501927
0.15866558020433671 0.5064406796179388 0 0.004750127778814531
0.7100093000934278 0.38675586695045977 0 0.003970446791578753
0.27475864633659514 0.35970713418327943 0 0.00476885643325047
0.5625215186573395 0.5730155045758838 0 0.0026842265945607375
0.9252430567199531 0.7336022003277308 0 0.004798446362737936
0.18028840770708351 0.7495735577100273 0 0.0033732898106364514
0.6504044825547602 0.5489958618921639 0 0.002785550313114355
0.28512030111697934 0.5640852444197545 0 0.004996293532066329
0.9092357310907305 0.3649594467833767 0 0.00395766837492628
0.459328303753146 0.7883847273212121 0 0.003882017152874074
0.5247534732864046 0.8849326250637822 0 0.004588923817869522
0.19394243444738177 0.06680398523292562 0 0.004583538073422532
0.23632138801118782 0.18220945653356743 0 0.003252419264110058
0.5968294110880933 0.6813534557334938 0 0.00494699685129248
0.17233297524231336 0.4269193685685306 0 0.0026407213688584372
0.22953813858822866 0.762418644014905 0 0.004781835097868434
0.6305404020147662 0.6385989366330964 0 0.0048337996916235195
0.3746930838940215 0.003046799505424853 0 0.004240021558013437
0.9710994374876256 0.20121042163237432 0 0.004938120289275837
0.30738278836210636 0.8869126419887252 0 0.00434149041561732
0.9748311602809584 0.3673997239787837 0 0.004473761841615605
0.4244744105412525 0.590700434345639 0 0.0030224001720486966
0.4085333399442654 0.871485194038083 0 0.002268450108086051
0.8776238306995465 0.5408898451664408 0 0.00488473045832692
0.27591659281503195 0.751114515103054 0 0.002426932309920705
0.96048690117267 0.6830018023174432 0 0.0008933332098744449
0.3308680941068584 0.40110550091074343 0 0.002026782952270443
0.5895082177403045 0.31433370290826684 0 0.004730216177863846
0.7329019507562121 0.4299172608512179 0 0.0019310908881443646
0.5392502413268936 0.5322565396786278 0 0.004973718541745944
0.5747954156469682 0.436188871870626 0 0.0013920210000958773
0.2930980723509968 0.8239425667882992 0 0.004797213706292433
0.020969891215585006 0.38313923790831333 0 0.003888712754957202
0.2876046810213156 0.4170998060879641 0 0.0025456234908003057
0.5161224132041156 0.10132456521543919 0 0.004585882273814025
0.42435927975668014 0.3280408823093984 0 0.0045959089413581495
0.41644833934944087 0.8952064292481695 0 0.004627773883231096
0.5753903424143499 0.8967681721216731 0 0.003751649075506469
0.20280606459949643 0.6576744764910911 0 0.004852953818941289
0.7021589880388209 0.1869424115012631 0 0.004952065895004906
0.9961014294409947 0.23142312162611986 0 0.004976510432560269
0.7715215054245593 0.9959391939560679 0 0.004745606814903636
0.43813093597231595 0.4673341231921892 0 0.0048235461658309
0.5240710676412595 0.9831377987363599 0 0.004240308609383713
0.05305770110966 0.029750709268928414 0 0.0009994464104471936
0.04549314374061007 0.3097956169938016 0 0.0029013236871192048
0.9409155155449848 0.14795549634451596 0 0.003650099307851221
0.6330257625241239 0.22718830716898272 0 0.004202369707757932
0.04054019794699347 0.5184656500140988 0 0.00196686644918384
0.2926179515971597 0.9103758653991897 0 0.004995324457488015
0.7285813000868795 0.6278029131747278 0 0.004826222737375333
0.5132167431095469 0.0891895689004406 0 0.004838346074602268
0.6159076835873035 0.1720471569937447 0 0.004876469042338025
0.024143265141994046 0.8594968374866098 0 0.004999902945129157
0.7416301078397564 0.873962787097564 0 0.004658372775111285
0.9409615893636385 0.7678980408867858 0 0.004924579796308711
0.718600769157458 0.15874451807300158 0 0.004921516616076745
0.7253961530392771 0.8317106039158652 0 0.004298603829115802
0.9256018175043114 0.911843402404337 0 0.004905920338374336
0.7108995249717429 0.8951185983854814 0 0.004845712181930789
0.5416483270087555 0.07146537522777961 0 0.0042801389725558225
0.8078016255527172 0.22250979281291547 0 0.0027824880652810883
0.9610188151580661 0.5523571389346318 0 0.0014629358140672848
0.8037302066693209 0.024902824607748612 0 0.003036699986853688
0.4084606799209562 0.12371475794685814 0 0.0025824777325121648
0.27799390827789755 0.298738467177142 0 0.004809121415440644
0.67177085064915 0.3451131934870559 0 0.00490048397735049
0.22751715409257686 0.6004618985847909 0 0.0036695836542463556
0.46048048013820647 0.6571194784849315 0 0.003514716930344309
0.35510574476554896 0.0647335485704189 0 0.004901497457616074
0.7988836955319663 0.4220178033006356 0 0.003485900343972618
0.907102090099976 0.014396605300104552 0 0.0020027931925198014
0.1426523619571438 0.504742860837601 0 0.0021941434477490414
0.5916656448819688 0.748610680043185 0 0.003631605078115926
0.29830586679533905 0.22939889055045268 0 0.0047793217911731465
0.46358111725285794 0.11477603945155256 0 0.004335118256559266
0.5623502369900664 0.5573815622598237 0 0.004954051054512493
0.45652398354582274 0.3603641295066234 0 0.004332846761529162
0.010295605774590648 0.8810327679521978 0 0.004574259474977576
0.6472115473006371 0.02864790317265608 0 0.004573335815505788
0.7109861925108685 0.9535599405728542 0 0.0019968982676381703
0.3766195343418676 0.2186871050643386 0 0.003630520182905221
0.6314817403298857 0.4061563711899007 0 0.00498106059860636
0.7225021948120606 0.4184594563520237 0 0.004435397439475975
0.5893278727300854 0.6246244395240872 0 0.004894762781906804
0.35341504344598246 0.6824719891004638 0 0.0030192068302307283
0.5587918651405556 0.25501783942127737 0 0.001966825794373716
0.7269128793216674 0.18707638681983638 0 0.0048796985295513524
0.4605648205062785 0.5084782243609013 0 0.00493869029926025
0.4149865610545484 0.007196901284173491 0 0.0042189096140118
0.7807628781693179 0.336781071452863 0 0.003734680996163766
0.6479625689425651 0.3104364625583312 0 0.0049945488784066015
0.6759544468070491 0.8610367884619046 0 0.004897419712978142
0.07622235832180922 0.9993779594710679 0 0.0041206250465631025
0.3438792997650854 0.9980967730589692 0 0.004514489733109433
0.7591129812769823 0.5779526765223207 0 0.0013902710612023795
0.09254632832073416 0.2861624841288945 0 0.004711404325164347
0.3847532920957926 0.2841509374476599 0 0.004427948379157599
0.2743306786863488 0.6247421797232893 0 0.004661061107523418
0.17732198290284737 0.022285683791803283 0 0.004977288462843615
0.4690019274368617 0.9298270380871319 0 0.00481603739035781
0.28079377020580204 0.32481419090285096 0 0.0020951540965327767
0.6273501654729421 0.38429776610729943 0 0.004457867581961337
0.41132484792043683 0.7879662646886575 0 0.004597991214413064
0.10556809881196337 0.11761119998785129 0 0.0047475869125534545
0.7027389358836021 0.826670017904813 0 0.0006874666197164119
0.8539471195421896 0.7144945495173874 0 0.0042442683609326525
0.7197514893500463 0.041561353189845426 0 0.004138522781659008
0.7059163149558708 0.2910993974564569 0 0.004014204377118463
0.49765660601858847 0.3613537527675816 0 0.004547875067372242
0.6621586193051079 0.7416904273806598 0 0.004235655750612794
0.4671249628311929 0.46895800088470935 0 0.0035971150849393044
0.2197418002529624 0.5315917964860717 0 0.004667786298782758
0.03639152510979403 0.46278481209226424 0 0.004938815888028256
0.6704971246394339 0.45545399380242607 0 0.0022844999074671285
0.9517424157980601 0.32883946566836514 0 0.002972043407451261
0.7919467157064531 0.4478135825289415 0 0.004765724718098561
0.934565513406236 0.018325721714851688 0 0.0046923293418863555
0.32429433045861183 0.516729566899308 0 0.004999373074938383
0.9257482826104116 0.7813029796467822 0 0.004721521331845013
0.6619908236110085 0.08887660039686816 0 0.0037137637519646244
0.3865224430355875 0.6145016450507303 0 0.0037720015073630345
0.6948385445569502 0.2835978589517277 0 0.004031398099309509
0.15317156730117795 0.00880788941283727 0 0.004765575984773393
0.7826180635448591 0.5540111960237805 0 0.004008015035931661
0.3116511182559392 0.6223020208277993 0 0.0024768237127185135
0.08963153653346932 0.3492217976549861 0 0.0042113196861701336
0.4761482334950016 0.08986308846081768 0 0.004832943822388952
0.747293420278673 0.8973180322021524 0 0.00494045667822282
0.3794090951250844 0.989694643597047 0 0.004975179700147571
0.13686313189327245 0.8737725862392961 0 0.004766967487818032
0.17043320996705166 0.9321031207280298 0 0.004542082051991511
0.9745363130277004 0.2656279108422536 0 0.004993769072529003
0.8809788420314899 0.935309943887904 0 0.004974082814651995
0.0031917006336625816 0.0878395917811473 0 0.0036904475104314488
0.26986595132238983 0.6948773179114711 0 0.00477760491682487
0.06524428914423806 0.01460679708221723 0 0.0020362577651313048
0.32583582197857747 0.44710536495460423 0 0.004992039609843641
0.3468615671334066 0.33186851258004296 0 0.004155374090742027
0.38282013723269254 0.5265238632351582 0 0.004998801982495415
0.8779670953661427 0.08109168650148223 0 0.004999111386367402
0.38433233358130187 0.6301704728655223 0 0.004951037349518799
0.7962784987630717 0.9098959240100876 0 0.004508595365854998
0.2716494324321756 0.7382685373134747 0 0.004999158665064826
0.6244898810334455 0.6688850053032065 0 0.00494452295368128
0.41301861232624054 0.13354313642314694 0 0.004411471325059105
0.8894753746371078 0.7148539782198304 0 0.0010381048515677794
0.11841192686849465 0.8739442114029943 0 0.0038441938598537894
0.2475943513768699 0.5463083754894157 0 0.004675125190318697
0.8855466226634459 0.5235219260793251 0 0.004965464816845175
0.768156309751021 0.5607201752903195 0 0.004977379014226812
0.7614661156486002 0.20908151647018589 0 0.003271669515659489
0.3731995291531665 0.13137371247180826 0 0.004329410981926742
0.5487505791290208 0.952064504085397 0 0.003852036185573535
0.4549313089278167 0.20176572503153498 0 0.004987067242216431
0.1250318365840871 0.4221640009220889 0 0.0032153675432652945
0.6568488570078804 0.20644659385476058 0 0.004599437598236763
0.43426788802947774 0.8679970862869023 0 0.003033260130420636
0.2552651126685667 0.47215908201378415 0 0.00396912318965352
0.2227503434188007 0.28287761729231636 0 0.004911245390185787
0.8695296814435728 0.04137329048846504 0 0.004955833046687465
0.04181861433639887 0.7392607605039101 0 0.004423190442311217
0.03220008552070851 0.4004313621169286 0 0.0011563968474724137
0.9785620978395947 0.4962689537550867 0 0.0028176333892303666
0.9618857074612052 0.22262408635168227 0 0.004927529611869634
0.09491116211829796 0.13075631004894847 0 0.0035872385324030834
0.9800866488710591 0.9885660089630727 0 0.004856972906817336
0.13875991194880263 0.22953096392200642 0 0.004504917587590827
0.5684307232920582 0.20460806404673523 0 0.002228620604357581
0.46062934570597297 0.7745722932110433 0 0.004998856094717712
0.8151775169867796 0.0944326607521515 0 0.004759197618937017
0.992288452452511 0.26456682956301975 0 0.004237845653891848
0.22168862010002774 0.6453277348748425 0 0.004175390322507071
0.16521872927461198 0.03731115697784236 0 0.004961123992626298
0.9677622174357535 0.7241161494990993 0 0.004636857584223498
0.7167734452410455 0.7981766947540909 0 0.0043580949681050266
0.5927282949704217 0.19434670776002014 0 0.004997788575110311
0.8364842101759723 0.3304009367478498 0 0.004997902959370638
0.47467108907350314 0.015975252118576637 0 0.0026560797898413906
0.1300639520502179 0.06217463511185138 0 0.0026092497919063457
0.8996158919432365 0.1566853840830322 0 0.004640451569923557
0.42675517841248795 0.0722255976224112 0 0.004971369049970989
0.6460679400007372 0.6891432011125378 0 0.004238321118231879
0.02783838689147377 0.629336897603244 0 0.0038690075340981874
0.18311308877690355 0.3506448314044805 0 0.0049962157136632145
0.9120453485124793 0.16329886544185487 0 0.0049744341813516705
0.13198087822747304 0.6973025586938666 0 0.004990629021010179
0.7565741260539416 0.6620930089411675 0 0.0049999786160902044
0.017724430299953513 0.22807766306559815 0 0.004996684023346323
0.8433278845517264 0.9125241809152501 0 0.004594052320076526
0.10126698849941139 0.332229928535634 0 0.004765546227156078
0.010991551597343767 0.06069377438480404 0 0.004974028039624366
0.9180050494814062 0.493792715343741 0 0.0044051823052238944
0.9100049343058597 0.48300919547283055 0 0.004231197596342294
0.3898391856159263 0.9845268656163088 0 0.004042533337522987
0.9285064481943278 0.3968259549855529 0 0.004191447084126393
0.5174602253617534 0.6884902202866103 0 0.0016614033041429564
0.06965498405461033 0.29573361920926505 0 0.0020969803090967213
0.10640384598659557 0.6807955416147622 0 0.004869564780422682
0.782541569125057 0.6794952441016209 0 0.0048774840328502135
0.2094535439579341 0.6018856595531402 0 0.0023493953985645718
0.9199869720147371 0.6567005172489315 0 0.0046295930769788525
0.3880176087425758 0.7432610119306687 0 0.004402230132126764
0.7058594652996242 0.07284918537971329 0 0.0038476035930970604
0.06546771359022462 0.559020073981199 0 0.004786625930639877
0.4651128734886069 0.9875264569266851 0 0.00499431780484664
0.8539296459150008 0.6579406612495531 0 0.004450702540128632
0.41454086949276264 0.9276071356310669 0 0.002995973000917292
0.17214221635447954 0.28403096914542764 0 0.004809071674890632
0.8561058371040808 0.47023186793184174 0 0.0032511785743594237
0.0003559595659965398 0.8644352122614697 0 0.004891553918904962
0.3697474000126309 0.24936554832787536 0 0.0043191646727176285
0.879533547779227 0.9934583235620613 0 0.004931677487127481
0.8062937549331818 0.05569150390815679 0 0.0026839914336854107
0.6632815979343004 0.9755933039023555 0 0.003940377919933652
0.481204571052754 0.6820517404078553 0 0.004462023044686732
0.6909197883366859 0.9326657536822087 0 0.0009489760264106643
0.3278191126376015 0.9257631939018167 0 0.00425339340832133
0.5969199921160964 0.7876155319813585 0 0.004566580327351949
0.8037442156490038 0.6346191636656346 0 0.004861952124904495
0.8654532844433348 0.3221235293950118 0 0.0049908863990254905
0.7896886486680517 0.7447838037222585 0 0.004997313011521835
0.672664539121887 0.8284944013393404 0 0.0049463737853959805
0.5753074618364263 0.17233234873771938 0 0.00287017195123061
0.49021203410916075 0.38936895107289043 0 0.004946104905619242
0.7382726927412948 0.4213896025500931 0 0.004837049210255809
0.7703207749435633 0.6309642825004121 0 0.004751138150268714
0.01763889876971913 0.7023038087997928 0 0.004920758253689984
0.044428975598164264 0.8573083635993949 0 0.0023969362417762493
0.26612439602394383 0.11180067960696659 0 0.0013792327941925299
0.968589323489441 0.9292700997100676 0 0.003983292059166531
0.5547895645070203 0.18712318612809417 0 0.004976208085983996
0.8345109993336501 0.7682293457299232 0 0.002271838036438019
0.5436846796840136 0.9724682476286427 0 0.0036801303464941842
0.9379003067213885 0.4872443198332494 0 0.001962334154715213
0.17798814611137556 0.6745018106508246 0 0.004874685210237455
0.9448833273558847 0.7526923948286333 0 0.004921122163826685
0.44652913986377957 0.37627296039875363 0 0.002536731192876595
0.246268600310774 0.927567484996335 0 0.004452599896507504
0.7036488078488911 0.9539073228284364 0 0.0035217111285399975
0.35927087373417305 0.026822502046280443 0 0.004992192771793482
0.27873923958635444 0.6899073032717188 0 0.0031202301276512965
0.8975668610209216 0.2524321020430595 0 0.004920932782501417
0.005733019309269833 0.6548168877593126 0 0.002329288472387345
0.6449684988039712 0.29511849902613757 0 0.004229986103268076
0.9854868202200666 0.7719912344092137 0 0.004975751155378975
0.614861856357186 0.07140614702058466 0 0.004882117108150886
0.33925873165566517 0.7116165052331724 0 0.0034853575738525646
0.6111432534523621 0.4150044731476113 0 0.004147056290115968
0.05325757725553147 0.3206320052662524 0 0.003617312740729335
0.15392055401494317 0.5971099478620363 0 0.004781350614266569
0.5136367812228732 0.8658439912764015 0 0.004999938387561747
0.1817624151742577 0.3196098233945986 0 0.0049872495574087485
0.7751067042139207 0.7201445998689989 0 0.0038892971524409807
0.2305809697628892 0.0749907751073363 0 0.0004651180692111944
0.6381215039146738 0.2744953883335873 0 0.002950099234308367
0.8245882932951238 0.2318264111291277 0 0.004545197505188844
0.2620283328331858 0.7922574157623637 0 0.0037829772501310876
0.05266235788226668 0.7048922789057492 0 0.004365824233844305
0.7389881446429923 0.6271757517753148 0 0.00493861563489767
0.8518820333883605 0.643692708378825 0 0.0026086645540313405
0.16277859424803817 0.13295614245255802 0 0.004308881182012169
0.7305900772479632 0.983081415196258 0 0.002809001259577276
0.9370453029449441 0.3110438236731871 0 0.0025100409541303605
0.16742369438072355 0.9988756680671652 0 0.002638264180922744
0.7804129186425882 0.5124895849956348 0 0.0037197970797218823
0.2836404330929612 0.2726077068481076 0 0.0011917571402405038
0.05200447729841161 0.10357410964705348 0 0.004228029879557994
0.5455955196025175 0.10249793117491289 0 0.0032408506343754376
0.2288911085567705 0.027767852399800612 0 0.003196911517610199
0.5364002546537056 0.5202832063741188 0 0.00493269144831892
0.3735466875137347 0.39726063977404574 0 0.004106512721327205
0.17488042334272755 0.5953007923600563 0 0.0032247676397607113
0.8487884448276053 0.4461546801600496 0 0.003919117360577229
0.7711863928094358 0.695112950438699 0 0.0045912521548866735
0.02096569970605177 0.2372978083188518 0 0.0021734061730703264
0.12150736882516831 0.28023563983541827 0 0.0005874976875022931
0.7404198747520089 0.16062142793763753 0 0.004287733341280241
0.9265796067439886 0.5399728069268996 0 0.0004844694372845632
0.5806149837669337 0.7324570384982211 0 0.004377137151814913
0.60243850592785 0.28840044566031126 0 0.004999739098686584
0.9956308625794854 0.5663301357785689 0 0.0042111837613003685
0.5233636885655762 0.6496084021180012 0 0.004998208463000166
0.0685572107495339 0.5472282397544758 0 0.0022927870828411455
0.7160934195313851 0.9819488158367013 0 0.0028772043267458946
0.24410665042059884 0.13550546982436504 0 0.0045411788334236165
0.5034792041424936 0.6478628790253013 0 0.002482071773140166
0.7957769898982651 0.6133480458023339 0 0.0025618155438436544
0.389249062647364 0.7986071036159736 0 0.004589432786330482
0.06100841047979087 0.9963380317358144 0 0.004196305718066698
0.3472990094246225 0.6449604484924342 0 0.0033140202524800104
0.9662041257155304 0.12110812517958046 0 0.0043918380605282225
0.8033039434357595 0.5118682041468767 0 0.0008929599296819461
0.7003432331519877 0.44653247480324826 0 0.003703047034526775
0.5811620112308322 0.9576140316244007 0 0.002980900998691186
0.25555835442907887 0.7265995395365548 0 0.0036351941313631326
0.7494488404464719 0.9621961500381944 0 0.0036522442456892283
0.5912296546459185 0.7192594756239951 0 0.00361335877492326
0.3374733321653555 0.950776091428139 0 0.0038745957930832924
0.7840621781818613 0.12893523076418154 0 0.003978766580148318
0.6531649582441785 0.4187728751685576 0 0.004733986128194715
0.045979031622537345 0.3591368931532654 0 0.004406246481748593
0.8962114411055362 0.11379277275262444 0 0.004957492262318146
0.13149550850002487 0.19927289763509068 0 0.003096328426904326
0.9720827779656617 0.2372178252621759 0 0.0046189825196441625
0.8434969030770628 0.4778557727433295 0 0.004850681776891399
0.6958340925665079 0.8509168776080066 0 0.003825457713222892
0.12050460621003388 0.5211111857024495 0 0.004904743539563139
0.623349628879005 0.6317816752499245 0 0.0030537636597696306
0.005545326725743477 0.3072725676056168 0 0.004465713607258086
0.9699772930406435 0.09743127597106592 0 0.0028972830921942063
0.01579861367316237 0.5172472007311667 0 0.002969920859265467
0.4633223624962129 0.10448863987533084 0 0.004683005557126933
0.4115539118177817 0.4596818997465308 0 0.004977271972086358
0.7517356296476341 0.6793520584598628 0 0.002016959876925783
0.7842193398022971 0.7693320097194669 0 0.004999993103921875
0.9744064958592445 0.7344622476011599 0 0.0016651780794181672
0.17258792267845555 0.5655387867201667 0 0.00400507546207298
0.4968104740050015 0.606655582065401 0 0.0038630506359268913
0.3843247440844331 0.13310796159299174 0 0.004930838554296743
0.20684327192008076 0.4122287165493758 0 0.0015613762320153442
0.2550739047066258 0.9862202716246669 0 0.004455192375001338
0.8963175046280987 0.39804142773478973 0 0.002863350000362653
0.11613524467244661 0.12008684511814725 0 0.004987667971317771
0.14670269329589333 0.6619623584308141 0 0.004999923782629073
0.5441083664506984 0.7716491169329949 0 0.00486378181580607
0.94856144644512 0.9259868203721869 0 0.004998921840441431
0.9167770628121208 0.1900867051016669 0 0.004986419959659751
0.05836699383736442 0.5926741434598072 0 0.004967643188219336
0.8446637558616791 0.6245568071166185 0 0.0046442449824985535
0.029115595168448742 0.10039839483368106 0 0.004839878722621647
0.963523636027506 0.8685837160220748 0 0.0005229307201924683
0.007950453635126357 0.3564780004694424 0 0.0046272789456523735
0.09119802803198727 0.3795395870476061 0 0.0016348934019482426
0.3679257365630321 0.8854403660660419 0 0.0013953051959883177
0.3668941689752316 0.40955421872312064 0 0.004546552906331261
0.37543066566498046 0.3480054296329497 0 0.003639417894980612
0.7346692864351506 0.34320347212796837 0 0.00306712653111911
0.022650732559807867 0.433800564455779 0 0.001285543778009319
0.32702068098340203 0.018390506630846397 0 0.004705372339597238
0.04212069494983649 0.5884058548343628 0 0.004929372067592719
0.21917900565864543 0.11903694588607348 0 0.0032506135699191256
0.0003193797140185151 0.1912181289917879 0 0.004281526900046732
0.9152861637871151 0.7126571737662334 0 0.0011514036040850097
0.6753981924977963 0.7225290521498027 0 0.004321150423823922
0.8086953590426539 0.034485199621159465 0 0.00363159537001936
0.47452895137504353 0.4140912131998296 0 0.0036449586599439743
0.03605632358260312 0.6521158736143913 0 0.0043874296619199156
0.16323178264314395 0.9150577038721934 0 0.004792804353959512
0.587641907830837 0.15645248905277995 0 0.0049925018977224275
0.24896356129521743 0.28846300541175934 0 0.003098785241854463
0.19716617449526705 0.9856658470854839 0 0.00441293142315692
0.41580366336931923 0.8627762571503177 0 0.004723538839245419
0.4577453372031847 0.40886932239898016 0 0.004875764766203896
0.6201308309173557 0.4590653220028022 0 0.002574556586432011
0.019317254901147655 0.5332185205326091 0 0.004158465024726224
0.850643207301685 0.5159155504047905 0 0.004236841524990367
0.7769572427834115 0.1656767223023977 0 0.004462150815724175
0.19701546131008538 0.2534583740300523 0 0.004140104728430749
0.1382412878413035 0.7190156937877604 0 0.00465343666413987
0.3355266191769785 0.3369269014972213 0 0.004892480523305631
0.09477724783548701 0.23439727243784556 0 0.0013680756051579366
0.29991441750450915 0.3472900773311762 0 0.004871253030383355
3.717974926042543e-05 0.7229869685634419 0 0.0043451194354337756
0.6320924699299564 0.45670507414455835 0 0.004999696032433012
0.17028001382161548 0.150801315246297 0 0.0049363279017518875
0.7063778961185917 0.6114800776884729 0 0.0045001838439730525
0.9413479828851216 0.718609972651087 0 0.004623748815350472
0.542442097725023 0.9379893448766254 0 0.004682364496056819
0.4753067765346382 0.725025178348536 0 0.004977664706931131
0.5538651817072479 0.9973399465637316 0 0.0009671378859054428
0.5406140845476669 0.08292219296430879 0 0.0010910155526084916
0.04813619903090703 0.9853431889693086 0 0.004951830996536092
0.981155109190711 0.8624087846974279 0 0.004754487067494019
0.38719818277454093 0.5600664417091807 0 0.004449692096153809
0.7853647889989336 0.4791473463821552 0 0.004995431359778706
0.11269975038059486 0.23989704005328924 0 0.0038779996297400093
0.22601624107676485 0.18113078435483018 0 0.004993596002432568
0.12589221902816758 0.8485938921706895 0 0.004532655127853549
0.450854677096539 0.6339176422593686 0 0.00408033320672698
0.23465845109346303 0.06779761119781601 0 0.00478677486455849
0.4579692850851776 0.924321946935179 0 0.00251151181594811
0.8964923353785165 0.3913400872829112 0 0.0017144523876717376
0.961925525652149 0.9985748529802853 0 0.003962641003152045
0.6163771754656334 0.36061598957070545 0 0.004413373595768711
0.2364517889131623 0.7701018818241552 0 0.00477319386609952
0.9105111589660903 0.7696439185700228 0 0.0045398022376809035
0.15933403107278585 0.5480071825876037 0 0.004808432474925056
0.6617724362421129 0.7883447384170715 0 0.004998037363077042
0.9601111862423252 0.8854835898129126 0 0.004931153940324505
0.22719616892373815 0.9509110082748722 0 0.0048821648451508265
0.42055073995969267 0.6064583990909636 0 0.004614121217445387
0.6758314718687506 0.5428359717487726 0 0.0048270056616724075
0.5850581296771795 0.4345002161224721 0 0.002587362734776487
0.25825485950541743 0.8681700771516222 0 0.004688169105683116
0.10476874724193251 0.1524775368094756 0 0.00494892481932734
0.4351938748036002 0.11732067797150701 0 0.004802237227729479
0.6492178036835683 0.8951514444940207 0 0.004939955027751322
0.8791616623020092 0.3542740539585854 0 0.0038845136214445677
0.31058004961363866 0.7873985375282634 0 0.0040731653529759585
0.3166126424868068 0.8950430397507897 0 0.0037144182905528796
0.28819577390421874 0.22676986598549928 0 0.004375610149803232
0.41174035764554545 0.6334427571410977 0 0.004568591795726605
0.9845382132838795 0.16544804527418208 0 0.004606040201387203
0.7404807278607569 0.023745846944588804 0 0.003851058276118553
0.461258952103015 0.9619019747265369 0 0.004895441983413525
0.631799681811643 0.17616491452219848 0 0.004976309574222228
0.29383599568437374 0.4113983888227067 0 0.00479252575971827
0.17531227050095263 0.6167284530555964 0 0.0021399873784694787
0.640609806837335 0.9003954300880562 0 0.002978490019473813
0.9764518898626628 0.5905319399853526 0 0.0010736333626859649
0.20075106785542415 0.047911799216750026 0 0.004913561445589947
0.13967409260657512 0.7888845063912036 0 0.0031268636088676595
0.7451269552057983 0.908547693687448 0 0.002509875969308967
0.8329117001597046 0.8133237304544567 0 0.0031514475443556217
0.027828262320566115 0.18711403444148553 0 0.004759575133588914
0.26663709968376853 0.3124708363667756 0 0.004344026083387607
0.727175284512263 0.507447864892521 0 0.0029490899737129044
0.7302224729271632 0.21651371522127613 0 0.004856144720815526
0.8139485930107359 0.4642700163409868 0 0.004274646223073753
0.35602780121534 0.5878840555017197 0 0.004944103056456417
0.8575078170842434 0.8091756414750714 0 0.004990662904662333
0.9327845415778664 0.25685877923764416 0 0.004387049782265837
0.5988548056658077 0.39509026822935917 0 0.003616431540681362
0.8037249757118408 0.6217065346150117 0 0.002650146655700359
0.8576421246362957 0.3850414754561668 0 0.003678347550390069
0.752139394152951 0.847188686477098 0 0.004790086342912684
0.7237313719589612 0.597555605089495 0 0.0029362411004701843
0.8564200587182264 0.6005342363719156 0 0.0018454580938143028
0.08055881725654356 0.6029588435268204 0 0.004984543508812649
0.35444629430334856 0.5435041962998942 0 0.004836334514180802
0.9422690515768023 0.2389056575624696 0 0.0019667304144628467
0.27263702688914143 0.16311484436578969 0 0.003804694508569816
0.9705821797912496 0.04553327743795675 0 0.004949881325523213
0.796671242140756 0.8460320094767353 0 0.004455748343750946
0.5955318185124064 0.13133075239824263 0 0.004986535535493519
0.28365963862554994 0.7655292732117888 0 0.004880021546739268
0.04148385335507142 0.9056272708014109 0 0.004089544427571282
0.36226445773895827 0.29668393474140226 0 0.0039922543379168835
0.9920581486661817 0.5382063169522239 0 0.003578551996579186
0.9723371551017881 0.4662782208564041 0 0.003709471623501304
0.8785396979072139 0.9482791606837657 0 0.003613757832691716
0.6091736445218109 0.6355027667969495 0 0.003906396883954054
0.8368588815580603 0.6132224280531536 0 0.0034323519403590113
0.581193130877132 0.18458280992602624 0 0.004673128196355485
0.7678364597323872 0.25526548722585646 0 0.004982205624543345
0.25329564009561084 0.22963742833221942 0 0.004136679591734717
0.8914530594866531 0.8328250611733871 0 0.0024528607632663497
0.7981641392713932 0.13879107960658307 0 0.004944904919487507
0.14930942175362702 0.21175295360438937 0 0.004412336131286594
0.8156693005353116 0.13479635321626346 0 0.00369537840563599
0.17979841660786663 0.8895635204901263 0 0.0041334155389704495
0.6017598804293656 0.07565142165744719 0 0.004724646341780683
0.6126360352991762 0.1556022068467887 0 0.004586068286049819
0.20171258752907104 0.5907457387942521 0 0.0023975635500756492
0.14802419224068006 0.13048504017813953 0 0.004764872100150836
0.5641837665259056 0.3512781352302277 0 0.003570220705667191
0.7157771236901344 0.18608581735950022 0 0.004968816537750997
0.28716176833423185 0.9656296075681858 0 0.004762940267020267
0.43347131171522985 0.6000973285935185 0 0.004998364270668008
0.39446719066862385 0.8845526802645522 0 0.004159768605409921
0.8892540450350044 0.7407228520588378 0 0.00441444797020478
0.9946190602703415 0.8915635219693053 0 0.0037898596700390204
0.0180881313660125 0.36120018589975594 0 0.0048153858849394725
0.2574277971437288 0.5704091345128104 0 0.004514866707444853
0.6671374322731116 0.6640979741891978 0 0.004991725182292694
0.5426262032625067 0.9147135808346977 0 0.003141400731927923
0.14748577502070256 0.5647793876914339 0 0.004872340618830029
0.11156975610643437 0.37398214531729207 0 0.004927462209335762
0.039602271551697585 0.008471997368162502 0 0.004946329807112
0.47631757591437146 0.8562576476910704 0 0.003480838898305785
0.23894596069524807 0.8969491392244813 0 0.004132183105621184
0.2510244591728407 0.3973211538988037 0 0.004824531260731897
0.3478550524230742 0.5788159554196298 0 0.0029509317071825837
0.35051140860312163 0.08510501219217635 0 0.004942384803329924
0.5962023559625538 0.00013047386902453447 0 0.0036929417243916113
0.23467386293962564 0.5157199192094483 0 0.0034135587768529536
0.4606429286276558 0.04487260814274628 0 0.004086456233276645
0.741604682920633 0.33369139155721567 0 0.0048657991468668916
0.48345988813176605 0.46746099066907293 0 0.001863259748948464
0.7732486122670665 0.824290734581353 0 0.004998000727479274
0.36088214605369145 0.30828248946583475 0 0.003960709224104159
0.2795898438005067 0.15286344973339835 0 0.004978699857228472
0.7886389259997388 0.3989029065833764 0 0.004993742672002514
0.07010696396997405 0.660385841311233 0 0.004496123496640608
0.7052987336071764 0.10972547162198241 0 0.003706098441819818
0.9386040185693638 0.32922147846852773 0 0.004992753193999911
0.5665288136589612 0.5303651528433899 0 0.0038393298037532626
0.13982576701613278 0.4073658089133611 0 0.0038307622913005524
0.6235636513487053 0.6480191459603436 0 0.003410348152834282
0.9703930433992567 0.020409171990611645 0 0.0034771678062387092
0.015016612242132014 0.28428293005231425 0 0.00483665927720249
0.45016789919738937 0.5086840019534923 0 0.004860044102948647
0.15019802882808805 0.4831648919132095 0 0.0011213523084006595
0.47359683360699184 0.35739693014550106 0 0.003295715346968873
0.39402252481651673 0.43855839085143616 0 0.0047533188005508655
0.05805216074342388 0.9546007271068835 0 0.0030497479757650926
0.32235595254519683 0.15212561284333856 0 0.001946280118258415
0.9486712212805993 0.47707706640179054 0 0.0023391039081039487
0.6846146477263223 0.2873480469684962 0 0.0046143987257584815
0.5287662203771725 0.606267212900194 0 0.004864832952451406
0.9889766162429371 0.41783808196947686 0 0.004430730458167203
0.04696538287649864 0.8953832129214621 0 0.003798923325426535
0.6994508968604659 0.7244798007753904 0 0.0042166377952701836
0.8974095318772437 0.538201534541735 0 0.0047242329098113045
0.009190692417058603 0.12273407056738338 0 0.004531488434146727
0.6903058638607037 0.3697075460227643 0 0.004107385173875776
0.6297791209403333 0.04603017518024509 0 0.004887749420330507
0.8235122804197791 0.5920079463704 0 0.004345852775825605
0.11786858033662316 0.585843291320158 0 0.002925392587810024
0.3061673841284643 0.11329079959220954 0 0.004488409757385674
0.08228016321494012 0.9444947201590388 0 0.0049395238969431
0.8089920955414773 0.0709694614033509 0 0.0047298347850566825
0.6777043041433815 0.9914136709159774 0 0.004986682441313317
0.6425086813668078 0.7557721117726176 0 0.0034355674773222152
0.10247110198851304 0.10730261623637703 0 0.0037838341050479636
0.26852791981910346 0.6421629275947023 0 0.004973407121524105
0.9898505617352262 0.9572389827887052 0 0.004326842361723467
0.5844492457312819 0.7802099372952681 0 0.004953786549335386
0.6782386265650998 0.5203683427801977 0 0.0041714136611582355
0.6762624153155732 0.28109741389382686 0 0.002820196802746481
0.20144733281194946 0.8035403429051258 0 0.004915405644042658
0.32262844318356115 0.34935256820424326 0 0.004954824897916701
0.32489916845412975 0.7803593321010366 0 0.0007595667555597458
0.37644188579248 0.17746343305103204 0 0.004999744154970746
0.9084030886712627 0.9991582727445113 0 0.004709783344693725
0.06947296053813777 0.3342985151288124 0 0.0047305379647674265
0.6474652661717274 0.6146308658565452 0 0.0035320143523675865
0.8078486779772076 0.5875710998551751 0 0.00447664890172045
0.33561847393081995 0.4953127497689393 0 0.0016641191920296495
0.8422034286735357 0.43499967679255297 0 0.0047376572669351755
0.24914347287205982 0.582153254260221 0 0.00456359721981233
0.9874954812737864 0.9318419222495333 0 0.00426944514385758
0.0414467863411435 0.0846847452912136 0 0.0020789401055105903
0.22900485966596737 0.7972970654518325 0 0.004999580330696091
0.9518702121970447 0.14088644361299993 0 0.004019789273194936
0.5283802425224918 0.9149625660712368 0 0.004999608861893222
0.17761730354530134 0.9977017065164935 0 0.004952726276306686
0.8206165462635374 0.08478406812619586 0 0.004696904994239549
0.30236812681354247 0.933165489732083 0 0.004792730136174469
0.8464988413139409 0.030231225717509906 0 0.00043485811241314
0.11305646808654633 0.2882099014939697 0 0.004262898218081208
0.7175819168415044 0.5431340301782827 0 0.004019093130031152
0.21227981662672088 0.5658983511356293 0 0.0006798902549126556
0.18568232491511247 0.579749565783859 0 0.003863723982488903
0.5133102213249229 0.9762264507904097 0 0.0018253088871478976
0.667377163409971 0.5534659046790439 0 0.004914974184681516
0.77198594998307 0.43974782685123043 0 0.004059674636867412
0.5534822480016784 0.1461611723941275 0 0.0029517693093648947
0.14267738169715258 0.6419945531964929 0 0.00462173186692168
0.8410267330693632 0.1645434036832036 0 0.0031423902300199424
0.4812981050576763 0.25820940184342905 0 0.0036205567715744155
0.3048074105589646 0.07072451563593928 0 0.004462713684540891
0.41269115377023496 0.9526619270538413 0 0.0009301644272024679
0.3288577790712787 0.2319042992601321 0 0.0049996200413216655
0.493960611473035 0.8486672462626412 0 0.004254079747848044
0.8481731945935876 0.27024574002199236 0 0.003292083356246056
0.013113683514528456 0.4424195451250717 0 0.00488376721649624
0.5439535221745733 0.72367942818724 0 0.004358640202221631
0.4172918013599635 0.5492934424270155 0 0.0004010400915129108
0.6093287954533976 0.5114102086449933 0 0.004772355970137678
0.4322457506249015 0.28600128739541436 0 0.0049871755788616036
0.6545758405903075 0.72871556210398 0 0.004084576007401776
0.8971901668161931 0.904550940822063 0 0.004961680940805872
0.06363487198360561 0.9633315540551212 0 0.004997076868636603
0.47158285179261655 0.22728652738664998 0 0.004732595683258681
0.5222145574411321 0.7247984093715822 0 0.004924354315243831
0.37563508091119896 0.44340485824009984 0 0.004834617638329012
0.7359874068042054 0.44048753059883655 0 0.004082022535949189
0.03017234482172703 0.8832559704883325 0 0.00344531511850318
0.21531449604205585 0.46433760313260936 0 0.004304993979028084
0.5337934388275115 0.2841670873761665 0 0.004994854622750343
0.5810001468789772 0.3391195685232355 0 0.0017003542644599514
0.4976061551170982 0.3793489482916432 0 0.004926146334191775
0.5761067432427461 0.6514024774690145 0 0.004873067294073944
0.7504782836596975 0.511365181160451 0 0.004456384847421667
0.0961794406330314 0.8226041844183468 0 0.0032006022921529796
0.4600472487043143 0.2389140919660344 0 0.004846101228459599
0.20925202870708046 0.7212463368347025 0 0.0048742683088998165
0.7459431541194835 0.3984978681914428 0 0.0049304446392758
0.16227376565003657 0.5383467802226871 0 0.0029180549388902913
0.14959936473179578 0.22252374928093996 0 0.004772965442093068
0.36793096744800763 0.5679780901352862 0 0.004391316669157059
0.4972267890476288 0.29464943397851556 0 0.003799389713860027
0.928151791675732 0.856005184246952 0 0.00048382862124300794
0.08042446647149591 0.10493677607830675 0 0.0016263727972832926
0.10359228049217771 0.34252557478347495 0 0.00449710360206651
0.8628315225839365 0.8254643693357501 0 0.0038550624349872574
0.6876885064693369 0.7974294661942655 0 0.004005212075868582
0.2623764130638591 0.0396966755582777 0 0.0049538271839850425
0.12974859792600676 0.9918216620228546 0 0.0016348135941619342
0.9996612142835918 0.3794733179554484 0 0.00336693818792334
0.8131911501679858 0.5006348993199715 0 0.004065582776000022
0.19346081712535976 0.4486899234165272 0 0.0025839751796528183
0.4461918275413345 0.5699546188799868 0 0.004524034438527631
0.7533420352217959 0.11370984630709767 0 0.004947156653631417
0.1164550846104173 0.010456321610100898 0 0.004912692107752504
0.14411382755266697 0.1001366423211235 0 0.004608994668362899
0.518684417208549 0.43849054256221515 0 0.004520321681724445
0.2154487149684877 0.9273379600463526 0 0.002557453950120513
0.32016659544193155 0.9358051497897913 0 0.004786176109366359
0.43055696431982265 0.8088526575649153 0 0.004186260728379421
0.38045773861827586 0.34023623747208503 0 0.004817609221167636
0.41339532179722754 0.17525520451457063 0 0.0012454382819768663
0.9208390038970836 0.5166864686131017 0 0.00477479014063531
0.19301891695955584 0.23854755481007503 0 0.004999735451273839
0.796868798356072 0.6981685474886954 0 0.002779175147913786
0.3068714755346979 0.8640558781776249 0 0.001913496475959482
0.317646406286294 0.023829939391641124 0 0.004885267648316026
0.18385823615005922 0.7319448501286928 0 0.004537623282818595
0.0005061942527011487 0.4424984545227623 0 0.0035405009909142567
0.23451499906225723 0.750082750287793 0 0.004977032611800019
0.981618263056591 0.6718096182362602 0 0.004812642283287435
0.4664078600979095 0.90522785663786 0 0.004690868915653004
0.2872189484197845 0.6681787925030116 0 0.0009293133023410417
0.21255476844964646 0.48246138423063306 0 0.00442302331486673
0.401260552351649 0.3914270631259064 0 0.003669184639678089
0.4222031160650411 0.8809602100378081 0 0.002913565184926993
0.5748910443882026 0.7521615748141316 0 0.004167963830224984
0.3349379501026551 0.24544745429104795 0 0.004724807554216657
0.5342251085621611 0.40549432095714727 0 0.004570943789768176
0.14010433929036833 0.5888053475758191 0 0.001545631040334578
0.39527354721368296 0.30996975854715153 0 0.0048322172206698485
0.6537966678300015 0.5687620895127459 0 0.004991105631246842
0.4674499481984106 0.7048273461279708 0 0.00498197051485972
0.07253141991233657 0.6456187599717466 0 0.004991841230136496
0.3455341000480397 0.765021060022113 0 0.004959118342171612
0.7227539849038223 0.9144002109787651 0 0.004239973267761399
0.49609754642081344 0.01966736352939579 0 0.004867527378831867
0.38789149012013163 0.07082400708221236 0 0.00479165278000369
0.07841115036879175 0.4442136775964947 0 0.0022416489039085584
0.35623846908168627 0.7371669981914325 0 0.004803367274475941
0.15972265441206798 0.1601112433923418 0 0.0047696179360617675
0.6216535338601399 0.815356222130332 0 0.004025015905392826
0.7091324645900076 0.5149954499697263 0 0.004806597130969438
0.7215860977121151 0.259389049373735 0 0.004644847212279199
0.08293545574468152 0.6730725054324621 0 0.004913320904932884
0.8138546021649778 0.8917438982491843 0 0.0015888559391800305
0.8025394854414695 0.3777307421029344 0 0.003206194721299442
0.9870697824471587 0.38922857777736114 0 0.002486648149691171
0.15395769156438396 0.3264278860444784 0 0.003643598515989454
0.902693582879093 0.6336875797911237 0 0.0026734280969147478
0.07820750172174006 0.021513539912054062 0 0.0038228641517618267
0.8343605254272716 0.25243729150493593 0 0.0024477780321704727
0.3421228357986011 0.4153114078375379 0 0.0013759380092833926
0.18086834693689455 0.2669842678070506 0 0.0029211169139214716
0.450253044957656 0.1221201302040875 0 0.004635333986773768
0.45016987435769057 0.7470725473819801 0 0.00403900913666085
0.06566089647488026 0.28637265018233776 0 0.0011553115571781875
0.11570736316061013 0.4910645971133339 0 0.00497476184403434
0.6926043529658992 0.6897665702554401 0 0.003559988157732496
0.38339142133253395 0.15451846927129473 0 0.004762581360749957
0.42045539143989713 0.7561481276913061 0 0.003439846340193316
0.17950448165804597 0.40661398749357686 0 0.004864988557224707
0.7831598460051593 0.5382772459613747 0 0.004625189324957451
0.20402789359471138 0.773346108990008 0 0.004999287396721967
0.9926595239124799 0.3466696981980118 0 0.0046829119662645914
0.8407304534032061 0.5840967450262862 0 0.004996547205856792
0.0019345284999614475 0.9368647565728593 0 0.000612436532968801
0.3964226329634151 0.4589398168724595 0 0.000699256053368193
0.002856398975748404 0.2437941849317313 0 0.004737609691900836
0.695158362401753 0.1721698438487068 0 0.0024777164314471203
0.0874169325518017 0.5093010707272302 0 0.004944655218382336
0.3547313073791944 0.048061529364026176 0 0.00279085637648069
0.034857166459374075 0.9258805972742606 0 0.0044953364460033965
0.4099039570208604 0.7653844878483612 0 0.0032733952479923486
