0.0012666666666666666 0.07 0 0.005
0.0 0.126 0 0.005
0.0022291666666666666 0.169 0 0.005
0.004 0.179 0 0.005
0.0012666666666666666 0.199 0 0.005
0.0012666666666666666 0.227 0 0.005
0.0033125 0.253 0 0.005
0.0017435897435897436 0.27 0 0.005
0.0017435897435897436 0.291 0 0.005
0.0004166666666666667 0.314 0 0.005
0.0017435897435897436 0.367 0 0.005
0.0033125 0.408 0 0.005
0.004 0.433 0 0.005
0.004 0.523 0 0.005
0.0 0.531 0 0.005
0.002719298245614035 0.573 0 0.005
0.0008095238095238096 0.616 0 0.005
0.0022291666666666666 0.644 0 0.005
0.0 0.679 0 0.005
0.004 0.707 0 0.005
0.0 0.714 0 0.005
0.004 0.72 0 0.005
0.0017435897435897436 0.73 0 0.005
0.004 0.748 0 0.005
0.0012666666666666666 0.783 0 0.005
0.0012666666666666666 0.8 0 0.005
0.002719298245614035 0.83 0 0.005
0.004 0.85 0 0.005
0.0004166666666666667 0.896 0 0.005
0.004 0.913 0 0.005
0.0 0.934 0 0.005
0.0033125 0.942 0 0.005
0.0 0.985 0 0.005
0.0013214285714285715 0.9957142857142857 0 0.005
0.005 0.334 0 0.005
0.005 0.392 0 0.005
0.005 0.502 0 0.005
0.005 0.586 0 0.005
0.005 0.606 0 0.005
0.005 0.955 0 0.005
0.006 0.052 0 0.005
0.006 0.322 0 0.005
0.006 0.656 0 0.005
0.006 0.674 0 0.005
0.007 0.013 0 0.005
0.007 0.237 0 0.005
0.007 0.465 0 0.005
0.007 0.767 0 0.005
0.007 0.861 0 0.005
0.007 0.885 0 0.005
0.007 0.896 0 0.005
0.007 0.989 0 0.005
0.009 0.0022291666666666666 0 0.005
0.009 0.027 0 0.005
0.009 0.159 0 0.005
0.009 0.214 0 0.005
0.009 0.739 0 0.005
0.01 0.067 0 0.005
0.01 0.546 0 0.005
0.01 0.693 0 0.005
0.01 0.812 0 0.005
0.011 0.298 0 0.005
0.011 0.309 0 0.005
0.011 0.445 0 0.005
0.011 0.84 0 0.005
0.012 0.149 0 0.005
0.012 0.228 0 0.005
0.012 0.427 0 0.005
0.012 0.777 0 0.005
0.013 0.134 0 0.005
0.013 0.266 0 0.005
0.013 0.802 0 0.005
0.014 0.201 0 0.005
0.014 0.456 0 0.005
0.014 0.622 0 0.005
0.015 0.48 0 0.005
0.015 0.536 0 0.005
0.015 0.569 0 0.005
0.015 0.754 0 0.005
0.015 0.879 0 0.005
0.016 0.33 0 0.005
0.016 0.598 0 0.005
0.016 0.67 0 0.005
0.016 0.681 0 0.005
0.016 0.719 0 0.005
0.017 0.053 0 0.005
0.017 0.923 0 0.005
0.018 0.109 0 0.005
0.018 0.36 0 0.005
0.018 0.767 0 0.005
0.019 0.349 0 0.005
0.019 0.38 0 0.005
0.019 0.509 0 0.005
0.019 0.996280701754386 0 0.005
0.02 0.192 0 0.005
0.02 0.21 0 0.005
0.02 0.436 0 0.005
0.02 0.578 0 0.005
0.02 0.693 0 0.005
0.021 0.017 0 0.005
0.021 0.142 0 0.005
0.021 0.221 0 0.005
0.021 0.292 0 0.005
0.021 0.796 0 0.005
0.021 0.83 0 0.005
0.022 0.004 0 0.005
0.022 0.121 0 0.005
0.022 0.259 0 0.005
0.022 0.415 0 0.005
0.022 0.651 0 0.005
0.022 0.733 0 0.005
0.022 0.908 0 0.005
0.023 0.079 0 0.005
0.023 0.487 0 0.005
0.023 0.499 0 0.005
0.023 0.783 0 0.005
0.023 0.942 0 0.005
0.024 0.045 0 0.005
0.025 0.162 0 0.005
0.025 0.175 0 0.005
0.025 0.537 0 0.005
0.025 0.959 0 0.005
0.026 0.24 0 0.005
0.026 0.404 0 0.005
0.026 0.606 0 0.005
0.026 0.819 0 0.005
0.026 0.866 0 0.005
0.026 0.976 0 0.005
0.027 0.3 0 0.005
0.027 0.391 0 0.005
0.027 0.672 0 0.005
0.027 0.703 0 0.005
0.027 0.718 0 0.005
0.028 0.475 0 0.005
0.028 0.622 0 0.005
0.028 0.879 0 0.005
0.028 0.9 0 0.005
0.029 0.27 0 0.005
0.029 0.315 0 0.005
0.028 0.9985833333333334 0 0.005
0.03 0.102 0 0.005
0.03 0.349 0 0.005
0.03 0.762 0 0.005
0.031 0.113 0 0.005
0.031 0.228 0 0.005
0.031 0.427 0 0.005
0.031 0.512 0 0.005
0.031 0.847 0 0.005
0.032 0.187 0 0.005
0.032 0.568 0 0.005
0.033 0.218 0 0.005
0.033 0.258 0 0.005
0.033 0.529 0 0.005
0.033 0.58 0 0.005
0.033 0.651 0 0.005
0.033 0.809 0 0.005
0.034 0.0012666666666666666 0 0.005
0.034 0.019 0 0.005
0.034 0.035 0 0.005
0.034 0.138 0 0.005
0.034 0.199 0 0.005
0.035 0.072 0 0.005
0.035 0.541 0 0.005
0.035 0.75 0 0.005
0.035 0.83 0 0.005
0.035 0.86 0 0.005
0.036 0.151 0 0.005
0.036 0.329 0 0.005
0.036 0.461 0 0.005
0.036 0.503 0 0.005
0.036 0.678 0 0.005
0.037 0.17 0 0.005
0.037 0.283 0 0.005
0.037 0.38 0 0.005
0.037 0.394 0 0.005
0.037 0.704 0 0.005
0.038 0.415 0 0.005
0.038 0.49 0 0.005
0.038 0.629 0 0.005
0.038 0.641 0 0.005
0.038 0.668 0 0.005
0.038 0.73 0 0.005
0.038 0.773 0 0.005
0.038 0.985 0 0.005
0.039 0.447 0 0.005
0.039 0.794 0 0.005
0.04 0.095 0 0.005
0.04 0.299 0 0.005
0.04 0.761 0 0.005
0.04 0.943 0 0.005
0.04 0.961 0 0.005
0.041 0.593 0 0.005
0.042 0.119 0 0.005
0.042 0.343 0 0.005
0.042 0.371 0 0.005
0.042 0.437 0 0.005
0.042 0.852 0 0.005
0.043 0.043 0 0.005
0.043 0.13 0 0.005
0.043 0.272 0 0.005
0.043 0.604 0 0.005
0.043 0.872 0 0.005
0.044 0.01 0 0.005
0.044 0.083 0 0.005
0.044 0.686 0 0.005
0.044 0.825 0 0.005
0.044 0.841 0 0.005
0.044 0.918 0 0.005
0.045 0.207 0 0.005
0.045 0.48 0 0.005
0.045 0.885 0 0.005
0.046 0.145 0 0.005
0.046 0.509 0 0.005
0.046 0.565 0 0.005
0.047 0.07 0 0.005
0.047 0.109 0 0.005
0.047 0.252 0 0.005
0.047 0.723 0 0.005
0.047 0.781 0 0.005
0.047 0.899 0 0.005
0.048 0.053 0 0.005
0.048 0.397 0 0.005
0.048 0.699 0 0.005
0.048 0.9972564102564103 0 0.005
0.049 0.028 0 0.005
0.049 0.451 0 0.005
0.049 0.536 0 0.005
0.049 0.712 0 0.005
0.049 0.745 0 0.005
0.049 0.985 0 0.005
0.05 0.176 0 0.005
0.05 0.28 0 0.005
0.05 0.553 0 0.005
0.05 0.634 0 0.005
0.05 0.763 0 0.005
0.05 0.864 0 0.005
0.05 0.959 0 0.005
0.051 0.521 0 0.005
0.051 0.655 0 0.005
0.051 0.81 0 0.005
0.052 0.347 0 0.005
0.052 0.594 0 0.005
0.052 0.947 0 0.005
0.053 0.797 0 0.005
0.053 0.971 0 0.005
0.054 0.139 0 0.005
0.054 0.189 0 0.005
0.054 0.244 0 0.005
0.054 0.262 0 0.005
0.054 0.475 0 0.005
0.054 0.679 0 0.005
0.055 0.297 0 0.005
0.056 0.046 0 0.005
0.056 0.371 0 0.005
0.056 0.579 0 0.005
0.056 0.644 0 0.005
0.057 0.013 0 0.005
0.057 0.214 0 0.005
0.057 0.418 0 0.005
0.057 0.619 0 0.005
0.058 0.431 0 0.005
0.058 0.9977333333333334 0 0.005
0.059 0.15 0 0.005
0.059 0.233 0 0.005
0.059 0.853 0 0.005
0.06 0.076 0 0.005
0.06 0.333 0 0.005
0.06 0.45 0 0.005
0.06 0.769 0 0.005
0.06 0.784 0 0.005
0.06 0.916 0 0.005
0.06 0.982 0 0.005
0.061 0.086 0 0.005
0.061 0.536 0 0.005
0.062 0.353 0 0.005
0.062 0.715 0 0.005
0.062 0.831 0 0.005
0.063 0.12 0 0.005
0.063 0.277 0 0.005
0.063 0.312 0 0.005
0.063 0.555 0 0.005
0.063 0.57 0 0.005
0.063 0.699 0 0.005
0.063 0.843 0 0.005
0.063 0.878 0 0.005
0.064 0.103 0 0.005
0.064 0.378 0 0.005
0.064 0.39 0 0.005
0.064 0.468 0 0.005
0.064 0.478 0 0.005
0.064 0.493 0 0.005
0.064 0.733 0 0.005
0.064 0.759 0 0.005
0.064 0.894 0 0.005
0.065 0.178 0 0.005
0.065 0.603 0 0.005
0.065 0.629 0 0.005
0.066 0.244 0 0.005
0.066 0.614 0 0.005
0.067 0.191 0 0.005
0.067 0.365 0 0.005
0.067 0.512 0 0.005
0.067 0.748 0 0.005
0.067 0.866 0 0.005
0.068 0.024 0 0.005
0.068 0.037 0 0.005
0.068 0.056 0 0.005
0.068 0.264 0 0.005
0.068 0.524 0 0.005
0.068 0.955 0 0.005
0.069 0.158 0 0.005
0.069 0.302 0 0.005
0.07 0.137 0 0.005
0.07 0.708 0 0.005
0.07 0.796 0 0.005
0.07 0.988 0 0.005
0.071 0.111 0 0.005
0.071 0.72 0 0.005
0.071 0.837 0 0.005
0.069 0.999 0 0.005
0.072 0.226 0 0.005
0.072 0.439 0 0.005
0.072 0.452 0 0.005
0.073 0.127 0 0.005
0.073 0.622 0 0.005
0.073 0.811 0 0.005
0.073 0.914 0 0.005
0.074 0.25 0 0.005
0.074 0.291 0 0.005
0.074 0.316 0 0.005
0.074 0.377 0 0.005
0.074 0.464 0 0.005
0.074 0.653 0 0.005
0.074 0.673 0 0.005
0.074 0.93 0 0.005
0.074 0.964 0 0.005
0.075 0.206 0 0.005
0.075 0.327 0 0.005
0.075 0.599 0 0.005
0.075 0.639 0 0.005
0.075 0.732 0 0.005
0.075 0.785 0 0.005
0.076 0.167 0 0.005
0.076 0.488 0 0.005
0.076 0.686 0 0.005
0.076 0.979 0 0.005
0.077 0.081 0 0.005
0.077 0.145 0 0.005
0.077 0.269 0 0.005
0.077 0.357 0 0.005
0.077 0.417 0 0.005
0.077 0.742 0 0.005
0.077 0.765 0 0.005
0.078 0.611 0 0.005
0.078 0.904 0 0.005
0.079 0.345 0 0.005
0.079 0.547 0 0.005
0.079 0.664 0 0.005
0.079 0.752 0 0.005
0.079 0.854 0 0.005
0.08 0.006 0 0.005
0.08 0.281 0 0.005
0.08 0.515 0 0.005
0.08 0.711 0 0.005
0.08 0.893 0 0.005
0.081 0.499 0 0.005
0.081 0.591 0 0.005
0.081 0.873 0 0.005
0.082 0.234 0 0.005
0.082 0.26 0 0.005
0.082 0.302 0 0.005
0.082 0.477 0 0.005
0.082 0.83 0 0.005
0.083 0.942 0 0.005
0.084 0.249 0 0.005
0.084 0.377 0 0.005
0.085 0.529 0 0.005
0.085 0.679 0 0.005
0.085 0.799 0 0.005
0.086 0.064 0 0.005
0.086 0.089 0 0.005
0.086 0.157 0 0.005
0.086 0.197 0 0.005
0.086 0.45 0 0.005
0.086 0.702 0 0.005
0.086 0.975 0 0.005
0.087 0.02 0 0.005
0.087 0.039 0 0.005
0.087 0.409 0 0.005
0.087 0.465 0 0.005
0.088 0.182 0 0.005
0.088 0.611 0 0.005
0.088 0.734 0 0.005
0.089 0.211 0 0.005
0.089 0.423 0 0.005
0.089 0.545 0 0.005
0.089 0.562 0 0.005
0.089 0.809 0 0.005
0.089 0.838 0 0.005
0.089 0.959 0 0.005
0.09 0.277 0 0.005
0.09 0.435 0 0.005
0.09 0.719 0 0.005
0.09 0.82 0 0.005
0.09 0.989 0 0.005
0.091 0.332 0 0.005
0.091 0.518 0 0.005
0.091 0.589 0 0.005
0.091 0.632 0 0.005
0.091 0.662 0 0.005
0.091 0.899 0 0.005
0.092 0.133 0 0.005
0.092 0.257 0 0.005
0.092 0.319 0 0.005
0.092 0.351 0 0.005
0.092 0.389 0 0.005
0.092 0.501 0 0.005
0.092 0.85 0 0.005
0.093 0.573 0 0.005
0.093 0.791 0 0.005
0.094 0.147 0 0.005
0.094 0.167 0 0.005
0.094 0.229 0 0.005
0.094 0.75 0 0.005
0.094 0.767 0 0.005
0.094 0.867 0 0.005
0.095 0.364 0 0.005
0.095 0.536 0 0.005
0.096 0.1 0 0.005
0.096 0.622 0 0.005
0.096 0.879 0 0.005
0.097 0.077 0 0.005
0.097 0.686 0 0.005
0.097 0.974 0 0.005
0.095 0.999 0 0.005
0.098 0.114 0 0.005
0.098 0.124 0 0.005
0.098 0.185 0 0.005
0.098 0.291 0 0.005
0.098 0.411 0 0.005
0.098 0.481 0 0.005
0.098 0.704 0 0.005
0.098 0.778 0 0.005
0.099 0.004 0 0.005
0.099 0.033 0 0.005
0.099 0.943 0 0.005
0.1 0.526 0 0.005
0.1 0.583 0 0.005
0.1 0.6 0 0.005
0.1 0.652 0 0.005
0.1 0.84 0 0.005
0.101 0.016 0 0.005
0.101 0.065 0 0.005
0.101 0.218 0 0.005
0.101 0.857 0 0.005
0.102 0.051 0 0.005
0.102 0.386 0 0.005
0.102 0.467 0 0.005
0.102 0.725 0 0.005
0.102 0.812 0 0.005
0.103 0.16 0 0.005
0.103 0.553 0 0.005
0.103 0.613 0 0.005
0.103 0.894 0 0.005
0.103 0.959 0 0.005
0.104 0.351 0 0.005
0.104 0.4 0 0.005
0.104 0.42 0 0.005
0.104 0.456 0 0.005
0.104 0.696 0 0.005
0.105 0.092 0 0.005
0.105 0.736 0 0.005
0.105 0.917 0 0.005
0.106 0.325 0 0.005
0.106 0.364 0 0.005
0.106 0.43 0 0.005
0.106 0.672 0 0.005
0.106 0.829 0 0.005
0.107 0.935 0 0.005
0.107 0.976 0 0.005
0.108 0.243 0 0.005
0.108 0.315 0 0.005
0.108 0.659 0 0.005
0.108 0.716 0 0.005
0.109 0.261 0 0.005
0.109 0.297 0 0.005
0.109 0.513 0 0.005
0.11 0.793 0 0.005
0.111 0.146 0 0.005
0.111 0.343 0 0.005
0.111 0.48 0 0.005
0.111 0.497 0 0.005
0.111 0.575 0 0.005
0.111 0.763 0 0.005
0.111 0.839 0 0.005
0.111 0.88 0 0.005
0.112 0.107 0 0.005
0.112 0.208 0 0.005
0.112 0.537 0 0.005
0.11 0.999 0 0.005
0.113 0.004 0 0.005
0.113 0.548 0 0.005
0.113 0.591 0 0.005
0.113 0.906 0 0.005
0.114 0.087 0 0.005
0.114 0.159 0 0.005
0.114 0.357 0 0.005
0.114 0.438 0 0.005
0.114 0.601 0 0.005
0.115 0.185 0 0.005
0.115 0.737 0 0.005
0.117 0.027 0 0.005
0.117 0.125 0 0.005
0.117 0.307 0 0.005
0.118 0.271 0 0.005
0.118 0.286 0 0.005
0.118 0.468 0 0.005
0.118 0.713 0 0.005
0.118 0.889 0 0.005
0.118 0.967 0 0.005
0.119 0.058 0 0.005
0.119 0.847 0 0.005
0.119 0.864 0 0.005
0.119 0.948 0 0.005
0.119 0.996280701754386 0 0.005
0.12 0.699 0 0.005
0.12 0.794 0 0.005
0.121 0.251 0 0.005
0.121 0.334 0 0.005
0.121 0.483 0 0.005
0.122 0.077 0 0.005
0.122 0.113 0 0.005
0.122 0.195 0 0.005
0.122 0.226 0 0.005
0.122 0.523 0 0.005
0.122 0.82 0 0.005
0.123 0.262 0 0.005
0.123 0.446 0 0.005
0.124 0.038 0 0.005
0.124 0.101 0 0.005
0.124 0.208 0 0.005
0.124 0.498 0 0.005
0.124 0.655 0 0.005
0.124 0.747 0 0.005
0.125 0.048 0 0.005
0.125 0.394 0 0.005
0.125 0.569 0 0.005
0.125 0.645 0 0.005
0.125 0.67 0 0.005
0.125 0.902 0 0.005
0.125 0.987 0 0.005
0.126 0.356 0 0.005
0.126 0.425 0 0.005
0.126 0.589 0 0.005
0.126 0.837 0 0.005
0.127 0.0012666666666666666 0 0.005
0.127 0.163 0 0.005
0.127 0.611 0 0.005
0.127 0.782 0 0.005
0.127 0.804 0 0.005
0.127 0.873 0 0.005
0.127 0.927 0 0.005
0.128 0.77 0 0.005
0.129 0.141 0 0.005
0.129 0.548 0 0.005
0.13 0.014 0 0.005
0.13 0.026 0 0.005
0.13 0.293 0 0.005
0.13 0.313 0 0.005
0.13 0.716 0 0.005
0.13 0.793 0 0.005
0.13 0.853 0 0.005
0.131 0.329 0 0.005
0.131 0.937 0 0.005
0.132 0.248 0 0.005
0.132 0.339 0 0.005
0.132 0.631 0 0.005
0.132 0.738 0 0.005
0.133 0.092 0 0.005
0.133 0.407 0 0.005
0.133 0.448 0 0.005
0.133 0.559 0 0.005
0.133 0.951 0 0.005
0.134 0.065 0 0.005
0.134 0.118 0 0.005
0.134 0.175 0 0.005
0.134 0.349 0 0.005
0.134 0.531 0 0.005
0.134 0.695 0 0.005
0.134 0.83 0 0.005
0.135 0.195 0 0.005
0.135 0.28 0 0.005
0.135 0.462 0 0.005
0.135 0.484 0 0.005
0.136 0.129 0 0.005
0.136 0.238 0 0.005
0.136 0.378 0 0.005
0.136 0.509 0 0.005
0.136 0.919 0 0.005
0.137 0.079 0 0.005
0.137 0.217 0 0.005
0.137 0.572 0 0.005
0.137 0.963 0 0.005
0.138 0.892 0 0.005
0.138 0.904 0 0.005
0.139 0.043 0 0.005
0.139 0.415 0 0.005
0.139 0.438 0 0.005
0.139 0.711 0 0.005
0.139 0.875 0 0.005
0.139 0.982 0 0.005
0.14 0.751 0 0.005
0.14 0.765 0 0.005
0.141 0.11 0 0.005
0.141 0.31 0 0.005
0.141 0.622 0 0.005
0.141 0.673 0 0.005
0.141 0.821 0 0.005
0.142 0.0022291666666666666 0 0.005
0.142 0.394 0 0.005
0.142 0.801 0 0.005
0.143 0.087 0 0.005
0.143 0.185 0 0.005
0.143 0.341 0 0.005
0.144 0.025 0 0.005
0.144 0.56 0 0.005
0.144 0.652 0 0.005
0.145 0.473 0 0.005
0.145 0.528 0 0.005
0.145 0.851 0 0.005
0.145 0.991 0 0.005
0.146 0.248 0 0.005
0.146 0.359 0 0.005
0.146 0.369 0 0.005
0.146 0.427 0 0.005
0.146 0.543 0 0.005
0.146 0.578 0 0.005
0.146 0.785 0 0.005
0.147 0.036 0 0.005
0.147 0.164 0 0.005
0.147 0.214 0 0.005
0.147 0.603 0 0.005
0.147 0.665 0 0.005
0.147 0.969 0 0.005
0.148 0.14 0 0.005
0.148 0.449 0 0.005
0.148 0.501 0 0.005
0.148 0.689 0 0.005
0.148 0.703 0 0.005
0.148 0.835 0 0.005
0.149 0.066 0 0.005
0.149 0.289 0 0.005
0.149 0.941 0 0.005
0.15 0.174 0 0.005
0.15 0.774 0 0.005
0.151 0.315 0 0.005
0.151 0.465 0 0.005
0.152 0.736 0 0.005
0.152 0.762 0 0.005
0.152 0.797 0 0.005
0.153 0.105 0 0.005
0.153 0.378 0 0.005
0.153 0.718 0 0.005
0.153 0.752 0 0.005
0.154 0.012 0 0.005
0.154 0.301 0 0.005
0.154 0.413 0 0.005
0.155 0.074 0 0.005
0.155 0.226 0 0.005
0.155 0.402 0 0.005
0.155 0.59 0 0.005
0.155 0.868 0 0.005
0.155 0.894 0 0.005
0.156 0.196 0 0.005
0.156 0.271 0 0.005
0.156 0.568 0 0.005
0.156 0.881 0 0.005
0.157 0.166 0 0.005
0.157 0.183 0 0.005
0.157 0.932 0 0.005
0.158 0.091 0 0.005
0.158 0.207 0 0.005
0.158 0.484 0 0.005
0.158 0.507 0 0.005
0.158 0.622 0 0.005
0.158 0.634 0 0.005
0.158 0.647 0 0.005
0.158 0.707 0 0.005
0.159 0.133 0 0.005
0.159 0.674 0 0.005
0.159 0.834 0 0.005
0.16 0.028 0 0.005
0.16 0.459 0 0.005
0.16 0.544 0 0.005
0.16 0.812 0 0.005
0.16 0.911 0 0.005
0.161 0.122 0 0.005
0.161 0.261 0 0.005
0.161 0.34 0 0.005
0.161 0.789 0 0.005
0.161 0.849 0 0.005
0.162 0.045 0 0.005
0.162 0.33 0 0.005
0.162 0.391 0 0.005
0.162 0.42 0 0.005
0.162 0.692 0 0.005
0.162 0.74 0 0.005
0.162 0.953 0 0.005
0.163 0.017 0 0.005
0.163 0.315 0 0.005
0.163 0.603 0 0.005
0.164 0.06 0 0.005
0.164 0.291 0 0.005
0.164 0.657 0 0.005
0.164 0.752 0 0.005
0.164 0.985 0 0.005
0.166 0.005 0 0.005
0.166 0.157 0 0.005
0.166 0.22 0 0.005
0.166 0.513 0 0.005
0.166 0.995 0 0.005
0.167 0.242 0 0.005
0.167 0.366 0 0.005
0.167 0.406 0 0.005
0.167 0.448 0 0.005
0.167 0.58 0 0.005
0.167 0.804 0 0.005
0.167 0.821 0 0.005
0.168 0.035 0 0.005
0.168 0.208 0 0.005
0.168 0.493 0 0.005
0.168 0.889 0 0.005
0.168 0.975 0 0.005
0.169 0.076 0 0.005
0.169 0.138 0 0.005
0.17 0.271 0 0.005
0.17 0.282 0 0.005
0.17 0.306 0 0.005
0.17 0.784 0 0.005
0.17 0.857 0 0.005
0.17 0.904 0 0.005
0.171 0.198 0 0.005
0.171 0.345 0 0.005
0.171 0.437 0 0.005
0.171 0.459 0 0.005
0.171 0.621 0 0.005
0.171 0.678 0 0.005
0.172 0.149 0 0.005
0.172 0.536 0 0.005
0.172 0.651 0 0.005
0.173 0.11 0 0.005
0.173 0.523 0 0.005
0.173 0.558 0 0.005
0.173 0.69 0 0.005
0.173 0.735 0 0.005
0.173 0.944 0 0.005
0.174 0.171 0 0.005
0.174 0.747 0 0.005
0.174 0.983 0 0.005
0.175 0.024 0 0.005
0.175 0.315 0 0.005
0.175 0.966 0 0.005
0.176 0.188 0 0.005
0.176 0.422 0 0.005
0.176 0.63 0 0.005
0.177 0.0033125 0 0.005
0.177 0.067 0 0.005
0.177 0.502 0 0.005
0.177 0.603 0 0.005
0.177 0.793 0 0.005
0.178 0.081 0 0.005
0.178 0.099 0 0.005
0.178 0.373 0 0.005
0.178 0.406 0 0.005
0.178 0.491 0 0.005
0.179 0.127 0 0.005
0.179 0.23 0 0.005
0.179 0.26 0 0.005
0.179 0.354 0 0.005
0.179 0.843 0 0.005
0.179 0.873 0 0.005
0.179 0.955 0 0.005
0.18 0.287 0 0.005
0.18 0.297 0 0.005
0.18 0.515 0 0.005
0.18 0.72 0 0.005
0.181 0.464 0 0.005
0.181 0.571 0 0.005
0.181 0.775 0 0.005
0.181 0.807 0 0.005
0.181 0.888 0 0.005
0.183 0.139 0 0.005
0.183 0.444 0 0.005
0.183 0.56 0 0.005
0.183 0.646 0 0.005
0.184 0.581 0 0.005
0.184 0.917 0 0.005
0.185 0.335 0 0.005
0.185 0.384 0 0.005
0.185 0.67 0 0.005
0.185 0.9967708333333334 0 0.005
0.186 0.025 0 0.005
0.186 0.047 0 0.005
0.186 0.112 0 0.005
0.186 0.694 0 0.005
0.187 0.057 0 0.005
0.187 0.087 0 0.005
0.187 0.156 0 0.005
0.187 0.195 0 0.005
0.187 0.631 0 0.005
0.187 0.822 0 0.005
0.187 0.879 0 0.005
0.188 0.265 0 0.005
0.188 0.311 0 0.005
0.188 0.766 0 0.005
0.189 0.505 0 0.005
0.189 0.601 0 0.005
0.189 0.62 0 0.005
0.189 0.66 0 0.005
0.189 0.979 0 0.005
0.19 0.006 0 0.005
0.19 0.073 0 0.005
0.19 0.18 0 0.005
0.19 0.219 0 0.005
0.19 0.298 0 0.005
0.19 0.394 0 0.005
0.19 0.535 0 0.005
0.19 0.896 0 0.005
0.191 0.124 0 0.005
0.191 0.283 0 0.005
0.191 0.487 0 0.005
0.191 0.788 0 0.005
0.192 0.241 0 0.005
0.192 0.525 0 0.005
0.192 0.554 0 0.005
0.193 0.252 0 0.005
0.193 0.32 0 0.005
0.193 0.348 0 0.005
0.193 0.571 0 0.005
0.193 0.65 0 0.005
0.193 0.861 0 0.005
0.194 0.376 0 0.005
0.194 0.406 0 0.005
0.194 0.93 0 0.005
0.194 0.964 0 0.005
0.195 0.421 0 0.005
0.195 0.44 0 0.005
0.195 0.707 0 0.005
0.195 0.741 0 0.005
0.195 0.989 0 0.005
0.196 0.063 0 0.005
0.196 0.612 0 0.005
0.196 0.671 0 0.005
0.196 0.918 0 0.005
0.197 0.455 0 0.005
0.197 0.837 0 0.005
0.198 0.213 0 0.005
0.198 0.274 0 0.005
0.198 0.466 0 0.005
0.198 0.596 0 0.005
0.198 0.872 0 0.005
0.199 0.053 0 0.005
0.199 0.152 0 0.005
0.199 0.26 0 0.005
0.199 0.307 0 0.005
0.199 0.333 0 0.005
0.2 0.173 0 0.005
0.2 0.225 0 0.005
0.2 0.386 0 0.005
0.2 0.481 0 0.005
0.2 0.534 0 0.005
0.2 0.725 0 0.005
0.201 0.082 0 0.005
0.201 0.118 0 0.005
0.201 0.296 0 0.005
0.201 0.759 0 0.005
0.201 0.769 0 0.005
0.202 0.286 0 0.005
0.202 0.561 0 0.005
0.202 0.626 0 0.005
0.202 0.903 0 0.005
0.202 0.939 0 0.005
0.203 0.039 0 0.005
0.203 0.797 0 0.005
0.204 0.021 0 0.005
0.204 0.094 0 0.005
0.204 0.187 0 0.005
0.204 0.197 0 0.005
0.204 0.369 0 0.005
0.204 0.434 0 0.005
0.205 0.07 0 0.005
0.205 0.512 0 0.005
0.205 0.547 0 0.005
0.205 0.588 0 0.005
0.205 0.681 0 0.005
0.205 0.891 0 0.005
0.206 0.13 0 0.005
0.207 0.007 0 0.005
0.207 0.253 0 0.005
0.207 0.315 0 0.005
0.207 0.349 0 0.005
0.207 0.613 0 0.005
0.208 0.241 0 0.005
0.208 0.495 0 0.005
0.208 0.707 0 0.005
0.208 0.717 0 0.005
0.209 0.108 0 0.005
0.209 0.267 0 0.005
0.209 0.381 0 0.005
0.21 0.205 0 0.005
0.21 0.639 0 0.005
0.21 0.845 0 0.005
0.21 0.864 0 0.005
0.21 0.933 0 0.005
0.211 0.163 0 0.005
0.211 0.454 0 0.005
0.211 0.728 0 0.005
0.211 0.749 0 0.005
0.212 0.363 0 0.005
0.212 0.66 0 0.005
0.212 0.782 0 0.005
0.212 0.832 0 0.005
0.213 0.332 0 0.005
0.213 0.57 0 0.005
0.213 0.6 0 0.005
0.214 0.286 0 0.005
0.215 0.017 0 0.005
0.215 0.057 0 0.005
0.215 0.405 0 0.005
0.215 0.47 0 0.005
0.215 0.801 0 0.005
0.215 0.812 0 0.005
0.216 0.035 0 0.005
0.216 0.185 0 0.005
0.216 0.227 0 0.005
0.216 0.258 0 0.005
0.216 0.48 0 0.005
0.216 0.515 0 0.005
0.216 0.696 0 0.005
0.217 0.088 0 0.005
0.217 0.303 0 0.005
0.217 0.873 0 0.005
0.217 0.883 0 0.005
0.218 0.046 0 0.005
0.218 0.113 0 0.005
0.218 0.347 0 0.005
0.219 0.671 0 0.005
0.219 0.916 0 0.005
0.22 0.129 0 0.005
0.22 0.241 0 0.005
0.22 0.53 0 0.005
0.22 0.863 0 0.005
0.22 0.893 0 0.005
0.221 0.553 0 0.005
0.221 0.94 0 0.005
0.222 0.633 0 0.005
0.222 0.906 0 0.005
0.222 0.9972564102564103 0 0.005
0.223 0.218 0 0.005
0.223 0.278 0 0.005
0.223 0.446 0 0.005
0.223 0.49 0 0.005
0.223 0.729 0 0.005
0.222 0.0 0 0.005
0.224 0.008 0 0.005
0.224 0.152 0 0.005
0.224 0.391 0 0.005
0.224 0.612 0 0.005
0.225 0.02 0 0.005
0.225 0.266 0 0.005
0.225 0.378 0 0.005
0.225 0.502 0 0.005
0.225 0.576 0 0.005
0.225 0.755 0 0.005
0.225 0.802 0 0.005
0.225 0.813 0 0.005
0.225 0.843 0 0.005
0.225 0.973 0 0.005
0.226 0.077 0 0.005
0.226 0.097 0 0.005
0.226 0.184 0 0.005
0.226 0.425 0 0.005
0.226 0.647 0 0.005
0.227 0.14 0 0.005
0.227 0.308 0 0.005
0.227 0.329 0 0.005
0.228 0.342 0 0.005
0.228 0.474 0 0.005
0.228 0.68 0 0.005
0.228 0.872 0 0.005
0.228 0.963 0 0.005
0.229 0.588 0 0.005
0.23 0.21 0 0.005
0.23 0.367 0 0.005
0.23 0.6 0 0.005
0.23 0.625 0 0.005
0.23 0.888 0 0.005
0.23 0.923 0 0.005
0.23 0.952 0 0.005
0.231 0.127 0 0.005
0.231 0.196 0 0.005
0.231 0.745 0 0.005
0.232 0.108 0 0.005
0.232 0.239 0 0.005
0.232 0.518 0 0.005
0.232 0.661 0 0.005
0.233 0.459 0 0.005
0.234 0.286 0 0.005
0.234 0.316 0 0.005
0.234 0.55 0 0.005
0.234 0.699 0 0.005
0.234 0.995 0 0.005
0.235 0.0012666666666666666 0 0.005
0.235 0.021 0 0.005
0.235 0.772 0 0.005
0.236 0.042 0 0.005
0.236 0.265 0 0.005
0.236 0.409 0 0.005
0.237 0.082 0 0.005
0.237 0.222 0 0.005
0.237 0.491 0 0.005
0.237 0.858 0 0.005
0.237 0.898 0 0.005
0.237 0.983 0 0.005
0.238 0.168 0 0.005
0.238 0.327 0 0.005
0.238 0.424 0 0.005
0.238 0.677 0 0.005
0.238 0.76 0 0.005
0.238 0.785 0 0.005
0.239 0.56 0 0.005
0.239 0.718 0 0.005
0.24 0.21 0 0.005
0.24 0.232 0 0.005
0.24 0.612 0 0.005
0.24 0.878 0 0.005
0.241 0.155 0 0.005
0.241 0.597 0 0.005
0.241 0.844 0 0.005
0.242 0.142 0 0.005
0.242 0.357 0 0.005
0.242 0.576 0 0.005
0.242 0.638 0 0.005
0.242 0.739 0 0.005
0.242 0.797 0 0.005
0.242 0.964 0 0.005
0.243 0.058 0 0.005
0.243 0.094 0 0.005
0.243 0.105 0 0.005
0.243 0.248 0 0.005
0.243 0.369 0 0.005
0.243 0.65 0 0.005
0.243 0.913 0 0.005
0.243 0.923 0 0.005
0.244 0.068 0 0.005
0.244 0.301 0 0.005
0.244 0.482 0 0.005
0.244 0.535 0 0.005
0.244 0.699 0 0.005
0.244 0.827 0 0.005
0.245 0.275 0 0.005
0.245 0.339 0 0.005
0.245 0.389 0 0.005
0.245 0.946 0 0.005
0.246 0.017 0 0.005
0.246 0.13 0 0.005
0.246 0.183 0 0.005
0.246 0.195 0 0.005
0.246 0.438 0 0.005
0.246 0.523 0 0.005
0.246 0.75 0 0.005
0.246 0.992 0 0.005
0.247 0.469 0 0.005
0.248 0.259 0 0.005
0.248 0.81 0 0.005
0.249 0.049 0 0.005
0.25 0.453 0 0.005
0.25 0.715 0 0.005
0.251 0.41 0 0.005
0.251 0.429 0 0.005
0.251 0.512 0 0.005
0.251 0.566 0 0.005
0.251 0.77 0 0.005
0.252 0.075 0 0.005
0.252 0.5 0 0.005
0.252 0.625 0 0.005
0.252 0.725 0 0.005
0.252 0.888 0 0.005
0.252 0.935 0 0.005
0.252 0.976 0 0.005
0.253 0.211 0 0.005
0.253 0.291 0 0.005
0.253 0.311 0 0.005
0.253 0.379 0 0.005
0.253 0.395 0 0.005
0.253 0.548 0 0.005
0.253 0.587 0 0.005
0.253 0.609 0 0.005
0.253 0.691 0 0.005
0.254 0.678 0 0.005
0.254 0.793 0 0.005
0.254 0.861 0 0.005
0.255 0.089 0 0.005
0.255 0.95 0 0.005
0.255 0.9967708333333334 0 0.005
0.256 0.0008095238095238096 0 0.005
0.256 0.128 0 0.005
0.256 0.352 0 0.005
0.256 0.363 0 0.005
0.256 0.664 0 0.005
0.256 0.838 0 0.005
0.257 0.039 0 0.005
0.257 0.734 0 0.005
0.258 0.805 0 0.005
0.258 0.906 0 0.005
0.259 0.1 0 0.005
0.259 0.144 0 0.005
0.259 0.279 0 0.005
0.259 0.468 0 0.005
0.259 0.753 0 0.005
0.26 0.262 0 0.005
0.26 0.325 0 0.005
0.26 0.456 0 0.005
0.26 0.651 0 0.005
0.261 0.019 0 0.005
0.261 0.339 0 0.005
0.261 0.439 0 0.005
0.261 0.495 0 0.005
0.261 0.509 0 0.005
0.261 0.768 0 0.005
0.261 0.877 0 0.005
0.261 0.97 0 0.005
0.262 0.065 0 0.005
0.262 0.111 0 0.005
0.262 0.388 0 0.005
0.262 0.543 0 0.005
0.262 0.619 0 0.005
0.262 0.706 0 0.005
0.263 0.175 0 0.005
0.263 0.823 0 0.005
0.264 0.009 0 0.005
0.264 0.047 0 0.005
0.264 0.421 0 0.005
0.264 0.479 0 0.005
0.264 0.53 0 0.005
0.264 0.554 0 0.005
0.264 0.595 0 0.005
0.264 0.857 0 0.005
0.264 0.887 0 0.005
0.265 0.191 0 0.005
0.265 0.289 0 0.005
0.265 0.674 0 0.005
0.265 0.794 0 0.005
0.265 0.921 0 0.005
0.266 0.398 0 0.005
0.266 0.811 0 0.005
0.267 0.227 0 0.005
0.267 0.301 0 0.005
0.267 0.948 0 0.005
0.267 0.986 0 0.005
0.268 0.584 0 0.005
0.268 0.902 0 0.005
0.269 0.027 0 0.005
0.269 0.075 0 0.005
0.269 0.686 0 0.005
0.269 0.759 0 0.005
0.27 0.148 0 0.005
0.27 0.369 0 0.005
0.27 0.849 0 0.005
0.27 0.869 0 0.005
0.271 0.158 0 0.005
0.271 0.344 0 0.005
0.271 0.503 0 0.005
0.271 0.66 0 0.005
0.271 0.73 0 0.005
0.272 0.107 0 0.005
0.272 0.518 0 0.005
0.272 0.784 0 0.005
0.273 0.182 0 0.005
0.273 0.211 0 0.005
0.273 0.279 0 0.005
0.273 0.637 0 0.005
0.273 0.836 0 0.005
0.274 0.133 0 0.005
0.274 0.323 0 0.005
0.274 0.423 0 0.005
0.274 0.479 0 0.005
0.274 0.886 0 0.005
0.274 0.978 0 0.005
0.275 0.088 0 0.005
0.275 0.254 0 0.005
0.275 0.465 0 0.005
0.275 0.572 0 0.005
0.276 0.608 0 0.005
0.276 0.745 0 0.005
0.276 0.802 0 0.005
0.276 0.943 0 0.005
0.277 0.043 0 0.005
0.277 0.446 0 0.005
0.277 0.528 0 0.005
0.277 0.919 0 0.005
0.278 0.307 0 0.005
0.278 0.62 0 0.005
0.278 0.649 0 0.005
0.278 0.698 0 0.005
0.278 0.82 0 0.005
0.278 0.897 0 0.005
0.278 0.966 0 0.005
0.279 0.164 0 0.005
0.279 0.243 0 0.005
0.279 0.432 0 0.005
0.279 0.72 0 0.005
0.28 0.0012666666666666666 0 0.005
0.28 0.058 0 0.005
0.281 0.099 0 0.005
0.281 0.118 0 0.005
0.281 0.295 0 0.005
0.281 0.369 0 0.005
0.282 0.676 0 0.005
0.282 0.858 0 0.005
0.283 0.41 0 0.005
0.283 0.758 0 0.005
0.284 0.184 0 0.005
0.284 0.201 0 0.005
0.284 0.267 0 0.005
0.284 0.337 0 0.005
0.284 0.393 0 0.005
0.284 0.839 0 0.005
0.284 0.937 0 0.005
0.285 0.078 0 0.005
0.285 0.226 0 0.005
0.285 0.348 0 0.005
0.285 0.541 0 0.005
0.285 0.558 0 0.005
0.285 0.868 0 0.005
0.285 0.957 0 0.005
0.286 0.049 0 0.005
0.286 0.068 0 0.005
0.286 0.134 0 0.005
0.286 0.706 0 0.005
0.286 0.794 0 0.005
0.287 0.157 0 0.005
0.287 0.211 0 0.005
0.287 0.51 0 0.005
0.287 0.579 0 0.005
0.287 0.602 0 0.005
0.287 0.829 0 0.005
0.288 0.021 0 0.005
0.288 0.034 0 0.005
0.288 0.282 0 0.005
0.288 0.471 0 0.005
0.288 0.655 0 0.005
0.288 0.979 0 0.005
0.288 0.991 0 0.005
0.289 0.46 0 0.005
0.289 0.496 0 0.005
0.289 0.766 0 0.005
0.29 0.421 0 0.005
0.291 0.383 0 0.005
0.291 0.521 0 0.005
0.291 0.531 0 0.005
0.291 0.728 0 0.005
0.292 0.09 0 0.005
0.292 0.592 0 0.005
0.292 0.778 0 0.005
0.293 0.0033125 0 0.005
0.293 0.404 0 0.005
0.293 0.613 0 0.005
0.294 0.318 0 0.005
0.294 0.57 0 0.005
0.294 0.692 0 0.005
0.294 0.862 0 0.005
0.295 0.26 0 0.005
0.295 0.372 0 0.005
0.295 0.668 0 0.005
0.295 0.906 0 0.005
0.296 0.248 0 0.005
0.296 0.806 0 0.005
0.296 0.874 0 0.005
0.296 0.923 0 0.005
0.297 0.231 0 0.005
0.297 0.275 0 0.005
0.297 0.355 0 0.005
0.297 0.489 0 0.005
0.297 0.513 0 0.005
0.297 0.649 0 0.005
0.297 0.76 0 0.005
0.297 0.817 0 0.005
0.297 0.895 0 0.005
0.297 0.969 0 0.005
0.298 0.081 0 0.005
0.298 0.185 0 0.005
0.298 0.428 0 0.005
0.298 0.443 0 0.005
0.298 0.716 0 0.005
0.298 0.933 0 0.005
0.299 0.067 0 0.005
0.299 0.142 0 0.005
0.299 0.787 0 0.005
0.299 0.853 0 0.005
0.3 0.122 0 0.005
0.3 0.132 0 0.005
0.3 0.294 0 0.005
0.3 0.842 0 0.005
0.3 0.979 0 0.005
0.301 0.39 0 0.005
0.301 0.535 0 0.005
0.301 0.684 0 0.005
0.301 0.702 0 0.005
0.302 0.101 0 0.005
0.303 0.112 0 0.005
0.303 0.411 0 0.005
0.303 0.456 0 0.005
0.303 0.615 0 0.005
0.303 0.9967708333333334 0 0.005
0.304 0.592 0 0.005
0.304 0.731 0 0.005
0.304 0.955 0 0.005
0.305 0.016 0 0.005
0.305 0.257 0 0.005
0.305 0.324 0 0.005
0.305 0.545 0 0.005
0.305 0.744 0 0.005
0.306 0.284 0 0.005
0.306 0.373 0 0.005
0.306 0.495 0 0.005
0.306 0.508 0 0.005
0.307 0.165 0 0.005
0.308 0.336 0 0.005
0.308 0.446 0 0.005
0.308 0.802 0 0.005
0.307 0.0 0 0.005
0.309 0.03 0 0.005
0.309 0.077 0 0.005
0.309 0.27 0 0.005
0.309 0.352 0 0.005
0.309 0.573 0 0.005
0.309 0.987 0 0.005
0.31 0.185 0 0.005
0.31 0.475 0 0.005
0.31 0.623 0 0.005
0.31 0.669 0 0.005
0.311 0.066 0 0.005
0.311 0.873 0 0.005
0.312 0.15 0 0.005
0.312 0.174 0 0.005
0.312 0.419 0 0.005
0.312 0.527 0 0.005
0.312 0.636 0 0.005
0.312 0.842 0 0.005
0.312 0.944 0 0.005
0.313 0.005 0 0.005
0.313 0.137 0 0.005
0.313 0.212 0 0.005
0.313 0.31 0 0.005
0.314 0.089 0 0.005
0.314 0.126 0 0.005
0.314 0.435 0 0.005
0.314 0.486 0 0.005
0.314 0.769 0 0.005
0.312 0.999 0 0.005
0.315 0.112 0 0.005
0.315 0.255 0 0.005
0.315 0.559 0 0.005
0.315 0.693 0 0.005
0.315 0.916 0 0.005
0.316 0.056 0 0.005
0.316 0.404 0 0.005
0.316 0.681 0 0.005
0.317 0.61 0 0.005
0.318 0.229 0 0.005
0.318 0.385 0 0.005
0.318 0.782 0 0.005
0.319 0.042 0 0.005
0.319 0.076 0 0.005
0.319 0.299 0 0.005
0.319 0.322 0 0.005
0.319 0.47 0 0.005
0.319 0.569 0 0.005
0.319 0.655 0 0.005
0.319 0.932 0 0.005
0.32 0.189 0 0.005
0.32 0.588 0 0.005
0.32 0.962 0 0.005
0.321 0.271 0 0.005
0.321 0.546 0 0.005
0.321 0.716 0 0.005
0.322 0.12 0 0.005
0.322 0.357 0 0.005
0.322 0.373 0 0.005
0.322 0.492 0 0.005
0.322 0.823 0 0.005
0.323 0.009 0 0.005
0.323 0.032 0 0.005
0.323 0.199 0 0.005
0.323 0.238 0 0.005
0.323 0.332 0 0.005
0.323 0.856 0 0.005
0.324 0.311 0 0.005
0.324 0.461 0 0.005
0.324 0.505 0 0.005
0.324 0.705 0 0.005
0.324 0.81 0 0.005
0.324 0.899 0 0.005
0.325 0.147 0 0.005
0.325 0.166 0 0.005
0.326 0.478 0 0.005
0.326 0.531 0 0.005
0.326 0.625 0 0.005
0.326 0.674 0 0.005
0.326 0.866 0 0.005
0.326 0.879 0 0.005
0.327 0.066 0 0.005
0.327 0.091 0 0.005
0.327 0.596 0 0.005
0.327 0.664 0 0.005
0.327 0.925 0 0.005
0.327 0.9981904761904762 0 0.005
0.328 0.251 0 0.005
0.328 0.557 0 0.005
0.329 0.409 0 0.005
0.329 0.99 0 0.005
0.33 0.433 0 0.005
0.33 0.645 0 0.005
0.33 0.834 0 0.005
0.33 0.937 0 0.005
0.331 0.0012666666666666666 0 0.005
0.331 0.053 0 0.005
0.331 0.138 0 0.005
0.331 0.231 0 0.005
0.331 0.303 0 0.005
0.331 0.72 0 0.005
0.331 0.741 0 0.005
0.331 0.767 0 0.005
0.332 0.208 0 0.005
0.332 0.219 0 0.005
0.332 0.365 0 0.005
0.332 0.493 0 0.005
0.333 0.264 0 0.005
0.333 0.683 0 0.005
0.333 0.787 0 0.005
0.333 0.889 0 0.005
0.334 0.152 0 0.005
0.334 0.443 0 0.005
0.334 0.822 0 0.005
0.335 0.177 0 0.005
0.335 0.386 0 0.005
0.335 0.569 0 0.005
0.335 0.656 0 0.005
0.335 0.914 0 0.005
0.336 0.42 0 0.005
0.336 0.611 0 0.005
0.337 0.116 0 0.005
0.337 0.397 0 0.005
0.337 0.731 0 0.005
0.337 0.97 0 0.005
0.338 0.028 0 0.005
0.338 0.192 0 0.005
0.338 0.278 0 0.005
0.338 0.348 0 0.005
0.338 0.633 0 0.005
0.339 0.775 0 0.005
0.339 0.805 0 0.005
0.339 0.929 0 0.005
0.34 0.062 0 0.005
0.34 0.377 0 0.005
0.341 0.486 0 0.005
0.341 0.577 0 0.005
0.341 0.719 0 0.005
0.341 0.83 0 0.005
0.342 0.096 0 0.005
0.342 0.598 0 0.005
0.342 0.947 0 0.005
0.342 0.988 0 0.005
0.343 0.228 0 0.005
0.343 0.287 0 0.005
0.343 0.358 0 0.005
0.343 0.848 0 0.005
0.344 0.203 0 0.005
0.344 0.243 0 0.005
0.344 0.312 0 0.005
0.344 0.552 0 0.005
0.344 0.978 0 0.005
0.345 0.11 0 0.005
0.345 0.642 0 0.005
0.346 0.657 0 0.005
0.347 0.144 0 0.005
0.347 0.327 0 0.005
0.347 0.449 0 0.005
0.347 0.877 0 0.005
0.348 0.055 0 0.005
0.348 0.517 0 0.005
0.348 0.539 0 0.005
0.348 0.936 0 0.005
0.349 0.038 0 0.005
0.349 0.079 0 0.005
0.349 0.34 0 0.005
0.349 0.461 0 0.005
0.349 0.738 0 0.005
0.35 0.585 0 0.005
0.35 0.71 0 0.005
0.35 0.775 0 0.005
0.351 0.17 0 0.005
0.351 0.298 0 0.005
0.351 0.757 0 0.005
0.351 0.788 0 0.005
0.351 0.815 0 0.005
0.352 0.005 0 0.005
0.352 0.492 0 0.005
0.352 0.507 0 0.005
0.352 0.568 0 0.005
0.352 0.7 0 0.005
0.352 0.722 0 0.005
0.352 0.84 0 0.005
0.352 0.895 0 0.005
0.352 0.966 0 0.005
0.353 0.119 0 0.005
0.353 0.439 0 0.005
0.353 0.597 0 0.005
0.353 0.927 0 0.005
0.353 0.994 0 0.005
0.354 0.412 0 0.005
0.354 0.857 0 0.005
0.354 0.946 0 0.005
0.355 0.016 0 0.005
0.355 0.046 0 0.005
0.355 0.2 0 0.005
0.355 0.401 0 0.005
0.355 0.644 0 0.005
0.355 0.677 0 0.005
0.355 0.91 0 0.005
0.356 0.026 0 0.005
0.356 0.222 0 0.005
0.356 0.271 0 0.005
0.356 0.528 0 0.005
0.356 0.625 0 0.005
0.356 0.868 0 0.005
0.357 0.092 0 0.005
0.357 0.106 0 0.005
0.357 0.179 0 0.005
0.357 0.21 0 0.005
0.357 0.389 0 0.005
0.357 0.66 0 0.005
0.357 0.826 0 0.005
0.358 0.882 0 0.005
0.359 0.159 0 0.005
0.359 0.323 0 0.005
0.359 0.356 0 0.005
0.359 0.425 0 0.005
0.359 0.47 0 0.005
0.359 0.543 0 0.005
0.359 0.958 0 0.005
0.36 0.372 0 0.005
0.36 0.692 0 0.005
0.361 0.06 0 0.005
0.361 0.716 0 0.005
0.361 0.729 0 0.005
0.361 0.849 0 0.005
0.362 0.559 0 0.005
0.362 0.612 0 0.005
0.362 0.752 0 0.005
0.362 0.899 0 0.005
0.363 0.07 0 0.005
0.364 0.193 0 0.005
0.364 0.25 0 0.005
0.364 0.484 0 0.005
0.364 0.495 0 0.005
0.364 0.517 0 0.005
0.364 0.702 0 0.005
0.364 0.801 0 0.005
0.365 0.262 0 0.005
0.365 0.767 0 0.005
0.365 0.909 0 0.005
0.366 0.675 0 0.005
0.366 0.815 0 0.005
0.366 0.94 0 0.005
0.367 0.037 0 0.005
0.367 0.123 0 0.005
0.367 0.396 0 0.005
0.367 0.418 0 0.005
0.367 0.637 0 0.005
0.367 0.837 0 0.005
0.368 0.018 0 0.005
0.368 0.33 0 0.005
0.368 0.442 0 0.005
0.368 0.527 0 0.005
0.369 0.088 0 0.005
0.369 0.155 0 0.005
0.369 0.18 0 0.005
0.369 0.209 0 0.005
0.37 0.007 0 0.005
0.37 0.289 0 0.005
0.37 0.507 0 0.005
0.37 0.577 0 0.005
0.37 0.659 0 0.005
0.37 0.988 0 0.005
0.37 0.9977333333333334 0 0.005
0.371 0.35 0 0.005
0.371 0.466 0 0.005
0.371 0.543 0 0.005
0.371 0.889 0 0.005
0.372 0.596 0 0.005
0.372 0.613 0 0.005
0.372 0.684 0 0.005
0.373 0.302 0 0.005
0.374 0.067 0 0.005
0.374 0.113 0 0.005
0.374 0.235 0 0.005
0.374 0.433 0 0.005
0.374 0.555 0 0.005
0.374 0.85 0 0.005
0.375 0.629 0 0.005
0.376 0.132 0 0.005
0.376 0.737 0 0.005
0.376 0.778 0 0.005
0.376 0.82 0 0.005
0.377 0.201 0 0.005
0.377 0.264 0 0.005
0.377 0.494 0 0.005
0.377 0.587 0 0.005
0.377 0.712 0 0.005
0.377 0.761 0 0.005
0.377 0.788 0 0.005
0.377 0.974 0 0.005
0.378 0.147 0 0.005
0.378 0.16 0 0.005
0.378 0.218 0 0.005
0.378 0.325 0 0.005
0.378 0.38 0 0.005
0.378 0.799 0 0.005
0.378 0.964 0 0.005
0.379 0.31 0 0.005
0.379 0.413 0 0.005
0.379 0.449 0 0.005
0.379 0.653 0 0.005
0.379 0.697 0 0.005
0.379 0.921 0 0.005
0.38 0.0017435897435897436 0 0.005
0.38 0.057 0 0.005
0.38 0.245 0 0.005
0.38 0.46 0 0.005
0.38 0.478 0 0.005
0.381 0.031 0 0.005
0.381 0.342 0 0.005
0.381 0.363 0 0.005
0.381 0.618 0 0.005
0.382 0.096 0 0.005
0.382 0.399 0 0.005
0.382 0.724 0 0.005
0.382 0.831 0 0.005
0.383 0.019 0 0.005
0.383 0.518 0 0.005
0.383 0.529 0 0.005
0.383 0.664 0 0.005
0.384 0.106 0 0.005
0.384 0.856 0 0.005
0.384 0.873 0 0.005
0.384 0.911 0 0.005
0.384 0.93 0 0.005
0.384 0.992 0 0.005
0.385 0.232 0 0.005
0.385 0.678 0 0.005
0.385 0.954 0 0.005
0.386 0.118 0 0.005
0.386 0.17 0 0.005
0.386 0.181 0 0.005
0.386 0.21 0 0.005
0.386 0.436 0 0.005
0.386 0.768 0 0.005
0.386 0.793 0 0.005
0.387 0.302 0 0.005
0.387 0.541 0 0.005
0.388 0.286 0 0.005
0.388 0.757 0 0.005
0.389 0.371 0 0.005
0.389 0.485 0 0.005
0.389 0.578 0 0.005
0.389 0.597 0 0.005
0.39 0.073 0 0.005
0.39 0.351 0 0.005
0.39 0.633 0 0.005
0.39 0.709 0 0.005
0.39 0.734 0 0.005
0.39 0.821 0 0.005
0.391 0.243 0 0.005
0.391 0.338 0 0.005
0.391 0.427 0 0.005
0.391 0.556 0 0.005
0.391 0.652 0 0.005
0.392 0.414 0 0.005
0.392 0.499 0 0.005
0.392 0.893 0 0.005
0.393 0.049 0 0.005
0.393 0.139 0 0.005
0.393 0.263 0 0.005
0.393 0.311 0 0.005
0.393 0.45 0 0.005
0.393 0.472 0 0.005
0.393 0.51 0 0.005
0.393 0.665 0 0.005
0.394 0.084 0 0.005
0.394 0.19 0 0.005
0.394 0.615 0 0.005
0.392 0.999 0 0.005
0.395 0.029 0 0.005
0.395 0.153 0 0.005
0.395 0.253 0 0.005
0.395 0.402 0 0.005
0.395 0.84 0 0.005
0.396 0.039 0 0.005
0.396 0.812 0 0.005
0.396 0.876 0 0.005
0.396 0.941 0 0.005
0.397 0.124 0 0.005
0.397 0.382 0 0.005
0.397 0.569 0 0.005
0.397 0.926 0 0.005
0.398 0.018 0 0.005
0.398 0.062 0 0.005
0.398 0.278 0 0.005
0.398 0.694 0 0.005
0.398 0.8 0 0.005
0.399 0.166 0 0.005
0.399 0.214 0 0.005
0.399 0.322 0 0.005
0.399 0.682 0 0.005
0.399 0.782 0 0.005
0.399 0.957 0 0.005
0.4 0.094 0 0.005
0.4 0.233 0 0.005
0.4 0.297 0 0.005
0.4 0.493 0 0.005
0.4 0.539 0 0.005
0.4 0.738 0 0.005
0.4 0.968 0 0.005
0.401 0.177 0 0.005
0.401 0.358 0 0.005
0.401 0.598 0 0.005
0.401 0.656 0 0.005
0.401 0.704 0 0.005
0.401 0.72 0 0.005
0.401 0.764 0 0.005
0.403 0.582 0 0.005
0.403 0.854 0 0.005
0.404 0.136 0 0.005
0.404 0.56 0 0.005
0.404 0.749 0 0.005
0.404 0.83 0 0.005
0.405 0.433 0 0.005
0.405 0.471 0 0.005
0.405 0.92 0 0.005
0.405 0.98 0 0.005
0.406 0.307 0 0.005
0.406 0.409 0 0.005
0.406 0.818 0 0.005
0.407 0.03 0 0.005
0.407 0.198 0 0.005
0.407 0.637 0 0.005
0.407 0.665 0 0.005
0.407 0.938 0 0.005
0.408 0.02 0 0.005
0.408 0.082 0 0.005
0.408 0.845 0 0.005
0.408 0.9967708333333334 0 0.005
0.409 0.277 0 0.005
0.409 0.343 0 0.005
0.409 0.954 0 0.005
0.41 0.451 0 0.005
0.41 0.793 0 0.005
0.411 0.071 0 0.005
0.411 0.333 0 0.005
0.411 0.461 0 0.005
0.411 0.677 0 0.005
0.411 0.73 0 0.005
0.411 0.768 0 0.005
0.412 0.058 0 0.005
0.412 0.145 0 0.005
0.412 0.513 0 0.005
0.412 0.529 0 0.005
0.412 0.614 0 0.005
0.412 0.755 0 0.005
0.412 0.804 0 0.005
0.413 0.316 0 0.005
0.413 0.892 0 0.005
0.413 0.913 0 0.005
0.414 0.167 0 0.005
0.414 0.209 0 0.005
0.414 0.565 0 0.005
0.414 0.594 0 0.005
0.414 0.826 0 0.005
0.414 0.88 0 0.005
0.415 0.117 0 0.005
0.415 0.189 0 0.005
0.415 0.257 0 0.005
0.415 0.49 0 0.005
0.415 0.579 0 0.005
0.416 0.045 0 0.005
0.416 0.233 0 0.005
0.416 0.246 0 0.005
0.416 0.287 0 0.005
0.416 0.856 0 0.005
0.416 0.962 0 0.005
0.417 0.093 0 0.005
0.417 0.353 0 0.005
0.417 0.641 0 0.005
0.417 0.776 0 0.005
0.417 0.925 0 0.005
0.418 0.035 0 0.005
0.418 0.379 0 0.005
0.418 0.4 0 0.005
0.418 0.554 0 0.005
0.418 0.656 0 0.005
0.418 0.942 0 0.005
0.419 0.326 0 0.005
0.419 0.747 0 0.005
0.419 0.812 0 0.005
0.421 0.127 0 0.005
0.421 0.222 0 0.005
0.421 0.467 0 0.005
0.421 0.619 0 0.005
0.421 0.723 0 0.005
0.42 0.0 0 0.005
0.422 0.103 0 0.005
0.422 0.152 0 0.005
0.423 0.297 0 0.005
0.423 0.315 0 0.005
0.423 0.446 0 0.005
0.423 0.522 0 0.005
0.423 0.665 0 0.005
0.423 0.952 0 0.005
0.424 0.408 0 0.005
0.424 0.91 0 0.005
0.425 0.138 0 0.005
0.425 0.389 0 0.005
0.425 0.693 0 0.005
0.425 0.738 0 0.005
0.425 0.846 0 0.005
0.425 0.87 0 0.005
0.425 0.991 0 0.005
0.426 0.023 0 0.005
0.426 0.177 0 0.005
0.426 0.243 0 0.005
0.426 0.431 0 0.005
0.426 0.563 0 0.005
0.426 0.576 0 0.005
0.426 0.797 0 0.005
0.427 0.162 0 0.005
0.427 0.352 0 0.005
0.428 0.073 0 0.005
0.427 0.9985833333333334 0 0.005
0.429 0.493 0 0.005
0.429 0.533 0 0.005
0.429 0.813 0 0.005
0.429 0.896 0 0.005
0.43 0.338 0 0.005
0.43 0.365 0 0.005
0.43 0.601 0 0.005
0.43 0.614 0 0.005
0.43 0.682 0 0.005
0.431 0.28 0 0.005
0.431 0.544 0 0.005
0.431 0.773 0 0.005
0.432 0.751 0 0.005
0.432 0.857 0 0.005
0.433 0.221 0 0.005
0.433 0.291 0 0.005
0.433 0.645 0 0.005
0.433 0.726 0 0.005
0.433 0.878 0 0.005
0.434 0.015 0 0.005
0.434 0.086 0 0.005
0.434 0.118 0 0.005
0.434 0.17 0 0.005
0.434 0.406 0 0.005
0.434 0.656 0 0.005
0.434 0.834 0 0.005
0.434 0.966 0 0.005
0.435 0.108 0 0.005
0.435 0.312 0 0.005
0.435 0.518 0 0.005
0.435 0.715 0 0.005
0.435 0.783 0 0.005
0.435 0.846 0 0.005
0.436 0.418 0 0.005
0.436 0.447 0 0.005
0.436 0.559 0 0.005
0.436 0.951 0 0.005
0.437 0.194 0 0.005
0.437 0.249 0 0.005
0.437 0.474 0 0.005
0.437 0.919 0 0.005
0.437 0.94 0 0.005
0.438 0.064 0 0.005
0.438 0.232 0 0.005
0.438 0.691 0 0.005
0.439 0.037 0 0.005
0.439 0.267 0 0.005
0.439 0.528 0 0.005
0.439 0.977 0 0.005
0.439 0.9967708333333334 0 0.005
0.44 0.0017435897435897436 0 0.005
0.44 0.182 0 0.005
0.44 0.302 0 0.005
0.44 0.484 0 0.005
0.44 0.539 0 0.005
0.44 0.907 0 0.005
0.441 0.156 0 0.005
0.441 0.433 0 0.005
0.442 0.704 0 0.005
0.443 0.323 0 0.005
0.443 0.351 0 0.005
0.443 0.369 0 0.005
0.443 0.383 0 0.005
0.443 0.579 0 0.005
0.444 0.118 0 0.005
0.444 0.456 0 0.005
0.444 0.506 0 0.005
0.444 0.566 0 0.005
0.444 0.602 0 0.005
0.444 0.79 0 0.005
0.445 0.641 0 0.005
0.445 0.865 0 0.005
0.446 0.08 0 0.005
0.446 0.141 0 0.005
0.446 0.875 0 0.005
0.446 0.925 0 0.005
0.447 0.021 0 0.005
0.447 0.246 0 0.005
0.447 0.289 0 0.005
0.447 0.404 0 0.005
0.447 0.617 0 0.005
0.447 0.63 0 0.005
0.447 0.725 0 0.005
0.447 0.81 0 0.005
0.447 0.935 0 0.005
0.448 0.75 0 0.005
0.448 0.8 0 0.005
0.448 0.993 0 0.005
0.449 0.05 0 0.005
0.449 0.468 0 0.005
0.449 0.495 0 0.005
0.449 0.651 0 0.005
0.45 0.0022291666666666666 0 0.005
0.45 0.683 0 0.005
0.45 0.885 0 0.005
0.451 0.222 0 0.005
0.451 0.276 0 0.005
0.451 0.392 0 0.005
0.452 0.036 0 0.005
0.452 0.302 0 0.005
0.452 0.449 0 0.005
0.453 0.013 0 0.005
0.453 0.1 0 0.005
0.453 0.169 0 0.005
0.453 0.336 0 0.005
0.453 0.522 0 0.005
0.453 0.665 0 0.005
0.453 0.765 0 0.005
0.453 0.979 0 0.005
0.454 0.127 0 0.005
0.454 0.159 0 0.005
0.454 0.238 0 0.005
0.454 0.353 0 0.005
0.454 0.429 0 0.005
0.454 0.823 0 0.005
0.454 0.895 0 0.005
0.455 0.315 0 0.005
0.455 0.547 0 0.005
0.456 0.063 0 0.005
0.456 0.078 0 0.005
0.456 0.41 0 0.005
0.456 0.792 0 0.005
0.457 0.288 0 0.005
0.457 0.742 0 0.005
0.458 0.186 0 0.005
0.458 0.364 0 0.005
0.458 0.591 0 0.005
0.459 0.05 0 0.005
0.459 0.11 0 0.005
0.459 0.196 0 0.005
0.459 0.464 0 0.005
0.459 0.837 0 0.005
0.459 0.854 0 0.005
0.46 0.265 0 0.005
0.46 0.559 0 0.005
0.46 0.726 0 0.005
0.46 0.918 0 0.005
0.461 0.532 0 0.005
0.461 0.573 0 0.005
0.462 0.214 0 0.005
0.462 0.276 0 0.005
0.462 0.393 0 0.005
0.462 0.447 0 0.005
0.462 0.955 0 0.005
0.463 0.02 0 0.005
0.463 0.649 0 0.005
0.463 0.977 0 0.005
0.464 0.144 0 0.005
0.464 0.309 0 0.005
0.464 0.498 0 0.005
0.464 0.769 0 0.005
0.464 0.815 0 0.005
0.464 0.895 0 0.005
0.465 0.231 0 0.005
0.465 0.329 0 0.005
0.465 0.628 0 0.005
0.465 0.695 0 0.005
0.465 0.829 0 0.005
0.465 0.863 0 0.005
0.466 0.353 0 0.005
0.466 0.488 0 0.005
0.466 0.517 0 0.005
0.466 0.612 0 0.005
0.467 0.004 0 0.005
0.467 0.471 0 0.005
0.467 0.874 0 0.005
0.468 0.118 0 0.005
0.468 0.188 0 0.005
0.468 0.659 0 0.005
0.468 0.798 0 0.005
0.469 0.042 0 0.005
0.469 0.102 0 0.005
0.469 0.382 0 0.005
0.469 0.434 0 0.005
0.469 0.584 0 0.005
0.469 0.76 0 0.005
0.47 0.062 0 0.005
0.47 0.706 0 0.005
0.47 0.843 0 0.005
0.471 0.168 0 0.005
0.471 0.569 0 0.005
0.471 0.732 0 0.005
0.471 0.93 0 0.005
0.472 0.368 0 0.005
0.472 0.596 0 0.005
0.472 0.672 0 0.005
0.47 0.999 0 0.005
0.473 0.217 0 0.005
0.473 0.444 0 0.005
0.473 0.542 0 0.005
0.473 0.853 0 0.005
0.473 0.958 0 0.005
0.474 0.078 0 0.005
0.474 0.267 0 0.005
0.474 0.642 0 0.005
0.474 0.894 0 0.005
0.474 0.972 0 0.005
0.475 0.051 0 0.005
0.475 0.313 0 0.005
0.475 0.416 0 0.005
0.475 0.426 0 0.005
0.475 0.557 0 0.005
0.476 0.939 0 0.005
0.477 0.03 0 0.005
0.477 0.327 0 0.005
0.477 0.392 0 0.005
0.477 0.515 0 0.005
0.477 0.745 0 0.005
0.477 0.913 0 0.005
0.478 0.618 0 0.005
0.478 0.826 0 0.005
0.477 0.0 0 0.005
0.479 0.1 0 0.005
0.479 0.294 0 0.005
0.479 0.382 0 0.005
0.479 0.484 0 0.005
0.479 0.501 0 0.005
0.479 0.53 0 0.005
0.479 0.72 0 0.005
0.479 0.771 0 0.005
0.48 0.06 0 0.005
0.48 0.236 0 0.005
0.48 0.588 0 0.005
0.481 0.605 0 0.005
0.481 0.704 0 0.005
0.482 0.112 0 0.005
0.482 0.17 0 0.005
0.482 0.257 0 0.005
0.482 0.282 0 0.005
0.482 0.629 0 0.005
0.482 0.73 0 0.005
0.482 0.839 0 0.005
0.482 0.991 0 0.005
0.483 0.272 0 0.005
0.483 0.305 0 0.005
0.483 0.901 0 0.005
0.484 0.215 0 0.005
0.484 0.372 0 0.005
0.484 0.421 0 0.005
0.485 0.051 0 0.005
0.485 0.434 0 0.005
0.485 0.545 0 0.005
0.485 0.562 0 0.005
0.485 0.574 0 0.005
0.485 0.647 0 0.005
0.485 0.788 0 0.005
0.486 0.073 0 0.005
0.486 0.151 0 0.005
0.486 0.2 0 0.005
0.486 0.349 0 0.005
0.486 0.445 0 0.005
0.487 0.472 0 0.005
0.487 0.683 0 0.005
0.487 0.713 0 0.005
0.487 0.808 0 0.005
0.488 0.006 0 0.005
0.488 0.162 0 0.005
0.488 0.507 0 0.005
0.488 0.885 0 0.005
0.489 0.018 0 0.005
0.489 0.038 0 0.005
0.489 0.241 0 0.005
0.489 0.494 0 0.005
0.489 0.597 0 0.005
0.489 0.982 0 0.005
0.489 0.9972564102564103 0 0.005
0.49 0.404 0 0.005
0.491 0.7 0 0.005
0.491 0.749 0 0.005
0.491 0.95 0 0.005
0.491 0.965 0 0.005
0.492 0.128 0 0.005
0.492 0.415 0 0.005
0.492 0.864 0 0.005
0.492 0.921 0 0.005
0.493 0.098 0 0.005
0.493 0.261 0 0.005
0.493 0.327 0 0.005
0.493 0.463 0 0.005
0.493 0.729 0 0.005
0.494 0.183 0 0.005
0.494 0.624 0 0.005
0.495 0.112 0 0.005
0.495 0.275 0 0.005
0.495 0.296 0 0.005
0.495 0.389 0 0.005
0.495 0.666 0 0.005
0.496 0.0012666666666666666 0 0.005
0.496 0.365 0 0.005
0.496 0.524 0 0.005
0.496 0.775 0 0.005
0.496 0.852 0 0.005
0.497 0.047 0 0.005
0.497 0.059 0 0.005
0.497 0.763 0 0.005
0.497 0.786 0 0.005
0.497 0.895 0 0.005
0.498 0.552 0 0.005
0.499 0.077 0 0.005
0.499 0.286 0 0.005
0.499 0.309 0 0.005
0.499 0.509 0 0.005
0.499 0.538 0 0.005
0.499 0.586 0 0.005
0.499 0.642 0 0.005
0.499 0.738 0 0.005
0.5 0.014 0 0.005
0.5 0.14 0 0.005
0.5 0.484 0 0.005
0.5 0.817 0 0.005
0.501 0.165 0 0.005
0.501 0.2 0 0.005
0.501 0.216 0 0.005
0.501 0.249 0 0.005
0.501 0.83 0 0.005
0.501 0.992 0 0.005
0.502 0.354 0 0.005
0.502 0.378 0 0.005
0.502 0.677 0 0.005
0.503 0.13 0 0.005
0.503 0.563 0 0.005
0.503 0.931 0 0.005
0.504 0.026 0 0.005
0.504 0.425 0 0.005
0.504 0.612 0 0.005
0.504 0.87 0 0.005
0.505 0.297 0 0.005
0.505 0.799 0 0.005
0.505 0.918 0 0.005
0.506 0.065 0 0.005
0.506 0.116 0 0.005
0.506 0.148 0 0.005
0.506 0.396 0 0.005
0.506 0.407 0 0.005
0.506 0.457 0 0.005
0.506 0.634 0 0.005
0.506 0.712 0 0.005
0.506 0.772 0 0.005
0.506 0.973 0 0.005
0.507 0.264 0 0.005
0.507 0.323 0 0.005
0.507 0.529 0 0.005
0.507 0.579 0 0.005
0.507 0.983 0 0.005
0.508 0.0033125 0 0.005
0.508 0.467 0 0.005
0.508 0.504 0 0.005
0.508 0.515 0 0.005
0.508 0.941 0 0.005
0.508 0.957 0 0.005
0.509 0.075 0 0.005
0.509 0.242 0 0.005
0.509 0.659 0 0.005
0.509 0.726 0 0.005
0.51 0.091 0 0.005
0.51 0.195 0 0.005
0.51 0.6 0 0.005
0.51 0.9981904761904762 0 0.005
0.511 0.107 0 0.005
0.511 0.161 0 0.005
0.511 0.275 0 0.005
0.511 0.839 0 0.005
0.512 0.039 0 0.005
0.512 0.175 0 0.005
0.512 0.22 0 0.005
0.512 0.444 0 0.005
0.512 0.881 0 0.005
0.513 0.13 0 0.005
0.513 0.379 0 0.005
0.513 0.419 0 0.005
0.514 0.185 0 0.005
0.514 0.751 0 0.005
0.515 0.795 0 0.005
0.516 0.46 0 0.005
0.516 0.563 0 0.005
0.516 0.677 0 0.005
0.516 0.714 0 0.005
0.516 0.808 0 0.005
0.516 0.829 0 0.005
0.517 0.082 0 0.005
0.517 0.472 0 0.005
0.517 0.494 0 0.005
0.517 0.691 0 0.005
0.518 0.064 0 0.005
0.518 0.115 0 0.005
0.518 0.145 0 0.005
0.518 0.356 0 0.005
0.518 0.613 0 0.005
0.518 0.632 0 0.005
0.518 0.862 0 0.005
0.519 0.937 0 0.005
0.52 0.525 0 0.005
0.521 0.194 0 0.005
0.521 0.334 0 0.005
0.521 0.54 0 0.005
0.521 0.916 0 0.005
0.522 0.392 0 0.005
0.522 0.402 0 0.005
0.522 0.413 0 0.005
0.522 0.45 0 0.005
0.522 0.647 0 0.005
0.522 0.704 0 0.005
0.522 0.787 0 0.005
0.522 0.981 0 0.005
0.522 0.991 0 0.005
0.523 0.046 0 0.005
0.523 0.214 0 0.005
0.523 0.346 0 0.005
0.523 0.581 0 0.005
0.523 0.597 0 0.005
0.523 0.666 0 0.005
0.523 0.906 0 0.005
0.524 0.024 0 0.005
0.524 0.155 0 0.005
0.524 0.286 0 0.005
0.524 0.313 0 0.005
0.523 0.9985833333333334 0 0.005
0.525 0.036 0 0.005
0.525 0.104 0 0.005
0.525 0.233 0 0.005
0.525 0.425 0 0.005
0.525 0.777 0 0.005
0.526 0.0022291666666666666 0 0.005
0.526 0.87 0 0.005
0.526 0.927 0 0.005
0.526 0.958 0 0.005
0.527 0.301 0 0.005
0.527 0.507 0 0.005
0.527 0.718 0 0.005
0.527 0.733 0 0.005
0.527 0.798 0 0.005
0.528 0.556 0 0.005
0.528 0.759 0 0.005
0.528 0.973 0 0.005
0.529 0.266 0 0.005
0.529 0.846 0 0.005
0.529 0.895 0 0.005
0.53 0.465 0 0.005
0.53 0.626 0 0.005
0.53 0.686 0 0.005
0.53 0.747 0 0.005
0.53 0.815 0 0.005
0.531 0.092 0 0.005
0.531 0.174 0 0.005
0.531 0.188 0 0.005
0.531 0.834 0 0.005
0.532 0.051 0 0.005
0.532 0.498 0 0.005
0.532 0.946 0 0.005
0.533 0.132 0 0.005
0.533 0.454 0 0.005
0.534 0.119 0 0.005
0.534 0.284 0 0.005
0.534 0.34 0 0.005
0.534 0.352 0 0.005
0.534 0.39 0 0.005
0.534 0.434 0 0.005
0.534 0.533 0 0.005
0.534 0.676 0 0.005
0.534 0.855 0 0.005
0.535 0.482 0 0.005
0.535 0.595 0 0.005
0.535 0.635 0 0.005
0.535 0.658 0 0.005
0.536 0.012 0 0.005
0.536 0.105 0 0.005
0.536 0.315 0 0.005
0.536 0.423 0 0.005
0.536 0.88 0 0.005
0.537 0.063 0 0.005
0.537 0.365 0 0.005
0.537 0.577 0 0.005
0.537 0.782 0 0.005
0.537 0.917 0 0.005
0.537 0.965 0 0.005
0.536 0.0 0 0.005
0.538 0.211 0 0.005
0.538 0.705 0 0.005
0.538 0.984 0 0.005
0.539 0.076 0 0.005
0.539 0.155 0 0.005
0.539 0.403 0 0.005
0.539 0.721 0 0.005
0.539 0.893 0 0.005
0.539 0.934 0 0.005
0.54 0.826 0 0.005
0.54 0.865 0 0.005
0.54 0.907 0 0.005
0.541 0.175 0 0.005
0.541 0.382 0 0.005
0.541 0.842 0 0.005
0.542 0.468 0 0.005
0.542 0.683 0 0.005
0.542 0.733 0 0.005
0.543 0.254 0 0.005
0.543 0.568 0 0.005
0.543 0.61 0 0.005
0.543 0.629 0 0.005
0.543 0.694 0 0.005
0.544 0.024 0 0.005
0.544 0.034 0 0.005
0.544 0.128 0 0.005
0.544 0.29 0 0.005
0.544 0.441 0 0.005
0.544 0.746 0 0.005
0.544 0.95 0 0.005
0.545 0.094 0 0.005
0.545 0.24 0 0.005
0.545 0.497 0 0.005
0.545 0.521 0 0.005
0.547 0.183 0 0.005
0.547 0.271 0 0.005
0.547 0.412 0 0.005
0.547 0.667 0 0.005
0.547 0.852 0 0.005
0.548 0.081 0 0.005
0.548 0.316 0 0.005
0.548 0.347 0 0.005
0.548 0.976 0 0.005
0.549 0.367 0 0.005
0.549 0.59 0 0.005
0.549 0.759 0 0.005
0.549 0.962 0 0.005
0.55 0.536 0 0.005
0.55 0.837 0 0.005
0.55 0.886 0 0.005
0.551 0.158 0 0.005
0.551 0.869 0 0.005
0.552 0.0012666666666666666 0 0.005
0.552 0.04 0 0.005
0.552 0.105 0 0.005
0.552 0.641 0 0.005
0.552 0.798 0 0.005
0.552 0.818 0 0.005
0.553 0.051 0 0.005
0.553 0.213 0 0.005
0.553 0.456 0 0.005
0.553 0.485 0 0.005
0.553 0.908 0 0.005
0.553 0.934 0 0.005
0.554 0.625 0 0.005
0.554 0.702 0 0.005
0.554 0.922 0 0.005
0.555 0.021 0 0.005
0.555 0.071 0 0.005
0.555 0.201 0 0.005
0.555 0.253 0 0.005
0.555 0.263 0 0.005
0.555 0.339 0 0.005
0.555 0.496 0 0.005
0.555 0.521 0 0.005
0.555 0.561 0 0.005
0.555 0.952 0 0.005
0.556 0.429 0 0.005
0.556 0.723 0 0.005
0.557 0.115 0 0.005
0.557 0.224 0 0.005
0.557 0.306 0 0.005
0.557 0.602 0 0.005
0.558 0.129 0 0.005
0.558 0.144 0 0.005
0.558 0.285 0 0.005
0.558 0.318 0 0.005
0.558 0.351 0 0.005
0.558 0.511 0 0.005
0.558 0.653 0 0.005
0.558 0.74 0 0.005
0.558 0.897 0 0.005
0.558 0.987 0 0.005
0.559 0.675 0 0.005
0.56 0.441 0 0.005
0.56 0.612 0 0.005
0.56 0.766 0 0.005
0.56 0.831 0 0.005
0.561 0.534 0 0.005
0.561 0.867 0 0.005
0.561 0.976 0 0.005
0.562 0.468 0 0.005
0.562 0.94 0 0.005
0.563 0.096 0 0.005
0.563 0.399 0 0.005
0.564 0.04 0 0.005
0.564 0.544 0 0.005
0.564 0.645 0 0.005
0.564 0.846 0 0.005
0.564 0.958 0 0.005
0.565 0.161 0 0.005
0.566 0.208 0 0.005
0.566 0.242 0 0.005
0.566 0.295 0 0.005
0.566 0.494 0 0.005
0.566 0.628 0 0.005
0.566 0.922 0 0.005
0.567 0.011 0 0.005
0.567 0.559 0 0.005
0.567 0.582 0 0.005
0.567 0.692 0 0.005
0.567 0.735 0 0.005
0.567 0.802 0 0.005
0.567 0.89 0 0.005
0.567 0.912 0 0.005
0.568 0.068 0 0.005
0.568 0.112 0 0.005
0.568 0.36 0 0.005
0.568 0.409 0 0.005
0.568 0.779 0 0.005
0.569 0.022 0 0.005
0.569 0.082 0 0.005
0.57 0.348 0 0.005
0.571 0.187 0 0.005
0.571 0.668 0 0.005
0.572 0.13 0 0.005
0.572 0.222 0 0.005
0.572 0.538 0 0.005
0.572 0.651 0 0.005
0.573 0.316 0 0.005
0.573 0.326 0 0.005
0.573 0.717 0 0.005
0.574 0.168 0 0.005
0.574 0.256 0 0.005
0.574 0.336 0 0.005
0.574 0.371 0 0.005
0.574 0.527 0 0.005
0.574 0.572 0 0.005
0.574 0.706 0 0.005
0.574 0.759 0 0.005
0.575 0.397 0 0.005
0.575 0.482 0 0.005
0.575 0.901 0 0.005
0.575 0.992 0 0.005
0.576 0.601 0 0.005
0.576 0.856 0 0.005
0.577 0.0017435897435897436 0 0.005
0.577 0.043 0 0.005
0.577 0.145 0 0.005
0.577 0.305 0 0.005
0.577 0.616 0 0.005
0.578 0.279 0 0.005
0.578 0.431 0 0.005
0.578 0.502 0 0.005
0.578 0.548 0 0.005
0.578 0.948 0 0.005
0.579 0.472 0 0.005
0.579 0.642 0 0.005
0.579 0.812 0 0.005
0.579 0.919 0 0.005
0.579 0.933 0 0.005
0.579 0.982 0 0.005
0.58 0.06 0 0.005
0.58 0.124 0 0.005
0.58 0.453 0 0.005
0.58 0.789 0 0.005
0.578 0.999 0 0.005
0.581 0.086 0 0.005
0.582 0.01 0 0.005
0.582 0.236 0 0.005
0.582 0.386 0 0.005
0.582 0.767 0 0.005
0.583 0.157 0 0.005
0.583 0.493 0 0.005
0.583 0.567 0 0.005
0.583 0.735 0 0.005
0.583 0.747 0 0.005
0.583 0.876 0 0.005
0.583 0.894 0 0.005
0.584 0.346 0 0.005
0.585 0.11 0 0.005
0.585 0.211 0 0.005
0.585 0.41 0 0.005
0.585 0.626 0 0.005
0.585 0.673 0 0.005
0.585 0.715 0 0.005
0.586 0.964 0 0.005
0.587 0.076 0 0.005
0.587 0.286 0 0.005
0.587 0.306 0 0.005
0.587 0.398 0 0.005
0.587 0.461 0 0.005
0.587 0.557 0 0.005
0.587 0.652 0 0.005
0.588 0.226 0 0.005
0.588 0.829 0 0.005
0.588 0.845 0 0.005
0.589 0.798 0 0.005
0.589 0.857 0 0.005
0.59 0.023 0 0.005
0.59 0.436 0 0.005
0.59 0.991 0 0.005
0.591 0.178 0 0.005
0.591 0.685 0 0.005
0.592 0.091 0 0.005
0.592 0.5 0 0.005
0.592 0.775 0 0.005
0.592 0.913 0 0.005
0.593 0.009 0 0.005
0.593 0.044 0 0.005
0.593 0.055 0 0.005
0.593 0.196 0 0.005
0.593 0.248 0 0.005
0.593 0.266 0 0.005
0.593 0.325 0 0.005
0.593 0.749 0 0.005
0.594 0.16 0 0.005
0.594 0.371 0 0.005
0.594 0.415 0 0.005
0.594 0.548 0 0.005
0.594 0.701 0 0.005
0.594 0.958 0 0.005
0.595 0.103 0 0.005
0.595 0.569 0 0.005
0.595 0.637 0 0.005
0.596 0.596 0 0.005
0.596 0.762 0 0.005
0.596 0.821 0 0.005
0.596 0.98 0 0.005
0.597 0.351 0 0.005
0.597 0.388 0 0.005
0.597 0.735 0 0.005
0.598 0.217 0 0.005
0.598 0.654 0 0.005
0.599 0.121 0 0.005
0.599 0.144 0 0.005
0.599 0.172 0 0.005
0.599 0.692 0 0.005
0.6 0.806 0 0.005
0.601 0.08 0 0.005
0.601 0.406 0 0.005
0.601 0.424 0 0.005
0.601 0.989 0 0.005
0.602 0.015 0 0.005
0.602 0.207 0 0.005
0.602 0.617 0 0.005
0.602 0.717 0 0.005
0.602 0.972 0 0.005
0.603 0.064 0 0.005
0.603 0.242 0 0.005
0.603 0.361 0 0.005
0.603 0.869 0 0.005
0.603 0.943 0 0.005
0.604 0.047 0 0.005
0.604 0.581 0 0.005
0.604 0.627 0 0.005
0.604 0.888 0 0.005
0.605 0.004 0 0.005
0.605 0.136 0 0.005
0.605 0.181 0 0.005
0.605 0.557 0 0.005
0.605 0.84 0 0.005
0.605 0.853 0 0.005
0.606 0.313 0 0.005
0.606 0.668 0 0.005
0.606 0.77 0 0.005
0.606 0.926 0 0.005
0.606 0.959 0 0.005
0.607 0.194 0 0.005
0.607 0.337 0 0.005
0.608 0.292 0 0.005
0.608 0.351 0 0.005
0.608 0.459 0 0.005
0.608 0.594 0 0.005
0.608 0.639 0 0.005
0.608 0.697 0 0.005
0.608 0.758 0 0.005
0.609 0.167 0 0.005
0.609 0.489 0 0.005
0.609 0.738 0 0.005
0.609 0.916 0 0.005
0.61 0.109 0 0.005
0.61 0.214 0 0.005
0.61 0.269 0 0.005
0.61 0.387 0 0.005
0.61 0.501 0 0.005
0.61 0.567 0 0.005
0.61 0.678 0 0.005
0.61 0.877 0 0.005
0.611 0.034 0 0.005
0.611 0.075 0 0.005
0.611 0.748 0 0.005
0.612 0.431 0 0.005
0.612 0.533 0 0.005
0.612 0.789 0 0.005
0.612 0.812 0 0.005
0.613 0.259 0 0.005
0.613 0.543 0 0.005
0.613 0.863 0 0.005
0.614 0.091 0 0.005
0.614 0.248 0 0.005
0.614 0.326 0 0.005
0.614 0.375 0 0.005
0.614 0.447 0 0.005
0.614 0.65 0 0.005
0.614 0.89 0 0.005
0.612 0.999 0 0.005
0.615 0.061 0 0.005
0.615 0.557 0 0.005
0.615 0.606 0 0.005
0.615 0.849 0 0.005
0.616 0.177 0 0.005
0.616 0.83 0 0.005
0.617 0.043 0 0.005
0.618 0.393 0 0.005
0.618 0.639 0 0.005
0.618 0.961 0 0.005
0.618 0.977 0 0.005
0.619 0.143 0 0.005
0.619 0.22 0 0.005
0.619 0.356 0 0.005
0.619 0.514 0 0.005
0.619 0.67 0 0.005
0.619 0.766 0 0.005
0.619 0.776 0 0.005
0.619 0.899 0 0.005
0.62 0.023 0 0.005
0.62 0.119 0 0.005
0.62 0.439 0 0.005
0.62 0.482 0 0.005
0.62 0.59 0 0.005
0.62 0.681 0 0.005
0.62 0.819 0 0.005
0.62 0.91 0 0.005
0.62 0.993 0 0.005
0.621 0.57 0 0.005
0.622 0.188 0 0.005
0.622 0.204 0 0.005
0.622 0.284 0 0.005
0.622 0.58 0 0.005
0.623 0.055 0 0.005
0.623 0.108 0 0.005
0.623 0.405 0 0.005
0.623 0.618 0 0.005
0.623 0.659 0 0.005
0.623 0.934 0 0.005
0.624 0.704 0 0.005
0.625 0.715 0 0.005
0.625 0.732 0 0.005
0.625 0.743 0 0.005
0.625 0.754 0 0.005
0.626 0.263 0 0.005
0.626 0.496 0 0.005
0.627 0.237 0 0.005
0.627 0.338 0 0.005
0.627 0.379 0 0.005
0.627 0.416 0 0.005
0.627 0.632 0 0.005
0.627 0.827 0 0.005
0.627 0.918 0 0.005
0.629 0.0017435897435897436 0 0.005
0.629 0.156 0 0.005
0.629 0.251 0 0.005
0.629 0.363 0 0.005
0.629 0.47 0 0.005
0.63 0.125 0 0.005
0.63 0.171 0 0.005
0.63 0.529 0 0.005
0.631 0.101 0 0.005
0.631 0.514 0 0.005
0.631 0.685 0 0.005
0.631 0.839 0 0.005
0.631 0.902 0 0.005
0.632 0.017 0 0.005
0.632 0.299 0 0.005
0.632 0.319 0 0.005
0.633 0.454 0 0.005
0.633 0.959 0 0.005
0.634 0.144 0 0.005
0.634 0.198 0 0.005
0.634 0.78 0 0.005
0.634 0.942 0 0.005
0.635 0.278 0 0.005
0.635 0.735 0 0.005
0.635 0.861 0 0.005
0.635 0.877 0 0.005
0.636 0.384 0 0.005
0.636 0.604 0 0.005
0.636 0.724 0 0.005
0.636 0.988 0 0.005
0.637 0.551 0 0.005
0.637 0.618 0 0.005
0.637 0.671 0 0.005
0.637 0.792 0 0.005
0.638 0.064 0 0.005
0.638 0.111 0 0.005
0.638 0.562 0 0.005
0.638 0.638 0 0.005
0.638 0.711 0 0.005
0.638 0.825 0 0.005
0.638 0.912 0 0.005
0.639 0.036 0 0.005
0.639 0.09 0 0.005
0.639 0.135 0 0.005
0.639 0.339 0 0.005
0.639 0.41 0 0.005
0.639 0.426 0 0.005
0.639 0.815 0 0.005
0.639 0.894 0 0.005
0.64 0.079 0 0.005
0.64 0.188 0 0.005
0.64 0.22 0 0.005
0.64 0.353 0 0.005
0.64 0.527 0 0.005
0.64 0.591 0 0.005
0.64 0.761 0 0.005
0.641 0.743 0 0.005
0.642 0.327 0 0.005
0.642 0.651 0 0.005
0.641 0.0 0 0.005
0.643 0.047 0 0.005
0.643 0.239 0 0.005
0.643 0.374 0 0.005
0.643 0.975 0 0.005
0.644 0.026 0 0.005
0.644 0.163 0 0.005
0.644 0.299 0 0.005
0.644 0.398 0 0.005
0.644 0.772 0 0.005
0.645 0.313 0 0.005
0.645 0.482 0 0.005
0.645 0.542 0 0.005
0.645 0.941 0 0.005
0.646 0.007 0 0.005
0.646 0.15 0 0.005
0.646 0.204 0 0.005
0.646 0.25 0 0.005
0.646 0.47 0 0.005
0.646 0.605 0 0.005
0.646 0.666 0 0.005
0.646 0.87 0 0.005
0.647 0.097 0 0.005
0.647 0.385 0 0.005
0.647 0.437 0 0.005
0.647 0.512 0 0.005
0.647 0.926 0 0.005
0.648 0.286 0 0.005
0.648 0.689 0 0.005
0.648 0.699 0 0.005
0.648 0.966 0 0.005
0.648 0.985 0 0.005
0.649 0.553 0 0.005
0.649 0.72 0 0.005
0.649 0.953 0 0.005
0.65 0.227 0 0.005
0.65 0.641 0 0.005
0.651 0.127 0 0.005
0.651 0.178 0 0.005
0.651 0.216 0 0.005
0.651 0.592 0 0.005
0.651 0.843 0 0.005
0.651 0.856 0 0.005
0.651 0.9977333333333334 0 0.005
0.652 0.525 0 0.005
0.652 0.579 0 0.005
0.652 0.746 0 0.005
0.652 0.832 0 0.005
0.653 0.348 0 0.005
0.653 0.41 0 0.005
0.653 0.616 0 0.005
0.653 0.896 0 0.005
0.653 0.908 0 0.005
0.654 0.05 0 0.005
0.654 0.161 0 0.005
0.654 0.308 0 0.005
0.654 0.492 0 0.005
0.654 0.787 0 0.005
0.654 0.877 0 0.005
0.655 0.068 0 0.005
0.655 0.428 0 0.005
0.657 0.103 0 0.005
0.657 0.336 0 0.005
0.657 0.467 0 0.005
0.657 0.924 0 0.005
0.658 0.297 0 0.005
0.658 0.451 0 0.005
0.658 0.477 0 0.005
0.658 0.546 0 0.005
0.658 0.757 0 0.005
0.658 0.768 0 0.005
0.658 0.807 0 0.005
0.658 0.974 0 0.005
0.659 0.152 0 0.005
0.659 0.192 0 0.005
0.659 0.37 0 0.005
0.66 0.09 0 0.005
0.66 0.391 0 0.005
0.66 0.989 0 0.005
0.661 0.117 0 0.005
0.661 0.245 0 0.005
0.661 0.0004166666666666667 0 0.005
0.662 0.039 0 0.005
0.662 0.83 0 0.005
0.662 0.847 0 0.005
0.663 0.077 0 0.005
0.663 0.278 0 0.005
0.663 0.403 0 0.005
0.663 0.612 0 0.005
0.663 0.624 0 0.005
0.663 0.634 0 0.005
0.664 0.055 0 0.005
0.664 0.721 0 0.005
0.664 0.74 0 0.005
0.664 0.784 0 0.005
0.664 0.794 0 0.005
0.665 0.024 0 0.005
0.665 0.129 0 0.005
0.665 0.17 0 0.005
0.665 0.262 0 0.005
0.665 0.321 0 0.005
0.665 0.86 0 0.005
0.665 0.935 0 0.005
0.666 0.601 0 0.005
0.667 0.181 0 0.005
0.667 0.886 0 0.005
0.667 0.952 0 0.005
0.668 0.311 0 0.005
0.668 0.343 0 0.005
0.668 0.583 0 0.005
0.668 0.645 0 0.005
0.668 0.674 0 0.005
0.668 0.684 0 0.005
0.669 0.699 0 0.005
0.669 0.759 0 0.005
0.669 0.771 0 0.005
0.669 0.968 0 0.005
0.67 0.211 0 0.005
0.67 0.379 0 0.005
0.67 0.393 0 0.005
0.67 0.464 0 0.005
0.67 0.548 0 0.005
0.67 0.57 0 0.005
0.67 0.819 0 0.005
0.671 0.103 0 0.005
0.671 0.228 0 0.005
0.671 0.357 0 0.005
0.671 0.517 0 0.005
0.672 0.196 0 0.005
0.672 0.296 0 0.005
0.672 0.445 0 0.005
0.672 0.538 0 0.005
0.672 0.619 0 0.005
0.672 0.991 0 0.005
0.673 0.419 0 0.005
0.673 0.747 0 0.005
0.674 0.148 0 0.005
0.675 0.173 0 0.005
0.675 0.242 0 0.005
0.675 0.256 0 0.005
0.675 0.329 0 0.005
0.675 0.489 0 0.005
0.675 0.5 0 0.005
0.675 0.904 0 0.005
0.675 0.922 0 0.005
0.676 0.318 0 0.005
0.676 0.715 0 0.005
0.676 0.85 0 0.005
0.675 0.0 0 0.005
0.677 0.592 0 0.005
0.677 0.782 0 0.005
0.678 0.028 0 0.005
0.678 0.159 0 0.005
0.678 0.386 0 0.005
0.678 0.676 0 0.005
0.679 0.016 0 0.005
0.679 0.045 0 0.005
0.679 0.069 0 0.005
0.679 0.187 0 0.005
0.679 0.284 0 0.005
0.679 0.305 0 0.005
0.679 0.725 0 0.005
0.679 0.793 0 0.005
0.679 0.881 0 0.005
0.679 0.937 0 0.005
0.68 0.202 0 0.005
0.68 0.428 0 0.005
0.68 0.642 0 0.005
0.68 0.657 0 0.005
0.68 0.834 0 0.005
0.68 0.957 0 0.005
0.681 0.475 0 0.005
0.681 0.545 0 0.005
0.682 0.356 0 0.005
0.682 0.738 0 0.005
0.682 0.869 0 0.005
0.683 0.094 0 0.005
0.683 0.139 0 0.005
0.683 0.561 0 0.005
0.683 0.613 0 0.005
0.683 0.911 0 0.005
0.683 0.972 0 0.005
0.683 0.983 0 0.005
0.684 0.369 0 0.005
0.685 0.054 0 0.005
0.685 0.128 0 0.005
0.685 0.488 0 0.005
0.685 0.51 0 0.005
0.686 0.216 0 0.005
0.687 0.116 0 0.005
0.687 0.243 0 0.005
0.687 0.347 0 0.005
0.687 0.499 0 0.005
0.687 0.0004166666666666667 0 0.005
0.688 0.084 0 0.005
0.688 0.258 0 0.005
0.688 0.42 0 0.005
0.688 0.522 0 0.005
0.688 0.703 0 0.005
0.688 0.808 0 0.005
0.688 0.9972564102564103 0 0.005
0.689 0.294 0 0.005
0.689 0.881 0 0.005
0.69 0.401 0 0.005
0.69 0.43 0 0.005
0.69 0.722 0 0.005
0.69 0.775 0 0.005
0.691 0.145 0 0.005
0.691 0.787 0 0.005
0.691 0.844 0 0.005
0.691 0.952 0 0.005
0.691 0.989 0 0.005
0.692 0.104 0 0.005
0.692 0.442 0 0.005
0.692 0.631 0 0.005
0.692 0.662 0 0.005
0.692 0.68 0 0.005
0.692 0.732 0 0.005
0.692 0.927 0 0.005
0.693 0.228 0 0.005
0.693 0.267 0 0.005
0.693 0.277 0 0.005
0.693 0.336 0 0.005
0.693 0.357 0 0.005
0.693 0.456 0 0.005
0.693 0.897 0 0.005
0.693 0.971 0 0.005
0.694 0.372 0 0.005
0.695 0.041 0 0.005
0.695 0.155 0 0.005
0.695 0.198 0 0.005
0.695 0.467 0 0.005
0.695 0.587 0 0.005
0.695 0.758 0 0.005
0.696 0.055 0 0.005
0.696 0.506 0 0.005
0.696 0.56 0 0.005
0.696 0.915 0 0.005
0.697 0.068 0 0.005
0.697 0.483 0 0.005
0.698 0.123 0 0.005
0.698 0.326 0 0.005
0.699 0.137 0 0.005
0.699 0.286 0 0.005
0.699 0.713 0 0.005
0.699 0.857 0 0.005
0.7 0.249 0 0.005
0.7 0.384 0 0.005
0.7 0.7 0 0.005
0.7 0.796 0 0.005
0.7 0.879 0 0.005
0.7 0.96 0 0.005
0.701 0.01 0 0.005
0.701 0.316 0 0.005
0.701 0.419 0 0.005
0.701 0.526 0 0.005
0.701 0.656 0 0.005
0.701 0.991 0 0.005
0.702 0.182 0 0.005
0.702 0.398 0 0.005
0.702 0.579 0 0.005
0.703 0.021 0 0.005
0.703 0.976 0 0.005
0.704 0.275 0 0.005
0.704 0.374 0 0.005
0.704 0.922 0 0.005
0.705 0.516 0 0.005
0.705 0.666 0 0.005
0.705 0.753 0 0.005
0.705 0.766 0 0.005
0.705 0.817 0 0.005
0.706 0.082 0 0.005
0.706 0.094 0 0.005
0.706 0.344 0 0.005
0.706 0.456 0 0.005
0.706 0.642 0 0.005
0.707 0.046 0 0.005
0.707 0.506 0 0.005
0.707 0.63 0 0.005
0.708 0.072 0 0.005
0.708 0.144 0 0.005
0.708 0.295 0 0.005
0.708 0.434 0 0.005
0.708 0.477 0 0.005
0.708 0.941 0 0.005
0.709 0.104 0 0.005
0.709 0.613 0 0.005
0.709 0.807 0 0.005
0.71 0.235 0 0.005
0.71 0.323 0 0.005
0.71 0.49 0 0.005
0.71 0.564 0 0.005
0.71 0.741 0 0.005
0.711 0.013 0 0.005
0.711 0.22 0 0.005
0.711 0.446 0 0.005
0.711 0.831 0 0.005
0.711 0.85 0 0.005
0.711 0.954 0 0.005
0.711 0.996280701754386 0 0.005
0.712 0.166 0 0.005
0.712 0.285 0 0.005
0.712 0.587 0 0.005
0.712 0.718 0 0.005
0.713 0.123 0 0.005
0.713 0.254 0 0.005
0.713 0.598 0 0.005
0.713 0.68 0 0.005
0.713 0.882 0 0.005
0.713 0.896 0 0.005
0.714 0.387 0 0.005
0.714 0.54 0 0.005
0.715 0.0033125 0 0.005
0.715 0.062 0 0.005
0.715 0.182 0 0.005
0.715 0.55 0 0.005
0.715 0.655 0 0.005
0.715 0.732 0 0.005
0.715 0.929 0 0.005
0.716 0.088 0 0.005
0.716 0.352 0 0.005
0.716 0.412 0 0.005
0.716 0.966 0 0.005
0.717 0.033 0 0.005
0.717 0.194 0 0.005
0.717 0.368 0 0.005
0.717 0.458 0 0.005
0.717 0.7 0 0.005
0.718 0.043 0 0.005
0.718 0.274 0 0.005
0.719 0.214 0 0.005
0.719 0.34 0 0.005
0.719 0.438 0 0.005
0.719 0.868 0 0.005
0.72 0.634 0 0.005
0.721 0.919 0 0.005
0.721 0.984 0 0.005
0.722 0.246 0 0.005
0.722 0.575 0 0.005
0.722 0.585 0 0.005
0.722 0.669 0 0.005
0.722 0.747 0 0.005
0.722 0.769 0 0.005
0.722 0.814 0 0.005
0.722 0.906 0 0.005
0.723 0.009 0 0.005
0.723 0.224 0 0.005
0.723 0.52 0 0.005
0.723 0.601 0 0.005
0.723 0.685 0 0.005
0.723 0.833 0 0.005
0.723 0.9977333333333334 0 0.005
0.724 0.068 0 0.005
0.724 0.132 0 0.005
0.724 0.555 0 0.005
0.725 0.803 0 0.005
0.726 0.098 0 0.005
0.726 0.28 0 0.005
0.726 0.357 0 0.005
0.726 0.39 0 0.005
0.726 0.402 0 0.005
0.727 0.167 0 0.005
0.727 0.266 0 0.005
0.727 0.296 0 0.005
0.727 0.541 0 0.005
0.727 0.733 0 0.005
0.727 0.879 0 0.005
0.728 0.328 0 0.005
0.728 0.38 0 0.005
0.728 0.427 0 0.005
0.728 0.474 0 0.005
0.728 0.859 0 0.005
0.728 0.966 0 0.005
0.729 0.028 0 0.005
0.729 0.042 0 0.005
0.729 0.935 0 0.005
0.73 0.183 0 0.005
0.73 0.347 0 0.005
0.73 0.484 0 0.005
0.731 0.015 0 0.005
0.731 0.147 0 0.005
0.731 0.241 0 0.005
0.731 0.316 0 0.005
0.731 0.531 0 0.005
0.731 0.63 0 0.005
0.731 0.719 0 0.005
0.731 0.989 0 0.005
0.732 0.21 0 0.005
0.732 0.577 0 0.005
0.732 0.591 0 0.005
0.732 0.696 0 0.005
0.732 0.764 0 0.005
0.733 0.0008095238095238096 0 0.005
0.733 0.222 0 0.005
0.733 0.444 0 0.005
0.733 0.642 0 0.005
0.733 0.707 0 0.005
0.734 0.604 0 0.005
0.734 0.816 0 0.005
0.735 0.072 0 0.005
0.735 0.254 0 0.005
0.735 0.506 0 0.005
0.735 0.657 0 0.005
0.735 0.67 0 0.005
0.735 0.802 0 0.005
0.735 0.926 0 0.005
0.736 0.095 0 0.005
0.736 0.283 0 0.005
0.736 0.393 0 0.005
0.736 0.849 0 0.005
0.736 0.898 0 0.005
0.736 0.95 0 0.005
0.737 0.082 0 0.005
0.737 0.408 0 0.005
0.737 0.495 0 0.005
0.737 0.616 0 0.005
0.737 0.74 0 0.005
0.737 0.913 0 0.005
0.738 0.361 0 0.005
0.738 0.55 0 0.005
0.738 0.829 0 0.005
0.739 0.299 0 0.005
0.739 0.331 0 0.005
0.739 0.523 0 0.005
0.74 0.433 0 0.005
0.74 0.471 0 0.005
0.74 0.584 0 0.005
0.741 0.239 0 0.005
0.741 0.536 0 0.005
0.741 0.631 0 0.005
0.741 0.68 0 0.005
0.742 0.958 0 0.005
0.743 0.018 0 0.005
0.743 0.173 0 0.005
0.743 0.646 0 0.005
0.743 0.709 0 0.005
0.743 0.773 0 0.005
0.743 0.885 0 0.005
0.743 0.99 0 0.005
0.744 0.056 0 0.005
0.744 0.19 0 0.005
0.744 0.487 0 0.005
0.744 0.6 0 0.005
0.744 0.821 0 0.005
0.744 0.867 0 0.005
0.745 0.112 0 0.005
0.745 0.137 0 0.005
0.745 0.726 0 0.005
0.745 0.838 0 0.005
0.745 0.854 0 0.005
0.745 0.939 0 0.005
0.746 0.005 0 0.005
0.746 0.149 0 0.005
0.746 0.424 0 0.005
0.746 0.75 0 0.005
0.746 0.896 0 0.005
0.747 0.405 0 0.005
0.747 0.57 0 0.005
0.747 0.622 0 0.005
0.748 0.039 0 0.005
0.748 0.226 0 0.005
0.748 0.323 0 0.005
0.748 0.341 0 0.005
0.748 0.444 0 0.005
0.748 0.789 0 0.005
0.748 0.914 0 0.005
0.748 0.968 0 0.005
0.749 0.355 0 0.005
0.749 0.389 0 0.005
0.749 0.522 0 0.005
0.75 0.497 0 0.005
0.75 0.661 0 0.005
0.75 0.692 0 0.005
0.75 0.76 0 0.005
0.75 0.807 0 0.005
0.75 0.928 0 0.005
0.751 0.287 0 0.005
0.752 0.087 0 0.005
0.752 0.168 0 0.005
0.752 0.433 0 0.005
0.752 0.533 0 0.005
0.752 0.543 0 0.005
0.752 0.593 0 0.005
0.752 0.958 0 0.005
0.753 0.182 0 0.005
0.753 0.373 0 0.005
0.753 0.989 0 0.005
0.754 0.647 0 0.005
0.754 0.681 0 0.005
0.754 0.704 0 0.005
0.754 0.742 0 0.005
0.755 0.021 0 0.005
0.755 0.266 0 0.005
0.755 0.632 0 0.005
0.755 0.883 0 0.005
0.755 0.937 0 0.005
0.755 0.9977333333333334 0 0.005
0.756 0.154 0 0.005
0.756 0.781 0 0.005
0.757 0.097 0 0.005
0.757 0.118 0 0.005
0.757 0.141 0 0.005
0.757 0.221 0 0.005
0.757 0.406 0 0.005
0.757 0.553 0 0.005
0.758 0.331 0 0.005
0.758 0.46 0 0.005
0.758 0.849 0 0.005
0.758 0.901 0 0.005
0.759 0.055 0 0.005
0.759 0.067 0 0.005
0.759 0.245 0 0.005
0.759 0.303 0 0.005
0.759 0.321 0 0.005
0.759 0.395 0 0.005
0.759 0.829 0 0.005
0.759 0.868 0 0.005
0.76 0.077 0 0.005
0.76 0.351 0 0.005
0.76 0.447 0 0.005
0.76 0.503 0 0.005
0.76 0.585 0 0.005
0.76 0.917 0 0.005
0.761 0.011 0 0.005
0.761 0.474 0 0.005
0.761 0.575 0 0.005
0.761 0.769 0 0.005
0.762 0.42 0 0.005
0.762 0.952 0 0.005
0.763 0.177 0 0.005
0.763 0.286 0 0.005
0.764 0.193 0 0.005
0.764 0.602 0 0.005
0.764 0.819 0 0.005
0.765 0.036 0 0.005
0.765 0.366 0 0.005
0.765 0.972 0 0.005
0.766 0.525 0 0.005
0.766 0.721 0 0.005
0.766 0.939 0 0.005
0.766 0.994 0 0.005
0.767 0.026 0 0.005
0.767 0.119 0 0.005
0.767 0.165 0 0.005
0.767 0.252 0 0.005
0.767 0.272 0 0.005
0.767 0.377 0 0.005
0.767 0.408 0 0.005
0.767 0.835 0 0.005
0.767 0.891 0 0.005
0.768 0.101 0 0.005
0.768 0.214 0 0.005
0.768 0.238 0 0.005
0.768 0.434 0 0.005
0.768 0.63 0 0.005
0.769 0.617 0 0.005
0.769 0.662 0 0.005
0.769 0.695 0 0.005
0.77 0.3 0 0.005
0.77 0.397 0 0.005
0.77 0.543 0 0.005
0.77 0.681 0 0.005
0.771 0.457 0 0.005
0.771 0.512 0 0.005
0.771 0.801 0 0.005
0.772 0.134 0 0.005
0.772 0.652 0 0.005
0.772 0.985 0 0.005
0.773 0.311 0 0.005
0.773 0.754 0 0.005
0.771 0.999 0 0.005
0.774 0.229 0 0.005
0.774 0.333 0 0.005
0.774 0.467 0 0.005
0.774 0.588 0 0.005
0.774 0.953 0 0.005
0.775 0.083 0 0.005
0.775 0.146 0 0.005
0.775 0.48 0 0.005
0.775 0.571 0 0.005
0.775 0.714 0 0.005
0.775 0.972 0 0.005
0.776 0.244 0 0.005
0.776 0.599 0 0.005
0.776 0.642 0 0.005
0.776 0.815 0 0.005
0.777 0.029 0 0.005
0.777 0.198 0 0.005
0.777 0.382 0 0.005
0.777 0.499 0 0.005
0.777 0.611 0 0.005
0.777 0.624 0 0.005
0.777 0.728 0 0.005
0.777 0.875 0 0.005
0.778 0.044 0 0.005
0.778 0.904 0 0.005
0.779 0.065 0 0.005
0.779 0.319 0 0.005
0.779 0.343 0 0.005
0.779 0.778 0 0.005
0.779 0.851 0 0.005
0.78 0.12 0 0.005
0.78 0.164 0 0.005
0.78 0.274 0 0.005
0.78 0.864 0 0.005
0.781 0.221 0 0.005
0.781 0.284 0 0.005
0.781 0.297 0 0.005
0.781 0.422 0 0.005
0.781 0.694 0 0.005
0.781 0.827 0 0.005
0.781 0.938 0 0.005
0.781 0.99 0 0.005
0.782 0.012 0 0.005
0.782 0.104 0 0.005
0.782 0.174 0 0.005
0.782 0.358 0 0.005
0.783 0.077 0 0.005
0.783 0.261 0 0.005
0.783 0.438 0 0.005
0.784 0.231 0 0.005
0.784 0.308 0 0.005
0.784 0.368 0 0.005
0.784 0.535 0 0.005
0.784 0.555 0 0.005
0.784 0.679 0 0.005
0.784 0.958 0 0.005
0.785 0.664 0 0.005
0.785 0.737 0 0.005
0.785 0.806 0 0.005
0.785 0.0004166666666666667 0 0.005
0.786 0.397 0 0.005
0.786 0.489 0 0.005
0.786 0.704 0 0.005
0.787 0.087 0 0.005
0.787 0.479 0 0.005
0.787 0.714 0 0.005
0.787 0.756 0 0.005
0.787 0.843 0 0.005
0.787 0.88 0 0.005
0.787 0.914 0 0.005
0.788 0.202 0 0.005
0.788 0.817 0 0.005
0.789 0.135 0 0.005
0.789 0.448 0 0.005
0.789 0.58 0 0.005
0.789 0.639 0 0.005
0.789 0.77 0 0.005
0.79 0.057 0 0.005
0.79 0.157 0 0.005
0.791 0.169 0 0.005
0.791 0.255 0 0.005
0.791 0.504 0 0.005
0.792 0.029 0 0.005
0.792 0.147 0 0.005
0.792 0.29 0 0.005
0.792 0.34 0 0.005
0.792 0.408 0 0.005
0.792 0.856 0 0.005
0.792 0.951 0 0.005
0.792 0.991 0 0.005
0.793 0.216 0 0.005
0.793 0.313 0 0.005
0.793 0.433 0 0.005
0.793 0.461 0 0.005
0.791 0.999 0 0.005
0.794 0.099 0 0.005
0.794 0.648 0 0.005
0.794 0.688 0 0.005
0.794 0.826 0 0.005
0.794 0.894 0 0.005
0.796 0.233 0 0.005
0.796 0.42 0 0.005
0.796 0.473 0 0.005
0.796 0.517 0 0.005
0.797 0.121 0 0.005
0.797 0.191 0 0.005
0.797 0.37 0 0.005
0.797 0.63 0 0.005
0.797 0.702 0 0.005
0.797 0.778 0 0.005
0.798 0.043 0 0.005
0.798 0.267 0 0.005
0.798 0.542 0 0.005
0.798 0.963 0 0.005
0.799 0.0012666666666666666 0 0.005
0.799 0.082 0 0.005
0.799 0.282 0 0.005
0.799 0.305 0 0.005
0.799 0.565 0 0.005
0.799 0.734 0 0.005
0.799 0.81 0 0.005
0.8 0.4 0 0.005
0.801 0.329 0 0.005
0.801 0.714 0 0.005
0.801 0.863 0 0.005
0.802 0.139 0 0.005
0.802 0.381 0 0.005
0.802 0.59 0 0.005
0.802 0.614 0 0.005
0.802 0.68 0 0.005
0.802 0.769 0 0.005
0.803 0.111 0 0.005
0.803 0.153 0 0.005
0.803 0.508 0 0.005
0.803 0.753 0 0.005
0.804 0.21 0 0.005
0.804 0.458 0 0.005
0.804 0.799 0 0.005
0.804 0.974 0 0.005
0.805 0.129 0 0.005
0.805 0.725 0 0.005
0.805 0.838 0 0.005
0.805 0.909 0 0.005
0.805 0.989 0 0.005
0.806 0.32 0 0.005
0.806 0.354 0 0.005
0.806 0.889 0 0.005
0.807 0.053 0 0.005
0.807 0.098 0 0.005
0.807 0.261 0 0.005
0.807 0.497 0 0.005
0.808 0.292 0 0.005
0.808 0.574 0 0.005
0.809 0.013 0 0.005
0.809 0.029 0 0.005
0.809 0.068 0 0.005
0.809 0.414 0 0.005
0.809 0.551 0 0.005
0.81 0.201 0 0.005
0.81 0.246 0 0.005
0.81 0.937 0 0.005
0.811 0.23 0 0.005
0.811 0.526 0 0.005
0.811 0.597 0 0.005
0.811 0.818 0 0.005
0.812 0.303 0 0.005
0.812 0.452 0 0.005
0.812 0.696 0 0.005
0.81 0.999 0 0.005
0.813 0.087 0 0.005
0.813 0.338 0 0.005
0.813 0.372 0 0.005
0.813 0.844 0 0.005
0.814 0.135 0 0.005
0.814 0.271 0 0.005
0.814 0.432 0 0.005
0.814 0.667 0 0.005
0.815 0.157 0 0.005
0.815 0.182 0 0.005
0.815 0.965 0 0.005
0.815 0.988 0 0.005
0.816 0.0012666666666666666 0 0.005
0.816 0.043 0 0.005
0.816 0.317 0 0.005
0.816 0.391 0 0.005
0.816 0.74 0 0.005
0.816 0.794 0 0.005
0.816 0.807 0 0.005
0.816 0.918 0 0.005
0.817 0.351 0 0.005
0.817 0.618 0 0.005
0.817 0.677 0 0.005
0.817 0.866 0 0.005
0.818 0.281 0 0.005
0.818 0.419 0 0.005
0.818 0.538 0 0.005
0.818 0.58 0 0.005
0.818 0.856 0 0.005
0.818 0.907 0 0.005
0.819 0.727 0 0.005
0.819 0.88 0 0.005
0.82 0.025 0 0.005
0.82 0.717 0 0.005
0.82 0.769 0 0.005
0.82 0.833 0 0.005
0.82 0.949 0 0.005
0.821 0.222 0 0.005
0.821 0.381 0 0.005
0.822 0.099 0 0.005
0.822 0.447 0 0.005
0.822 0.461 0 0.005
0.822 0.754 0 0.005
0.823 0.01 0 0.005
0.823 0.089 0 0.005
0.823 0.404 0 0.005
0.825 0.181 0 0.005
0.825 0.309 0 0.005
0.825 0.358 0 0.005
0.825 0.978 0 0.005
0.826 0.123 0 0.005
0.826 0.238 0 0.005
0.826 0.476 0 0.005
0.826 0.507 0 0.005
0.826 0.641 0 0.005
0.826 0.705 0 0.005
0.826 0.795 0 0.005
0.826 0.957 0 0.005
0.827 0.291 0 0.005
0.827 0.335 0 0.005
0.827 0.437 0 0.005
0.827 0.557 0 0.005
0.828 0.248 0 0.005
0.828 0.373 0 0.005
0.828 0.419 0 0.005
0.828 0.494 0 0.005
0.828 0.522 0 0.005
0.828 0.579 0 0.005
0.828 0.678 0 0.005
0.828 0.738 0 0.005
0.829 0.264 0 0.005
0.829 0.569 0 0.005
0.829 0.589 0 0.005
0.829 0.653 0 0.005
0.83 0.112 0 0.005
0.83 0.6 0 0.005
0.83 0.717 0 0.005
0.83 0.989 0 0.005
0.831 0.028 0 0.005
0.831 0.065 0 0.005
0.831 0.394 0 0.005
0.831 0.885 0 0.005
0.832 0.131 0 0.005
0.832 0.836 0 0.005
0.832 0.868 0 0.005
0.832 0.899 0 0.005
0.833 0.084 0 0.005
0.833 0.303 0 0.005
0.833 0.533 0 0.005
0.833 0.925 0 0.005
0.834 0.014 0 0.005
0.834 0.216 0 0.005
0.835 0.202 0 0.005
0.835 0.469 0 0.005
0.836 0.344 0 0.005
0.836 0.425 0 0.005
0.836 0.671 0 0.005
0.834 0.999 0 0.005
0.837 0.073 0 0.005
0.837 0.179 0 0.005
0.837 0.272 0 0.005
0.837 0.319 0 0.005
0.837 0.404 0 0.005
0.837 0.435 0 0.005
0.837 0.749 0 0.005
0.837 0.76 0 0.005
0.837 0.958 0 0.005
0.838 0.147 0 0.005
0.838 0.514 0 0.005
0.838 0.556 0 0.005
0.839 0.189 0 0.005
0.839 0.494 0 0.005
0.839 0.697 0 0.005
0.84 0.107 0 0.005
0.84 0.544 0 0.005
0.84 0.57 0 0.005
0.84 0.587 0 0.005
0.841 0.038 0 0.005
0.841 0.165 0 0.005
0.841 0.392 0 0.005
0.841 0.653 0 0.005
0.841 0.707 0 0.005
0.841 0.814 0 0.005
0.841 0.827 0 0.005
0.841 0.863 0 0.005
0.842 0.0008095238095238096 0 0.005
0.842 0.289 0 0.005
0.842 0.333 0 0.005
0.842 0.737 0 0.005
0.842 0.97 0 0.005
0.843 0.663 0 0.005
0.843 0.931 0 0.005
0.843 0.986 0 0.005
0.844 0.058 0 0.005
0.844 0.123 0 0.005
0.844 0.357 0 0.005
0.845 0.446 0 0.005
0.845 0.607 0 0.005
0.845 0.625 0 0.005
0.845 0.637 0 0.005
0.845 0.771 0 0.005
0.845 0.893 0 0.005
0.846 0.019 0 0.005
0.846 0.228 0 0.005
0.846 0.95 0 0.005
0.847 0.264 0 0.005
0.847 0.52 0 0.005
0.848 0.078 0 0.005
0.848 0.463 0 0.005
0.848 0.849 0 0.005
0.848 0.9956875 0 0.005
0.849 0.321 0 0.005
0.849 0.418 0 0.005
0.849 0.501 0 0.005
0.849 0.536 0 0.005
0.849 0.675 0 0.005
0.849 0.713 0 0.005
0.849 0.837 0 0.005
0.85 0.152 0 0.005
0.85 0.308 0 0.005
0.85 0.476 0 0.005
0.851 0.097 0 0.005
0.851 0.24 0 0.005
0.851 0.912 0 0.005
0.852 0.191 0 0.005
0.852 0.275 0 0.005
0.852 0.377 0 0.005
0.852 0.389 0 0.005
0.852 0.433 0 0.005
0.852 0.691 0 0.005
0.852 0.751 0 0.005
0.852 0.981 0 0.005
0.853 0.18 0 0.005
0.853 0.343 0 0.005
0.853 0.589 0 0.005
0.853 0.808 0 0.005
0.853 0.934 0 0.005
0.854 0.057 0 0.005
0.854 0.577 0 0.005
0.854 0.643 0 0.005
0.855 0.031 0 0.005
0.855 0.128 0 0.005
0.855 0.162 0 0.005
0.855 0.366 0 0.005
0.855 0.556 0 0.005
0.855 0.774 0 0.005
0.855 0.826 0 0.005
0.855 0.899 0 0.005
0.856 0.794 0 0.005
0.856 0.881 0 0.005
0.857 0.209 0 0.005
0.857 0.25 0 0.005
0.857 0.487 0 0.005
0.857 0.524 0 0.005
0.858 0.452 0 0.005
0.858 0.951 0 0.005
0.858 0.991 0 0.005
0.859 0.076 0 0.005
0.859 0.107 0 0.005
0.859 0.536 0 0.005
0.859 0.546 0 0.005
0.859 0.627 0 0.005
0.859 0.722 0 0.005
0.86 0.611 0 0.005
0.86 0.668 0 0.005
0.861 0.289 0 0.005
0.861 0.308 0 0.005
0.861 0.423 0 0.005
0.861 0.5 0 0.005
0.861 0.872 0 0.005
0.862 0.405 0 0.005
0.862 0.706 0 0.005
0.863 0.092 0 0.005
0.863 0.237 0 0.005
0.863 0.258 0 0.005
0.863 0.271 0 0.005
0.863 0.808 0 0.005
0.863 0.861 0 0.005
0.863 0.0004166666666666667 0 0.005
0.864 0.016 0 0.005
0.864 0.052 0 0.005
0.864 0.15 0 0.005
0.864 0.786 0 0.005
0.865 0.121 0 0.005
0.865 0.652 0 0.005
0.865 0.747 0 0.005
0.865 0.762 0 0.005
0.865 0.936 0 0.005
0.865 0.98 0 0.005
0.864 0.9985833333333334 0 0.005
0.866 0.921 0 0.005
0.866 0.967 0 0.005
0.867 0.438 0 0.005
0.867 0.468 0 0.005
0.867 0.48 0 0.005
0.867 0.599 0 0.005
0.867 0.892 0 0.005
0.868 0.18 0 0.005
0.868 0.557 0 0.005
0.868 0.842 0 0.005
0.869 0.1 0 0.005
0.869 0.297 0 0.005
0.869 0.318 0 0.005
0.869 0.351 0 0.005
0.869 0.367 0 0.005
0.869 0.948 0 0.005
0.87 0.024 0 0.005
0.87 0.19 0 0.005
0.87 0.211 0 0.005
0.87 0.411 0 0.005
0.87 0.909 0 0.005
0.871 0.068 0 0.005
0.871 0.58 0 0.005
0.871 0.826 0 0.005
0.872 0.425 0 0.005
0.872 0.508 0 0.005
0.872 0.521 0 0.005
0.872 0.866 0 0.005
0.872 0.883 0 0.005
0.873 0.002719298245614035 0 0.005
0.873 0.112 0 0.005
0.873 0.169 0 0.005
0.873 0.228 0 0.005
0.873 0.259 0 0.005
0.873 0.733 0 0.005
0.873 0.773 0 0.005
0.874 0.014 0 0.005
0.874 0.277 0 0.005
0.874 0.452 0 0.005
0.874 0.633 0 0.005
0.875 0.079 0 0.005
0.875 0.393 0 0.005
0.875 0.614 0 0.005
0.875 0.754 0 0.005
0.875 0.961 0 0.005
0.875 0.975 0 0.005
0.876 0.57 0 0.005
0.876 0.672 0 0.005
0.876 0.802 0 0.005
0.877 0.357 0 0.005
0.877 0.462 0 0.005
0.877 0.594 0 0.005
0.877 0.783 0 0.005
0.878 0.045 0 0.005
0.878 0.142 0 0.005
0.878 0.383 0 0.005
0.878 0.899 0 0.005
0.879 0.12 0 0.005
0.879 0.241 0 0.005
0.879 0.324 0 0.005
0.879 0.491 0 0.005
0.879 0.693 0 0.005
0.88 0.192 0 0.005
0.88 0.306 0 0.005
0.88 0.935 0 0.005
0.88 0.988 0 0.005
0.881 0.035 0 0.005
0.881 0.065 0 0.005
0.881 0.536 0 0.005
0.881 0.877 0 0.005
0.882 0.154 0 0.005
0.882 0.526 0 0.005
0.882 0.582 0 0.005
0.882 0.711 0 0.005
0.882 0.821 0 0.005
0.882 0.889 0 0.005
0.883 0.215 0 0.005
0.883 0.286 0 0.005
0.883 0.683 0 0.005
0.883 0.912 0 0.005
0.884 0.13 0 0.005
0.884 0.296 0 0.005
0.884 0.424 0 0.005
0.884 0.721 0 0.005
0.885 0.014 0 0.005
0.885 0.343 0 0.005
0.885 0.367 0 0.005
0.885 0.645 0 0.005
0.885 0.951 0 0.005
0.886 0.231 0 0.005
0.886 0.396 0 0.005
0.886 0.512 0 0.005
0.886 0.763 0 0.005
0.886 0.803 0 0.005
0.886 0.972 0 0.005
0.887 0.485 0 0.005
0.887 0.573 0 0.005
0.887 0.735 0 0.005
0.887 0.746 0 0.005
0.887 0.923 0 0.005
0.888 0.0008095238095238096 0 0.005
0.888 0.163 0 0.005
0.888 0.267 0 0.005
0.888 0.434 0 0.005
0.888 0.661 0 0.005
0.888 0.847 0 0.005
0.888 0.857 0 0.005
0.889 0.098 0 0.005
0.889 0.5 0 0.005
0.889 0.904 0 0.005
0.89 0.245 0 0.005
0.89 0.257 0 0.005
0.89 0.475 0 0.005
0.89 0.544 0 0.005
0.89 0.673 0 0.005
0.89 0.987 0 0.005
0.891 0.03 0 0.005
0.891 0.603 0 0.005
0.891 0.629 0 0.005
0.891 0.938 0 0.005
0.892 0.462 0 0.005
0.892 0.702 0 0.005
0.892 0.831 0 0.005
0.893 0.32 0 0.005
0.893 0.387 0 0.005
0.894 0.356 0 0.005
0.894 0.373 0 0.005
0.895 0.02 0 0.005
0.895 0.198 0 0.005
0.896 0.412 0 0.005
0.896 0.44 0 0.005
0.896 0.582 0 0.005
0.896 0.62 0 0.005
0.896 0.683 0 0.005
0.896 0.784 0 0.005
0.897 0.079 0 0.005
0.897 0.739 0 0.005
0.897 0.819 0 0.005
0.898 0.727 0 0.005
0.899 0.525 0 0.005
0.899 0.854 0 0.005
0.899 0.927 0 0.005
0.9 0.496 0 0.005
0.9 0.755 0 0.005
0.901 0.115 0 0.005
0.901 0.552 0 0.005
0.902 0.148 0 0.005
0.902 0.888 0 0.005
0.903 0.029 0 0.005
0.903 0.1 0 0.005
0.903 0.22 0 0.005
0.903 0.267 0 0.005
0.903 0.429 0 0.005
0.903 0.47 0 0.005
0.903 0.663 0 0.005
0.903 0.765 0 0.005
0.904 0.29 0 0.005
0.904 0.324 0 0.005
0.904 0.348 0 0.005
0.904 0.383 0 0.005
0.904 0.512 0 0.005
0.904 0.639 0 0.005
0.904 0.974 0 0.005
0.905 0.049 0 0.005
0.905 0.798 0 0.005
0.905 0.946 0 0.005
0.906 0.066 0 0.005
0.906 0.209 0 0.005
0.906 0.338 0 0.005
0.906 0.359 0 0.005
0.906 0.989 0 0.005
0.907 0.127 0 0.005
0.907 0.56 0 0.005
0.907 0.685 0 0.005
0.908 0.016 0 0.005
0.908 0.233 0 0.005
0.908 0.812 0 0.005
0.909 0.038 0 0.005
0.909 0.246 0 0.005
0.909 0.593 0 0.005
0.91 0.258 0 0.005
0.91 0.303 0 0.005
0.91 0.392 0 0.005
0.91 0.45 0 0.005
0.91 0.604 0 0.005
0.911 0.423 0 0.005
0.911 0.488 0 0.005
0.911 0.912 0 0.005
0.911 0.958 0 0.005
0.912 0.185 0 0.005
0.912 0.409 0 0.005
0.912 0.706 0 0.005
0.912 0.878 0 0.005
0.913 0.866 0 0.005
0.914 0.504 0 0.005
0.914 0.541 0 0.005
0.915 0.007 0 0.005
0.915 0.103 0 0.005
0.915 0.273 0 0.005
0.915 0.66 0 0.005
0.915 0.733 0 0.005
0.915 0.892 0 0.005
0.915 0.924 0 0.005
0.916 0.115 0 0.005
0.916 0.15 0 0.005
0.916 0.458 0 0.005
0.916 0.514 0 0.005
0.916 0.566 0 0.005
0.916 0.793 0 0.005
0.916 0.934 0 0.005
0.917 0.164 0 0.005
0.917 0.221 0 0.005
0.917 0.67 0 0.005
0.917 0.806 0 0.005
0.918 0.084 0 0.005
0.918 0.385 0 0.005
0.918 0.471 0 0.005
0.918 0.627 0 0.005
0.918 0.748 0 0.005
0.919 0.289 0 0.005
0.919 0.328 0 0.005
0.919 0.345 0 0.005
0.919 0.576 0 0.005
0.919 0.648 0 0.005
0.919 0.841 0 0.005
0.92 0.072 0 0.005
0.92 0.206 0 0.005
0.92 0.312 0 0.005
0.92 0.418 0 0.005
0.92 0.695 0 0.005
0.92 0.718 0 0.005
0.92 0.776 0 0.005
0.92 0.992 0 0.005
0.921 0.131 0 0.005
0.921 0.816 0 0.005
0.921 0.97 0 0.005
0.922 0.358 0 0.005
0.922 0.404 0 0.005
0.923 0.528 0 0.005
0.923 0.553 0 0.005
0.924 0.192 0 0.005
0.924 0.254 0 0.005
0.924 0.508 0 0.005
0.924 0.593 0 0.005
0.924 0.764 0 0.005
0.924 0.851 0 0.005
0.925 0.008 0 0.005
0.925 0.265 0 0.005
0.925 0.281 0 0.005
0.925 0.372 0 0.005
0.925 0.827 0 0.005
0.925 0.981 0 0.005
0.926 0.106 0 0.005
0.926 0.449 0 0.005
0.926 0.49 0 0.005
0.927 0.683 0 0.005
0.927 0.892 0 0.005
0.927 0.922 0 0.005
0.928 0.02 0 0.005
0.928 0.179 0 0.005
0.928 0.435 0 0.005
0.928 0.468 0 0.005
0.928 0.704 0 0.005
0.929 0.575 0 0.005
0.929 0.621 0 0.005
0.929 0.755 0 0.005
0.929 0.877 0 0.005
0.93 0.33 0 0.005
0.93 0.349 0 0.005
0.93 0.604 0 0.005
0.93 0.718 0 0.005
0.93 0.947 0 0.005
0.931 0.127 0 0.005
0.931 0.166 0 0.005
0.931 0.299 0 0.005
0.931 0.641 0 0.005
0.931 0.865 0 0.005
0.931 0.905 0 0.005
0.932 0.043 0 0.005
0.932 0.23 0 0.005
0.932 0.478 0 0.005
0.932 0.662 0 0.005
0.932 0.778 0 0.005
0.932 0.957 0 0.005
0.933 0.067 0 0.005
0.933 0.087 0 0.005
0.933 0.737 0 0.005
0.933 0.994 0 0.005
0.934 0.155 0 0.005
0.934 0.243 0 0.005
0.934 0.426 0 0.005
0.934 0.764 0 0.005
0.934 0.968 0 0.005
0.935 0.032 0 0.005
0.935 0.19 0 0.005
0.935 0.379 0 0.005
0.935 0.691 0 0.005
0.936 0.493 0 0.005
0.937 0.009 0 0.005
0.937 0.054 0 0.005
0.937 0.514 0 0.005
0.937 0.825 0 0.005
0.937 0.978 0 0.005
0.938 0.273 0 0.005
0.938 0.413 0 0.005
0.938 0.59 0 0.005
0.938 0.727 0 0.005
0.938 0.811 0 0.005
0.939 0.02 0 0.005
0.939 0.536 0 0.005
0.939 0.616 0 0.005
0.94 0.205 0 0.005
0.94 0.359 0 0.005
0.94 0.451 0 0.005
0.94 0.461 0 0.005
0.94 0.561 0 0.005
0.94 0.634 0 0.005
0.94 0.674 0 0.005
0.94 0.701 0 0.005
0.94 0.943 0 0.005
0.941 0.137 0 0.005
0.941 0.915 0 0.005
0.942 0.176 0 0.005
0.942 0.283 0 0.005
0.942 0.295 0 0.005
0.942 0.316 0 0.005
0.942 0.663 0 0.005
0.942 0.777 0 0.005
0.942 0.866 0 0.005
0.943 0.551 0 0.005
0.943 0.651 0 0.005
0.943 0.712 0 0.005
0.944 0.076 0 0.005
0.944 0.246 0 0.005
0.944 0.336 0 0.005
0.944 0.744 0 0.005
0.945 0.158 0 0.005
0.945 0.259 0 0.005
0.946 0.109 0 0.005
0.946 0.764 0 0.005
0.946 0.854 0 0.005
0.947 0.004 0 0.005
0.947 0.517 0 0.005
0.948 0.125 0 0.005
0.948 0.474 0 0.005
0.948 0.877 0 0.005
0.948 0.887 0 0.005
0.948 0.978 0 0.005
0.949 0.031 0 0.005
0.949 0.627 0 0.005
0.949 0.785 0 0.005
0.949 0.953 0 0.005
0.95 0.417 0 0.005
0.95 0.431 0 0.005
0.95 0.601 0 0.005
0.95 0.703 0 0.005
0.95 0.803 0 0.005
0.951 0.088 0 0.005
0.951 0.192 0 0.005
0.951 0.322 0 0.005
0.952 0.021 0 0.005
0.952 0.228 0 0.005
0.952 0.308 0 0.005
0.952 0.489 0 0.005
0.952 0.528 0 0.005
0.952 0.988 0 0.005
0.951 0.9985833333333334 0 0.005
0.953 0.206 0 0.005
0.953 0.284 0 0.005
0.953 0.294 0 0.005
0.953 0.457 0 0.005
0.954 0.27 0 0.005
0.954 0.381 0 0.005
0.954 0.847 0 0.005
0.955 0.558 0 0.005
0.955 0.575 0 0.005
0.955 0.83 0 0.005
0.956 0.134 0 0.005
0.956 0.674 0 0.005
0.956 0.903 0 0.005
0.957 0.06 0 0.005
0.957 0.107 0 0.005
0.957 0.362 0 0.005
0.957 0.396 0 0.005
0.957 0.634 0 0.005
0.957 0.664 0 0.005
0.957 0.726 0 0.005
0.957 0.77 0 0.005
0.958 0.51 0 0.005
0.958 0.594 0 0.005
0.958 0.743 0 0.005
0.959 0.031 0 0.005
0.959 0.339 0 0.005
0.959 0.497 0 0.005
0.959 0.548 0 0.005
0.959 0.686 0 0.005
0.96 0.241 0 0.005
0.96 0.258 0 0.005
0.96 0.302 0 0.005
0.96 0.935 0 0.005
0.96 0.982 0 0.005
0.961 0.048 0 0.005
0.961 0.179 0 0.005
0.961 0.537 0 0.005
0.961 0.583 0 0.005
0.962 0.212 0 0.005
0.962 0.448 0 0.005
0.962 0.814 0 0.005
0.963 0.12 0 0.005
0.963 0.526 0 0.005
0.963 0.603 0 0.005
0.963 0.867 0 0.005
0.964 0.0012666666666666666 0 0.005
0.964 0.378 0 0.005
0.964 0.435 0 0.005
0.964 0.488 0 0.005
0.964 0.718 0 0.005
0.964 0.781 0 0.005
0.964 0.951 0 0.005
0.965 0.389 0 0.005
0.965 0.646 0 0.005
0.965 0.658 0 0.005
0.965 0.895 0 0.005
0.966 0.077 0 0.005
0.966 0.157 0 0.005
0.966 0.223 0 0.005
0.966 0.567 0 0.005
0.966 0.733 0 0.005
0.966 0.792 0 0.005
0.967 0.189 0 0.005
0.967 0.278 0 0.005
0.967 0.317 0 0.005
0.967 0.705 0 0.005
0.968 0.138 0 0.005
0.968 0.25 0 0.005
0.968 0.363 0 0.005
0.968 0.92 0 0.005
0.968 0.961 0 0.005
0.969 0.289 0 0.005
0.969 0.557 0 0.005
0.969 0.613 0 0.005
0.969 0.907 0 0.005
0.97 0.037 0 0.005
0.97 0.404 0 0.005
0.97 0.995 0 0.005
0.971 0.179 0 0.005
0.971 0.667 0 0.005
0.971 0.764 0 0.005
0.972 0.239 0 0.005
0.972 0.453 0 0.005
0.973 0.019 0 0.005
0.973 0.422 0 0.005
0.973 0.692 0 0.005
0.973 0.833 0 0.005
0.973 0.857 0 0.005
0.973 0.929 0 0.005
0.974 0.066 0 0.005
0.974 0.441 0 0.005
0.974 0.472 0 0.005
0.974 0.776 0 0.005
0.974 0.887 0 0.005
0.975 0.102 0 0.005
0.975 0.482 0 0.005
0.975 0.531 0 0.005
0.975 0.584 0 0.005
0.975 0.738 0 0.005
0.977 0.0012666666666666666 0 0.005
0.977 0.22 0 0.005
0.977 0.545 0 0.005
0.977 0.638 0 0.005
0.978 0.207 0 0.005
0.978 0.25 0 0.005
0.978 0.271 0 0.005
0.978 0.562 0 0.005
0.978 0.607 0 0.005
0.978 0.808 0 0.005
0.979 0.143 0 0.005
0.979 0.171 0 0.005
0.979 0.331 0 0.005
0.979 0.682 0 0.005
0.979 0.724 0 0.005
0.979 0.906 0 0.005
0.979 0.939 0 0.005
0.979 0.964 0 0.005
0.979 0.983 0 0.005
0.98 0.388 0 0.005
0.98 0.621 0 0.005
0.98 0.75 0 0.005
0.98 0.872 0 0.005
0.981 0.193 0 0.005
0.981 0.344 0 0.005
0.981 0.362 0 0.005
0.981 0.43 0 0.005
0.981 0.496 0 0.005
0.981 0.818 0 0.005
0.982 0.08 0 0.005
0.982 0.133 0 0.005
0.982 0.372 0 0.005
0.983 0.012 0 0.005
0.983 0.312 0 0.005
0.983 0.407 0 0.005
0.983 0.458 0 0.005
0.983 0.59 0 0.005
0.983 0.832 0 0.005
0.983 0.851 0 0.005
0.984 0.025 0 0.005
0.984 0.797 0 0.005
0.985 0.152 0 0.005
0.985 0.516 0 0.005
0.985 0.92 0 0.005
0.986 0.06 0 0.005
0.986 0.093 0 0.005
0.986 0.231 0 0.005
0.986 0.291 0 0.005
0.986 0.572 0 0.005
0.987 0.106 0 0.005
0.987 0.533 0 0.005
0.987 0.555 0 0.005
0.987 0.707 0 0.005
0.988 0.05 0 0.005
0.988 0.258 0 0.005
0.988 0.352 0 0.005
0.989 0.176 0 0.005
0.989 0.243 0 0.005
0.989 0.979 0 0.005
0.99 0.204 0 0.005
0.99 0.445 0 0.005
0.99 0.476 0 0.005
0.99 0.648 0 0.005
0.99 0.659 0 0.005
0.99 0.841 0 0.005
0.99 0.899 0 0.005
0.99 0.936 0 0.005
0.991 0.324 0 0.005
0.991 0.379 0 0.005
0.991 0.775 0 0.005
0.992 0.035 0 0.005
0.992 0.398 0 0.005
0.992 0.413 0 0.005
0.992 0.756 0 0.005
0.993 0.884 0 0.005
0.994 0.011 0 0.005
0.994 0.297 0 0.005
0.994 0.689 0 0.005
0.994 0.731 0 0.005
0.994 0.746 0 0.005
0.994 0.816 0 0.005
0.994 0.909 0 0.005
0.994 0.958 0 0.005
0.994 0.9972564102564103 0 0.005
0.995 0.088 0 0.005
0.995 0.853 0 0.005
0.9956875 0.51 0 0.005
0.996280701754386 0.126 0 0.005
0.996280701754386 0.436 0 0.005
0.996280701754386 0.538 0 0.005
0.996280701754386 0.559 0 0.005
0.9967708333333334 0.217 0 0.005
0.9967708333333334 0.805 0 0.005
0.9967708333333334 0.968 0 0.005
0.9972564102564103 0.136 0 0.005
0.9972564102564103 0.192 0 0.005
0.9972564102564103 0.236 0 0.005
0.9972564102564103 0.263 0 0.005
0.9972564102564103 0.468 0 0.005
0.9972564102564103 0.499 0 0.005
0.9972564102564103 0.607 0 0.005
0.9972564102564103 0.64 0 0.005
0.9972564102564103 0.894 0 0.005
0.9972564102564103 0.988 0 0.005
0.9977333333333334 0.384 0 0.005
0.9977333333333334 0.581 0 0.005
0.9977333333333334 0.87 0 0.005
0.9982222222222221 0.0011111111111111111 0 0.005
0.9981904761904762 0.104 0 0.005
0.9981904761904762 0.163 0 0.005
0.9981904761904762 0.448 0 0.005
0.9981904761904762 0.834 0 0.005
0.9985833333333334 0.028 0 0.005
0.9985833333333334 0.049 0 0.005
0.9985833333333334 0.319 0 0.005
0.9985833333333334 0.522 0 0.005
0.9985833333333334 0.66 0 0.005
0.9985833333333334 0.68 0 0.005
0.9985833333333334 0.777 0 0.005
0.9985833333333334 0.942 0 0.005
0.999 0.061 0 0.005
0.999 0.072 0 0.005
0.999 0.115 0 0.005
0.999 0.275 0 0.005
0.999 0.329 0 0.005
0.999 0.353 0 0.005
0.999 0.42 0 0.005
0.999 0.481 0 0.005
0.999 0.546 0 0.005
