0.0003333333333333333 0.0003333333333333333 0 0.005
0.002719298245614035 0.018 0 0.005
0.0004166666666666667 0.059 0 0.005
0.0008095238095238096 0.076 0 0.005
0.0008095238095238096 0.105 0 0.005
0.0008095238095238096 0.17 0 0.005
0.004 0.184 0 0.005
0.0004166666666666667 0.2 0 0.005
0.0022291666666666666 0.225 0 0.005
0.004 0.235 0 0.005
0.0008095238095238096 0.259 0 0.005
0.0 0.276 0 0.005
0.002719298245614035 0.286 0 0.005
0.0004166666666666667 0.299 0 0.005
0.004 0.317 0 0.005
0.0008095238095238096 0.37 0 0.005
0.0004166666666666667 0.41 0 0.005
0.0012666666666666666 0.48 0 0.005
0.0017435897435897436 0.496 0 0.005
0.0 0.514 0 0.005
0.0017435897435897436 0.529 0 0.005
0.0 0.628 0 0.005
0.0004166666666666667 0.638 0 0.005
0.002719298245614035 0.647 0 0.005
0.0 0.821 0 0.005
0.004 0.857 0 0.005
0.0022291666666666666 0.887 0 0.005
0.0004166666666666667 0.903 0 0.005
0.0012666666666666666 0.915 0 0.005
0.0 0.952 0 0.005
0.0004166666666666667 0.967 0 0.005
0.0017435897435897436 0.995 0 0.005
0.005 0.351 0 0.005
0.005 0.392 0 0.005
0.005 0.546 0 0.005
0.005 0.76 0 0.005
0.006 0.13 0 0.005
0.006 0.336 0 0.005
0.007 0.402 0 0.005
0.008 0.485 0 0.005
0.008 0.618 0 0.005
0.008 0.867 0 0.005
0.008 0.933 0 0.005
0.009 0.054 0 0.005
0.009 0.143 0 0.005
0.009 0.422 0 0.005
0.009 0.701 0 0.005
0.01 0.588 0 0.005
0.01 0.73 0 0.005
0.011 0.175 0 0.005
0.011 0.221 0 0.005
0.011 0.365 0 0.005
0.011 0.474 0 0.005
0.011 0.507 0 0.005
0.012 0.325 0 0.005
0.013 0.122 0 0.005
0.013 0.303 0 0.005
0.013 0.632 0 0.005
0.013 0.814 0 0.005
0.013 0.943 0 0.005
0.014 0.004 0 0.005
0.014 0.16 0 0.005
0.014 0.846 0 0.005
0.015 0.038 0 0.005
0.015 0.265 0 0.005
0.015 0.409 0 0.005
0.015 0.431 0 0.005
0.015 0.45 0 0.005
0.015 0.978 0 0.005
0.017 0.108 0 0.005
0.017 0.25 0 0.005
0.017 0.499 0 0.005
0.017 0.887 0 0.005
0.018 0.524 0 0.005
0.018 0.579 0 0.005
0.018 0.858 0 0.005
0.019 0.138 0 0.005
0.02 0.286 0 0.005
0.02 0.419 0 0.005
0.02 0.645 0 0.005
0.02 0.766 0 0.005
0.021 0.026 0 0.005
0.021 0.047 0 0.005
0.021 0.608 0 0.005
0.021 0.723 0 0.005
0.021 0.833 0 0.005
0.022 0.565 0 0.005
0.023 0.819 0 0.005
0.024 0.161 0 0.005
0.024 0.669 0 0.005
0.024 0.685 0 0.005
0.024 0.752 0 0.005
0.024 0.921 0 0.005
0.025 0.451 0 0.005
0.025 0.492 0 0.005
0.025 0.847 0 0.005
0.026 0.183 0 0.005
0.026 0.217 0 0.005
0.026 0.708 0 0.005
0.026 0.9972564102564103 0 0.005
0.027 0.238 0 0.005
0.028 0.014 0 0.005
0.028 0.067 0 0.005
0.029 0.506 0 0.005
0.029 0.584 0 0.005
0.029 0.792 0 0.005
0.03 0.91 0 0.005
0.031 0.261 0 0.005
0.031 0.313 0 0.005
0.031 0.644 0 0.005
0.032 0.128 0 0.005
0.032 0.552 0 0.005
0.033 0.324 0 0.005
0.033 0.564 0 0.005
0.033 0.634 0 0.005
0.033 0.728 0 0.005
0.033 0.94 0 0.005
0.034 0.037 0 0.005
0.034 0.277 0 0.005
0.034 0.474 0 0.005
0.034 0.749 0 0.005
0.035 0.087 0 0.005
0.035 0.291 0 0.005
0.035 0.496 0 0.005
0.035 0.517 0 0.005
0.036 0.35 0 0.005
0.037 0.105 0 0.005
0.037 0.192 0 0.005
0.037 0.9 0 0.005
0.038 0.333 0 0.005
0.038 0.463 0 0.005
0.039 0.05 0 0.005
0.039 0.652 0 0.005
0.039 0.684 0 0.005
0.039 0.72 0 0.005
0.039 0.786 0 0.005
0.04 0.236 0 0.005
0.04 0.403 0 0.005
0.04 0.81 0 0.005
0.041 0.256 0 0.005
0.041 0.608 0 0.005
0.042 0.832 0 0.005
0.042 0.992 0 0.005
0.043 0.618 0 0.005
0.044 0.145 0 0.005
0.044 0.856 0 0.005
0.045 0.777 0 0.005
0.046 0.093 0 0.005
0.046 0.868 0 0.005
0.046 0.919 0 0.005
0.047 0.008 0 0.005
0.047 0.42 0 0.005
0.048 0.125 0 0.005
0.048 0.173 0 0.005
0.048 0.245 0 0.005
0.048 0.346 0 0.005
0.048 0.374 0 0.005
0.048 0.505 0 0.005
0.048 0.972 0 0.005
0.049 0.156 0 0.005
0.049 0.207 0 0.005
0.049 0.766 0 0.005
0.05 0.28 0 0.005
0.05 0.49 0 0.005
0.05 0.544 0 0.005
0.05 0.811 0 0.005
0.051 0.05 0 0.005
0.051 0.226 0 0.005
0.051 0.328 0 0.005
0.051 0.442 0 0.005
0.052 0.892 0 0.005
0.052 0.948 0 0.005
0.053 0.136 0 0.005
0.053 0.304 0 0.005
0.053 0.387 0 0.005
0.053 0.698 0 0.005
0.054 0.514 0 0.005
0.054 0.843 0 0.005
0.055 0.316 0 0.005
0.055 0.408 0 0.005
0.055 0.66 0 0.005
0.055 0.67 0 0.005
0.055 0.687 0 0.005
0.056 0.04 0 0.005
0.056 0.72 0 0.005
0.056 0.988 0 0.005
0.057 0.066 0 0.005
0.057 0.19 0 0.005
0.057 0.58 0 0.005
0.058 0.608 0 0.005
0.058 0.925 0 0.005
0.059 0.97 0 0.005
0.06 0.164 0 0.005
0.061 0.26 0 0.005
0.061 0.393 0 0.005
0.061 0.786 0 0.005
0.061 0.812 0 0.005
0.062 0.824 0 0.005
0.063 0.082 0 0.005
0.063 0.46 0 0.005
0.064 0.016 0 0.005
0.064 0.05 0 0.005
0.064 0.297 0 0.005
0.064 0.348 0 0.005
0.064 0.643 0 0.005
0.065 0.03 0 0.005
0.065 0.529 0 0.005
0.066 0.365 0 0.005
0.066 0.487 0 0.005
0.066 0.544 0 0.005
0.067 0.117 0 0.005
0.067 0.229 0 0.005
0.067 0.441 0 0.005
0.067 0.731 0 0.005
0.067 0.769 0 0.005
0.069 0.183 0 0.005
0.069 0.315 0 0.005
0.069 0.421 0 0.005
0.071 0.256 0 0.005
0.071 0.838 0 0.005
0.071 0.941 0 0.005
0.072 0.856 0 0.005
0.072 0.874 0 0.005
0.073 0.095 0 0.005
0.073 0.747 0 0.005
0.074 0.078 0 0.005
0.074 0.955 0 0.005
0.075 0.243 0 0.005
0.075 0.298 0 0.005
0.075 0.506 0 0.005
0.076 0.475 0 0.005
0.076 0.537 0 0.005
0.076 0.621 0 0.005
0.076 0.821 0 0.005
0.077 0.635 0 0.005
0.077 0.787 0 0.005
0.078 0.047 0 0.005
0.079 0.015 0 0.005
0.079 0.169 0 0.005
0.079 0.423 0 0.005
0.079 0.711 0 0.005
0.079 0.735 0 0.005
0.079 0.916 0 0.005
0.08 0.59 0 0.005
0.08 0.927 0 0.005
0.081 0.131 0 0.005
0.081 0.352 0 0.005
0.084 0.0017435897435897436 0 0.005
0.084 0.372 0 0.005
0.084 0.608 0 0.005
0.084 0.827 0 0.005
0.085 0.03 0 0.005
0.085 0.144 0 0.005
0.085 0.389 0 0.005
0.085 0.415 0 0.005
0.085 0.543 0 0.005
0.085 0.964 0 0.005
0.086 0.086 0 0.005
0.086 0.218 0 0.005
0.086 0.236 0 0.005
0.086 0.334 0 0.005
0.086 0.482 0 0.005
0.086 0.78 0 0.005
0.087 0.499 0 0.005
0.087 0.671 0 0.005
0.088 0.307 0 0.005
0.088 0.441 0 0.005
0.088 0.561 0 0.005
0.088 0.796 0 0.005
0.089 0.734 0 0.005
0.089 0.748 0 0.005
0.089 0.84 0 0.005
0.089 0.881 0 0.005
0.089 0.9972564102564103 0 0.005
0.09 0.277 0 0.005
0.09 0.532 0 0.005
0.09 0.653 0 0.005
0.09 0.811 0 0.005
0.091 0.402 0 0.005
0.091 0.902 0 0.005
0.092 0.135 0 0.005
0.092 0.426 0 0.005
0.092 0.461 0 0.005
0.092 0.599 0 0.005
0.093 0.12 0 0.005
0.093 0.63 0 0.005
0.094 0.244 0 0.005
0.094 0.679 0 0.005
0.095 0.11 0 0.005
0.095 0.77 0 0.005
0.095 0.788 0 0.005
0.096 0.203 0 0.005
0.096 0.29 0 0.005
0.097 0.069 0 0.005
0.097 0.226 0 0.005
0.097 0.61 0 0.005
0.098 0.362 0 0.005
0.098 0.756 0 0.005
0.099 0.882 0 0.005
0.1 0.155 0 0.005
0.1 0.17 0 0.005
0.1 0.408 0 0.005
0.1 0.582 0 0.005
0.1 0.738 0 0.005
0.1 0.967 0 0.005
0.101 0.083 0 0.005
0.101 0.925 0 0.005
0.102 0.006 0 0.005
0.102 0.526 0 0.005
0.102 0.698 0 0.005
0.103 0.686 0 0.005
0.103 0.951 0 0.005
0.104 0.192 0 0.005
0.105 0.267 0 0.005
0.105 0.326 0 0.005
0.105 0.543 0 0.005
0.106 0.117 0 0.005
0.106 0.617 0 0.005
0.106 0.814 0 0.005
0.107 0.205 0 0.005
0.107 0.256 0 0.005
0.107 0.368 0 0.005
0.108 0.236 0 0.005
0.108 0.313 0 0.005
0.108 0.463 0 0.005
0.108 0.911 0 0.005
0.108 0.936 0 0.005
0.109 0.391 0 0.005
0.109 0.558 0 0.005
0.109 0.654 0 0.005
0.109 0.774 0 0.005
0.109 0.853 0 0.005
0.11 0.058 0 0.005
0.111 0.071 0 0.005
0.111 0.147 0 0.005
0.112 0.522 0 0.005
0.113 0.177 0 0.005
0.113 0.346 0 0.005
0.113 0.428 0 0.005
0.114 0.535 0 0.005
0.114 0.702 0 0.005
0.114 0.957 0 0.005
0.115 0.512 0 0.005
0.115 0.639 0 0.005
0.115 0.766 0 0.005
0.115 0.821 0 0.005
0.116 0.037 0 0.005
0.116 0.128 0 0.005
0.116 0.226 0 0.005
0.116 0.298 0 0.005
0.116 0.489 0 0.005
0.118 0.713 0 0.005
0.118 0.806 0 0.005
0.119 0.162 0 0.005
0.119 0.379 0 0.005
0.119 0.558 0 0.005
0.119 0.753 0 0.005
0.119 0.9972564102564103 0 0.005
0.12 0.451 0 0.005
0.12 0.478 0 0.005
0.121 0.358 0 0.005
0.121 0.583 0 0.005
0.121 0.737 0 0.005
0.121 0.941 0 0.005
0.122 0.619 0 0.005
0.122 0.904 0 0.005
0.122 0.93 0 0.005
0.123 0.049 0 0.005
0.123 0.671 0 0.005
0.123 0.84 0 0.005
0.124 0.435 0 0.005
0.124 0.771 0 0.005
0.126 0.327 0 0.005
0.126 0.546 0 0.005
0.126 0.8 0 0.005
0.127 0.019 0 0.005
0.127 0.095 0 0.005
0.127 0.174 0 0.005
0.127 0.19 0 0.005
0.127 0.286 0 0.005
0.128 0.14 0 0.005
0.128 0.403 0 0.005
0.128 0.419 0 0.005
0.128 0.601 0 0.005
0.128 0.65 0 0.005
0.129 0.696 0 0.005
0.129 0.993 0 0.005
0.13 0.041 0 0.005
0.13 0.058 0 0.005
0.13 0.339 0 0.005
0.13 0.38 0 0.005
0.13 0.868 0 0.005
0.13 0.981 0 0.005
0.131 0.068 0 0.005
0.132 0.201 0 0.005
0.132 0.229 0 0.005
0.132 0.442 0 0.005
0.132 0.498 0 0.005
0.133 0.667 0 0.005
0.133 0.766 0 0.005
0.133 0.947 0 0.005
0.134 0.936 0 0.005
0.135 0.472 0 0.005
0.136 0.565 0 0.005
0.136 0.642 0 0.005
0.137 0.159 0 0.005
0.137 0.462 0 0.005
0.138 0.424 0 0.005
0.138 0.601 0 0.005
0.138 0.715 0 0.005
0.139 0.698 0 0.005
0.139 0.746 0 0.005
0.14 0.21 0 0.005
0.14 0.249 0 0.005
0.14 0.791 0 0.005
0.141 0.652 0 0.005
0.142 0.268 0 0.005
0.142 0.339 0 0.005
0.142 0.384 0 0.005
0.142 0.531 0 0.005
0.143 0.577 0 0.005
0.143 0.824 0 0.005
0.145 0.17 0 0.005
0.145 0.287 0 0.005
0.145 0.439 0 0.005
0.145 0.8 0 0.005
0.145 0.92 0 0.005
0.146 0.02 0 0.005
0.146 0.114 0 0.005
0.146 0.3 0 0.005
0.146 0.319 0 0.005
0.146 0.736 0 0.005
0.146 0.84 0 0.005
0.148 0.331 0 0.005
0.148 0.358 0 0.005
0.148 0.476 0 0.005
0.149 0.908 0 0.005
0.149 0.959 0 0.005
0.15 0.746 0 0.005
0.151 0.068 0 0.005
0.151 0.279 0 0.005
0.151 0.41 0 0.005
0.151 0.424 0 0.005
0.151 0.626 0 0.005
0.151 0.809 0 0.005
0.151 0.863 0 0.005
0.151 0.928 0 0.005
0.152 0.202 0 0.005
0.152 0.382 0 0.005
0.153 0.011 0 0.005
0.153 0.138 0 0.005
0.153 0.591 0 0.005
0.153 0.684 0 0.005
0.153 0.977 0 0.005
0.154 0.51 0 0.005
0.154 0.701 0 0.005
0.154 0.756 0 0.005
0.155 0.876 0 0.005
0.156 0.037 0 0.005
0.156 0.719 0 0.005
0.156 0.919 0 0.005
0.157 0.0022291666666666666 0 0.005
0.157 0.34 0 0.005
0.158 0.529 0 0.005
0.158 0.664 0 0.005
0.158 0.83 0 0.005
0.158 0.847 0 0.005
0.159 0.644 0 0.005
0.159 0.955 0 0.005
0.16 0.076 0 0.005
0.16 0.548 0 0.005
0.16 0.61 0 0.005
0.16 0.907 0 0.005
0.161 0.028 0 0.005
0.161 0.057 0 0.005
0.161 0.397 0 0.005
0.162 0.106 0 0.005
0.162 0.502 0 0.005
0.162 0.584 0 0.005
0.162 0.858 0 0.005
0.163 0.366 0 0.005
0.164 0.095 0 0.005
0.164 0.122 0 0.005
0.164 0.198 0 0.005
0.164 0.269 0 0.005
0.165 0.23 0 0.005
0.165 0.995 0 0.005
0.166 0.243 0 0.005
0.166 0.44 0 0.005
0.166 0.635 0 0.005
0.166 0.814 0 0.005
0.166 0.93 0 0.005
0.167 0.141 0 0.005
0.167 0.57 0 0.005
0.167 0.684 0 0.005
0.168 0.152 0 0.005
0.169 0.008 0 0.005
0.169 0.182 0 0.005
0.169 0.287 0 0.005
0.169 0.871 0 0.005
0.17 0.913 0 0.005
0.171 0.422 0 0.005
0.171 0.548 0 0.005
0.171 0.607 0 0.005
0.172 0.654 0 0.005
0.172 0.775 0 0.005
0.173 0.055 0 0.005
0.173 0.129 0 0.005
0.173 0.297 0 0.005
0.173 0.501 0 0.005
0.173 0.738 0 0.005
0.173 0.796 0 0.005
0.173 0.825 0 0.005
0.175 0.728 0 0.005
0.175 0.856 0 0.005
0.175 0.952 0 0.005
0.175 0.992 0 0.005
0.176 0.039 0 0.005
0.176 0.808 0 0.005
0.177 0.359 0 0.005
0.177 0.896 0 0.005
0.178 0.2 0 0.005
0.178 0.256 0 0.005
0.178 0.318 0 0.005
0.178 0.374 0 0.005
0.179 0.712 0 0.005
0.18 0.689 0 0.005
0.181 0.53 0 0.005
0.181 0.624 0 0.005
0.181 0.758 0 0.005
0.182 0.219 0 0.005
0.182 0.448 0 0.005
0.182 0.979 0 0.005
0.183 0.274 0 0.005
0.183 0.328 0 0.005
0.183 0.437 0 0.005
0.183 0.466 0 0.005
0.183 0.967 0 0.005
0.184 0.179 0 0.005
0.184 0.243 0 0.005
0.184 0.51 0 0.005
0.184 0.936 0 0.005
0.185 0.014 0 0.005
0.185 0.56 0 0.005
0.185 0.597 0 0.005
0.186 0.121 0 0.005
0.186 0.391 0 0.005
0.186 0.657 0 0.005
0.186 0.946 0 0.005
0.187 0.539 0 0.005
0.187 0.787 0 0.005
0.187 0.797 0 0.005
0.189 0.0022291666666666666 0 0.005
0.189 0.045 0 0.005
0.189 0.402 0 0.005
0.189 0.417 0 0.005
0.189 0.674 0 0.005
0.189 0.858 0 0.005
0.19 0.137 0 0.005
0.191 0.629 0 0.005
0.191 0.744 0 0.005
0.192 0.698 0 0.005
0.193 0.378 0 0.005
0.193 0.584 0 0.005
0.193 0.869 0 0.005
0.193 0.916 0 0.005
0.194 0.806 0 0.005
0.194 0.818 0 0.005
0.194 0.9981904761904762 0 0.005
0.195 0.336 0 0.005
0.195 0.364 0 0.005
0.196 0.059 0 0.005
0.196 0.195 0 0.005
0.196 0.561 0 0.005
0.197 0.466 0 0.005
0.198 0.485 0 0.005
0.198 0.97 0 0.005
0.199 0.069 0 0.005
0.201 0.281 0 0.005
0.201 0.403 0 0.005
0.202 0.015 0 0.005
0.202 0.218 0 0.005
0.202 0.548 0 0.005
0.203 0.164 0 0.005
0.203 0.538 0 0.005
0.203 0.919 0 0.005
0.204 0.08 0 0.005
0.204 0.342 0 0.005
0.204 0.416 0 0.005
0.205 0.232 0 0.005
0.205 0.501 0 0.005
0.205 0.617 0 0.005
0.205 0.64 0 0.005
0.205 0.777 0 0.005
0.205 0.961 0 0.005
0.206 0.138 0 0.005
0.206 0.247 0 0.005
0.206 0.574 0 0.005
0.206 0.867 0 0.005
0.207 0.629 0 0.005
0.207 0.793 0 0.005
0.207 0.951 0 0.005
0.207 0.981 0 0.005
0.208 0.328 0 0.005
0.208 0.659 0 0.005
0.209 0.208 0 0.005
0.209 0.816 0 0.005
0.21 0.295 0 0.005
0.21 0.432 0 0.005
0.21 0.46 0 0.005
0.21 0.695 0 0.005
0.211 0.588 0 0.005
0.212 0.353 0 0.005
0.212 0.47 0 0.005
0.213 0.0012666666666666666 0 0.005
0.213 0.372 0 0.005
0.213 0.602 0 0.005
0.213 0.685 0 0.005
0.213 0.83 0 0.005
0.213 0.898 0 0.005
0.214 0.274 0 0.005
0.214 0.72 0 0.005
0.214 0.744 0 0.005
0.215 0.22 0 0.005
0.215 0.388 0 0.005
0.215 0.555 0 0.005
0.215 0.879 0 0.005
0.215 0.941 0 0.005
0.215 0.969 0 0.005
0.216 0.441 0 0.005
0.217 0.303 0 0.005
0.217 0.849 0 0.005
0.217 0.914 0 0.005
0.218 0.615 0 0.005
0.218 0.628 0 0.005
0.219 0.49 0 0.005
0.219 0.93 0 0.005
0.22 0.331 0 0.005
0.22 0.412 0 0.005
0.22 0.647 0 0.005
0.221 0.257 0 0.005
0.221 0.362 0 0.005
0.221 0.706 0 0.005
0.221 0.959 0 0.005
0.222 0.076 0 0.005
0.222 0.122 0 0.005
0.222 0.981 0 0.005
0.223 0.086 0 0.005
0.223 0.173 0 0.005
0.223 0.791 0 0.005
0.223 0.873 0 0.005
0.223 0.899 0 0.005
0.224 0.351 0 0.005
0.224 0.502 0 0.005
0.224 0.692 0 0.005
0.225 0.229 0 0.005
0.226 0.382 0 0.005
0.226 0.462 0 0.005
0.226 0.513 0 0.005
0.226 0.75 0 0.005
0.226 0.861 0 0.005
0.227 0.6 0 0.005
0.227 0.724 0 0.005
0.228 0.778 0 0.005
0.228 0.94 0 0.005
0.229 0.188 0 0.005
0.229 0.313 0 0.005
0.229 0.811 0 0.005
0.23 0.423 0 0.005
0.23 0.485 0 0.005
0.232 0.25 0 0.005
0.232 0.334 0 0.005
0.233 0.025 0 0.005
0.233 0.143 0 0.005
0.233 0.582 0 0.005
0.234 0.111 0 0.005
0.234 0.397 0 0.005
0.234 0.475 0 0.005
0.235 0.179 0 0.005
0.235 0.797 0 0.005
0.235 0.878 0 0.005
0.237 0.205 0 0.005
0.237 0.409 0 0.005
0.237 0.506 0 0.005
0.237 0.862 0 0.005
0.238 0.43 0 0.005
0.238 0.76 0 0.005
0.238 0.852 0 0.005
0.239 0.611 0 0.005
0.239 0.894 0 0.005
0.239 0.922 0 0.005
0.239 0.962 0 0.005
0.24 0.012 0 0.005
0.241 0.051 0 0.005
0.241 0.522 0 0.005
0.241 0.943 0 0.005
0.242 0.03 0 0.005
0.243 0.593 0 0.005
0.244 0.336 0 0.005
0.244 0.652 0 0.005
0.244 0.699 0 0.005
0.245 0.076 0 0.005
0.245 0.117 0 0.005
0.245 0.445 0 0.005
0.245 0.722 0 0.005
0.245 0.903 0 0.005
0.246 0.223 0 0.005
0.246 0.499 0 0.005
0.247 0.143 0 0.005
0.247 0.576 0 0.005
0.247 0.747 0 0.005
0.247 0.781 0 0.005
0.248 0.544 0 0.005
0.248 0.9981904761904762 0 0.005
0.249 0.163 0 0.005
0.249 0.358 0 0.005
0.25 0.558 0 0.005
0.25 0.601 0 0.005
0.25 0.629 0 0.005
0.251 0.265 0 0.005
0.251 0.474 0 0.005
0.251 0.714 0 0.005
0.251 0.882 0 0.005
0.252 0.01 0 0.005
0.252 0.397 0 0.005
0.253 0.178 0 0.005
0.253 0.194 0 0.005
0.253 0.3 0 0.005
0.253 0.37 0 0.005
0.253 0.773 0 0.005
0.254 0.042 0 0.005
0.254 0.679 0 0.005
0.255 0.089 0 0.005
0.255 0.329 0 0.005
0.255 0.978 0 0.005
0.256 0.13 0 0.005
0.256 0.621 0 0.005
0.256 0.693 0 0.005
0.256 0.839 0 0.005
0.256 0.988 0 0.005
0.257 0.239 0 0.005
0.257 0.789 0 0.005
0.257 0.809 0 0.005
0.257 0.905 0 0.005
0.257 0.918 0 0.005
0.258 0.0008095238095238096 0 0.005
0.258 0.434 0 0.005
0.258 0.536 0 0.005
0.258 0.574 0 0.005
0.259 0.249 0 0.005
0.259 0.445 0 0.005
0.259 0.726 0 0.005
0.259 0.869 0 0.005
0.26 0.413 0 0.005
0.26 0.607 0 0.005
0.26 0.964 0 0.005
0.261 0.213 0 0.005
0.261 0.314 0 0.005
0.262 0.754 0 0.005
0.263 0.271 0 0.005
0.263 0.658 0 0.005
0.264 0.366 0 0.005
0.264 0.494 0 0.005
0.264 0.821 0 0.005
0.265 0.9977333333333334 0 0.005
0.266 0.557 0 0.005
0.266 0.584 0 0.005
0.266 0.882 0 0.005
0.266 0.988 0 0.005
0.267 0.337 0 0.005
0.267 0.482 0 0.005
0.267 0.849 0 0.005
0.267 0.928 0 0.005
0.268 0.188 0 0.005
0.268 0.508 0 0.005
0.268 0.773 0 0.005
0.269 0.002719298245614035 0 0.005
0.269 0.101 0 0.005
0.269 0.521 0 0.005
0.269 0.57 0 0.005
0.269 0.8 0 0.005
0.269 0.864 0 0.005
0.27 0.299 0 0.005
0.272 0.042 0 0.005
0.272 0.21 0 0.005
0.272 0.23 0 0.005
0.272 0.323 0 0.005
0.272 0.389 0 0.005
0.272 0.449 0 0.005
0.272 0.539 0 0.005
0.273 0.072 0 0.005
0.273 0.681 0 0.005
0.274 0.086 0 0.005
0.274 0.178 0 0.005
0.274 0.345 0 0.005
0.274 0.369 0 0.005
0.274 0.713 0 0.005
0.275 0.116 0 0.005
0.275 0.832 0 0.005
0.275 0.89 0 0.005
0.276 0.379 0 0.005
0.276 0.731 0 0.005
0.276 0.753 0 0.005
0.276 0.815 0 0.005
0.277 0.055 0 0.005
0.277 0.938 0 0.005
0.278 0.163 0 0.005
0.278 0.439 0 0.005
0.278 0.549 0 0.005
0.278 0.595 0 0.005
0.278 0.794 0 0.005
0.278 0.952 0 0.005
0.279 0.0008095238095238096 0 0.005
0.279 0.613 0 0.005
0.279 0.649 0 0.005
0.279 0.692 0 0.005
0.279 0.866 0 0.005
0.28 0.14 0 0.005
0.28 0.409 0 0.005
0.281 0.899 0 0.005
0.282 0.243 0 0.005
0.282 0.291 0 0.005
0.282 0.362 0 0.005
0.282 0.494 0 0.005
0.282 0.56 0 0.005
0.282 0.78 0 0.005
0.282 0.841 0 0.005
0.283 0.187 0 0.005
0.283 0.462 0 0.005
0.284 0.9981904761904762 0 0.005
0.285 0.091 0 0.005
0.285 0.109 0 0.005
0.285 0.396 0 0.005
0.285 0.586 0 0.005
0.285 0.808 0 0.005
0.286 0.215 0 0.005
0.286 0.732 0 0.005
0.288 0.154 0 0.005
0.288 0.509 0 0.005
0.288 0.621 0 0.005
0.288 0.872 0 0.005
0.288 0.974 0 0.005
0.289 0.532 0 0.005
0.289 0.571 0 0.005
0.29 0.118 0 0.005
0.29 0.141 0 0.005
0.29 0.308 0 0.005
0.29 0.609 0 0.005
0.29 0.679 0 0.005
0.29 0.702 0 0.005
0.291 0.321 0 0.005
0.291 0.487 0 0.005
0.291 0.658 0 0.005
0.292 0.361 0 0.005
0.292 0.766 0 0.005
0.292 0.83 0 0.005
0.292 0.886 0 0.005
0.292 0.952 0 0.005
0.293 0.853 0 0.005
0.293 0.99 0 0.005
0.294 0.344 0 0.005
0.294 0.742 0 0.005
0.295 0.404 0 0.005
0.295 0.59 0 0.005
0.296 0.266 0 0.005
0.296 0.792 0 0.005
0.297 0.019 0 0.005
0.297 0.149 0 0.005
0.297 0.809 0 0.005
0.298 0.434 0 0.005
0.298 0.73 0 0.005
0.299 0.168 0 0.005
0.299 0.208 0 0.005
0.299 0.297 0 0.005
0.299 0.685 0 0.005
0.3 0.331 0 0.005
0.3 0.471 0 0.005
0.3 0.512 0 0.005
0.3 0.773 0 0.005
0.301 0.458 0 0.005
0.301 0.652 0 0.005
0.301 0.909 0 0.005
0.302 0.085 0 0.005
0.302 0.422 0 0.005
0.302 0.578 0 0.005
0.302 0.872 0 0.005
0.302 0.966 0 0.005
0.304 0.217 0 0.005
0.304 0.237 0 0.005
0.304 0.314 0 0.005
0.307 0.038 0 0.005
0.307 0.446 0 0.005
0.307 0.496 0 0.005
0.308 0.072 0 0.005
0.308 0.155 0 0.005
0.308 0.189 0 0.005
0.308 0.28 0 0.005
0.308 0.398 0 0.005
0.308 0.599 0 0.005
0.308 0.674 0 0.005
0.309 0.943 0 0.005
0.309 0.9972564102564103 0 0.005
0.31 0.013 0 0.005
0.31 0.119 0 0.005
0.31 0.523 0 0.005
0.31 0.558 0 0.005
0.31 0.661 0 0.005
0.31 0.764 0 0.005
0.31 0.851 0 0.005
0.311 0.457 0 0.005
0.311 0.915 0 0.005
0.312 0.023 0 0.005
0.312 0.54 0 0.005
0.312 0.627 0 0.005
0.312 0.901 0 0.005
0.313 0.049 0 0.005
0.313 0.829 0 0.005
0.314 0.479 0 0.005
0.315 0.091 0 0.005
0.315 0.289 0 0.005
0.315 0.338 0 0.005
0.315 0.505 0 0.005
0.315 0.609 0 0.005
0.315 0.684 0 0.005
0.315 0.749 0 0.005
0.315 0.806 0 0.005
0.316 0.715 0 0.005
0.317 0.139 0 0.005
0.317 0.198 0 0.005
0.317 0.43 0 0.005
0.317 0.983 0 0.005
0.318 0.885 0 0.005
0.319 0.585 0 0.005
0.319 0.783 0 0.005
0.32 0.119 0 0.005
0.32 0.769 0 0.005
0.322 0.008 0 0.005
0.323 0.24 0 0.005
0.324 0.097 0 0.005
0.324 0.702 0 0.005
0.325 0.024 0 0.005
0.325 0.364 0 0.005
0.325 0.473 0 0.005
0.325 0.598 0 0.005
0.325 0.734 0 0.005
0.325 0.954 0 0.005
0.326 0.184 0 0.005
0.326 0.965 0 0.005
0.327 0.941 0 0.005
0.328 0.158 0 0.005
0.328 0.313 0 0.005
0.329 0.048 0 0.005
0.329 0.332 0 0.005
0.329 0.546 0 0.005
0.329 0.641 0 0.005
0.33 0.147 0 0.005
0.33 0.508 0 0.005
0.33 0.625 0 0.005
0.33 0.828 0 0.005
0.331 0.796 0 0.005
0.331 0.811 0 0.005
0.332 0.015 0 0.005
0.332 0.287 0 0.005
0.332 0.399 0 0.005
0.332 0.419 0 0.005
0.333 0.193 0 0.005
0.333 0.209 0 0.005
0.333 0.58 0 0.005
0.333 0.759 0 0.005
0.333 0.865 0 0.005
0.334 0.299 0 0.005
0.334 0.389 0 0.005
0.334 0.566 0 0.005
0.334 0.903 0 0.005
0.335 0.344 0 0.005
0.335 0.599 0 0.005
0.335 0.673 0 0.005
0.336 0.12 0 0.005
0.336 0.137 0 0.005
0.336 0.167 0 0.005
0.336 0.435 0 0.005
0.336 0.471 0 0.005
0.337 0.882 0 0.005
0.338 0.263 0 0.005
0.338 0.49 0 0.005
0.34 0.273 0 0.005
0.34 0.618 0 0.005
0.34 0.778 0 0.005
0.34 0.992 0 0.005
0.341 0.641 0 0.005
0.343 0.017 0 0.005
0.343 0.374 0 0.005
0.343 0.684 0 0.005
0.343 0.748 0 0.005
0.343 0.796 0 0.005
0.343 0.832 0 0.005
0.343 0.845 0 0.005
0.344 0.209 0 0.005
0.344 0.312 0 0.005
0.344 0.923 0 0.005
0.345 0.231 0 0.005
0.345 0.891 0 0.005
0.346 0.079 0 0.005
0.346 0.097 0 0.005
0.346 0.283 0 0.005
0.346 0.522 0 0.005
0.346 0.593 0 0.005
0.346 0.911 0 0.005
0.347 0.349 0 0.005
0.347 0.499 0 0.005
0.347 0.856 0 0.005
0.348 0.433 0 0.005
0.349 0.556 0 0.005
0.349 0.788 0 0.005
0.349 0.965 0 0.005
0.35 0.119 0 0.005
0.35 0.267 0 0.005
0.35 0.46 0 0.005
0.351 0.048 0 0.005
0.351 0.721 0 0.005
0.351 0.979 0 0.005
0.352 0.063 0 0.005
0.352 0.14 0 0.005
0.352 0.155 0 0.005
0.352 0.616 0 0.005
0.353 0.018 0 0.005
0.354 0.382 0 0.005
0.354 0.744 0 0.005
0.356 0.002719298245614035 0 0.005
0.356 0.252 0 0.005
0.357 0.582 0 0.005
0.357 0.81 0 0.005
0.357 0.824 0 0.005
0.357 0.933 0 0.005
0.358 0.336 0 0.005
0.358 0.419 0 0.005
0.358 0.518 0 0.005
0.358 0.648 0 0.005
0.359 0.228 0 0.005
0.359 0.351 0 0.005
0.359 0.854 0 0.005
0.36 0.035 0 0.005
0.36 0.315 0 0.005
0.36 0.917 0 0.005
0.361 0.409 0 0.005
0.361 0.693 0 0.005
0.362 0.629 0 0.005
0.362 0.835 0 0.005
0.363 0.208 0 0.005
0.363 0.505 0 0.005
0.364 0.173 0 0.005
0.364 0.327 0 0.005
0.364 0.399 0 0.005
0.365 0.092 0 0.005
0.365 0.766 0 0.005
0.365 0.875 0 0.005
0.364 0.9985833333333334 0 0.005
0.366 0.078 0 0.005
0.366 0.752 0 0.005
0.367 0.158 0 0.005
0.367 0.535 0 0.005
0.367 0.806 0 0.005
0.368 0.147 0 0.005
0.368 0.22 0 0.005
0.368 0.577 0 0.005
0.368 0.74 0 0.005
0.369 0.262 0 0.005
0.369 0.366 0 0.005
0.369 0.858 0 0.005
0.369 0.892 0 0.005
0.37 0.492 0 0.005
0.37 0.708 0 0.005
0.371 0.3 0 0.005
0.371 0.418 0 0.005
0.371 0.448 0 0.005
0.371 0.823 0 0.005
0.372 0.115 0 0.005
0.372 0.393 0 0.005
0.372 0.588 0 0.005
0.372 0.923 0 0.005
0.373 0.192 0 0.005
0.373 0.545 0 0.005
0.373 0.559 0 0.005
0.373 0.72 0 0.005
0.374 0.322 0 0.005
0.374 0.377 0 0.005
0.374 0.431 0 0.005
0.375 0.6 0 0.005
0.375 0.794 0 0.005
0.376 0.948 0 0.005
0.377 0.332 0 0.005
0.377 0.676 0 0.005
0.377 0.754 0 0.005
0.377 0.88 0 0.005
0.375 0.999 0 0.005
0.378 0.501 0 0.005
0.378 0.511 0 0.005
0.378 0.65 0 0.005
0.378 0.932 0 0.005
0.379 0.28 0 0.005
0.379 0.408 0 0.005
0.379 0.44 0 0.005
0.379 0.53 0 0.005
0.379 0.779 0 0.005
0.38 0.146 0 0.005
0.38 0.567 0 0.005
0.38 0.615 0 0.005
0.381 0.046 0 0.005
0.382 0.688 0 0.005
0.382 0.969 0 0.005
0.383 0.807 0 0.005
0.383 0.852 0 0.005
0.384 0.059 0 0.005
0.384 0.265 0 0.005
0.384 0.841 0 0.005
0.385 0.072 0 0.005
0.385 0.102 0 0.005
0.385 0.231 0 0.005
0.385 0.424 0 0.005
0.385 0.58 0 0.005
0.386 0.024 0 0.005
0.386 0.294 0 0.005
0.386 0.543 0 0.005
0.387 0.665 0 0.005
0.388 0.089 0 0.005
0.388 0.59 0 0.005
0.388 0.736 0 0.005
0.389 0.603 0 0.005
0.389 0.625 0 0.005
0.389 0.821 0 0.005
0.39 0.275 0 0.005
0.391 0.771 0 0.005
0.391 0.974 0 0.005
0.392 0.341 0 0.005
0.392 0.791 0 0.005
0.392 0.9967708333333334 0 0.005
0.393 0.457 0 0.005
0.394 0.18 0 0.005
0.394 0.513 0 0.005
0.394 0.639 0 0.005
0.394 0.676 0 0.005
0.394 0.695 0 0.005
0.394 0.723 0 0.005
0.394 0.809 0 0.005
0.395 0.167 0 0.005
0.395 0.477 0 0.005
0.395 0.757 0 0.005
0.395 0.881 0 0.005
0.396 0.033 0 0.005
0.396 0.08 0 0.005
0.396 0.221 0 0.005
0.397 0.201 0 0.005
0.398 0.004 0 0.005
0.398 0.592 0 0.005
0.398 0.71 0 0.005
0.399 0.492 0 0.005
0.4 0.279 0 0.005
0.4 0.333 0 0.005
0.4 0.653 0 0.005
0.401 0.127 0 0.005
0.401 0.153 0 0.005
0.401 0.406 0 0.005
0.401 0.966 0 0.005
0.403 0.116 0 0.005
0.403 0.261 0 0.005
0.403 0.3 0 0.005
0.403 0.383 0 0.005
0.403 0.418 0 0.005
0.403 0.625 0 0.005
0.403 0.664 0 0.005
0.403 0.9967708333333334 0 0.005
0.404 0.769 0 0.005
0.405 0.527 0 0.005
0.405 0.539 0 0.005
0.406 0.217 0 0.005
0.406 0.243 0 0.005
0.406 0.288 0 0.005
0.406 0.865 0 0.005
0.407 0.477 0 0.005
0.407 0.806 0 0.005
0.407 0.828 0 0.005
0.408 0.567 0 0.005
0.41 0.053 0 0.005
0.41 0.132 0 0.005
0.41 0.435 0 0.005
0.41 0.973 0 0.005
0.411 0.424 0 0.005
0.412 0.102 0 0.005
0.412 0.229 0 0.005
0.413 0.015 0 0.005
0.413 0.256 0 0.005
0.413 0.944 0 0.005
0.413 0.985 0 0.005
0.414 0.152 0 0.005
0.414 0.184 0 0.005
0.414 0.367 0 0.005
0.415 0.356 0 0.005
0.415 0.54 0 0.005
0.416 0.292 0 0.005
0.416 0.701 0 0.005
0.416 0.898 0 0.005
0.417 0.398 0 0.005
0.417 0.413 0 0.005
0.417 0.753 0 0.005
0.418 0.119 0 0.005
0.418 0.743 0 0.005
0.419 0.044 0 0.005
0.42 0.028 0 0.005
0.42 0.06 0 0.005
0.42 0.091 0 0.005
0.421 0.219 0 0.005
0.421 0.249 0 0.005
0.421 0.27 0 0.005
0.421 0.617 0 0.005
0.421 0.632 0 0.005
0.421 0.653 0 0.005
0.421 0.727 0 0.005
0.421 0.912 0 0.005
0.422 0.386 0 0.005
0.423 0.714 0 0.005
0.423 0.974 0 0.005
0.425 0.0008095238095238096 0 0.005
0.425 0.128 0 0.005
0.425 0.682 0 0.005
0.426 0.516 0 0.005
0.426 0.776 0 0.005
0.427 0.305 0 0.005
0.427 0.593 0 0.005
0.426 0.9985833333333334 0 0.005
0.428 0.858 0 0.005
0.429 0.348 0 0.005
0.429 0.882 0 0.005
0.43 0.111 0 0.005
0.43 0.42 0 0.005
0.43 0.608 0 0.005
0.43 0.671 0 0.005
0.431 0.359 0 0.005
0.431 0.436 0 0.005
0.431 0.496 0 0.005
0.431 0.548 0 0.005
0.431 0.652 0 0.005
0.432 0.985 0 0.005
0.433 0.23 0 0.005
0.433 0.535 0 0.005
0.433 0.622 0 0.005
0.433 0.745 0 0.005
0.433 0.932 0 0.005
0.433 0.964 0 0.005
0.434 0.016 0 0.005
0.435 0.028 0 0.005
0.435 0.265 0 0.005
0.435 0.299 0 0.005
0.435 0.475 0 0.005
0.435 0.873 0 0.005
0.435 0.975 0 0.005
0.436 0.572 0 0.005
0.437 0.703 0 0.005
0.437 0.793 0 0.005
0.437 0.95 0 0.005
0.436 0.0 0 0.005
0.438 0.133 0 0.005
0.439 0.734 0 0.005
0.44 0.33 0 0.005
0.44 0.829 0 0.005
0.44 0.904 0 0.005
0.441 0.077 0 0.005
0.442 0.84 0 0.005
0.443 0.063 0 0.005
0.443 0.227 0 0.005
0.443 0.59 0 0.005
0.443 0.652 0 0.005
0.443 0.673 0 0.005
0.443 0.996280701754386 0 0.005
0.444 0.453 0 0.005
0.444 0.614 0 0.005
0.444 0.81 0 0.005
0.445 0.28 0 0.005
0.445 0.355 0 0.005
0.445 0.58 0 0.005
0.445 0.886 0 0.005
0.445 0.939 0 0.005
0.446 0.481 0 0.005
0.447 0.12 0 0.005
0.447 0.561 0 0.005
0.447 0.984 0 0.005
0.448 0.247 0 0.005
0.448 0.698 0 0.005
0.448 0.772 0 0.005
0.449 0.104 0 0.005
0.449 0.158 0 0.005
0.449 0.87 0 0.005
0.45 0.532 0 0.005
0.45 0.904 0 0.005
0.451 0.402 0 0.005
0.451 0.787 0 0.005
0.452 0.211 0 0.005
0.452 0.571 0 0.005
0.452 0.639 0 0.005
0.452 0.71 0 0.005
0.452 0.732 0 0.005
0.453 0.968 0 0.005
0.454 0.849 0 0.005
0.455 0.171 0 0.005
0.455 0.224 0 0.005
0.455 0.319 0 0.005
0.455 0.822 0 0.005
0.455 0.937 0 0.005
0.456 0.412 0 0.005
0.456 0.49 0 0.005
0.456 0.521 0 0.005
0.456 0.553 0 0.005
0.457 0.596 0 0.005
0.457 0.721 0 0.005
0.458 0.361 0 0.005
0.458 0.765 0 0.005
0.459 0.087 0 0.005
0.459 0.538 0 0.005
0.46 0.422 0 0.005
0.46 0.692 0 0.005
0.461 0.457 0 0.005
0.462 0.13 0 0.005
0.462 0.161 0 0.005
0.462 0.39 0 0.005
0.462 0.44 0 0.005
0.462 0.561 0 0.005
0.462 0.615 0 0.005
0.462 0.835 0 0.005
0.463 0.958 0 0.005
0.464 0.926 0 0.005
0.465 0.173 0 0.005
0.466 0.772 0 0.005
0.466 0.8 0 0.005
0.466 0.847 0 0.005
0.466 0.892 0 0.005
0.466 0.993 0 0.005
0.467 0.233 0 0.005
0.467 0.547 0 0.005
0.468 0.524 0 0.005
0.468 0.636 0 0.005
0.468 0.876 0 0.005
0.469 0.108 0 0.005
0.469 0.305 0 0.005
0.469 0.746 0 0.005
0.47 0.414 0 0.005
0.47 0.487 0 0.005
0.47 0.594 0 0.005
0.471 0.404 0 0.005
0.471 0.504 0 0.005
0.472 0.647 0 0.005
0.473 0.261 0 0.005
0.473 0.455 0 0.005
0.474 0.055 0 0.005
0.474 0.069 0 0.005
0.474 0.792 0 0.005
0.474 0.943 0 0.005
0.475 0.166 0 0.005
0.475 0.224 0 0.005
0.475 0.347 0 0.005
0.475 0.625 0 0.005
0.475 0.733 0 0.005
0.475 0.764 0 0.005
0.477 0.102 0 0.005
0.477 0.155 0 0.005
0.477 0.236 0 0.005
0.478 0.016 0 0.005
0.478 0.184 0 0.005
0.478 0.517 0 0.005
0.478 0.706 0 0.005
0.479 0.134 0 0.005
0.479 0.909 0 0.005
0.48 0.122 0 0.005
0.48 0.197 0 0.005
0.48 0.804 0 0.005
0.48 0.961 0 0.005
0.481 0.472 0 0.005
0.482 0.427 0 0.005
0.482 0.446 0 0.005
0.482 0.614 0 0.005
0.482 0.867 0 0.005
0.483 0.304 0 0.005
0.483 0.583 0 0.005
0.484 0.788 0 0.005
0.483 0.0 0 0.005
0.485 0.113 0 0.005
0.485 0.661 0 0.005
0.486 0.226 0 0.005
0.486 0.244 0 0.005
0.486 0.265 0 0.005
0.486 0.291 0 0.005
0.486 0.392 0 0.005
0.486 0.65 0 0.005
0.486 0.975 0 0.005
0.487 0.142 0 0.005
0.487 0.885 0 0.005
0.487 0.993 0 0.005
0.488 0.553 0 0.005
0.488 0.569 0 0.005
0.488 0.734 0 0.005
0.489 0.127 0 0.005
0.489 0.631 0 0.005
0.49 0.845 0 0.005
0.492 0.314 0 0.005
0.492 0.337 0 0.005
0.492 0.38 0 0.005
0.492 0.42 0 0.005
0.492 0.461 0 0.005
0.492 0.478 0 0.005
0.493 0.254 0 0.005
0.493 0.364 0 0.005
0.493 0.702 0 0.005
0.494 0.642 0 0.005
0.494 0.753 0 0.005
0.494 0.915 0 0.005
0.495 0.431 0 0.005
0.495 0.938 0 0.005
0.496 0.025 0 0.005
0.496 0.777 0 0.005
0.497 0.05 0 0.005
0.497 0.601 0 0.005
0.497 0.816 0 0.005
0.499 0.193 0 0.005
0.499 0.215 0 0.005
0.499 0.492 0 0.005
0.499 0.676 0 0.005
0.499 0.869 0 0.005
0.5 0.064 0 0.005
0.5 0.091 0 0.005
0.5 0.126 0 0.005
0.5 0.576 0 0.005
0.5 0.617 0 0.005
0.5 0.97 0 0.005
0.501 0.113 0 0.005
0.501 0.26 0 0.005
0.502 0.717 0 0.005
0.502 0.989 0 0.005
0.503 0.007 0 0.005
0.503 0.959 0 0.005
0.504 0.035 0 0.005
0.504 0.138 0 0.005
0.504 0.299 0 0.005
0.504 0.448 0 0.005
0.504 0.654 0 0.005
0.504 0.688 0 0.005
0.505 0.175 0 0.005
0.505 0.354 0 0.005
0.505 0.4 0 0.005
0.505 0.414 0 0.005
0.506 0.185 0 0.005
0.506 0.644 0 0.005
0.507 0.374 0 0.005
0.507 0.757 0 0.005
0.507 0.832 0 0.005
0.508 0.628 0 0.005
0.508 0.86 0 0.005
0.51 0.069 0 0.005
0.51 0.125 0 0.005
0.51 0.274 0 0.005
0.51 0.486 0 0.005
0.51 0.883 0 0.005
0.51 0.893 0 0.005
0.512 0.562 0 0.005
0.512 0.679 0 0.005
0.512 0.819 0 0.005
0.513 0.23 0 0.005
0.513 0.458 0 0.005
0.513 0.729 0 0.005
0.514 0.395 0 0.005
0.514 0.742 0 0.005
0.515 0.367 0 0.005
0.516 0.026 0 0.005
0.517 0.175 0 0.005
0.517 0.515 0 0.005
0.517 0.6 0 0.005
0.517 0.85 0 0.005
0.518 0.055 0 0.005
0.518 0.212 0 0.005
0.518 0.616 0 0.005
0.518 0.667 0 0.005
0.519 0.136 0 0.005
0.519 0.578 0 0.005
0.519 0.71 0 0.005
0.52 0.434 0 0.005
0.52 0.695 0 0.005
0.52 0.934 0 0.005
0.521 0.496 0 0.005
0.521 0.543 0 0.005
0.521 0.628 0 0.005
0.522 0.016 0 0.005
0.522 0.323 0 0.005
0.522 0.903 0 0.005
0.523 0.167 0 0.005
0.523 0.251 0 0.005
0.523 0.404 0 0.005
0.524 0.004 0 0.005
0.524 0.353 0 0.005
0.524 0.641 0 0.005
0.525 0.088 0 0.005
0.525 0.784 0 0.005
0.526 0.239 0 0.005
0.526 0.296 0 0.005
0.526 0.473 0 0.005
0.526 0.673 0 0.005
0.526 0.721 0 0.005
0.526 0.948 0 0.005
0.527 0.265 0 0.005
0.527 0.391 0 0.005
0.527 0.46 0 0.005
0.527 0.535 0 0.005
0.527 0.925 0 0.005
0.528 0.765 0 0.005
0.529 0.046 0 0.005
0.529 0.556 0 0.005
0.529 0.583 0 0.005
0.53 0.217 0 0.005
0.53 0.598 0 0.005
0.53 0.834 0 0.005
0.532 0.803 0 0.005
0.533 0.059 0 0.005
0.533 0.098 0 0.005
0.533 0.15 0 0.005
0.533 0.304 0 0.005
0.533 0.333 0 0.005
0.533 0.427 0 0.005
0.534 0.0008095238095238096 0 0.005
0.534 0.979 0 0.005
0.535 0.728 0 0.005
0.535 0.742 0 0.005
0.536 0.621 0 0.005
0.537 0.649 0 0.005
0.537 0.813 0 0.005
0.537 0.892 0 0.005
0.538 0.132 0 0.005
0.538 0.868 0 0.005
0.539 0.781 0 0.005
0.54 0.205 0 0.005
0.54 0.274 0 0.005
0.541 0.242 0 0.005
0.541 0.368 0 0.005
0.541 0.413 0 0.005
0.541 0.434 0 0.005
0.541 0.504 0 0.005
0.541 0.56 0 0.005
0.542 0.299 0 0.005
0.542 0.463 0 0.005
0.542 0.607 0 0.005
0.542 0.922 0 0.005
0.543 0.009 0 0.005
0.543 0.073 0 0.005
0.543 0.22 0 0.005
0.543 0.257 0 0.005
0.543 0.389 0 0.005
0.543 0.71 0 0.005
0.543 0.77 0 0.005
0.543 0.937 0 0.005
0.544 0.122 0 0.005
0.544 0.7 0 0.005
0.544 0.907 0 0.005
0.545 0.179 0 0.005
0.545 0.529 0 0.005
0.545 0.594 0 0.005
0.545 0.995 0 0.005
0.546 0.792 0 0.005
0.546 0.897 0 0.005
0.547 0.162 0 0.005
0.547 0.541 0 0.005
0.549 0.195 0 0.005
0.549 0.322 0 0.005
0.549 0.627 0 0.005
0.549 0.945 0 0.005
0.549 0.961 0 0.005
0.55 0.112 0 0.005
0.551 0.057 0 0.005
0.551 0.142 0 0.005
0.551 0.268 0 0.005
0.552 0.646 0 0.005
0.552 0.8 0 0.005
0.552 0.864 0 0.005
0.553 0.087 0 0.005
0.553 0.208 0 0.005
0.553 0.495 0 0.005
0.553 0.695 0 0.005
0.553 0.853 0 0.005
0.555 0.427 0 0.005
0.555 0.707 0 0.005
0.556 0.731 0 0.005
0.557 0.524 0 0.005
0.558 0.553 0 0.005
0.558 0.747 0 0.005
0.558 0.889 0 0.005
0.559 0.002719298245614035 0 0.005
0.559 0.156 0 0.005
0.559 0.34 0 0.005
0.56 0.569 0 0.005
0.56 0.766 0 0.005
0.56 0.872 0 0.005
0.561 0.234 0 0.005
0.561 0.683 0 0.005
0.561 0.808 0 0.005
0.561 0.918 0 0.005
0.561 0.983 0 0.005
0.564 0.043 0 0.005
0.564 0.353 0 0.005
0.564 0.908 0 0.005
0.565 0.08 0 0.005
0.565 0.122 0 0.005
0.565 0.299 0 0.005
0.563 0.999 0 0.005
0.566 0.269 0 0.005
0.566 0.62 0 0.005
0.566 0.658 0 0.005
0.567 0.704 0 0.005
0.567 0.858 0 0.005
0.568 0.166 0 0.005
0.568 0.177 0 0.005
0.568 0.964 0 0.005
0.569 0.242 0 0.005
0.569 0.542 0 0.005
0.569 0.953 0 0.005
0.57 0.217 0 0.005
0.57 0.374 0 0.005
0.57 0.531 0 0.005
0.57 0.582 0 0.005
0.57 0.875 0 0.005
0.571 0.406 0 0.005
0.571 0.421 0 0.005
0.571 0.497 0 0.005
0.571 0.931 0 0.005
0.572 0.008 0 0.005
0.573 0.034 0 0.005
0.573 0.689 0 0.005
0.573 0.735 0 0.005
0.574 0.059 0 0.005
0.574 0.096 0 0.005
0.574 0.158 0 0.005
0.574 0.844 0 0.005
0.575 0.204 0 0.005
0.575 0.31 0 0.005
0.575 0.976 0 0.005
0.576 0.647 0 0.005
0.576 0.797 0 0.005
0.576 0.996280701754386 0 0.005
0.577 0.254 0 0.005
0.577 0.32 0 0.005
0.577 0.394 0 0.005
0.577 0.568 0 0.005
0.578 0.766 0 0.005
0.579 0.047 0 0.005
0.579 0.28 0 0.005
0.579 0.482 0 0.005
0.579 0.557 0 0.005
0.58 0.078 0 0.005
0.58 0.215 0 0.005
0.58 0.45 0 0.005
0.58 0.599 0 0.005
0.58 0.913 0 0.005
0.581 0.017 0 0.005
0.581 0.381 0 0.005
0.581 0.423 0 0.005
0.581 0.743 0 0.005
0.581 0.823 0 0.005
0.582 0.264 0 0.005
0.583 0.184 0 0.005
0.583 0.535 0 0.005
0.584 0.624 0 0.005
0.585 0.683 0 0.005
0.585 0.865 0 0.005
0.585 0.879 0 0.005
0.585 0.944 0 0.005
0.586 0.106 0 0.005
0.586 0.325 0 0.005
0.586 0.656 0 0.005
0.587 0.337 0 0.005
0.588 0.168 0 0.005
0.588 0.361 0 0.005
0.588 0.933 0 0.005
0.589 0.117 0 0.005
0.59 0.074 0 0.005
0.59 0.302 0 0.005
0.59 0.584 0 0.005
0.59 0.779 0 0.005
0.59 0.813 0 0.005
0.59 0.9981904761904762 0 0.005
0.591 0.472 0 0.005
0.591 0.803 0 0.005
0.591 0.824 0 0.005
0.592 0.147 0 0.005
0.592 0.235 0 0.005
0.593 0.196 0 0.005
0.593 0.54 0 0.005
0.594 0.56 0 0.005
0.594 0.642 0 0.005
0.594 0.711 0 0.005
0.594 0.956 0 0.005
0.595 0.21 0 0.005
0.595 0.513 0 0.005
0.596 0.722 0 0.005
0.596 0.752 0 0.005
0.597 0.265 0 0.005
0.597 0.28 0 0.005
0.597 0.621 0 0.005
0.598 0.008 0 0.005
0.598 0.39 0 0.005
0.598 0.599 0 0.005
0.598 0.853 0 0.005
0.598 0.863 0 0.005
0.599 0.047 0 0.005
0.599 0.093 0 0.005
0.599 0.413 0 0.005
0.599 0.457 0 0.005
0.6 0.08 0 0.005
0.6 0.181 0 0.005
0.6 0.552 0 0.005
0.6 0.738 0 0.005
0.601 0.229 0 0.005
0.601 0.67 0 0.005
0.601 0.978 0 0.005
0.602 0.819 0 0.005
0.603 0.247 0 0.005
0.603 0.647 0 0.005
0.604 0.334 0 0.005
0.604 0.432 0 0.005
0.604 0.877 0 0.005
0.604 0.93 0 0.005
0.605 0.192 0 0.005
0.605 0.289 0 0.005
0.605 0.311 0 0.005
0.605 0.633 0 0.005
0.606 0.167 0 0.005
0.606 0.354 0 0.005
0.606 0.955 0 0.005
0.607 0.527 0 0.005
0.607 0.718 0 0.005
0.608 0.132 0 0.005
0.608 0.215 0 0.005
0.608 0.445 0 0.005
0.608 0.511 0 0.005
0.608 0.543 0 0.005
0.608 0.68 0 0.005
0.608 0.792 0 0.005
0.608 0.993 0 0.005
0.609 0.025 0 0.005
0.609 0.26 0 0.005
0.609 0.403 0 0.005
0.609 0.5 0 0.005
0.609 0.576 0 0.005
0.61 0.375 0 0.005
0.61 0.736 0 0.005
0.61 0.938 0 0.005
0.611 0.048 0 0.005
0.611 0.083 0 0.005
0.611 0.918 0 0.005
0.612 0.011 0 0.005
0.612 0.322 0 0.005
0.612 0.417 0 0.005
0.612 0.468 0 0.005
0.612 0.756 0 0.005
0.612 0.816 0 0.005
0.612 0.838 0 0.005
0.613 0.154 0 0.005
0.613 0.484 0 0.005
0.615 0.036 0 0.005
0.616 0.124 0 0.005
0.616 0.668 0 0.005
0.616 0.826 0 0.005
0.616 0.902 0 0.005
0.617 0.649 0 0.005
0.617 0.711 0 0.005
0.618 0.427 0 0.005
0.618 0.849 0 0.005
0.619 0.18 0 0.005
0.619 0.241 0 0.005
0.62 0.496 0 0.005
0.62 0.613 0 0.005
0.62 0.688 0 0.005
0.621 0.334 0 0.005
0.621 0.924 0 0.005
0.622 0.215 0 0.005
0.622 0.366 0 0.005
0.622 0.973 0 0.005
0.623 0.06 0 0.005
0.623 0.457 0 0.005
0.623 0.55 0 0.005
0.624 0.285 0 0.005
0.624 0.562 0 0.005
0.624 0.834 0 0.005
0.625 0.044 0 0.005
0.625 0.083 0 0.005
0.626 0.166 0 0.005
0.626 0.273 0 0.005
0.626 0.389 0 0.005
0.626 0.679 0 0.005
0.626 0.866 0 0.005
0.627 0.721 0 0.005
0.628 0.535 0 0.005
0.628 0.762 0 0.005
0.628 0.941 0 0.005
0.629 0.18 0 0.005
0.629 0.792 0 0.005
0.63 0.589 0 0.005
0.63 0.611 0 0.005
0.63 0.669 0 0.005
0.63 0.772 0 0.005
0.63 0.844 0 0.005
0.631 0.339 0 0.005
0.632 0.145 0 0.005
0.632 0.318 0 0.005
0.633 0.397 0 0.005
0.633 0.46 0 0.005
0.633 0.742 0 0.005
0.634 0.0008095238095238096 0 0.005
0.634 0.306 0 0.005
0.634 0.382 0 0.005
0.634 0.524 0 0.005
0.634 0.878 0 0.005
0.635 0.033 0 0.005
0.635 0.563 0 0.005
0.635 0.889 0 0.005
0.636 0.24 0 0.005
0.636 0.294 0 0.005
0.636 0.597 0 0.005
0.636 0.622 0 0.005
0.636 0.854 0 0.005
0.636 0.955 0 0.005
0.637 0.197 0 0.005
0.637 0.83 0 0.005
0.638 0.022 0 0.005
0.638 0.411 0 0.005
0.639 0.257 0 0.005
0.639 0.683 0 0.005
0.64 0.062 0 0.005
0.64 0.67 0 0.005
0.641 0.498 0 0.005
0.641 0.8 0 0.005
0.642 0.32 0 0.005
0.642 0.429 0 0.005
0.643 0.482 0 0.005
0.643 0.641 0 0.005
0.644 0.01 0 0.005
0.644 0.132 0 0.005
0.644 0.704 0 0.005
0.644 0.781 0 0.005
0.645 0.344 0 0.005
0.645 0.841 0 0.005
0.645 0.947 0 0.005
0.646 0.18 0 0.005
0.647 0.222 0 0.005
0.647 0.819 0 0.005
0.648 0.384 0 0.005
0.648 0.404 0 0.005
0.648 0.553 0 0.005
0.648 0.583 0 0.005
0.648 0.719 0 0.005
0.648 0.734 0 0.005
0.648 0.91 0 0.005
0.648 0.928 0 0.005
0.649 0.417 0 0.005
0.65 0.453 0 0.005
0.65 0.753 0 0.005
0.651 0.068 0 0.005
0.651 0.25 0 0.005
0.651 0.995 0 0.005
0.652 0.231 0 0.005
0.652 0.374 0 0.005
0.653 0.593 0 0.005
0.654 0.045 0 0.005
0.654 0.51 0 0.005
0.654 0.63 0 0.005
0.654 0.672 0 0.005
0.655 0.307 0 0.005
0.655 0.429 0 0.005
0.655 0.974 0 0.005
0.656 0.762 0 0.005
0.657 0.213 0 0.005
0.657 0.295 0 0.005
0.657 0.499 0 0.005
0.657 0.558 0 0.005
0.658 0.58 0 0.005
0.658 0.798 0 0.005
0.659 0.031 0 0.005
0.659 0.196 0 0.005
0.659 0.264 0 0.005
0.659 0.462 0 0.005
0.659 0.536 0 0.005
0.659 0.907 0 0.005
0.66 0.317 0 0.005
0.66 0.472 0 0.005
0.66 0.525 0 0.005
0.66 0.742 0 0.005
0.661 0.012 0 0.005
0.661 0.139 0 0.005
0.661 0.645 0 0.005
0.661 0.71 0 0.005
0.662 0.239 0 0.005
0.662 0.731 0 0.005
0.663 0.369 0 0.005
0.664 0.253 0 0.005
0.664 0.814 0 0.005
0.665 0.225 0 0.005
0.665 0.986 0 0.005
0.666 0.045 0 0.005
0.666 0.058 0 0.005
0.666 0.386 0 0.005
0.667 0.167 0 0.005
0.667 0.593 0 0.005
0.667 0.633 0 0.005
0.667 0.914 0 0.005
0.667 0.948 0 0.005
0.668 0.085 0 0.005
0.669 0.417 0 0.005
0.669 0.434 0 0.005
0.67 0.127 0 0.005
0.67 0.396 0 0.005
0.67 0.7 0 0.005
0.67 0.751 0 0.005
0.67 0.849 0 0.005
0.671 0.832 0 0.005
0.672 0.117 0 0.005
0.672 0.567 0 0.005
0.672 0.875 0 0.005
0.673 0.785 0 0.005
0.674 0.191 0 0.005
0.674 0.238 0 0.005
0.674 0.865 0 0.005
0.674 0.939 0 0.005
0.675 0.013 0 0.005
0.675 0.312 0 0.005
0.675 0.641 0 0.005
0.675 0.887 0 0.005
0.676 0.068 0 0.005
0.676 0.281 0 0.005
0.676 0.495 0 0.005
0.677 0.301 0 0.005
0.677 0.468 0 0.005
0.677 0.555 0 0.005
0.677 0.913 0 0.005
0.676 0.0 0 0.005
0.678 0.455 0 0.005
0.678 0.522 0 0.005
0.678 0.622 0 0.005
0.679 0.586 0 0.005
0.679 0.705 0 0.005
0.679 0.822 0 0.005
0.681 0.022 0 0.005
0.681 0.335 0 0.005
0.681 0.897 0 0.005
0.681 0.977 0 0.005
0.682 0.252 0 0.005
0.682 0.355 0 0.005
0.682 0.478 0 0.005
0.682 0.542 0 0.005
0.682 0.689 0 0.005
0.682 0.747 0 0.005
0.683 0.04 0 0.005
0.683 0.084 0 0.005
0.684 0.577 0 0.005
0.684 0.773 0 0.005
0.684 0.865 0 0.005
0.685 0.188 0 0.005
0.685 0.273 0 0.005
0.685 0.785 0 0.005
0.685 0.967 0 0.005
0.686 0.008 0 0.005
0.686 0.231 0 0.005
0.686 0.875 0 0.005
0.687 0.134 0 0.005
0.687 0.993 0 0.005
0.688 0.173 0 0.005
0.688 0.923 0 0.005
0.689 0.061 0 0.005
0.689 0.292 0 0.005
0.689 0.949 0 0.005
0.69 0.112 0 0.005
0.69 0.197 0 0.005
0.69 0.665 0 0.005
0.691 0.43 0 0.005
0.691 0.49 0 0.005
0.691 0.764 0 0.005
0.693 0.073 0 0.005
0.693 0.155 0 0.005
0.693 0.39 0 0.005
0.693 0.451 0 0.005
0.693 0.736 0 0.005
0.694 0.223 0 0.005
0.694 0.536 0 0.005
0.694 0.613 0 0.005
0.694 0.685 0 0.005
0.695 0.086 0 0.005
0.695 0.183 0 0.005
0.695 0.809 0 0.005
0.696 0.006 0 0.005
0.696 0.317 0 0.005
0.696 0.358 0 0.005
0.696 0.696 0 0.005
0.697 0.136 0 0.005
0.697 0.908 0 0.005
0.698 0.479 0 0.005
0.698 0.859 0 0.005
0.699 0.276 0 0.005
0.699 0.712 0 0.005
0.699 0.924 0 0.005
0.7 0.096 0 0.005
0.7 0.368 0 0.005
0.701 0.403 0 0.005
0.701 0.461 0 0.005
0.701 0.578 0 0.005
0.701 0.595 0 0.005
0.701 0.65 0 0.005
0.702 0.491 0 0.005
0.704 0.239 0 0.005
0.704 0.295 0 0.005
0.704 0.434 0 0.005
0.704 0.634 0 0.005
0.704 0.674 0 0.005
0.704 0.831 0 0.005
0.704 0.977 0 0.005
0.705 0.226 0 0.005
0.705 0.787 0 0.005
0.705 0.878 0 0.005
0.706 0.347 0 0.005
0.706 0.537 0 0.005
0.707 0.93 0 0.005
0.708 0.116 0 0.005
0.708 0.255 0 0.005
0.709 0.753 0 0.005
0.709 0.894 0 0.005
0.71 0.191 0 0.005
0.71 0.322 0 0.005
0.71 0.609 0 0.005
0.71 0.664 0 0.005
0.71 0.848 0 0.005
0.711 0.423 0 0.005
0.711 0.444 0 0.005
0.712 0.094 0 0.005
0.712 0.513 0 0.005
0.712 0.725 0 0.005
0.714 0.166 0 0.005
0.714 0.503 0 0.005
0.714 0.526 0 0.005
0.714 0.738 0 0.005
0.715 0.244 0 0.005
0.715 0.301 0 0.005
0.715 0.313 0 0.005
0.715 0.833 0 0.005
0.716 0.6 0 0.005
0.716 0.708 0 0.005
0.717 0.873 0 0.005
0.717 0.949 0 0.005
0.715 0.999 0 0.005
0.718 0.805 0 0.005
0.718 0.985 0 0.005
0.719 0.327 0 0.005
0.719 0.859 0 0.005
0.72 0.066 0 0.005
0.72 0.181 0 0.005
0.72 0.285 0 0.005
0.72 0.904 0 0.005
0.72 0.968 0 0.005
0.721 0.136 0 0.005
0.722 0.117 0 0.005
0.722 0.389 0 0.005
0.722 0.443 0 0.005
0.722 0.466 0 0.005
0.722 0.54 0 0.005
0.722 0.59 0 0.005
0.723 0.101 0 0.005
0.723 0.232 0 0.005
0.723 0.78 0 0.005
0.723 0.824 0 0.005
0.724 0.654 0 0.005
0.725 0.013 0 0.005
0.725 0.151 0 0.005
0.725 0.692 0 0.005
0.726 0.03 0 0.005
0.726 0.22 0 0.005
0.726 0.363 0 0.005
0.727 0.294 0 0.005
0.727 0.345 0 0.005
0.727 0.406 0 0.005
0.727 0.644 0 0.005
0.727 0.735 0 0.005
0.727 0.745 0 0.005
0.727 0.915 0 0.005
0.727 0.955 0 0.005
0.728 0.256 0 0.005
0.728 0.664 0 0.005
0.728 0.943 0 0.005
0.728 0.9956875 0 0.005
0.73 0.241 0 0.005
0.73 0.42 0 0.005
0.73 0.492 0 0.005
0.73 0.565 0 0.005
0.73 0.856 0 0.005
0.731 0.764 0 0.005
0.731 0.805 0 0.005
0.732 0.178 0 0.005
0.732 0.529 0 0.005
0.732 0.607 0 0.005
0.733 0.069 0 0.005
0.733 0.192 0 0.005
0.734 0.004 0 0.005
0.734 0.228 0 0.005
0.734 0.969 0 0.005
0.735 0.137 0 0.005
0.735 0.439 0 0.005
0.735 0.544 0 0.005
0.736 0.39 0 0.005
0.736 0.593 0 0.005
0.736 0.675 0 0.005
0.736 0.931 0 0.005
0.737 0.091 0 0.005
0.737 0.167 0 0.005
0.737 0.249 0 0.005
0.737 0.285 0 0.005
0.737 0.696 0 0.005
0.737 0.776 0 0.005
0.737 0.847 0 0.005
0.737 0.955 0 0.005
0.738 0.123 0 0.005
0.738 0.307 0 0.005
0.739 0.505 0 0.005
0.74 0.048 0 0.005
0.74 0.317 0 0.005
0.74 0.474 0 0.005
0.74 0.519 0 0.005
0.74 0.861 0 0.005
0.741 0.015 0 0.005
0.741 0.103 0 0.005
0.741 0.218 0 0.005
0.741 0.453 0 0.005
0.741 0.985 0 0.005
0.742 0.2 0 0.005
0.743 0.332 0 0.005
0.745 0.71 0 0.005
0.745 0.961 0 0.005
0.746 0.142 0 0.005
0.746 0.351 0 0.005
0.746 0.396 0 0.005
0.746 0.676 0 0.005
0.746 0.899 0 0.005
0.746 0.937 0 0.005
0.747 0.153 0 0.005
0.747 0.466 0 0.005
0.747 0.563 0 0.005
0.747 0.655 0 0.005
0.748 0.094 0 0.005
0.748 0.48 0 0.005
0.748 0.836 0 0.005
0.748 0.994 0 0.005
0.749 0.054 0 0.005
0.749 0.245 0 0.005
0.749 0.27 0 0.005
0.749 0.818 0 0.005
0.749 0.867 0 0.005
0.749 0.971 0 0.005
0.75 0.002719298245614035 0 0.005
0.75 0.171 0 0.005
0.75 0.28 0 0.005
0.75 0.779 0 0.005
0.75 0.852 0 0.005
0.751 0.308 0 0.005
0.751 0.533 0 0.005
0.751 0.722 0 0.005
0.751 0.984 0 0.005
0.752 0.044 0 0.005
0.752 0.325 0 0.005
0.753 0.688 0 0.005
0.753 0.908 0 0.005
0.753 0.948 0 0.005
0.754 0.405 0 0.005
0.754 0.749 0 0.005
0.755 0.063 0 0.005
0.755 0.289 0 0.005
0.755 0.445 0 0.005
0.755 0.506 0 0.005
0.755 0.662 0 0.005
0.755 0.71 0 0.005
0.755 0.931 0 0.005
0.753 0.999 0 0.005
0.756 0.078 0 0.005
0.756 0.558 0 0.005
0.756 0.623 0 0.005
0.756 0.789 0 0.005
0.758 0.019 0 0.005
0.758 0.612 0 0.005
0.759 0.096 0 0.005
0.759 0.212 0 0.005
0.76 0.148 0 0.005
0.76 0.97 0 0.005
0.761 0.514 0 0.005
0.761 0.846 0 0.005
0.761 0.94 0 0.005
0.762 0.695 0 0.005
0.763 0.368 0 0.005
0.763 0.38 0 0.005
0.763 0.637 0 0.005
0.763 0.735 0 0.005
0.763 0.761 0 0.005
0.764 0.166 0 0.005
0.764 0.808 0 0.005
0.765 0.006 0 0.005
0.765 0.128 0 0.005
0.765 0.262 0 0.005
0.766 0.462 0 0.005
0.766 0.83 0 0.005
0.766 0.982 0 0.005
0.767 0.074 0 0.005
0.767 0.313 0 0.005
0.767 0.407 0 0.005
0.767 0.499 0 0.005
0.768 0.447 0 0.005
0.768 0.627 0 0.005
0.768 0.78 0 0.005
0.769 0.187 0 0.005
0.769 0.324 0 0.005
0.769 0.769 0 0.005
0.77 0.432 0 0.005
0.77 0.659 0 0.005
0.771 0.087 0 0.005
0.771 0.151 0 0.005
0.772 0.551 0 0.005
0.772 0.61 0 0.005
0.772 0.684 0 0.005
0.772 0.819 0 0.005
0.772 0.872 0 0.005
0.773 0.752 0 0.005
0.773 0.905 0 0.005
0.774 0.112 0 0.005
0.774 0.255 0 0.005
0.774 0.341 0 0.005
0.775 0.514 0 0.005
0.775 0.792 0 0.005
0.776 0.0008095238095238096 0 0.005
0.776 0.396 0 0.005
0.776 0.422 0 0.005
0.776 0.853 0 0.005
0.777 0.068 0 0.005
0.777 0.167 0 0.005
0.777 0.672 0 0.005
0.777 0.99 0 0.005
0.778 0.237 0 0.005
0.778 0.359 0 0.005
0.778 0.537 0 0.005
0.778 0.944 0 0.005
0.779 0.62 0 0.005
0.78 0.585 0 0.005
0.78 0.601 0 0.005
0.78 0.813 0 0.005
0.781 0.723 0 0.005
0.782 0.432 0 0.005
0.782 0.688 0 0.005
0.783 0.248 0 0.005
0.783 0.266 0 0.005
0.783 0.502 0 0.005
0.783 0.575 0 0.005
0.783 0.652 0 0.005
0.783 0.699 0 0.005
0.784 0.743 0 0.005
0.785 0.074 0 0.005
0.785 0.148 0 0.005
0.785 0.28 0 0.005
0.786 0.027 0 0.005
0.786 0.46 0 0.005
0.786 0.904 0 0.005
0.787 0.164 0 0.005
0.787 0.184 0 0.005
0.787 0.317 0 0.005
0.787 0.343 0 0.005
0.787 0.401 0 0.005
0.787 0.544 0 0.005
0.787 0.992 0 0.005
0.788 0.007 0 0.005
0.788 0.763 0 0.005
0.788 0.928 0 0.005
0.789 0.236 0 0.005
0.789 0.418 0 0.005
0.789 0.511 0 0.005
0.79 0.136 0 0.005
0.791 0.8 0 0.005
0.791 0.862 0 0.005
0.792 0.254 0 0.005
0.792 0.294 0 0.005
0.792 0.599 0 0.005
0.792 0.631 0 0.005
0.792 0.852 0 0.005
0.792 0.872 0 0.005
0.792 0.892 0 0.005
0.793 0.045 0 0.005
0.793 0.431 0 0.005
0.793 0.727 0 0.005
0.793 0.837 0 0.005
0.796 0.442 0 0.005
0.796 0.738 0 0.005
0.797 0.215 0 0.005
0.798 0.027 0 0.005
0.798 0.159 0 0.005
0.798 0.187 0 0.005
0.798 0.242 0 0.005
0.798 0.386 0 0.005
0.798 0.655 0 0.005
0.799 0.226 0 0.005
0.799 0.71 0 0.005
0.799 0.937 0 0.005
0.8 0.135 0 0.005
0.8 0.205 0 0.005
0.801 0.353 0 0.005
0.801 0.509 0 0.005
0.801 0.774 0 0.005
0.802 0.074 0 0.005
0.803 0.271 0 0.005
0.803 0.644 0 0.005
0.804 0.292 0 0.005
0.804 0.425 0 0.005
0.804 0.455 0 0.005
0.805 0.063 0 0.005
0.805 0.111 0 0.005
0.805 0.53 0 0.005
0.805 0.608 0 0.005
0.805 0.798 0 0.005
0.805 0.855 0 0.005
0.805 0.981 0 0.005
0.806 0.259 0 0.005
0.806 0.405 0 0.005
0.806 0.897 0 0.005
0.806 0.919 0 0.005
0.807 0.725 0 0.005
0.807 0.828 0 0.005
0.808 0.009 0 0.005
0.808 0.129 0 0.005
0.808 0.5 0 0.005
0.809 0.162 0 0.005
0.809 0.342 0 0.005
0.809 0.747 0 0.005
0.81 0.556 0 0.005
0.81 0.629 0 0.005
0.811 0.959 0 0.005
0.812 0.025 0 0.005
0.812 0.286 0 0.005
0.813 0.047 0 0.005
0.813 0.468 0 0.005
0.814 0.102 0 0.005
0.814 0.235 0 0.005
0.814 0.32 0 0.005
0.814 0.489 0 0.005
0.814 0.574 0 0.005
0.815 0.35 0 0.005
0.815 0.376 0 0.005
0.815 0.446 0 0.005
0.815 0.771 0 0.005
0.815 0.973 0 0.005
0.815 0.991 0 0.005
0.816 0.643 0 0.005
0.816 0.755 0 0.005
0.817 0.435 0 0.005
0.817 0.515 0 0.005
0.817 0.669 0 0.005
0.818 0.252 0 0.005
0.818 0.53 0 0.005
0.818 0.951 0 0.005
0.819 0.139 0 0.005
0.819 0.173 0 0.005
0.821 0.723 0 0.005
0.821 0.824 0 0.005
0.822 0.0033125 0 0.005
0.822 0.069 0 0.005
0.822 0.682 0 0.005
0.823 0.206 0 0.005
0.823 0.618 0 0.005
0.824 0.221 0 0.005
0.825 0.153 0 0.005
0.825 0.309 0 0.005
0.825 0.509 0 0.005
0.825 0.914 0 0.005
0.826 0.092 0 0.005
0.826 0.466 0 0.005
0.826 0.904 0 0.005
0.827 0.121 0 0.005
0.827 0.4 0 0.005
0.828 0.241 0 0.005
0.828 0.764 0 0.005
0.828 0.879 0 0.005
0.829 0.167 0 0.005
0.829 0.542 0 0.005
0.829 0.713 0 0.005
0.83 0.571 0 0.005
0.83 0.658 0 0.005
0.831 0.051 0 0.005
0.831 0.08 0 0.005
0.831 0.186 0 0.005
0.831 0.344 0 0.005
0.831 0.805 0 0.005
0.832 0.56 0 0.005
0.833 0.256 0 0.005
0.833 0.454 0 0.005
0.833 0.484 0 0.005
0.833 0.518 0 0.005
0.833 0.855 0 0.005
0.833 0.932 0 0.005
0.834 0.473 0 0.005
0.834 0.502 0 0.005
0.834 0.592 0 0.005
0.834 0.603 0 0.005
0.835 0.972 0 0.005
0.836 0.234 0 0.005
0.836 0.385 0 0.005
0.836 0.412 0 0.005
0.836 0.829 0 0.005
0.836 0.951 0 0.005
0.837 0.029 0 0.005
0.837 0.148 0 0.005
0.837 0.27 0 0.005
0.837 0.885 0 0.005
0.838 0.129 0 0.005
0.838 0.3 0 0.005
0.838 0.733 0 0.005
0.839 0.706 0 0.005
0.839 0.921 0 0.005
0.84 0.845 0 0.005
0.841 0.008 0 0.005
0.841 0.365 0 0.005
0.841 0.792 0 0.005
0.841 0.864 0 0.005
0.842 0.051 0 0.005
0.842 0.082 0 0.005
0.842 0.526 0 0.005
0.843 0.466 0 0.005
0.843 0.482 0 0.005
0.843 0.608 0 0.005
0.844 0.102 0 0.005
0.844 0.195 0 0.005
0.844 0.494 0 0.005
0.845 0.57 0 0.005
0.845 0.989 0 0.005
0.846 0.24 0 0.005
0.847 0.379 0 0.005
0.847 0.817 0 0.005
0.848 0.178 0 0.005
0.848 0.254 0 0.005
0.848 0.554 0 0.005
0.848 0.588 0 0.005
0.849 0.299 0 0.005
0.849 0.828 0 0.005
0.85 0.136 0 0.005
0.85 0.429 0 0.005
0.85 0.911 0 0.005
0.85 0.924 0 0.005
0.851 0.057 0 0.005
0.852 0.018 0 0.005
0.852 0.23 0 0.005
0.852 0.618 0 0.005
0.852 0.649 0 0.005
0.852 0.874 0 0.005
0.853 0.153 0 0.005
0.853 0.354 0 0.005
0.853 0.413 0 0.005
0.853 0.486 0 0.005
0.854 0.398 0 0.005
0.855 0.203 0 0.005
0.855 0.267 0 0.005
0.855 0.859 0 0.005
0.856 0.571 0 0.005
0.856 0.714 0 0.005
0.858 0.107 0 0.005
0.858 0.517 0 0.005
0.858 0.601 0 0.005
0.858 0.797 0 0.005
0.859 0.167 0 0.005
0.859 0.442 0 0.005
0.859 0.55 0 0.005
0.859 0.679 0 0.005
0.86 0.761 0 0.005
0.861 0.696 0 0.005
0.861 0.828 0 0.005
0.862 0.014 0 0.005
0.862 0.31 0 0.005
0.863 0.088 0 0.005
0.863 0.99 0 0.005
0.864 0.323 0 0.005
0.864 0.409 0 0.005
0.864 0.786 0 0.005
0.864 0.894 0 0.005
0.865 0.039 0 0.005
0.865 0.374 0 0.005
0.865 0.942 0 0.005
0.866 0.241 0 0.005
0.866 0.561 0 0.005
0.867 0.134 0 0.005
0.867 0.161 0 0.005
0.867 0.228 0 0.005
0.867 0.581 0 0.005
0.867 0.879 0 0.005
0.868 0.181 0 0.005
0.868 0.26 0 0.005
0.869 0.022 0 0.005
0.869 0.354 0 0.005
0.869 0.47 0 0.005
0.869 0.614 0 0.005
0.87 0.067 0 0.005
0.87 0.666 0 0.005
0.87 0.677 0 0.005
0.87 0.952 0 0.005
0.87 0.963 0 0.005
0.871 0.513 0 0.005
0.871 0.53 0 0.005
0.871 0.865 0 0.005
0.873 0.814 0 0.005
0.874 0.591 0 0.005
0.874 0.712 0 0.005
0.875 0.108 0 0.005
0.875 0.338 0 0.005
0.875 0.412 0 0.005
0.876 0.156 0 0.005
0.876 0.389 0 0.005
0.876 0.631 0 0.005
0.876 0.657 0 0.005
0.877 0.19 0 0.005
0.877 0.284 0 0.005
0.877 0.991 0 0.005
0.878 0.501 0 0.005
0.878 0.691 0 0.005
0.879 0.245 0 0.005
0.879 0.261 0 0.005
0.879 0.427 0 0.005
0.881 0.036 0 0.005
0.881 0.366 0 0.005
0.881 0.788 0 0.005
0.881 0.892 0 0.005
0.879 0.999 0 0.005
0.882 0.139 0 0.005
0.882 0.235 0 0.005
0.882 0.487 0 0.005
0.882 0.718 0 0.005
0.882 0.803 0 0.005
0.882 0.829 0 0.005
0.883 0.002719298245614035 0 0.005
0.883 0.064 0 0.005
0.883 0.078 0 0.005
0.883 0.205 0 0.005
0.884 0.013 0 0.005
0.884 0.753 0 0.005
0.884 0.876 0 0.005
0.884 0.974 0 0.005
0.885 0.167 0 0.005
0.885 0.408 0 0.005
0.885 0.445 0 0.005
0.885 0.529 0 0.005
0.885 0.865 0 0.005
0.885 0.902 0 0.005
0.886 0.559 0 0.005
0.886 0.699 0 0.005
0.886 0.778 0 0.005
0.887 0.155 0 0.005
0.887 0.66 0 0.005
0.888 0.946 0 0.005
0.889 0.933 0 0.005
0.89 0.479 0 0.005
0.891 0.22 0 0.005
0.891 0.311 0 0.005
0.891 0.373 0 0.005
0.891 0.644 0 0.005
0.891 0.724 0 0.005
0.891 0.959 0 0.005
0.892 0.052 0 0.005
0.892 0.549 0 0.005
0.892 0.737 0 0.005
0.893 0.387 0 0.005
0.893 0.397 0 0.005
0.893 0.806 0 0.005
0.894 0.112 0 0.005
0.894 0.496 0 0.005
0.894 0.591 0 0.005
0.894 0.63 0 0.005
0.894 0.914 0 0.005
0.893 0.0 0 0.005
0.895 0.28 0 0.005
0.895 0.859 0 0.005
0.896 0.18 0 0.005
0.896 0.342 0 0.005
0.897 0.033 0 0.005
0.897 0.122 0 0.005
0.897 0.696 0 0.005
0.897 0.9 0 0.005
0.897 0.978 0 0.005
0.898 0.136 0 0.005
0.898 0.364 0 0.005
0.898 0.443 0 0.005
0.899 0.332 0 0.005
0.899 0.527 0 0.005
0.899 0.816 0 0.005
0.9 0.965 0 0.005
0.901 0.543 0 0.005
0.901 0.941 0 0.005
0.902 0.51 0 0.005
0.903 0.625 0 0.005
0.904 0.158 0 0.005
0.904 0.482 0 0.005
0.904 0.719 0 0.005
0.904 0.784 0 0.005
0.905 0.265 0 0.005
0.905 0.855 0 0.005
0.906 0.081 0 0.005
0.906 0.494 0 0.005
0.906 0.753 0 0.005
0.906 0.867 0 0.005
0.907 0.046 0 0.005
0.907 0.091 0 0.005
0.907 0.236 0 0.005
0.907 0.891 0 0.005
0.908 0.616 0 0.005
0.908 0.764 0 0.005
0.909 0.173 0 0.005
0.909 0.775 0 0.005
0.91 0.138 0 0.005
0.91 0.362 0 0.005
0.91 0.468 0 0.005
0.91 0.548 0 0.005
0.91 0.668 0 0.005
0.911 0.032 0 0.005
0.911 0.331 0 0.005
0.911 0.598 0 0.005
0.911 0.729 0 0.005
0.912 0.022 0 0.005
0.912 0.987 0 0.005
0.913 0.458 0 0.005
0.913 0.829 0 0.005
0.913 0.881 0 0.005
0.914 0.484 0 0.005
0.914 0.952 0 0.005
0.915 0.124 0 0.005
0.915 0.349 0 0.005
0.915 0.403 0 0.005
0.916 0.199 0 0.005
0.916 0.711 0 0.005
0.916 0.9 0 0.005
0.917 0.154 0 0.005
0.917 0.575 0 0.005
0.917 0.916 0 0.005
0.918 0.748 0 0.005
0.919 0.112 0 0.005
0.919 0.252 0 0.005
0.919 0.28 0 0.005
0.919 0.306 0 0.005
0.919 0.388 0 0.005
0.919 0.736 0 0.005
0.919 0.837 0 0.005
0.92 0.606 0 0.005
0.92 0.635 0 0.005
0.92 0.965 0 0.005
0.921 0.361 0 0.005
0.921 0.545 0 0.005
0.921 0.59 0 0.005
0.921 0.812 0 0.005
0.922 0.0022291666666666666 0 0.005
0.922 0.33 0 0.005
0.922 0.651 0 0.005
0.922 0.684 0 0.005
0.922 0.7 0 0.005
0.923 0.093 0 0.005
0.924 0.776 0 0.005
0.924 0.955 0 0.005
0.925 0.055 0 0.005
0.925 0.169 0 0.005
0.925 0.26 0 0.005
0.925 0.342 0 0.005
0.926 0.066 0 0.005
0.926 0.563 0 0.005
0.927 0.409 0 0.005
0.927 0.478 0 0.005
0.928 0.026 0 0.005
0.928 0.494 0 0.005
0.928 0.629 0 0.005
0.928 0.749 0 0.005
0.928 0.865 0 0.005
0.928 0.904 0 0.005
0.929 0.288 0 0.005
0.93 0.728 0 0.005
0.931 0.381 0 0.005
0.931 0.463 0 0.005
0.932 0.076 0 0.005
0.932 0.359 0 0.005
0.932 0.615 0 0.005
0.932 0.706 0 0.005
0.932 0.927 0 0.005
0.933 0.151 0 0.005
0.933 0.644 0 0.005
0.933 0.691 0 0.005
0.933 0.98 0 0.005
0.934 0.786 0 0.005
0.935 0.74 0 0.005
0.936 0.097 0 0.005
0.936 0.162 0 0.005
0.936 0.772 0 0.005
0.937 0.175 0 0.005
0.937 0.412 0 0.005
0.938 0.217 0 0.005
0.938 0.236 0 0.005
0.938 0.873 0 0.005
0.939 0.247 0 0.005
0.939 0.513 0 0.005
0.939 0.654 0 0.005
0.94 0.039 0 0.005
0.94 0.265 0 0.005
0.94 0.538 0 0.005
0.941 0.117 0 0.005
0.941 0.301 0 0.005
0.941 0.563 0 0.005
0.941 0.59 0 0.005
0.941 0.76 0 0.005
0.941 0.834 0 0.005
0.942 0.288 0 0.005
0.942 0.318 0 0.005
0.942 0.55 0 0.005
0.942 0.624 0 0.005
0.942 0.896 0 0.005
0.943 0.351 0 0.005
0.944 0.209 0 0.005
0.944 0.577 0 0.005
0.944 0.674 0 0.005
0.944 0.807 0 0.005
0.945 0.717 0 0.005
0.946 0.07 0 0.005
0.946 0.483 0 0.005
0.946 0.505 0 0.005
0.946 0.825 0 0.005
0.947 0.137 0 0.005
0.947 0.18 0 0.005
0.947 0.859 0 0.005
0.947 0.973 0 0.005
0.947 0.0004166666666666667 0 0.005
0.949 0.019 0 0.005
0.949 0.059 0 0.005
0.949 0.924 0 0.005
0.95 0.275 0 0.005
0.951 0.033 0 0.005
0.951 0.083 0 0.005
0.951 0.323 0 0.005
0.951 0.494 0 0.005
0.951 0.951 0 0.005
0.952 0.166 0 0.005
0.952 0.609 0 0.005
0.953 0.188 0 0.005
0.954 0.237 0 0.005
0.954 0.388 0 0.005
0.954 0.411 0 0.005
0.954 0.697 0 0.005
0.955 0.366 0 0.005
0.955 0.892 0 0.005
0.955 0.98 0 0.005
0.956 0.042 0 0.005
0.956 0.638 0 0.005
0.957 0.249 0 0.005
0.957 0.46 0 0.005
0.957 0.504 0 0.005
0.957 0.563 0 0.005
0.957 0.739 0 0.005
0.957 0.772 0 0.005
0.957 0.9977333333333334 0 0.005
0.958 0.103 0 0.005
0.959 0.227 0 0.005
0.959 0.925 0 0.005
0.96 0.296 0 0.005
0.96 0.312 0 0.005
0.96 0.601 0 0.005
0.96 0.671 0 0.005
0.96 0.0004166666666666667 0 0.005
0.962 0.168 0 0.005
0.962 0.491 0 0.005
0.963 0.086 0 0.005
0.963 0.144 0 0.005
0.963 0.199 0 0.005
0.963 0.532 0 0.005
0.963 0.689 0 0.005
0.964 0.069 0 0.005
0.964 0.261 0 0.005
0.964 0.272 0 0.005
0.964 0.284 0 0.005
0.964 0.623 0 0.005
0.964 0.869 0 0.005
0.965 0.412 0 0.005
0.965 0.43 0 0.005
0.967 0.014 0 0.005
0.967 0.246 0 0.005
0.967 0.502 0 0.005
0.967 0.571 0 0.005
0.967 0.726 0 0.005
0.968 0.452 0 0.005
0.969 0.055 0 0.005
0.969 0.115 0 0.005
0.969 0.329 0 0.005
0.97 0.153 0 0.005
0.97 0.231 0 0.005
0.971 0.393 0 0.005
0.971 0.595 0 0.005
0.971 0.654 0 0.005
0.971 0.814 0 0.005
0.971 0.879 0 0.005
0.972 0.005 0 0.005
0.972 0.163 0 0.005
0.972 0.306 0 0.005
0.972 0.829 0 0.005
0.972 0.863 0 0.005
0.973 0.903 0 0.005
0.973 0.94 0 0.005
0.973 0.9981904761904762 0 0.005
0.974 0.685 0 0.005
0.974 0.696 0 0.005
0.974 0.95 0 0.005
0.974 0.976 0 0.005
0.975 0.292 0 0.005
0.975 0.474 0 0.005
0.975 0.486 0 0.005
0.975 0.552 0 0.005
0.975 0.752 0 0.005
0.976 0.202 0 0.005
0.976 0.346 0 0.005
0.976 0.367 0 0.005
0.976 0.497 0 0.005
0.977 0.136 0 0.005
0.977 0.44 0 0.005
0.978 0.092 0 0.005
0.978 0.258 0 0.005
0.978 0.409 0 0.005
0.979 0.321 0 0.005
0.98 0.126 0 0.005
0.98 0.283 0 0.005
0.98 0.788 0 0.005
0.98 0.927 0 0.005
0.981 0.033 0 0.005
0.981 0.174 0 0.005
0.981 0.578 0 0.005
0.981 0.878 0 0.005
0.981 0.991 0 0.005
0.982 0.153 0 0.005
0.982 0.452 0 0.005
0.982 0.961 0 0.005
0.983 0.381 0 0.005
0.984 0.185 0 0.005
0.984 0.209 0 0.005
0.984 0.564 0 0.005
0.985 0.737 0 0.005
0.986 0.775 0 0.005
0.987 0.01 0 0.005
0.987 0.079 0 0.005
0.987 0.099 0 0.005
0.987 0.226 0 0.005
0.987 0.25 0 0.005
0.987 0.272 0 0.005
0.987 0.344 0 0.005
0.987 0.481 0 0.005
0.987 0.615 0 0.005
0.989 0.871 0 0.005
0.99 0.199 0 0.005
0.99 0.398 0 0.005
0.991 0.037 0 0.005
0.991 0.504 0 0.005
0.991 0.555 0 0.005
0.991 0.712 0 0.005
0.991 0.947 0 0.005
0.992 0.303 0 0.005
0.992 0.54 0 0.005
0.992 0.838 0 0.005
0.993 0.641 0 0.005
0.993 0.887 0 0.005
0.993 0.0004166666666666667 0 0.005
0.994 0.112 0 0.005
0.994 0.154 0 0.005
0.995 0.724 0 0.005
0.9956875 0.387 0 0.005
0.996280701754386 0.417 0 0.005
0.996280701754386 0.97 0 0.005
0.9972564102564103 0.223 0 0.005
0.9972564102564103 0.287 0 0.005
0.9972564102564103 0.314 0 0.005
0.9972564102564103 0.912 0 0.005
0.9977333333333334 0.056 0 0.005
0.9977333333333334 0.189 0 0.005
0.9977333333333334 0.707 0 0.005
0.9977333333333334 0.766 0 0.005
0.9981904761904762 0.084 0 0.005
0.9981904761904762 0.249 0 0.005
0.9981904761904762 0.468 0 0.005
0.9981904761904762 0.62 0 0.005
0.9981904761904762 0.875 0 0.005
0.9985833333333334 0.398 0 0.005
0.9985833333333334 0.458 0 0.005
0.9985833333333334 0.532 0 0.005
0.9985833333333334 0.549 0 0.005
0.999 0.431 0 0.005
0.999 0.845 0 0.005
