0.004 0.148 0 0.005
0.0017435897435897436 0.33 0 0.005
0.0004166666666666667 0.443 0 0.005
0.004 0.566 0 0.005
0.002719298245614035 0.576 0 0.005
0.0008095238095238096 0.599 0 0.005
0.0033125 0.629 0 0.005
0.0008095238095238096 0.739 0 0.005
0.0012666666666666666 0.766 0 0.005
0.0008095238095238096 0.932 0 0.005
0.0004166666666666667 0.972 0 0.005
0.0017435897435897436 0.995 0 0.005
0.007 0.299 0 0.005
0.007 0.499 0 0.005
0.007 0.698 0 0.005
0.008 0.251 0 0.005
0.008 0.788 0 0.005
0.009 0.962 0 0.005
0.011 0.598 0 0.005
0.011 0.757 0 0.005
0.012 0.776 0 0.005
0.013 0.22 0 0.005
0.014 0.634 0 0.005
0.015 0.169 0 0.005
0.015 0.19 0 0.005
0.017 0.938 0 0.005
0.018 0.258 0 0.005
0.019 0.268 0 0.005
0.021 0.463 0 0.005
0.021 0.533 0 0.005
0.021 0.952 0 0.005
0.026 0.743 0 0.005
0.027 0.038 0 0.005
0.027 0.471 0 0.005
0.028 0.164 0 0.005
0.029 0.058 0 0.005
0.029 0.9985833333333334 0 0.005
0.031 0.207 0 0.005
0.031 0.506 0 0.005
0.032 0.589 0 0.005
0.032 0.835 0 0.005
0.032 0.903 0 0.005
0.033 0.072 0 0.005
0.034 0.145 0 0.005
0.034 0.45 0 0.005
0.034 0.496 0 0.005
0.034 0.782 0 0.005
0.035 0.814 0 0.005
0.036 0.889 0 0.005
0.036 0.935 0 0.005
0.037 0.133 0 0.005
0.037 0.761 0 0.005
0.036 0.0 0 0.005
0.038 0.173 0 0.005
0.038 0.391 0 0.005
0.038 0.462 0 0.005
0.04 0.105 0 0.005
0.04 0.424 0 0.005
0.041 0.634 0 0.005
0.041 0.986 0 0.005
0.042 0.546 0 0.005
0.043 0.975 0 0.005
0.044 0.622 0 0.005
0.045 0.075 0 0.005
0.045 0.572 0 0.005
0.045 0.72 0 0.005
0.046 0.28 0 0.005
0.046 0.839 0 0.005
0.047 0.48 0 0.005
0.047 0.684 0 0.005
0.048 0.026 0 0.005
0.048 0.156 0 0.005
0.048 0.403 0 0.005
0.049 0.041 0 0.005
0.049 0.266 0 0.005
0.05 0.702 0 0.005
0.05 0.743 0 0.005
0.05 0.797 0 0.005
0.051 0.495 0 0.005
0.052 0.936 0 0.005
0.053 0.947 0 0.005
0.054 0.359 0 0.005
0.055 0.338 0 0.005
0.056 0.311 0 0.005
0.056 0.459 0 0.005
0.056 0.979 0 0.005
0.057 0.811 0 0.005
0.058 0.733 0 0.005
0.06 0.236 0 0.005
0.06 0.246 0 0.005
0.06 0.763 0 0.005
0.062 0.127 0 0.005
0.063 0.219 0 0.005
0.063 0.953 0 0.005
0.064 0.913 0 0.005
0.064 0.963 0 0.005
0.065 0.294 0 0.005
0.065 0.517 0 0.005
0.065 0.655 0 0.005
0.065 0.75 0 0.005
0.066 0.868 0 0.005
0.067 0.055 0 0.005
0.069 0.389 0 0.005
0.07 0.85 0 0.005
0.071 0.251 0 0.005
0.071 0.28 0 0.005
0.072 0.013 0 0.005
0.072 0.63 0 0.005
0.073 0.37 0 0.005
0.075 0.041 0 0.005
0.075 0.862 0 0.005
0.076 0.649 0 0.005
0.076 0.763 0 0.005
0.077 0.288 0 0.005
0.077 0.452 0 0.005
0.078 0.5 0 0.005
0.078 0.575 0 0.005
0.078 0.663 0 0.005
0.079 0.121 0 0.005
0.08 0.059 0 0.005
0.08 0.182 0 0.005
0.08 0.561 0 0.005
0.08 0.966 0 0.005
0.081 0.008 0 0.005
0.081 0.143 0 0.005
0.081 0.433 0 0.005
0.081 0.603 0 0.005
0.081 0.897 0 0.005
0.081 0.942 0 0.005
0.082 0.388 0 0.005
0.083 0.411 0 0.005
0.083 0.853 0 0.005
0.084 0.197 0 0.005
0.084 0.955 0 0.005
0.086 0.083 0 0.005
0.087 0.569 0 0.005
0.088 0.236 0 0.005
0.088 0.632 0 0.005
0.088 0.985 0 0.005
0.09 0.163 0 0.005
0.09 0.354 0 0.005
0.091 0.749 0 0.005
0.094 0.173 0 0.005
0.094 0.775 0 0.005
0.095 0.727 0 0.005
0.097 0.06 0 0.005
0.097 0.137 0 0.005
0.097 0.668 0 0.005
0.097 0.888 0 0.005
0.098 0.083 0 0.005
0.099 0.503 0 0.005
0.099 0.631 0 0.005
0.099 0.981 0 0.005
0.102 0.456 0 0.005
0.102 0.612 0 0.005
0.103 0.658 0 0.005
0.103 0.844 0 0.005
0.104 0.045 0 0.005
0.104 0.242 0 0.005
0.104 0.32 0 0.005
0.106 0.878 0 0.005
0.108 0.004 0 0.005
0.109 0.123 0 0.005
0.109 0.553 0 0.005
0.111 0.528 0 0.005
0.111 0.716 0 0.005
0.112 0.224 0 0.005
0.113 0.621 0 0.005
0.113 0.731 0 0.005
0.114 0.405 0 0.005
0.115 0.079 0 0.005
0.115 0.375 0 0.005
0.118 0.036 0 0.005
0.118 0.059 0 0.005
0.119 0.668 0 0.005
0.119 0.985 0 0.005
0.121 0.142 0 0.005
0.122 0.281 0 0.005
0.122 0.424 0 0.005
0.123 0.218 0 0.005
0.123 0.34 0 0.005
0.125 0.091 0 0.005
0.125 0.318 0 0.005
0.125 0.438 0 0.005
0.125 0.556 0 0.005
0.125 0.756 0 0.005
0.127 0.514 0 0.005
0.127 0.976 0 0.005
0.128 0.369 0 0.005
0.128 0.655 0 0.005
0.129 0.828 0 0.005
0.13 0.699 0 0.005
0.133 0.179 0 0.005
0.133 0.399 0 0.005
0.133 0.783 0 0.005
0.134 0.108 0 0.005
0.134 0.478 0 0.005
0.135 0.193 0 0.005
0.135 0.203 0 0.005
0.135 0.314 0 0.005
0.135 0.736 0 0.005
0.136 0.135 0 0.005
0.136 0.223 0 0.005
0.136 0.926 0 0.005
0.137 0.623 0 0.005
0.137 0.911 0 0.005
0.14 0.633 0 0.005
0.141 0.774 0 0.005
0.142 0.567 0 0.005
0.142 0.79 0 0.005
0.143 0.538 0 0.005
0.143 0.581 0 0.005
0.144 0.147 0 0.005
0.144 0.443 0 0.005
0.146 0.876 0 0.005
0.147 0.354 0 0.005
0.148 0.109 0 0.005
0.148 0.496 0 0.005
0.149 0.555 0 0.005
0.15 0.936 0 0.005
0.151 0.237 0 0.005
0.151 0.722 0 0.005
0.152 0.046 0 0.005
0.152 0.467 0 0.005
0.152 0.59 0 0.005
0.153 0.254 0 0.005
0.153 0.791 0 0.005
0.153 0.904 0 0.005
0.154 0.812 0 0.005
0.155 0.084 0 0.005
0.155 0.348 0 0.005
0.156 0.85 0 0.005
0.157 0.0022291666666666666 0 0.005
0.157 0.305 0 0.005
0.157 0.334 0 0.005
0.157 0.755 0 0.005
0.158 0.423 0 0.005
0.159 0.292 0 0.005
0.159 0.439 0 0.005
0.159 0.768 0 0.005
0.16 0.201 0 0.005
0.161 0.061 0 0.005
0.161 0.706 0 0.005
0.161 0.958 0 0.005
0.163 0.508 0 0.005
0.164 0.721 0 0.005
0.167 0.468 0 0.005
0.168 0.27 0 0.005
0.168 0.606 0 0.005
0.169 0.148 0 0.005
0.169 0.189 0 0.005
0.169 0.759 0 0.005
0.169 0.892 0 0.005
0.169 0.906 0 0.005
0.17 0.123 0 0.005
0.171 0.058 0 0.005
0.171 0.498 0 0.005
0.172 0.881 0 0.005
0.173 0.629 0 0.005
0.174 0.134 0 0.005
0.174 0.512 0 0.005
0.177 0.489 0 0.005
0.178 0.335 0 0.005
0.179 0.994 0 0.005
0.181 0.192 0 0.005
0.181 0.287 0 0.005
0.181 0.423 0 0.005
0.182 0.346 0 0.005
0.183 0.397 0 0.005
0.183 0.957 0 0.005
0.185 0.539 0 0.005
0.186 0.301 0 0.005
0.186 0.695 0 0.005
0.189 0.743 0 0.005
0.189 0.764 0 0.005
0.189 0.814 0 0.005
0.19 0.178 0 0.005
0.191 0.656 0 0.005
0.193 0.369 0 0.005
0.195 0.292 0 0.005
0.195 0.948 0 0.005
0.196 0.633 0 0.005
0.197 0.791 0 0.005
0.198 0.208 0 0.005
0.198 0.327 0 0.005
0.2 0.232 0 0.005
0.202 0.993 0 0.005
0.204 0.958 0 0.005
0.205 0.064 0 0.005
0.205 0.733 0 0.005
0.206 0.85 0 0.005
0.207 0.013 0 0.005
0.207 0.281 0 0.005
0.207 0.562 0 0.005
0.208 0.47 0 0.005
0.208 0.543 0 0.005
0.208 0.605 0 0.005
0.208 0.702 0 0.005
0.208 0.907 0 0.005
0.209 0.48 0 0.005
0.211 0.257 0 0.005
0.211 0.757 0 0.005
0.213 0.676 0 0.005
0.214 0.05 0 0.005
0.215 0.77 0 0.005
0.215 0.855 0 0.005
0.216 0.155 0 0.005
0.216 0.643 0 0.005
0.216 0.971 0 0.005
0.217 0.243 0 0.005
0.218 0.171 0 0.005
0.218 0.335 0 0.005
0.218 0.435 0 0.005
0.218 0.568 0 0.005
0.218 0.814 0 0.005
0.219 0.181 0 0.005
0.219 0.413 0 0.005
0.219 0.835 0 0.005
0.219 0.932 0 0.005
0.221 0.121 0 0.005
0.221 0.597 0 0.005
0.223 0.022 0 0.005
0.225 0.283 0 0.005
0.226 0.429 0 0.005
0.226 0.761 0 0.005
0.227 0.579 0 0.005
0.228 0.076 0 0.005
0.228 0.463 0 0.005
0.228 0.732 0 0.005
0.23 0.848 0 0.005
0.231 0.716 0 0.005
0.232 0.243 0 0.005
0.233 0.622 0 0.005
0.233 0.815 0 0.005
0.234 0.421 0 0.005
0.234 0.454 0 0.005
0.234 0.61 0 0.005
0.235 0.0008095238095238096 0 0.005
0.235 0.394 0 0.005
0.235 0.527 0 0.005
0.235 0.654 0 0.005
0.236 0.776 0 0.005
0.237 0.826 0 0.005
0.237 0.943 0 0.005
0.241 0.082 0 0.005
0.241 0.693 0 0.005
0.241 0.79 0 0.005
0.241 0.98 0 0.005
0.242 0.047 0 0.005
0.242 0.11 0 0.005
0.242 0.367 0 0.005
0.243 0.025 0 0.005
0.243 0.408 0 0.005
0.243 0.758 0 0.005
0.245 0.214 0 0.005
0.245 0.312 0 0.005
0.245 0.337 0 0.005
0.245 0.632 0 0.005
0.247 0.497 0 0.005
0.247 0.664 0 0.005
0.248 0.825 0 0.005
0.25 0.44 0 0.005
0.25 0.604 0 0.005
0.251 0.085 0 0.005
0.252 0.691 0 0.005
0.254 0.473 0 0.005
0.254 0.646 0 0.005
0.254 0.791 0 0.005
0.255 0.0012666666666666666 0 0.005
0.255 0.781 0 0.005
0.256 0.537 0 0.005
0.257 0.148 0 0.005
0.257 0.418 0 0.005
0.258 0.876 0 0.005
0.26 0.187 0 0.005
0.26 0.246 0 0.005
0.262 0.064 0 0.005
0.263 0.403 0 0.005
0.263 0.612 0 0.005
0.263 0.83 0 0.005
0.264 0.768 0 0.005
0.265 0.523 0 0.005
0.266 0.024 0 0.005
0.266 0.744 0 0.005
0.266 0.965 0 0.005
0.267 0.196 0 0.005
0.267 0.227 0 0.005
0.267 0.268 0 0.005
0.267 0.504 0 0.005
0.27 0.369 0 0.005
0.271 0.004 0 0.005
0.271 0.493 0 0.005
0.272 0.417 0 0.005
0.273 0.121 0 0.005
0.273 0.209 0 0.005
0.273 0.674 0 0.005
0.274 0.245 0 0.005
0.274 0.78 0 0.005
0.275 0.638 0 0.005
0.276 0.105 0 0.005
0.276 0.688 0 0.005
0.276 0.73 0 0.005
0.277 0.823 0 0.005
0.277 0.992 0 0.005
0.278 0.038 0 0.005
0.279 0.179 0 0.005
0.28 0.08 0 0.005
0.281 0.29 0 0.005
0.282 0.061 0 0.005
0.282 0.189 0 0.005
0.283 0.266 0 0.005
0.284 0.497 0 0.005
0.283 0.999 0 0.005
0.287 0.328 0 0.005
0.287 0.72 0 0.005
0.288 0.454 0 0.005
0.288 0.859 0 0.005
0.289 0.661 0 0.005
0.291 0.683 0 0.005
0.292 0.737 0 0.005
0.293 0.103 0 0.005
0.293 0.544 0 0.005
0.294 0.132 0 0.005
0.294 0.529 0 0.005
0.294 0.773 0 0.005
0.295 0.39 0 0.005
0.296 0.558 0 0.005
0.296 0.893 0 0.005
0.297 0.148 0 0.005
0.297 0.864 0 0.005
0.298 0.573 0 0.005
0.301 0.709 0 0.005
0.301 0.94 0 0.005
0.302 0.239 0 0.005
0.302 0.855 0 0.005
0.303 0.623 0 0.005
0.304 0.349 0 0.005
0.304 0.488 0 0.005
0.305 0.581 0 0.005
0.306 0.691 0 0.005
0.307 0.13 0 0.005
0.308 0.458 0 0.005
0.309 0.069 0 0.005
0.31 0.039 0 0.005
0.31 0.164 0 0.005
0.31 0.291 0 0.005
0.312 0.147 0 0.005
0.314 0.304 0 0.005
0.315 0.368 0 0.005
0.315 0.642 0 0.005
0.317 0.403 0 0.005
0.317 0.75 0 0.005
0.318 0.214 0 0.005
0.318 0.688 0 0.005
0.319 0.338 0 0.005
0.319 0.961 0 0.005
0.32 0.559 0 0.005
0.321 0.065 0 0.005
0.322 0.893 0 0.005
0.322 0.915 0 0.005
0.324 0.203 0 0.005
0.324 0.761 0 0.005
0.324 0.834 0 0.005
0.324 0.9967708333333334 0 0.005
0.325 0.268 0 0.005
0.325 0.444 0 0.005
0.325 0.619 0 0.005
0.326 0.5 0 0.005
0.326 0.742 0 0.005
0.327 0.188 0 0.005
0.328 0.03 0 0.005
0.328 0.325 0 0.005
0.328 0.976 0 0.005
0.33 0.123 0 0.005
0.33 0.359 0 0.005
0.331 0.586 0 0.005
0.331 0.627 0 0.005
0.332 0.819 0 0.005
0.332 0.88 0 0.005
0.334 0.715 0 0.005
0.335 0.833 0 0.005
0.336 0.291 0 0.005
0.336 0.643 0 0.005
0.338 0.0008095238095238096 0 0.005
0.338 0.547 0 0.005
0.339 0.354 0 0.005
0.34 0.592 0 0.005
0.341 0.042 0 0.005
0.341 0.101 0 0.005
0.342 0.032 0 0.005
0.342 0.937 0 0.005
0.342 0.979 0 0.005
0.345 0.9972564102564103 0 0.005
0.346 0.57 0 0.005
0.346 0.901 0 0.005
0.347 0.119 0 0.005
0.347 0.683 0 0.005
0.347 0.857 0 0.005
0.347 0.878 0 0.005
0.35 0.5 0 0.005
0.353 0.082 0 0.005
0.353 0.276 0 0.005
0.353 0.819 0 0.005
0.354 0.755 0 0.005
0.355 0.034 0 0.005
0.355 0.869 0 0.005
0.356 0.0004166666666666667 0 0.005
0.358 0.738 0 0.005
0.359 0.462 0 0.005
0.359 0.645 0 0.005
0.359 0.718 0 0.005
0.359 0.839 0 0.005
0.36 0.022 0 0.005
0.36 0.919 0 0.005
0.361 0.618 0 0.005
0.363 0.054 0 0.005
0.364 0.575 0 0.005
0.364 0.812 0 0.005
0.365 0.159 0 0.005
0.365 0.294 0 0.005
0.365 0.413 0 0.005
0.365 0.853 0 0.005
0.366 0.333 0 0.005
0.366 0.668 0 0.005
0.369 0.072 0 0.005
0.369 0.362 0 0.005
0.369 0.586 0 0.005
0.37 0.74 0 0.005
0.37 0.844 0 0.005
0.371 0.282 0 0.005
0.371 0.9977333333333334 0 0.005
0.372 0.036 0 0.005
0.372 0.239 0 0.005
0.372 0.467 0 0.005
0.372 0.938 0 0.005
0.374 0.693 0 0.005
0.374 0.972 0 0.005
0.375 0.612 0 0.005
0.376 0.228 0 0.005
0.376 0.544 0 0.005
0.377 0.262 0 0.005
0.378 0.188 0 0.005
0.378 0.32 0 0.005
0.378 0.723 0 0.005
0.378 0.801 0 0.005
0.38 0.055 0 0.005
0.38 0.528 0 0.005
0.381 0.434 0 0.005
0.381 0.644 0 0.005
0.381 0.678 0 0.005
0.382 0.305 0 0.005
0.383 0.469 0 0.005
0.383 0.595 0 0.005
0.384 0.361 0 0.005
0.384 0.605 0 0.005
0.385 0.51 0 0.005
0.386 0.2 0 0.005
0.386 0.993 0 0.005
0.387 0.849 0 0.005
0.387 0.974 0 0.005
0.388 0.095 0 0.005
0.389 0.005 0 0.005
0.389 0.801 0 0.005
0.391 0.699 0 0.005
0.391 0.765 0 0.005
0.393 0.529 0 0.005
0.395 0.344 0 0.005
0.396 0.739 0 0.005
0.397 0.125 0 0.005
0.397 0.253 0 0.005
0.397 0.328 0 0.005
0.399 0.714 0 0.005
0.399 0.963 0 0.005
0.4 0.006 0 0.005
0.4 0.21 0 0.005
0.4 0.608 0 0.005
0.401 0.197 0 0.005
0.402 0.361 0 0.005
0.403 0.478 0 0.005
0.404 0.016 0 0.005
0.404 0.085 0 0.005
0.404 0.439 0 0.005
0.404 0.853 0 0.005
0.405 0.688 0 0.005
0.406 0.295 0 0.005
0.406 0.621 0 0.005
0.407 0.226 0 0.005
0.407 0.522 0 0.005
0.407 0.749 0 0.005
0.409 0.461 0 0.005
0.41 0.044 0 0.005
0.41 0.815 0 0.005
0.411 0.538 0 0.005
0.412 0.19 0 0.005
0.412 0.327 0 0.005
0.412 0.909 0 0.005
0.413 0.258 0 0.005
0.413 0.316 0 0.005
0.414 0.154 0 0.005
0.414 0.9977333333333334 0 0.005
0.415 0.348 0 0.005
0.416 0.64 0 0.005
0.416 0.674 0 0.005
0.417 0.964 0 0.005
0.419 0.613 0 0.005
0.419 0.684 0 0.005
0.419 0.726 0 0.005
0.42 0.288 0 0.005
0.42 0.516 0 0.005
0.421 0.221 0 0.005
0.421 0.536 0 0.005
0.421 0.586 0 0.005
0.421 0.71 0 0.005
0.422 0.478 0 0.005
0.422 0.489 0 0.005
0.423 0.034 0 0.005
0.424 0.373 0 0.005
0.424 0.852 0 0.005
0.425 0.084 0 0.005
0.426 0.107 0 0.005
0.426 0.621 0 0.005
0.427 0.272 0 0.005
0.428 0.656 0 0.005
0.428 0.826 0 0.005
0.43 0.161 0 0.005
0.43 0.287 0 0.005
0.433 0.176 0 0.005
0.433 0.688 0 0.005
0.435 0.414 0 0.005
0.437 0.582 0 0.005
0.439 0.035 0 0.005
0.439 0.072 0 0.005
0.439 0.5 0 0.005
0.441 0.002719298245614035 0 0.005
0.441 0.273 0 0.005
0.441 0.399 0 0.005
0.441 0.446 0 0.005
0.442 0.377 0 0.005
0.442 0.432 0 0.005
0.443 0.294 0 0.005
0.443 0.323 0 0.005
0.444 0.854 0 0.005
0.445 0.087 0 0.005
0.445 0.121 0 0.005
0.445 0.159 0 0.005
0.445 0.639 0 0.005
0.446 0.144 0 0.005
0.447 0.175 0 0.005
0.447 0.591 0 0.005
0.447 0.714 0 0.005
0.449 0.536 0 0.005
0.449 0.667 0 0.005
0.449 0.974 0 0.005
0.45 0.478 0 0.005
0.45 0.574 0 0.005
0.451 0.458 0 0.005
0.451 0.655 0 0.005
0.451 0.9972564102564103 0 0.005
0.452 0.0012666666666666666 0 0.005
0.452 0.071 0 0.005
0.453 0.104 0 0.005
0.454 0.706 0 0.005
0.455 0.214 0 0.005
0.455 0.951 0 0.005
0.456 0.081 0 0.005
0.456 0.382 0 0.005
0.456 0.965 0 0.005
0.457 0.797 0 0.005
0.459 0.471 0 0.005
0.459 0.599 0 0.005
0.46 0.26 0 0.005
0.461 0.038 0 0.005
0.461 0.323 0 0.005
0.462 0.53 0 0.005
0.462 0.927 0 0.005
0.463 0.782 0 0.005
0.464 0.46 0 0.005
0.464 0.85 0 0.005
0.464 0.866 0 0.005
0.465 0.903 0 0.005
0.466 0.384 0 0.005
0.466 0.634 0 0.005
0.466 0.9981904761904762 0 0.005
0.467 0.4 0 0.005
0.467 0.71 0 0.005
0.468 0.584 0 0.005
0.468 0.615 0 0.005
0.469 0.125 0 0.005
0.469 0.297 0 0.005
0.469 0.693 0 0.005
0.47 0.172 0 0.005
0.471 0.0008095238095238096 0 0.005
0.471 0.938 0 0.005
0.471 0.957 0 0.005
0.472 0.253 0 0.005
0.472 0.479 0 0.005
0.475 0.019 0 0.005
0.475 0.568 0 0.005
0.477 0.071 0 0.005
0.477 0.65 0 0.005
0.477 0.805 0 0.005
0.479 0.664 0 0.005
0.48 0.115 0 0.005
0.481 0.817 0 0.005
0.482 0.189 0 0.005
0.482 0.488 0 0.005
0.482 0.748 0 0.005
0.484 0.995 0 0.005
0.485 0.004 0 0.005
0.485 0.441 0 0.005
0.486 0.23 0 0.005
0.486 0.527 0 0.005
0.487 0.269 0 0.005
0.488 0.102 0 0.005
0.488 0.648 0 0.005
0.489 0.681 0 0.005
0.49 0.047 0 0.005
0.49 0.155 0 0.005
0.49 0.661 0 0.005
0.49 0.786 0 0.005
0.491 0.343 0 0.005
0.492 0.853 0 0.005
0.492 0.863 0 0.005
0.492 0.887 0 0.005
0.492 0.922 0 0.005
0.493 0.116 0 0.005
0.493 0.128 0 0.005
0.494 0.96 0 0.005
0.495 0.43 0 0.005
0.496 0.327 0 0.005
0.496 0.714 0 0.005
0.497 0.611 0 0.005
0.498 0.53 0 0.005
0.499 0.37 0 0.005
0.5 0.27 0 0.005
0.5 0.67 0 0.005
0.501 0.388 0 0.005
0.502 0.764 0 0.005
0.503 0.311 0 0.005
0.503 0.692 0 0.005
0.503 0.734 0 0.005
0.503 0.923 0 0.005
0.504 0.406 0 0.005
0.504 0.575 0 0.005
0.505 0.025 0 0.005
0.505 0.083 0 0.005
0.505 0.225 0 0.005
0.505 0.953 0 0.005
0.506 0.004 0 0.005
0.506 0.722 0 0.005
0.508 0.679 0 0.005
0.509 0.885 0 0.005
0.511 0.626 0 0.005
0.512 0.705 0 0.005
0.513 0.138 0 0.005
0.513 0.817 0 0.005
0.515 0.275 0 0.005
0.515 0.429 0 0.005
0.517 0.262 0 0.005
0.517 0.595 0 0.005
0.518 0.389 0 0.005
0.518 0.609 0 0.005
0.518 0.903 0 0.005
0.519 0.22 0 0.005
0.519 0.439 0 0.005
0.519 0.517 0 0.005
0.52 0.563 0 0.005
0.52 0.856 0 0.005
0.52 0.867 0 0.005
0.521 0.106 0 0.005
0.521 0.195 0 0.005
0.522 0.456 0 0.005
0.523 0.533 0 0.005
0.523 0.968 0 0.005
0.524 0.663 0 0.005
0.524 0.931 0 0.005
0.525 0.022 0 0.005
0.525 0.229 0 0.005
0.525 0.243 0 0.005
0.526 0.255 0 0.005
0.526 0.578 0 0.005
0.528 0.279 0 0.005
0.528 0.9981904761904762 0 0.005
0.529 0.367 0 0.005
0.529 0.437 0 0.005
0.529 0.692 0 0.005
0.53 0.013 0 0.005
0.531 0.088 0 0.005
0.531 0.319 0 0.005
0.531 0.826 0 0.005
0.532 0.508 0 0.005
0.532 0.624 0 0.005
0.532 0.982 0 0.005
0.534 0.133 0 0.005
0.534 0.332 0 0.005
0.538 0.458 0 0.005
0.541 0.349 0 0.005
0.541 0.55 0 0.005
0.541 0.629 0 0.005
0.542 0.187 0 0.005
0.543 0.48 0 0.005
0.543 0.52 0 0.005
0.544 0.04 0 0.005
0.544 0.109 0 0.005
0.545 0.818 0 0.005
0.546 0.837 0 0.005
0.547 0.689 0 0.005
0.548 0.095 0 0.005
0.549 0.061 0 0.005
0.549 0.703 0 0.005
0.551 0.005 0 0.005
0.551 0.398 0 0.005
0.552 0.764 0 0.005
0.552 0.953 0 0.005
0.553 0.877 0 0.005
0.554 0.5 0 0.005
0.556 0.804 0 0.005
0.557 0.562 0 0.005
0.558 0.184 0 0.005
0.558 0.368 0 0.005
0.559 0.308 0 0.005
0.56 0.162 0 0.005
0.56 0.742 0 0.005
0.56 0.753 0 0.005
0.56 0.862 0 0.005
0.561 0.277 0 0.005
0.561 0.844 0 0.005
0.563 0.05 0 0.005
0.563 0.084 0 0.005
0.563 0.542 0 0.005
0.564 0.215 0 0.005
0.564 0.6 0 0.005
0.564 0.975 0 0.005
0.565 0.025 0 0.005
0.565 0.072 0 0.005
0.565 0.626 0 0.005
0.567 0.374 0 0.005
0.568 0.487 0 0.005
0.57 0.225 0 0.005
0.571 0.185 0 0.005
0.571 0.338 0 0.005
0.572 0.727 0 0.005
0.573 0.635 0 0.005
0.574 0.445 0 0.005
0.574 0.913 0 0.005
0.575 0.0017435897435897436 0 0.005
0.575 0.654 0 0.005
0.576 0.76 0 0.005
0.579 0.019 0 0.005
0.579 0.548 0 0.005
0.579 0.719 0 0.005
0.579 0.832 0 0.005
0.58 0.232 0 0.005
0.581 0.895 0 0.005
0.581 0.975 0 0.005
0.585 0.492 0 0.005
0.585 0.519 0 0.005
0.585 0.806 0 0.005
0.586 0.179 0 0.005
0.587 0.943 0 0.005
0.588 0.166 0 0.005
0.588 0.477 0 0.005
0.588 0.642 0 0.005
0.588 0.959 0 0.005
0.589 0.761 0 0.005
0.591 0.984 0 0.005
0.592 0.868 0 0.005
0.593 0.618 0 0.005
0.593 0.747 0 0.005
0.593 0.922 0 0.005
0.594 0.378 0 0.005
0.594 0.539 0 0.005
0.595 0.899 0 0.005
0.596 0.361 0 0.005
0.597 0.132 0 0.005
0.598 0.551 0 0.005
0.599 0.319 0 0.005
0.599 0.495 0 0.005
0.599 0.936 0 0.005
0.6 0.832 0 0.005
0.6 0.879 0 0.005
0.601 0.179 0 0.005
0.601 0.301 0 0.005
0.601 0.343 0 0.005
0.602 0.098 0 0.005
0.602 0.152 0 0.005
0.602 0.447 0 0.005
0.602 0.758 0 0.005
0.604 0.024 0 0.005
0.604 0.26 0 0.005
0.604 0.481 0 0.005
0.605 0.247 0 0.005
0.605 0.716 0 0.005
0.606 0.012 0 0.005
0.607 0.074 0 0.005
0.607 0.582 0 0.005
0.607 0.735 0 0.005
0.609 0.224 0 0.005
0.609 0.405 0 0.005
0.61 0.497 0 0.005
0.613 0.768 0 0.005
0.614 0.211 0 0.005
0.615 0.256 0 0.005
0.616 0.902 0 0.005
0.617 0.67 0 0.005
0.617 0.805 0 0.005
0.617 0.888 0 0.005
0.618 0.573 0 0.005
0.618 0.653 0 0.005
0.618 0.936 0 0.005
0.619 0.382 0 0.005
0.619 0.411 0 0.005
0.62 0.073 0 0.005
0.62 0.696 0 0.005
0.621 0.053 0 0.005
0.621 0.337 0 0.005
0.621 0.989 0 0.005
0.623 0.919 0 0.005
0.624 0.721 0 0.005
0.625 0.259 0 0.005
0.627 0.491 0 0.005
0.627 0.852 0 0.005
0.628 0.406 0 0.005
0.628 0.462 0 0.005
0.628 0.501 0 0.005
0.629 0.737 0 0.005
0.63 0.159 0 0.005
0.63 0.342 0 0.005
0.631 0.592 0 0.005
0.631 0.825 0 0.005
0.632 0.602 0 0.005
0.633 0.085 0 0.005
0.634 0.181 0 0.005
0.634 0.194 0 0.005
0.634 0.912 0 0.005
0.635 0.119 0 0.005
0.635 0.253 0 0.005
0.635 0.288 0 0.005
0.636 0.276 0 0.005
0.637 0.978 0 0.005
0.638 0.748 0 0.005
0.644 0.132 0 0.005
0.645 0.787 0 0.005
0.647 0.837 0 0.005
0.647 0.849 0 0.005
0.648 0.269 0 0.005
0.648 0.615 0 0.005
0.648 0.763 0 0.005
0.649 0.341 0 0.005
0.649 0.517 0 0.005
0.65 0.889 0 0.005
0.651 0.714 0 0.005
0.653 0.741 0 0.005
0.654 0.947 0 0.005
0.655 0.259 0 0.005
0.655 0.302 0 0.005
0.655 0.358 0 0.005
0.655 0.557 0 0.005
0.656 0.239 0 0.005
0.656 0.441 0 0.005
0.657 0.156 0 0.005
0.658 0.098 0 0.005
0.658 0.779 0 0.005
0.659 0.751 0 0.005
0.659 0.796 0 0.005
0.659 0.993 0 0.005
0.66 0.849 0 0.005
0.66 0.881 0 0.005
0.663 0.46 0 0.005
0.664 0.172 0 0.005
0.664 0.291 0 0.005
0.664 0.494 0 0.005
0.665 0.195 0 0.005
0.665 0.414 0 0.005
0.666 0.048 0 0.005
0.666 0.976 0 0.005
0.667 0.402 0 0.005
0.668 0.471 0 0.005
0.668 0.706 0 0.005
0.669 0.334 0 0.005
0.673 0.511 0 0.005
0.673 0.879 0 0.005
0.675 0.367 0 0.005
0.675 0.909 0 0.005
0.677 0.996280701754386 0 0.005
0.678 0.196 0 0.005
0.678 0.493 0 0.005
0.679 0.01 0 0.005
0.679 0.088 0 0.005
0.679 0.297 0 0.005
0.681 0.81 0 0.005
0.682 0.472 0 0.005
0.682 0.749 0 0.005
0.683 0.061 0 0.005
0.685 0.455 0 0.005
0.686 0.609 0 0.005
0.686 0.992 0 0.005
0.687 0.936 0 0.005
0.688 0.0022291666666666666 0 0.005
0.688 0.326 0 0.005
0.689 0.268 0 0.005
0.69 0.212 0 0.005
0.69 0.788 0 0.005
0.691 0.587 0 0.005
0.692 0.041 0 0.005
0.692 0.281 0 0.005
0.693 0.697 0 0.005
0.694 0.256 0 0.005
0.694 0.873 0 0.005
0.695 0.239 0 0.005
0.696 0.67 0 0.005
0.697 0.148 0 0.005
0.697 0.301 0 0.005
0.698 0.179 0 0.005
0.698 0.681 0 0.005
0.699 0.425 0 0.005
0.699 0.505 0 0.005
0.699 0.963 0 0.005
0.7 0.085 0 0.005
0.7 0.217 0 0.005
0.701 0.437 0 0.005
0.701 0.771 0 0.005
0.701 0.823 0 0.005
0.702 0.118 0 0.005
0.702 0.468 0 0.005
0.702 0.562 0 0.005
0.702 0.934 0 0.005
0.703 0.387 0 0.005
0.705 0.269 0 0.005
0.705 0.623 0 0.005
0.706 0.657 0 0.005
0.707 0.708 0 0.005
0.708 0.078 0 0.005
0.709 0.553 0 0.005
0.71 0.154 0 0.005
0.71 0.327 0 0.005
0.71 0.866 0 0.005
0.711 0.257 0 0.005
0.711 0.637 0 0.005
0.711 0.962 0 0.005
0.713 0.447 0 0.005
0.716 0.008 0 0.005
0.716 0.345 0 0.005
0.717 0.653 0 0.005
0.717 0.715 0 0.005
0.72 0.514 0 0.005
0.721 0.023 0 0.005
0.721 0.324 0 0.005
0.721 0.929 0 0.005
0.722 0.261 0 0.005
0.722 0.753 0 0.005
0.723 0.866 0 0.005
0.724 0.04 0 0.005
0.725 0.405 0 0.005
0.725 0.426 0 0.005
0.725 0.662 0 0.005
0.726 0.064 0 0.005
0.728 0.303 0 0.005
0.728 0.762 0 0.005
0.728 0.853 0 0.005
0.729 0.152 0 0.005
0.729 0.239 0 0.005
0.729 0.337 0 0.005
0.729 0.703 0 0.005
0.73 0.615 0 0.005
0.731 0.443 0 0.005
0.733 0.477 0 0.005
0.734 0.459 0 0.005
0.735 0.085 0 0.005
0.735 0.633 0 0.005
0.736 0.901 0 0.005
0.737 0.229 0 0.005
0.738 0.038 0 0.005
0.738 0.202 0 0.005
0.738 0.358 0 0.005
0.739 0.421 0 0.005
0.739 0.468 0 0.005
0.74 0.064 0 0.005
0.74 0.37 0 0.005
0.741 0.318 0 0.005
0.742 0.294 0 0.005
0.742 0.56 0 0.005
0.742 0.715 0 0.005
0.743 0.857 0 0.005
0.744 0.758 0 0.005
0.745 0.881 0 0.005
0.746 0.982 0 0.005
0.747 0.101 0 0.005
0.748 0.38 0 0.005
0.748 0.651 0 0.005
0.749 0.518 0 0.005
0.751 0.174 0 0.005
0.751 0.553 0 0.005
0.752 0.445 0 0.005
0.755 0.766 0 0.005
0.755 0.945 0 0.005
0.756 0.006 0 0.005
0.756 0.476 0 0.005
0.756 0.919 0 0.005
0.757 0.136 0 0.005
0.757 0.353 0 0.005
0.758 0.299 0 0.005
0.758 0.365 0 0.005
0.758 0.533 0 0.005
0.758 0.826 0 0.005
0.762 0.27 0 0.005
0.762 0.74 0 0.005
0.763 0.283 0 0.005
0.763 0.318 0 0.005
0.764 0.483 0 0.005
0.764 0.685 0 0.005
0.765 0.231 0 0.005
0.765 0.587 0 0.005
0.765 0.599 0 0.005
0.765 0.941 0 0.005
0.765 0.969 0 0.005
0.766 0.03 0 0.005
0.766 0.464 0 0.005
0.766 0.624 0 0.005
0.768 0.532 0 0.005
0.769 0.161 0 0.005
0.77 0.063 0 0.005
0.77 0.078 0 0.005
0.771 0.56 0 0.005
0.773 0.332 0 0.005
0.773 0.51 0 0.005
0.774 0.702 0 0.005
0.775 0.392 0 0.005
0.776 0.278 0 0.005
0.778 0.48 0 0.005
0.779 0.023 0 0.005
0.779 0.118 0 0.005
0.779 0.538 0 0.005
0.779 0.739 0 0.005
0.78 0.077 0 0.005
0.78 0.598 0 0.005
0.78 0.634 0 0.005
0.781 0.366 0 0.005
0.782 0.97 0 0.005
0.784 0.014 0 0.005
0.784 0.588 0 0.005
0.785 0.349 0 0.005
0.785 0.495 0 0.005
0.785 0.677 0 0.005
0.786 0.171 0 0.005
0.785 0.0 0 0.005
0.788 0.385 0 0.005
0.788 0.724 0 0.005
0.789 0.789 0 0.005
0.79 0.259 0 0.005
0.791 0.18 0 0.005
0.795 0.518 0 0.005
0.796 0.208 0 0.005
0.796 0.227 0 0.005
0.797 0.54 0 0.005
0.798 0.493 0 0.005
0.799 0.566 0 0.005
0.799 0.767 0 0.005
0.8 0.32 0 0.005
0.801 0.11 0 0.005
0.801 0.508 0 0.005
0.802 0.357 0 0.005
0.802 0.915 0 0.005
0.803 0.416 0 0.005
0.803 0.688 0 0.005
0.804 0.156 0 0.005
0.804 0.452 0 0.005
0.804 0.602 0 0.005
0.805 0.406 0 0.005
0.805 0.707 0 0.005
0.807 0.76 0 0.005
0.807 0.897 0 0.005
0.808 0.633 0 0.005
0.808 0.72 0 0.005
0.809 0.245 0 0.005
0.811 0.862 0 0.005
0.812 0.646 0 0.005
0.813 0.345 0 0.005
0.813 0.471 0 0.005
0.814 0.125 0 0.005
0.814 0.6 0 0.005
0.814 0.9981904761904762 0 0.005
0.815 0.4 0 0.005
0.815 0.659 0 0.005
0.815 0.739 0 0.005
0.817 0.008 0 0.005
0.817 0.311 0 0.005
0.817 0.514 0 0.005
0.818 0.929 0 0.005
0.819 0.045 0 0.005
0.819 0.79 0 0.005
0.821 0.882 0 0.005
0.822 0.413 0 0.005
0.823 0.297 0 0.005
0.824 0.429 0 0.005
0.824 0.91 0 0.005
0.825 0.339 0 0.005
0.825 0.753 0 0.005
0.826 0.221 0 0.005
0.827 0.87 0 0.005
0.828 0.937 0 0.005
0.831 0.537 0 0.005
0.831 0.631 0 0.005
0.833 0.147 0 0.005
0.834 0.589 0 0.005
0.834 0.831 0 0.005
0.835 0.163 0 0.005
0.835 0.703 0 0.005
0.836 0.47 0 0.005
0.837 0.489 0 0.005
0.837 0.964 0 0.005
0.838 0.938 0 0.005
0.839 0.113 0 0.005
0.84 0.913 0 0.005
0.842 0.082 0 0.005
0.842 0.462 0 0.005
0.842 0.689 0 0.005
0.844 0.32 0 0.005
0.844 0.411 0 0.005
0.845 0.395 0 0.005
0.846 0.587 0 0.005
0.847 0.169 0 0.005
0.847 0.245 0 0.005
0.847 0.9972564102564103 0 0.005
0.848 0.494 0 0.005
0.851 0.871 0 0.005
0.852 0.381 0 0.005
0.852 0.63 0 0.005
0.852 0.641 0 0.005
0.854 0.437 0 0.005
0.854 0.754 0 0.005
0.854 0.934 0 0.005
0.856 0.883 0 0.005
0.857 0.264 0 0.005
0.857 0.684 0 0.005
0.857 0.734 0 0.005
0.857 0.975 0 0.005
0.861 0.669 0 0.005
0.861 0.716 0 0.005
0.862 0.396 0 0.005
0.862 0.897 0 0.005
0.863 0.088 0 0.005
0.863 0.12 0 0.005
0.865 0.047 0 0.005
0.866 0.321 0 0.005
0.866 0.575 0 0.005
0.866 0.766 0 0.005
0.867 0.387 0 0.005
0.868 0.132 0 0.005
0.869 0.059 0 0.005
0.869 0.643 0 0.005
0.869 0.749 0 0.005
0.871 0.163 0 0.005
0.871 0.518 0 0.005
0.871 0.852 0 0.005
0.872 0.333 0 0.005
0.873 0.83 0 0.005
0.873 0.92 0 0.005
0.874 0.099 0 0.005
0.874 0.261 0 0.005
0.875 0.504 0 0.005
0.876 0.284 0 0.005
0.876 0.452 0 0.005
0.877 0.191 0 0.005
0.877 0.58 0 0.005
0.878 0.052 0 0.005
0.878 0.123 0 0.005
0.878 0.248 0 0.005
0.879 0.61 0 0.005
0.879 0.885 0 0.005
0.88 0.214 0 0.005
0.881 0.843 0 0.005
0.883 0.168 0 0.005
0.884 0.064 0 0.005
0.884 0.986 0 0.005
0.885 0.461 0 0.005
0.885 0.768 0 0.005
0.886 0.627 0 0.005
0.887 0.511 0 0.005
0.887 0.893 0 0.005
0.889 0.185 0 0.005
0.889 0.615 0 0.005
0.889 0.641 0 0.005
0.889 0.743 0 0.005
0.89 0.131 0 0.005
0.891 0.246 0 0.005
0.891 0.267 0 0.005
0.892 0.006 0 0.005
0.892 0.285 0 0.005
0.893 0.947 0 0.005
0.894 0.833 0 0.005
0.895 0.175 0 0.005
0.896 0.919 0 0.005
0.897 0.024 0 0.005
0.897 0.444 0 0.005
0.897 0.858 0 0.005
0.897 0.869 0 0.005
0.898 0.095 0 0.005
0.898 0.67 0 0.005
0.9 0.391 0 0.005
0.9 0.885 0 0.005
0.902 0.238 0 0.005
0.902 0.839 0 0.005
0.903 0.613 0 0.005
0.904 0.152 0 0.005
0.904 0.431 0 0.005
0.904 0.678 0 0.005
0.904 0.693 0 0.005
0.904 0.964 0 0.005
0.905 0.722 0 0.005
0.906 0.903 0 0.005
0.909 0.188 0 0.005
0.909 0.323 0 0.005
0.91 0.866 0 0.005
0.911 0.253 0 0.005
0.911 0.641 0 0.005
0.912 0.05 0 0.005
0.913 0.075 0 0.005
0.913 0.459 0 0.005
0.918 0.93 0 0.005
0.919 0.024 0 0.005
0.919 0.211 0 0.005
0.919 0.295 0 0.005
0.921 0.908 0 0.005
0.923 0.957 0 0.005
0.924 0.124 0 0.005
0.926 0.429 0 0.005
0.927 0.231 0 0.005
0.927 0.495 0 0.005
0.927 0.703 0 0.005
0.929 0.377 0 0.005
0.93 0.092 0 0.005
0.93 0.26 0 0.005
0.931 0.789 0 0.005
0.932 0.282 0 0.005
0.932 0.877 0 0.005
0.933 0.311 0 0.005
0.933 0.449 0 0.005
0.935 0.436 0 0.005
0.935 0.464 0 0.005
0.935 0.569 0 0.005
0.935 0.992 0 0.005
0.938 0.938 0 0.005
0.938 0.952 0 0.005
0.939 0.583 0 0.005
0.94 0.331 0 0.005
0.94 0.606 0 0.005
0.941 0.201 0 0.005
0.942 0.777 0 0.005
0.943 0.068 0 0.005
0.943 0.217 0 0.005
0.943 0.416 0 0.005
0.945 0.689 0 0.005
0.946 0.083 0 0.005
0.947 0.174 0 0.005
0.947 0.89 0 0.005
0.948 0.561 0 0.005
0.948 0.638 0 0.005
0.949 0.464 0 0.005
0.949 0.958 0 0.005
0.95 0.377 0 0.005
0.95 0.753 0 0.005
0.951 0.025 0 0.005
0.951 0.056 0 0.005
0.951 0.847 0 0.005
0.952 0.926 0 0.005
0.953 0.223 0 0.005
0.953 0.354 0 0.005
0.954 0.52 0 0.005
0.956 0.969 0 0.005
0.957 0.498 0 0.005
0.958 0.155 0 0.005
0.958 0.661 0 0.005
0.959 0.103 0 0.005
0.961 0.398 0 0.005
0.965 0.423 0 0.005
0.965 0.774 0 0.005
0.965 0.901 0 0.005
0.967 0.307 0 0.005
0.967 0.676 0 0.005
0.968 0.049 0 0.005
0.968 0.434 0 0.005
0.968 0.711 0 0.005
0.969 0.458 0 0.005
0.969 0.629 0 0.005
0.969 0.823 0 0.005
0.971 0.701 0 0.005
0.971 0.744 0 0.005
0.971 0.79 0 0.005
0.973 0.572 0 0.005
0.974 0.012 0 0.005
0.974 0.522 0 0.005
0.976 0.256 0 0.005
0.976 0.483 0 0.005
0.976 0.849 0 0.005
0.979 0.731 0 0.005
0.98 0.497 0 0.005
0.98 0.682 0 0.005
0.981 0.331 0 0.005
0.981 0.442 0 0.005
0.981 0.778 0 0.005
0.981 0.875 0 0.005
0.982 0.239 0 0.005
0.982 0.955 0 0.005
0.983 0.54 0 0.005
0.983 0.628 0 0.005
0.984 0.179 0 0.005
0.984 0.366 0 0.005
0.984 0.995 0 0.005
0.986 0.072 0 0.005
0.986 0.56 0 0.005
0.988 0.3 0 0.005
0.988 0.756 0 0.005
0.99 0.262 0 0.005
0.99 0.676 0 0.005
0.991 0.44 0 0.005
0.991 0.494 0 0.005
0.991 0.606 0 0.005
0.992 0.508 0 0.005
0.993 0.55 0 0.005
0.993 0.777 0 0.005
0.994 0.221 0 0.005
0.994 0.378 0 0.005
0.994 0.732 0 0.005
0.995 0.113 0 0.005
0.995 0.958 0 0.005
0.9956875 0.057 0 0.005
0.9956875 0.273 0 0.005
0.9956875 0.41 0 0.005
0.9956875 0.426 0 0.005
0.9956875 0.618 0 0.005
0.996280701754386 0.898 0 0.005
0.996280701754386 0.978 0 0.005
0.996280701754386 0.991 0 0.005
0.9972564102564103 0.471 0 0.005
0.9977333333333334 0.563 0 0.005
0.9977333333333334 0.794 0 0.005
0.9981904761904762 0.337 0 0.005
0.9985833333333334 0.908 0 0.005
0.999 0.006 0 0.005
