0.0017435897435897436 0.005 0 0.005
0.0004166666666666667 0.049 0 0.005
0.0012666666666666666 0.077 0 0.005
0.0 0.092 0 0.005
0.0033125 0.1 0 0.005
0.004 0.12 0 0.005
0.0012666666666666666 0.194 0 0.005
0.004 0.217 0 0.005
0.0004166666666666667 0.233 0 0.005
0.0008095238095238096 0.282 0 0.005
0.002719298245614035 0.293 0 0.005
0.0012666666666666666 0.339 0 0.005
0.0008095238095238096 0.363 0 0.005
0.0 0.386 0 0.005
0.0017435897435897436 0.412 0 0.005
0.0017435897435897436 0.425 0 0.005
0.0017435897435897436 0.47 0 0.005
0.0008095238095238096 0.486 0 0.005
0.0033125 0.514 0 0.005
0.0012666666666666666 0.53 0 0.005
0.0004166666666666667 0.549 0 0.005
0.0017435897435897436 0.561 0 0.005
0.0 0.583 0 0.005
0.0022291666666666666 0.616 0 0.005
0.0 0.68 0 0.005
0.002719298245614035 0.693 0 0.005
0.0004166666666666667 0.781 0 0.005
0.0008095238095238096 0.814 0 0.005
0.0012666666666666666 0.829 0 0.005
0.002719298245614035 0.929 0 0.005
0.0004166666666666667 0.945 0 0.005
0.0 0.999 0 0.005
0.005 0.454 0 0.005
0.005 0.601 0 0.005
0.005 0.897 0 0.005
0.005 0.961 0 0.005
0.006 0.035 0 0.005
0.006 0.674 0 0.005
0.006 0.803 0 0.005
0.006 0.857 0 0.005
0.006 0.867 0 0.005
0.006 0.983 0 0.005
0.007 0.248 0 0.005
0.008 0.777 0 0.005
0.009 0.301 0 0.005
0.009 0.648 0 0.005
0.01 0.422 0 0.005
0.01 0.547 0 0.005
0.01 0.915 0 0.005
0.011 0.33 0 0.005
0.011 0.7 0 0.005
0.011 0.741 0 0.005
0.01 0.9985833333333334 0 0.005
0.012 0.189 0 0.005
0.012 0.94 0 0.005
0.013 0.054 0 0.005
0.013 0.071 0 0.005
0.013 0.466 0 0.005
0.013 0.825 0 0.005
0.015 0.62 0 0.005
0.017 0.036 0 0.005
0.017 0.494 0 0.005
0.017 0.952 0 0.005
0.018 0.352 0 0.005
0.019 0.391 0 0.005
0.019 0.43 0 0.005
0.019 0.776 0 0.005
0.02 0.148 0 0.005
0.02 0.672 0 0.005
0.02 0.842 0 0.005
0.021 0.1 0 0.005
0.021 0.117 0 0.005
0.021 0.662 0 0.005
0.021 0.867 0 0.005
0.022 0.172 0 0.005
0.022 0.187 0 0.005
0.022 0.288 0 0.005
0.022 0.323 0 0.005
0.022 0.472 0 0.005
0.022 0.594 0 0.005
0.022 0.892 0 0.005
0.022 0.906 0 0.005
0.023 0.303 0 0.005
0.023 0.455 0 0.005
0.023 0.556 0 0.005
0.023 0.643 0 0.005
0.023 0.734 0 0.005
0.024 0.52 0 0.005
0.025 0.045 0 0.005
0.025 0.313 0 0.005
0.025 0.623 0 0.005
0.025 0.796 0 0.005
0.026 0.918 0 0.005
0.026 0.965 0 0.005
0.027 0.582 0 0.005
0.027 0.812 0 0.005
0.027 0.833 0 0.005
0.028 0.138 0 0.005
0.028 0.201 0 0.005
0.028 0.486 0 0.005
0.028 0.634 0 0.005
0.029 0.063 0 0.005
0.029 0.23 0 0.005
0.029 0.497 0 0.005
0.029 0.722 0 0.005
0.03 0.0017435897435897436 0 0.005
0.03 0.282 0 0.005
0.03 0.439 0 0.005
0.03 0.7 0 0.005
0.031 0.15 0 0.005
0.031 0.211 0 0.005
0.031 0.61 0 0.005
0.031 0.767 0 0.005
0.032 0.397 0 0.005
0.033 0.036 0 0.005
0.033 0.46 0 0.005
0.033 0.65 0 0.005
0.033 0.738 0 0.005
0.033 0.781 0 0.005
0.034 0.319 0 0.005
0.034 0.854 0 0.005
0.034 0.9956875 0 0.005
0.035 0.299 0 0.005
0.035 0.594 0 0.005
0.036 0.386 0 0.005
0.036 0.93 0 0.005
0.037 0.113 0 0.005
0.037 0.92 0 0.005
0.038 0.135 0 0.005
0.038 0.199 0 0.005
0.038 0.289 0 0.005
0.038 0.506 0 0.005
0.039 0.268 0 0.005
0.039 0.569 0 0.005
0.039 0.628 0 0.005
0.04 0.159 0 0.005
0.04 0.69 0 0.005
0.041 0.47 0 0.005
0.041 0.706 0 0.005
0.041 0.806 0 0.005
0.041 0.881 0 0.005
0.042 0.17 0 0.005
0.042 0.733 0 0.005
0.044 0.315 0 0.005
0.044 0.328 0 0.005
0.044 0.657 0 0.005
0.044 0.796 0 0.005
0.045 0.425 0 0.005
0.045 0.533 0 0.005
0.045 0.618 0 0.005
0.046 0.1 0 0.005
0.047 0.216 0 0.005
0.047 0.297 0 0.005
0.047 0.852 0 0.005
0.047 0.9 0 0.005
0.048 0.149 0 0.005
0.048 0.349 0 0.005
0.048 0.77 0 0.005
0.049 0.058 0 0.005
0.049 0.181 0 0.005
0.049 0.678 0 0.005
0.047 0.999 0 0.005
0.05 0.46 0 0.005
0.05 0.502 0 0.005
0.05 0.607 0 0.005
0.05 0.688 0 0.005
0.05 0.713 0 0.005
0.05 0.745 0 0.005
0.051 0.366 0 0.005
0.051 0.59 0 0.005
0.051 0.667 0 0.005
0.051 0.808 0 0.005
0.052 0.042 0 0.005
0.052 0.278 0 0.005
0.052 0.573 0 0.005
0.052 0.869 0 0.005
0.053 0.513 0 0.005
0.054 0.108 0 0.005
0.054 0.196 0 0.005
0.054 0.396 0 0.005
0.054 0.891 0 0.005
0.055 0.09 0 0.005
0.057 0.243 0 0.005
0.057 0.634 0 0.005
0.057 0.966 0 0.005
0.058 0.41 0 0.005
0.058 0.924 0 0.005
0.058 0.982 0 0.005
0.059 0.488 0 0.005
0.059 0.654 0 0.005
0.059 0.703 0 0.005
0.059 0.783 0 0.005
0.06 0.26 0 0.005
0.06 0.597 0 0.005
0.06 0.723 0 0.005
0.061 0.171 0 0.005
0.061 0.272 0 0.005
0.062 0.337 0 0.005
0.063 0.051 0 0.005
0.063 0.713 0 0.005
0.063 0.813 0 0.005
0.064 0.133 0 0.005
0.064 0.581 0 0.005
0.065 0.115 0 0.005
0.065 0.671 0 0.005
0.065 0.842 0 0.005
0.066 0.306 0 0.005
0.066 0.355 0 0.005
0.066 0.365 0 0.005
0.066 0.399 0 0.005
0.067 0.022 0 0.005
0.067 0.186 0 0.005
0.067 0.538 0 0.005
0.067 0.878 0 0.005
0.068 0.202 0 0.005
0.068 0.445 0 0.005
0.068 0.832 0 0.005
0.069 0.265 0 0.005
0.07 0.555 0 0.005
0.071 0.432 0 0.005
0.071 0.499 0 0.005
0.071 0.751 0 0.005
0.073 0.243 0 0.005
0.073 0.318 0 0.005
0.073 0.575 0 0.005
0.073 0.647 0 0.005
0.073 0.779 0 0.005
0.073 0.975 0 0.005
0.074 0.624 0 0.005
0.075 0.985 0 0.005
0.076 0.233 0 0.005
0.076 0.609 0 0.005
0.076 0.715 0 0.005
0.076 0.855 0 0.005
0.077 0.061 0 0.005
0.077 0.272 0 0.005
0.077 0.37 0 0.005
0.077 0.396 0 0.005
0.078 0.809 0 0.005
0.079 0.047 0 0.005
0.079 0.104 0 0.005
0.079 0.517 0 0.005
0.079 0.96 0 0.005
0.08 0.025 0 0.005
0.08 0.737 0 0.005
0.081 0.071 0 0.005
0.081 0.206 0 0.005
0.081 0.538 0 0.005
0.082 0.224 0 0.005
0.082 0.286 0 0.005
0.083 0.116 0 0.005
0.083 0.153 0 0.005
0.083 0.575 0 0.005
0.084 0.433 0 0.005
0.084 0.47 0 0.005
0.084 0.75 0 0.005
0.084 0.917 0 0.005
0.085 0.009 0 0.005
0.086 0.684 0 0.005
0.087 0.0008095238095238096 0 0.005
0.087 0.253 0 0.005
0.087 0.277 0 0.005
0.087 0.356 0 0.005
0.087 0.882 0 0.005
0.087 0.99 0 0.005
0.088 0.554 0 0.005
0.088 0.906 0 0.005
0.089 0.127 0 0.005
0.089 0.183 0 0.005
0.089 0.9977333333333334 0 0.005
0.09 0.061 0 0.005
0.09 0.09 0 0.005
0.09 0.162 0 0.005
0.09 0.198 0 0.005
0.09 0.385 0 0.005
0.09 0.671 0 0.005
0.09 0.894 0 0.005
0.091 0.21 0 0.005
0.091 0.37 0 0.005
0.091 0.402 0 0.005
0.091 0.48 0 0.005
0.091 0.592 0 0.005
0.092 0.077 0 0.005
0.092 0.461 0 0.005
0.093 0.101 0 0.005
0.093 0.494 0 0.005
0.093 0.814 0 0.005
0.094 0.441 0 0.005
0.094 0.639 0 0.005
0.095 0.142 0 0.005
0.095 0.545 0 0.005
0.095 0.616 0 0.005
0.095 0.941 0 0.005
0.096 0.258 0 0.005
0.096 0.725 0 0.005
0.097 0.431 0 0.005
0.097 0.782 0 0.005
0.097 0.799 0 0.005
0.098 0.421 0 0.005
0.098 0.628 0 0.005
0.098 0.975 0 0.005
0.099 0.0008095238095238096 0 0.005
0.099 0.557 0 0.005
0.099 0.858 0 0.005
0.099 0.868 0 0.005
0.1 0.089 0 0.005
0.1 0.234 0 0.005
0.1 0.576 0 0.005
0.1 0.653 0 0.005
0.1 0.75 0 0.005
0.1 0.886 0 0.005
0.102 0.738 0 0.005
0.103 0.115 0 0.005
0.103 0.131 0 0.005
0.103 0.25 0 0.005
0.103 0.325 0 0.005
0.103 0.362 0 0.005
0.103 0.51 0 0.005
0.103 0.92 0 0.005
0.104 0.292 0 0.005
0.104 0.593 0 0.005
0.104 0.705 0 0.005
0.104 0.814 0 0.005
0.104 0.961 0 0.005
0.105 0.178 0 0.005
0.105 0.449 0 0.005
0.105 0.615 0 0.005
0.105 0.769 0 0.005
0.105 0.827 0 0.005
0.106 0.499 0 0.005
0.106 0.669 0 0.005
0.106 0.68 0 0.005
0.107 0.006 0 0.005
0.107 0.039 0 0.005
0.107 0.068 0 0.005
0.107 0.078 0 0.005
0.107 0.93 0 0.005
0.108 0.605 0 0.005
0.108 0.717 0 0.005
0.109 0.142 0 0.005
0.109 0.982 0 0.005
0.111 0.232 0 0.005
0.111 0.415 0 0.005
0.111 0.993 0 0.005
0.112 0.9 0 0.005
0.114 0.157 0 0.005
0.114 0.595 0 0.005
0.114 0.798 0 0.005
0.115 0.056 0 0.005
0.115 0.694 0 0.005
0.115 0.852 0 0.005
0.116 0.088 0 0.005
0.116 0.309 0 0.005
0.116 0.704 0 0.005
0.116 0.937 0 0.005
0.117 0.173 0 0.005
0.117 0.214 0 0.005
0.117 0.43 0 0.005
0.117 0.474 0 0.005
0.118 0.291 0 0.005
0.118 0.356 0 0.005
0.119 0.273 0 0.005
0.119 0.377 0 0.005
0.119 0.406 0 0.005
0.119 0.5 0 0.005
0.12 0.035 0 0.005
0.12 0.109 0 0.005
0.12 0.39 0 0.005
0.12 0.609 0 0.005
0.12 0.769 0 0.005
0.121 0.241 0 0.005
0.121 0.557 0 0.005
0.121 0.725 0 0.005
0.121 0.874 0 0.005
0.122 0.182 0 0.005
0.122 0.459 0 0.005
0.122 0.643 0 0.005
0.122 0.916 0 0.005
0.123 0.831 0 0.005
0.123 0.951 0 0.005
0.124 0.163 0 0.005
0.124 0.785 0 0.005
0.125 0.097 0 0.005
0.125 0.339 0 0.005
0.125 0.448 0 0.005
0.125 0.571 0 0.005
0.125 0.673 0 0.005
0.125 0.801 0 0.005
0.126 0.153 0 0.005
0.127 0.133 0 0.005
0.127 0.231 0 0.005
0.127 0.691 0 0.005
0.127 0.812 0 0.005
0.127 0.845 0 0.005
0.128 0.865 0 0.005
0.128 0.981 0 0.005
0.129 0.397 0 0.005
0.13 0.297 0 0.005
0.13 0.751 0 0.005
0.131 0.261 0 0.005
0.132 0.241 0 0.005
0.132 0.283 0 0.005
0.132 0.898 0 0.005
0.133 0.705 0 0.005
0.134 0.368 0 0.005
0.134 0.601 0 0.005
0.134 0.736 0 0.005
0.134 0.941 0 0.005
0.134 0.972 0 0.005
0.135 0.428 0 0.005
0.135 0.45 0 0.005
0.135 0.627 0 0.005
0.135 0.9981904761904762 0 0.005
0.136 0.317 0 0.005
0.136 0.68 0 0.005
0.136 0.857 0 0.005
0.137 0.013 0 0.005
0.137 0.03 0 0.005
0.137 0.062 0 0.005
0.137 0.155 0 0.005
0.138 0.051 0 0.005
0.138 0.137 0 0.005
0.138 0.306 0 0.005
0.138 0.869 0 0.005
0.138 0.959 0 0.005
0.139 0.469 0 0.005
0.139 0.496 0 0.005
0.139 0.648 0 0.005
0.14 0.765 0 0.005
0.142 0.261 0 0.005
0.142 0.349 0 0.005
0.142 0.378 0 0.005
0.142 0.48 0 0.005
0.143 0.039 0 0.005
0.143 0.784 0 0.005
0.144 0.107 0 0.005
0.144 0.146 0 0.005
0.144 0.712 0 0.005
0.145 0.209 0 0.005
0.145 0.922 0 0.005
0.146 0.59 0 0.005
0.146 0.774 0 0.005
0.147 0.226 0 0.005
0.147 0.622 0 0.005
0.147 0.738 0 0.005
0.147 0.748 0 0.005
0.148 0.094 0 0.005
0.148 0.184 0 0.005
0.148 0.241 0 0.005
0.148 0.366 0 0.005
0.148 0.654 0 0.005
0.149 0.057 0 0.005
0.149 0.7 0 0.005
0.149 0.81 0 0.005
0.15 0.119 0 0.005
0.15 0.579 0 0.005
0.151 0.356 0 0.005
0.151 0.395 0 0.005
0.151 0.461 0 0.005
0.151 0.565 0 0.005
0.151 0.792 0 0.005
0.152 0.313 0 0.005
0.152 0.336 0 0.005
0.152 0.501 0 0.005
0.152 0.963 0 0.005
0.153 0.012 0 0.005
0.153 0.49 0 0.005
0.153 0.839 0 0.005
0.155 0.616 0 0.005
0.155 0.716 0 0.005
0.155 0.995 0 0.005
0.156 0.209 0 0.005
0.157 0.156 0 0.005
0.157 0.231 0 0.005
0.157 0.266 0 0.005
0.157 0.645 0 0.005
0.158 0.298 0 0.005
0.159 0.631 0 0.005
0.159 0.694 0 0.005
0.159 0.743 0 0.005
0.16 0.925 0 0.005
0.161 0.397 0 0.005
0.162 0.059 0 0.005
0.162 0.072 0 0.005
0.162 0.144 0 0.005
0.162 0.568 0 0.005
0.162 0.608 0 0.005
0.163 0.005 0 0.005
0.163 0.429 0 0.005
0.164 0.196 0 0.005
0.164 0.68 0 0.005
0.164 0.84 0 0.005
0.165 0.048 0 0.005
0.165 0.111 0 0.005
0.165 0.544 0 0.005
0.165 0.784 0 0.005
0.166 0.59 0 0.005
0.166 0.827 0 0.005
0.166 0.884 0 0.005
0.168 0.869 0 0.005
0.169 0.403 0 0.005
0.169 0.621 0 0.005
0.169 0.971 0 0.005
0.17 0.162 0 0.005
0.17 0.449 0 0.005
0.17 0.474 0 0.005
0.17 0.493 0 0.005
0.17 0.509 0 0.005
0.171 0.228 0 0.005
0.171 0.331 0 0.005
0.171 0.658 0 0.005
0.171 0.959 0 0.005
0.172 0.632 0 0.005
0.173 0.297 0 0.005
0.173 0.433 0 0.005
0.175 0.101 0 0.005
0.175 0.318 0 0.005
0.175 0.357 0 0.005
0.175 0.791 0 0.005
0.175 0.806 0 0.005
0.175 0.93 0 0.005
0.176 0.043 0 0.005
0.176 0.342 0 0.005
0.176 0.82 0 0.005
0.177 0.118 0 0.005
0.177 0.517 0 0.005
0.177 0.695 0 0.005
0.177 0.706 0 0.005
0.177 0.779 0 0.005
0.178 0.139 0 0.005
0.178 0.183 0 0.005
0.178 0.377 0 0.005
0.178 0.532 0 0.005
0.179 0.395 0 0.005
0.18 0.757 0 0.005
0.181 0.247 0 0.005
0.181 0.546 0 0.005
0.181 0.658 0 0.005
0.181 0.966 0 0.005
0.183 0.217 0 0.005
0.183 0.334 0 0.005
0.183 0.73 0 0.005
0.184 0.28 0 0.005
0.184 0.488 0 0.005
0.184 0.845 0 0.005
0.185 0.031 0 0.005
0.185 0.258 0 0.005
0.185 0.413 0 0.005
0.185 0.506 0 0.005
0.185 0.574 0 0.005
0.185 0.922 0 0.005
0.186 0.202 0 0.005
0.186 0.321 0 0.005
0.186 0.471 0 0.005
0.187 0.355 0 0.005
0.187 0.768 0 0.005
0.188 0.161 0 0.005
0.189 0.083 0 0.005
0.189 0.128 0 0.005
0.189 0.393 0 0.005
0.189 0.446 0 0.005
0.189 0.878 0 0.005
0.19 0.008 0 0.005
0.19 0.052 0 0.005
0.19 0.297 0 0.005
0.19 0.74 0 0.005
0.192 0.459 0 0.005
0.192 0.582 0 0.005
0.192 0.822 0 0.005
0.192 0.961 0 0.005
0.193 0.608 0 0.005
0.194 0.243 0 0.005
0.194 0.643 0 0.005
0.194 0.893 0 0.005
0.195 0.632 0 0.005
0.195 0.693 0 0.005
0.195 0.985 0 0.005
0.196 0.182 0 0.005
0.196 0.258 0 0.005
0.197 0.074 0 0.005
0.197 0.286 0 0.005
0.197 0.523 0 0.005
0.198 0.032 0 0.005
0.198 0.113 0 0.005
0.198 0.774 0 0.005
0.198 0.789 0 0.005
0.199 0.204 0 0.005
0.199 0.451 0 0.005
0.199 0.867 0 0.005
0.199 0.943 0 0.005
0.2 0.216 0 0.005
0.201 0.021 0 0.005
0.201 0.153 0 0.005
0.2 0.0 0 0.005
0.202 0.408 0 0.005
0.202 0.477 0 0.005
0.202 0.802 0 0.005
0.202 0.967 0 0.005
0.204 0.04 0 0.005
0.204 0.325 0 0.005
0.204 0.733 0 0.005
0.205 0.264 0 0.005
0.206 0.056 0 0.005
0.206 0.49 0 0.005
0.206 0.75 0 0.005
0.206 0.891 0 0.005
0.206 0.993 0 0.005
0.207 0.242 0 0.005
0.207 0.312 0 0.005
0.207 0.844 0 0.005
0.208 0.113 0 0.005
0.208 0.344 0 0.005
0.208 0.559 0 0.005
0.208 0.648 0 0.005
0.208 0.793 0 0.005
0.208 0.854 0 0.005
0.209 0.221 0 0.005
0.209 0.949 0 0.005
0.21 0.187 0 0.005
0.21 0.364 0 0.005
0.21 0.616 0 0.005
0.211 0.402 0 0.005
0.211 0.533 0 0.005
0.212 0.422 0 0.005
0.212 0.457 0 0.005
0.212 0.817 0 0.005
0.213 0.07 0 0.005
0.213 0.386 0 0.005
0.213 0.741 0 0.005
0.213 0.88 0 0.005
0.214 0.129 0 0.005
0.214 0.507 0 0.005
0.215 0.103 0 0.005
0.215 0.159 0 0.005
0.215 0.497 0 0.005
0.216 0.476 0 0.005
0.216 0.904 0 0.005
0.216 0.9977333333333334 0 0.005
0.217 0.179 0 0.005
0.217 0.587 0 0.005
0.217 0.679 0 0.005
0.219 0.08 0 0.005
0.219 0.141 0 0.005
0.219 0.302 0 0.005
0.219 0.342 0 0.005
0.22 0.047 0 0.005
0.22 0.09 0 0.005
0.22 0.238 0 0.005
0.22 0.692 0 0.005
0.221 0.269 0 0.005
0.221 0.866 0 0.005
0.222 0.214 0 0.005
0.222 0.358 0 0.005
0.222 0.437 0 0.005
0.223 0.315 0 0.005
0.223 0.831 0 0.005
0.223 0.886 0 0.005
0.223 0.919 0 0.005
0.224 0.02 0 0.005
0.224 0.12 0 0.005
0.224 0.408 0 0.005
0.224 0.492 0 0.005
0.225 0.328 0 0.005
0.225 0.667 0 0.005
0.226 0.184 0 0.005
0.226 0.252 0 0.005
0.226 0.749 0 0.005
0.226 0.81 0 0.005
0.226 0.982 0 0.005
0.227 0.163 0 0.005
0.227 0.376 0 0.005
0.227 0.464 0 0.005
0.227 0.728 0 0.005
0.228 0.059 0 0.005
0.228 0.516 0 0.005
0.228 0.546 0 0.005
0.228 0.845 0 0.005
0.228 0.941 0 0.005
0.228 0.969 0 0.005
0.229 0.57 0 0.005
0.229 0.772 0 0.005
0.229 0.994 0 0.005
0.23 0.419 0 0.005
0.23 0.624 0 0.005
0.231 0.2 0 0.005
0.231 0.446 0 0.005
0.231 0.658 0 0.005
0.231 0.862 0 0.005
0.232 0.212 0 0.005
0.232 0.286 0 0.005
0.233 0.226 0 0.005
0.233 0.262 0 0.005
0.233 0.504 0 0.005
0.233 0.645 0 0.005
0.234 0.103 0 0.005
0.234 0.872 0 0.005
0.235 0.118 0 0.005
0.235 0.176 0 0.005
0.235 0.824 0 0.005
0.236 0.093 0 0.005
0.236 0.399 0 0.005
0.236 0.587 0 0.005
0.236 0.599 0 0.005
0.236 0.907 0 0.005
0.236 0.958 0 0.005
0.238 0.343 0 0.005
0.238 0.466 0 0.005
0.238 0.729 0 0.005
0.238 0.942 0 0.005
0.239 0.371 0 0.005
0.239 0.664 0 0.005
0.241 0.013 0 0.005
0.241 0.144 0 0.005
0.241 0.686 0 0.005
0.241 0.753 0 0.005
0.241 0.992 0 0.005
0.242 0.134 0 0.005
0.243 0.155 0 0.005
0.243 0.331 0 0.005
0.243 0.387 0 0.005
0.243 0.45 0 0.005
0.243 0.579 0 0.005
0.243 0.931 0 0.005
0.245 0.54 0 0.005
0.245 0.633 0 0.005
0.245 0.708 0 0.005
0.245 0.966 0 0.005
0.246 0.077 0 0.005
0.246 0.175 0 0.005
0.246 0.25 0 0.005
0.246 0.285 0 0.005
0.246 0.718 0 0.005
0.246 0.899 0 0.005
0.246 0.976 0 0.005
0.247 0.037 0 0.005
0.247 0.377 0 0.005
0.247 0.607 0 0.005
0.247 0.618 0 0.005
0.248 0.475 0 0.005
0.248 0.918 0 0.005
0.249 0.647 0 0.005
0.25 0.114 0 0.005
0.25 0.231 0 0.005
0.25 0.774 0 0.005
0.251 0.2 0 0.005
0.251 0.221 0 0.005
0.251 0.361 0 0.005
0.251 0.52 0 0.005
0.251 0.659 0 0.005
0.252 0.749 0 0.005
0.253 0.15 0 0.005
0.253 0.582 0 0.005
0.253 0.879 0 0.005
0.253 0.951 0 0.005
0.254 0.258 0 0.005
0.254 0.843 0 0.005
0.255 0.03 0 0.005
0.256 0.212 0 0.005
0.256 0.507 0 0.005
0.257 0.051 0 0.005
0.257 0.064 0 0.005
0.257 0.318 0 0.005
0.257 0.377 0 0.005
0.257 0.545 0 0.005
0.257 0.828 0 0.005
0.257 0.856 0 0.005
0.258 0.082 0 0.005
0.258 0.671 0 0.005
0.258 0.903 0 0.005
0.258 0.995 0 0.005
0.259 0.399 0 0.005
0.259 0.715 0 0.005
0.26 0.135 0 0.005
0.26 0.289 0 0.005
0.26 0.413 0 0.005
0.262 0.914 0 0.005
0.262 0.977 0 0.005
0.263 0.434 0 0.005
0.263 0.593 0 0.005
0.264 0.073 0 0.005
0.264 0.091 0 0.005
0.264 0.361 0 0.005
0.264 0.451 0 0.005
0.264 0.486 0 0.005
0.264 0.631 0 0.005
0.264 0.684 0 0.005
0.264 0.868 0 0.005
0.265 0.193 0 0.005
0.265 0.774 0 0.005
0.265 0.964 0 0.005
0.266 0.04 0 0.005
0.266 0.125 0 0.005
0.266 0.227 0 0.005
0.267 0.462 0 0.005
0.267 0.577 0 0.005
0.267 0.934 0 0.005
0.268 0.179 0 0.005
0.268 0.655 0 0.005
0.269 0.403 0 0.005
0.269 0.418 0 0.005
0.27 0.348 0 0.005
0.272 0.619 0 0.005
0.272 0.744 0 0.005
0.273 0.114 0 0.005
0.273 0.139 0 0.005
0.273 0.432 0 0.005
0.273 0.763 0 0.005
0.273 0.826 0 0.005
0.273 0.877 0 0.005
0.273 0.996280701754386 0 0.005
0.274 0.167 0 0.005
0.274 0.211 0 0.005
0.274 0.447 0 0.005
0.274 0.507 0 0.005
0.275 0.046 0 0.005
0.275 0.984 0 0.005
0.276 0.032 0 0.005
0.276 0.467 0 0.005
0.276 0.806 0 0.005
0.276 0.853 0 0.005
0.277 0.0017435897435897436 0 0.005
0.277 0.395 0 0.005
0.279 0.224 0 0.005
0.279 0.662 0 0.005
0.279 0.684 0 0.005
0.279 0.97 0 0.005
0.28 0.366 0 0.005
0.28 0.382 0 0.005
0.28 0.613 0 0.005
0.28 0.647 0 0.005
0.281 0.075 0 0.005
0.281 0.794 0 0.005
0.282 0.713 0 0.005
0.282 0.734 0 0.005
0.283 0.119 0 0.005
0.283 0.9967708333333334 0 0.005
0.284 0.017 0 0.005
0.284 0.412 0 0.005
0.284 0.559 0 0.005
0.285 0.252 0 0.005
0.285 0.622 0 0.005
0.286 0.03 0 0.005
0.286 0.599 0 0.005
0.286 0.872 0 0.005
0.286 0.956 0 0.005
0.287 0.49 0 0.005
0.288 0.294 0 0.005
0.288 0.522 0 0.005
0.289 0.111 0 0.005
0.289 0.333 0 0.005
0.289 0.449 0 0.005
0.289 0.476 0 0.005
0.29 0.633 0 0.005
0.291 0.512 0 0.005
0.292 0.261 0 0.005
0.292 0.696 0 0.005
0.292 0.892 0 0.005
0.293 0.0033125 0 0.005
0.293 0.144 0 0.005
0.293 0.937 0 0.005
0.294 0.082 0 0.005
0.294 0.708 0 0.005
0.294 0.827 0 0.005
0.295 0.023 0 0.005
0.295 0.13 0 0.005
0.295 0.412 0 0.005
0.295 0.547 0 0.005
0.295 0.778 0 0.005
0.295 0.805 0 0.005
0.295 0.816 0 0.005
0.296 0.283 0 0.005
0.296 0.535 0 0.005
0.296 0.58 0 0.005
0.297 0.215 0 0.005
0.297 0.24 0 0.005
0.297 0.465 0 0.005
0.297 0.959 0 0.005
0.298 0.392 0 0.005
0.298 0.741 0 0.005
0.298 0.988 0 0.005
0.299 0.369 0 0.005
0.299 0.857 0 0.005
0.3 0.173 0 0.005
0.3 0.186 0 0.005
0.3 0.226 0 0.005
0.3 0.34 0 0.005
0.3 0.613 0 0.005
0.3 0.73 0 0.005
0.3 0.764 0 0.005
0.302 0.634 0 0.005
0.302 0.688 0 0.005
0.302 0.949 0 0.005
0.303 0.325 0 0.005
0.303 0.448 0 0.005
0.303 0.753 0 0.005
0.304 0.04 0 0.005
0.304 0.65 0 0.005
0.305 0.129 0 0.005
0.305 0.159 0 0.005
0.305 0.793 0 0.005
0.306 0.248 0 0.005
0.306 0.498 0 0.005
0.306 0.675 0 0.005
0.306 0.774 0 0.005
0.306 0.817 0 0.005
0.306 0.901 0 0.005
0.306 0.917 0 0.005
0.307 0.261 0 0.005
0.308 0.011 0 0.005
0.308 0.306 0 0.005
0.308 0.351 0 0.005
0.308 0.887 0 0.005
0.309 0.146 0 0.005
0.309 0.708 0 0.005
0.309 0.829 0 0.005
0.31 0.108 0 0.005
0.31 0.519 0 0.005
0.311 0.095 0 0.005
0.311 0.167 0 0.005
0.311 0.975 0 0.005
0.312 0.578 0 0.005
0.312 0.604 0 0.005
0.312 0.929 0 0.005
0.313 0.0004166666666666667 0 0.005
0.314 0.08 0 0.005
0.314 0.191 0 0.005
0.314 0.802 0 0.005
0.314 0.848 0 0.005
0.315 0.281 0 0.005
0.315 0.293 0 0.005
0.315 0.471 0 0.005
0.315 0.76 0 0.005
0.316 0.359 0 0.005
0.316 0.779 0 0.005
0.317 0.016 0 0.005
0.317 0.06 0 0.005
0.317 0.267 0 0.005
0.318 0.031 0 0.005
0.318 0.141 0 0.005
0.318 0.246 0 0.005
0.318 0.38 0 0.005
0.318 0.415 0 0.005
0.318 0.447 0 0.005
0.318 0.669 0 0.005
0.319 0.402 0 0.005
0.318 0.9985833333333334 0 0.005
0.321 0.231 0 0.005
0.322 0.704 0 0.005
0.323 0.606 0 0.005
0.323 0.857 0 0.005
0.324 0.583 0 0.005
0.324 0.732 0 0.005
0.325 0.086 0 0.005
0.325 0.749 0 0.005
0.325 0.886 0 0.005
0.326 0.021 0 0.005
0.326 0.214 0 0.005
0.326 0.297 0 0.005
0.326 0.557 0 0.005
0.326 0.631 0 0.005
0.327 0.0008095238095238096 0 0.005
0.327 0.07 0 0.005
0.327 0.104 0 0.005
0.327 0.251 0 0.005
0.328 0.01 0 0.005
0.328 0.132 0 0.005
0.328 0.96 0 0.005
0.329 0.047 0 0.005
0.329 0.164 0 0.005
0.329 0.643 0 0.005
0.33 0.323 0 0.005
0.33 0.788 0 0.005
0.33 0.843 0 0.005
0.331 0.147 0 0.005
0.331 0.231 0 0.005
0.331 0.616 0 0.005
0.331 0.875 0 0.005
0.331 0.97 0 0.005
0.333 0.803 0 0.005
0.334 0.416 0 0.005
0.334 0.654 0 0.005
0.334 0.693 0 0.005
0.334 0.73 0 0.005
0.334 0.95 0 0.005
0.335 0.241 0 0.005
0.336 0.187 0 0.005
0.336 0.289 0 0.005
0.336 0.749 0 0.005
0.336 0.9956875 0 0.005
0.338 0.371 0 0.005
0.338 0.479 0 0.005
0.338 0.491 0 0.005
0.338 0.831 0 0.005
0.338 0.94 0 0.005
0.339 0.202 0 0.005
0.339 0.255 0 0.005
0.339 0.393 0 0.005
0.339 0.514 0 0.005
0.339 0.604 0 0.005
0.339 0.768 0 0.005
0.34 0.006 0 0.005
0.34 0.036 0 0.005
0.341 0.143 0 0.005
0.341 0.861 0 0.005
0.342 0.345 0 0.005
0.342 0.78 0 0.005
0.342 0.926 0 0.005
0.342 0.959 0 0.005
0.343 0.121 0 0.005
0.343 0.362 0 0.005
0.344 0.335 0 0.005
0.344 0.682 0 0.005
0.344 0.729 0 0.005
0.345 0.078 0 0.005
0.345 0.157 0 0.005
0.346 0.401 0 0.005
0.346 0.458 0 0.005
0.347 0.048 0 0.005
0.348 0.615 0 0.005
0.348 0.637 0 0.005
0.348 0.671 0 0.005
0.348 0.89 0 0.005
0.349 0.068 0 0.005
0.349 0.092 0 0.005
0.349 0.7 0 0.005
0.35 0.273 0 0.005
0.351 0.518 0 0.005
0.352 0.854 0 0.005
0.353 0.471 0 0.005
0.353 0.557 0 0.005
0.353 0.757 0 0.005
0.354 0.104 0 0.005
0.354 0.194 0 0.005
0.354 0.321 0 0.005
0.354 0.359 0 0.005
0.354 0.534 0 0.005
0.355 0.663 0 0.005
0.355 0.877 0 0.005
0.355 0.92 0 0.005
0.355 0.945 0 0.005
0.356 0.021 0 0.005
0.356 0.727 0 0.005
0.356 0.988 0 0.005
0.357 0.349 0 0.005
0.357 0.497 0 0.005
0.357 0.643 0 0.005
0.357 0.692 0 0.005
0.358 0.074 0 0.005
0.358 0.184 0 0.005
0.358 0.392 0 0.005
0.358 0.618 0 0.005
0.358 0.633 0 0.005
0.358 0.828 0 0.005
0.358 0.905 0 0.005
0.359 0.81 0 0.005
0.36 0.008 0 0.005
0.36 0.421 0 0.005
0.361 0.606 0 0.005
0.361 0.712 0 0.005
0.362 0.241 0 0.005
0.363 0.132 0 0.005
0.363 0.168 0 0.005
0.363 0.439 0 0.005
0.363 0.517 0 0.005
0.364 0.316 0 0.005
0.364 0.33 0 0.005
0.364 0.735 0 0.005
0.364 0.836 0 0.005
0.364 0.925 0 0.005
0.365 0.22 0 0.005
0.365 0.465 0 0.005
0.365 0.86 0 0.005
0.366 0.535 0 0.005
0.366 0.972 0 0.005
0.366 0.995 0 0.005
0.367 0.585 0 0.005
0.367 0.692 0 0.005
0.368 0.63 0 0.005
0.368 0.77 0 0.005
0.368 0.822 0 0.005
0.369 0.371 0 0.005
0.369 0.612 0 0.005
0.369 0.68 0 0.005
0.369 0.721 0 0.005
0.37 0.206 0 0.005
0.37 0.271 0 0.005
0.37 0.892 0 0.005
0.371 0.788 0 0.005
0.371 0.913 0 0.005
0.372 0.141 0 0.005
0.372 0.571 0 0.005
0.372 0.598 0 0.005
0.372 0.849 0 0.005
0.374 0.115 0 0.005
0.374 0.739 0 0.005
0.374 0.962 0 0.005
0.375 0.034 0 0.005
0.375 0.17 0 0.005
0.375 0.29 0 0.005
0.375 0.331 0 0.005
0.375 0.391 0 0.005
0.375 0.504 0 0.005
0.375 0.947 0 0.005
0.376 0.314 0 0.005
0.377 0.09 0 0.005
0.377 0.527 0 0.005
0.377 0.753 0 0.005
0.378 0.045 0 0.005
0.378 0.246 0 0.005
0.378 0.446 0 0.005
0.378 0.699 0 0.005
0.378 0.986 0 0.005
0.379 0.006 0 0.005
0.379 0.664 0 0.005
0.38 0.341 0 0.005
0.381 0.493 0 0.005
0.381 0.823 0 0.005
0.382 0.153 0 0.005
0.382 0.268 0 0.005
0.382 0.647 0 0.005
0.382 0.842 0 0.005
0.384 0.104 0 0.005
0.384 0.563 0 0.005
0.384 0.686 0 0.005
0.384 0.732 0 0.005
0.384 0.937 0 0.005
0.385 0.456 0 0.005
0.387 0.399 0 0.005
0.387 0.81 0 0.005
0.388 0.033 0 0.005
0.388 0.959 0 0.005
0.387 0.0 0 0.005
0.389 0.075 0 0.005
0.389 0.291 0 0.005
0.389 0.597 0 0.005
0.389 0.909 0 0.005
0.39 0.305 0 0.005
0.39 0.316 0 0.005
0.39 0.359 0 0.005
0.39 0.486 0 0.005
0.39 0.849 0 0.005
0.39 0.892 0 0.005
0.39 0.989 0 0.005
0.391 0.056 0 0.005
0.391 0.38 0 0.005
0.391 0.796 0 0.005
0.392 0.233 0 0.005
0.392 0.334 0 0.005
0.392 0.586 0 0.005
0.392 0.679 0 0.005
0.393 0.093 0 0.005
0.393 0.125 0 0.005
0.393 0.466 0 0.005
0.393 0.776 0 0.005
0.394 0.276 0 0.005
0.394 0.719 0 0.005
0.394 0.86 0 0.005
0.394 0.947 0 0.005
0.395 0.406 0 0.005
0.395 0.606 0 0.005
0.395 0.709 0 0.005
0.396 0.734 0 0.005
0.396 0.745 0 0.005
0.398 0.223 0 0.005
0.398 0.631 0 0.005
0.399 0.546 0 0.005
0.399 0.759 0 0.005
0.399 0.804 0 0.005
0.399 0.835 0 0.005
0.4 0.049 0 0.005
0.4 0.349 0 0.005
0.4 0.426 0 0.005
0.4 0.688 0 0.005
0.401 0.459 0 0.005
0.401 0.996280701754386 0 0.005
0.402 0.528 0 0.005
0.402 0.791 0 0.005
0.403 0.142 0 0.005
0.403 0.471 0 0.005
0.403 0.82 0 0.005
0.403 0.877 0 0.005
0.404 0.087 0 0.005
0.404 0.121 0 0.005
0.404 0.445 0 0.005
0.405 0.188 0 0.005
0.405 0.256 0 0.005
0.405 0.584 0 0.005
0.405 0.865 0 0.005
0.405 0.919 0 0.005
0.406 0.163 0 0.005
0.407 0.026 0 0.005
0.407 0.309 0 0.005
0.407 0.671 0 0.005
0.408 0.219 0 0.005
0.408 0.295 0 0.005
0.408 0.368 0 0.005
0.408 0.848 0 0.005
0.409 0.096 0 0.005
0.409 0.886 0 0.005
0.41 0.482 0 0.005
0.411 0.242 0 0.005
0.412 0.0033125 0 0.005
0.413 0.9956875 0 0.005
0.414 0.116 0 0.005
0.414 0.319 0 0.005
0.414 0.734 0 0.005
0.415 0.085 0 0.005
0.415 0.185 0 0.005
0.415 0.379 0 0.005
0.415 0.462 0 0.005
0.415 0.821 0 0.005
0.415 0.93 0 0.005
0.416 0.555 0 0.005
0.416 0.94 0 0.005
0.417 0.509 0 0.005
0.417 0.711 0 0.005
0.417 0.904 0 0.005
0.418 0.228 0 0.005
0.418 0.618 0 0.005
0.418 0.75 0 0.005
0.418 0.847 0 0.005
0.419 0.03 0 0.005
0.419 0.29 0 0.005
0.42 0.212 0 0.005
0.42 0.647 0 0.005
0.421 0.668 0 0.005
0.421 0.682 0 0.005
0.422 0.061 0 0.005
0.423 0.0017435897435897436 0 0.005
0.423 0.366 0 0.005
0.424 0.258 0 0.005
0.424 0.788 0 0.005
0.426 0.482 0 0.005
0.426 0.729 0 0.005
0.426 0.739 0 0.005
0.426 0.808 0 0.005
0.426 0.917 0 0.005
0.426 0.974 0 0.005
0.427 0.105 0 0.005
0.427 0.195 0 0.005
0.427 0.344 0 0.005
0.427 0.381 0 0.005
0.427 0.449 0 0.005
0.427 0.557 0 0.005
0.427 0.86 0 0.005
0.428 0.331 0 0.005
0.428 0.63 0 0.005
0.428 0.82 0 0.005
0.428 0.99 0 0.005
0.429 0.03 0 0.005
0.429 0.321 0 0.005
0.429 0.523 0 0.005
0.429 0.574 0 0.005
0.429 0.594 0 0.005
0.429 0.77 0 0.005
0.429 0.956 0 0.005
0.43 0.759 0 0.005
0.431 0.238 0 0.005
0.431 0.748 0 0.005
0.432 0.676 0 0.005
0.432 0.926 0 0.005
0.433 0.0033125 0 0.005
0.433 0.145 0 0.005
0.433 0.697 0 0.005
0.433 0.901 0 0.005
0.434 0.838 0 0.005
0.435 0.053 0 0.005
0.435 0.115 0 0.005
0.435 0.472 0 0.005
0.435 0.65 0 0.005
0.436 0.284 0 0.005
0.436 0.618 0 0.005
0.437 0.336 0 0.005
0.438 0.779 0 0.005
0.438 0.993 0 0.005
0.439 0.365 0 0.005
0.439 0.707 0 0.005
0.44 0.1 0 0.005
0.44 0.167 0 0.005
0.44 0.422 0 0.005
0.441 0.308 0 0.005
0.441 0.687 0 0.005
0.441 0.879 0 0.005
0.442 0.845 0 0.005
0.442 0.931 0 0.005
0.443 0.013 0 0.005
0.443 0.257 0 0.005
0.443 0.672 0 0.005
0.443 0.726 0 0.005
0.444 0.129 0 0.005
0.444 0.822 0 0.005
0.445 0.057 0 0.005
0.445 0.148 0 0.005
0.445 0.412 0 0.005
0.445 0.457 0 0.005
0.446 0.584 0 0.005
0.446 0.944 0 0.005
0.447 0.281 0 0.005
0.447 0.325 0 0.005
0.447 0.555 0 0.005
0.448 0.502 0 0.005
0.448 0.512 0 0.005
0.448 0.763 0 0.005
0.449 0.176 0 0.005
0.449 0.373 0 0.005
0.449 0.531 0 0.005
0.449 0.573 0 0.005
0.449 0.788 0 0.005
0.45 0.205 0 0.005
0.45 0.99 0 0.005
0.451 0.076 0 0.005
0.451 0.087 0 0.005
0.451 0.216 0 0.005
0.451 0.428 0 0.005
0.451 0.66 0 0.005
0.451 0.956 0 0.005
0.452 0.188 0 0.005
0.452 0.236 0 0.005
0.452 0.625 0 0.005
0.453 0.269 0 0.005
0.453 0.297 0 0.005
0.453 0.466 0 0.005
0.454 0.105 0 0.005
0.454 0.438 0 0.005
0.454 0.707 0 0.005
0.454 0.848 0 0.005
0.454 0.899 0 0.005
0.455 0.492 0 0.005
0.455 0.596 0 0.005
0.456 0.02 0 0.005
0.457 0.481 0 0.005
0.458 0.39 0 0.005
0.459 0.126 0 0.005
0.459 0.861 0 0.005
0.459 0.98 0 0.005
0.46 0.343 0 0.005
0.46 0.768 0 0.005
0.461 0.367 0 0.005
0.461 0.565 0 0.005
0.462 0.185 0 0.005
0.462 0.752 0 0.005
0.463 0.462 0 0.005
0.463 0.888 0 0.005
0.465 0.94 0 0.005
0.467 0.615 0 0.005
0.468 0.64 0 0.005
0.468 0.958 0 0.005
0.469 0.499 0 0.005
0.469 0.58 0 0.005
0.47 0.333 0 0.005
0.47 0.518 0 0.005
0.47 0.528 0 0.005
0.47 0.66 0 0.005
0.47 0.987 0 0.005
0.471 0.41 0 0.005
0.471 0.437 0 0.005
0.471 0.923 0 0.005
0.472 0.094 0 0.005
0.472 0.183 0 0.005
0.472 0.455 0 0.005
0.472 0.566 0 0.005
0.472 0.6 0 0.005
0.472 0.746 0 0.005
0.472 0.969 0 0.005
0.473 0.069 0 0.005
0.473 0.237 0 0.005
0.473 0.82 0 0.005
0.474 0.25 0 0.005
0.474 0.303 0 0.005
0.474 0.689 0 0.005
0.475 0.027 0 0.005
0.475 0.111 0 0.005
0.475 0.206 0 0.005
0.476 0.346 0 0.005
0.476 0.9956875 0 0.005
0.477 0.358 0 0.005
0.477 0.543 0 0.005
0.477 0.703 0 0.005
0.479 0.673 0 0.005
0.48 0.422 0 0.005
0.48 0.657 0 0.005
0.48 0.874 0 0.005
0.481 0.005 0 0.005
0.481 0.631 0 0.005
0.482 0.574 0 0.005
0.482 0.758 0 0.005
0.483 0.37 0 0.005
0.483 0.38 0 0.005
0.483 0.442 0 0.005
0.483 0.94 0 0.005
0.484 0.16 0 0.005
0.485 0.313 0 0.005
0.485 0.5 0 0.005
0.485 0.733 0 0.005
0.485 0.844 0 0.005
0.486 0.214 0 0.005
0.486 0.24 0 0.005
0.486 0.489 0 0.005
0.486 0.516 0 0.005
0.486 0.918 0 0.005
0.487 0.23 0 0.005
0.487 0.255 0 0.005
0.487 0.326 0 0.005
0.487 0.807 0 0.005
0.488 0.642 0 0.005
0.488 0.865 0 0.005
0.489 0.302 0 0.005
0.489 0.676 0 0.005
0.489 0.783 0 0.005
0.49 0.463 0 0.005
0.49 0.582 0 0.005
0.491 0.42 0 0.005
0.491 0.9956875 0 0.005
0.492 0.116 0 0.005
0.492 0.565 0 0.005
0.493 0.13 0 0.005
0.493 0.172 0 0.005
0.493 0.204 0 0.005
0.493 0.695 0 0.005
0.495 0.435 0 0.005
0.495 0.503 0 0.005
0.495 0.54 0 0.005
0.496 0.018 0 0.005
0.496 0.215 0 0.005
0.496 0.263 0 0.005
0.496 0.39 0 0.005
0.496 0.528 0 0.005
0.496 0.598 0 0.005
0.496 0.608 0 0.005
0.496 0.77 0 0.005
0.497 0.41 0 0.005
0.497 0.707 0 0.005
0.498 0.735 0 0.005
0.498 0.829 0 0.005
0.499 0.336 0 0.005
0.499 0.38 0 0.005
0.499 0.851 0 0.005
0.499 0.938 0 0.005
0.5 0.041 0 0.005
0.5 0.138 0 0.005
0.5 0.466 0 0.005
0.501 0.813 0 0.005
0.5 0.9985833333333334 0 0.005
0.502 0.0008095238095238096 0 0.005
0.502 0.166 0 0.005
0.502 0.197 0 0.005
0.502 0.882 0 0.005
0.503 0.361 0 0.005
0.503 0.509 0 0.005
0.503 0.749 0 0.005
0.503 0.905 0 0.005
0.503 0.917 0 0.005
0.504 0.232 0 0.005
0.504 0.55 0 0.005
0.504 0.695 0 0.005
0.505 0.08 0 0.005
0.505 0.15 0 0.005
0.505 0.521 0 0.005
0.505 0.726 0 0.005
0.506 0.322 0 0.005
0.507 0.487 0 0.005
0.507 0.581 0 0.005
0.508 0.347 0 0.005
0.508 0.677 0 0.005
0.508 0.869 0 0.005
0.509 0.247 0 0.005
0.509 0.663 0 0.005
0.509 0.853 0 0.005
0.51 0.217 0 0.005
0.51 0.836 0 0.005
0.511 0.712 0 0.005
0.511 0.738 0 0.005
0.511 0.757 0 0.005
0.511 0.961 0 0.005
0.512 0.012 0 0.005
0.512 0.405 0 0.005
0.512 0.886 0 0.005
0.513 0.358 0 0.005
0.513 0.497 0 0.005
0.513 0.973 0 0.005
0.514 0.064 0 0.005
0.514 0.194 0 0.005
0.514 0.206 0 0.005
0.514 0.572 0 0.005
0.515 0.128 0 0.005
0.515 0.455 0 0.005
0.515 0.532 0 0.005
0.515 0.914 0 0.005
0.516 0.621 0 0.005
0.517 0.282 0 0.005
0.517 0.44 0 0.005
0.517 0.595 0 0.005
0.519 0.328 0 0.005
0.519 0.547 0 0.005
0.519 0.822 0 0.005
0.52 0.056 0 0.005
0.52 0.722 0 0.005
0.521 0.216 0 0.005
0.521 0.318 0 0.005
0.521 0.37 0 0.005
0.521 0.656 0 0.005
0.521 0.684 0 0.005
0.521 0.862 0 0.005
0.522 0.305 0 0.005
0.522 0.38 0 0.005
0.522 0.49 0 0.005
0.522 0.95 0 0.005
0.523 0.234 0 0.005
0.523 0.753 0 0.005
0.524 0.01 0 0.005
0.524 0.021 0 0.005
0.524 0.271 0 0.005
0.524 0.509 0 0.005
0.524 0.775 0 0.005
0.525 0.071 0 0.005
0.525 0.255 0 0.005
0.525 0.9972564102564103 0 0.005
0.526 0.206 0 0.005
0.526 0.524 0 0.005
0.526 0.568 0 0.005
0.526 0.801 0 0.005
0.526 0.91 0 0.005
0.527 0.177 0 0.005
0.527 0.188 0 0.005
0.527 0.692 0 0.005
0.527 0.968 0 0.005
0.528 0.609 0 0.005
0.528 0.891 0 0.005
0.529 0.39 0 0.005
0.529 0.578 0 0.005
0.529 0.988 0 0.005
0.53 0.417 0 0.005
0.53 0.745 0 0.005
0.531 0.319 0 0.005
0.531 0.341 0 0.005
0.531 0.557 0 0.005
0.532 0.363 0 0.005
0.532 0.489 0 0.005
0.532 0.728 0 0.005
0.532 0.788 0 0.005
0.532 0.958 0 0.005
0.533 0.016 0 0.005
0.533 0.103 0 0.005
0.533 0.825 0 0.005
0.533 0.869 0 0.005
0.533 0.94 0 0.005
0.534 0.22 0 0.005
0.534 0.454 0 0.005
0.534 0.918 0 0.005
0.534 0.0004166666666666667 0 0.005
0.535 0.128 0 0.005
0.535 0.627 0 0.005
0.536 0.116 0 0.005
0.536 0.237 0 0.005
0.536 0.29 0 0.005
0.536 0.536 0 0.005
0.536 0.66 0 0.005
0.536 0.974 0 0.005
0.537 0.038 0 0.005
0.537 0.165 0 0.005
0.537 0.467 0 0.005
0.538 0.191 0 0.005
0.538 0.643 0 0.005
0.539 0.063 0 0.005
0.539 0.51 0 0.005
0.539 0.599 0 0.005
0.54 0.672 0 0.005
0.54 0.734 0 0.005
0.541 0.429 0 0.005
0.541 0.575 0 0.005
0.541 0.897 0 0.005
0.542 0.378 0 0.005
0.542 0.415 0 0.005
0.542 0.993 0 0.005
0.543 0.229 0 0.005
0.543 0.33 0 0.005
0.543 0.564 0 0.005
0.544 0.002719298245614035 0 0.005
0.545 0.718 0 0.005
0.546 0.019 0 0.005
0.546 0.352 0 0.005
0.546 0.478 0 0.005
0.546 0.88 0 0.005
0.546 0.962 0 0.005
0.547 0.263 0 0.005
0.547 0.781 0 0.005
0.548 0.299 0 0.005
0.549 0.744 0 0.005
0.55 0.112 0 0.005
0.55 0.462 0 0.005
0.55 0.668 0 0.005
0.55 0.766 0 0.005
0.55 0.836 0 0.005
0.551 0.9977333333333334 0 0.005
0.552 0.495 0 0.005
0.552 0.505 0 0.005
0.552 0.616 0 0.005
0.553 0.317 0 0.005
0.553 0.593 0 0.005
0.553 0.705 0 0.005
0.553 0.85 0 0.005
0.553 0.908 0 0.005
0.554 0.073 0 0.005
0.554 0.249 0 0.005
0.554 0.0004166666666666667 0 0.005
0.556 0.008 0 0.005
0.556 0.178 0 0.005
0.556 0.656 0 0.005
0.556 0.977 0 0.005
0.557 0.514 0 0.005
0.557 0.8 0 0.005
0.558 0.025 0 0.005
0.558 0.221 0 0.005
0.558 0.635 0 0.005
0.558 0.933 0 0.005
0.559 0.117 0 0.005
0.559 0.206 0 0.005
0.559 0.966 0 0.005
0.56 0.409 0 0.005
0.561 0.582 0 0.005
0.561 0.743 0 0.005
0.561 0.952 0 0.005
0.562 0.391 0 0.005
0.562 0.675 0 0.005
0.562 0.889 0 0.005
0.563 0.147 0 0.005
0.563 0.287 0 0.005
0.563 0.554 0 0.005
0.563 0.708 0 0.005
0.564 0.051 0 0.005
0.564 0.065 0 0.005
0.564 0.096 0 0.005
0.564 0.132 0 0.005
0.564 0.245 0 0.005
0.564 0.265 0 0.005
0.564 0.691 0 0.005
0.566 0.232 0 0.005
0.566 0.727 0 0.005
0.567 0.334 0 0.005
0.567 0.817 0 0.005
0.568 0.44 0 0.005
0.568 0.622 0 0.005
0.569 0.005 0 0.005
0.569 0.205 0 0.005
0.569 0.604 0 0.005
0.57 0.45 0 0.005
0.571 0.37 0 0.005
0.571 0.382 0 0.005
0.571 0.751 0 0.005
0.571 0.777 0 0.005
0.571 0.861 0 0.005
0.572 0.485 0 0.005
0.572 0.985 0 0.005
0.573 0.17 0 0.005
0.573 0.317 0 0.005
0.574 0.219 0 0.005
0.574 0.277 0 0.005
0.575 0.702 0 0.005
0.576 0.303 0 0.005
0.576 0.659 0 0.005
0.576 0.742 0 0.005
0.577 0.192 0 0.005
0.577 0.238 0 0.005
0.577 0.289 0 0.005
0.577 0.343 0 0.005
0.577 0.435 0 0.005
0.577 0.713 0 0.005
0.578 0.011 0 0.005
0.578 0.146 0 0.005
0.578 0.817 0 0.005
0.579 0.097 0 0.005
0.579 0.267 0 0.005
0.579 0.328 0 0.005
0.579 0.527 0 0.005
0.579 0.758 0 0.005
0.58 0.122 0 0.005
0.58 0.418 0 0.005
0.58 0.678 0 0.005
0.581 0.067 0 0.005
0.581 0.156 0 0.005
0.581 0.88 0 0.005
0.581 0.906 0 0.005
0.581 0.932 0 0.005
0.581 0.979 0 0.005
0.582 0.508 0 0.005
0.582 0.537 0 0.005
0.582 0.867 0 0.005
0.583 0.055 0 0.005
0.583 0.112 0 0.005
0.583 0.449 0 0.005
0.583 0.591 0 0.005
0.583 0.617 0 0.005
0.583 0.853 0 0.005
0.584 0.36 0 0.005
0.584 0.487 0 0.005
0.584 0.604 0 0.005
0.584 0.629 0 0.005
0.584 0.694 0 0.005
0.584 0.964 0 0.005
0.585 0.372 0 0.005
0.585 0.47 0 0.005
0.586 0.782 0 0.005
0.587 0.022 0 0.005
0.587 0.213 0 0.005
0.589 0.405 0 0.005
0.59 0.094 0 0.005
0.591 0.278 0 0.005
0.591 0.581 0 0.005
0.591 0.679 0 0.005
0.592 0.421 0 0.005
0.592 0.664 0 0.005
0.592 0.793 0 0.005
0.592 0.831 0 0.005
0.592 0.9 0 0.005
0.593 0.248 0 0.005
0.593 0.523 0 0.005
0.593 0.863 0 0.005
0.593 0.973 0 0.005
0.593 0.996280701754386 0 0.005
0.595 0.386 0 0.005
0.595 0.734 0 0.005
0.595 0.941 0 0.005
0.596 0.035 0 0.005
0.596 0.299 0 0.005
0.597 0.595 0 0.005
0.597 0.953 0 0.005
0.598 0.615 0 0.005
0.599 0.012 0 0.005
0.599 0.058 0 0.005
0.599 0.194 0 0.005
0.599 0.633 0 0.005
0.599 0.645 0 0.005
0.601 0.266 0 0.005
0.601 0.561 0 0.005
0.601 0.746 0 0.005
0.601 0.804 0 0.005
0.601 0.88 0 0.005
0.602 0.164 0 0.005
0.602 0.366 0 0.005
0.602 0.816 0 0.005
0.602 0.905 0 0.005
0.601 0.0 0 0.005
0.603 0.477 0 0.005
0.603 0.768 0 0.005
0.604 0.305 0 0.005
0.604 0.315 0 0.005
0.604 0.726 0 0.005
0.605 0.677 0 0.005
0.606 0.211 0 0.005
0.607 0.09 0 0.005
0.607 0.545 0 0.005
0.607 0.956 0 0.005
0.608 0.076 0 0.005
0.608 0.452 0 0.005
0.608 0.573 0 0.005
0.608 0.703 0 0.005
0.609 0.111 0 0.005
0.609 0.339 0 0.005
0.607 0.999 0 0.005
0.611 0.004 0 0.005
0.611 0.126 0 0.005
0.611 0.231 0 0.005
0.611 0.933 0 0.005
0.612 0.156 0 0.005
0.612 0.361 0 0.005
0.612 0.437 0 0.005
0.612 0.607 0 0.005
0.612 0.692 0 0.005
0.613 0.047 0 0.005
0.613 0.504 0 0.005
0.613 0.656 0 0.005
0.613 0.946 0 0.005
0.614 0.274 0 0.005
0.616 0.082 0 0.005
0.616 0.328 0 0.005
0.616 0.73 0 0.005
0.616 0.984 0 0.005
0.617 0.062 0 0.005
0.617 0.218 0 0.005
0.617 0.262 0 0.005
0.617 0.304 0 0.005
0.617 0.592 0 0.005
0.617 0.835 0 0.005
0.618 0.418 0 0.005
0.618 0.807 0 0.005
0.618 0.898 0 0.005
0.619 0.241 0 0.005
0.619 0.292 0 0.005
0.619 0.406 0 0.005
0.619 0.774 0 0.005
0.62 0.023 0 0.005
0.62 0.072 0 0.005
0.62 0.348 0 0.005
0.62 0.496 0 0.005
0.62 0.529 0 0.005
0.62 0.964 0 0.005
0.621 0.184 0 0.005
0.621 0.875 0 0.005
0.622 0.168 0 0.005
0.622 0.51 0 0.005
0.622 0.739 0 0.005
0.623 0.053 0 0.005
0.623 0.229 0 0.005
0.623 0.67 0 0.005
0.623 0.949 0 0.005
0.624 0.608 0 0.005
0.624 0.978 0 0.005
0.625 0.625 0 0.005
0.626 0.429 0 0.005
0.627 0.399 0 0.005
0.627 0.46 0 0.005
0.627 0.697 0 0.005
0.627 0.798 0 0.005
0.628 0.301 0 0.005
0.628 0.714 0 0.005
0.629 0.365 0 0.005
0.629 0.546 0 0.005
0.629 0.75 0 0.005
0.629 0.882 0 0.005
0.63 0.029 0 0.005
0.63 0.341 0 0.005
0.63 0.45 0 0.005
0.63 0.476 0 0.005
0.63 0.518 0 0.005
0.631 0.061 0 0.005
0.631 0.556 0 0.005
0.632 0.922 0 0.005
0.633 0.499 0 0.005
0.633 0.615 0 0.005
0.633 0.73 0 0.005
0.633 0.778 0 0.005
0.633 0.905 0 0.005
0.634 0.111 0 0.005
0.634 0.636 0 0.005
0.634 0.871 0 0.005
0.634 0.975 0 0.005
0.635 0.838 0 0.005
0.636 0.96 0 0.005
0.636 0.988 0 0.005
0.637 0.002719298245614035 0 0.005
0.637 0.219 0 0.005
0.638 0.015 0 0.005
0.638 0.325 0 0.005
0.638 0.457 0 0.005
0.639 0.278 0 0.005
0.639 0.413 0 0.005
0.639 0.468 0 0.005
0.639 0.677 0 0.005
0.64 0.182 0 0.005
0.64 0.291 0 0.005
0.641 0.229 0 0.005
0.641 0.691 0 0.005
0.641 0.717 0 0.005
0.641 0.741 0 0.005
0.641 0.884 0 0.005
0.642 0.133 0 0.005
0.642 0.146 0 0.005
0.643 0.432 0 0.005
0.643 0.938 0 0.005
0.644 0.533 0 0.005
0.644 0.856 0 0.005
0.645 0.078 0 0.005
0.645 0.118 0 0.005
0.645 0.161 0 0.005
0.645 0.208 0 0.005
0.645 0.704 0 0.005
0.645 0.845 0 0.005
0.646 0.569 0 0.005
0.646 0.784 0 0.005
0.646 0.957 0 0.005
0.647 0.624 0 0.005
0.647 0.874 0 0.005
0.648 0.191 0 0.005
0.648 0.499 0 0.005
0.648 0.762 0 0.005
0.648 0.907 0 0.005
0.649 0.454 0 0.005
0.649 0.549 0 0.005
0.649 0.735 0 0.005
0.65 0.351 0 0.005
0.65 0.662 0 0.005
0.65 0.805 0 0.005
0.65 0.996280701754386 0 0.005
0.651 0.018 0 0.005
0.651 0.487 0 0.005
0.651 0.973 0 0.005
0.651 0.983 0 0.005
0.652 0.44 0 0.005
0.652 0.475 0 0.005
0.652 0.863 0 0.005
0.652 0.893 0 0.005
0.653 0.181 0 0.005
0.653 0.281 0 0.005
0.653 0.698 0 0.005
0.654 0.937 0 0.005
0.655 0.404 0 0.005
0.655 0.671 0 0.005
0.656 0.121 0 0.005
0.656 0.294 0 0.005
0.656 0.604 0 0.005
0.657 0.305 0 0.005
0.657 0.591 0 0.005
0.657 0.925 0 0.005
0.659 0.17 0 0.005
0.659 0.272 0 0.005
0.659 0.357 0 0.005
0.659 0.522 0 0.005
0.659 0.965 0 0.005
0.66 0.071 0 0.005
0.66 0.327 0 0.005
0.661 0.014 0 0.005
0.661 0.187 0 0.005
0.661 0.554 0 0.005
0.661 0.575 0 0.005
0.661 0.75 0 0.005
0.661 0.952 0 0.005
0.662 0.804 0 0.005
0.662 0.995 0 0.005
0.663 0.315 0 0.005
0.663 0.814 0 0.005
0.664 0.285 0 0.005
0.664 0.862 0 0.005
0.665 0.54 0 0.005
0.665 0.634 0 0.005
0.665 0.772 0 0.005
0.665 0.794 0 0.005
0.666 0.057 0 0.005
0.666 0.126 0 0.005
0.666 0.214 0 0.005
0.666 0.432 0 0.005
0.666 0.496 0 0.005
0.667 0.741 0 0.005
0.667 0.839 0 0.005
0.668 0.153 0 0.005
0.668 0.446 0 0.005
0.669 0.252 0 0.005
0.669 0.657 0 0.005
0.669 0.667 0 0.005
0.669 0.688 0 0.005
0.669 0.893 0 0.005
0.67 0.004 0 0.005
0.67 0.109 0 0.005
0.67 0.137 0 0.005
0.67 0.612 0 0.005
0.671 0.393 0 0.005
0.671 0.727 0 0.005
0.671 0.967 0 0.005
0.672 0.071 0 0.005
0.672 0.506 0 0.005
0.672 0.517 0 0.005
0.673 0.031 0 0.005
0.673 0.698 0 0.005
0.674 0.24 0 0.005
0.674 0.821 0 0.005
0.676 0.283 0 0.005
0.676 0.295 0 0.005
0.676 0.621 0 0.005
0.676 0.98 0 0.005
0.677 0.318 0 0.005
0.677 0.542 0 0.005
0.677 0.632 0 0.005
0.677 0.804 0 0.005
0.678 0.461 0 0.005
0.678 0.601 0 0.005
0.678 0.711 0 0.005
0.679 0.477 0 0.005
0.679 0.668 0 0.005
0.678 0.9985833333333334 0 0.005
0.68 0.341 0 0.005
0.68 0.683 0 0.005
0.681 0.202 0 0.005
0.681 0.353 0 0.005
0.681 0.415 0 0.005
0.681 0.749 0 0.005
0.682 0.788 0 0.005
0.682 0.835 0 0.005
0.682 0.94 0 0.005
0.683 0.158 0 0.005
0.683 0.524 0 0.005
0.683 0.871 0 0.005
0.684 0.025 0 0.005
0.684 0.088 0 0.005
0.685 0.505 0 0.005
0.685 0.649 0 0.005
0.686 0.276 0 0.005
0.686 0.547 0 0.005
0.686 0.574 0 0.005
0.686 0.593 0 0.005
0.686 0.954 0 0.005
0.687 0.295 0 0.005
0.687 0.702 0 0.005
0.688 0.144 0 0.005
0.688 0.376 0 0.005
0.689 0.014 0 0.005
0.689 0.625 0 0.005
0.689 0.665 0 0.005
0.689 0.756 0 0.005
0.69 0.305 0 0.005
0.69 0.564 0 0.005
0.69 0.985 0 0.005
0.692 0.21 0 0.005
0.692 0.255 0 0.005
0.692 0.395 0 0.005
0.692 0.775 0 0.005
0.692 0.838 0 0.005
0.693 0.53 0 0.005
0.695 0.039 0 0.005
0.695 0.285 0 0.005
0.695 0.487 0 0.005
0.695 0.824 0 0.005
0.696 0.006 0 0.005
0.696 0.35 0 0.005
0.696 0.508 0 0.005
0.697 0.091 0 0.005
0.697 0.362 0 0.005
0.697 0.679 0 0.005
0.697 0.951 0 0.005
0.698 0.025 0 0.005
0.698 0.34 0 0.005
0.698 0.595 0 0.005
0.698 0.719 0 0.005
0.698 0.976 0 0.005
0.699 0.107 0 0.005
0.699 0.439 0 0.005
0.699 0.471 0 0.005
0.699 0.9977333333333334 0 0.005
0.7 0.072 0 0.005
0.7 0.159 0 0.005
0.7 0.172 0 0.005
0.7 0.185 0 0.005
0.701 0.225 0 0.005
0.701 0.327 0 0.005
0.701 0.416 0 0.005
0.702 0.134 0 0.005
0.702 0.497 0 0.005
0.702 0.524 0 0.005
0.703 0.123 0 0.005
0.703 0.651 0 0.005
0.703 0.689 0 0.005
0.703 0.842 0 0.005
0.704 0.371 0 0.005
0.704 0.397 0 0.005
0.704 0.622 0 0.005
0.704 0.751 0 0.005
0.704 0.866 0 0.005
0.704 0.882 0 0.005
0.705 0.206 0 0.005
0.705 0.248 0 0.005
0.706 0.555 0 0.005
0.707 0.939 0 0.005
0.709 0.231 0 0.005
0.709 0.607 0 0.005
0.709 0.773 0 0.005
0.71 0.174 0 0.005
0.71 0.337 0 0.005
0.71 0.904 0 0.005
0.71 0.966 0 0.005
0.71 0.9967708333333334 0 0.005
0.711 0.302 0 0.005
0.711 0.582 0 0.005
0.712 0.81 0 0.005
0.714 0.042 0 0.005
0.715 0.138 0 0.005
0.715 0.2 0 0.005
0.715 0.424 0 0.005
0.715 0.791 0 0.005
0.715 0.956 0 0.005
0.716 0.018 0 0.005
0.716 0.26 0 0.005
0.716 0.283 0 0.005
0.716 0.472 0 0.005
0.716 0.482 0 0.005
0.716 0.855 0 0.005
0.716 0.879 0 0.005
0.716 0.988 0 0.005
0.717 0.928 0 0.005
0.718 0.246 0 0.005
0.718 0.315 0 0.005
0.719 0.094 0 0.005
0.719 0.673 0 0.005
0.72 0.11 0 0.005
0.72 0.343 0 0.005
0.72 0.6 0 0.005
0.72 0.655 0 0.005
0.721 0.052 0 0.005
0.721 0.405 0 0.005
0.721 0.533 0 0.005
0.721 0.563 0 0.005
0.721 0.617 0 0.005
0.721 0.697 0 0.005
0.721 0.836 0 0.005
0.722 0.148 0 0.005
0.722 0.191 0 0.005
0.722 0.51 0 0.005
0.722 0.717 0 0.005
0.723 0.0004166666666666667 0 0.005
0.724 0.291 0 0.005
0.724 0.741 0 0.005
0.724 0.92 0 0.005
0.725 0.125 0 0.005
0.725 0.495 0 0.005
0.725 0.521 0 0.005
0.725 0.573 0 0.005
0.725 0.637 0 0.005
0.726 0.035 0 0.005
0.726 0.706 0 0.005
0.727 0.237 0 0.005
0.727 0.277 0 0.005
0.727 0.465 0 0.005
0.727 0.688 0 0.005
0.727 0.958 0 0.005
0.728 0.326 0 0.005
0.729 0.167 0 0.005
0.729 0.892 0 0.005
0.73 0.597 0 0.005
0.73 0.882 0 0.005
0.731 0.105 0 0.005
0.731 0.417 0 0.005
0.732 0.006 0 0.005
0.732 0.253 0 0.005
0.732 0.353 0 0.005
0.733 0.214 0 0.005
0.733 0.768 0 0.005
0.734 0.115 0 0.005
0.735 0.311 0 0.005
0.735 0.472 0 0.005
0.735 0.613 0 0.005
0.735 0.968 0 0.005
0.736 0.271 0 0.005
0.736 0.66 0 0.005
0.737 0.698 0 0.005
0.737 0.917 0 0.005
0.738 0.152 0 0.005
0.738 0.369 0 0.005
0.738 0.402 0 0.005
0.739 0.223 0 0.005
0.739 0.629 0 0.005
0.739 0.842 0 0.005
0.739 0.939 0 0.005
0.74 0.034 0 0.005
0.74 0.432 0 0.005
0.74 0.779 0 0.005
0.74 0.881 0 0.005
0.741 0.0022291666666666666 0 0.005
0.741 0.648 0 0.005
0.742 0.533 0 0.005
0.742 0.562 0 0.005
0.743 0.321 0 0.005
0.743 0.599 0 0.005
0.744 0.062 0 0.005
0.744 0.421 0 0.005
0.745 0.081 0 0.005
0.745 0.236 0 0.005
0.745 0.583 0 0.005
0.746 0.122 0 0.005
0.746 0.491 0 0.005
0.746 0.514 0 0.005
0.746 0.768 0 0.005
0.747 0.162 0 0.005
0.747 0.966 0 0.005
0.748 0.018 0 0.005
0.748 0.295 0 0.005
0.749 0.047 0 0.005
0.749 0.662 0 0.005
0.749 0.684 0 0.005
0.75 0.281 0 0.005
0.75 0.442 0 0.005
0.75 0.933 0 0.005
0.751 0.312 0 0.005
0.752 0.816 0 0.005
0.752 0.951 0 0.005
0.753 0.506 0 0.005
0.753 0.574 0 0.005
0.753 0.879 0 0.005
0.754 0.241 0 0.005
0.754 0.379 0 0.005
0.755 0.081 0 0.005
0.755 0.103 0 0.005
0.755 0.136 0 0.005
0.755 0.545 0 0.005
0.756 0.056 0 0.005
0.756 0.125 0 0.005
0.756 0.751 0 0.005
0.756 0.765 0 0.005
0.757 0.422 0 0.005
0.757 0.468 0 0.005
0.757 0.902 0 0.005
0.758 0.262 0 0.005
0.758 0.606 0 0.005
0.759 0.159 0 0.005
0.759 0.69 0 0.005
0.759 0.709 0 0.005
0.759 0.847 0 0.005
0.761 0.249 0 0.005
0.761 0.285 0 0.005
0.761 0.338 0 0.005
0.761 0.443 0 0.005
0.761 0.627 0 0.005
0.762 0.954 0 0.005
0.762 0.972 0 0.005
0.764 0.205 0 0.005
0.764 0.993 0 0.005
0.765 0.371 0 0.005
0.765 0.474 0 0.005
0.765 0.533 0 0.005
0.765 0.575 0 0.005
0.765 0.819 0 0.005
0.767 0.115 0 0.005
0.767 0.19 0 0.005
0.767 0.612 0 0.005
0.767 0.894 0 0.005
0.768 0.359 0 0.005
0.769 0.133 0 0.005
0.769 0.232 0 0.005
0.77 0.065 0 0.005
0.771 0.631 0 0.005
0.771 0.652 0 0.005
0.772 0.665 0 0.005
0.772 0.733 0 0.005
0.772 0.966 0 0.005
0.773 0.076 0 0.005
0.773 0.434 0 0.005
0.773 0.805 0 0.005
0.773 0.981 0 0.005
0.773 0.0004166666666666667 0 0.005
0.774 0.4 0 0.005
0.774 0.496 0 0.005
0.774 0.921 0 0.005
0.775 0.157 0 0.005
0.775 0.262 0 0.005
0.775 0.696 0 0.005
0.776 0.101 0 0.005
0.776 0.539 0 0.005
0.776 0.786 0 0.005
0.776 0.823 0 0.005
0.777 0.217 0 0.005
0.777 0.683 0 0.005
0.777 0.835 0 0.005
0.778 0.055 0 0.005
0.778 0.411 0 0.005
0.779 0.176 0 0.005
0.779 0.348 0 0.005
0.779 0.457 0 0.005
0.779 0.576 0 0.005
0.78 0.592 0 0.005
0.78 0.948 0 0.005
0.781 0.472 0 0.005
0.782 0.245 0 0.005
0.782 0.56 0 0.005
0.782 0.755 0 0.005
0.782 0.97 0 0.005
0.783 0.024 0 0.005
0.783 0.549 0 0.005
0.783 0.638 0 0.005
0.783 0.933 0 0.005
0.784 0.795 0 0.005
0.784 0.917 0 0.005
0.785 0.297 0 0.005
0.785 0.325 0 0.005
0.785 0.89 0 0.005
0.785 0.988 0 0.005
0.787 0.167 0 0.005
0.788 0.416 0 0.005
0.788 0.726 0 0.005
0.79 0.137 0 0.005
0.79 0.147 0 0.005
0.791 0.106 0 0.005
0.791 0.205 0 0.005
0.791 0.566 0 0.005
0.791 0.693 0 0.005
0.791 0.741 0 0.005
0.792 0.351 0 0.005
0.792 0.443 0 0.005
0.792 0.473 0 0.005
0.792 0.712 0 0.005
0.793 0.08 0 0.005
0.794 0.025 0 0.005
0.794 0.091 0 0.005
0.794 0.305 0 0.005
0.794 0.455 0 0.005
0.794 0.845 0 0.005
0.795 0.008 0 0.005
0.795 0.055 0 0.005
0.795 0.834 0 0.005
0.796 0.498 0 0.005
0.796 0.767 0 0.005
0.796 0.781 0 0.005
0.796 0.877 0 0.005
0.797 0.648 0 0.005
0.798 0.157 0 0.005
0.798 0.359 0 0.005
0.798 0.399 0 0.005
0.798 0.726 0 0.005
0.798 0.981 0 0.005
0.8 0.041 0 0.005
0.8 0.341 0 0.005
0.801 0.436 0 0.005
0.801 0.745 0 0.005
0.801 0.853 0 0.005
0.802 0.582 0 0.005
0.803 0.413 0 0.005
0.803 0.547 0 0.005
0.803 0.594 0 0.005
0.803 0.915 0 0.005
0.804 0.661 0 0.005
0.805 0.298 0 0.005
0.805 0.308 0 0.005
0.805 0.463 0 0.005
0.805 0.483 0 0.005
0.805 0.959 0 0.005
0.806 0.135 0 0.005
0.806 0.532 0 0.005
0.806 0.607 0 0.005
0.806 0.806 0 0.005
0.807 0.089 0 0.005
0.807 0.245 0 0.005
0.807 0.833 0 0.005
0.807 0.845 0 0.005
0.808 0.099 0 0.005
0.808 0.642 0 0.005
0.808 0.672 0 0.005
0.808 0.732 0 0.005
0.808 0.819 0 0.005
0.809 0.12 0 0.005
0.81 0.077 0 0.005
0.81 0.153 0 0.005
0.811 0.219 0 0.005
0.811 0.628 0 0.005
0.811 0.922 0 0.005
0.812 0.021 0 0.005
0.812 0.383 0 0.005
0.812 0.71 0 0.005
0.813 0.047 0 0.005
0.814 0.196 0 0.005
0.814 0.976 0 0.005
0.815 0.865 0 0.005
0.816 0.606 0 0.005
0.816 0.72 0 0.005
0.816 0.778 0 0.005
0.816 0.936 0 0.005
0.817 0.487 0 0.005
0.817 0.503 0 0.005
0.818 0.009 0 0.005
0.818 0.449 0 0.005
0.818 0.477 0 0.005
0.819 0.251 0 0.005
0.819 0.551 0 0.005
0.819 0.685 0 0.005
0.819 0.762 0 0.005
0.819 0.842 0 0.005
0.819 0.909 0 0.005
0.82 0.159 0 0.005
0.82 0.176 0 0.005
0.82 0.295 0 0.005
0.82 0.36 0 0.005
0.82 0.413 0 0.005
0.82 0.788 0 0.005
0.821 0.037 0 0.005
0.821 0.24 0 0.005
0.821 0.348 0 0.005
0.821 0.398 0 0.005
0.821 0.534 0 0.005
0.822 0.217 0 0.005
0.822 0.568 0 0.005
0.822 0.709 0 0.005
0.822 0.885 0 0.005
0.823 0.433 0 0.005
0.823 0.734 0 0.005
0.824 0.281 0 0.005
0.824 0.387 0 0.005
0.826 0.323 0 0.005
0.826 0.516 0 0.005
0.826 0.637 0 0.005
0.826 0.662 0 0.005
0.827 0.137 0 0.005
0.828 0.024 0 0.005
0.828 0.45 0 0.005
0.828 0.473 0 0.005
0.828 0.8 0 0.005
0.829 0.271 0 0.005
0.829 0.749 0 0.005
0.829 0.872 0 0.005
0.83 0.148 0 0.005
0.83 0.289 0 0.005
0.83 0.836 0 0.005
0.831 0.036 0 0.005
0.831 0.531 0 0.005
0.831 0.679 0 0.005
0.832 0.048 0 0.005
0.832 0.375 0 0.005
0.832 0.852 0 0.005
0.833 0.16 0 0.005
0.833 0.587 0 0.005
0.834 0.012 0 0.005
0.834 0.087 0 0.005
0.834 0.739 0 0.005
0.834 0.896 0 0.005
0.834 0.977 0 0.005
0.835 0.201 0 0.005
0.836 0.309 0 0.005
0.836 0.405 0 0.005
0.836 0.544 0 0.005
0.836 0.653 0 0.005
0.838 0.231 0 0.005
0.838 0.278 0 0.005
0.838 0.502 0 0.005
0.838 0.554 0 0.005
0.838 0.691 0 0.005
0.838 0.942 0 0.005
0.838 0.96 0 0.005
0.839 0.182 0 0.005
0.839 0.258 0 0.005
0.839 0.439 0 0.005
0.841 0.021 0 0.005
0.841 0.031 0 0.005
0.841 0.043 0 0.005
0.841 0.532 0 0.005
0.841 0.82 0 0.005
0.842 0.006 0 0.005
0.842 0.458 0 0.005
0.842 0.644 0 0.005
0.842 0.971 0 0.005
0.843 0.326 0 0.005
0.844 0.079 0 0.005
0.844 0.148 0 0.005
0.844 0.301 0 0.005
0.844 0.6 0 0.005
0.844 0.782 0 0.005
0.844 0.849 0 0.005
0.844 0.876 0 0.005
0.844 0.95 0 0.005
0.845 0.195 0 0.005
0.845 0.909 0 0.005
0.846 0.888 0 0.005
0.845 0.9985833333333334 0 0.005
0.847 0.669 0 0.005
0.847 0.706 0 0.005
0.848 0.159 0 0.005
0.848 0.217 0 0.005
0.848 0.341 0 0.005
0.848 0.37 0 0.005
0.848 0.743 0 0.005
0.849 0.24 0 0.005
0.849 0.803 0 0.005
0.85 0.173 0 0.005
0.85 0.451 0 0.005
0.85 0.931 0 0.005
0.851 0.421 0 0.005
0.852 0.105 0 0.005
0.852 0.624 0 0.005
0.852 0.638 0 0.005
0.853 0.571 0 0.005
0.854 0.041 0 0.005
0.854 0.826 0 0.005
0.854 0.9956875 0 0.005
0.855 0.51 0 0.005
0.855 0.695 0 0.005
0.856 0.061 0 0.005
0.856 0.128 0 0.005
0.856 0.284 0 0.005
0.856 0.607 0 0.005
0.857 0.294 0 0.005
0.857 0.313 0 0.005
0.857 0.547 0 0.005
0.857 0.668 0 0.005
0.858 0.158 0 0.005
0.858 0.195 0 0.005
0.858 0.586 0 0.005
0.858 0.766 0 0.005
0.858 0.868 0 0.005
0.858 0.885 0 0.005
0.859 0.335 0 0.005
0.859 0.414 0 0.005
0.859 0.428 0 0.005
0.859 0.718 0 0.005
0.859 0.961 0 0.005
0.86 0.243 0 0.005
0.86 0.814 0 0.005
0.861 0.223 0 0.005
0.861 0.355 0 0.005
0.861 0.629 0 0.005
0.861 0.786 0 0.005
0.861 0.917 0 0.005
0.862 0.034 0 0.005
0.862 0.394 0 0.005
0.862 0.743 0 0.005
0.863 0.119 0 0.005
0.863 0.898 0 0.005
0.865 0.107 0 0.005
0.865 0.255 0 0.005
0.865 0.486 0 0.005
0.866 0.067 0 0.005
0.866 0.687 0 0.005
0.867 0.273 0 0.005
0.868 0.643 0 0.005
0.868 0.698 0 0.005
0.868 0.94 0 0.005
0.869 0.608 0 0.005
0.869 0.855 0 0.005
0.87 0.175 0 0.005
0.87 0.38 0 0.005
0.87 0.96 0 0.005
0.87 0.9956875 0 0.005
0.871 0.195 0 0.005
0.871 0.356 0 0.005
0.871 0.457 0 0.005
0.871 0.473 0 0.005
0.872 0.408 0 0.005
0.872 0.843 0 0.005
0.873 0.333 0 0.005
0.873 0.594 0 0.005
0.873 0.794 0 0.005
0.873 0.896 0 0.005
0.873 0.974 0 0.005
0.874 0.146 0 0.005
0.874 0.716 0 0.005
0.874 0.736 0 0.005
0.874 0.759 0 0.005
0.875 0.539 0 0.005
0.875 0.634 0 0.005
0.875 0.864 0 0.005
0.876 0.434 0 0.005
0.876 0.501 0 0.005
0.877 0.064 0 0.005
0.877 0.308 0 0.005
0.877 0.574 0 0.005
0.878 0.291 0 0.005
0.878 0.824 0 0.005
0.879 0.077 0 0.005
0.879 0.281 0 0.005
0.879 0.362 0 0.005
0.88 0.811 0 0.005
0.88 0.919 0 0.005
0.88 0.957 0 0.005
0.881 0.099 0 0.005
0.882 0.045 0 0.005
0.882 0.456 0 0.005
0.882 0.647 0 0.005
0.882 0.886 0 0.005
0.883 0.342 0 0.005
0.883 0.484 0 0.005
0.884 0.142 0 0.005
0.884 0.418 0 0.005
0.884 0.518 0 0.005
0.884 0.725 0 0.005
0.885 0.216 0 0.005
0.885 0.385 0 0.005
0.885 0.596 0 0.005
0.885 0.612 0 0.005
0.885 0.764 0 0.005
0.885 0.853 0 0.005
0.885 0.996280701754386 0 0.005
0.886 0.006 0 0.005
0.886 0.189 0 0.005
0.886 0.23 0 0.005
0.886 0.25 0 0.005
0.886 0.316 0 0.005
0.886 0.508 0 0.005
0.886 0.712 0 0.005
0.886 0.79 0 0.005
0.887 0.743 0 0.005
0.888 0.067 0 0.005
0.888 0.672 0 0.005
0.889 0.021 0 0.005
0.889 0.124 0 0.005
0.889 0.365 0 0.005
0.889 0.948 0 0.005
0.89 0.087 0 0.005
0.89 0.558 0 0.005
0.89 0.569 0 0.005
0.89 0.682 0 0.005
0.892 0.136 0 0.005
0.892 0.163 0 0.005
0.892 0.604 0 0.005
0.892 0.629 0 0.005
0.892 0.966 0 0.005
0.893 0.452 0 0.005
0.893 0.919 0 0.005
0.894 0.238 0 0.005
0.894 0.294 0 0.005
0.894 0.491 0 0.005
0.894 0.533 0 0.005
0.895 0.27 0 0.005
0.895 0.431 0 0.005
0.896 0.004 0 0.005
0.896 0.794 0 0.005
0.896 0.931 0 0.005
0.897 0.105 0 0.005
0.897 0.284 0 0.005
0.897 0.421 0 0.005
0.897 0.509 0 0.005
0.897 0.817 0 0.005
0.898 0.737 0 0.005
0.898 0.859 0 0.005
0.9 0.404 0 0.005
0.9 0.612 0 0.005
0.9 0.901 0 0.005
0.902 0.09 0 0.005
0.902 0.133 0 0.005
0.903 0.448 0 0.005
0.903 0.458 0 0.005
0.904 0.326 0 0.005
0.905 0.111 0 0.005
0.905 0.144 0 0.005
0.905 0.257 0 0.005
0.905 0.337 0 0.005
0.905 0.601 0 0.005
0.905 0.891 0 0.005
0.906 0.074 0 0.005
0.906 0.184 0 0.005
0.906 0.473 0 0.005
0.906 0.497 0 0.005
0.906 0.572 0 0.005
0.906 0.837 0 0.005
0.906 0.872 0 0.005
0.907 0.512 0 0.005
0.907 0.643 0 0.005
0.907 0.751 0 0.005
0.908 0.244 0 0.005
0.908 0.782 0 0.005
0.909 0.957 0 0.005
0.91 0.7 0 0.005
0.91 0.977 0 0.005
0.911 0.0022291666666666666 0 0.005
0.911 0.851 0 0.005
0.912 0.301 0 0.005
0.912 0.805 0 0.005
0.912 0.818 0 0.005
0.912 0.922 0 0.005
0.913 0.454 0 0.005
0.914 0.532 0 0.005
0.914 0.738 0 0.005
0.915 0.361 0 0.005
0.915 0.546 0 0.005
0.915 0.594 0 0.005
0.916 0.102 0 0.005
0.916 0.178 0 0.005
0.916 0.283 0 0.005
0.916 0.33 0 0.005
0.916 0.395 0 0.005
0.916 0.662 0 0.005
0.916 0.717 0 0.005
0.916 0.776 0 0.005
0.916 0.894 0 0.005
0.917 0.023 0 0.005
0.918 0.197 0 0.005
0.918 0.293 0 0.005
0.918 0.42 0 0.005
0.918 0.694 0 0.005
0.919 0.144 0 0.005
0.919 0.222 0 0.005
0.919 0.242 0 0.005
0.919 0.866 0 0.005
0.92 0.578 0 0.005
0.921 0.983 0 0.005
0.922 0.007 0 0.005
0.922 0.308 0 0.005
0.922 0.625 0 0.005
0.923 0.047 0 0.005
0.923 0.072 0 0.005
0.923 0.56 0 0.005
0.923 0.765 0 0.005
0.923 0.941 0 0.005
0.923 0.952 0 0.005
0.924 0.522 0 0.005
0.924 0.536 0 0.005
0.924 0.604 0 0.005
0.924 0.968 0 0.005
0.925 0.257 0 0.005
0.925 0.343 0 0.005
0.926 0.23 0 0.005
0.926 0.709 0 0.005
0.927 0.031 0 0.005
0.927 0.318 0 0.005
0.927 0.381 0 0.005
0.927 0.9967708333333334 0 0.005
0.928 0.804 0 0.005
0.929 0.392 0 0.005
0.929 0.444 0 0.005
0.929 0.47 0 0.005
0.929 0.59 0 0.005
0.929 0.721 0 0.005
0.929 0.744 0 0.005
0.929 0.848 0 0.005
0.931 0.683 0 0.005
0.932 0.156 0 0.005
0.932 0.218 0 0.005
0.932 0.454 0 0.005
0.933 0.13 0 0.005
0.934 0.513 0 0.005
0.935 0.04 0 0.005
0.935 0.077 0 0.005
0.935 0.242 0 0.005
0.935 0.277 0 0.005
0.935 0.666 0 0.005
0.936 0.864 0 0.005
0.936 0.876 0 0.005
0.937 0.386 0 0.005
0.937 0.777 0 0.005
0.937 0.972 0 0.005
0.938 0.581 0 0.005
0.938 0.713 0 0.005
0.938 0.758 0 0.005
0.939 0.143 0 0.005
0.939 0.323 0 0.005
0.939 0.903 0 0.005
0.94 0.489 0 0.005
0.94 0.564 0 0.005
0.941 0.992 0 0.005
0.942 0.624 0 0.005
0.942 0.734 0 0.005
0.942 0.806 0 0.005
0.943 0.091 0 0.005
0.943 0.201 0 0.005
0.943 0.455 0 0.005
0.943 0.603 0 0.005
0.944 0.173 0 0.005
0.944 0.253 0 0.005
0.944 0.348 0 0.005
0.944 0.366 0 0.005
0.944 0.445 0 0.005
0.944 0.956 0 0.005
0.945 0.158 0 0.005
0.945 0.211 0 0.005
0.945 0.278 0 0.005
0.945 0.693 0 0.005
0.945 0.794 0 0.005
0.947 0.225 0 0.005
0.947 0.87 0 0.005
0.948 0.294 0 0.005
0.948 0.497 0 0.005
0.948 0.514 0 0.005
0.948 0.535 0 0.005
0.948 0.726 0 0.005
0.95 0.127 0 0.005
0.95 0.758 0 0.005
0.951 0.463 0 0.005
0.952 0.413 0 0.005
0.952 0.558 0 0.005
0.953 0.037 0 0.005
0.953 0.321 0 0.005
0.954 0.01 0 0.005
0.954 0.083 0 0.005
0.954 0.638 0 0.005
0.955 0.138 0 0.005
0.956 0.273 0 0.005
0.956 0.67 0 0.005
0.956 0.957 0 0.005
0.958 0.549 0 0.005
0.959 0.071 0 0.005
0.959 0.66 0 0.005
0.959 0.819 0 0.005
0.959 0.927 0 0.005
0.96 0.441 0 0.005
0.961 0.195 0 0.005
0.961 0.239 0 0.005
0.961 0.735 0 0.005
0.962 0.026 0 0.005
0.962 0.46 0 0.005
0.962 0.53 0 0.005
0.962 0.776 0 0.005
0.963 0.795 0 0.005
0.963 0.972 0 0.005
0.964 0.054 0 0.005
0.964 0.625 0 0.005
0.964 0.7 0 0.005
0.966 0.205 0 0.005
0.967 0.588 0 0.005
0.967 0.846 0 0.005
0.967 0.864 0 0.005
0.968 0.177 0 0.005
0.968 0.217 0 0.005
0.968 0.254 0 0.005
0.968 0.294 0 0.005
0.969 0.561 0 0.005
0.97 0.139 0 0.005
0.97 0.187 0 0.005
0.97 0.518 0 0.005
0.97 0.889 0 0.005
0.971 0.158 0 0.005
0.971 0.727 0 0.005
0.972 0.397 0 0.005
0.972 0.578 0 0.005
0.972 0.712 0 0.005
0.973 0.23 0 0.005
0.973 0.328 0 0.005
0.973 0.419 0 0.005
0.973 0.437 0 0.005
0.973 0.534 0 0.005
0.973 0.909 0 0.005
0.974 0.015 0 0.005
0.974 0.029 0 0.005
0.974 0.268 0 0.005
0.974 0.482 0 0.005
0.974 0.875 0 0.005
0.974 0.947 0 0.005
0.975 0.053 0 0.005
0.975 0.148 0 0.005
0.975 0.741 0 0.005
0.976 0.039 0 0.005
0.976 0.687 0 0.005
0.977 0.829 0 0.005
0.978 0.078 0 0.005
0.978 0.245 0 0.005
0.978 0.465 0 0.005
0.978 0.568 0 0.005
0.979 0.671 0 0.005
0.98 0.352 0 0.005
0.98 0.608 0 0.005
0.98 0.983 0 0.005
0.981 0.18 0 0.005
0.981 0.718 0 0.005
0.981 0.866 0 0.005
0.982 0.225 0 0.005
0.982 0.801 0 0.005
0.983 0.9 0 0.005
0.983 0.922 0 0.005
0.983 0.958 0 0.005
0.984 0.14 0 0.005
0.984 0.518 0 0.005
0.985 0.877 0 0.005
0.986 0.589 0 0.005
0.987 0.274 0 0.005
0.987 0.317 0 0.005
0.987 0.385 0 0.005
0.987 0.406 0 0.005
0.987 0.639 0 0.005
0.987 0.655 0 0.005
0.988 0.291 0 0.005
0.988 0.443 0 0.005
0.988 0.0004166666666666667 0 0.005
0.989 0.097 0 0.005
0.989 0.424 0 0.005
0.989 0.971 0 0.005
0.99 0.728 0 0.005
0.991 0.065 0 0.005
0.991 0.368 0 0.005
0.992 0.333 0 0.005
0.992 0.604 0 0.005
0.992 0.952 0 0.005
0.993 0.081 0 0.005
0.993 0.165 0 0.005
0.993 0.465 0 0.005
0.993 0.55 0 0.005
0.993 0.571 0 0.005
0.993 0.843 0 0.005
0.993 0.862 0 0.005
0.995 0.788 0 0.005
0.995 0.932 0 0.005
0.9956875 0.048 0 0.005
0.9956875 0.358 0 0.005
0.9956875 0.71 0 0.005
0.9956875 0.979 0 0.005
0.996280701754386 0.147 0 0.005
0.996280701754386 0.304 0 0.005
0.996280701754386 0.476 0 0.005
0.996280701754386 0.65 0 0.005
0.996280701754386 0.989 0 0.005
0.9967708333333334 0.276 0 0.005
0.9967708333333334 0.438 0 0.005
0.9967708333333334 0.66 0 0.005
0.9967708333333334 0.687 0 0.005
0.9972564102564103 0.422 0 0.005
0.9972564102564103 0.773 0 0.005
0.9977333333333334 0.381 0 0.005
0.9977333333333334 0.531 0 0.005
0.9977333333333334 0.807 0 0.005
0.9977333333333334 0.916 0 0.005
0.9981904761904762 0.022 0 0.005
0.9981904761904762 0.097 0 0.005
0.9981904761904762 0.117 0 0.005
0.9981904761904762 0.244 0 0.005
0.9981904761904762 0.615 0 0.005
0.9981904761904762 0.628 0 0.005
0.9985833333333334 0.006 0 0.005
0.9985833333333334 0.321 0 0.005
0.9985833333333334 0.83 0 0.005
0.9985833333333334 0.902 0 0.005
0.999 0.491 0 0.005
0.999 0.598 0 0.005
