0.00434313725490196 0.323 0 0.005
0.011 0.968 0 0.005
0.023 0.366 0 0.005
0.04 0.701 0 0.005
0.041 0.295 0 0.005
0.042 0.075 0 0.005
0.057 0.01 0 0.005
0.057 0.676 0 0.005
0.083 0.175 0 0.005
0.085 0.073 0 0.005
0.101 0.399 0 0.005
0.102 0.327 0 0.005
0.116 0.082 0 0.005
0.136 0.465 0 0.005
0.149 0.401 0 0.005
0.153 0.422 0 0.005
0.161 0.441 0 0.005
0.163 0.395 0 0.005
0.167 0.725 0 0.005
0.204 0.244 0 0.005
0.21 0.592 0 0.005
0.22 0.74 0 0.005
0.23 0.726 0 0.005
0.256 0.637 0 0.005
0.261 0.8 0 0.005
0.267 0.395 0 0.005
0.279 0.835 0 0.005
0.287 0.408 0 0.005
0.301 0.074 0 0.005
0.324 0.434 0 0.005
0.325 0.301 0 0.005
0.327 0.553 0 0.005
0.332 0.843 0 0.005
0.333 0.825 0 0.005
0.337 0.631 0 0.005
0.341 0.237 0 0.005
0.345 0.357 0 0.005
0.359 0.761 0 0.005
0.367 0.213 0 0.005
0.382 0.09 0 0.005
0.385 0.157 0 0.005
0.401 0.548 0 0.005
0.403 0.353 0 0.005
0.43 0.737 0 0.005
0.431 0.708 0 0.005
0.434 0.056 0 0.005
0.452 0.426 0 0.005
0.455 0.616 0 0.005
0.488 0.309 0 0.005
0.496 0.428 0 0.005
0.544 0.536 0 0.005
0.548 0.848 0 0.005
0.552 0.264 0 0.005
0.579 0.003763440860215054 0 0.005
0.584 0.783 0 0.005
0.591 0.547 0 0.005
0.596 0.514 0 0.005
0.602 0.621 0 0.005
0.61 0.203 0 0.005
0.613 0.466 0 0.005
0.631 0.192 0 0.005
0.645 0.234 0 0.005
0.652 0.651 0 0.005
0.671 0.136 0 0.005
0.687 0.712 0 0.005
0.701 0.905 0 0.005
0.728 0.155 0 0.005
0.74 0.494 0 0.005
0.765 0.191 0 0.005
0.808 0.016 0 0.005
0.809 0.208 0 0.005
0.818 0.301 0 0.005
0.822 0.975 0 0.005
0.836 0.167 0 0.005
0.838 0.745 0 0.005
0.842 0.455 0 0.005
0.848 0.114 0 0.005
0.852 0.902 0 0.005
0.868 0.167 0 0.005
0.881 0.323 0 0.005
0.898 0.284 0 0.005
0.901 0.395 0 0.005
0.914 0.459 0 0.005
0.944 0.632 0 0.005
0.947 0.701 0 0.005
0.975 0.344 0 0.005
0.979 0.844 0 0.005
0.996225352112676 0.437 0 0.005
