0.002719298245614035 0.023 0 0.005
0.0033125 0.044 0 0.005
0.002719298245614035 0.109 0 0.005
0.0 0.127 0 0.005
0.0012666666666666666 0.156 0 0.005
0.002719298245614035 0.188 0 0.005
0.0004166666666666667 0.205 0 0.005
0.002719298245614035 0.215 0 0.005
0.0008095238095238096 0.284 0 0.005
0.0022291666666666666 0.311 0 0.005
0.0022291666666666666 0.325 0 0.005
0.0008095238095238096 0.349 0 0.005
0.004 0.382 0 0.005
0.0012666666666666666 0.397 0 0.005
0.004 0.509 0 0.005
0.0012666666666666666 0.525 0 0.005
0.0012666666666666666 0.61 0 0.005
0.0004166666666666667 0.642 0 0.005
0.002719298245614035 0.681 0 0.005
0.0017435897435897436 0.698 0 0.005
0.0004166666666666667 0.805 0 0.005
0.0017435897435897436 0.816 0 0.005
0.002719298245614035 0.829 0 0.005
0.0008095238095238096 0.856 0 0.005
0.004 0.934 0 0.005
0.0004166666666666667 0.944 0 0.005
0.0004166666666666667 0.977 0 0.005
0.005 0.075 0 0.005
0.005 0.598 0 0.005
0.005 0.667 0 0.005
0.005 0.773 0 0.005
0.005 0.783 0 0.005
0.005 0.794 0 0.005
0.006 0.0017435897435897436 0 0.005
0.006 0.722 0 0.005
0.006 0.839 0 0.005
0.007 0.57 0 0.005
0.007 0.744 0 0.005
0.008 0.139 0 0.005
0.008 0.239 0 0.005
0.008 0.276 0 0.005
0.008 0.35 0 0.005
0.008 0.54 0 0.005
0.009 0.857 0 0.005
0.009 0.92 0 0.005
0.01 0.265 0 0.005
0.01 0.336 0 0.005
0.01 0.364 0 0.005
0.01 0.435 0 0.005
0.011 0.42 0 0.005
0.011 0.528 0 0.005
0.011 0.982 0 0.005
0.012 0.096 0 0.005
0.012 0.458 0 0.005
0.012 0.49 0 0.005
0.012 0.995 0 0.005
0.013 0.016 0 0.005
0.013 0.812 0 0.005
0.014 0.403 0 0.005
0.014 0.479 0 0.005
0.014 0.582 0 0.005
0.015 0.508 0 0.005
0.015 0.756 0 0.005
0.016 0.044 0 0.005
0.016 0.903 0 0.005
0.016 0.963 0 0.005
0.017 0.0033125 0 0.005
0.017 0.17 0 0.005
0.017 0.389 0 0.005
0.017 0.635 0 0.005
0.017 0.68 0 0.005
0.017 0.7 0 0.005
0.017 0.727 0 0.005
0.017 0.865 0 0.005
0.018 0.16 0 0.005
0.018 0.256 0 0.005
0.018 0.294 0 0.005
0.018 0.615 0 0.005
0.018 0.66 0 0.005
0.019 0.077 0 0.005
0.019 0.15 0 0.005
0.019 0.787 0 0.005
0.02 0.425 0 0.005
0.02 0.849 0 0.005
0.021 0.067 0 0.005
0.021 0.209 0 0.005
0.022 0.596 0 0.005
0.023 0.437 0 0.005
0.023 0.824 0 0.005
0.024 0.111 0 0.005
0.024 0.195 0 0.005
0.024 0.488 0 0.005
0.024 0.559 0 0.005
0.024 0.573 0 0.005
0.024 0.586 0 0.005
0.025 0.349 0 0.005
0.026 0.396 0 0.005
0.026 0.51 0 0.005
0.027 0.034 0 0.005
0.027 0.857 0 0.005
0.027 0.9972564102564103 0 0.005
0.028 0.686 0 0.005
0.028 0.696 0 0.005
0.028 0.835 0 0.005
0.028 0.942 0 0.005
0.029 0.152 0 0.005
0.029 0.23 0 0.005
0.029 0.259 0 0.005
0.029 0.611 0 0.005
0.03 0.058 0 0.005
0.03 0.708 0 0.005
0.03 0.758 0 0.005
0.031 0.009 0 0.005
0.031 0.43 0 0.005
0.031 0.535 0 0.005
0.031 0.924 0 0.005
0.031 0.988 0 0.005
0.032 0.806 0 0.005
0.033 0.163 0 0.005
0.033 0.844 0 0.005
0.034 0.089 0 0.005
0.034 0.579 0 0.005
0.034 0.781 0 0.005
0.035 0.49 0 0.005
0.035 0.502 0 0.005
0.035 0.522 0 0.005
0.035 0.732 0 0.005
0.036 0.07 0 0.005
0.036 0.291 0 0.005
0.036 0.403 0 0.005
0.037 0.383 0 0.005
0.037 0.903 0 0.005
0.038 0.214 0 0.005
0.038 0.371 0 0.005
0.038 0.816 0 0.005
0.039 0.051 0 0.005
0.039 0.12 0 0.005
0.039 0.244 0 0.005
0.039 0.327 0 0.005
0.039 0.915 0 0.005
0.039 0.935 0 0.005
0.039 0.949 0 0.005
0.04 0.464 0 0.005
0.04 0.67 0 0.005
0.041 0.259 0 0.005
0.041 0.694 0 0.005
0.042 0.546 0 0.005
0.042 0.626 0 0.005
0.042 0.889 0 0.005
0.042 0.976 0 0.005
0.043 0.11 0 0.005
0.043 0.338 0 0.005
0.043 0.9981904761904762 0 0.005
0.044 0.017 0 0.005
0.044 0.474 0 0.005
0.044 0.578 0 0.005
0.044 0.602 0 0.005
0.044 0.613 0 0.005
0.044 0.798 0 0.005
0.045 0.301 0 0.005
0.046 0.157 0 0.005
0.046 0.444 0 0.005
0.047 0.084 0 0.005
0.047 0.281 0 0.005
0.047 0.383 0 0.005
0.047 0.682 0 0.005
0.048 0.136 0 0.005
0.048 0.772 0 0.005
0.049 0.513 0 0.005
0.049 0.659 0 0.005
0.05 0.06 0 0.005
0.05 0.79 0 0.005
0.05 0.984 0 0.005
0.051 0.46 0 0.005
0.052 0.033 0 0.005
0.052 0.884 0 0.005
0.052 0.918 0 0.005
0.053 0.105 0 0.005
0.053 0.31 0 0.005
0.053 0.931 0 0.005
0.054 0.0033125 0 0.005
0.054 0.2 0 0.005
0.054 0.213 0 0.005
0.054 0.406 0 0.005
0.055 0.182 0 0.005
0.055 0.297 0 0.005
0.055 0.551 0 0.005
0.055 0.569 0 0.005
0.055 0.763 0 0.005
0.056 0.115 0 0.005
0.056 0.533 0 0.005
0.056 0.851 0 0.005
0.057 0.021 0 0.005
0.057 0.644 0 0.005
0.057 0.744 0 0.005
0.058 0.992 0 0.005
0.059 0.492 0 0.005
0.059 0.606 0 0.005
0.059 0.698 0 0.005
0.059 0.953 0 0.005
0.06 0.237 0 0.005
0.06 0.728 0 0.005
0.061 0.095 0 0.005
0.061 0.502 0 0.005
0.061 0.776 0 0.005
0.062 0.13 0 0.005
0.062 0.315 0 0.005
0.063 0.149 0 0.005
0.063 0.455 0 0.005
0.063 0.617 0 0.005
0.063 0.88 0 0.005
0.064 0.436 0 0.005
0.064 0.758 0 0.005
0.063 0.0 0 0.005
0.065 0.352 0 0.005
0.065 0.377 0 0.005
0.065 0.414 0 0.005
0.065 0.913 0 0.005
0.066 0.048 0 0.005
0.066 0.861 0 0.005
0.067 0.033 0 0.005
0.067 0.083 0 0.005
0.067 0.221 0 0.005
0.067 0.972 0 0.005
0.068 0.485 0 0.005
0.068 0.704 0 0.005
0.068 0.961 0 0.005
0.069 0.307 0 0.005
0.069 0.786 0 0.005
0.069 0.988 0 0.005
0.07 0.586 0 0.005
0.07 0.681 0 0.005
0.07 0.769 0 0.005
0.071 0.011 0 0.005
0.071 0.25 0 0.005
0.071 0.653 0 0.005
0.072 0.058 0 0.005
0.072 0.132 0 0.005
0.073 0.108 0 0.005
0.073 0.286 0 0.005
0.073 0.932 0 0.005
0.074 0.266 0 0.005
0.074 0.334 0 0.005
0.074 0.664 0 0.005
0.074 0.714 0 0.005
0.074 0.728 0 0.005
0.074 0.918 0 0.005
0.075 0.436 0 0.005
0.075 0.795 0 0.005
0.075 0.88 0 0.005
0.076 0.0022291666666666666 0 0.005
0.076 0.554 0 0.005
0.076 0.64 0 0.005
0.077 0.944 0 0.005
0.078 0.357 0 0.005
0.078 0.579 0 0.005
0.079 0.195 0 0.005
0.08 0.039 0 0.005
0.08 0.222 0 0.005
0.08 0.306 0 0.005
0.08 0.425 0 0.005
0.08 0.746 0 0.005
0.081 0.12 0 0.005
0.081 0.406 0 0.005
0.082 0.013 0 0.005
0.082 0.076 0 0.005
0.082 0.157 0 0.005
0.083 0.494 0 0.005
0.084 0.517 0 0.005
0.084 0.709 0 0.005
0.085 0.507 0 0.005
0.085 0.864 0 0.005
0.086 0.462 0 0.005
0.087 0.091 0 0.005
0.087 0.346 0 0.005
0.087 0.612 0 0.005
0.087 0.758 0 0.005
0.088 0.264 0 0.005
0.088 0.555 0 0.005
0.088 0.738 0 0.005
0.088 0.772 0 0.005
0.089 0.002719298245614035 0 0.005
0.089 0.639 0 0.005
0.089 0.903 0 0.005
0.091 0.197 0 0.005
0.091 0.222 0 0.005
0.091 0.232 0 0.005
0.091 0.576 0 0.005
0.091 0.665 0 0.005
0.091 0.816 0 0.005
0.091 0.836 0 0.005
0.092 0.281 0 0.005
0.092 0.311 0 0.005
0.093 0.333 0 0.005
0.093 0.704 0 0.005
0.093 0.714 0 0.005
0.094 0.365 0 0.005
0.094 0.877 0 0.005
0.095 0.564 0 0.005
0.096 0.591 0 0.005
0.096 0.97 0 0.005
0.097 0.114 0 0.005
0.097 0.149 0 0.005
0.097 0.186 0 0.005
0.097 0.755 0 0.005
0.097 0.984 0 0.005
0.098 0.061 0 0.005
0.098 0.73 0 0.005
0.099 0.683 0 0.005
0.1 0.095 0 0.005
0.1 0.384 0 0.005
0.1 0.9 0 0.005
0.101 0.579 0 0.005
0.101 0.658 0 0.005
0.101 0.776 0 0.005
0.101 0.994 0 0.005
0.102 0.22 0 0.005
0.102 0.265 0 0.005
0.102 0.326 0 0.005
0.102 0.4 0 0.005
0.102 0.741 0 0.005
0.103 0.0033125 0 0.005
0.104 0.848 0 0.005
0.104 0.956 0 0.005
0.105 0.292 0 0.005
0.106 0.239 0 0.005
0.106 0.696 0 0.005
0.107 0.723 0 0.005
0.107 0.814 0 0.005
0.108 0.108 0 0.005
0.108 0.515 0 0.005
0.109 0.127 0 0.005
0.109 0.187 0 0.005
0.109 0.561 0 0.005
0.109 0.645 0 0.005
0.109 0.86 0 0.005
0.11 0.175 0 0.005
0.11 0.798 0 0.005
0.11 0.885 0 0.005
0.11 0.907 0 0.005
0.111 0.214 0 0.005
0.112 0.087 0 0.005
0.112 0.489 0 0.005
0.112 0.59 0 0.005
0.113 0.049 0 0.005
0.113 0.757 0 0.005
0.114 0.005 0 0.005
0.115 0.138 0 0.005
0.115 0.288 0 0.005
0.116 0.24 0 0.005
0.116 0.435 0 0.005
0.116 0.549 0 0.005
0.116 0.654 0 0.005
0.116 0.67 0 0.005
0.117 0.42 0 0.005
0.119 0.228 0 0.005
0.119 0.835 0 0.005
0.12 0.014 0 0.005
0.12 0.987 0 0.005
0.121 0.348 0 0.005
0.121 0.448 0 0.005
0.122 0.529 0 0.005
0.122 0.764 0 0.005
0.122 0.822 0 0.005
0.123 0.097 0 0.005
0.123 0.596 0 0.005
0.123 0.88 0 0.005
0.124 0.153 0 0.005
0.124 0.412 0 0.005
0.124 0.705 0 0.005
0.124 0.733 0 0.005
0.124 0.796 0 0.005
0.125 0.943 0 0.005
0.126 0.236 0 0.005
0.126 0.578 0 0.005
0.126 0.72 0 0.005
0.127 0.041 0 0.005
0.127 0.12 0 0.005
0.127 0.512 0 0.005
0.127 0.849 0 0.005
0.127 0.86 0 0.005
0.127 0.918 0 0.005
0.128 0.005 0 0.005
0.128 0.175 0 0.005
0.128 0.218 0 0.005
0.128 0.327 0 0.005
0.128 0.463 0 0.005
0.128 0.774 0 0.005
0.128 0.903 0 0.005
0.129 0.294 0 0.005
0.129 0.359 0 0.005
0.129 0.564 0 0.005
0.13 0.077 0 0.005
0.13 0.618 0 0.005
0.13 0.631 0 0.005
0.13 0.788 0 0.005
0.13 0.964 0 0.005
0.131 0.027 0 0.005
0.132 0.395 0 0.005
0.132 0.985 0 0.005
0.133 0.381 0 0.005
0.133 0.542 0 0.005
0.134 0.593 0 0.005
0.134 0.663 0 0.005
0.135 0.142 0 0.005
0.135 0.202 0 0.005
0.135 0.682 0 0.005
0.135 0.883 0 0.005
0.136 0.109 0 0.005
0.136 0.34 0 0.005
0.136 0.482 0 0.005
0.137 0.181 0 0.005
0.137 0.424 0 0.005
0.137 0.453 0 0.005
0.137 0.718 0 0.005
0.137 0.803 0 0.005
0.138 0.053 0 0.005
0.138 0.09 0 0.005
0.138 0.248 0 0.005
0.138 0.279 0 0.005
0.138 0.308 0 0.005
0.136 0.999 0 0.005
0.139 0.327 0 0.005
0.14 0.041 0 0.005
0.14 0.163 0 0.005
0.141 0.233 0 0.005
0.141 0.534 0 0.005
0.142 0.619 0 0.005
0.142 0.992 0 0.005
0.143 0.391 0 0.005
0.143 0.56 0 0.005
0.144 0.766 0 0.005
0.145 0.466 0 0.005
0.146 0.416 0 0.005
0.146 0.899 0 0.005
0.147 0.494 0 0.005
0.147 0.512 0 0.005
0.147 0.721 0 0.005
0.147 0.846 0 0.005
0.148 0.267 0 0.005
0.148 0.688 0 0.005
0.149 0.025 0 0.005
0.149 0.155 0 0.005
0.149 0.569 0 0.005
0.149 0.792 0 0.005
0.149 0.817 0 0.005
0.149 0.91 0 0.005
0.15 0.325 0 0.005
0.15 0.432 0 0.005
0.151 0.004 0 0.005
0.151 0.094 0 0.005
0.151 0.366 0 0.005
0.151 0.529 0 0.005
0.151 0.67 0 0.005
0.152 0.869 0 0.005
0.152 0.992 0 0.005
0.153 0.234 0 0.005
0.153 0.406 0 0.005
0.154 0.614 0 0.005
0.154 0.769 0 0.005
0.155 0.073 0 0.005
0.155 0.553 0 0.005
0.156 0.165 0 0.005
0.156 0.473 0 0.005
0.156 0.646 0 0.005
0.156 0.806 0 0.005
0.156 0.898 0 0.005
0.156 0.925 0 0.005
0.157 0.058 0 0.005
0.157 0.343 0 0.005
0.157 0.741 0 0.005
0.158 0.486 0 0.005
0.158 0.501 0 0.005
0.158 0.601 0 0.005
0.158 0.624 0 0.005
0.158 0.887 0 0.005
0.159 0.037 0 0.005
0.159 0.275 0 0.005
0.159 0.295 0 0.005
0.159 0.681 0 0.005
0.159 0.9981904761904762 0 0.005
0.16 0.129 0 0.005
0.161 0.524 0 0.005
0.161 0.85 0 0.005
0.161 0.948 0 0.005
0.162 0.114 0 0.005
0.162 0.222 0 0.005
0.162 0.259 0 0.005
0.162 0.322 0 0.005
0.163 0.984 0 0.005
0.164 0.103 0 0.005
0.164 0.188 0 0.005
0.164 0.568 0 0.005
0.164 0.586 0 0.005
0.165 0.305 0 0.005
0.165 0.612 0 0.005
0.165 0.766 0 0.005
0.165 0.787 0 0.005
0.165 0.812 0 0.005
0.166 0.176 0 0.005
0.166 0.365 0 0.005
0.167 0.019 0 0.005
0.167 0.437 0 0.005
0.167 0.552 0 0.005
0.168 0.054 0 0.005
0.168 0.69 0 0.005
0.169 0.286 0 0.005
0.169 0.332 0 0.005
0.17 0.0012666666666666666 0 0.005
0.17 0.212 0 0.005
0.17 0.228 0 0.005
0.17 0.461 0 0.005
0.17 0.731 0 0.005
0.17 0.898 0 0.005
0.171 0.198 0 0.005
0.171 0.6 0 0.005
0.171 0.625 0 0.005
0.171 0.743 0 0.005
0.171 0.848 0 0.005
0.171 0.86 0 0.005
0.172 0.378 0 0.005
0.172 0.957 0 0.005
0.173 0.415 0 0.005
0.173 0.671 0 0.005
0.174 0.929 0 0.005
0.175 0.092 0 0.005
0.175 0.392 0 0.005
0.175 0.524 0 0.005
0.175 0.809 0 0.005
0.176 0.106 0 0.005
0.177 0.01 0 0.005
0.177 0.032 0 0.005
0.177 0.552 0 0.005
0.177 0.719 0 0.005
0.177 0.869 0 0.005
0.178 0.062 0 0.005
0.178 0.406 0 0.005
0.178 0.54 0 0.005
0.178 0.684 0 0.005
0.179 0.237 0 0.005
0.179 0.336 0 0.005
0.179 0.359 0 0.005
0.179 0.647 0 0.005
0.179 0.793 0 0.005
0.179 0.909 0 0.005
0.18 0.044 0 0.005
0.181 0.209 0 0.005
0.182 0.125 0 0.005
0.182 0.266 0 0.005
0.182 0.43 0 0.005
0.182 0.665 0 0.005
0.182 0.747 0 0.005
0.183 0.142 0 0.005
0.183 0.281 0 0.005
0.183 0.324 0 0.005
0.183 0.468 0 0.005
0.183 0.845 0 0.005
0.184 0.18 0 0.005
0.184 0.447 0 0.005
0.185 0.637 0 0.005
0.185 0.885 0 0.005
0.186 0.052 0 0.005
0.186 0.108 0 0.005
0.186 0.956 0 0.005
0.188 0.247 0 0.005
0.188 0.397 0 0.005
0.188 0.803 0 0.005
0.188 0.972 0 0.005
0.189 0.077 0 0.005
0.189 0.304 0 0.005
0.19 0.49 0 0.005
0.19 0.519 0 0.005
0.19 0.786 0 0.005
0.19 0.933 0 0.005
0.191 0.195 0 0.005
0.192 0.648 0 0.005
0.192 0.945 0 0.005
0.193 0.037 0 0.005
0.193 0.731 0 0.005
0.193 0.753 0 0.005
0.193 0.897 0 0.005
0.194 0.225 0 0.005
0.194 0.374 0 0.005
0.194 0.462 0 0.005
0.194 0.558 0 0.005
0.194 0.611 0 0.005
0.194 0.84 0 0.005
0.195 0.316 0 0.005
0.195 0.659 0 0.005
0.195 0.701 0 0.005
0.196 0.095 0 0.005
0.196 0.478 0 0.005
0.196 0.535 0 0.005
0.196 0.674 0 0.005
0.196 0.851 0 0.005
0.197 0.421 0 0.005
0.197 0.767 0 0.005
0.197 0.9981904761904762 0 0.005
0.198 0.069 0 0.005
0.198 0.328 0 0.005
0.198 0.862 0 0.005
0.199 0.808 0 0.005
0.2 0.17 0 0.005
0.2 0.27 0 0.005
0.2 0.349 0 0.005
0.2 0.566 0 0.005
0.2 0.689 0 0.005
0.201 0.214 0 0.005
0.201 0.45 0 0.005
0.201 0.585 0 0.005
0.201 0.724 0 0.005
0.201 0.981 0 0.005
0.202 0.0017435897435897436 0 0.005
0.202 0.403 0 0.005
0.202 0.494 0 0.005
0.203 0.388 0 0.005
0.204 0.03 0 0.005
0.204 0.554 0 0.005
0.205 0.05 0 0.005
0.205 0.191 0 0.005
0.205 0.883 0 0.005
0.206 0.089 0 0.005
0.206 0.227 0 0.005
0.206 0.791 0 0.005
0.207 0.301 0 0.005
0.207 0.368 0 0.005
0.208 0.244 0 0.005
0.209 0.289 0 0.005
0.209 0.73 0 0.005
0.209 0.948 0 0.005
0.21 0.021 0 0.005
0.21 0.311 0 0.005
0.21 0.9977333333333334 0 0.005
0.211 0.038 0 0.005
0.211 0.134 0 0.005
0.211 0.324 0 0.005
0.211 0.464 0 0.005
0.211 0.859 0 0.005
0.212 0.146 0 0.005
0.212 0.418 0 0.005
0.212 0.477 0 0.005
0.212 0.902 0 0.005
0.212 0.934 0 0.005
0.213 0.524 0 0.005
0.213 0.658 0 0.005
0.214 0.066 0 0.005
0.214 0.103 0 0.005
0.214 0.21 0 0.005
0.214 0.27 0 0.005
0.214 0.507 0 0.005
0.214 0.688 0 0.005
0.215 0.552 0 0.005
0.215 0.816 0 0.005
0.216 0.178 0 0.005
0.216 0.576 0 0.005
0.217 0.986 0 0.005
0.218 0.737 0 0.005
0.218 0.835 0 0.005
0.22 0.154 0 0.005
0.22 0.402 0 0.005
0.22 0.796 0 0.005
0.221 0.041 0 0.005
0.221 0.355 0 0.005
0.221 0.451 0 0.005
0.221 0.634 0 0.005
0.221 0.668 0 0.005
0.221 0.928 0 0.005
0.222 0.129 0 0.005
0.222 0.771 0 0.005
0.222 0.908 0 0.005
0.223 0.06 0 0.005
0.223 0.087 0 0.005
0.223 0.304 0 0.005
0.223 0.329 0 0.005
0.223 0.532 0 0.005
0.223 0.887 0 0.005
0.224 0.023 0 0.005
0.224 0.222 0 0.005
0.224 0.546 0 0.005
0.224 0.695 0 0.005
0.224 0.746 0 0.005
0.224 0.874 0 0.005
0.225 0.481 0 0.005
0.226 0.29 0 0.005
0.226 0.582 0 0.005
0.228 0.86 0 0.005
0.229 0.117 0 0.005
0.229 0.916 0 0.005
0.23 0.099 0 0.005
0.23 0.191 0 0.005
0.23 0.256 0 0.005
0.23 0.61 0 0.005
0.23 0.956 0 0.005
0.231 0.401 0 0.005
0.231 0.439 0 0.005
0.231 0.524 0 0.005
0.231 0.669 0 0.005
0.231 0.817 0 0.005
0.232 0.386 0 0.005
0.233 0.271 0 0.005
0.233 0.487 0 0.005
0.233 0.574 0 0.005
0.234 0.367 0 0.005
0.234 0.503 0 0.005
0.234 0.942 0 0.005
0.235 0.892 0 0.005
0.236 0.066 0 0.005
0.236 0.986 0 0.005
0.237 0.175 0 0.005
0.237 0.314 0 0.005
0.237 0.705 0 0.005
0.238 0.032 0 0.005
0.238 0.153 0 0.005
0.238 0.537 0 0.005
0.239 0.0012666666666666666 0 0.005
0.239 0.251 0 0.005
0.239 0.454 0 0.005
0.239 0.717 0 0.005
0.239 0.768 0 0.005
0.24 0.021 0 0.005
0.24 0.352 0 0.005
0.24 0.79 0 0.005
0.241 0.553 0 0.005
0.241 0.758 0 0.005
0.241 0.857 0 0.005
0.241 0.958 0 0.005
0.242 0.24 0 0.005
0.242 0.465 0 0.005
0.242 0.639 0 0.005
0.243 0.093 0 0.005
0.243 0.112 0 0.005
0.243 0.142 0 0.005
0.243 0.528 0 0.005
0.244 0.673 0 0.005
0.245 0.186 0 0.005
0.245 0.365 0 0.005
0.246 0.659 0 0.005
0.246 0.728 0 0.005
0.247 0.068 0 0.005
0.247 0.809 0 0.005
0.248 0.397 0 0.005
0.248 0.595 0 0.005
0.248 0.828 0 0.005
0.248 0.844 0 0.005
0.25 0.455 0 0.005
0.25 0.647 0 0.005
0.25 0.778 0 0.005
0.25 0.794 0 0.005
0.25 0.865 0 0.005
0.251 0.334 0 0.005
0.251 0.767 0 0.005
0.251 0.921 0 0.005
0.252 0.124 0 0.005
0.252 0.49 0 0.005
0.253 0.032 0 0.005
0.253 0.139 0 0.005
0.253 0.509 0 0.005
0.253 0.578 0 0.005
0.253 0.681 0 0.005
0.253 0.739 0 0.005
0.253 0.884 0 0.005
0.254 0.167 0 0.005
0.254 0.263 0 0.005
0.254 0.476 0 0.005
0.254 0.757 0 0.005
0.256 0.466 0 0.005
0.257 0.052 0 0.005
0.258 0.111 0 0.005
0.258 0.441 0 0.005
0.258 0.875 0 0.005
0.259 0.411 0 0.005
0.26 0.005 0 0.005
0.26 0.628 0 0.005
0.26 0.961 0 0.005
0.261 0.243 0 0.005
0.261 0.321 0 0.005
0.262 0.501 0 0.005
0.262 0.565 0 0.005
0.262 0.709 0 0.005
0.262 0.984 0 0.005
0.263 0.07 0 0.005
0.263 0.797 0 0.005
0.263 0.836 0 0.005
0.264 0.377 0 0.005
0.264 0.398 0 0.005
0.264 0.55 0 0.005
0.264 0.73 0 0.005
0.264 0.884 0 0.005
0.265 0.094 0 0.005
0.265 0.538 0 0.005
0.266 0.867 0 0.005
0.267 0.082 0 0.005
0.267 0.275 0 0.005
0.267 0.29 0 0.005
0.267 0.46 0 0.005
0.267 0.578 0 0.005
0.268 0.166 0 0.005
0.268 0.335 0 0.005
0.268 0.366 0 0.005
0.268 0.607 0 0.005
0.268 0.824 0 0.005
0.268 0.994 0 0.005
0.269 0.347 0 0.005
0.269 0.754 0 0.005
0.269 0.928 0 0.005
0.269 0.954 0 0.005
0.27 0.013 0 0.005
0.27 0.196 0 0.005
0.271 0.813 0 0.005
0.272 0.415 0 0.005
0.272 0.516 0 0.005
0.272 0.777 0 0.005
0.274 0.306 0 0.005
0.274 0.441 0 0.005
0.274 0.739 0 0.005
0.274 0.846 0 0.005
0.274 0.877 0 0.005
0.274 0.89 0 0.005
0.275 0.218 0 0.005
0.275 0.795 0 0.005
0.276 0.004 0 0.005
0.276 0.252 0 0.005
0.276 0.488 0 0.005
0.276 0.59 0 0.005
0.277 0.052 0 0.005
0.277 0.712 0 0.005
0.277 0.862 0 0.005
0.278 0.126 0 0.005
0.278 0.91 0 0.005
0.279 0.018 0 0.005
0.279 0.032 0 0.005
0.279 0.165 0 0.005
0.279 0.62 0 0.005
0.28 0.088 0 0.005
0.28 0.532 0 0.005
0.28 0.67 0 0.005
0.281 0.551 0 0.005
0.281 0.572 0 0.005
0.281 0.602 0 0.005
0.282 0.073 0 0.005
0.282 0.64 0 0.005
0.282 0.73 0 0.005
0.282 0.81 0 0.005
0.282 0.977 0 0.005
0.283 0.934 0 0.005
0.284 0.233 0 0.005
0.284 0.435 0 0.005
0.285 0.289 0 0.005
0.285 0.422 0 0.005
0.285 0.501 0 0.005
0.285 0.882 0 0.005
0.286 0.898 0 0.005
0.287 0.301 0 0.005
0.287 0.959 0 0.005
0.288 0.188 0 0.005
0.288 0.466 0 0.005
0.288 0.765 0 0.005
0.289 0.0017435897435897436 0 0.005
0.289 0.133 0 0.005
0.29 0.011 0 0.005
0.29 0.357 0 0.005
0.29 0.413 0 0.005
0.291 0.202 0 0.005
0.291 0.594 0 0.005
0.291 0.695 0 0.005
0.291 0.863 0 0.005
0.292 0.095 0 0.005
0.292 0.246 0 0.005
0.292 0.515 0 0.005
0.292 0.825 0 0.005
0.293 0.039 0 0.005
0.293 0.117 0 0.005
0.293 0.261 0 0.005
0.293 0.346 0 0.005
0.293 0.487 0 0.005
0.294 0.925 0 0.005
0.295 0.318 0 0.005
0.295 0.432 0 0.005
0.295 0.624 0 0.005
0.295 0.636 0 0.005
0.295 0.658 0 0.005
0.295 0.784 0 0.005
0.296 0.967 0 0.005
0.297 0.576 0 0.005
0.298 0.027 0 0.005
0.298 0.677 0 0.005
0.298 0.73 0 0.005
0.299 0.127 0 0.005
0.299 0.707 0 0.005
0.3 0.462 0 0.005
0.3 0.476 0 0.005
0.301 0.687 0 0.005
0.301 0.839 0 0.005
0.301 0.9967708333333334 0 0.005
0.302 0.212 0 0.005
0.302 0.359 0 0.005
0.302 0.907 0 0.005
0.303 0.307 0 0.005
0.303 0.341 0 0.005
0.303 0.749 0 0.005
0.304 0.137 0 0.005
0.304 0.148 0 0.005
0.305 0.069 0 0.005
0.305 0.371 0 0.005
0.305 0.863 0 0.005
0.305 0.927 0 0.005
0.306 0.056 0 0.005
0.306 0.224 0 0.005
0.306 0.614 0 0.005
0.307 0.041 0 0.005
0.307 0.159 0 0.005
0.307 0.63 0 0.005
0.307 0.802 0 0.005
0.308 0.448 0 0.005
0.308 0.979 0 0.005
0.309 0.549 0 0.005
0.31 0.106 0 0.005
0.31 0.462 0 0.005
0.31 0.663 0 0.005
0.31 0.727 0 0.005
0.31 0.966 0 0.005
0.311 0.508 0 0.005
0.312 0.211 0 0.005
0.312 0.389 0 0.005
0.313 0.011 0 0.005
0.313 0.577 0 0.005
0.313 0.785 0 0.005
0.313 0.81 0 0.005
0.314 0.303 0 0.005
0.314 0.435 0 0.005
0.315 0.129 0 0.005
0.315 0.26 0 0.005
0.316 0.48 0 0.005
0.316 0.828 0 0.005
0.316 0.918 0 0.005
0.317 0.165 0 0.005
0.317 0.348 0 0.005
0.317 0.541 0 0.005
0.317 0.714 0 0.005
0.317 0.795 0 0.005
0.318 0.051 0 0.005
0.318 0.451 0 0.005
0.318 0.885 0 0.005
0.319 0.193 0 0.005
0.319 0.604 0 0.005
0.32 0.624 0 0.005
0.32 0.646 0 0.005
0.32 0.69 0 0.005
0.32 0.87 0 0.005
0.32 0.9956875 0 0.005
0.321 0.08 0 0.005
0.321 0.415 0 0.005
0.321 0.971 0 0.005
0.322 0.065 0 0.005
0.322 0.328 0 0.005
0.322 0.361 0 0.005
0.322 0.587 0 0.005
0.322 0.68 0 0.005
0.322 0.816 0 0.005
0.322 0.956 0 0.005
0.323 0.533 0 0.005
0.323 0.906 0 0.005
0.324 0.213 0 0.005
0.324 0.388 0 0.005
0.324 0.575 0 0.005
0.325 0.039 0 0.005
0.325 0.135 0 0.005
0.325 0.72 0 0.005
0.326 0.014 0 0.005
0.326 0.147 0 0.005
0.326 0.467 0 0.005
0.326 0.843 0 0.005
0.327 0.102 0 0.005
0.327 0.519 0 0.005
0.328 0.092 0 0.005
0.328 0.441 0 0.005
0.328 0.655 0 0.005
0.328 0.751 0 0.005
0.329 0.266 0 0.005
0.329 0.554 0 0.005
0.329 0.666 0 0.005
0.329 0.887 0 0.005
0.329 0.919 0 0.005
0.33 0.0017435897435897436 0 0.005
0.33 0.17 0 0.005
0.33 0.785 0 0.005
0.331 0.347 0 0.005
0.331 0.711 0 0.005
0.331 0.97 0 0.005
0.332 0.247 0 0.005
0.332 0.738 0 0.005
0.333 0.726 0 0.005
0.333 0.947 0 0.005
0.334 0.608 0 0.005
0.334 0.767 0 0.005
0.335 0.039 0 0.005
0.335 0.295 0 0.005
0.335 0.588 0 0.005
0.335 0.821 0 0.005
0.336 0.528 0 0.005
0.334 0.999 0 0.005
0.337 0.023 0 0.005
0.337 0.436 0 0.005
0.337 0.795 0 0.005
0.338 0.009 0 0.005
0.338 0.079 0 0.005
0.338 0.578 0 0.005
0.338 0.836 0 0.005
0.339 0.703 0 0.005
0.34 0.067 0 0.005
0.34 0.111 0 0.005
0.34 0.37 0 0.005
0.34 0.412 0 0.005
0.34 0.512 0 0.005
0.34 0.886 0 0.005
0.34 0.957 0 0.005
0.341 0.127 0 0.005
0.341 0.4 0 0.005
0.341 0.636 0 0.005
0.342 0.146 0 0.005
0.342 0.339 0 0.005
0.343 0.551 0 0.005
0.343 0.935 0 0.005
0.344 0.185 0 0.005
0.344 0.221 0 0.005
0.344 0.648 0 0.005
0.344 0.753 0 0.005
0.345 0.873 0 0.005
0.346 0.161 0 0.005
0.346 0.989 0 0.005
0.347 0.252 0 0.005
0.347 0.808 0 0.005
0.348 0.01 0 0.005
0.348 0.861 0 0.005
0.349 0.787 0 0.005
0.35 0.527 0 0.005
0.35 0.664 0 0.005
0.35 0.695 0 0.005
0.35 0.839 0 0.005
0.351 0.0017435897435897436 0 0.005
0.351 0.151 0 0.005
0.351 0.201 0 0.005
0.352 0.071 0 0.005
0.352 0.435 0 0.005
0.352 0.495 0 0.005
0.352 0.723 0 0.005
0.352 0.82 0 0.005
0.352 0.89 0 0.005
0.353 0.363 0 0.005
0.353 0.51 0 0.005
0.353 0.713 0 0.005
0.354 0.602 0 0.005
0.354 0.684 0 0.005
0.355 0.303 0 0.005
0.356 0.045 0 0.005
0.356 0.183 0 0.005
0.357 0.133 0 0.005
0.357 0.941 0 0.005
0.358 0.084 0 0.005
0.358 0.318 0 0.005
0.358 0.62 0 0.005
0.358 0.801 0 0.005
0.359 0.351 0 0.005
0.359 0.76 0 0.005
0.359 0.913 0 0.005
0.36 0.84 0 0.005
0.361 0.504 0 0.005
0.362 0.007 0 0.005
0.362 0.095 0 0.005
0.362 0.214 0 0.005
0.362 0.485 0 0.005
0.362 0.819 0 0.005
0.363 0.069 0 0.005
0.363 0.715 0 0.005
0.364 0.549 0 0.005
0.364 0.904 0 0.005
0.364 0.952 0 0.005
0.365 0.258 0 0.005
0.365 0.73 0 0.005
0.365 0.927 0 0.005
0.366 0.027 0 0.005
0.366 0.655 0 0.005
0.366 0.848 0 0.005
0.366 0.976 0 0.005
0.367 0.404 0 0.005
0.369 0.077 0 0.005
0.369 0.132 0 0.005
0.369 0.222 0 0.005
0.37 0.145 0 0.005
0.37 0.301 0 0.005
0.37 0.758 0 0.005
0.37 0.779 0 0.005
0.371 0.448 0 0.005
0.371 0.699 0 0.005
0.372 0.746 0 0.005
0.372 0.917 0 0.005
0.373 0.058 0 0.005
0.373 0.098 0 0.005
0.373 0.158 0 0.005
0.373 0.289 0 0.005
0.373 0.463 0 0.005
0.373 0.561 0 0.005
0.373 0.826 0 0.005
0.374 0.377 0 0.005
0.374 0.795 0 0.005
0.375 0.591 0 0.005
0.376 0.27 0 0.005
0.376 0.433 0 0.005
0.376 0.531 0 0.005
0.376 0.679 0 0.005
0.377 0.322 0 0.005
0.377 0.406 0 0.005
0.377 0.499 0 0.005
0.377 0.722 0 0.005
0.377 0.855 0 0.005
0.378 0.237 0 0.005
0.378 0.354 0 0.005
0.378 0.581 0 0.005
0.377 0.9985833333333334 0 0.005
0.379 0.181 0 0.005
0.379 0.475 0 0.005
0.38 0.753 0 0.005
0.38 0.991 0 0.005
0.381 0.42 0 0.005
0.382 0.657 0 0.005
0.383 0.17 0 0.005
0.383 0.864 0 0.005
0.384 0.458 0 0.005
0.384 0.811 0 0.005
0.385 0.0017435897435897436 0 0.005
0.385 0.555 0 0.005
0.385 0.594 0 0.005
0.385 0.704 0 0.005
0.386 0.668 0 0.005
0.386 0.789 0 0.005
0.386 0.943 0 0.005
0.387 0.122 0 0.005
0.387 0.338 0 0.005
0.387 0.361 0 0.005
0.387 0.682 0 0.005
0.387 0.875 0 0.005
0.388 0.288 0 0.005
0.388 0.431 0 0.005
0.389 0.043 0 0.005
0.389 0.229 0 0.005
0.389 0.266 0 0.005
0.389 0.397 0 0.005
0.389 0.584 0 0.005
0.389 0.622 0 0.005
0.39 0.105 0 0.005
0.39 0.187 0 0.005
0.39 0.933 0 0.005
0.39 0.972 0 0.005
0.391 0.212 0 0.005
0.392 0.247 0 0.005
0.393 0.605 0 0.005
0.394 0.821 0 0.005
0.395 0.083 0 0.005
0.395 0.354 0 0.005
0.395 0.503 0 0.005
0.395 0.693 0 0.005
0.395 0.724 0 0.005
0.395 0.798 0 0.005
0.396 0.674 0 0.005
0.397 0.0012666666666666666 0 0.005
0.397 0.272 0 0.005
0.397 0.438 0 0.005
0.397 0.548 0 0.005
0.397 0.772 0 0.005
0.397 0.831 0 0.005
0.397 0.958 0 0.005
0.398 0.459 0 0.005
0.398 0.91 0 0.005
0.399 0.048 0 0.005
0.399 0.058 0 0.005
0.399 0.221 0 0.005
0.399 0.288 0 0.005
0.399 0.389 0 0.005
0.399 0.575 0 0.005
0.399 0.868 0 0.005
0.399 0.927 0 0.005
0.4 0.073 0 0.005
0.4 0.095 0 0.005
0.4 0.162 0 0.005
0.4 0.336 0 0.005
0.4 0.4 0 0.005
0.4 0.426 0 0.005
0.4 0.664 0 0.005
0.401 0.177 0 0.005
0.401 0.253 0 0.005
0.401 0.41 0 0.005
0.402 0.138 0 0.005
0.402 0.636 0 0.005
0.402 0.702 0 0.005
0.403 0.784 0 0.005
0.404 0.937 0 0.005
0.404 0.9967708333333334 0 0.005
0.405 0.126 0 0.005
0.406 0.309 0 0.005
0.406 0.327 0 0.005
0.406 0.481 0 0.005
0.406 0.503 0 0.005
0.406 0.984 0 0.005
0.407 0.014 0 0.005
0.407 0.443 0 0.005
0.408 0.226 0 0.005
0.408 0.369 0 0.005
0.408 0.803 0 0.005
0.408 0.973 0 0.005
0.409 0.278 0 0.005
0.409 0.606 0 0.005
0.409 0.914 0 0.005
0.41 0.296 0 0.005
0.41 0.391 0 0.005
0.411 0.0033125 0 0.005
0.411 0.038 0 0.005
0.411 0.146 0 0.005
0.411 0.195 0 0.005
0.411 0.207 0 0.005
0.411 0.359 0 0.005
0.411 0.815 0 0.005
0.411 0.851 0 0.005
0.412 0.101 0 0.005
0.413 0.38 0 0.005
0.414 0.337 0 0.005
0.414 0.877 0 0.005
0.414 0.899 0 0.005
0.414 0.953 0 0.005
0.415 0.054 0 0.005
0.416 0.021 0 0.005
0.416 0.127 0 0.005
0.416 0.546 0 0.005
0.416 0.738 0 0.005
0.417 0.162 0 0.005
0.417 0.264 0 0.005
0.417 0.325 0 0.005
0.418 0.243 0 0.005
0.419 0.396 0 0.005
0.419 0.488 0 0.005
0.419 0.559 0 0.005
0.419 0.666 0 0.005
0.42 0.077 0 0.005
0.42 0.277 0 0.005
0.42 0.792 0 0.005
0.421 0.386 0 0.005
0.422 0.36 0 0.005
0.422 0.594 0 0.005
0.422 0.746 0 0.005
0.422 0.815 0 0.005
0.423 0.033 0 0.005
0.423 0.176 0 0.005
0.423 0.255 0 0.005
0.423 0.86 0 0.005
0.423 0.936 0 0.005
0.424 0.067 0 0.005
0.424 0.638 0 0.005
0.424 0.763 0 0.005
0.424 0.779 0 0.005
0.424 0.873 0 0.005
0.425 0.957 0 0.005
0.426 0.303 0 0.005
0.426 0.707 0 0.005
0.426 0.893 0 0.005
0.427 0.113 0 0.005
0.427 0.235 0 0.005
0.427 0.482 0 0.005
0.427 0.676 0 0.005
0.428 0.0017435897435897436 0 0.005
0.428 0.091 0 0.005
0.428 0.339 0 0.005
0.429 0.37 0 0.005
0.429 0.519 0 0.005
0.43 0.565 0 0.005
0.43 0.848 0 0.005
0.43 0.985 0 0.005
0.431 0.193 0 0.005
0.431 0.755 0 0.005
0.432 0.624 0 0.005
0.432 0.666 0 0.005
0.432 0.813 0 0.005
0.433 0.13 0 0.005
0.434 0.502 0 0.005
0.434 0.914 0 0.005
0.434 0.97 0 0.005
0.435 0.029 0 0.005
0.435 0.861 0 0.005
0.436 0.295 0 0.005
0.436 0.695 0 0.005
0.436 0.795 0 0.005
0.437 0.414 0 0.005
0.437 0.646 0 0.005
0.437 0.676 0 0.005
0.437 0.877 0 0.005
0.438 0.599 0 0.005
0.438 0.635 0 0.005
0.439 0.09 0 0.005
0.439 0.184 0 0.005
0.439 0.536 0 0.005
0.44 0.377 0 0.005
0.44 0.805 0 0.005
0.441 0.002719298245614035 0 0.005
0.441 0.941 0 0.005
0.442 0.333 0 0.005
0.442 0.391 0 0.005
0.442 0.586 0 0.005
0.442 0.735 0 0.005
0.444 0.557 0 0.005
0.444 0.702 0 0.005
0.446 0.034 0 0.005
0.446 0.441 0 0.005
0.446 0.719 0 0.005
0.447 0.127 0 0.005
0.447 0.193 0 0.005
0.447 0.653 0 0.005
0.447 0.747 0 0.005
0.448 0.274 0 0.005
0.448 0.608 0 0.005
0.448 0.823 0 0.005
0.449 0.224 0 0.005
0.449 0.263 0 0.005
0.449 0.453 0 0.005
0.45 0.895 0 0.005
0.451 0.759 0 0.005
0.452 0.352 0 0.005
0.452 0.624 0 0.005
0.452 0.856 0 0.005
0.453 0.318 0 0.005
0.453 0.398 0 0.005
0.453 0.597 0 0.005
0.453 0.927 0 0.005
0.454 0.252 0 0.005
0.454 0.429 0 0.005
0.454 0.493 0 0.005
0.454 0.728 0 0.005
0.454 0.81 0 0.005
0.454 0.883 0 0.005
0.454 0.975 0 0.005
0.455 0.512 0 0.005
0.456 0.237 0 0.005
0.456 0.461 0 0.005
0.457 0.336 0 0.005
0.457 0.44 0 0.005
0.457 0.741 0 0.005
0.457 0.83 0 0.005
0.458 0.659 0 0.005
0.458 0.872 0 0.005
0.458 0.918 0 0.005
0.459 0.284 0 0.005
0.459 0.533 0 0.005
0.46 0.138 0 0.005
0.46 0.483 0 0.005
0.46 0.703 0 0.005
0.461 0.404 0 0.005
0.461 0.645 0 0.005
0.462 0.682 0 0.005
0.463 0.107 0 0.005
0.463 0.315 0 0.005
0.463 0.847 0 0.005
0.464 0.55 0 0.005
0.464 0.815 0 0.005
0.465 0.376 0 0.005
0.465 0.99 0 0.005
0.466 0.011 0 0.005
0.466 0.464 0 0.005
0.466 0.901 0 0.005
0.465 0.0 0 0.005
0.467 0.025 0 0.005
0.467 0.586 0 0.005
0.467 0.889 0 0.005
0.468 0.232 0 0.005
0.468 0.268 0 0.005
0.468 0.346 0 0.005
0.468 0.446 0 0.005
0.468 0.668 0 0.005
0.468 0.829 0 0.005
0.468 0.9981904761904762 0 0.005
0.469 0.301 0 0.005
0.469 0.857 0 0.005
0.471 0.038 0 0.005
0.471 0.253 0 0.005
0.471 0.713 0 0.005
0.472 0.398 0 0.005
0.472 0.505 0 0.005
0.472 0.601 0 0.005
0.474 0.13 0 0.005
0.474 0.174 0 0.005
0.474 0.202 0 0.005
0.474 0.281 0 0.005
0.474 0.322 0 0.005
0.474 0.621 0 0.005
0.474 0.649 0 0.005
0.475 0.486 0 0.005
0.476 0.158 0 0.005
0.477 0.802 0 0.005
0.478 0.011 0 0.005
0.478 0.223 0 0.005
0.478 0.531 0 0.005
0.479 0.445 0 0.005
0.479 0.609 0 0.005
0.479 0.658 0 0.005
0.48 0.105 0 0.005
0.48 0.212 0 0.005
0.48 0.419 0 0.005
0.48 0.431 0 0.005
0.481 0.461 0 0.005
0.481 0.683 0 0.005
0.481 0.732 0 0.005
0.481 0.849 0 0.005
0.481 0.99 0 0.005
0.482 0.252 0 0.005
0.482 0.948 0 0.005
0.483 0.048 0 0.005
0.483 0.135 0 0.005
0.483 0.545 0 0.005
0.483 0.825 0 0.005
0.484 0.839 0 0.005
0.485 0.503 0 0.005
0.485 0.517 0 0.005
0.485 0.629 0 0.005
0.486 0.363 0 0.005
0.486 0.813 0 0.005
0.487 0.315 0 0.005
0.488 0.113 0 0.005
0.488 0.328 0 0.005
0.488 0.344 0 0.005
0.488 0.41 0 0.005
0.488 0.776 0 0.005
0.488 0.924 0 0.005
0.489 0.01 0 0.005
0.49 0.092 0 0.005
0.49 0.725 0 0.005
0.49 0.854 0 0.005
0.49 0.984 0 0.005
0.491 0.654 0 0.005
0.491 0.679 0 0.005
0.492 0.026 0 0.005
0.492 0.124 0 0.005
0.492 0.283 0 0.005
0.493 0.272 0 0.005
0.493 0.643 0 0.005
0.494 0.385 0 0.005
0.494 0.574 0 0.005
0.494 0.711 0 0.005
0.495 0.211 0 0.005
0.495 0.237 0 0.005
0.495 0.352 0 0.005
0.495 0.467 0 0.005
0.495 0.491 0 0.005
0.495 0.894 0 0.005
0.496 0.698 0 0.005
0.497 0.139 0 0.005
0.497 0.534 0 0.005
0.497 0.786 0 0.005
0.498 0.156 0 0.005
0.498 0.736 0 0.005
0.498 0.0004166666666666667 0 0.005
0.499 0.415 0 0.005
0.499 0.452 0 0.005
0.499 0.591 0 0.005
0.499 0.66 0 0.005
0.499 0.946 0 0.005
0.5 0.248 0 0.005
0.5 0.816 0 0.005
0.5 0.96 0 0.005
0.5 0.982 0 0.005
0.501 0.011 0 0.005
0.501 0.197 0 0.005
0.501 0.364 0 0.005
0.502 0.125 0 0.005
0.502 0.506 0 0.005
0.502 0.517 0 0.005
0.502 0.771 0 0.005
0.502 0.835 0 0.005
0.503 0.185 0 0.005
0.503 0.327 0 0.005
0.504 0.804 0 0.005
0.505 0.745 0 0.005
0.506 0.405 0 0.005
0.506 0.58 0 0.005
0.506 0.6 0 0.005
0.506 0.63 0 0.005
0.509 0.243 0 0.005
0.509 0.392 0 0.005
0.509 0.47 0 0.005
0.509 0.875 0 0.005
0.51 0.28 0 0.005
0.51 0.82 0 0.005
0.51 0.972 0 0.005
0.511 0.445 0 0.005
0.511 0.733 0 0.005
0.512 0.054 0 0.005
0.512 0.121 0 0.005
0.512 0.27 0 0.005
0.512 0.293 0 0.005
0.512 0.531 0 0.005
0.512 0.677 0 0.005
0.512 0.717 0 0.005
0.513 0.431 0 0.005
0.513 0.554 0 0.005
0.514 0.366 0 0.005
0.514 0.695 0 0.005
0.515 0.036 0 0.005
0.515 0.093 0 0.005
0.515 0.355 0 0.005
0.515 0.457 0 0.005
0.515 0.479 0 0.005
0.515 0.846 0 0.005
0.516 0.017 0 0.005
0.516 0.59 0 0.005
0.516 0.62 0 0.005
0.517 0.162 0 0.005
0.517 0.891 0 0.005
0.517 0.95 0 0.005
0.518 0.659 0 0.005
0.518 0.784 0 0.005
0.519 0.194 0 0.005
0.519 0.32 0 0.005
0.519 0.389 0 0.005
0.519 0.439 0 0.005
0.519 0.649 0 0.005
0.52 0.263 0 0.005
0.52 0.492 0 0.005
0.52 0.546 0 0.005
0.52 0.706 0 0.005
0.52 0.765 0 0.005
0.52 0.931 0 0.005
0.52 0.979 0 0.005
0.521 0.134 0 0.005
0.521 0.733 0 0.005
0.521 0.836 0 0.005
0.521 0.915 0 0.005
0.521 0.991 0 0.005
0.522 0.226 0 0.005
0.522 0.805 0 0.005
0.523 0.336 0 0.005
0.523 0.451 0 0.005
0.524 0.571 0 0.005
0.524 0.614 0 0.005
0.524 0.692 0 0.005
0.525 0.297 0 0.005
0.525 0.401 0 0.005
0.526 0.045 0 0.005
0.526 0.854 0 0.005
0.527 0.055 0 0.005
0.527 0.077 0 0.005
0.527 0.214 0 0.005
0.528 0.35 0 0.005
0.529 0.9 0 0.005
0.53 0.25 0 0.005
0.53 0.492 0 0.005
0.531 0.0017435897435897436 0 0.005
0.531 0.065 0 0.005
0.531 0.841 0 0.005
0.531 0.957 0 0.005
0.532 0.145 0 0.005
0.532 0.305 0 0.005
0.533 0.037 0 0.005
0.533 0.514 0 0.005
0.533 0.735 0 0.005
0.533 0.791 0 0.005
0.534 0.878 0 0.005
0.534 0.971 0 0.005
0.535 0.183 0 0.005
0.535 0.293 0 0.005
0.535 0.376 0 0.005
0.536 0.118 0 0.005
0.536 0.26 0 0.005
0.536 0.361 0 0.005
0.536 0.525 0 0.005
0.536 0.826 0 0.005
0.537 0.195 0 0.005
0.537 0.687 0 0.005
0.537 0.814 0 0.005
0.537 0.893 0 0.005
0.538 0.17 0 0.005
0.538 0.218 0 0.005
0.538 0.42 0 0.005
0.538 0.631 0 0.005
0.538 0.802 0 0.005
0.538 0.934 0 0.005
0.538 0.946 0 0.005
0.539 0.275 0 0.005
0.539 0.331 0 0.005
0.539 0.41 0 0.005
0.54 0.663 0 0.005
0.54 0.87 0 0.005
0.541 0.469 0 0.005
0.542 0.103 0 0.005
0.542 0.15 0 0.005
0.543 0.351 0 0.005
0.543 0.388 0 0.005
0.543 0.559 0 0.005
0.543 0.677 0 0.005
0.543 0.925 0 0.005
0.543 0.956 0 0.005
0.544 0.07 0 0.005
0.544 0.591 0 0.005
0.544 0.915 0 0.005
0.547 0.253 0 0.005
0.547 0.426 0 0.005
0.547 0.491 0 0.005
0.547 0.72 0 0.005
0.547 0.775 0 0.005
0.548 0.054 0 0.005
0.548 0.571 0 0.005
0.548 0.746 0 0.005
0.549 0.0012666666666666666 0 0.005
0.549 0.377 0 0.005
0.549 0.989 0 0.005
0.55 0.362 0 0.005
0.55 0.407 0 0.005
0.55 0.507 0 0.005
0.55 0.765 0 0.005
0.551 0.583 0 0.005
0.551 0.802 0 0.005
0.552 0.631 0 0.005
0.552 0.647 0 0.005
0.552 0.839 0 0.005
0.552 0.904 0 0.005
0.553 0.028 0 0.005
0.553 0.46 0 0.005
0.553 0.613 0 0.005
0.554 0.196 0 0.005
0.557 0.153 0 0.005
0.557 0.307 0 0.005
0.557 0.432 0 0.005
0.557 0.721 0 0.005
0.557 0.913 0 0.005
0.558 0.097 0 0.005
0.558 0.256 0 0.005
0.558 0.415 0 0.005
0.558 0.493 0 0.005
0.558 0.774 0 0.005
0.558 0.969 0 0.005
0.559 0.137 0 0.005
0.559 0.399 0 0.005
0.559 0.674 0 0.005
0.56 0.744 0 0.005
0.56 0.755 0 0.005
0.561 0.287 0 0.005
0.561 0.637 0 0.005
0.562 0.529 0 0.005
0.563 0.955 0 0.005
0.564 0.188 0 0.005
0.564 0.199 0 0.005
0.564 0.328 0 0.005
0.564 0.354 0 0.005
0.564 0.389 0 0.005
0.564 0.863 0 0.005
0.564 0.9 0 0.005
0.565 0.267 0 0.005
0.565 0.448 0 0.005
0.565 0.592 0 0.005
0.566 0.058 0 0.005
0.566 0.408 0 0.005
0.566 0.987 0 0.005
0.567 0.436 0 0.005
0.568 0.314 0 0.005
0.568 0.726 0 0.005
0.568 0.9972564102564103 0 0.005
0.569 0.672 0 0.005
0.569 0.691 0 0.005
0.57 0.21 0 0.005
0.57 0.842 0 0.005
0.57 0.91 0 0.005
0.571 0.172 0 0.005
0.571 0.496 0 0.005
0.571 0.644 0 0.005
0.572 0.019 0 0.005
0.572 0.128 0 0.005
0.572 0.785 0 0.005
0.573 0.462 0 0.005
0.573 0.754 0 0.005
0.573 0.877 0 0.005
0.574 0.399 0 0.005
0.574 0.585 0 0.005
0.575 0.067 0 0.005
0.575 0.425 0 0.005
0.576 0.2 0 0.005
0.576 0.767 0 0.005
0.577 0.029 0 0.005
0.578 0.506 0 0.005
0.579 0.0033125 0 0.005
0.579 0.095 0 0.005
0.579 0.32 0 0.005
0.579 0.689 0 0.005
0.579 0.889 0 0.005
0.58 0.107 0 0.005
0.58 0.245 0 0.005
0.58 0.275 0 0.005
0.58 0.954 0 0.005
0.581 0.388 0 0.005
0.581 0.6 0 0.005
0.581 0.674 0 0.005
0.581 0.923 0 0.005
0.581 0.935 0 0.005
0.582 0.078 0 0.005
0.582 0.801 0 0.005
0.585 0.129 0 0.005
0.585 0.21 0 0.005
0.585 0.71 0 0.005
0.587 0.413 0 0.005
0.587 0.433 0 0.005
0.587 0.848 0 0.005
0.588 0.165 0 0.005
0.588 0.816 0 0.005
0.588 0.962 0 0.005
0.589 0.55 0 0.005
0.589 0.651 0 0.005
0.59 0.325 0 0.005
0.591 0.141 0 0.005
0.591 0.375 0 0.005
0.591 0.444 0 0.005
0.592 0.041 0 0.005
0.592 0.228 0 0.005
0.592 0.254 0 0.005
0.592 0.357 0 0.005
0.592 0.478 0 0.005
0.592 0.621 0 0.005
0.592 0.697 0 0.005
0.592 0.869 0 0.005
0.59 0.999 0 0.005
0.593 0.403 0 0.005
0.593 0.49 0 0.005
0.593 0.577 0 0.005
0.593 0.904 0 0.005
0.594 0.607 0 0.005
0.594 0.66 0 0.005
0.594 0.737 0 0.005
0.595 0.198 0 0.005
0.595 0.309 0 0.005
0.596 0.421 0 0.005
0.597 0.527 0 0.005
0.597 0.671 0 0.005
0.598 0.091 0 0.005
0.598 0.245 0 0.005
0.598 0.775 0 0.005
0.598 0.792 0 0.005
0.598 0.844 0 0.005
0.598 0.943 0 0.005
0.598 0.977 0 0.005
0.599 0.167 0 0.005
0.599 0.289 0 0.005
0.599 0.334 0 0.005
0.599 0.517 0 0.005
0.599 0.929 0 0.005
0.6 0.46 0 0.005
0.6 0.471 0 0.005
0.601 0.585 0 0.005
0.601 0.747 0 0.005
0.602 0.13 0 0.005
0.602 0.188 0 0.005
0.602 0.444 0 0.005
0.602 0.878 0 0.005
0.603 0.069 0 0.005
0.603 0.353 0 0.005
0.603 0.559 0 0.005
0.604 0.018 0 0.005
0.604 0.156 0 0.005
0.605 0.728 0 0.005
0.604 0.0 0 0.005
0.606 0.396 0 0.005
0.606 0.494 0 0.005
0.606 0.9981904761904762 0 0.005
0.608 0.122 0 0.005
0.608 0.371 0 0.005
0.608 0.481 0 0.005
0.608 0.898 0 0.005
0.609 0.6 0 0.005
0.61 0.026 0 0.005
0.61 0.274 0 0.005
0.61 0.457 0 0.005
0.61 0.936 0 0.005
0.611 0.224 0 0.005
0.611 0.41 0 0.005
0.611 0.538 0 0.005
0.611 0.72 0 0.005
0.611 0.97 0 0.005
0.611 0.981 0 0.005
0.612 0.612 0 0.005
0.612 0.767 0 0.005
0.612 0.917 0 0.005
0.613 0.161 0 0.005
0.613 0.181 0 0.005
0.613 0.211 0 0.005
0.613 0.689 0 0.005
0.613 0.7 0 0.005
0.614 0.242 0 0.005
0.615 0.038 0 0.005
0.615 0.625 0 0.005
0.615 0.805 0 0.005
0.615 0.843 0 0.005
0.616 0.474 0 0.005
0.616 0.795 0 0.005
0.617 0.878 0 0.005
0.618 0.288 0 0.005
0.618 0.57 0 0.005
0.618 0.659 0 0.005
0.619 0.127 0 0.005
0.619 0.146 0 0.005
0.617 0.999 0 0.005
0.62 0.532 0 0.005
0.62 0.745 0 0.005
0.621 0.047 0 0.005
0.621 0.267 0 0.005
0.621 0.368 0 0.005
0.621 0.647 0 0.005
0.621 0.757 0 0.005
0.621 0.898 0 0.005
0.622 0.057 0 0.005
0.622 0.354 0 0.005
0.622 0.672 0 0.005
0.622 0.705 0 0.005
0.623 0.02 0 0.005
0.623 0.236 0 0.005
0.623 0.552 0 0.005
0.624 0.007 0 0.005
0.624 0.958 0 0.005
0.625 0.484 0 0.005
0.625 0.774 0 0.005
0.626 0.731 0 0.005
0.626 0.0004166666666666667 0 0.005
0.627 0.118 0 0.005
0.627 0.913 0 0.005
0.627 0.982 0 0.005
0.628 0.426 0 0.005
0.628 0.816 0 0.005
0.628 0.884 0 0.005
0.629 0.187 0 0.005
0.629 0.255 0 0.005
0.629 0.3 0 0.005
0.629 0.623 0 0.005
0.629 0.802 0 0.005
0.629 0.834 0 0.005
0.63 0.936 0 0.005
0.63 0.946 0 0.005
0.631 0.743 0 0.005
0.631 0.844 0 0.005
0.632 0.167 0 0.005
0.632 0.474 0 0.005
0.633 0.073 0 0.005
0.633 0.334 0 0.005
0.633 0.58 0 0.005
0.634 0.046 0 0.005
0.634 0.636 0 0.005
0.632 0.999 0 0.005
0.636 0.774 0 0.005
0.636 0.907 0 0.005
0.637 0.73 0 0.005
0.637 0.864 0 0.005
0.638 0.353 0 0.005
0.638 0.59 0 0.005
0.638 0.656 0 0.005
0.638 0.671 0 0.005
0.638 0.794 0 0.005
0.639 0.144 0 0.005
0.639 0.325 0 0.005
0.639 0.695 0 0.005
0.639 0.714 0 0.005
0.639 0.983 0 0.005
0.64 0.174 0 0.005
0.64 0.257 0 0.005
0.64 0.51 0 0.005
0.64 0.607 0 0.005
0.64 0.918 0 0.005
0.641 0.247 0 0.005
0.641 0.574 0 0.005
0.641 0.644 0 0.005
0.641 0.82 0 0.005
0.642 0.039 0 0.005
0.642 0.186 0 0.005
0.642 0.308 0 0.005
0.643 0.079 0 0.005
0.643 0.097 0 0.005
0.643 0.895 0 0.005
0.644 0.548 0 0.005
0.644 0.62 0 0.005
0.643 0.9985833333333334 0 0.005
0.645 0.499 0 0.005
0.646 0.265 0 0.005
0.646 0.528 0 0.005
0.647 0.233 0 0.005
0.648 0.137 0 0.005
0.648 0.152 0 0.005
0.648 0.8 0 0.005
0.649 0.125 0 0.005
0.649 0.199 0 0.005
0.649 0.214 0 0.005
0.649 0.694 0 0.005
0.65 0.287 0 0.005
0.65 0.383 0 0.005
0.65 0.46 0 0.005
0.65 0.556 0 0.005
0.65 0.782 0 0.005
0.651 0.576 0 0.005
0.651 0.677 0 0.005
0.651 0.729 0 0.005
0.652 0.006 0 0.005
0.652 0.171 0 0.005
0.652 0.321 0 0.005
0.652 0.332 0 0.005
0.652 0.508 0 0.005
0.652 0.63 0 0.005
0.652 0.652 0 0.005
0.653 0.343 0 0.005
0.653 0.42 0 0.005
0.653 0.61 0 0.005
0.653 0.872 0 0.005
0.654 0.101 0 0.005
0.654 0.161 0 0.005
0.654 0.255 0 0.005
0.654 0.912 0 0.005
0.654 0.943 0 0.005
0.655 0.885 0 0.005
0.655 0.926 0 0.005
0.656 0.224 0 0.005
0.656 0.37 0 0.005
0.656 0.809 0 0.005
0.656 0.826 0 0.005
0.659 0.665 0 0.005
0.66 0.288 0 0.005
0.66 0.78 0 0.005
0.66 0.848 0 0.005
0.661 0.706 0 0.005
0.661 0.985 0 0.005
0.662 0.15 0 0.005
0.662 0.337 0 0.005
0.662 0.547 0 0.005
0.662 0.967 0 0.005
0.663 0.19 0 0.005
0.663 0.321 0 0.005
0.663 0.595 0 0.005
0.663 0.76 0 0.005
0.664 0.007 0 0.005
0.664 0.874 0 0.005
0.665 0.175 0 0.005
0.665 0.674 0 0.005
0.666 0.129 0 0.005
0.666 0.454 0 0.005
0.667 0.141 0 0.005
0.667 0.265 0 0.005
0.667 0.278 0 0.005
0.667 0.38 0 0.005
0.667 0.74 0 0.005
0.667 0.9972564102564103 0 0.005
0.669 0.11 0 0.005
0.67 0.032 0 0.005
0.67 0.098 0 0.005
0.67 0.558 0 0.005
0.67 0.913 0 0.005
0.671 0.637 0 0.005
0.671 0.69 0 0.005
0.671 0.797 0 0.005
0.671 0.926 0 0.005
0.671 0.941 0 0.005
0.672 0.014 0 0.005
0.672 0.241 0 0.005
0.672 0.329 0 0.005
0.672 0.493 0 0.005
0.672 0.622 0 0.005
0.672 0.808 0 0.005
0.673 0.542 0 0.005
0.673 0.608 0 0.005
0.674 0.582 0 0.005
0.674 0.656 0 0.005
0.674 0.755 0 0.005
0.675 0.213 0 0.005
0.675 0.511 0 0.005
0.675 0.717 0 0.005
0.675 0.771 0 0.005
0.676 0.153 0 0.005
0.676 0.196 0 0.005
0.676 0.447 0 0.005
0.676 0.594 0 0.005
0.677 0.07 0 0.005
0.677 0.3 0 0.005
0.677 0.408 0 0.005
0.677 0.732 0 0.005
0.677 0.898 0 0.005
0.677 0.979 0 0.005
0.678 0.043 0 0.005
0.678 0.367 0 0.005
0.678 0.501 0 0.005
0.678 0.84 0 0.005
0.678 0.873 0 0.005
0.679 0.419 0 0.005
0.68 0.058 0 0.005
0.68 0.113 0 0.005
0.68 0.461 0 0.005
0.68 0.56 0 0.005
0.681 0.278 0 0.005
0.681 0.471 0 0.005
0.682 0.226 0 0.005
0.682 0.663 0 0.005
0.684 0.142 0 0.005
0.684 0.712 0 0.005
0.684 0.74 0 0.005
0.685 0.576 0 0.005
0.685 0.96 0 0.005
0.686 0.317 0 0.005
0.686 0.921 0 0.005
0.686 0.993 0 0.005
0.687 0.377 0 0.005
0.687 0.404 0 0.005
0.687 0.816 0 0.005
0.688 0.018 0 0.005
0.688 0.171 0 0.005
0.688 0.287 0 0.005
0.688 0.333 0 0.005
0.688 0.352 0 0.005
0.688 0.726 0 0.005
0.688 0.874 0 0.005
0.689 0.419 0 0.005
0.689 0.85 0 0.005
0.689 0.982 0 0.005
0.69 0.028 0 0.005
0.69 0.44 0 0.005
0.69 0.547 0 0.005
0.69 0.606 0 0.005
0.69 0.89 0 0.005
0.691 0.053 0 0.005
0.691 0.636 0 0.005
0.691 0.688 0 0.005
0.691 0.794 0 0.005
0.692 0.149 0 0.005
0.692 0.19 0 0.005
0.692 0.256 0 0.005
0.693 0.135 0 0.005
0.694 0.299 0 0.005
0.694 0.804 0 0.005
0.694 0.966 0 0.005
0.695 0.828 0 0.005
0.697 0.013 0 0.005
0.697 0.273 0 0.005
0.697 0.67 0 0.005
0.697 0.703 0 0.005
0.697 0.0004166666666666667 0 0.005
0.698 0.285 0 0.005
0.698 0.733 0 0.005
0.698 0.928 0 0.005
0.7 0.975 0 0.005
0.701 0.365 0 0.005
0.702 0.055 0 0.005
0.702 0.1 0 0.005
0.702 0.174 0 0.005
0.702 0.586 0 0.005
0.703 0.245 0 0.005
0.703 0.35 0 0.005
0.704 0.302 0 0.005
0.704 0.576 0 0.005
0.705 0.216 0 0.005
0.705 0.437 0 0.005
0.705 0.486 0 0.005
0.705 0.533 0 0.005
0.706 0.074 0 0.005
0.706 0.884 0 0.005
0.707 0.28 0 0.005
0.707 0.598 0 0.005
0.707 0.914 0 0.005
0.708 0.025 0 0.005
0.708 0.552 0 0.005
0.708 0.68 0 0.005
0.709 0.189 0 0.005
0.709 0.312 0 0.005
0.709 0.989 0 0.005
0.71 0.048 0 0.005
0.711 0.005 0 0.005
0.711 0.121 0 0.005
0.711 0.402 0 0.005
0.712 0.622 0 0.005
0.713 0.794 0 0.005
0.714 0.209 0 0.005
0.714 0.392 0 0.005
0.714 0.478 0 0.005
0.714 0.574 0 0.005
0.715 0.168 0 0.005
0.715 0.365 0 0.005
0.715 0.737 0 0.005
0.716 0.147 0 0.005
0.716 0.326 0 0.005
0.716 0.837 0 0.005
0.716 0.98 0 0.005
0.717 0.251 0 0.005
0.717 0.612 0 0.005
0.717 0.639 0 0.005
0.717 0.712 0 0.005
0.717 0.752 0 0.005
0.715 0.999 0 0.005
0.718 0.239 0 0.005
0.718 0.524 0 0.005
0.718 0.666 0 0.005
0.718 0.68 0 0.005
0.719 0.278 0 0.005
0.719 0.458 0 0.005
0.719 0.903 0 0.005
0.72 0.443 0 0.005
0.72 0.809 0 0.005
0.72 0.921 0 0.005
0.72 0.967 0 0.005
0.721 0.656 0 0.005
0.721 0.943 0 0.005
0.722 0.505 0 0.005
0.723 0.095 0 0.005
0.724 0.63 0 0.005
0.725 0.118 0 0.005
0.725 0.516 0 0.005
0.726 0.419 0 0.005
0.727 0.015 0 0.005
0.727 0.271 0 0.005
0.727 0.309 0 0.005
0.727 0.587 0 0.005
0.727 0.6 0 0.005
0.727 0.698 0 0.005
0.727 0.718 0 0.005
0.727 0.821 0 0.005
0.728 0.185 0 0.005
0.728 0.328 0 0.005
0.728 0.887 0 0.005
0.728 0.912 0 0.005
0.729 0.231 0 0.005
0.73 0.043 0 0.005
0.73 0.296 0 0.005
0.73 0.364 0 0.005
0.731 0.081 0 0.005
0.731 0.159 0 0.005
0.731 0.282 0 0.005
0.731 0.687 0 0.005
0.731 0.781 0 0.005
0.732 0.445 0 0.005
0.733 0.173 0 0.005
0.733 0.493 0 0.005
0.734 0.241 0 0.005
0.734 0.408 0 0.005
0.734 0.563 0 0.005
0.735 0.068 0 0.005
0.735 0.483 0 0.005
0.735 0.742 0 0.005
0.735 0.899 0 0.005
0.736 0.0017435897435897436 0 0.005
0.737 0.819 0 0.005
0.738 0.09 0 0.005
0.738 0.127 0 0.005
0.738 0.875 0 0.005
0.739 0.318 0 0.005
0.74 0.39 0 0.005
0.74 0.951 0 0.005
0.741 0.423 0 0.005
0.741 0.768 0 0.005
0.742 0.03 0 0.005
0.742 0.078 0 0.005
0.742 0.147 0 0.005
0.743 0.105 0 0.005
0.743 0.177 0 0.005
0.743 0.807 0 0.005
0.743 0.887 0 0.005
0.744 0.297 0 0.005
0.746 0.497 0 0.005
0.746 0.663 0 0.005
0.746 0.682 0 0.005
0.746 0.897 0 0.005
0.747 0.614 0 0.005
0.747 0.827 0 0.005
0.748 0.04 0 0.005
0.748 0.057 0 0.005
0.748 0.862 0 0.005
0.748 0.915 0 0.005
0.749 0.36 0 0.005
0.749 0.374 0 0.005
0.749 0.545 0 0.005
0.749 0.595 0 0.005
0.749 0.927 0 0.005
0.75 0.254 0 0.005
0.751 0.128 0 0.005
0.751 0.271 0 0.005
0.751 0.467 0 0.005
0.752 0.012 0 0.005
0.752 0.706 0 0.005
0.752 0.756 0 0.005
0.752 0.938 0 0.005
0.753 0.244 0 0.005
0.755 0.002719298245614035 0 0.005
0.755 0.192 0 0.005
0.755 0.689 0 0.005
0.755 0.771 0 0.005
0.756 0.456 0 0.005
0.756 0.818 0 0.005
0.757 0.296 0 0.005
0.757 0.899 0 0.005
0.758 0.714 0 0.005
0.758 0.806 0 0.005
0.758 0.977 0 0.005
0.759 0.035 0 0.005
0.759 0.161 0 0.005
0.759 0.62 0 0.005
0.76 0.221 0 0.005
0.76 0.425 0 0.005
0.76 0.53 0 0.005
0.76 0.541 0 0.005
0.76 0.851 0 0.005
0.761 0.117 0 0.005
0.762 0.062 0 0.005
0.762 0.484 0 0.005
0.763 0.471 0 0.005
0.763 0.509 0 0.005
0.763 0.73 0 0.005
0.764 0.207 0 0.005
0.764 0.589 0 0.005
0.765 0.008 0 0.005
0.765 0.347 0 0.005
0.765 0.886 0 0.005
0.765 0.987 0 0.005
0.767 0.086 0 0.005
0.767 0.133 0 0.005
0.767 0.195 0 0.005
0.767 0.669 0 0.005
0.767 0.901 0 0.005
0.768 0.277 0 0.005
0.768 0.785 0 0.005
0.769 0.041 0 0.005
0.769 0.561 0 0.005
0.769 0.707 0 0.005
0.769 0.927 0 0.005
0.769 0.96 0 0.005
0.77 0.232 0 0.005
0.77 0.387 0 0.005
0.771 0.112 0 0.005
0.771 0.216 0 0.005
0.771 0.317 0 0.005
0.771 0.775 0 0.005
0.771 0.827 0 0.005
0.772 0.024 0 0.005
0.772 0.056 0 0.005
0.772 0.076 0 0.005
0.772 0.418 0 0.005
0.772 0.681 0 0.005
0.773 0.497 0 0.005
0.773 0.517 0 0.005
0.773 0.607 0 0.005
0.773 0.692 0 0.005
0.774 0.402 0 0.005
0.774 0.628 0 0.005
0.774 0.971 0 0.005
0.774 0.9967708333333334 0 0.005
0.775 0.477 0 0.005
0.775 0.574 0 0.005
0.776 0.121 0 0.005
0.777 0.035 0 0.005
0.777 0.584 0 0.005
0.777 0.853 0 0.005
0.778 0.132 0 0.005
0.778 0.267 0 0.005
0.778 0.373 0 0.005
0.778 0.651 0 0.005
0.778 0.88 0 0.005
0.779 0.191 0 0.005
0.779 0.79 0 0.005
0.779 0.867 0 0.005
0.779 0.896 0 0.005
0.78 0.104 0 0.005
0.78 0.346 0 0.005
0.78 0.457 0 0.005
0.78 0.638 0 0.005
0.781 0.755 0 0.005
0.781 0.952 0 0.005
0.782 0.32 0 0.005
0.782 0.429 0 0.005
0.783 0.233 0 0.005
0.783 0.257 0 0.005
0.783 0.302 0 0.005
0.784 0.767 0 0.005
0.785 0.201 0 0.005
0.785 0.54 0 0.005
0.786 0.445 0 0.005
0.786 0.523 0 0.005
0.786 0.833 0 0.005
0.787 0.469 0 0.005
0.787 0.489 0 0.005
0.788 0.629 0 0.005
0.788 0.716 0 0.005
0.788 0.986 0 0.005
0.789 0.05 0 0.005
0.789 0.08 0 0.005
0.789 0.564 0 0.005
0.789 0.791 0 0.005
0.789 0.822 0 0.005
0.789 0.906 0 0.005
0.79 0.006 0 0.005
0.79 0.933 0 0.005
0.791 0.216 0 0.005
0.791 0.42 0 0.005
0.791 0.586 0 0.005
0.791 0.599 0 0.005
0.791 0.731 0 0.005
0.791 0.779 0 0.005
0.792 0.276 0 0.005
0.792 0.286 0 0.005
0.792 0.317 0 0.005
0.792 0.33 0 0.005
0.792 0.666 0 0.005
0.793 0.241 0 0.005
0.793 0.918 0 0.005
0.794 0.142 0 0.005
0.794 0.305 0 0.005
0.794 0.481 0 0.005
0.794 0.504 0 0.005
0.795 0.874 0 0.005
0.795 0.9981904761904762 0 0.005
0.796 0.035 0 0.005
0.796 0.119 0 0.005
0.796 0.458 0 0.005
0.796 0.648 0 0.005
0.797 0.438 0 0.005
0.797 0.517 0 0.005
0.797 0.962 0 0.005
0.798 0.383 0 0.005
0.798 0.989 0 0.005
0.799 0.258 0 0.005
0.799 0.531 0 0.005
0.799 0.979 0 0.005
0.8 0.611 0 0.005
0.8 0.802 0 0.005
0.8 0.89 0 0.005
0.8 0.941 0 0.005
0.801 0.576 0 0.005
0.801 0.907 0 0.005
0.802 0.132 0 0.005
0.802 0.684 0 0.005
0.803 0.215 0 0.005
0.803 0.247 0 0.005
0.803 0.558 0 0.005
0.804 0.631 0 0.005
0.805 0.49 0 0.005
0.805 0.501 0 0.005
0.805 0.88 0 0.005
0.806 0.203 0 0.005
0.806 0.32 0 0.005
0.806 0.542 0 0.005
0.807 0.444 0 0.005
0.807 0.46 0 0.005
0.807 0.866 0 0.005
0.808 0.263 0 0.005
0.808 0.592 0 0.005
0.808 0.605 0 0.005
0.808 0.72 0 0.005
0.808 0.771 0 0.005
0.808 0.851 0 0.005
0.809 0.029 0 0.005
0.809 0.088 0 0.005
0.809 0.415 0 0.005
0.809 0.479 0 0.005
0.81 0.072 0 0.005
0.81 0.677 0 0.005
0.811 0.008 0 0.005
0.811 0.057 0 0.005
0.811 0.345 0 0.005
0.811 0.839 0 0.005
0.811 0.942 0 0.005
0.813 0.792 0 0.005
0.813 0.0004166666666666667 0 0.005
0.814 0.379 0 0.005
0.814 0.572 0 0.005
0.814 0.648 0 0.005
0.814 0.917 0 0.005
0.815 0.548 0 0.005
0.815 0.873 0 0.005
0.816 0.043 0 0.005
0.816 0.157 0 0.005
0.816 0.808 0 0.005
0.816 0.828 0 0.005
0.817 0.021 0 0.005
0.817 0.278 0 0.005
0.817 0.296 0 0.005
0.817 0.399 0 0.005
0.817 0.468 0 0.005
0.817 0.635 0 0.005
0.817 0.762 0 0.005
0.817 0.894 0 0.005
0.818 0.182 0 0.005
0.819 0.311 0 0.005
0.819 0.412 0 0.005
0.82 0.234 0 0.005
0.82 0.331 0 0.005
0.821 0.689 0 0.005
0.822 0.139 0 0.005
0.822 0.218 0 0.005
0.822 0.35 0 0.005
0.822 0.596 0 0.005
0.822 0.662 0 0.005
0.822 0.739 0 0.005
0.822 0.9956875 0 0.005
0.823 0.172 0 0.005
0.823 0.534 0 0.005
0.824 0.088 0 0.005
0.824 0.262 0 0.005
0.824 0.421 0 0.005
0.824 0.513 0 0.005
0.824 0.919 0 0.005
0.824 0.945 0 0.005
0.825 0.289 0 0.005
0.825 0.433 0 0.005
0.826 0.503 0 0.005
0.826 0.558 0 0.005
0.826 0.974 0 0.005
0.828 0.126 0 0.005
0.828 0.611 0 0.005
0.829 0.206 0 0.005
0.829 0.577 0 0.005
0.829 0.816 0 0.005
0.83 0.232 0 0.005
0.83 0.316 0 0.005
0.83 0.906 0 0.005
0.832 0.167 0 0.005
0.832 0.341 0 0.005
0.832 0.487 0 0.005
0.832 0.599 0 0.005
0.833 0.014 0 0.005
0.833 0.043 0 0.005
0.833 0.082 0 0.005
0.833 0.253 0 0.005
0.833 0.301 0 0.005
0.833 0.368 0 0.005
0.833 0.452 0 0.005
0.833 0.623 0 0.005
0.833 0.677 0 0.005
0.833 0.961 0 0.005
0.834 0.186 0 0.005
0.834 0.47 0 0.005
0.834 0.518 0 0.005
0.834 0.737 0 0.005
0.834 0.871 0 0.005
0.836 0.895 0 0.005
0.837 0.102 0 0.005
0.837 0.395 0 0.005
0.837 0.719 0 0.005
0.838 0.536 0 0.005
0.839 0.414 0 0.005
0.839 0.59 0 0.005
0.839 0.784 0 0.005
0.84 0.032 0 0.005
0.84 0.118 0 0.005
0.84 0.377 0 0.005
0.84 0.564 0 0.005
0.841 0.319 0 0.005
0.841 0.811 0 0.005
0.841 0.915 0 0.005
0.842 0.204 0 0.005
0.842 0.435 0 0.005
0.842 0.696 0 0.005
0.843 0.017 0 0.005
0.843 0.157 0 0.005
0.843 0.706 0 0.005
0.844 0.147 0 0.005
0.844 0.33 0 0.005
0.844 0.447 0 0.005
0.844 0.765 0 0.005
0.845 0.726 0 0.005
0.845 0.828 0 0.005
0.846 0.285 0 0.005
0.846 0.459 0 0.005
0.847 0.403 0 0.005
0.847 0.481 0 0.005
0.848 0.596 0 0.005
0.848 0.676 0 0.005
0.848 0.8 0 0.005
0.849 0.178 0 0.005
0.849 0.389 0 0.005
0.849 0.841 0 0.005
0.849 0.967 0 0.005
0.85 0.524 0 0.005
0.85 0.623 0 0.005
0.851 0.378 0 0.005
0.851 0.556 0 0.005
0.851 0.578 0 0.005
0.851 0.873 0 0.005
0.852 0.322 0 0.005
0.852 0.985 0 0.005
0.853 0.937 0 0.005
0.854 0.308 0 0.005
0.854 0.338 0 0.005
0.854 0.43 0 0.005
0.854 0.466 0 0.005
0.854 0.764 0 0.005
0.855 0.213 0 0.005
0.856 0.103 0 0.005
0.856 0.42 0 0.005
0.856 0.782 0 0.005
0.856 0.859 0 0.005
0.857 0.145 0 0.005
0.857 0.198 0 0.005
0.857 0.591 0 0.005
0.857 0.834 0 0.005
0.858 0.482 0 0.005
0.859 0.029 0 0.005
0.859 0.274 0 0.005
0.859 0.73 0 0.005
0.859 0.968 0 0.005
0.86 0.253 0 0.005
0.86 0.352 0 0.005
0.86 0.508 0 0.005
0.86 0.928 0 0.005
0.861 0.98 0 0.005
0.862 0.236 0 0.005
0.862 0.286 0 0.005
0.863 0.496 0 0.005
0.864 0.337 0 0.005
0.864 0.808 0 0.005
0.865 0.913 0 0.005
0.865 0.953 0 0.005
0.866 0.043 0 0.005
0.866 0.069 0 0.005
0.866 0.47 0 0.005
0.866 0.818 0 0.005
0.866 0.875 0 0.005
0.867 0.007 0 0.005
0.867 0.057 0 0.005
0.867 0.615 0 0.005
0.868 0.099 0 0.005
0.868 0.304 0 0.005
0.868 0.387 0 0.005
0.868 0.455 0 0.005
0.868 0.578 0 0.005
0.868 0.897 0 0.005
0.869 0.365 0 0.005
0.869 0.444 0 0.005
0.87 0.701 0 0.005
0.87 0.747 0 0.005
0.87 0.858 0 0.005
0.87 0.966 0 0.005
0.87 0.0004166666666666667 0 0.005
0.871 0.088 0 0.005
0.871 0.48 0 0.005
0.872 0.16 0 0.005
0.872 0.215 0 0.005
0.872 0.266 0 0.005
0.872 0.781 0 0.005
0.873 0.691 0 0.005
0.874 0.768 0 0.005
0.875 0.195 0 0.005
0.875 0.93 0 0.005
0.877 0.373 0 0.005
0.877 0.434 0 0.005
0.877 0.498 0 0.005
0.877 0.876 0 0.005
0.877 0.954 0 0.005
0.877 0.996280701754386 0 0.005
0.878 0.007 0 0.005
0.878 0.832 0 0.005
0.878 0.851 0 0.005
0.878 0.978 0 0.005
0.879 0.151 0 0.005
0.879 0.618 0 0.005
0.88 0.547 0 0.005
0.881 0.071 0 0.005
0.881 0.458 0 0.005
0.881 0.631 0 0.005
0.881 0.702 0 0.005
0.882 0.301 0 0.005
0.882 0.571 0 0.005
0.882 0.662 0 0.005
0.883 0.106 0 0.005
0.883 0.282 0 0.005
0.883 0.901 0 0.005
0.884 0.585 0 0.005
0.886 0.842 0 0.005
0.887 0.08 0 0.005
0.887 0.503 0 0.005
0.887 0.645 0 0.005
0.887 0.73 0 0.005
0.888 0.141 0 0.005
0.888 0.803 0 0.005
0.888 0.0004166666666666667 0 0.005
0.889 0.007 0 0.005
0.889 0.263 0 0.005
0.889 0.42 0 0.005
0.89 0.361 0 0.005
0.89 0.443 0 0.005
0.89 0.557 0 0.005
0.891 0.252 0 0.005
0.891 0.388 0 0.005
0.892 0.213 0 0.005
0.892 0.334 0 0.005
0.893 0.314 0 0.005
0.893 0.815 0 0.005
0.893 0.92 0 0.005
0.894 0.03 0 0.005
0.894 0.188 0 0.005
0.894 0.893 0 0.005
0.895 0.278 0 0.005
0.895 0.461 0 0.005
0.895 0.511 0 0.005
0.895 0.675 0 0.005
0.895 0.747 0 0.005
0.895 0.874 0 0.005
0.896 0.434 0 0.005
0.896 0.536 0 0.005
0.896 0.619 0 0.005
0.896 0.736 0 0.005
0.896 0.971 0 0.005
0.897 0.761 0 0.005
0.898 0.129 0 0.005
0.898 0.861 0 0.005
0.898 0.992 0 0.005
0.899 0.012 0 0.005
0.901 0.093 0 0.005
0.901 0.785 0 0.005
0.901 0.96 0 0.005
0.902 0.151 0 0.005
0.902 0.215 0 0.005
0.903 0.685 0 0.005
0.903 0.842 0 0.005
0.903 0.935 0 0.005
0.904 0.043 0 0.005
0.904 0.486 0 0.005
0.904 0.522 0 0.005
0.904 0.612 0 0.005
0.904 0.633 0 0.005
0.905 0.109 0 0.005
0.905 0.24 0 0.005
0.905 0.382 0 0.005
0.905 0.673 0 0.005
0.906 0.186 0 0.005
0.906 0.75 0 0.005
0.906 0.908 0 0.005
0.907 0.31 0 0.005
0.907 0.351 0 0.005
0.907 0.5 0 0.005
0.907 0.542 0 0.005
0.908 0.295 0 0.005
0.908 0.992 0 0.005
0.909 0.224 0 0.005
0.91 0.56 0 0.005
0.911 0.571 0 0.005
0.911 0.798 0 0.005
0.912 0.37 0 0.005
0.914 0.043 0 0.005
0.914 0.092 0 0.005
0.914 0.247 0 0.005
0.915 0.0033125 0 0.005
0.915 0.075 0 0.005
0.915 0.158 0 0.005
0.915 0.427 0 0.005
0.915 0.476 0 0.005
0.915 0.536 0 0.005
0.915 0.645 0 0.005
0.915 0.875 0 0.005
0.917 0.118 0 0.005
0.917 0.136 0 0.005
0.917 0.756 0 0.005
0.917 0.896 0 0.005
0.918 0.916 0 0.005
0.919 0.17 0 0.005
0.919 0.524 0 0.005
0.919 0.621 0 0.005
0.92 0.052 0 0.005
0.92 0.408 0 0.005
0.92 0.493 0 0.005
0.92 0.774 0 0.005
0.92 0.9977333333333334 0 0.005
0.921 0.184 0 0.005
0.922 0.567 0 0.005
0.922 0.607 0 0.005
0.923 0.366 0 0.005
0.923 0.846 0 0.005
0.924 0.018 0 0.005
0.924 0.042 0 0.005
0.924 0.257 0 0.005
0.924 0.963 0 0.005
0.926 0.147 0 0.005
0.926 0.245 0 0.005
0.926 0.279 0 0.005
0.926 0.652 0 0.005
0.926 0.948 0 0.005
0.927 0.905 0 0.005
0.928 0.442 0 0.005
0.928 0.694 0 0.005
0.928 0.798 0 0.005
0.929 0.072 0 0.005
0.929 0.317 0 0.005
0.93 0.224 0 0.005
0.93 0.353 0 0.005
0.93 0.466 0 0.005
0.93 0.761 0 0.005
0.931 0.117 0 0.005
0.931 0.707 0 0.005
0.932 0.289 0 0.005
0.932 0.744 0 0.005
0.932 0.876 0 0.005
0.933 0.575 0 0.005
0.933 0.632 0 0.005
0.933 0.663 0 0.005
0.933 0.724 0 0.005
0.934 0.032 0 0.005
0.934 0.477 0 0.005
0.934 0.498 0 0.005
0.934 0.9981904761904762 0 0.005
0.935 0.17 0 0.005
0.935 0.236 0 0.005
0.935 0.853 0 0.005
0.936 0.089 0 0.005
0.936 0.777 0 0.005
0.937 0.06 0 0.005
0.937 0.864 0 0.005
0.938 0.192 0 0.005
0.938 0.514 0 0.005
0.938 0.694 0 0.005
0.939 0.309 0 0.005
0.94 0.15 0 0.005
0.94 0.212 0 0.005
0.94 0.332 0 0.005
0.94 0.803 0 0.005
0.94 0.989 0 0.005
0.941 0.456 0 0.005
0.941 0.911 0 0.005
0.942 0.121 0 0.005
0.942 0.292 0 0.005
0.942 0.435 0 0.005
0.943 0.273 0 0.005
0.943 0.322 0 0.005
0.944 0.422 0 0.005
0.945 0.23 0 0.005
0.945 0.446 0 0.005
0.946 0.11 0 0.005
0.946 0.398 0 0.005
0.946 0.762 0 0.005
0.947 0.501 0 0.005
0.947 0.537 0 0.005
0.947 0.6 0 0.005
0.947 0.731 0 0.005
0.948 0.088 0 0.005
0.948 0.263 0 0.005
0.948 0.751 0 0.005
0.949 0.378 0 0.005
0.95 0.075 0 0.005
0.95 0.359 0 0.005
0.95 0.64 0 0.005
0.95 0.652 0 0.005
0.95 0.697 0 0.005
0.951 0.035 0 0.005
0.951 0.43 0 0.005
0.951 0.72 0 0.005
0.952 0.286 0 0.005
0.952 0.521 0 0.005
0.952 0.981 0 0.005
0.953 0.858 0 0.005
0.953 0.919 0 0.005
0.952 0.999 0 0.005
0.955 0.206 0 0.005
0.955 0.841 0 0.005
0.956 0.136 0 0.005
0.956 0.161 0 0.005
0.956 0.809 0 0.005
0.957 0.0033125 0 0.005
0.957 0.272 0 0.005
0.957 0.776 0 0.005
0.957 0.993 0 0.005
0.958 0.016 0 0.005
0.958 0.191 0 0.005
0.958 0.395 0 0.005
0.958 0.531 0 0.005
0.959 0.11 0 0.005
0.959 0.123 0 0.005
0.959 0.306 0 0.005
0.96 0.293 0 0.005
0.96 0.468 0 0.005
0.96 0.714 0 0.005
0.961 0.62 0 0.005
0.963 0.052 0 0.005
0.963 0.177 0 0.005
0.963 0.512 0 0.005
0.963 0.653 0 0.005
0.964 0.341 0 0.005
0.965 0.155 0 0.005
0.965 0.801 0 0.005
0.966 0.23 0 0.005
0.966 0.916 0 0.005
0.966 0.933 0 0.005
0.967 0.704 0 0.005
0.967 0.86 0 0.005
0.968 0.587 0 0.005
0.969 0.266 0 0.005
0.97 0.425 0 0.005
0.97 0.742 0 0.005
0.97 0.825 0 0.005
0.971 0.042 0 0.005
0.971 0.693 0 0.005
0.972 0.256 0 0.005
0.972 0.48 0 0.005
0.972 0.906 0 0.005
0.973 0.014 0 0.005
0.973 0.211 0 0.005
0.973 0.466 0 0.005
0.973 0.518 0 0.005
0.973 0.551 0 0.005
0.973 0.728 0 0.005
0.974 0.165 0 0.005
0.974 0.639 0 0.005
0.974 0.762 0 0.005
0.975 0.436 0 0.005
0.975 0.446 0 0.005
0.976 0.285 0 0.005
0.976 0.343 0 0.005
0.976 0.499 0 0.005
0.976 0.716 0 0.005
0.977 0.57 0 0.005
0.977 0.846 0 0.005
0.977 0.894 0 0.005
0.977 0.991 0 0.005
0.978 0.18 0 0.005
0.978 0.915 0 0.005
0.979 0.319 0 0.005
0.979 0.818 0 0.005
0.98 0.875 0 0.005
0.98 0.974 0 0.005
0.981 0.023 0 0.005
0.981 0.192 0 0.005
0.981 0.685 0 0.005
0.981 0.773 0 0.005
0.982 0.037 0 0.005
0.982 0.58 0 0.005
0.982 0.0004166666666666667 0 0.005
0.983 0.472 0 0.005
0.983 0.528 0 0.005
0.983 0.943 0 0.005
0.984 0.126 0 0.005
0.984 0.354 0 0.005
0.984 0.424 0 0.005
0.984 0.509 0 0.005
0.984 0.722 0 0.005
0.985 0.447 0 0.005
0.985 0.797 0 0.005
0.986 0.604 0 0.005
0.986 0.839 0 0.005
0.986 0.855 0 0.005
0.986 0.867 0 0.005
0.986 0.923 0 0.005
0.987 0.544 0 0.005
0.987 0.702 0 0.005
0.988 0.288 0 0.005
0.988 0.336 0 0.005
0.988 0.379 0 0.005
0.988 0.827 0 0.005
0.989 0.072 0 0.005
0.989 0.147 0 0.005
0.989 0.162 0 0.005
0.989 0.312 0 0.005
0.989 0.661 0 0.005
0.989 0.783 0 0.005
0.989 0.889 0 0.005
0.989 0.901 0 0.005
0.99 0.735 0 0.005
0.991 0.758 0 0.005
0.992 0.534 0 0.005
0.993 0.052 0 0.005
0.993 0.202 0 0.005
0.993 0.271 0 0.005
0.993 0.594 0 0.005
0.993 0.949 0 0.005
0.995 0.007 0 0.005
0.995 0.491 0 0.005
0.995 0.682 0 0.005
0.9956875 0.224 0 0.005
0.9956875 0.644 0 0.005
0.9956875 0.724 0 0.005
0.9956875 0.746 0 0.005
0.996280701754386 0.392 0 0.005
0.996280701754386 0.418 0 0.005
0.9967708333333334 0.802 0 0.005
0.9977333333333334 0.329 0 0.005
0.9977333333333334 0.775 0 0.005
0.9977333333333334 0.847 0 0.005
0.9981904761904762 0.094 0 0.005
0.9981904761904762 0.379 0 0.005
0.9981904761904762 0.564 0 0.005
0.9981904761904762 0.957 0 0.005
0.9985833333333334 0.029 0 0.005
0.9985833333333334 0.068 0 0.005
0.9985833333333334 0.139 0 0.005
0.9985833333333334 0.188 0 0.005
0.9985833333333334 0.318 0 0.005
0.9985833333333334 0.705 0 0.005
0.9985833333333334 0.931 0 0.005
0.999 0.201 0 0.005
0.999 0.458 0 0.005
0.999 0.503 0 0.005
0.999 0.598 0 0.005
