0.005 0.116 0 0.005
0.003763440860215054 0.208 0 0.005
0.0022833333333333334 0.265 0 0.005
0.006 0.695 0 0.005
0.016 0.607 0 0.005
0.028 0.476 0 0.005
0.032 0.45 0 0.005
0.069 0.688 0 0.005
0.073 0.796 0 0.005
0.082 0.267 0 0.005
0.083 0.716 0 0.005
0.085 0.787 0 0.005
0.092 0.401 0 0.005
0.1 0.811 0 0.005
0.102 0.099 0 0.005
0.103 0.702 0 0.005
0.105 0.719 0 0.005
0.11 0.549 0 0.005
0.118 0.39 0 0.005
0.129 0.491 0 0.005
0.132 0.386 0 0.005
0.145 0.846 0 0.005
0.156 0.501 0 0.005
0.159 0.247 0 0.005
0.161 0.44 0 0.005
0.165 0.336 0 0.005
0.169 0.152 0 0.005
0.174 0.076 0 0.005
0.176 0.962 0 0.005
0.18 0.917 0 0.005
0.184 0.327 0 0.005
0.19 0.853 0 0.005
0.194 0.277 0 0.005
0.201 0.227 0 0.005
0.215 0.319 0 0.005
0.221 0.902 0 0.005
0.223 0.536 0 0.005
0.224 0.244 0 0.005
0.231 0.459 0 0.005
0.251 0.792 0 0.005
0.256 0.9952365591397849 0 0.005
0.264 0.578 0 0.005
0.278 0.577 0 0.005
0.279 0.065 0 0.005
0.286 0.607 0 0.005
0.298 0.746 0 0.005
0.305 0.835 0 0.005
0.312 0.793 0 0.005
0.336 0.734 0 0.005
0.338 0.87 0 0.005
0.34 0.212 0 0.005
0.349 0.483 0 0.005
0.351 0.105 0 0.005
0.356 0.885 0 0.005
0.363 0.945 0 0.005
0.369 0.664 0 0.005
0.371 0.035 0 0.005
0.373 0.201 0 0.005
0.374 0.284 0 0.005
0.379 0.051 0 0.005
0.383 0.138 0 0.005
0.384 0.714 0 0.005
0.385 0.941 0 0.005
0.387 0.408 0 0.005
0.397 0.889 0 0.005
0.405 0.508 0 0.005
0.421 0.324 0 0.005
0.43 0.874 0 0.005
0.434 0.425 0 0.005
0.435 0.469 0 0.005
0.446 0.634 0 0.005
0.451 0.027 0 0.005
0.452 0.393 0 0.005
0.453 0.851 0 0.005
0.459 0.191 0 0.005
0.465 0.926 0 0.005
0.482 0.784 0 0.005
0.485 0.186 0 0.005
0.486 0.116 0 0.005
0.501 0.296 0 0.005
0.501 0.68 0 0.005
0.505 0.186 0 0.005
0.509 0.211 0 0.005
0.528 0.787 0 0.005
0.531 0.41 0 0.005
0.535 0.849 0 0.005
0.541 0.799 0 0.005
0.545 0.654 0 0.005
0.56 0.627 0 0.005
0.567 0.438 0 0.005
0.568 0.749 0 0.005
0.575 0.675 0 0.005
0.579 0.9 0 0.005
0.58 0.64 0 0.005
0.582 0.273 0 0.005
0.583 0.711 0 0.005
0.593 0.574 0 0.005
0.607 0.776 0 0.005
0.608 0.682 0 0.005
0.609 0.597 0 0.005
0.615 0.618 0 0.005
0.618 0.021 0 0.005
0.618 0.852 0 0.005
0.622 0.081 0 0.005
0.622 0.891 0 0.005
0.631 0.449 0 0.005
0.632 0.342 0 0.005
0.632 0.39 0 0.005
0.635 0.485 0 0.005
0.646 0.687 0 0.005
0.652 0.006 0 0.005
0.653 0.758 0 0.005
0.662 0.105 0 0.005
0.667 0.582 0 0.005
0.67 0.776 0 0.005
0.675 0.418 0 0.005
0.675 0.494 0 0.005
0.68 0.353 0 0.005
0.683 0.114 0 0.005
0.691 0.257 0 0.005
0.694 0.528 0 0.005
0.701 0.382 0 0.005
0.701 0.696 0 0.005
0.711 0.204 0 0.005
0.727 0.071 0 0.005
0.729 0.302 0 0.005
0.731 0.003763440860215054 0 0.005
0.737 0.64 0 0.005
0.739 0.577 0 0.005
0.744 0.917 0 0.005
0.747 0.465 0 0.005
0.754 0.494 0 0.005
0.755 0.546 0 0.005
0.764 0.141 0 0.005
0.765 0.909 0 0.005
0.766 0.258 0 0.005
0.77 0.566 0 0.005
0.78 0.831 0 0.005
0.781 0.324 0 0.005
0.792 0.726 0 0.005
0.795 0.322 0 0.005
0.795 0.688 0 0.005
0.796 0.136 0 0.005
0.802 0.087 0 0.005
0.802 0.855 0 0.005
0.808 0.353 0 0.005
0.8265 0.108 0 0.005
0.827 0.91 0 0.005
0.837 0.438 0 0.005
0.838 0.629 0 0.005
0.844 0.862 0 0.005
0.845 0.091 0 0.005
0.847 0.125 0 0.005
0.85 0.685 0 0.005
0.862 0.068 0 0.005
0.863 0.336 0 0.005
0.866 0.662 0 0.005
0.868 0.576 0 0.005
0.868 0.905 0 0.005
0.871 0.037 0 0.005
0.88 0.682 0 0.005
0.886 0.799 0 0.005
0.893 0.523 0 0.005
0.899 0.36 0 0.005
0.901 0.1 0 0.005
0.905 0.139 0 0.005
0.924 0.75 0 0.005
0.934 0.53 0 0.005
0.935 0.968 0 0.005
0.943 0.175 0 0.005
0.95 0.045 0 0.005
0.962 0.005 0 0.005
0.962 0.575 0 0.005
0.962 0.955 0 0.005
0.972 0.367 0 0.005
0.996225352112676 0.862 0 0.005
