0.0012666666666666666 0.007 0 0.005
0.0004166666666666667 0.04 0 0.005
0.0008095238095238096 0.066 0 0.005
0.0022291666666666666 0.087 0 0.005
0.0012666666666666666 0.135 0 0.005
0.0 0.146 0 0.005
0.0017435897435897436 0.193 0 0.005
0.0033125 0.227 0 0.005
0.0017435897435897436 0.261 0 0.005
0.002719298245614035 0.291 0 0.005
0.004 0.327 0 0.005
0.0 0.348 0 0.005
0.0008095238095238096 0.367 0 0.005
0.0008095238095238096 0.388 0 0.005
0.0 0.43 0 0.005
0.0008095238095238096 0.464 0 0.005
0.0012666666666666666 0.476 0 0.005
0.0008095238095238096 0.493 0 0.005
0.0033125 0.505 0 0.005
0.0 0.525 0 0.005
0.0004166666666666667 0.537 0 0.005
0.0 0.548 0 0.005
0.0017435897435897436 0.57 0 0.005
0.0 0.582 0 0.005
0.004 0.6 0 0.005
0.0012666666666666666 0.629 0 0.005
0.0004166666666666667 0.679 0 0.005
0.002719298245614035 0.697 0 0.005
0.0033125 0.712 0 0.005
0.0008095238095238096 0.721 0 0.005
0.004 0.805 0 0.005
0.0004166666666666667 0.821 0 0.005
0.0 0.831 0 0.005
0.0004166666666666667 0.848 0 0.005
0.0004166666666666667 0.862 0 0.005
0.0017435897435897436 0.878 0 0.005
0.0022291666666666666 0.935 0 0.005
0.0022291666666666666 0.95 0 0.005
0.0008095238095238096 0.961 0 0.005
0.0022291666666666666 0.994 0 0.005
0.005 0.016 0 0.005
0.005 0.342 0 0.005
0.005 0.748 0 0.005
0.005 0.979 0 0.005
0.006 0.213 0 0.005
0.006 0.301 0 0.005
0.006 0.314 0 0.005
0.006 0.793 0 0.005
0.006 0.869 0 0.005
0.007 0.277 0 0.005
0.007 0.672 0 0.005
0.007 0.828 0 0.005
0.008 0.24 0 0.005
0.008 0.412 0 0.005
0.008 0.545 0 0.005
0.008 0.727 0 0.005
0.008 0.777 0 0.005
0.01 0.026 0 0.005
0.01 0.053 0 0.005
0.01 0.25 0 0.005
0.01 0.437 0 0.005
0.01 0.45 0 0.005
0.01 0.47 0 0.005
0.01 0.489 0 0.005
0.01 0.621 0 0.005
0.01 0.644 0 0.005
0.01 0.703 0 0.005
0.011 0.159 0 0.005
0.011 0.262 0 0.005
0.011 0.37 0 0.005
0.011 0.918 0 0.005
0.012 0.037 0 0.005
0.012 0.184 0 0.005
0.012 0.397 0 0.005
0.012 0.51 0 0.005
0.012 0.563 0 0.005
0.012 0.763 0 0.005
0.012 0.931 0 0.005
0.013 0.125 0 0.005
0.013 0.356 0 0.005
0.013 0.531 0 0.005
0.013 0.718 0 0.005
0.014 0.103 0 0.005
0.014 0.898 0 0.005
0.015 0.219 0 0.005
0.015 0.383 0 0.005
0.015 0.422 0 0.005
0.015 0.735 0 0.005
0.016 0.007 0 0.005
0.016 0.233 0 0.005
0.017 0.085 0 0.005
0.017 0.319 0 0.005
0.017 0.331 0 0.005
0.017 0.682 0 0.005
0.017 0.816 0 0.005
0.017 0.886 0 0.005
0.018 0.196 0 0.005
0.018 0.615 0 0.005
0.018 0.667 0 0.005
0.019 0.153 0 0.005
0.019 0.169 0 0.005
0.019 0.464 0 0.005
0.019 0.967 0 0.005
0.02 0.271 0 0.005
0.02 0.291 0 0.005
0.02 0.923 0 0.005
0.02 0.939 0 0.005
0.02 0.0004166666666666667 0 0.005
0.021 0.411 0 0.005
0.021 0.844 0 0.005
0.021 0.993 0 0.005
0.022 0.05 0 0.005
0.022 0.138 0 0.005
0.022 0.443 0 0.005
0.022 0.95 0 0.005
0.023 0.349 0 0.005
0.023 0.526 0 0.005
0.023 0.775 0 0.005
0.024 0.031 0 0.005
0.024 0.651 0 0.005
0.024 0.729 0 0.005
0.024 0.752 0 0.005
0.025 0.015 0 0.005
0.025 0.393 0 0.005
0.025 0.423 0 0.005
0.025 0.807 0 0.005
0.026 0.369 0 0.005
0.026 0.567 0 0.005
0.026 0.597 0 0.005
0.026 0.891 0 0.005
0.027 0.1 0 0.005
0.027 0.233 0 0.005
0.027 0.79 0 0.005
0.027 0.901 0 0.005
0.028 0.193 0 0.005
0.028 0.304 0 0.005
0.028 0.458 0 0.005
0.028 0.577 0 0.005
0.028 0.637 0 0.005
0.028 0.701 0 0.005
0.028 0.834 0 0.005
0.028 0.864 0 0.005
0.029 0.111 0 0.005
0.029 0.124 0 0.005
0.029 0.47 0 0.005
0.029 0.511 0 0.005
0.029 0.852 0 0.005
0.03 0.249 0 0.005
0.03 0.538 0 0.005
0.03 0.612 0 0.005
0.031 0.587 0 0.005
0.031 0.677 0 0.005
0.032 0.496 0 0.005
0.032 0.557 0 0.005
0.032 0.723 0 0.005
0.033 0.072 0 0.005
0.033 0.481 0 0.005
0.033 0.979 0 0.005
0.034 0.152 0 0.005
0.034 0.69 0 0.005
0.034 0.952 0 0.005
0.035 0.04 0 0.005
0.035 0.21 0 0.005
0.035 0.224 0 0.005
0.035 0.346 0 0.005
0.035 0.528 0 0.005
0.035 0.934 0 0.005
0.036 0.011 0 0.005
0.036 0.09 0 0.005
0.036 0.17 0 0.005
0.036 0.356 0 0.005
0.036 0.659 0 0.005
0.036 0.742 0 0.005
0.036 0.911 0 0.005
0.037 0.134 0 0.005
0.037 0.312 0 0.005
0.037 0.771 0 0.005
0.037 0.887 0 0.005
0.038 0.862 0 0.005
0.039 0.281 0 0.005
0.039 0.461 0 0.005
0.039 0.605 0 0.005
0.04 0.181 0 0.005
0.04 0.197 0 0.005
0.04 0.384 0 0.005
0.04 0.516 0 0.005
0.04 0.82 0 0.005
0.04 0.944 0 0.005
0.041 0.023 0 0.005
0.041 0.474 0 0.005
0.041 0.714 0 0.005
0.042 0.373 0 0.005
0.042 0.443 0 0.005
0.042 0.59 0 0.005
0.042 0.783 0 0.005
0.042 0.925 0 0.005
0.041 0.0 0 0.005
0.043 0.394 0 0.005
0.043 0.541 0 0.005
0.043 0.631 0 0.005
0.043 0.876 0 0.005
0.043 0.987 0 0.005
0.044 0.033 0 0.005
0.044 0.685 0 0.005
0.044 0.749 0 0.005
0.045 0.224 0 0.005
0.045 0.318 0 0.005
0.046 0.147 0 0.005
0.046 0.172 0 0.005
0.046 0.427 0 0.005
0.047 0.063 0 0.005
0.047 0.081 0 0.005
0.047 0.135 0 0.005
0.047 0.262 0 0.005
0.047 0.562 0 0.005
0.047 0.614 0 0.005
0.047 0.697 0 0.005
0.047 0.796 0 0.005
0.047 0.808 0 0.005
0.047 0.844 0 0.005
0.048 0.415 0 0.005
0.048 0.6 0 0.005
0.048 0.722 0 0.005
0.048 0.833 0 0.005
0.049 0.207 0 0.005
0.049 0.461 0 0.005
0.049 0.551 0 0.005
0.049 0.676 0 0.005
0.049 0.91 0 0.005
0.051 0.289 0 0.005
0.051 0.302 0 0.005
0.051 0.334 0 0.005
0.051 0.736 0 0.005
0.052 0.353 0 0.005
0.052 0.571 0 0.005
0.052 0.664 0 0.005
0.052 0.757 0 0.005
0.053 0.182 0 0.005
0.053 0.497 0 0.005
0.053 0.952 0 0.005
0.054 0.0022291666666666666 0 0.005
0.054 0.014 0 0.005
0.054 0.117 0 0.005
0.054 0.161 0 0.005
0.055 0.587 0 0.005
0.055 0.898 0 0.005
0.055 0.938 0 0.005
0.056 0.1 0 0.005
0.056 0.279 0 0.005
0.056 0.447 0 0.005
0.056 0.541 0 0.005
0.056 0.706 0 0.005
0.056 0.803 0 0.005
0.057 0.041 0 0.005
0.057 0.063 0 0.005
0.057 0.423 0 0.005
0.057 0.776 0 0.005
0.057 0.82 0 0.005
0.058 0.073 0 0.005
0.058 0.171 0 0.005
0.058 0.237 0 0.005
0.058 0.324 0 0.005
0.058 0.483 0 0.005
0.058 0.507 0 0.005
0.058 0.786 0 0.005
0.058 0.862 0 0.005
0.058 0.922 0 0.005
0.058 0.987 0 0.005
0.059 0.084 0 0.005
0.059 0.223 0 0.005
0.059 0.385 0 0.005
0.059 0.602 0 0.005
0.059 0.875 0 0.005
0.059 0.967 0 0.005
0.06 0.249 0 0.005
0.061 0.125 0 0.005
0.061 0.313 0 0.005
0.061 0.626 0 0.005
0.062 0.14 0 0.005
0.062 0.37 0 0.005
0.062 0.832 0 0.005
0.063 0.458 0 0.005
0.063 0.493 0 0.005
0.063 0.64 0 0.005
0.063 0.932 0 0.005
0.064 0.334 0 0.005
0.064 0.663 0 0.005
0.064 0.724 0 0.005
0.064 0.846 0 0.005
0.064 0.892 0 0.005
0.065 0.11 0 0.005
0.065 0.0004166666666666667 0 0.005
0.066 0.013 0 0.005
0.066 0.049 0 0.005
0.066 0.193 0 0.005
0.066 0.471 0 0.005
0.066 0.541 0 0.005
0.066 0.558 0 0.005
0.066 0.745 0 0.005
0.066 0.948 0 0.005
0.067 0.207 0 0.005
0.067 0.261 0 0.005
0.067 0.582 0 0.005
0.068 0.181 0 0.005
0.068 0.483 0 0.005
0.068 0.612 0 0.005
0.068 0.866 0 0.005
0.069 0.09 0 0.005
0.069 0.218 0 0.005
0.069 0.68 0 0.005
0.07 0.029 0 0.005
0.07 0.506 0 0.005
0.07 0.516 0 0.005
0.07 0.692 0 0.005
0.07 0.787 0 0.005
0.071 0.3 0 0.005
0.071 0.347 0 0.005
0.071 0.422 0 0.005
0.071 0.435 0 0.005
0.071 0.824 0 0.005
0.072 0.276 0 0.005
0.072 0.363 0 0.005
0.072 0.714 0 0.005
0.072 0.754 0 0.005
0.072 0.766 0 0.005
0.072 0.809 0 0.005
0.073 0.168 0 0.005
0.074 0.078 0 0.005
0.074 0.119 0 0.005
0.074 0.387 0 0.005
0.074 0.404 0 0.005
0.074 0.729 0 0.005
0.075 0.145 0 0.005
0.075 0.464 0 0.005
0.075 0.497 0 0.005
0.075 0.549 0 0.005
0.075 0.647 0 0.005
0.075 0.911 0 0.005
0.075 0.98 0 0.005
0.076 0.286 0 0.005
0.076 0.946 0 0.005
0.077 0.188 0 0.005
0.077 0.243 0 0.005
0.077 0.617 0 0.005
0.077 0.635 0 0.005
0.078 0.05 0 0.005
0.078 0.105 0 0.005
0.078 0.319 0 0.005
0.078 0.45 0 0.005
0.078 0.793 0 0.005
0.078 0.936 0 0.005
0.076 0.999 0 0.005
0.079 0.035 0 0.005
0.079 0.571 0 0.005
0.079 0.739 0 0.005
0.079 0.845 0 0.005
0.079 0.881 0 0.005
0.079 0.923 0 0.005
0.079 0.96 0 0.005
0.08 0.024 0 0.005
0.08 0.176 0 0.005
0.08 0.223 0 0.005
0.08 0.683 0 0.005
0.08 0.704 0 0.005
0.08 0.831 0 0.005
0.081 0.417 0 0.005
0.081 0.67 0 0.005
0.081 0.776 0 0.005
0.082 0.203 0 0.005
0.083 0.007 0 0.005
0.083 0.153 0 0.005
0.083 0.329 0 0.005
0.083 0.583 0 0.005
0.083 0.868 0 0.005
0.084 0.368 0 0.005
0.084 0.469 0 0.005
0.084 0.562 0 0.005
0.084 0.693 0 0.005
0.084 0.89 0 0.005
0.085 0.064 0 0.005
0.085 0.078 0 0.005
0.085 0.121 0 0.005
0.085 0.254 0 0.005
0.085 0.298 0 0.005
0.085 0.354 0 0.005
0.085 0.801 0 0.005
0.085 0.987 0 0.005
0.086 0.193 0 0.005
0.086 0.391 0 0.005
0.086 0.434 0 0.005
0.086 0.54 0 0.005
0.086 0.602 0 0.005
0.086 0.854 0 0.005
0.087 0.212 0 0.005
0.087 0.275 0 0.005
0.087 0.38 0 0.005
0.087 0.516 0 0.005
0.088 0.238 0 0.005
0.088 0.455 0 0.005
0.088 0.817 0 0.005
0.088 0.909 0 0.005
0.088 0.954 0 0.005
0.089 0.105 0 0.005
0.089 0.406 0 0.005
0.089 0.724 0 0.005
0.089 0.974 0 0.005
0.09 0.027 0 0.005
0.09 0.091 0 0.005
0.09 0.49 0 0.005
0.09 0.506 0 0.005
0.09 0.741 0 0.005
0.09 0.843 0 0.005
0.091 0.165 0 0.005
0.091 0.531 0 0.005
0.091 0.613 0 0.005
0.091 0.636 0 0.005
0.091 0.659 0 0.005
0.091 0.759 0 0.005
0.092 0.623 0 0.005
0.092 0.831 0 0.005
0.092 0.9977333333333334 0 0.005
0.093 0.135 0 0.005
0.093 0.204 0 0.005
0.093 0.794 0 0.005
0.093 0.88 0 0.005
0.093 0.919 0 0.005
0.094 0.013 0 0.005
0.094 0.345 0 0.005
0.095 0.188 0 0.005
0.095 0.327 0 0.005
0.095 0.355 0 0.005
0.095 0.47 0 0.005
0.095 0.7 0 0.005
0.095 0.775 0 0.005
0.096 0.056 0 0.005
0.096 0.29 0 0.005
0.096 0.366 0 0.005
0.096 0.602 0 0.005
0.097 0.587 0 0.005
0.098 0.039 0 0.005
0.098 0.313 0 0.005
0.098 0.451 0 0.005
0.098 0.515 0 0.005
0.098 0.553 0 0.005
0.098 0.807 0 0.005
0.098 0.893 0 0.005
0.099 0.277 0 0.005
0.099 0.431 0 0.005
0.099 0.441 0 0.005
0.099 0.567 0 0.005
0.099 0.86 0 0.005
0.1 0.028 0 0.005
0.1 0.39 0 0.005
0.1 0.404 0 0.005
0.1 0.419 0 0.005
0.1 0.72 0 0.005
0.101 0.169 0 0.005
0.101 0.76 0 0.005
0.102 0.221 0 0.005
0.102 0.642 0 0.005
0.102 0.733 0 0.005
0.102 0.961 0 0.005
0.103 0.529 0 0.005
0.103 0.541 0 0.005
0.103 0.683 0 0.005
0.103 0.987 0 0.005
0.104 0.181 0 0.005
0.104 0.203 0 0.005
0.104 0.46 0 0.005
0.104 0.495 0 0.005
0.104 0.579 0 0.005
0.104 0.623 0 0.005
0.104 0.881 0 0.005
0.104 0.944 0 0.005
0.105 0.082 0 0.005
0.105 0.485 0 0.005
0.105 0.693 0 0.005
0.106 0.069 0 0.005
0.106 0.365 0 0.005
0.106 0.593 0 0.005
0.106 0.656 0 0.005
0.106 0.845 0 0.005
0.107 0.231 0 0.005
0.107 0.793 0 0.005
0.108 0.002719298245614035 0 0.005
0.108 0.518 0 0.005
0.108 0.781 0 0.005
0.108 0.834 0 0.005
0.109 0.261 0 0.005
0.109 0.377 0 0.005
0.109 0.557 0 0.005
0.109 0.924 0 0.005
0.109 0.935 0 0.005
0.11 0.389 0 0.005
0.11 0.409 0 0.005
0.11 0.744 0 0.005
0.11 0.954 0 0.005
0.111 0.015 0 0.005
0.111 0.099 0 0.005
0.111 0.289 0 0.005
0.111 0.438 0 0.005
0.111 0.606 0 0.005
0.113 0.175 0 0.005
0.113 0.533 0 0.005
0.113 0.71 0 0.005
0.113 0.815 0 0.005
0.113 0.977 0 0.005
0.114 0.037 0 0.005
0.114 0.165 0 0.005
0.114 0.198 0 0.005
0.114 0.348 0 0.005
0.114 0.428 0 0.005
0.114 0.883 0 0.005
0.114 0.897 0 0.005
0.115 0.047 0 0.005
0.115 0.057 0 0.005
0.115 0.507 0 0.005
0.115 0.762 0 0.005
0.115 0.802 0 0.005
0.115 0.9956875 0 0.005
0.116 0.273 0 0.005
0.116 0.333 0 0.005
0.116 0.366 0 0.005
0.116 0.477 0 0.005
0.116 0.736 0 0.005
0.116 0.853 0 0.005
0.117 0.067 0 0.005
0.117 0.137 0 0.005
0.117 0.627 0 0.005
0.117 0.697 0 0.005
0.118 0.382 0 0.005
0.118 0.458 0 0.005
0.118 0.782 0 0.005
0.118 0.828 0 0.005
0.118 0.87 0 0.005
0.118 0.94 0 0.005
0.119 0.027 0 0.005
0.119 0.082 0 0.005
0.119 0.225 0 0.005
0.119 0.772 0 0.005
0.12 0.916 0 0.005
0.121 0.319 0 0.005
0.121 0.588 0 0.005
0.121 0.663 0 0.005
0.122 0.149 0 0.005
0.122 0.248 0 0.005
0.122 0.258 0 0.005
0.122 0.392 0 0.005
0.122 0.678 0 0.005
0.122 0.722 0 0.005
0.123 0.645 0 0.005
0.123 0.972 0 0.005
0.124 0.187 0 0.005
0.124 0.293 0 0.005
0.124 0.307 0 0.005
0.125 0.051 0 0.005
0.125 0.45 0 0.005
0.126 0.165 0 0.005
0.126 0.414 0 0.005
0.127 0.357 0 0.005
0.127 0.837 0 0.005
0.128 0.016 0 0.005
0.128 0.334 0 0.005
0.128 0.56 0 0.005
0.128 0.741 0 0.005
0.128 0.847 0 0.005
0.129 0.808 0 0.005
0.129 0.988 0 0.005
0.13 0.033 0 0.005
0.13 0.131 0 0.005
0.13 0.235 0 0.005
0.13 0.519 0 0.005
0.13 0.773 0 0.005
0.13 0.789 0 0.005
0.131 0.282 0 0.005
0.131 0.398 0 0.005
0.131 0.43 0 0.005
0.131 0.5 0 0.005
0.131 0.694 0 0.005
0.132 0.174 0 0.005
0.132 0.704 0 0.005
0.132 0.878 0 0.005
0.133 0.108 0 0.005
0.133 0.152 0 0.005
0.133 0.223 0 0.005
0.133 0.536 0 0.005
0.133 0.612 0 0.005
0.133 0.679 0 0.005
0.133 0.728 0 0.005
0.133 0.762 0 0.005
0.133 0.888 0 0.005
0.133 0.946 0 0.005
0.134 0.065 0 0.005
0.134 0.198 0 0.005
0.134 0.299 0 0.005
0.134 0.65 0 0.005
0.134 0.66 0 0.005
0.134 0.962 0 0.005
0.135 0.091 0 0.005
0.135 0.271 0 0.005
0.135 0.372 0 0.005
0.135 0.581 0 0.005
0.135 0.599 0 0.005
0.135 0.627 0 0.005
0.136 0.006 0 0.005
0.136 0.042 0 0.005
0.136 0.832 0 0.005
0.136 0.858 0 0.005
0.137 0.258 0 0.005
0.137 0.911 0 0.005
0.137 0.924 0 0.005
0.138 0.247 0 0.005
0.138 0.332 0 0.005
0.138 0.446 0 0.005
0.138 0.714 0 0.005
0.138 0.749 0 0.005
0.138 0.822 0 0.005
0.139 0.688 0 0.005
0.139 0.987 0 0.005
0.14 0.391 0 0.005
0.14 0.465 0 0.005
0.14 0.771 0 0.005
0.14 0.811 0 0.005
0.141 0.114 0 0.005
0.141 0.234 0 0.005
0.141 0.317 0 0.005
0.141 0.567 0 0.005
0.141 0.641 0 0.005
0.142 0.346 0 0.005
0.142 0.418 0 0.005
0.142 0.59 0 0.005
0.142 0.933 0 0.005
0.143 0.537 0 0.005
0.143 0.9967708333333334 0 0.005
0.144 0.171 0 0.005
0.144 0.188 0 0.005
0.144 0.293 0 0.005
0.144 0.305 0 0.005
0.144 0.405 0 0.005
0.144 0.434 0 0.005
0.145 0.093 0 0.005
0.145 0.217 0 0.005
0.145 0.552 0 0.005
0.145 0.903 0 0.005
0.146 0.026 0 0.005
0.146 0.155 0 0.005
0.146 0.517 0 0.005
0.146 0.702 0 0.005
0.146 0.779 0 0.005
0.146 0.869 0 0.005
0.146 0.892 0 0.005
0.147 0.004 0 0.005
0.147 0.058 0 0.005
0.147 0.603 0 0.005
0.147 0.857 0 0.005
0.148 0.141 0 0.005
0.148 0.263 0 0.005
0.149 0.337 0 0.005
0.149 0.837 0 0.005
0.149 0.99 0 0.005
0.15 0.047 0 0.005
0.15 0.661 0 0.005
0.15 0.943 0 0.005
0.151 0.2 0 0.005
0.151 0.497 0 0.005
0.151 0.621 0 0.005
0.151 0.732 0 0.005
0.151 0.755 0 0.005
0.151 0.793 0 0.005
0.151 0.823 0 0.005
0.152 0.036 0 0.005
0.152 0.484 0 0.005
0.152 0.532 0 0.005
0.152 0.651 0 0.005
0.153 0.285 0 0.005
0.153 0.421 0 0.005
0.153 0.581 0 0.005
0.153 0.678 0 0.005
0.153 0.972 0 0.005
0.154 0.067 0 0.005
0.154 0.31 0 0.005
0.154 0.721 0 0.005
0.155 0.229 0 0.005
0.155 0.321 0 0.005
0.155 0.639 0 0.005
0.156 0.167 0 0.005
0.156 0.212 0 0.005
0.156 0.362 0 0.005
0.156 0.805 0 0.005
0.156 0.905 0 0.005
0.156 0.93 0 0.005
0.157 0.077 0 0.005
0.157 0.298 0 0.005
0.157 0.443 0 0.005
0.157 0.456 0 0.005
0.157 0.747 0 0.005
0.158 0.021 0 0.005
0.158 0.114 0 0.005
0.158 0.512 0 0.005
0.158 0.785 0 0.005
0.159 0.346 0 0.005
0.159 0.702 0 0.005
0.159 0.767 0 0.005
0.159 0.856 0 0.005
0.159 0.885 0 0.005
0.159 0.948 0 0.005
0.16 0.274 0 0.005
0.16 0.555 0 0.005
0.16 0.846 0 0.005
0.16 0.982 0 0.005
0.161 0.154 0 0.005
0.161 0.83 0 0.005
0.161 0.868 0 0.005
0.162 0.006 0 0.005
0.162 0.051 0 0.005
0.162 0.246 0 0.005
0.162 0.332 0 0.005
0.162 0.41 0 0.005
0.162 0.428 0 0.005
0.162 0.647 0 0.005
0.162 0.966 0 0.005
0.163 0.395 0 0.005
0.163 0.673 0 0.005
0.163 0.756 0 0.005
0.164 0.568 0 0.005
0.164 0.726 0 0.005
0.164 0.818 0 0.005
0.165 0.225 0 0.005
0.165 0.385 0 0.005
0.165 0.489 0 0.005
0.166 0.105 0 0.005
0.166 0.17 0 0.005
0.166 0.469 0 0.005
0.166 0.593 0 0.005
0.166 0.622 0 0.005
0.166 0.658 0 0.005
0.167 0.307 0 0.005
0.167 0.518 0 0.005
0.167 0.716 0 0.005
0.168 0.073 0 0.005
0.168 0.214 0 0.005
0.169 0.355 0 0.005
0.169 0.887 0 0.005
0.168 0.0 0 0.005
0.17 0.199 0 0.005
0.17 0.546 0 0.005
0.17 0.748 0 0.005
0.17 0.792 0 0.005
0.17 0.863 0 0.005
0.17 0.906 0 0.005
0.17 0.934 0 0.005
0.169 0.9985833333333334 0 0.005
0.171 0.282 0 0.005
0.171 0.369 0 0.005
0.171 0.533 0 0.005
0.172 0.089 0 0.005
0.172 0.267 0 0.005
0.172 0.294 0 0.005
0.172 0.405 0 0.005
0.172 0.428 0 0.005
0.172 0.453 0 0.005
0.172 0.695 0 0.005
0.173 0.035 0 0.005
0.173 0.056 0 0.005
0.173 0.118 0 0.005
0.173 0.416 0 0.005
0.173 0.67 0 0.005
0.173 0.974 0 0.005
0.174 0.189 0 0.005
0.174 0.338 0 0.005
0.174 0.392 0 0.005
0.175 0.006 0 0.005
0.175 0.156 0 0.005
0.175 0.256 0 0.005
0.175 0.707 0 0.005
0.175 0.832 0 0.005
0.176 0.468 0 0.005
0.176 0.494 0 0.005
0.176 0.771 0 0.005
0.177 0.1 0 0.005
0.177 0.145 0 0.005
0.177 0.585 0 0.005
0.177 0.652 0 0.005
0.177 0.815 0 0.005
0.177 0.949 0 0.005
0.178 0.017 0 0.005
0.178 0.074 0 0.005
0.178 0.233 0 0.005
0.178 0.687 0 0.005
0.178 0.845 0 0.005
0.179 0.484 0 0.005
0.18 0.205 0 0.005
0.18 0.568 0 0.005
0.18 0.756 0 0.005
0.18 0.875 0 0.005
0.18 0.936 0 0.005
0.181 0.049 0 0.005
0.181 0.181 0 0.005
0.181 0.303 0 0.005
0.181 0.326 0 0.005
0.181 0.35 0 0.005
0.181 0.511 0 0.005
0.182 0.361 0 0.005
0.182 0.903 0 0.005
0.183 0.038 0 0.005
0.183 0.377 0 0.005
0.183 0.399 0 0.005
0.183 0.62 0 0.005
0.183 0.964 0 0.005
0.184 0.028 0 0.005
0.184 0.25 0 0.005
0.184 0.316 0 0.005
0.184 0.421 0 0.005
0.185 0.29 0 0.005
0.185 0.474 0 0.005
0.185 0.543 0 0.005
0.185 0.861 0 0.005
0.185 0.914 0 0.005
0.186 0.553 0 0.005
0.186 0.598 0 0.005
0.186 0.768 0 0.005
0.187 0.34 0 0.005
0.187 0.454 0 0.005
0.187 0.732 0 0.005
0.187 0.781 0 0.005
0.187 0.945 0 0.005
0.188 0.437 0 0.005
0.188 0.704 0 0.005
0.188 0.718 0 0.005
0.188 0.892 0 0.005
0.187 0.9985833333333334 0 0.005
0.189 0.103 0 0.005
0.189 0.647 0 0.005
0.189 0.833 0 0.005
0.19 0.011 0 0.005
0.19 0.488 0 0.005
0.19 0.75 0 0.005
0.19 0.928 0 0.005
0.191 0.137 0 0.005
0.191 0.205 0 0.005
0.191 0.407 0 0.005
0.191 0.798 0 0.005
0.191 0.814 0 0.005
0.192 0.089 0 0.005
0.192 0.327 0 0.005
0.192 0.368 0 0.005
0.192 0.391 0 0.005
0.192 0.518 0 0.005
0.192 0.634 0 0.005
0.193 0.157 0 0.005
0.193 0.848 0 0.005
0.193 0.908 0 0.005
0.194 0.508 0 0.005
0.194 0.991 0 0.005
0.195 0.172 0 0.005
0.195 0.245 0 0.005
0.195 0.468 0 0.005
0.195 0.497 0 0.005
0.195 0.684 0 0.005
0.195 0.882 0 0.005
0.196 0.281 0 0.005
0.197 0.019 0 0.005
0.197 0.54 0 0.005
0.197 0.673 0 0.005
0.197 0.965 0 0.005
0.198 0.052 0 0.005
0.198 0.231 0 0.005
0.198 0.36 0 0.005
0.198 0.481 0 0.005
0.198 0.729 0 0.005
0.199 0.065 0 0.005
0.199 0.551 0 0.005
0.199 0.703 0 0.005
0.199 0.806 0 0.005
0.2 0.219 0 0.005
0.2 0.26 0 0.005
0.2 0.35 0 0.005
0.2 0.586 0 0.005
0.2 0.646 0 0.005
0.2 0.873 0 0.005
0.201 0.187 0 0.005
0.201 0.424 0 0.005
0.201 0.571 0 0.005
0.201 0.628 0 0.005
0.201 0.753 0 0.005
0.201 0.823 0 0.005
0.201 0.856 0 0.005
0.202 0.293 0 0.005
0.202 0.305 0 0.005
0.202 0.315 0 0.005
0.202 0.771 0 0.005
0.202 0.9981904761904762 0 0.005
0.203 0.435 0 0.005
0.204 0.027 0 0.005
0.204 0.106 0 0.005
0.204 0.275 0 0.005
0.204 0.383 0 0.005
0.204 0.656 0 0.005
0.204 0.908 0 0.005
0.204 0.921 0 0.005
0.205 0.467 0 0.005
0.205 0.514 0 0.005
0.205 0.99 0 0.005
0.206 0.038 0 0.005
0.206 0.085 0 0.005
0.206 0.119 0 0.005
0.206 0.13 0 0.005
0.206 0.488 0 0.005
0.207 0.017 0 0.005
0.207 0.372 0 0.005
0.207 0.97 0 0.005
0.208 0.17 0 0.005
0.208 0.201 0 0.005
0.208 0.559 0 0.005
0.208 0.609 0 0.005
0.208 0.733 0 0.005
0.209 0.225 0 0.005
0.209 0.404 0 0.005
0.209 0.788 0 0.005
0.21 0.327 0 0.005
0.21 0.448 0 0.005
0.21 0.716 0 0.005
0.211 0.522 0 0.005
0.211 0.532 0 0.005
0.211 0.572 0 0.005
0.211 0.687 0 0.005
0.211 0.814 0 0.005
0.211 0.891 0 0.005
0.211 0.0004166666666666667 0 0.005
0.212 0.071 0 0.005
0.212 0.667 0 0.005
0.212 0.765 0 0.005
0.212 0.864 0 0.005
0.213 0.508 0 0.005
0.214 0.269 0 0.005
0.214 0.296 0 0.005
0.214 0.623 0 0.005
0.214 0.926 0 0.005
0.215 0.242 0 0.005
0.215 0.255 0 0.005
0.215 0.357 0 0.005
0.215 0.588 0 0.005
0.215 0.828 0 0.005
0.216 0.11 0 0.005
0.216 0.311 0 0.005
0.216 0.383 0 0.005
0.216 0.796 0 0.005
0.216 0.913 0 0.005
0.217 0.098 0 0.005
0.217 0.639 0 0.005
0.218 0.166 0 0.005
0.218 0.335 0 0.005
0.218 0.462 0 0.005
0.218 0.488 0 0.005
0.218 0.656 0 0.005
0.218 0.709 0 0.005
0.218 0.874 0 0.005
0.219 0.202 0 0.005
0.219 0.42 0 0.005
0.219 0.75 0 0.005
0.22 0.216 0 0.005
0.22 0.28 0 0.005
0.221 0.029 0 0.005
0.221 0.558 0 0.005
0.221 0.816 0 0.005
0.221 0.859 0 0.005
0.221 0.888 0 0.005
0.221 0.958 0 0.005
0.222 0.935 0 0.005
0.223 0.13 0 0.005
0.223 0.434 0 0.005
0.223 0.498 0 0.005
0.223 0.546 0 0.005
0.223 0.616 0 0.005
0.223 0.981 0 0.005
0.224 0.191 0 0.005
0.224 0.368 0 0.005
0.224 0.448 0 0.005
0.224 0.472 0 0.005
0.224 0.525 0 0.005
0.224 0.907 0 0.005
0.225 0.271 0 0.005
0.225 0.687 0 0.005
0.226 0.0022291666666666666 0 0.005
0.226 0.177 0 0.005
0.226 0.634 0 0.005
0.226 0.842 0 0.005
0.227 0.063 0 0.005
0.227 0.116 0 0.005
0.227 0.304 0 0.005
0.227 0.317 0 0.005
0.227 0.344 0 0.005
0.227 0.388 0 0.005
0.228 0.04 0 0.005
0.228 0.724 0 0.005
0.228 0.917 0 0.005
0.228 0.996280701754386 0 0.005
0.229 0.018 0 0.005
0.229 0.206 0 0.005
0.229 0.23 0 0.005
0.229 0.408 0 0.005
0.229 0.77 0 0.005
0.229 0.794 0 0.005
0.23 0.853 0 0.005
0.23 0.898 0 0.005
0.231 0.05 0 0.005
0.231 0.645 0 0.005
0.231 0.663 0 0.005
0.232 0.107 0 0.005
0.232 0.609 0 0.005
0.233 0.029 0 0.005
0.233 0.248 0 0.005
0.233 0.362 0 0.005
0.233 0.54 0 0.005
0.233 0.701 0 0.005
0.233 0.805 0 0.005
0.233 0.872 0 0.005
0.234 0.072 0 0.005
0.234 0.171 0 0.005
0.234 0.281 0 0.005
0.234 0.331 0 0.005
0.235 0.141 0 0.005
0.235 0.399 0 0.005
0.235 0.439 0 0.005
0.235 0.588 0 0.005
0.235 0.833 0 0.005
0.235 0.95 0 0.005
0.236 0.349 0 0.005
0.236 0.482 0 0.005
0.237 0.085 0 0.005
0.237 0.122 0 0.005
0.237 0.194 0 0.005
0.237 0.301 0 0.005
0.237 0.317 0 0.005
0.237 0.386 0 0.005
0.237 0.414 0 0.005
0.237 0.988 0 0.005
0.238 0.509 0 0.005
0.238 0.567 0 0.005
0.239 0.151 0 0.005
0.239 0.638 0 0.005
0.239 0.71 0 0.005
0.24 0.452 0 0.005
0.24 0.524 0 0.005
0.24 0.601 0 0.005
0.24 0.688 0 0.005
0.24 0.774 0 0.005
0.24 0.819 0 0.005
0.24 0.97 0 0.005
0.241 0.161 0 0.005
0.241 0.339 0 0.005
0.241 0.548 0 0.005
0.241 0.669 0 0.005
0.241 0.744 0 0.005
0.242 0.23 0 0.005
0.242 0.292 0 0.005
0.243 0.048 0 0.005
0.243 0.184 0 0.005
0.243 0.932 0 0.005
0.244 0.245 0 0.005
0.244 0.433 0 0.005
0.244 0.614 0 0.005
0.244 0.732 0 0.005
0.245 0.016 0 0.005
0.245 0.067 0 0.005
0.245 0.11 0 0.005
0.245 0.399 0 0.005
0.245 0.841 0 0.005
0.245 0.905 0 0.005
0.246 0.13 0 0.005
0.246 0.461 0 0.005
0.246 0.9977333333333334 0 0.005
0.247 0.0017435897435897436 0 0.005
0.247 0.2 0 0.005
0.247 0.306 0 0.005
0.247 0.33 0 0.005
0.247 0.766 0 0.005
0.247 0.918 0 0.005
0.248 0.097 0 0.005
0.248 0.172 0 0.005
0.248 0.21 0 0.005
0.248 0.221 0 0.005
0.248 0.472 0 0.005
0.248 0.791 0 0.005
0.248 0.812 0 0.005
0.248 0.878 0 0.005
0.249 0.27 0 0.005
0.249 0.419 0 0.005
0.249 0.542 0 0.005
0.25 0.492 0 0.005
0.25 0.508 0 0.005
0.25 0.753 0 0.005
0.251 0.026 0 0.005
0.251 0.161 0 0.005
0.251 0.236 0 0.005
0.251 0.355 0 0.005
0.251 0.64 0 0.005
0.251 0.94 0 0.005
0.251 0.963 0 0.005
0.252 0.524 0 0.005
0.252 0.696 0 0.005
0.252 0.851 0 0.005
0.252 0.981 0 0.005
0.253 0.008 0 0.005
0.253 0.726 0 0.005
0.253 0.822 0 0.005
0.254 0.366 0 0.005
0.254 0.66 0 0.005
0.254 0.865 0 0.005
0.255 0.322 0 0.005
0.255 0.398 0 0.005
0.256 0.065 0 0.005
0.256 0.116 0 0.005
0.256 0.411 0 0.005
0.256 0.604 0 0.005
0.256 0.893 0 0.005
0.257 0.132 0 0.005
0.258 0.087 0 0.005
0.258 0.102 0 0.005
0.258 0.221 0 0.005
0.258 0.335 0 0.005
0.258 0.709 0 0.005
0.258 0.878 0 0.005
0.259 0.144 0 0.005
0.259 0.203 0 0.005
0.259 0.277 0 0.005
0.259 0.564 0 0.005
0.259 0.646 0 0.005
0.26 0.264 0 0.005
0.26 0.474 0 0.005
0.26 0.499 0 0.005
0.26 0.671 0 0.005
0.261 0.0008095238095238096 0 0.005
0.261 0.382 0 0.005
0.261 0.807 0 0.005
0.261 0.846 0 0.005
0.261 0.931 0 0.005
0.261 0.967 0 0.005
0.262 0.346 0 0.005
0.262 0.62 0 0.005
0.262 0.777 0 0.005
0.263 0.076 0 0.005
0.263 0.232 0 0.005
0.263 0.488 0 0.005
0.263 0.69 0 0.005
0.263 0.738 0 0.005
0.264 0.157 0 0.005
0.264 0.189 0 0.005
0.264 0.243 0 0.005
0.264 0.3 0 0.005
0.264 0.45 0 0.005
0.264 0.541 0 0.005
0.264 0.921 0 0.005
0.265 0.462 0 0.005
0.265 0.584 0 0.005
0.265 0.658 0 0.005
0.265 0.723 0 0.005
0.265 0.796 0 0.005
0.265 0.861 0 0.005
0.266 0.887 0 0.005
0.266 0.996280701754386 0 0.005
0.267 0.604 0 0.005
0.267 0.76 0 0.005
0.267 0.948 0 0.005
0.267 0.986 0 0.005
0.268 0.039 0 0.005
0.269 0.43 0 0.005
0.269 0.507 0 0.005
0.269 0.518 0 0.005
0.269 0.529 0 0.005
0.27 0.114 0 0.005
0.27 0.175 0 0.005
0.27 0.328 0 0.005
0.27 0.473 0 0.005
0.27 0.787 0 0.005
0.27 0.936 0 0.005
0.271 0.085 0 0.005
0.272 0.36 0 0.005
0.272 0.442 0 0.005
0.272 0.876 0 0.005
0.273 0.054 0 0.005
0.273 0.904 0 0.005
0.274 0.017 0 0.005
0.274 0.207 0 0.005
0.274 0.252 0 0.005
0.274 0.487 0 0.005
0.274 0.55 0 0.005
0.274 0.776 0 0.005
0.274 0.849 0 0.005
0.275 0.066 0 0.005
0.275 0.282 0 0.005
0.275 0.318 0 0.005
0.275 0.649 0 0.005
0.275 0.659 0 0.005
0.275 0.752 0 0.005
0.275 0.809 0 0.005
0.276 0.137 0 0.005
0.276 0.191 0 0.005
0.276 0.575 0 0.005
0.276 0.716 0 0.005
0.276 0.831 0 0.005
0.276 0.892 0 0.005
0.276 0.917 0 0.005
0.277 0.351 0 0.005
0.277 0.674 0 0.005
0.278 0.293 0 0.005
0.278 0.595 0 0.005
0.278 0.636 0 0.005
0.278 0.705 0 0.005
0.279 0.038 0 0.005
0.279 0.097 0 0.005
0.279 0.398 0 0.005
0.28 0.005 0 0.005
0.28 0.115 0 0.005
0.28 0.166 0 0.005
0.28 0.224 0 0.005
0.28 0.26 0 0.005
0.28 0.927 0 0.005
0.28 0.992 0 0.005
0.281 0.341 0 0.005
0.281 0.585 0 0.005
0.281 0.733 0 0.005
0.282 0.027 0 0.005
0.282 0.51 0 0.005
0.282 0.542 0 0.005
0.282 0.684 0 0.005
0.282 0.861 0 0.005
0.282 0.976 0 0.005
0.283 0.177 0 0.005
0.283 0.408 0 0.005
0.283 0.495 0 0.005
0.284 0.559 0 0.005
0.285 0.073 0 0.005
0.285 0.419 0 0.005
0.285 0.447 0 0.005
0.286 0.215 0 0.005
0.286 0.473 0 0.005
0.286 0.623 0 0.005
0.286 0.771 0 0.005
0.286 0.909 0 0.005
0.287 0.204 0 0.005
0.287 0.31 0 0.005
0.287 0.331 0 0.005
0.288 0.048 0 0.005
0.288 0.282 0 0.005
0.288 0.519 0 0.005
0.288 0.805 0 0.005
0.289 0.126 0 0.005
0.289 0.236 0 0.005
0.289 0.894 0 0.005
0.29 0.01 0 0.005
0.29 0.097 0 0.005
0.29 0.11 0 0.005
0.29 0.364 0 0.005
0.291 0.038 0 0.005
0.291 0.148 0 0.005
0.291 0.378 0 0.005
0.291 0.395 0 0.005
0.291 0.459 0 0.005
0.291 0.578 0 0.005
0.291 0.641 0 0.005
0.291 0.674 0 0.005
0.291 0.712 0 0.005
0.291 0.822 0 0.005
0.291 0.955 0 0.005
0.292 0.087 0 0.005
0.292 0.194 0 0.005
0.292 0.225 0 0.005
0.292 0.481 0 0.005
0.292 0.847 0 0.005
0.292 0.973 0 0.005
0.293 0.597 0 0.005
0.293 0.737 0 0.005
0.294 0.0017435897435897436 0 0.005
0.294 0.297 0 0.005
0.294 0.346 0 0.005
0.294 0.498 0 0.005
0.294 0.915 0 0.005
0.295 0.166 0 0.005
0.295 0.549 0 0.005
0.295 0.994 0 0.005
0.296 0.609 0 0.005
0.296 0.762 0 0.005
0.296 0.783 0 0.005
0.296 0.927 0 0.005
0.297 0.119 0 0.005
0.297 0.184 0 0.005
0.297 0.451 0 0.005
0.297 0.529 0 0.005
0.297 0.629 0 0.005
0.297 0.813 0 0.005
0.297 0.834 0 0.005
0.298 0.135 0 0.005
0.298 0.213 0 0.005
0.298 0.241 0 0.005
0.298 0.512 0 0.005
0.298 0.685 0 0.005
0.298 0.859 0 0.005
0.299 0.051 0 0.005
0.299 0.284 0 0.005
0.299 0.433 0 0.005
0.299 0.566 0 0.005
0.299 0.718 0 0.005
0.299 0.747 0 0.005
0.3 0.707 0 0.005
0.301 0.271 0 0.005
0.301 0.906 0 0.005
0.302 0.147 0 0.005
0.302 0.227 0 0.005
0.302 0.461 0 0.005
0.302 0.585 0 0.005
0.302 0.647 0 0.005
0.302 0.671 0 0.005
0.302 0.892 0 0.005
0.302 0.938 0 0.005
0.303 0.089 0 0.005
0.303 0.1 0 0.005
0.303 0.955 0 0.005
0.303 0.968 0 0.005
0.304 0.008 0 0.005
0.304 0.296 0 0.005
0.304 0.309 0 0.005
0.304 0.418 0 0.005
0.304 0.477 0 0.005
0.304 0.494 0 0.005
0.305 0.069 0 0.005
0.305 0.326 0 0.005
0.305 0.362 0 0.005
0.305 0.696 0 0.005
0.305 0.776 0 0.005
0.306 0.199 0 0.005
0.306 0.393 0 0.005
0.307 0.03 0 0.005
0.307 0.114 0 0.005
0.307 0.168 0 0.005
0.307 0.343 0 0.005
0.307 0.408 0 0.005
0.307 0.525 0 0.005
0.307 0.792 0 0.005
0.308 0.124 0 0.005
0.308 0.216 0 0.005
0.308 0.541 0 0.005
0.308 0.921 0 0.005
0.308 0.986 0 0.005
0.309 0.055 0 0.005
0.309 0.236 0 0.005
0.309 0.255 0 0.005
0.309 0.428 0 0.005
0.309 0.572 0 0.005
0.309 0.66 0 0.005
0.309 0.729 0 0.005
0.309 0.826 0 0.005
0.31 0.153 0 0.005
0.31 0.679 0 0.005
0.31 0.745 0 0.005
0.31 0.858 0 0.005
0.31 0.869 0 0.005
0.31 0.879 0 0.005
0.311 0.137 0 0.005
0.311 0.59 0 0.005
0.311 0.812 0 0.005
0.311 0.839 0 0.005
0.312 0.438 0 0.005
0.312 0.451 0 0.005
0.313 0.043 0 0.005
0.313 0.267 0 0.005
0.313 0.626 0 0.005
0.313 0.769 0 0.005
0.313 0.895 0 0.005
0.313 0.937 0 0.005
0.314 0.245 0 0.005
0.314 0.487 0 0.005
0.314 0.551 0 0.005
0.315 0.08 0 0.005
0.315 0.224 0 0.005
0.315 0.324 0 0.005
0.315 0.384 0 0.005
0.315 0.964 0 0.005
0.317 0.947 0 0.005
0.318 0.106 0 0.005
0.318 0.287 0 0.005
0.318 0.655 0 0.005
0.318 0.786 0 0.005
0.319 0.259 0 0.005
0.319 0.477 0 0.005
0.319 0.578 0 0.005
0.319 0.687 0 0.005
0.319 0.698 0 0.005
0.319 0.715 0 0.005
0.319 0.734 0 0.005
0.32 0.145 0 0.005
0.32 0.192 0 0.005
0.32 0.31 0 0.005
0.32 0.335 0 0.005
0.32 0.417 0 0.005
0.32 0.919 0 0.005
0.321 0.026 0 0.005
0.321 0.155 0 0.005
0.321 0.617 0 0.005
0.322 0.18 0 0.005
0.322 0.4 0 0.005
0.322 0.529 0 0.005
0.322 0.561 0 0.005
0.322 0.603 0 0.005
0.321 0.9985833333333334 0 0.005
0.323 0.127 0 0.005
0.323 0.492 0 0.005
0.324 0.068 0 0.005
0.324 0.206 0 0.005
0.324 0.269 0 0.005
0.324 0.517 0 0.005
0.324 0.748 0 0.005
0.324 0.766 0 0.005
0.324 0.978 0 0.005
0.325 0.251 0 0.005
0.325 0.429 0 0.005
0.325 0.826 0 0.005
0.326 0.322 0 0.005
0.326 0.357 0 0.005
0.326 0.374 0 0.005
0.326 0.803 0 0.005
0.327 0.543 0 0.005
0.327 0.65 0 0.005
0.327 0.961 0 0.005
0.328 0.0017435897435897436 0 0.005
0.328 0.088 0 0.005
0.328 0.663 0 0.005
0.328 0.682 0 0.005
0.328 0.786 0 0.005
0.328 0.84 0 0.005
0.328 0.899 0 0.005
0.329 0.059 0 0.005
0.329 0.294 0 0.005
0.329 0.385 0 0.005
0.329 0.579 0 0.005
0.329 0.728 0 0.005
0.329 0.883 0 0.005
0.33 0.309 0 0.005
0.33 0.469 0 0.005
0.331 0.133 0 0.005
0.331 0.187 0 0.005
0.331 0.407 0 0.005
0.331 0.817 0 0.005
0.331 0.9967708333333334 0 0.005
0.332 0.011 0 0.005
0.332 0.034 0 0.005
0.332 0.397 0 0.005
0.332 0.864 0 0.005
0.333 0.756 0 0.005
0.333 0.947 0 0.005
0.334 0.566 0 0.005
0.334 0.691 0 0.005
0.334 0.711 0 0.005
0.335 0.143 0 0.005
0.335 0.233 0 0.005
0.335 0.501 0 0.005
0.335 0.636 0 0.005
0.336 0.044 0 0.005
0.336 0.161 0 0.005
0.336 0.198 0 0.005
0.336 0.451 0 0.005
0.337 0.324 0 0.005
0.337 0.348 0 0.005
0.337 0.379 0 0.005
0.337 0.477 0 0.005
0.337 0.53 0 0.005
0.337 0.736 0 0.005
0.337 0.793 0 0.005
0.338 0.1 0 0.005
0.338 0.111 0 0.005
0.338 0.215 0 0.005
0.338 0.283 0 0.005
0.338 0.647 0 0.005
0.338 0.66 0 0.005
0.338 0.773 0 0.005
0.339 0.594 0 0.005
0.339 0.938 0 0.005
0.339 0.959 0 0.005
0.34 0.244 0 0.005
0.34 0.254 0 0.005
0.34 0.511 0 0.005
0.34 0.583 0 0.005
0.34 0.833 0 0.005
0.34 0.901 0 0.005
0.341 0.056 0 0.005
0.341 0.126 0 0.005
0.341 0.265 0 0.005
0.341 0.699 0 0.005
0.341 0.82 0 0.005
0.341 0.97 0 0.005
0.341 0.995 0 0.005
0.342 0.172 0 0.005
0.342 0.462 0 0.005
0.342 0.493 0 0.005
0.343 0.184 0 0.005
0.343 0.422 0 0.005
0.343 0.441 0 0.005
0.343 0.606 0 0.005
0.343 0.764 0 0.005
0.343 0.853 0 0.005
0.343 0.866 0 0.005
0.344 0.018 0 0.005
0.344 0.626 0 0.005
0.345 0.008 0 0.005
0.345 0.081 0 0.005
0.345 0.356 0 0.005
0.346 0.03 0 0.005
0.346 0.679 0 0.005
0.346 0.728 0 0.005
0.346 0.798 0 0.005
0.346 0.879 0 0.005
0.347 0.162 0 0.005
0.347 0.453 0 0.005
0.347 0.546 0 0.005
0.346 0.0 0 0.005
0.348 0.377 0 0.005
0.348 0.524 0 0.005
0.348 0.712 0 0.005
0.349 0.194 0 0.005
0.349 0.219 0 0.005
0.35 0.145 0 0.005
0.35 0.252 0 0.005
0.35 0.343 0 0.005
0.35 0.499 0 0.005
0.35 0.645 0 0.005
0.35 0.664 0 0.005
0.35 0.944 0 0.005
0.351 0.594 0 0.005
0.351 0.978 0 0.005
0.352 0.173 0 0.005
0.352 0.275 0 0.005
0.352 0.579 0 0.005
0.352 0.83 0 0.005
0.353 0.114 0 0.005
0.353 0.33 0 0.005
0.353 0.43 0 0.005
0.354 0.3 0 0.005
0.354 0.47 0 0.005
0.354 0.558 0 0.005
0.354 0.932 0 0.005
0.355 0.231 0 0.005
0.355 0.62 0 0.005
0.355 0.771 0 0.005
0.355 0.811 0 0.005
0.355 0.851 0 0.005
0.355 0.913 0 0.005
0.355 0.99 0 0.005
0.356 0.0012666666666666666 0 0.005
0.356 0.186 0 0.005
0.356 0.26 0 0.005
0.356 0.407 0 0.005
0.356 0.514 0 0.005
0.356 0.682 0 0.005
0.356 0.751 0 0.005
0.356 0.871 0 0.005
0.357 0.07 0 0.005
0.357 0.481 0 0.005
0.357 0.542 0 0.005
0.355 0.999 0 0.005
0.358 0.125 0 0.005
0.358 0.736 0 0.005
0.359 0.286 0 0.005
0.359 0.351 0 0.005
0.359 0.396 0 0.005
0.36 0.207 0 0.005
0.36 0.341 0 0.005
0.36 0.663 0 0.005
0.36 0.969 0 0.005
0.361 0.031 0 0.005
0.361 0.082 0 0.005
0.361 0.314 0 0.005
0.361 0.599 0 0.005
0.362 0.249 0 0.005
0.362 0.798 0 0.005
0.363 0.778 0 0.005
0.363 0.861 0 0.005
0.363 0.881 0 0.005
0.364 0.051 0 0.005
0.364 0.299 0 0.005
0.364 0.366 0 0.005
0.364 0.47 0 0.005
0.364 0.818 0 0.005
0.365 0.014 0 0.005
0.365 0.116 0 0.005
0.365 0.219 0 0.005
0.365 0.377 0 0.005
0.365 0.459 0 0.005
0.365 0.488 0 0.005
0.365 0.622 0 0.005
0.365 0.646 0 0.005
0.366 0.177 0 0.005
0.366 0.632 0 0.005
0.366 0.939 0 0.005
0.367 0.131 0 0.005
0.367 0.324 0 0.005
0.367 0.441 0 0.005
0.367 0.726 0 0.005
0.367 0.833 0 0.005
0.367 0.925 0 0.005
0.368 0.104 0 0.005
0.368 0.505 0 0.005
0.368 0.546 0 0.005
0.368 0.679 0 0.005
0.368 0.9967708333333334 0 0.005
0.369 0.428 0 0.005
0.37 0.066 0 0.005
0.37 0.416 0 0.005
0.37 0.563 0 0.005
0.37 0.959 0 0.005
0.371 0.143 0 0.005
0.371 0.278 0 0.005
0.371 0.385 0 0.005
0.371 0.581 0 0.005
0.371 0.89 0 0.005
0.372 0.205 0 0.005
0.372 0.239 0 0.005
0.372 0.265 0 0.005
0.372 0.397 0 0.005
0.372 0.986 0 0.005
0.373 0.339 0 0.005
0.373 0.536 0 0.005
0.373 0.655 0 0.005
0.373 0.858 0 0.005
0.373 0.911 0 0.005
0.374 0.0012666666666666666 0 0.005
0.374 0.049 0 0.005
0.374 0.467 0 0.005
0.374 0.601 0 0.005
0.374 0.739 0 0.005
0.375 0.614 0 0.005
0.375 0.847 0 0.005
0.376 0.115 0 0.005
0.376 0.877 0 0.005
0.377 0.012 0 0.005
0.377 0.039 0 0.005
0.377 0.439 0 0.005
0.377 0.687 0 0.005
0.377 0.782 0 0.005
0.377 0.792 0 0.005
0.377 0.977 0 0.005
0.378 0.059 0 0.005
0.378 0.091 0 0.005
0.378 0.151 0 0.005
0.378 0.231 0 0.005
0.378 0.316 0 0.005
0.379 0.636 0 0.005
0.379 0.766 0 0.005
0.379 0.938 0 0.005
0.38 0.138 0 0.005
0.38 0.369 0 0.005
0.38 0.587 0 0.005
0.38 0.703 0 0.005
0.38 0.718 0 0.005
0.38 0.996280701754386 0 0.005
0.381 0.128 0 0.005
0.381 0.171 0 0.005
0.381 0.259 0 0.005
0.381 0.408 0 0.005
0.381 0.497 0 0.005
0.381 0.512 0 0.005
0.381 0.53 0 0.005
0.381 0.894 0 0.005
0.382 0.382 0 0.005
0.382 0.626 0 0.005
0.383 0.287 0 0.005
0.383 0.914 0 0.005
0.384 0.223 0 0.005
0.384 0.449 0 0.005
0.385 0.208 0 0.005
0.385 0.555 0 0.005
0.385 0.669 0 0.005
0.385 0.731 0 0.005
0.385 0.799 0 0.005
0.385 0.871 0 0.005
0.385 0.924 0 0.005
0.385 0.962 0 0.005
0.385 0.0004166666666666667 0 0.005
0.386 0.117 0 0.005
0.386 0.577 0 0.005
0.386 0.647 0 0.005
0.386 0.848 0 0.005
0.388 0.034 0 0.005
0.388 0.599 0 0.005
0.389 0.303 0 0.005
0.389 0.754 0 0.005
0.39 0.313 0 0.005
0.39 0.328 0 0.005
0.39 0.396 0 0.005
0.39 0.781 0 0.005
0.39 0.825 0 0.005
0.391 0.348 0 0.005
0.391 0.493 0 0.005
0.391 0.503 0 0.005
0.391 0.611 0 0.005
0.391 0.703 0 0.005
0.391 0.813 0 0.005
0.391 0.943 0 0.005
0.392 0.528 0 0.005
0.392 0.984 0 0.005
0.393 0.126 0 0.005
0.393 0.514 0 0.005
0.393 0.902 0 0.005
0.394 0.081 0 0.005
0.394 0.262 0 0.005
0.394 0.411 0 0.005
0.394 0.437 0 0.005
0.394 0.64 0 0.005
0.395 0.107 0 0.005
0.395 0.249 0 0.005
0.395 0.274 0 0.005
0.395 0.552 0 0.005
0.395 0.766 0 0.005
0.396 0.041 0 0.005
0.396 0.382 0 0.005
0.396 0.447 0 0.005
0.396 0.796 0 0.005
0.397 0.028 0 0.005
0.397 0.067 0 0.005
0.397 0.196 0 0.005
0.397 0.861 0 0.005
0.397 0.875 0 0.005
0.398 0.094 0 0.005
0.398 0.147 0 0.005
0.398 0.18 0 0.005
0.398 0.226 0 0.005
0.398 0.469 0 0.005
0.398 0.567 0 0.005
0.398 0.582 0 0.005
0.398 0.62 0 0.005
0.398 0.685 0 0.005
0.398 0.92 0 0.005
0.399 0.157 0 0.005
0.399 0.426 0 0.005
0.399 0.786 0 0.005
0.4 0.17 0 0.005
0.4 0.301 0 0.005
0.4 0.632 0 0.005
0.4 0.709 0 0.005
0.4 0.727 0 0.005
0.401 0.216 0 0.005
0.401 0.841 0 0.005
0.402 0.656 0 0.005
0.402 0.952 0 0.005
0.402 0.995 0 0.005
0.403 0.34 0 0.005
0.403 0.747 0 0.005
0.404 0.052 0 0.005
0.404 0.436 0 0.005
0.404 0.503 0 0.005
0.404 0.973 0 0.005
0.405 0.329 0 0.005
0.405 0.824 0 0.005
0.405 0.896 0 0.005
0.405 0.983 0 0.005
0.406 0.289 0 0.005
0.406 0.454 0 0.005
0.406 0.543 0 0.005
0.406 0.641 0 0.005
0.406 0.794 0 0.005
0.407 0.131 0 0.005
0.407 0.374 0 0.005
0.407 0.389 0 0.005
0.407 0.605 0 0.005
0.408 0.147 0 0.005
0.408 0.275 0 0.005
0.408 0.35 0 0.005
0.408 0.577 0 0.005
0.408 0.669 0 0.005
0.408 0.934 0 0.005
0.409 0.193 0 0.005
0.409 0.223 0 0.005
0.409 0.424 0 0.005
0.409 0.688 0 0.005
0.409 0.735 0 0.005
0.409 0.804 0 0.005
0.409 0.915 0 0.005
0.409 0.96 0 0.005
0.41 0.524 0 0.005
0.41 0.624 0 0.005
0.41 0.867 0 0.005
0.411 0.477 0 0.005
0.411 0.595 0 0.005
0.412 0.034 0 0.005
0.412 0.181 0 0.005
0.412 0.207 0 0.005
0.412 0.236 0 0.005
0.413 0.17 0 0.005
0.413 0.261 0 0.005
0.413 0.759 0 0.005
0.414 0.503 0 0.005
0.414 0.817 0 0.005
0.414 0.856 0 0.005
0.415 0.098 0 0.005
0.415 0.123 0 0.005
0.415 0.248 0 0.005
0.415 0.44 0 0.005
0.415 0.887 0 0.005
0.415 0.978 0 0.005
0.416 0.065 0 0.005
0.416 0.11 0 0.005
0.416 0.457 0 0.005
0.416 0.562 0 0.005
0.416 0.613 0 0.005
0.417 0.64 0 0.005
0.418 0.319 0 0.005
0.418 0.363 0 0.005
0.418 0.712 0 0.005
0.418 0.788 0 0.005
0.418 0.954 0 0.005
0.419 0.194 0 0.005
0.419 0.228 0 0.005
0.419 0.349 0 0.005
0.419 0.469 0 0.005
0.419 0.551 0 0.005
0.418 0.0 0 0.005
0.42 0.133 0 0.005
0.42 0.276 0 0.005
0.42 0.295 0 0.005
0.42 0.492 0 0.005
0.42 0.627 0 0.005
0.42 0.74 0 0.005
0.42 0.991 0 0.005
0.421 0.017 0 0.005
0.421 0.054 0 0.005
0.421 0.176 0 0.005
0.421 0.412 0 0.005
0.421 0.937 0 0.005
0.422 0.029 0 0.005
0.422 0.482 0 0.005
0.422 0.864 0 0.005
0.423 0.449 0 0.005
0.423 0.926 0 0.005
0.424 0.653 0 0.005
0.424 0.726 0 0.005
0.424 0.844 0 0.005
0.425 0.078 0 0.005
0.425 0.099 0 0.005
0.426 0.067 0 0.005
0.426 0.206 0 0.005
0.426 0.248 0 0.005
0.426 0.336 0 0.005
0.426 0.518 0 0.005
0.426 0.608 0 0.005
0.426 0.675 0 0.005
0.426 0.768 0 0.005
0.426 0.912 0 0.005
0.426 0.976 0 0.005
0.427 0.265 0 0.005
0.427 0.379 0 0.005
0.427 0.563 0 0.005
0.428 0.283 0 0.005
0.429 0.219 0 0.005
0.429 0.573 0 0.005
0.429 0.592 0 0.005
0.429 0.986 0 0.005
0.43 0.141 0 0.005
0.43 0.393 0 0.005
0.43 0.53 0 0.005
0.43 0.815 0 0.005
0.431 0.164 0 0.005
0.431 0.174 0 0.005
0.431 0.32 0 0.005
0.431 0.853 0 0.005
0.431 0.945 0 0.005
0.431 0.9967708333333334 0 0.005
0.432 0.462 0 0.005
0.432 0.508 0 0.005
0.432 0.803 0 0.005
0.432 0.885 0 0.005
0.433 0.124 0 0.005
0.433 0.232 0 0.005
0.433 0.757 0 0.005
0.434 0.084 0 0.005
0.434 0.444 0 0.005
0.434 0.483 0 0.005
0.434 0.63 0 0.005
0.434 0.746 0 0.005
0.434 0.955 0 0.005
0.435 0.025 0 0.005
0.435 0.039 0 0.005
0.435 0.346 0 0.005
0.435 0.549 0 0.005
0.435 0.698 0 0.005
0.435 0.715 0 0.005
0.435 0.9 0 0.005
0.435 0.971 0 0.005
0.436 0.418 0 0.005
0.436 0.729 0 0.005
0.436 0.777 0 0.005
0.436 0.83 0 0.005
0.436 0.871 0 0.005
0.437 0.311 0 0.005
0.437 0.651 0 0.005
0.437 0.688 0 0.005
0.438 0.055 0 0.005
0.438 0.265 0 0.005
0.438 0.471 0 0.005
0.438 0.494 0 0.005
0.438 0.618 0 0.005
0.439 0.0022291666666666666 0 0.005
0.439 0.112 0 0.005
0.439 0.57 0 0.005
0.44 0.819 0 0.005
0.441 0.134 0 0.005
0.441 0.169 0 0.005
0.441 0.245 0 0.005
0.441 0.358 0 0.005
0.441 0.858 0 0.005
0.441 0.909 0 0.005
0.441 0.983 0 0.005
0.442 0.073 0 0.005
0.442 0.146 0 0.005
0.442 0.335 0 0.005
0.442 0.37 0 0.005
0.442 0.993 0 0.005
0.443 0.439 0 0.005
0.443 0.59 0 0.005
0.443 0.665 0 0.005
0.443 0.804 0 0.005
0.443 0.926 0 0.005
0.444 0.284 0 0.005
0.444 0.407 0 0.005
0.444 0.63 0 0.005
0.444 0.77 0 0.005
0.444 0.96 0 0.005
0.445 0.205 0 0.005
0.445 0.505 0 0.005
0.445 0.53 0 0.005
0.445 0.603 0 0.005
0.445 0.641 0 0.005
0.445 0.786 0 0.005
0.445 0.841 0 0.005
0.446 0.027 0 0.005
0.446 0.09 0 0.005
0.446 0.186 0 0.005
0.446 0.383 0 0.005
0.446 0.518 0 0.005
0.446 0.68 0 0.005
0.446 0.706 0 0.005
0.444 0.999 0 0.005
0.447 0.062 0 0.005
0.447 0.106 0 0.005
0.447 0.311 0 0.005
0.447 0.721 0 0.005
0.447 0.888 0 0.005
0.448 0.014 0 0.005
0.448 0.344 0 0.005
0.448 0.485 0 0.005
0.448 0.737 0 0.005
0.448 0.756 0 0.005
0.448 0.97 0 0.005
0.449 0.004 0 0.005
0.449 0.156 0 0.005
0.449 0.576 0 0.005
0.45 0.116 0 0.005
0.45 0.325 0 0.005
0.45 0.915 0 0.005
0.451 0.133 0 0.005
0.451 0.433 0 0.005
0.452 0.45 0 0.005
0.452 0.696 0 0.005
0.452 0.933 0 0.005
0.453 0.243 0 0.005
0.453 0.354 0 0.005
0.453 0.366 0 0.005
0.453 0.66 0 0.005
0.454 0.097 0 0.005
0.454 0.551 0 0.005
0.454 0.769 0 0.005
0.454 0.791 0 0.005
0.454 0.833 0 0.005
0.455 0.051 0 0.005
0.455 0.469 0 0.005
0.455 0.512 0 0.005
0.455 0.729 0 0.005
0.455 0.882 0 0.005
0.455 0.9967708333333334 0 0.005
0.456 0.224 0 0.005
0.456 0.286 0 0.005
0.456 0.593 0 0.005
0.456 0.635 0 0.005
0.456 0.645 0 0.005
0.456 0.713 0 0.005
0.456 0.895 0 0.005
0.456 0.988 0 0.005
0.457 0.08 0 0.005
0.458 0.319 0 0.005
0.458 0.524 0 0.005
0.458 0.78 0 0.005
0.458 0.816 0 0.005
0.459 0.154 0 0.005
0.459 0.307 0 0.005
0.459 0.395 0 0.005
0.459 0.621 0 0.005
0.459 0.671 0 0.005
0.459 0.683 0 0.005
0.46 0.105 0 0.005
0.461 0.339 0 0.005
0.461 0.941 0 0.005
0.462 0.137 0 0.005
0.462 0.743 0 0.005
0.463 0.278 0 0.005
0.463 0.417 0 0.005
0.463 0.876 0 0.005
0.464 0.092 0 0.005
0.464 0.124 0 0.005
0.464 0.165 0 0.005
0.464 0.201 0 0.005
0.464 0.296 0 0.005
0.464 0.537 0 0.005
0.464 0.554 0 0.005
0.464 0.755 0 0.005
0.464 0.767 0 0.005
0.465 0.041 0 0.005
0.465 0.114 0 0.005
0.465 0.375 0 0.005
0.465 0.65 0 0.005
0.465 0.915 0 0.005
0.466 0.451 0 0.005
0.466 0.73 0 0.005
0.466 0.793 0 0.005
0.468 0.061 0 0.005
0.468 0.264 0 0.005
0.468 0.601 0 0.005
0.468 0.971 0 0.005
0.469 0.024 0 0.005
0.469 0.24 0 0.005
0.469 0.332 0 0.005
0.469 0.395 0 0.005
0.469 0.437 0 0.005
0.469 0.484 0 0.005
0.469 0.571 0 0.005
0.469 0.842 0 0.005
0.469 0.868 0 0.005
0.47 0.014 0 0.005
0.47 0.311 0 0.005
0.47 0.885 0 0.005
0.469 0.0 0 0.005
0.471 0.425 0 0.005
0.471 0.585 0 0.005
0.471 0.66 0 0.005
0.471 0.71 0 0.005
0.471 0.779 0 0.005
0.471 0.99 0 0.005
0.472 0.157 0 0.005
0.472 0.322 0 0.005
0.472 0.68 0 0.005
0.473 0.073 0 0.005
0.473 0.179 0 0.005
0.473 0.406 0 0.005
0.473 0.519 0 0.005
0.473 0.618 0 0.005
0.473 0.631 0 0.005
0.473 0.926 0 0.005
0.474 0.137 0 0.005
0.475 0.302 0 0.005
0.475 0.347 0 0.005
0.475 0.532 0 0.005
0.475 0.98 0 0.005
0.476 0.229 0 0.005
0.476 0.83 0 0.005
0.476 0.852 0 0.005
0.476 0.913 0 0.005
0.477 0.038 0 0.005
0.477 0.147 0 0.005
0.477 0.276 0 0.005
0.477 0.376 0 0.005
0.477 0.446 0 0.005
0.477 0.949 0 0.005
0.478 0.257 0 0.005
0.478 0.507 0 0.005
0.478 0.544 0 0.005
0.479 0.104 0 0.005
0.479 0.488 0 0.005
0.479 0.963 0 0.005
0.48 0.165 0 0.005
0.48 0.24 0 0.005
0.48 0.365 0 0.005
0.48 0.643 0 0.005
0.48 0.901 0 0.005
0.48 0.996280701754386 0 0.005
0.481 0.057 0 0.005
0.481 0.334 0 0.005
0.481 0.415 0 0.005
0.481 0.883 0 0.005
0.482 0.0008095238095238096 0 0.005
0.482 0.838 0 0.005
0.483 0.081 0 0.005
0.483 0.091 0 0.005
0.483 0.184 0 0.005
0.483 0.403 0 0.005
0.483 0.46 0 0.005
0.483 0.711 0 0.005
0.483 0.734 0 0.005
0.484 0.205 0 0.005
0.484 0.809 0 0.005
0.485 0.474 0 0.005
0.485 0.614 0 0.005
0.485 0.662 0 0.005
0.485 0.675 0 0.005
0.485 0.698 0 0.005
0.486 0.635 0 0.005
0.486 0.793 0 0.005
0.487 0.154 0 0.005
0.487 0.559 0 0.005
0.487 0.592 0 0.005
0.487 0.957 0 0.005
0.488 0.376 0 0.005
0.488 0.822 0 0.005
0.488 0.892 0 0.005
0.489 0.222 0 0.005
0.489 0.917 0 0.005
0.49 0.042 0 0.005
0.49 0.073 0 0.005
0.49 0.536 0 0.005
0.49 0.547 0 0.005
0.49 0.719 0 0.005
0.49 0.757 0 0.005
0.49 0.844 0 0.005
0.491 0.111 0 0.005
0.491 0.291 0 0.005
0.491 0.413 0 0.005
0.491 0.928 0 0.005
0.491 0.968 0 0.005
0.492 0.259 0 0.005
0.492 0.312 0 0.005
0.492 0.343 0 0.005
0.492 0.879 0 0.005
0.493 0.462 0 0.005
0.493 0.705 0 0.005
0.493 0.988 0 0.005
0.494 0.386 0 0.005
0.494 0.619 0 0.005
0.495 0.162 0 0.005
0.495 0.609 0 0.005
0.496 0.18 0 0.005
0.496 0.328 0 0.005
0.496 0.368 0 0.005
0.496 0.439 0 0.005
0.496 0.496 0 0.005
0.496 0.749 0 0.005
0.496 0.778 0 0.005
0.497 0.239 0 0.005
0.497 0.9972564102564103 0 0.005
0.498 0.017 0 0.005
0.498 0.096 0 0.005
0.498 0.354 0 0.005
0.498 0.405 0 0.005
0.498 0.579 0 0.005
0.499 0.515 0 0.005
0.499 0.555 0 0.005
0.499 0.598 0 0.005
0.499 0.631 0 0.005
0.499 0.675 0 0.005
0.499 0.691 0 0.005
0.499 0.8 0 0.005
0.499 0.854 0 0.005
0.5 0.061 0 0.005
0.5 0.194 0 0.005
0.5 0.204 0 0.005
0.5 0.268 0 0.005
0.5 0.565 0 0.005
0.5 0.87 0 0.005
0.501 0.229 0 0.005
0.501 0.818 0 0.005
0.501 0.831 0 0.005
0.502 0.149 0 0.005
0.502 0.417 0 0.005
0.502 0.663 0 0.005
0.502 0.921 0 0.005
0.502 0.978 0 0.005
0.503 0.032 0 0.005
0.503 0.045 0 0.005
0.503 0.646 0 0.005
0.504 0.112 0 0.005
0.505 0.312 0 0.005
0.505 0.475 0 0.005
0.505 0.539 0 0.005
0.505 0.701 0 0.005
0.505 0.761 0 0.005
0.505 0.956 0 0.005
0.506 0.082 0 0.005
0.506 0.302 0 0.005
0.506 0.453 0 0.005
0.506 0.967 0 0.005
0.507 0.9972564102564103 0 0.005
0.508 0.016 0 0.005
0.508 0.211 0 0.005
0.508 0.275 0 0.005
0.508 0.389 0 0.005
0.508 0.399 0 0.005
0.508 0.463 0 0.005
0.508 0.497 0 0.005
0.508 0.591 0 0.005
0.508 0.623 0 0.005
0.508 0.862 0 0.005
0.509 0.099 0 0.005
0.509 0.165 0 0.005
0.509 0.339 0 0.005
0.509 0.367 0 0.005
0.509 0.432 0 0.005
0.509 0.635 0 0.005
0.509 0.908 0 0.005
0.51 0.249 0 0.005
0.51 0.671 0 0.005
0.51 0.888 0 0.005
0.511 0.849 0 0.005
0.512 0.573 0 0.005
0.513 0.005 0 0.005
0.513 0.182 0 0.005
0.513 0.35 0 0.005
0.513 0.483 0 0.005
0.513 0.53 0 0.005
0.513 0.601 0 0.005
0.513 0.656 0 0.005
0.513 0.709 0 0.005
0.513 0.724 0 0.005
0.513 0.75 0 0.005
0.513 0.771 0 0.005
0.514 0.549 0 0.005
0.514 0.825 0 0.005
0.515 0.075 0 0.005
0.515 0.234 0 0.005
0.515 0.685 0 0.005
0.516 0.033 0 0.005
0.516 0.283 0 0.005
0.516 0.303 0 0.005
0.516 0.584 0 0.005
0.516 0.987 0 0.005
0.517 0.202 0 0.005
0.517 0.503 0 0.005
0.517 0.737 0 0.005
0.518 0.105 0 0.005
0.518 0.761 0 0.005
0.519 0.221 0 0.005
0.519 0.381 0 0.005
0.519 0.699 0 0.005
0.52 0.017 0 0.005
0.52 0.393 0 0.005
0.52 0.458 0 0.005
0.52 0.862 0 0.005
0.521 0.045 0 0.005
0.521 0.063 0 0.005
0.521 0.609 0 0.005
0.521 0.635 0 0.005
0.522 0.119 0 0.005
0.522 0.27 0 0.005
0.522 0.319 0 0.005
0.522 0.358 0 0.005
0.522 0.801 0 0.005
0.523 0.667 0 0.005
0.524 0.129 0 0.005
0.524 0.189 0 0.005
0.524 0.49 0 0.005
0.524 0.782 0 0.005
0.524 0.89 0 0.005
0.525 0.159 0 0.005
0.525 0.522 0 0.005
0.525 0.598 0 0.005
0.525 0.714 0 0.005
0.525 0.904 0 0.005
0.525 0.943 0 0.005
0.526 0.027 0 0.005
0.526 0.245 0 0.005
0.526 0.755 0 0.005
0.526 0.924 0 0.005
0.527 0.202 0 0.005
0.527 0.426 0 0.005
0.527 0.565 0 0.005
0.528 0.037 0 0.005
0.528 0.213 0 0.005
0.528 0.285 0 0.005
0.528 0.536 0 0.005
0.528 0.985 0 0.005
0.529 0.008 0 0.005
0.529 0.077 0 0.005
0.529 0.18 0 0.005
0.529 0.226 0 0.005
0.529 0.302 0 0.005
0.529 0.466 0 0.005
0.529 0.696 0 0.005
0.529 0.9977333333333334 0 0.005
0.53 0.333 0 0.005
0.53 0.384 0 0.005
0.53 0.647 0 0.005
0.53 0.811 0 0.005
0.53 0.876 0 0.005
0.531 0.374 0 0.005
0.531 0.738 0 0.005
0.531 0.822 0 0.005
0.531 0.855 0 0.005
0.531 0.963 0 0.005
0.532 0.413 0 0.005
0.533 0.623 0 0.005
0.533 0.66 0 0.005
0.533 0.678 0 0.005
0.534 0.344 0 0.005
0.534 0.548 0 0.005
0.534 0.799 0 0.005
0.535 0.437 0 0.005
0.535 0.455 0 0.005
0.535 0.785 0 0.005
0.535 0.839 0 0.005
0.535 0.946 0 0.005
0.534 0.0 0 0.005
0.536 0.102 0 0.005
0.536 0.155 0 0.005
0.536 0.291 0 0.005
0.536 0.637 0 0.005
0.537 0.249 0 0.005
0.537 0.397 0 0.005
0.537 0.473 0 0.005
0.538 0.141 0 0.005
0.538 0.268 0 0.005
0.538 0.558 0 0.005
0.538 0.585 0 0.005
0.538 0.611 0 0.005
0.538 0.714 0 0.005
0.538 0.914 0 0.005
0.538 0.926 0 0.005
0.538 0.984 0 0.005
0.539 0.021 0 0.005
0.539 0.169 0 0.005
0.539 0.573 0 0.005
0.539 0.702 0 0.005
0.539 0.764 0 0.005
0.539 0.863 0 0.005
0.539 0.893 0 0.005
0.54 0.214 0 0.005
0.54 0.313 0 0.005
0.54 0.332 0 0.005
0.54 0.829 0 0.005
0.541 0.048 0 0.005
0.542 0.092 0 0.005
0.542 0.725 0 0.005
0.542 0.818 0 0.005
0.543 0.07 0 0.005
0.543 0.408 0 0.005
0.543 0.516 0 0.005
0.543 0.543 0 0.005
0.544 0.058 0 0.005
0.544 0.445 0 0.005
0.544 0.492 0 0.005
0.544 0.528 0 0.005
0.544 0.778 0 0.005
0.544 0.937 0 0.005
0.545 0.03 0 0.005
0.545 0.124 0 0.005
0.545 0.745 0 0.005
0.545 0.789 0 0.005
0.546 0.369 0 0.005
0.546 0.503 0 0.005
0.546 0.993 0 0.005
0.547 0.3 0 0.005
0.547 0.48 0 0.005
0.548 0.359 0 0.005
0.548 0.398 0 0.005
0.548 0.47 0 0.005
0.548 0.8 0 0.005
0.549 0.926 0 0.005
0.55 0.008 0 0.005
0.55 0.329 0 0.005
0.55 0.38 0 0.005
0.55 0.62 0 0.005
0.55 0.874 0 0.005
0.551 0.195 0 0.005
0.551 0.207 0 0.005
0.551 0.289 0 0.005
0.551 0.455 0 0.005
0.551 0.589 0 0.005
0.551 0.669 0 0.005
0.551 0.691 0 0.005
0.551 0.758 0 0.005
0.551 0.956 0 0.005
0.552 0.313 0 0.005
0.552 0.644 0 0.005
0.552 0.814 0 0.005
0.552 0.848 0 0.005
0.552 0.0004166666666666667 0 0.005
0.553 0.092 0 0.005
0.553 0.177 0 0.005
0.553 0.217 0 0.005
0.553 0.25 0 0.005
0.553 0.708 0 0.005
0.553 0.728 0 0.005
0.553 0.858 0 0.005
0.553 0.908 0 0.005
0.554 0.111 0 0.005
0.554 0.563 0 0.005
0.554 0.656 0 0.005
0.554 0.984 0 0.005
0.555 0.239 0 0.005
0.555 0.26 0 0.005
0.555 0.551 0 0.005
0.555 0.608 0 0.005
0.555 0.9977333333333334 0 0.005
0.556 0.39 0 0.005
0.556 0.51 0 0.005
0.556 0.533 0 0.005
0.556 0.834 0 0.005
0.557 0.573 0 0.005
0.558 0.134 0 0.005
0.558 0.401 0 0.005
0.558 0.699 0 0.005
0.558 0.79 0 0.005
0.559 0.146 0 0.005
0.559 0.427 0 0.005
0.559 0.764 0 0.005
0.559 0.969 0 0.005
0.56 0.158 0 0.005
0.56 0.227 0 0.005
0.56 0.339 0 0.005
0.56 0.927 0 0.005
0.561 0.049 0 0.005
0.561 0.077 0 0.005
0.561 0.121 0 0.005
0.561 0.416 0 0.005
0.561 0.499 0 0.005
0.561 0.947 0 0.005
0.562 0.063 0 0.005
0.562 0.105 0 0.005
0.562 0.172 0 0.005
0.562 0.193 0 0.005
0.562 0.272 0 0.005
0.562 0.31 0 0.005
0.562 0.64 0 0.005
0.562 0.81 0 0.005
0.562 0.891 0 0.005
0.563 0.089 0 0.005
0.563 0.203 0 0.005
0.563 0.292 0 0.005
0.563 0.799 0 0.005
0.564 0.215 0 0.005
0.564 0.62 0 0.005
0.565 0.351 0 0.005
0.565 0.47 0 0.005
0.565 0.586 0 0.005
0.566 0.03 0 0.005
0.566 0.386 0 0.005
0.566 0.482 0 0.005
0.566 0.536 0 0.005
0.566 0.672 0 0.005
0.566 0.714 0 0.005
0.566 0.729 0 0.005
0.566 0.908 0 0.005
0.567 0.704 0 0.005
0.567 0.98 0 0.005
0.568 0.568 0 0.005
0.568 0.786 0 0.005
0.569 0.149 0 0.005
0.569 0.376 0 0.005
0.569 0.692 0 0.005
0.569 0.758 0 0.005
0.569 0.774 0 0.005
0.569 0.832 0 0.005
0.569 0.955 0 0.005
0.569 0.967 0 0.005
0.57 0.0008095238095238096 0 0.005
0.57 0.446 0 0.005
0.57 0.816 0 0.005
0.57 0.862 0 0.005
0.571 0.122 0 0.005
0.571 0.252 0 0.005
0.571 0.365 0 0.005
0.571 0.52 0 0.005
0.572 0.664 0 0.005
0.573 0.009 0 0.005
0.573 0.112 0 0.005
0.573 0.165 0 0.005
0.573 0.9977333333333334 0 0.005
0.574 0.021 0 0.005
0.574 0.489 0 0.005
0.574 0.578 0 0.005
0.574 0.624 0 0.005
0.574 0.876 0 0.005
0.574 0.897 0 0.005
0.574 0.941 0 0.005
0.575 0.083 0 0.005
0.575 0.396 0 0.005
0.575 0.46 0 0.005
0.575 0.649 0 0.005
0.576 0.282 0 0.005
0.576 0.316 0 0.005
0.576 0.553 0 0.005
0.576 0.61 0 0.005
0.577 0.193 0 0.005
0.577 0.42 0 0.005
0.577 0.508 0 0.005
0.577 0.594 0 0.005
0.577 0.674 0 0.005
0.577 0.909 0 0.005
0.578 0.357 0 0.005
0.578 0.564 0 0.005
0.578 0.926 0 0.005
0.579 0.137 0 0.005
0.579 0.213 0 0.005
0.579 0.224 0 0.005
0.579 0.24 0 0.005
0.579 0.3 0 0.005
0.579 0.526 0 0.005
0.579 0.746 0 0.005
0.58 0.991 0 0.005
0.581 0.253 0 0.005
0.581 0.712 0 0.005
0.582 0.027 0 0.005
0.582 0.335 0 0.005
0.582 0.404 0 0.005
0.582 0.661 0 0.005
0.582 0.807 0 0.005
0.582 0.856 0 0.005
0.582 0.956 0 0.005
0.582 0.975 0 0.005
0.583 0.384 0 0.005
0.583 0.476 0 0.005
0.583 0.781 0 0.005
0.583 0.84 0 0.005
0.584 0.049 0 0.005
0.584 0.091 0 0.005
0.584 0.104 0 0.005
0.584 0.442 0 0.005
0.584 0.624 0 0.005
0.584 0.727 0 0.005
0.585 0.37 0 0.005
0.586 0.903 0 0.005
0.587 0.063 0 0.005
0.587 0.58 0 0.005
0.587 0.645 0 0.005
0.587 0.934 0 0.005
0.588 0.426 0 0.005
0.588 0.485 0 0.005
0.588 0.698 0 0.005
0.588 0.816 0 0.005
0.588 0.866 0 0.005
0.589 0.15 0 0.005
0.589 0.184 0 0.005
0.589 0.202 0 0.005
0.589 0.219 0 0.005
0.589 0.546 0 0.005
0.589 0.74 0 0.005
0.589 0.773 0 0.005
0.589 0.794 0 0.005
0.589 0.923 0 0.005
0.59 0.167 0 0.005
0.59 0.411 0 0.005
0.59 0.532 0 0.005
0.59 0.884 0 0.005
0.59 0.9967708333333334 0 0.005
0.591 0.129 0 0.005
0.591 0.267 0 0.005
0.591 0.292 0 0.005
0.591 0.353 0 0.005
0.591 0.514 0 0.005
0.592 0.309 0 0.005
0.592 0.392 0 0.005
0.592 0.466 0 0.005
0.592 0.611 0 0.005
0.593 0.025 0 0.005
0.593 0.037 0 0.005
0.593 0.241 0 0.005
0.593 0.498 0 0.005
0.593 0.66 0 0.005
0.593 0.837 0 0.005
0.594 0.013 0 0.005
0.594 0.562 0 0.005
0.594 0.572 0 0.005
0.594 0.597 0 0.005
0.594 0.948 0 0.005
0.595 0.439 0 0.005
0.595 0.76 0 0.005
0.596 0.084 0 0.005
0.596 0.32 0 0.005
0.596 0.344 0 0.005
0.596 0.382 0 0.005
0.596 0.904 0 0.005
0.596 0.968 0 0.005
0.597 0.065 0 0.005
0.597 0.139 0 0.005
0.597 0.256 0 0.005
0.597 0.677 0 0.005
0.597 0.802 0 0.005
0.598 0.116 0 0.005
0.598 0.156 0 0.005
0.598 0.401 0 0.005
0.599 0.423 0 0.005
0.599 0.456 0 0.005
0.599 0.714 0 0.005
0.599 0.87 0 0.005
0.6 0.372 0 0.005
0.6 0.547 0 0.005
0.6 0.74 0 0.005
0.6 0.881 0 0.005
0.601 0.778 0 0.005
0.601 0.923 0 0.005
0.602 0.093 0 0.005
0.602 0.217 0 0.005
0.602 0.236 0 0.005
0.602 0.789 0 0.005
0.603 0.185 0 0.005
0.603 0.644 0 0.005
0.603 0.9967708333333334 0 0.005
0.604 0.444 0 0.005
0.604 0.766 0 0.005
0.604 0.912 0 0.005
0.605 0.206 0 0.005
0.605 0.284 0 0.005
0.605 0.33 0 0.005
0.605 0.481 0 0.005
0.605 0.506 0 0.005
0.605 0.527 0 0.005
0.605 0.664 0 0.005
0.605 0.819 0 0.005
0.605 0.861 0 0.005
0.605 0.944 0 0.005
0.606 0.071 0 0.005
0.606 0.601 0 0.005
0.606 0.7 0 0.005
0.606 0.0004166666666666667 0 0.005
0.607 0.028 0 0.005
0.607 0.266 0 0.005
0.607 0.957 0 0.005
0.607 0.972 0 0.005
0.608 0.103 0 0.005
0.608 0.313 0 0.005
0.608 0.581 0 0.005
0.609 0.009 0 0.005
0.609 0.295 0 0.005
0.609 0.377 0 0.005
0.609 0.54 0 0.005
0.609 0.63 0 0.005
0.609 0.745 0 0.005
0.61 0.039 0 0.005
0.61 0.137 0 0.005
0.61 0.35 0 0.005
0.61 0.551 0 0.005
0.611 0.148 0 0.005
0.611 0.406 0 0.005
0.611 0.838 0 0.005
0.611 0.897 0 0.005
0.612 0.05 0 0.005
0.612 0.127 0 0.005
0.612 0.388 0 0.005
0.612 0.496 0 0.005
0.613 0.813 0 0.005
0.613 0.924 0 0.005
0.614 0.163 0 0.005
0.614 0.231 0 0.005
0.614 0.367 0 0.005
0.614 0.469 0 0.005
0.614 0.52 0 0.005
0.615 0.063 0 0.005
0.615 0.643 0 0.005
0.616 0.086 0 0.005
0.616 0.595 0 0.005
0.616 0.727 0 0.005
0.616 0.77 0 0.005
0.616 0.9981904761904762 0 0.005
0.617 0.198 0 0.005
0.617 0.79 0 0.005
0.617 0.86 0 0.005
0.617 0.886 0 0.005
0.617 0.941 0 0.005
0.618 0.182 0 0.005
0.618 0.446 0 0.005
0.618 0.67 0 0.005
0.617 0.0 0 0.005
0.619 0.21 0 0.005
0.619 0.332 0 0.005
0.619 0.657 0 0.005
0.619 0.957 0 0.005
0.62 0.044 0 0.005
0.62 0.258 0 0.005
0.62 0.412 0 0.005
0.62 0.54 0 0.005
0.62 0.754 0 0.005
0.62 0.805 0 0.005
0.621 0.113 0 0.005
0.621 0.565 0 0.005
0.621 0.912 0 0.005
0.622 0.145 0 0.005
0.622 0.526 0 0.005
0.622 0.613 0 0.005
0.622 0.624 0 0.005
0.623 0.011 0 0.005
0.623 0.029 0 0.005
0.623 0.226 0 0.005
0.623 0.719 0 0.005
0.623 0.898 0 0.005
0.624 0.313 0 0.005
0.624 0.737 0 0.005
0.625 0.101 0 0.005
0.625 0.271 0 0.005
0.625 0.298 0 0.005
0.625 0.647 0 0.005
0.625 0.693 0 0.005
0.625 0.995 0 0.005
0.626 0.126 0 0.005
0.626 0.398 0 0.005
0.626 0.457 0 0.005
0.626 0.844 0 0.005
0.626 0.874 0 0.005
0.626 0.924 0 0.005
0.627 0.068 0 0.005
0.627 0.363 0 0.005
0.627 0.55 0 0.005
0.627 0.599 0 0.005
0.627 0.764 0 0.005
0.627 0.825 0 0.005
0.627 0.969 0 0.005
0.628 0.373 0 0.005
0.628 0.487 0 0.005
0.628 0.943 0 0.005
0.629 0.168 0 0.005
0.629 0.201 0 0.005
0.629 0.237 0 0.005
0.629 0.427 0 0.005
0.629 0.673 0 0.005
0.63 0.139 0 0.005
0.63 0.189 0 0.005
0.63 0.33 0 0.005
0.63 0.444 0 0.005
0.63 0.577 0 0.005
0.63 0.884 0 0.005
0.631 0.047 0 0.005
0.631 0.212 0 0.005
0.631 0.287 0 0.005
0.631 0.619 0 0.005
0.631 0.706 0 0.005
0.631 0.798 0 0.005
0.632 0.077 0 0.005
0.633 0.222 0 0.005
0.633 0.353 0 0.005
0.633 0.511 0 0.005
0.633 0.787 0 0.005
0.634 0.037 0 0.005
0.634 0.25 0 0.005
0.634 0.861 0 0.005
0.635 0.392 0 0.005
0.635 0.417 0 0.005
0.635 0.637 0 0.005
0.636 0.058 0 0.005
0.636 0.102 0 0.005
0.636 0.127 0 0.005
0.636 0.276 0 0.005
0.636 0.379 0 0.005
0.636 0.689 0 0.005
0.636 0.951 0 0.005
0.637 0.026 0 0.005
0.637 0.091 0 0.005
0.637 0.117 0 0.005
0.637 0.467 0 0.005
0.637 0.659 0 0.005
0.637 0.824 0 0.005
0.637 0.873 0 0.005
0.638 0.145 0 0.005
0.638 0.181 0 0.005
0.638 0.308 0 0.005
0.638 0.322 0 0.005
0.638 0.899 0 0.005
0.638 0.989 0 0.005
0.639 0.006 0 0.005
0.639 0.24 0 0.005
0.639 0.528 0 0.005
0.639 0.626 0 0.005
0.639 0.719 0 0.005
0.639 0.753 0 0.005
0.639 0.973 0 0.005
0.64 0.548 0 0.005
0.64 0.598 0 0.005
0.64 0.764 0 0.005
0.641 0.23 0 0.005
0.641 0.401 0 0.005
0.641 0.445 0 0.005
0.641 0.517 0 0.005
0.641 0.835 0 0.005
0.642 0.079 0 0.005
0.642 0.741 0 0.005
0.643 0.158 0 0.005
0.643 0.458 0 0.005
0.643 0.584 0 0.005
0.643 0.805 0 0.005
0.643 0.908 0 0.005
0.644 0.269 0 0.005
0.644 0.342 0 0.005
0.644 0.435 0 0.005
0.645 0.044 0 0.005
0.645 0.362 0 0.005
0.645 0.421 0 0.005
0.645 0.499 0 0.005
0.645 0.701 0 0.005
0.646 0.295 0 0.005
0.646 0.557 0 0.005
0.646 0.9956875 0 0.005
0.647 0.14 0 0.005
0.647 0.215 0 0.005
0.648 0.175 0 0.005
0.648 0.571 0 0.005
0.648 0.61 0 0.005
0.648 0.771 0 0.005
0.648 0.787 0 0.005
0.648 0.819 0 0.005
0.648 0.956 0 0.005
0.648 0.968 0 0.005
0.649 0.899 0 0.005
0.649 0.919 0 0.005
0.651 0.088 0 0.005
0.651 0.246 0 0.005
0.651 0.378 0 0.005
0.651 0.511 0 0.005
0.651 0.536 0 0.005
0.652 0.017 0 0.005
0.652 0.412 0 0.005
0.652 0.692 0 0.005
0.652 0.987 0 0.005
0.653 0.715 0 0.005
0.653 0.728 0 0.005
0.654 0.195 0 0.005
0.654 0.235 0 0.005
0.655 0.002719298245614035 0 0.005
0.655 0.127 0 0.005
0.655 0.303 0 0.005
0.655 0.801 0 0.005
0.656 0.053 0 0.005
0.656 0.064 0 0.005
0.656 0.078 0 0.005
0.656 0.262 0 0.005
0.656 0.616 0 0.005
0.656 0.64 0 0.005
0.656 0.753 0 0.005
0.656 0.781 0 0.005
0.657 0.628 0 0.005
0.658 0.113 0 0.005
0.658 0.138 0 0.005
0.658 0.313 0 0.005
0.658 0.498 0 0.005
0.658 0.767 0 0.005
0.658 0.838 0 0.005
0.658 0.944 0 0.005
0.659 0.03 0 0.005
0.659 0.574 0 0.005
0.659 0.66 0 0.005
0.659 0.817 0 0.005
0.659 0.895 0 0.005
0.659 0.922 0 0.005
0.66 0.154 0 0.005
0.66 0.457 0 0.005
0.661 0.243 0 0.005
0.661 0.432 0 0.005
0.662 0.164 0 0.005
0.662 0.282 0 0.005
0.663 0.341 0 0.005
0.663 0.877 0 0.005
0.661 0.999 0 0.005
0.664 0.409 0 0.005
0.664 0.421 0 0.005
0.664 0.59 0 0.005
0.664 0.962 0 0.005
0.665 0.178 0 0.005
0.665 0.328 0 0.005
0.665 0.389 0 0.005
0.665 0.514 0 0.005
0.665 0.525 0 0.005
0.665 0.788 0 0.005
0.665 0.856 0 0.005
0.665 0.907 0 0.005
0.666 0.227 0 0.005
0.666 0.36 0 0.005
0.666 0.489 0 0.005
0.666 0.562 0 0.005
0.666 0.696 0 0.005
0.666 0.867 0 0.005
0.667 0.257 0 0.005
0.667 0.297 0 0.005
0.667 0.759 0 0.005
0.667 0.773 0 0.005
0.668 0.002719298245614035 0 0.005
0.668 0.06 0 0.005
0.668 0.189 0 0.005
0.668 0.212 0 0.005
0.668 0.474 0 0.005
0.668 0.973 0 0.005
0.669 0.021 0 0.005
0.669 0.638 0 0.005
0.669 0.681 0 0.005
0.67 0.033 0 0.005
0.67 0.085 0 0.005
0.67 0.607 0 0.005
0.671 0.461 0 0.005
0.671 0.74 0 0.005
0.671 0.81 0 0.005
0.671 0.837 0 0.005
0.671 0.893 0 0.005
0.671 0.947 0 0.005
0.672 0.126 0 0.005
0.672 0.266 0 0.005
0.672 0.547 0 0.005
0.672 0.584 0 0.005
0.672 0.924 0 0.005
0.673 0.139 0 0.005
0.673 0.305 0 0.005
0.673 0.348 0 0.005
0.673 0.498 0 0.005
0.673 0.621 0 0.005
0.673 0.722 0 0.005
0.673 0.988 0 0.005
0.674 0.069 0 0.005
0.674 0.402 0 0.005
0.674 0.441 0 0.005
0.675 0.378 0 0.005
0.675 0.665 0 0.005
0.675 0.783 0 0.005
0.676 0.162 0 0.005
0.676 0.223 0 0.005
0.676 0.534 0 0.005
0.676 0.655 0 0.005
0.677 0.277 0 0.005
0.677 0.365 0 0.005
0.677 0.598 0 0.005
0.677 0.769 0 0.005
0.677 0.904 0 0.005
0.678 0.101 0 0.005
0.678 0.314 0 0.005
0.678 0.328 0 0.005
0.679 0.29 0 0.005
0.679 0.393 0 0.005
0.679 0.431 0 0.005
0.679 0.508 0 0.005
0.679 0.573 0 0.005
0.679 0.693 0 0.005
0.679 0.711 0 0.005
0.679 0.844 0 0.005
0.679 0.854 0 0.005
0.679 0.979 0 0.005
0.68 0.032 0 0.005
0.68 0.931 0 0.005
0.681 0.057 0 0.005
0.681 0.68 0 0.005
0.682 0.214 0 0.005
0.682 0.234 0 0.005
0.682 0.449 0 0.005
0.682 0.586 0 0.005
0.682 0.962 0 0.005
0.683 0.002719298245614035 0 0.005
0.683 0.116 0 0.005
0.683 0.182 0 0.005
0.683 0.193 0 0.005
0.683 0.249 0 0.005
0.683 0.76 0 0.005
0.683 0.893 0 0.005
0.684 0.018 0 0.005
0.684 0.043 0 0.005
0.684 0.636 0 0.005
0.684 0.744 0 0.005
0.684 0.82 0 0.005
0.685 0.087 0 0.005
0.685 0.145 0 0.005
0.685 0.358 0 0.005
0.685 0.702 0 0.005
0.685 0.876 0 0.005
0.686 0.299 0 0.005
0.686 0.383 0 0.005
0.686 0.662 0 0.005
0.687 0.597 0 0.005
0.687 0.953 0 0.005
0.688 0.472 0 0.005
0.688 0.483 0 0.005
0.688 0.795 0 0.005
0.688 0.916 0 0.005
0.689 0.847 0 0.005
0.689 0.979 0 0.005
0.689 0.9972564102564103 0 0.005
0.69 0.325 0 0.005
0.69 0.575 0 0.005
0.69 0.858 0 0.005
0.691 0.029 0 0.005
0.691 0.532 0 0.005
0.691 0.617 0 0.005
0.691 0.811 0 0.005
0.692 0.074 0 0.005
0.692 0.337 0 0.005
0.692 0.366 0 0.005
0.692 0.416 0 0.005
0.692 0.452 0 0.005
0.692 0.683 0 0.005
0.692 0.886 0 0.005
0.693 0.235 0 0.005
0.693 0.519 0 0.005
0.693 0.708 0 0.005
0.693 0.759 0 0.005
0.694 0.645 0 0.005
0.694 0.742 0 0.005
0.694 0.777 0 0.005
0.695 0.013 0 0.005
0.695 0.108 0 0.005
0.695 0.183 0 0.005
0.695 0.256 0 0.005
0.695 0.497 0 0.005
0.695 0.607 0 0.005
0.696 0.384 0 0.005
0.696 0.631 0 0.005
0.696 0.962 0 0.005
0.697 0.149 0 0.005
0.697 0.211 0 0.005
0.697 0.35 0 0.005
0.697 0.542 0 0.005
0.697 0.789 0 0.005
0.697 0.95 0 0.005
0.698 0.048 0 0.005
0.698 0.12 0 0.005
0.698 0.314 0 0.005
0.698 0.991 0 0.005
0.699 0.162 0 0.005
0.699 0.288 0 0.005
0.699 0.59 0 0.005
0.7 0.096 0 0.005
0.7 0.731 0 0.005
0.701 0.002719298245614035 0 0.005
0.701 0.393 0 0.005
0.701 0.458 0 0.005
0.701 0.814 0 0.005
0.701 0.872 0 0.005
0.702 0.22 0 0.005
0.702 0.427 0 0.005
0.702 0.675 0 0.005
0.702 0.848 0 0.005
0.703 0.323 0 0.005
0.703 0.516 0 0.005
0.703 0.621 0 0.005
0.703 0.695 0 0.005
0.703 0.882 0 0.005
0.703 0.901 0 0.005
0.704 0.039 0 0.005
0.704 0.194 0 0.005
0.704 0.299 0 0.005
0.704 0.482 0 0.005
0.705 0.019 0 0.005
0.705 0.375 0 0.005
0.705 0.408 0 0.005
0.705 0.468 0 0.005
0.705 0.5 0 0.005
0.705 0.918 0 0.005
0.706 0.253 0 0.005
0.706 0.356 0 0.005
0.706 0.527 0 0.005
0.706 0.635 0 0.005
0.706 0.658 0 0.005
0.706 0.837 0 0.005
0.706 0.929 0 0.005
0.706 0.96 0 0.005
0.707 0.054 0 0.005
0.707 0.136 0 0.005
0.708 0.068 0 0.005
0.708 0.114 0 0.005
0.708 0.27 0 0.005
0.708 0.755 0 0.005
0.709 0.334 0 0.005
0.709 0.54 0 0.005
0.709 0.72 0 0.005
0.709 0.975 0 0.005
0.71 0.028 0 0.005
0.71 0.089 0 0.005
0.71 0.231 0 0.005
0.71 0.445 0 0.005
0.71 0.558 0 0.005
0.711 0.281 0 0.005
0.711 0.809 0 0.005
0.711 0.888 0 0.005
0.712 0.163 0 0.005
0.712 0.176 0 0.005
0.712 0.212 0 0.005
0.712 0.593 0 0.005
0.712 0.626 0 0.005
0.712 0.708 0 0.005
0.712 0.776 0 0.005
0.713 0.128 0 0.005
0.713 0.309 0 0.005
0.713 0.462 0 0.005
0.713 0.516 0 0.005
0.713 0.57 0 0.005
0.713 0.679 0 0.005
0.713 0.946 0 0.005
0.714 0.007 0 0.005
0.714 0.044 0 0.005
0.714 0.819 0 0.005
0.715 0.15 0 0.005
0.715 0.321 0 0.005
0.715 0.5 0 0.005
0.716 0.103 0 0.005
0.716 0.429 0 0.005
0.716 0.615 0 0.005
0.716 0.795 0 0.005
0.717 0.34 0 0.005
0.717 0.38 0 0.005
0.717 0.746 0 0.005
0.717 0.845 0 0.005
0.718 0.22 0 0.005
0.718 0.353 0 0.005
0.718 0.439 0 0.005
0.718 0.641 0 0.005
0.718 0.67 0 0.005
0.718 0.956 0 0.005
0.719 0.237 0 0.005
0.719 0.763 0 0.005
0.72 0.188 0 0.005
0.72 0.259 0 0.005
0.721 0.054 0 0.005
0.721 0.09 0 0.005
0.721 0.478 0 0.005
0.721 0.578 0 0.005
0.721 0.695 0 0.005
0.722 0.076 0 0.005
0.722 0.122 0 0.005
0.722 0.247 0 0.005
0.722 0.397 0 0.005
0.722 0.42 0 0.005
0.723 0.066 0 0.005
0.723 0.198 0 0.005
0.723 0.299 0 0.005
0.723 0.549 0 0.005
0.723 0.657 0 0.005
0.724 0.034 0 0.005
0.724 0.167 0 0.005
0.724 0.588 0 0.005
0.724 0.707 0 0.005
0.724 0.876 0 0.005
0.724 0.912 0 0.005
0.724 0.948 0 0.005
0.725 0.802 0 0.005
0.726 0.137 0 0.005
0.726 0.373 0 0.005
0.726 0.895 0 0.005
0.727 0.277 0 0.005
0.727 0.77 0 0.005
0.727 0.972 0 0.005
0.728 0.024 0 0.005
0.728 0.156 0 0.005
0.728 0.213 0 0.005
0.728 0.323 0 0.005
0.728 0.41 0 0.005
0.728 0.464 0 0.005
0.728 0.829 0 0.005
0.728 0.839 0 0.005
0.729 0.235 0 0.005
0.729 0.346 0 0.005
0.729 0.436 0 0.005
0.729 0.449 0 0.005
0.729 0.86 0 0.005
0.729 0.927 0 0.005
0.73 0.223 0 0.005
0.73 0.49 0 0.005
0.73 0.9972564102564103 0 0.005
0.731 0.109 0 0.005
0.731 0.253 0 0.005
0.731 0.564 0 0.005
0.731 0.578 0 0.005
0.731 0.69 0 0.005
0.732 0.192 0 0.005
0.732 0.263 0 0.005
0.732 0.361 0 0.005
0.732 0.67 0 0.005
0.732 0.751 0 0.005
0.732 0.904 0 0.005
0.733 0.004 0 0.005
0.733 0.293 0 0.005
0.733 0.421 0 0.005
0.733 0.731 0 0.005
0.733 0.887 0 0.005
0.733 0.94 0 0.005
0.734 0.182 0 0.005
0.734 0.644 0 0.005
0.735 0.143 0 0.005
0.735 0.388 0 0.005
0.735 0.602 0 0.005
0.735 0.762 0 0.005
0.735 0.812 0 0.005
0.736 0.086 0 0.005
0.736 0.31 0 0.005
0.736 0.656 0 0.005
0.736 0.849 0 0.005
0.736 0.958 0 0.005
0.736 0.978 0 0.005
0.737 0.037 0 0.005
0.737 0.169 0 0.005
0.737 0.338 0 0.005
0.737 0.504 0 0.005
0.737 0.556 0 0.005
0.738 0.201 0 0.005
0.738 0.216 0 0.005
0.738 0.542 0 0.005
0.738 0.705 0 0.005
0.738 0.794 0 0.005
0.739 0.156 0 0.005
0.739 0.518 0 0.005
0.739 0.784 0 0.005
0.74 0.274 0 0.005
0.74 0.875 0 0.005
0.741 0.112 0 0.005
0.741 0.718 0 0.005
0.741 0.838 0 0.005
0.742 0.124 0 0.005
0.742 0.325 0 0.005
0.742 0.397 0 0.005
0.742 0.63 0 0.005
0.743 0.098 0 0.005
0.743 0.468 0 0.005
0.743 0.827 0 0.005
0.744 0.426 0 0.005
0.743 0.9985833333333334 0 0.005
0.745 0.181 0 0.005
0.745 0.377 0 0.005
0.745 0.454 0 0.005
0.745 0.575 0 0.005
0.745 0.611 0 0.005
0.745 0.863 0 0.005
0.745 0.884 0 0.005
0.745 0.937 0 0.005
0.746 0.228 0 0.005
0.746 0.263 0 0.005
0.746 0.488 0 0.005
0.746 0.658 0 0.005
0.746 0.743 0 0.005
0.747 0.694 0 0.005
0.747 0.759 0 0.005
0.748 0.144 0 0.005
0.748 0.211 0 0.005
0.748 0.348 0 0.005
0.748 0.387 0 0.005
0.748 0.414 0 0.005
0.748 0.684 0 0.005
0.748 0.77 0 0.005
0.748 0.801 0 0.005
0.749 0.075 0 0.005
0.749 0.191 0 0.005
0.749 0.601 0 0.005
0.749 0.646 0 0.005
0.749 0.972 0 0.005
0.75 0.015 0 0.005
0.75 0.03 0 0.005
0.75 0.926 0 0.005
0.751 0.053 0 0.005
0.751 0.316 0 0.005
0.751 0.521 0 0.005
0.751 0.583 0 0.005
0.752 0.277 0 0.005
0.752 0.293 0 0.005
0.752 0.36 0 0.005
0.753 0.0017435897435897436 0 0.005
0.753 0.505 0 0.005
0.754 0.087 0 0.005
0.754 0.171 0 0.005
0.754 0.553 0 0.005
0.754 0.83 0 0.005
0.754 0.947 0 0.005
0.755 0.104 0 0.005
0.755 0.221 0 0.005
0.755 0.707 0 0.005
0.755 0.734 0 0.005
0.755 0.78 0 0.005
0.755 0.873 0 0.005
0.755 0.937 0 0.005
0.756 0.123 0 0.005
0.756 0.152 0 0.005
0.756 0.246 0 0.005
0.756 0.918 0 0.005
0.757 0.063 0 0.005
0.758 0.045 0 0.005
0.758 0.9977333333333334 0 0.005
0.759 0.453 0 0.005
0.759 0.817 0 0.005
0.76 0.199 0 0.005
0.76 0.342 0 0.005
0.76 0.373 0 0.005
0.76 0.408 0 0.005
0.76 0.434 0 0.005
0.76 0.478 0 0.005
0.76 0.538 0 0.005
0.76 0.604 0 0.005
0.76 0.627 0 0.005
0.76 0.67 0 0.005
0.76 0.745 0 0.005
0.76 0.886 0 0.005
0.761 0.267 0 0.005
0.761 0.331 0 0.005
0.761 0.717 0 0.005
0.762 0.007 0 0.005
0.762 0.031 0 0.005
0.762 0.078 0 0.005
0.762 0.384 0 0.005
0.762 0.851 0 0.005
0.762 0.982 0 0.005
0.763 0.307 0 0.005
0.763 0.769 0 0.005
0.764 0.175 0 0.005
0.764 0.286 0 0.005
0.764 0.579 0 0.005
0.765 0.019 0 0.005
0.765 0.211 0 0.005
0.765 0.556 0 0.005
0.765 0.593 0 0.005
0.765 0.832 0 0.005
0.765 0.927 0 0.005
0.766 0.42 0 0.005
0.766 0.649 0 0.005
0.766 0.899 0 0.005
0.767 0.057 0 0.005
0.767 0.087 0 0.005
0.767 0.154 0 0.005
0.767 0.546 0 0.005
0.767 0.801 0 0.005
0.767 0.962 0 0.005
0.768 0.396 0 0.005
0.768 0.469 0 0.005
0.768 0.613 0 0.005
0.768 0.947 0 0.005
0.768 0.9981904761904762 0 0.005
0.769 0.141 0 0.005
0.769 0.166 0 0.005
0.769 0.489 0 0.005
0.77 0.372 0 0.005
0.77 0.448 0 0.005
0.77 0.937 0 0.005
0.771 0.1 0 0.005
0.771 0.12 0 0.005
0.771 0.194 0 0.005
0.771 0.222 0 0.005
0.772 0.011 0 0.005
0.772 0.243 0 0.005
0.772 0.516 0 0.005
0.772 0.786 0 0.005
0.772 0.865 0 0.005
0.773 0.11 0 0.005
0.773 0.232 0 0.005
0.773 0.624 0 0.005
0.773 0.693 0 0.005
0.773 0.733 0 0.005
0.773 0.776 0 0.005
0.774 0.065 0 0.005
0.774 0.079 0 0.005
0.774 0.254 0 0.005
0.774 0.305 0 0.005
0.774 0.362 0 0.005
0.774 0.458 0 0.005
0.774 0.528 0 0.005
0.774 0.812 0 0.005
0.774 0.882 0 0.005
0.775 0.272 0 0.005
0.775 0.383 0 0.005
0.775 0.766 0 0.005
0.776 0.032 0 0.005
0.776 0.601 0 0.005
0.776 0.706 0 0.005
0.776 0.981 0 0.005
0.777 0.131 0 0.005
0.777 0.338 0 0.005
0.777 0.43 0 0.005
0.777 0.497 0 0.005
0.778 0.317 0 0.005
0.778 0.559 0 0.005
0.778 0.825 0 0.005
0.779 0.289 0 0.005
0.779 0.721 0 0.005
0.779 0.845 0 0.005
0.779 0.945 0 0.005
0.78 0.395 0 0.005
0.78 0.447 0 0.005
0.78 0.584 0 0.005
0.78 0.798 0 0.005
0.781 0.413 0 0.005
0.781 0.632 0 0.005
0.781 0.891 0 0.005
0.782 0.002719298245614035 0 0.005
0.782 0.241 0 0.005
0.782 0.99 0 0.005
0.783 0.05 0 0.005
0.783 0.16 0 0.005
0.783 0.2 0 0.005
0.783 0.535 0 0.005
0.783 0.907 0 0.005
0.784 0.061 0 0.005
0.784 0.174 0 0.005
0.784 0.365 0 0.005
0.784 0.675 0 0.005
0.784 0.731 0 0.005
0.785 0.104 0 0.005
0.785 0.474 0 0.005
0.785 0.523 0 0.005
0.785 0.65 0 0.005
0.786 0.073 0 0.005
0.786 0.254 0 0.005
0.786 0.275 0 0.005
0.786 0.305 0 0.005
0.786 0.348 0 0.005
0.786 0.437 0 0.005
0.786 0.505 0 0.005
0.786 0.692 0 0.005
0.786 0.773 0 0.005
0.787 0.295 0 0.005
0.787 0.55 0 0.005
0.787 0.963 0 0.005
0.788 0.213 0 0.005
0.788 0.751 0 0.005
0.788 0.875 0 0.005
0.788 0.927 0 0.005
0.789 0.031 0 0.005
0.789 0.187 0 0.005
0.789 0.72 0 0.005
0.79 0.134 0 0.005
0.79 0.574 0 0.005
0.791 0.114 0 0.005
0.791 0.332 0 0.005
0.791 0.491 0 0.005
0.791 0.862 0 0.005
0.791 0.945 0 0.005
0.792 0.096 0 0.005
0.792 0.23 0 0.005
0.792 0.838 0 0.005
0.792 0.849 0 0.005
0.793 0.198 0 0.005
0.793 0.415 0 0.005
0.794 0.446 0 0.005
0.794 0.542 0 0.005
0.794 0.779 0 0.005
0.794 0.792 0 0.005
0.795 0.054 0 0.005
0.795 0.064 0 0.005
0.795 0.381 0 0.005
0.795 0.663 0 0.005
0.795 0.709 0 0.005
0.795 0.982 0 0.005
0.796 0.397 0 0.005
0.796 0.646 0 0.005
0.796 0.688 0 0.005
0.796 0.896 0 0.005
0.797 0.124 0 0.005
0.797 0.288 0 0.005
0.797 0.911 0 0.005
0.797 0.9967708333333334 0 0.005
0.798 0.014 0 0.005
0.798 0.106 0 0.005
0.798 0.153 0 0.005
0.798 0.813 0 0.005
0.798 0.971 0 0.005
0.799 0.271 0 0.005
0.799 0.356 0 0.005
0.799 0.513 0 0.005
0.799 0.737 0 0.005
0.8 0.182 0 0.005
0.8 0.585 0 0.005
0.801 0.026 0 0.005
0.801 0.236 0 0.005
0.801 0.427 0 0.005
0.801 0.825 0 0.005
0.801 0.887 0 0.005
0.801 0.924 0 0.005
0.801 0.959 0 0.005
0.802 0.0033125 0 0.005
0.802 0.407 0 0.005
0.802 0.527 0 0.005
0.802 0.596 0 0.005
0.802 0.63 0 0.005
0.802 0.874 0 0.005
0.802 0.941 0 0.005
0.803 0.219 0 0.005
0.803 0.25 0 0.005
0.804 0.57 0 0.005
0.805 0.315 0 0.005
0.805 0.365 0 0.005
0.805 0.483 0 0.005
0.806 0.172 0 0.005
0.806 0.461 0 0.005
0.806 0.537 0 0.005
0.806 0.861 0 0.005
0.806 0.898 0 0.005
0.807 0.28 0 0.005
0.807 0.298 0 0.005
0.807 0.91 0 0.005
0.808 0.101 0 0.005
0.808 0.559 0 0.005
0.808 0.644 0 0.005
0.808 0.69 0 0.005
0.809 0.138 0 0.005
0.809 0.439 0 0.005
0.809 0.665 0 0.005
0.809 0.807 0 0.005
0.81 0.039 0 0.005
0.81 0.057 0 0.005
0.81 0.269 0 0.005
0.81 0.349 0 0.005
0.81 0.473 0 0.005
0.81 0.703 0 0.005
0.81 0.713 0 0.005
0.81 0.725 0 0.005
0.81 0.744 0 0.005
0.81 0.881 0 0.005
0.811 0.086 0 0.005
0.811 0.152 0 0.005
0.811 0.333 0 0.005
0.811 0.603 0 0.005
0.811 0.981 0 0.005
0.811 0.993 0 0.005
0.812 0.023 0 0.005
0.812 0.614 0 0.005
0.813 0.075 0 0.005
0.813 0.119 0 0.005
0.813 0.201 0 0.005
0.813 0.417 0 0.005
0.813 0.515 0 0.005
0.813 0.919 0 0.005
0.814 0.0033125 0 0.005
0.814 0.162 0 0.005
0.814 0.838 0 0.005
0.815 0.43 0 0.005
0.816 0.258 0 0.005
0.816 0.798 0 0.005
0.816 0.933 0 0.005
0.817 0.313 0 0.005
0.817 0.568 0 0.005
0.817 0.896 0 0.005
0.817 0.907 0 0.005
0.818 0.284 0 0.005
0.818 0.444 0 0.005
0.818 0.467 0 0.005
0.819 0.359 0 0.005
0.819 0.391 0 0.005
0.82 0.226 0 0.005
0.82 0.541 0 0.005
0.82 0.664 0 0.005
0.82 0.688 0 0.005
0.82 0.773 0 0.005
0.82 0.812 0 0.005
0.82 0.963 0 0.005
0.82 0.974 0 0.005
0.82 0.986 0 0.005
0.821 0.106 0 0.005
0.821 0.189 0 0.005
0.822 0.208 0 0.005
0.822 0.299 0 0.005
0.822 0.412 0 0.005
0.822 0.715 0 0.005
0.822 0.88 0 0.005
0.822 0.948 0 0.005
0.823 0.047 0 0.005
0.823 0.153 0 0.005
0.823 0.333 0 0.005
0.823 0.585 0 0.005
0.824 0.758 0 0.005
0.825 0.023 0 0.005
0.825 0.321 0 0.005
0.825 0.837 0 0.005
0.826 0.143 0 0.005
0.826 0.37 0 0.005
0.826 0.456 0 0.005
0.826 0.732 0 0.005
0.826 0.994 0 0.005
0.827 0.088 0 0.005
0.827 0.249 0 0.005
0.827 0.506 0 0.005
0.827 0.64 0 0.005
0.828 0.261 0 0.005
0.828 0.446 0 0.005
0.828 0.805 0 0.005
0.828 0.861 0 0.005
0.828 0.934 0 0.005
0.829 0.055 0 0.005
0.829 0.291 0 0.005
0.829 0.473 0 0.005
0.829 0.677 0 0.005
0.829 0.706 0 0.005
0.83 0.066 0 0.005
0.83 0.239 0 0.005
0.83 0.426 0 0.005
0.83 0.746 0 0.005
0.83 0.851 0 0.005
0.83 0.894 0 0.005
0.831 0.039 0 0.005
0.831 0.525 0 0.005
0.831 0.557 0 0.005
0.831 0.969 0 0.005
0.832 0.011 0 0.005
0.832 0.11 0 0.005
0.832 0.652 0 0.005
0.832 0.692 0 0.005
0.832 0.78 0 0.005
0.832 0.792 0 0.005
0.833 0.334 0 0.005
0.834 0.158 0 0.005
0.834 0.72 0 0.005
0.834 0.825 0 0.005
0.835 0.098 0 0.005
0.835 0.282 0 0.005
0.835 0.35 0 0.005
0.835 0.581 0 0.005
0.835 0.669 0 0.005
0.835 0.943 0 0.005
0.836 0.122 0 0.005
0.836 0.268 0 0.005
0.836 0.361 0 0.005
0.836 0.513 0 0.005
0.836 0.608 0 0.005
0.837 0.174 0 0.005
0.837 0.406 0 0.005
0.837 0.567 0 0.005
0.837 0.905 0 0.005
0.838 0.212 0 0.005
0.838 0.31 0 0.005
0.838 0.502 0 0.005
0.838 0.597 0 0.005
0.838 0.878 0 0.005
0.839 0.758 0 0.005
0.84 0.141 0 0.005
0.84 0.222 0 0.005
0.84 0.323 0 0.005
0.841 0.295 0 0.005
0.841 0.492 0 0.005
0.841 0.556 0 0.005
0.841 0.63 0 0.005
0.841 0.774 0 0.005
0.841 0.808 0 0.005
0.841 0.971 0 0.005
0.842 0.078 0 0.005
0.842 0.654 0 0.005
0.842 0.994 0 0.005
0.843 0.027 0 0.005
0.843 0.396 0 0.005
0.843 0.482 0 0.005
0.843 0.538 0 0.005
0.843 0.833 0 0.005
0.844 0.0033125 0 0.005
0.844 0.683 0 0.005
0.845 0.201 0 0.005
0.845 0.234 0 0.005
0.845 0.44 0 0.005
0.845 0.71 0 0.005
0.845 0.887 0 0.005
0.845 0.952 0 0.005
0.846 0.122 0 0.005
0.846 0.351 0 0.005
0.846 0.43 0 0.005
0.846 0.732 0 0.005
0.847 0.092 0 0.005
0.847 0.162 0 0.005
0.847 0.304 0 0.005
0.848 0.037 0 0.005
0.848 0.501 0 0.005
0.848 0.791 0 0.005
0.849 0.019 0 0.005
0.849 0.315 0 0.005
0.849 0.514 0 0.005
0.849 0.605 0 0.005
0.849 0.694 0 0.005
0.849 0.857 0 0.005
0.85 0.109 0 0.005
0.85 0.151 0 0.005
0.85 0.337 0 0.005
0.85 0.722 0 0.005
0.85 0.965 0 0.005
0.851 0.29 0 0.005
0.851 0.755 0 0.005
0.851 0.905 0 0.005
0.851 0.916 0 0.005
0.852 0.62 0 0.005
0.853 0.413 0 0.005
0.853 0.58 0 0.005
0.853 0.991 0 0.005
0.854 0.177 0 0.005
0.854 0.462 0 0.005
0.854 0.524 0 0.005
0.854 0.551 0 0.005
0.854 0.65 0 0.005
0.854 0.67 0 0.005
0.854 0.768 0 0.005
0.855 0.485 0 0.005
0.855 0.821 0 0.005
0.855 0.951 0 0.005
0.856 0.005 0 0.005
0.856 0.125 0 0.005
0.856 0.242 0 0.005
0.857 0.255 0 0.005
0.857 0.273 0 0.005
0.857 0.352 0 0.005
0.857 0.399 0 0.005
0.857 0.681 0 0.005
0.857 0.73 0 0.005
0.858 0.062 0 0.005
0.858 0.083 0 0.005
0.858 0.328 0 0.005
0.858 0.366 0 0.005
0.858 0.472 0 0.005
0.858 0.74 0 0.005
0.859 0.571 0 0.005
0.859 0.799 0 0.005
0.86 0.111 0 0.005
0.86 0.213 0 0.005
0.86 0.496 0 0.005
0.86 0.61 0 0.005
0.86 0.708 0 0.005
0.86 0.787 0 0.005
0.861 0.031 0 0.005
0.861 0.148 0 0.005
0.861 0.561 0 0.005
0.861 0.927 0 0.005
0.862 0.165 0 0.005
0.862 0.196 0 0.005
0.862 0.53 0 0.005
0.862 0.758 0 0.005
0.862 0.868 0 0.005
0.862 0.939 0 0.005
0.862 0.969 0 0.005
0.863 0.073 0 0.005
0.863 0.264 0 0.005
0.863 0.308 0 0.005
0.863 0.621 0 0.005
0.863 0.913 0 0.005
0.864 0.445 0 0.005
0.864 0.984 0 0.005
0.865 0.584 0 0.005
0.865 0.822 0 0.005
0.865 0.0004166666666666667 0 0.005
0.866 0.043 0 0.005
0.866 0.321 0 0.005
0.866 0.42 0 0.005
0.866 0.46 0 0.005
0.866 0.515 0 0.005
0.867 0.353 0 0.005
0.867 0.77 0 0.005
0.867 0.809 0 0.005
0.868 0.401 0 0.005
0.868 0.539 0 0.005
0.868 0.643 0 0.005
0.868 0.748 0 0.005
0.868 0.858 0 0.005
0.868 0.894 0 0.005
0.868 0.949 0 0.005
0.868 0.961 0 0.005
0.869 0.055 0 0.005
0.869 0.234 0 0.005
0.869 0.276 0 0.005
0.87 0.129 0 0.005
0.87 0.485 0 0.005
0.87 0.505 0 0.005
0.87 0.713 0 0.005
0.871 0.012 0 0.005
0.871 0.092 0 0.005
0.871 0.3 0 0.005
0.871 0.331 0 0.005
0.871 0.473 0 0.005
0.871 0.687 0 0.005
0.871 0.785 0 0.005
0.871 0.9977333333333334 0 0.005
0.872 0.157 0 0.005
0.872 0.523 0 0.005
0.872 0.601 0 0.005
0.872 0.845 0 0.005
0.873 0.08 0 0.005
0.873 0.345 0 0.005
0.873 0.428 0 0.005
0.873 0.94 0 0.005
0.874 0.181 0 0.005
0.874 0.247 0 0.005
0.874 0.627 0 0.005
0.874 0.73 0 0.005
0.875 0.144 0 0.005
0.875 0.375 0 0.005
0.875 0.702 0 0.005
0.875 0.8 0 0.005
0.875 0.904 0 0.005
0.876 0.262 0 0.005
0.876 0.968 0 0.005
0.877 0.024 0 0.005
0.877 0.064 0 0.005
0.877 0.668 0 0.005
0.877 0.765 0 0.005
0.877 0.984 0 0.005
0.878 0.193 0 0.005
0.878 0.309 0 0.005
0.878 0.514 0 0.005
0.878 0.64 0 0.005
0.878 0.881 0 0.005
0.879 0.0033125 0 0.005
0.879 0.414 0 0.005
0.88 0.238 0 0.005
0.88 0.28 0 0.005
0.88 0.453 0 0.005
0.88 0.775 0 0.005
0.88 0.79 0 0.005
0.88 0.957 0 0.005
0.881 0.101 0 0.005
0.881 0.221 0 0.005
0.881 0.443 0 0.005
0.881 0.557 0 0.005
0.881 0.855 0 0.005
0.881 0.93 0 0.005
0.882 0.116 0 0.005
0.882 0.82 0 0.005
0.883 0.743 0 0.005
0.883 0.897 0 0.005
0.884 0.206 0 0.005
0.884 0.322 0 0.005
0.884 0.382 0 0.005
0.884 0.577 0 0.005
0.884 0.589 0 0.005
0.884 0.684 0 0.005
0.884 0.843 0 0.005
0.885 0.468 0 0.005
0.885 0.528 0 0.005
0.885 0.65 0 0.005
0.885 0.697 0 0.005
0.886 0.302 0 0.005
0.886 0.708 0 0.005
0.887 0.074 0 0.005
0.887 0.143 0 0.005
0.887 0.25 0 0.005
0.887 0.407 0 0.005
0.887 0.603 0 0.005
0.887 0.864 0 0.005
0.888 0.397 0 0.005
0.888 0.632 0 0.005
0.889 0.022 0 0.005
0.889 0.061 0 0.005
0.889 0.23 0 0.005
0.89 0.0017435897435897436 0 0.005
0.89 0.511 0 0.005
0.891 0.037 0 0.005
0.891 0.183 0 0.005
0.891 0.261 0 0.005
0.891 0.758 0 0.005
0.891 0.782 0 0.005
0.891 0.93 0 0.005
0.891 0.94 0 0.005
0.892 0.279 0 0.005
0.892 0.562 0 0.005
0.892 0.8 0 0.005
0.892 0.988 0 0.005
0.893 0.475 0 0.005
0.893 0.55 0 0.005
0.893 0.744 0 0.005
0.894 0.215 0 0.005
0.894 0.668 0 0.005
0.894 0.884 0 0.005
0.894 0.974 0 0.005
0.895 0.096 0 0.005
0.895 0.16 0 0.005
0.895 0.362 0 0.005
0.895 0.462 0 0.005
0.895 0.61 0 0.005
0.895 0.728 0 0.005
0.896 0.291 0 0.005
0.896 0.343 0 0.005
0.896 0.522 0 0.005
0.896 0.649 0 0.005
0.896 0.697 0 0.005
0.896 0.873 0 0.005
0.896 0.899 0 0.005
0.895 0.9985833333333334 0 0.005
0.897 0.127 0 0.005
0.897 0.204 0 0.005
0.897 0.245 0 0.005
0.897 0.412 0 0.005
0.897 0.497 0 0.005
0.897 0.581 0 0.005
0.897 0.824 0 0.005
0.897 0.914 0 0.005
0.897 0.959 0 0.005
0.898 0.051 0 0.005
0.898 0.107 0 0.005
0.898 0.835 0 0.005
0.899 0.076 0 0.005
0.899 0.269 0 0.005
0.899 0.372 0 0.005
0.899 0.423 0 0.005
0.899 0.718 0 0.005
0.899 0.773 0 0.005
0.899 0.809 0 0.005
0.9 0.016 0 0.005
0.9 0.224 0 0.005
0.9 0.307 0 0.005
0.9 0.318 0 0.005
0.9 0.392 0 0.005
0.9 0.436 0 0.005
0.9 0.486 0 0.005
0.9 0.863 0 0.005
0.902 0.144 0 0.005
0.902 0.541 0 0.005
0.903 0.004 0 0.005
0.903 0.279 0 0.005
0.903 0.931 0 0.005
0.904 0.166 0 0.005
0.904 0.749 0 0.005
0.904 0.791 0 0.005
0.904 0.845 0 0.005
0.904 0.945 0 0.005
0.905 0.034 0 0.005
0.905 0.665 0 0.005
0.905 0.759 0 0.005
0.905 0.888 0 0.005
0.906 0.067 0 0.005
0.906 0.855 0 0.005
0.907 0.112 0 0.005
0.907 0.411 0 0.005
0.907 0.474 0 0.005
0.907 0.564 0 0.005
0.907 0.593 0 0.005
0.907 0.615 0 0.005
0.907 0.963 0 0.005
0.908 0.136 0 0.005
0.908 0.526 0 0.005
0.908 0.575 0 0.005
0.908 0.7 0 0.005
0.909 0.024 0 0.005
0.909 0.054 0 0.005
0.909 0.093 0 0.005
0.909 0.186 0 0.005
0.909 0.455 0 0.005
0.909 0.911 0 0.005
0.909 0.986 0 0.005
0.91 0.377 0 0.005
0.91 0.823 0 0.005
0.91 0.834 0 0.005
0.911 0.213 0 0.005
0.911 0.244 0 0.005
0.911 0.389 0 0.005
0.912 0.01 0 0.005
0.912 0.972 0 0.005
0.913 0.359 0 0.005
0.913 0.505 0 0.005
0.913 0.64 0 0.005
0.913 0.737 0 0.005
0.913 0.771 0 0.005
0.913 0.799 0 0.005
0.914 0.331 0 0.005
0.914 0.868 0 0.005
0.915 0.272 0 0.005
0.915 0.282 0 0.005
0.915 0.297 0 0.005
0.915 0.481 0 0.005
0.915 0.556 0 0.005
0.915 0.626 0 0.005
0.915 0.652 0 0.005
0.915 0.81 0 0.005
0.915 0.895 0 0.005
0.915 0.926 0 0.005
0.916 0.17 0 0.005
0.916 0.428 0 0.005
0.917 0.126 0 0.005
0.917 0.314 0 0.005
0.917 0.534 0 0.005
0.917 0.611 0 0.005
0.917 0.682 0 0.005
0.917 0.956 0 0.005
0.918 0.587 0 0.005
0.919 0.084 0 0.005
0.919 0.372 0 0.005
0.919 0.546 0 0.005
0.919 0.664 0 0.005
0.92 0.159 0 0.005
0.92 0.571 0 0.005
0.92 0.832 0 0.005
0.92 0.979 0 0.005
0.921 0.037 0 0.005
0.921 0.104 0 0.005
0.921 0.257 0 0.005
0.921 0.727 0 0.005
0.921 0.764 0 0.005
0.922 0.024 0 0.005
0.922 0.188 0 0.005
0.922 0.471 0 0.005
0.923 0.052 0 0.005
0.923 0.599 0 0.005
0.923 0.699 0 0.005
0.923 0.713 0 0.005
0.923 0.882 0 0.005
0.924 0.235 0 0.005
0.924 0.359 0 0.005
0.924 0.843 0 0.005
0.925 0.141 0 0.005
0.925 0.245 0 0.005
0.925 0.901 0 0.005
0.926 0.151 0 0.005
0.926 0.2 0 0.005
0.926 0.273 0 0.005
0.926 0.342 0 0.005
0.926 0.389 0 0.005
0.926 0.415 0 0.005
0.926 0.451 0 0.005
0.926 0.484 0 0.005
0.926 0.62 0 0.005
0.926 0.783 0 0.005
0.926 0.922 0 0.005
0.927 0.526 0 0.005
0.928 0.497 0 0.005
0.928 0.738 0 0.005
0.928 0.939 0 0.005
0.928 0.961 0 0.005
0.929 0.092 0 0.005
0.929 0.164 0 0.005
0.929 0.553 0 0.005
0.93 0.379 0 0.005
0.93 0.405 0 0.005
0.93 0.51 0 0.005
0.93 0.577 0 0.005
0.93 0.682 0 0.005
0.93 0.9972564102564103 0 0.005
0.931 0.22 0 0.005
0.931 0.263 0 0.005
0.931 0.652 0 0.005
0.932 0.006 0 0.005
0.932 0.041 0 0.005
0.932 0.285 0 0.005
0.932 0.307 0 0.005
0.932 0.428 0 0.005
0.933 0.021 0 0.005
0.934 0.063 0 0.005
0.934 0.25 0 0.005
0.934 0.335 0 0.005
0.934 0.635 0 0.005
0.934 0.799 0 0.005
0.934 0.816 0 0.005
0.934 0.832 0 0.005
0.935 0.083 0 0.005
0.935 0.112 0 0.005
0.935 0.183 0 0.005
0.935 0.354 0 0.005
0.935 0.603 0 0.005
0.935 0.668 0 0.005
0.936 0.569 0 0.005
0.936 0.725 0 0.005
0.936 0.76 0 0.005
0.936 0.859 0 0.005
0.936 0.921 0 0.005
0.937 0.468 0 0.005
0.937 0.705 0 0.005
0.937 0.715 0 0.005
0.937 0.788 0 0.005
0.938 0.537 0 0.005
0.938 0.592 0 0.005
0.939 0.196 0 0.005
0.939 0.89 0 0.005
0.939 0.906 0 0.005
0.94 0.239 0 0.005
0.94 0.549 0 0.005
0.94 0.74 0 0.005
0.941 0.055 0 0.005
0.941 0.146 0 0.005
0.941 0.173 0 0.005
0.941 0.45 0 0.005
0.941 0.75 0 0.005
0.941 0.961 0 0.005
0.942 0.289 0 0.005
0.942 0.381 0 0.005
0.942 0.619 0 0.005
0.942 0.868 0 0.005
0.942 0.938 0 0.005
0.943 0.034 0 0.005
0.943 0.216 0 0.005
0.943 0.369 0 0.005
0.943 0.413 0 0.005
0.943 0.508 0 0.005
0.943 0.805 0 0.005
0.943 0.848 0 0.005
0.943 0.995 0 0.005
0.944 0.159 0 0.005
0.944 0.329 0 0.005
0.944 0.522 0 0.005
0.945 0.31 0 0.005
0.945 0.666 0 0.005
0.946 0.077 0 0.005
0.946 0.187 0 0.005
0.946 0.604 0 0.005
0.946 0.63 0 0.005
0.946 0.829 0 0.005
0.946 0.984 0 0.005
0.947 0.125 0 0.005
0.947 0.482 0 0.005
0.947 0.791 0 0.005
0.948 0.016 0 0.005
0.948 0.067 0 0.005
0.948 0.105 0 0.005
0.948 0.266 0 0.005
0.948 0.492 0 0.005
0.948 0.569 0 0.005
0.948 0.689 0 0.005
0.949 0.676 0 0.005
0.949 0.768 0 0.005
0.95 0.244 0 0.005
0.95 0.436 0 0.005
0.95 0.903 0 0.005
0.95 0.923 0 0.005
0.951 0.23 0 0.005
0.951 0.318 0 0.005
0.951 0.449 0 0.005
0.951 0.641 0 0.005
0.952 0.459 0 0.005
0.952 0.753 0 0.005
0.952 0.781 0 0.005
0.953 0.095 0 0.005
0.953 0.134 0 0.005
0.953 0.295 0 0.005
0.953 0.373 0 0.005
0.953 0.542 0 0.005
0.953 0.596 0 0.005
0.953 0.821 0 0.005
0.953 0.878 0 0.005
0.953 0.941 0 0.005
0.953 0.974 0 0.005
0.954 0.158 0 0.005
0.954 0.201 0 0.005
0.954 0.808 0 0.005
0.955 0.053 0 0.005
0.955 0.145 0 0.005
0.955 0.559 0 0.005
0.955 0.712 0 0.005
0.955 0.858 0 0.005
0.955 0.9967708333333334 0 0.005
0.956 0.26 0 0.005
0.956 0.277 0 0.005
0.956 0.656 0 0.005
0.956 0.797 0 0.005
0.956 0.959 0 0.005
0.957 0.073 0 0.005
0.957 0.308 0 0.005
0.957 0.412 0 0.005
0.957 0.583 0 0.005
0.957 0.895 0 0.005
0.957 0.913 0 0.005
0.958 0.492 0 0.005
0.959 0.027 0 0.005
0.959 0.83 0 0.005
0.96 0.042 0 0.005
0.96 0.216 0 0.005
0.96 0.324 0 0.005
0.96 0.363 0 0.005
0.96 0.569 0 0.005
0.961 0.351 0 0.005
0.961 0.521 0 0.005
0.961 0.55 0 0.005
0.961 0.776 0 0.005
0.961 0.923 0 0.005
0.961 0.984 0 0.005
0.962 0.195 0 0.005
0.962 0.463 0 0.005
0.962 0.64 0 0.005
0.963 0.163 0 0.005
0.963 0.422 0 0.005
0.963 0.438 0 0.005
0.963 0.6 0 0.005
0.963 0.719 0 0.005
0.964 0.104 0 0.005
0.964 0.334 0 0.005
0.964 0.473 0 0.005
0.964 0.738 0 0.005
0.965 0.136 0 0.005
0.965 0.147 0 0.005
0.965 0.29 0 0.005
0.965 0.622 0 0.005
0.965 0.969 0 0.005
0.966 0.271 0 0.005
0.966 0.386 0 0.005
0.966 0.4 0 0.005
0.966 0.449 0 0.005
0.966 0.709 0 0.005
0.966 0.798 0 0.005
0.967 0.125 0 0.005
0.967 0.749 0 0.005
0.968 0.232 0 0.005
0.968 0.371 0 0.005
0.968 0.763 0 0.005
0.968 0.91 0 0.005
0.969 0.255 0 0.005
0.969 0.864 0 0.005
0.97 0.502 0 0.005
0.97 0.516 0 0.005
0.97 0.951 0 0.005
0.971 0.094 0 0.005
0.971 0.54 0 0.005
0.971 0.573 0 0.005
0.971 0.691 0 0.005
0.971 0.775 0 0.005
0.971 0.819 0 0.005
0.971 0.839 0 0.005
0.972 0.219 0 0.005
0.972 0.556 0 0.005
0.972 0.662 0 0.005
0.973 0.046 0 0.005
0.973 0.08 0 0.005
0.973 0.281 0 0.005
0.973 0.483 0 0.005
0.973 0.597 0 0.005
0.973 0.612 0 0.005
0.974 0.0012666666666666666 0 0.005
0.974 0.33 0 0.005
0.974 0.987 0 0.005
0.975 0.131 0 0.005
0.975 0.195 0 0.005
0.975 0.409 0 0.005
0.975 0.587 0 0.005
0.975 0.942 0 0.005
0.976 0.397 0 0.005
0.976 0.7 0 0.005
0.977 0.036 0 0.005
0.977 0.119 0 0.005
0.977 0.17 0 0.005
0.977 0.208 0 0.005
0.977 0.305 0 0.005
0.977 0.714 0 0.005
0.977 0.9977333333333334 0 0.005
0.978 0.024 0 0.005
0.978 0.496 0 0.005
0.978 0.678 0 0.005
0.978 0.794 0 0.005
0.979 0.252 0 0.005
0.979 0.321 0 0.005
0.979 0.343 0 0.005
0.979 0.812 0 0.005
0.979 0.858 0 0.005
0.98 0.06 0 0.005
0.98 0.508 0 0.005
0.98 0.545 0 0.005
0.98 0.738 0 0.005
0.981 0.239 0 0.005
0.981 0.562 0 0.005
0.981 0.641 0 0.005
0.981 0.841 0 0.005
0.982 0.103 0 0.005
0.982 0.223 0 0.005
0.982 0.422 0 0.005
0.982 0.784 0 0.005
0.982 0.895 0 0.005
0.983 0.47 0 0.005
0.983 0.622 0 0.005
0.983 0.667 0 0.005
0.983 0.83 0 0.005
0.983 0.951 0 0.005
0.984 0.075 0 0.005
0.984 0.293 0 0.005
0.984 0.767 0 0.005
0.984 0.973 0 0.005
0.985 0.391 0 0.005
0.985 0.411 0 0.005
0.985 0.518 0 0.005
0.985 0.535 0 0.005
0.985 0.961 0 0.005
0.985 0.985 0 0.005
0.986 0.09 0 0.005
0.986 0.437 0 0.005
0.986 0.719 0 0.005
0.986 0.879 0 0.005
0.987 0.269 0 0.005
0.987 0.331 0 0.005
0.987 0.454 0 0.005
0.987 0.6 0 0.005
0.988 0.135 0 0.005
0.988 0.211 0 0.005
0.988 0.912 0 0.005
0.989 0.027 0 0.005
0.989 0.708 0 0.005
0.989 0.729 0 0.005
0.989 0.862 0 0.005
0.99 0.012 0 0.005
0.99 0.188 0 0.005
0.99 0.378 0 0.005
0.99 0.575 0 0.005
0.99 0.611 0 0.005
0.991 0.112 0 0.005
0.991 0.145 0 0.005
0.991 0.156 0 0.005
0.991 0.464 0 0.005
0.991 0.65 0 0.005
0.991 0.928 0 0.005
0.991 0.995 0 0.005
0.992 0.166 0 0.005
0.992 0.317 0 0.005
0.992 0.692 0 0.005
0.991 0.0 0 0.005
0.993 0.23 0 0.005
0.993 0.624 0 0.005
0.994 0.042 0 0.005
0.994 0.427 0 0.005
0.994 0.638 0 0.005
0.995 0.407 0 0.005
0.995 0.481 0 0.005
0.995 0.506 0 0.005
0.995 0.671 0 0.005
0.995 0.74 0 0.005
0.995 0.813 0 0.005
0.9956875 0.587 0 0.005
0.996280701754386 0.066 0 0.005
0.996280701754386 0.791 0 0.005
0.996280701754386 0.939 0 0.005
0.9967708333333334 0.253 0 0.005
0.9967708333333334 0.551 0 0.005
0.9967708333333334 0.775 0 0.005
0.9972564102564103 0.053 0 0.005
0.9972564102564103 0.336 0 0.005
0.9972564102564103 0.524 0 0.005
0.9972564102564103 0.825 0 0.005
0.9972564102564103 0.854 0 0.005
0.9972564102564103 0.878 0 0.005
0.9972564102564103 0.963 0 0.005
0.9977333333333334 0.024 0 0.005
0.9977333333333334 0.084 0 0.005
0.9977333333333334 0.096 0 0.005
0.9977333333333334 0.121 0 0.005
0.9977333333333334 0.22 0 0.005
0.9977333333333334 0.3 0 0.005
0.9977333333333334 0.449 0 0.005
0.9977333333333334 0.844 0 0.005
0.9981904761904762 0.14 0 0.005
0.9981904761904762 0.283 0 0.005
0.9981904761904762 0.706 0 0.005
0.9981904761904762 0.722 0 0.005
0.9981904761904762 0.949 0 0.005
0.9981904761904762 0.988 0 0.005
0.9985833333333334 0.004 0 0.005
0.9985833333333334 0.206 0 0.005
0.9985833333333334 0.419 0 0.005
0.9985833333333334 0.76 0 0.005
0.999 0.538 0 0.005
0.999 0.564 0 0.005
0.999 0.616 0 0.005
0.999 0.866 0 0.005
0.999 0.898 0 0.005
