0.0008095238095238096 0.016 0 0.005
0.0 0.036 0 0.005
0.0 0.047 0 0.005
0.0033125 0.07 0 0.005
0.0008095238095238096 0.079 0 0.005
0.0004166666666666667 0.134 0 0.005
0.0008095238095238096 0.156 0 0.005
0.0033125 0.223 0 0.005
0.0008095238095238096 0.232 0 0.005
0.004 0.242 0 0.005
0.0008095238095238096 0.25 0 0.005
0.0008095238095238096 0.282 0 0.005
0.0004166666666666667 0.327 0 0.005
0.004 0.34 0 0.005
0.002719298245614035 0.386 0 0.005
0.004 0.408 0 0.005
0.0017435897435897436 0.431 0 0.005
0.004 0.445 0 0.005
0.002719298245614035 0.456 0 0.005
0.004 0.488 0 0.005
0.0 0.5 0 0.005
0.0017435897435897436 0.514 0 0.005
0.0 0.524 0 0.005
0.0 0.562 0 0.005
0.002719298245614035 0.582 0 0.005
0.0008095238095238096 0.596 0 0.005
0.0017435897435897436 0.613 0 0.005
0.0008095238095238096 0.661 0 0.005
0.0017435897435897436 0.695 0 0.005
0.0008095238095238096 0.719 0 0.005
0.0004166666666666667 0.738 0 0.005
0.0004166666666666667 0.75 0 0.005
0.0012666666666666666 0.764 0 0.005
0.004 0.79 0 0.005
0.0008095238095238096 0.814 0 0.005
0.002719298245614035 0.831 0 0.005
0.0004166666666666667 0.844 0 0.005
0.0 0.866 0 0.005
0.0022291666666666666 0.884 0 0.005
0.0 0.902 0 0.005
0.0012666666666666666 0.949 0 0.005
0.0008095238095238096 0.965 0 0.005
0.0008095238095238096 0.979 0 0.005
0.0033125 0.993 0 0.005
0.005 0.102 0 0.005
0.005 0.644 0 0.005
0.005 0.918 0 0.005
0.005 0.941 0 0.005
0.006 0.188 0 0.005
0.006 0.503 0 0.005
0.006 0.63 0 0.005
0.007 0.05 0 0.005
0.007 0.164 0 0.005
0.007 0.198 0 0.005
0.007 0.211 0 0.005
0.007 0.541 0 0.005
0.007 0.703 0 0.005
0.007 0.754 0 0.005
0.008 0.005 0 0.005
0.008 0.089 0 0.005
0.008 0.126 0 0.005
0.008 0.153 0 0.005
0.008 0.305 0 0.005
0.008 0.672 0 0.005
0.008 0.851 0 0.005
0.009 0.361 0 0.005
0.009 0.714 0 0.005
0.01 0.279 0 0.005
0.01 0.553 0 0.005
0.01 0.874 0 0.005
0.011 0.114 0 0.005
0.011 0.819 0 0.005
0.011 0.908 0 0.005
0.011 0.953 0 0.005
0.012 0.465 0 0.005
0.012 0.597 0 0.005
0.012 0.78 0 0.005
0.012 0.895 0 0.005
0.013 0.567 0 0.005
0.013 0.805 0 0.005
0.013 0.984 0 0.005
0.014 0.428 0 0.005
0.014 0.48 0 0.005
0.014 0.587 0 0.005
0.014 0.621 0 0.005
0.014 0.861 0 0.005
0.015 0.65 0 0.005
0.015 0.967 0 0.005
0.016 0.066 0 0.005
0.016 0.183 0 0.005
0.016 0.744 0 0.005
0.017 0.206 0 0.005
0.017 0.376 0 0.005
0.017 0.391 0 0.005
0.017 0.446 0 0.005
0.018 0.0022291666666666666 0 0.005
0.018 0.012 0 0.005
0.018 0.04 0 0.005
0.018 0.086 0 0.005
0.018 0.152 0 0.005
0.018 0.173 0 0.005
0.018 0.194 0 0.005
0.018 0.324 0 0.005
0.018 0.836 0 0.005
0.019 0.055 0 0.005
0.019 0.257 0 0.005
0.019 0.293 0 0.005
0.019 0.403 0 0.005
0.02 0.239 0 0.005
0.02 0.27 0 0.005
0.02 0.304 0 0.005
0.02 0.42 0 0.005
0.02 0.684 0 0.005
0.02 0.814 0 0.005
0.02 0.826 0 0.005
0.02 0.873 0 0.005
0.021 0.12 0 0.005
0.021 0.525 0 0.005
0.021 0.541 0 0.005
0.022 0.357 0 0.005
0.022 0.437 0 0.005
0.022 0.581 0 0.005
0.022 0.927 0 0.005
0.022 0.976 0 0.005
0.023 0.095 0 0.005
0.023 0.34 0 0.005
0.023 0.6 0 0.005
0.024 0.107 0 0.005
0.024 0.661 0 0.005
0.024 0.768 0 0.005
0.024 0.804 0 0.005
0.024 0.962 0 0.005
0.025 0.142 0 0.005
0.025 0.23 0 0.005
0.025 0.486 0 0.005
0.025 0.644 0 0.005
0.025 0.702 0 0.005
0.025 0.719 0 0.005
0.026 0.033 0 0.005
0.026 0.283 0 0.005
0.026 0.782 0 0.005
0.026 0.859 0 0.005
0.026 0.902 0 0.005
0.026 0.915 0 0.005
0.026 0.95 0 0.005
0.027 0.386 0 0.005
0.027 0.615 0 0.005
0.027 0.995 0 0.005
0.028 0.005 0 0.005
0.028 0.452 0 0.005
0.028 0.513 0 0.005
0.028 0.749 0 0.005
0.029 0.173 0 0.005
0.029 0.195 0 0.005
0.029 0.215 0 0.005
0.029 0.249 0 0.005
0.029 0.428 0 0.005
0.029 0.566 0 0.005
0.03 0.548 0 0.005
0.03 0.832 0 0.005
0.031 0.048 0 0.005
0.031 0.122 0 0.005
0.031 0.266 0 0.005
0.031 0.303 0 0.005
0.032 0.727 0 0.005
0.032 0.929 0 0.005
0.033 0.082 0 0.005
0.033 0.162 0 0.005
0.033 0.359 0 0.005
0.033 0.696 0 0.005
0.033 0.763 0 0.005
0.033 0.851 0 0.005
0.033 0.894 0 0.005
0.033 0.968 0 0.005
0.034 0.104 0 0.005
0.034 0.316 0 0.005
0.034 0.591 0 0.005
0.035 0.137 0 0.005
0.035 0.228 0 0.005
0.035 0.333 0 0.005
0.035 0.404 0 0.005
0.035 0.685 0 0.005
0.035 0.864 0 0.005
0.036 0.663 0 0.005
0.036 0.814 0 0.005
0.036 0.876 0 0.005
0.037 0.576 0 0.005
0.038 0.15 0 0.005
0.038 0.207 0 0.005
0.038 0.49 0 0.005
0.038 0.803 0 0.005
0.039 0.293 0 0.005
0.039 0.344 0 0.005
0.039 0.368 0 0.005
0.039 0.455 0 0.005
0.039 0.557 0 0.005
0.039 0.741 0 0.005
0.039 0.787 0 0.005
0.04 0.02 0 0.005
0.04 0.259 0 0.005
0.04 0.547 0 0.005
0.04 0.646 0 0.005
0.04 0.948 0 0.005
0.041 0.385 0 0.005
0.042 0.124 0 0.005
0.042 0.304 0 0.005
0.042 0.845 0 0.005
0.043 0.499 0 0.005
0.043 0.619 0 0.005
0.043 0.63 0 0.005
0.043 0.671 0 0.005
0.043 0.935 0 0.005
0.043 0.991 0 0.005
0.044 0.273 0 0.005
0.044 0.317 0 0.005
0.044 0.52 0 0.005
0.044 0.586 0 0.005
0.044 0.603 0 0.005
0.044 0.753 0 0.005
0.044 0.895 0 0.005
0.045 0.096 0 0.005
0.045 0.107 0 0.005
0.045 0.356 0 0.005
0.045 0.466 0 0.005
0.045 0.69 0 0.005
0.045 0.721 0 0.005
0.045 0.869 0 0.005
0.045 0.908 0 0.005
0.046 0.23 0 0.005
0.046 0.409 0 0.005
0.046 0.419 0 0.005
0.046 0.476 0 0.005
0.047 0.0033125 0 0.005
0.047 0.166 0 0.005
0.048 0.374 0 0.005
0.048 0.575 0 0.005
0.048 0.654 0 0.005
0.049 0.03 0 0.005
0.049 0.079 0 0.005
0.049 0.177 0 0.005
0.049 0.341 0 0.005
0.049 0.773 0 0.005
0.049 0.805 0 0.005
0.049 0.881 0 0.005
0.05 0.054 0 0.005
0.05 0.19 0 0.005
0.05 0.25 0 0.005
0.05 0.926 0 0.005
0.051 0.393 0 0.005
0.051 0.457 0 0.005
0.051 0.543 0 0.005
0.051 0.98 0 0.005
0.052 0.43 0 0.005
0.052 0.644 0 0.005
0.053 0.286 0 0.005
0.053 0.597 0 0.005
0.053 0.794 0 0.005
0.053 0.915 0 0.005
0.054 0.212 0 0.005
0.054 0.276 0 0.005
0.054 0.351 0 0.005
0.054 0.533 0 0.005
0.054 0.833 0 0.005
0.054 0.95 0 0.005
0.055 0.087 0 0.005
0.055 0.482 0 0.005
0.055 0.762 0 0.005
0.055 0.871 0 0.005
0.056 0.014 0 0.005
0.056 0.138 0 0.005
0.056 0.198 0 0.005
0.056 0.227 0 0.005
0.056 0.314 0 0.005
0.056 0.818 0 0.005
0.056 0.892 0 0.005
0.056 0.936 0 0.005
0.057 0.155 0 0.005
0.057 0.905 0 0.005
0.058 0.409 0 0.005
0.058 0.565 0 0.005
0.058 0.653 0 0.005
0.059 0.127 0 0.005
0.059 0.175 0 0.005
0.059 0.673 0 0.005
0.06 0.024 0 0.005
0.06 0.07 0 0.005
0.06 0.101 0 0.005
0.06 0.298 0 0.005
0.06 0.362 0 0.005
0.06 0.495 0 0.005
0.06 0.579 0 0.005
0.06 0.607 0 0.005
0.061 0.0033125 0 0.005
0.061 0.042 0 0.005
0.061 0.247 0 0.005
0.061 0.55 0 0.005
0.061 0.746 0 0.005
0.061 0.977 0 0.005
0.061 0.9956875 0 0.005
0.062 0.333 0 0.005
0.062 0.473 0 0.005
0.062 0.713 0 0.005
0.063 0.113 0 0.005
0.063 0.235 0 0.005
0.063 0.283 0 0.005
0.063 0.437 0 0.005
0.064 0.424 0 0.005
0.064 0.618 0 0.005
0.064 0.631 0 0.005
0.064 0.695 0 0.005
0.064 0.772 0 0.005
0.064 0.945 0 0.005
0.065 0.59 0 0.005
0.065 0.681 0 0.005
0.066 0.192 0 0.005
0.066 0.38 0 0.005
0.066 0.512 0 0.005
0.066 0.525 0 0.005
0.066 0.873 0 0.005
0.067 0.057 0 0.005
0.067 0.266 0 0.005
0.067 0.798 0 0.005
0.067 0.961 0 0.005
0.068 0.725 0 0.005
0.068 0.818 0 0.005
0.068 0.832 0 0.005
0.069 0.643 0 0.005
0.069 0.658 0 0.005
0.07 0.011 0 0.005
0.07 0.322 0 0.005
0.07 0.485 0 0.005
0.07 0.501 0 0.005
0.07 0.535 0 0.005
0.07 0.574 0 0.005
0.07 0.606 0 0.005
0.071 0.083 0 0.005
0.071 0.133 0 0.005
0.071 0.41 0 0.005
0.071 0.74 0 0.005
0.071 0.76 0 0.005
0.072 0.067 0 0.005
0.072 0.341 0 0.005
0.072 0.447 0 0.005
0.072 0.848 0 0.005
0.073 0.298 0 0.005
0.073 0.674 0 0.005
0.074 0.093 0 0.005
0.074 0.178 0 0.005
0.074 0.278 0 0.005
0.074 0.879 0 0.005
0.075 0.459 0 0.005
0.076 0.259 0 0.005
0.076 0.365 0 0.005
0.076 0.388 0 0.005
0.076 0.594 0 0.005
0.076 0.93 0 0.005
0.076 0.991 0 0.005
0.077 0.019 0 0.005
0.077 0.164 0 0.005
0.077 0.475 0 0.005
0.077 0.544 0 0.005
0.077 0.559 0 0.005
0.077 0.966 0 0.005
0.078 0.247 0 0.005
0.078 0.772 0 0.005
0.078 0.819 0 0.005
0.078 0.868 0 0.005
0.078 0.976 0 0.005
0.079 0.051 0 0.005
0.079 0.213 0 0.005
0.079 0.333 0 0.005
0.079 0.685 0 0.005
0.08 0.144 0 0.005
0.08 0.269 0 0.005
0.08 0.491 0 0.005
0.08 0.51 0 0.005
0.08 0.797 0 0.005
0.08 0.94 0 0.005
0.081 0.123 0 0.005
0.081 0.4 0 0.005
0.081 0.523 0 0.005
0.081 0.603 0 0.005
0.081 0.633 0 0.005
0.082 0.08 0 0.005
0.082 0.427 0 0.005
0.082 0.905 0 0.005
0.083 0.231 0 0.005
0.083 0.728 0 0.005
0.083 0.858 0 0.005
0.083 0.895 0 0.005
0.084 0.035 0 0.005
0.084 0.198 0 0.005
0.084 0.377 0 0.005
0.085 0.101 0 0.005
0.085 0.183 0 0.005
0.085 0.324 0 0.005
0.085 0.846 0 0.005
0.085 0.96 0 0.005
0.086 0.278 0 0.005
0.086 0.353 0 0.005
0.086 0.409 0 0.005
0.086 0.663 0 0.005
0.087 0.339 0 0.005
0.087 0.576 0 0.005
0.087 0.883 0 0.005
0.087 0.923 0 0.005
0.086 0.0 0 0.005
0.088 0.009 0 0.005
0.088 0.136 0 0.005
0.088 0.442 0 0.005
0.088 0.541 0 0.005
0.088 0.979 0 0.005
0.089 0.312 0 0.005
0.089 0.517 0 0.005
0.089 0.72 0 0.005
0.089 0.816 0 0.005
0.09 0.471 0 0.005
0.09 0.691 0 0.005
0.09 0.767 0 0.005
0.091 0.394 0 0.005
0.091 0.791 0 0.005
0.092 0.21 0 0.005
0.092 0.565 0 0.005
0.092 0.748 0 0.005
0.093 0.018 0 0.005
0.093 0.086 0 0.005
0.093 0.254 0 0.005
0.093 0.631 0 0.005
0.093 0.779 0 0.005
0.093 0.992 0 0.005
0.094 0.163 0 0.005
0.094 0.24 0 0.005
0.094 0.265 0 0.005
0.094 0.422 0 0.005
0.094 0.711 0 0.005
0.095 0.116 0 0.005
0.095 0.153 0 0.005
0.095 0.366 0 0.005
0.095 0.484 0 0.005
0.095 0.943 0 0.005
0.096 0.224 0 0.005
0.096 0.406 0 0.005
0.096 0.461 0 0.005
0.096 0.959 0 0.005
0.097 0.33 0 0.005
0.097 0.726 0 0.005
0.098 0.502 0 0.005
0.098 0.613 0 0.005
0.098 0.808 0 0.005
0.098 0.892 0 0.005
0.099 0.066 0 0.005
0.099 0.14 0 0.005
0.099 0.183 0 0.005
0.099 0.525 0 0.005
0.099 0.641 0 0.005
0.099 0.833 0 0.005
0.099 0.977 0 0.005
0.1 0.026 0 0.005
0.1 0.047 0 0.005
0.1 0.475 0 0.005
0.1 0.556 0 0.005
0.101 0.273 0 0.005
0.101 0.385 0 0.005
0.101 0.447 0 0.005
0.102 0.797 0 0.005
0.102 0.865 0 0.005
0.103 0.077 0 0.005
0.103 0.288 0 0.005
0.103 0.49 0 0.005
0.103 0.666 0 0.005
0.103 0.762 0 0.005
0.103 0.911 0 0.005
0.103 0.932 0 0.005
0.103 0.993 0 0.005
0.104 0.173 0 0.005
0.104 0.399 0 0.005
0.104 0.592 0 0.005
0.105 0.09 0 0.005
0.105 0.257 0 0.005
0.105 0.321 0 0.005
0.105 0.348 0 0.005
0.105 0.567 0 0.005
0.105 0.72 0 0.005
0.106 0.106 0 0.005
0.106 0.198 0 0.005
0.106 0.241 0 0.005
0.106 0.432 0 0.005
0.106 0.466 0 0.005
0.106 0.701 0 0.005
0.106 0.82 0 0.005
0.106 0.875 0 0.005
0.106 0.885 0 0.005
0.107 0.507 0 0.005
0.109 0.149 0 0.005
0.109 0.214 0 0.005
0.109 0.453 0 0.005
0.109 0.674 0 0.005
0.11 0.059 0 0.005
0.11 0.226 0 0.005
0.11 0.266 0 0.005
0.11 0.337 0 0.005
0.11 0.584 0 0.005
0.11 0.686 0 0.005
0.111 0.07 0 0.005
0.111 0.308 0 0.005
0.111 0.604 0 0.005
0.111 0.631 0 0.005
0.111 0.831 0 0.005
0.111 0.85 0 0.005
0.112 0.276 0 0.005
0.112 0.358 0 0.005
0.112 0.383 0 0.005
0.112 0.659 0 0.005
0.112 0.9981904761904762 0 0.005
0.113 0.139 0 0.005
0.113 0.55 0 0.005
0.113 0.783 0 0.005
0.113 0.966 0 0.005
0.114 0.161 0 0.005
0.114 0.479 0 0.005
0.114 0.977 0 0.005
0.115 0.621 0 0.005
0.115 0.753 0 0.005
0.115 0.794 0 0.005
0.115 0.891 0 0.005
0.116 0.017 0 0.005
0.116 0.194 0 0.005
0.116 0.529 0 0.005
0.116 0.56 0 0.005
0.117 0.393 0 0.005
0.117 0.54 0 0.005
0.117 0.725 0 0.005
0.117 0.821 0 0.005
0.118 0.246 0 0.005
0.118 0.839 0 0.005
0.119 0.096 0 0.005
0.119 0.412 0 0.005
0.119 0.64 0 0.005
0.119 0.672 0 0.005
0.119 0.863 0 0.005
0.119 0.916 0 0.005
0.121 0.044 0 0.005
0.121 0.307 0 0.005
0.121 0.569 0 0.005
0.121 0.683 0 0.005
0.121 0.883 0 0.005
0.122 0.116 0 0.005
0.122 0.503 0 0.005
0.123 0.027 0 0.005
0.123 0.459 0 0.005
0.123 0.602 0 0.005
0.123 0.696 0 0.005
0.124 0.056 0 0.005
0.124 0.265 0 0.005
0.125 0.068 0 0.005
0.125 0.386 0 0.005
0.125 0.627 0 0.005
0.125 0.774 0 0.005
0.125 0.907 0 0.005
0.126 0.317 0 0.005
0.126 0.799 0 0.005
0.126 0.926 0 0.005
0.126 0.957 0 0.005
0.127 0.19 0 0.005
0.127 0.216 0 0.005
0.127 0.229 0 0.005
0.127 0.442 0 0.005
0.127 0.558 0 0.005
0.127 0.73 0 0.005
0.126 0.0 0 0.005
0.128 0.08 0 0.005
0.128 0.173 0 0.005
0.128 0.25 0 0.005
0.128 0.298 0 0.005
0.128 0.534 0 0.005
0.128 0.582 0 0.005
0.128 0.709 0 0.005
0.128 0.895 0 0.005
0.128 0.992 0 0.005
0.129 0.868 0 0.005
0.13 0.643 0 0.005
0.13 0.668 0 0.005
0.13 0.748 0 0.005
0.13 0.982 0 0.005
0.131 0.123 0 0.005
0.131 0.288 0 0.005
0.131 0.352 0 0.005
0.131 0.483 0 0.005
0.131 0.523 0 0.005
0.131 0.79 0 0.005
0.131 0.946 0 0.005
0.132 0.807 0 0.005
0.132 0.852 0 0.005
0.133 0.007 0 0.005
0.133 0.022 0 0.005
0.133 0.404 0 0.005
0.133 0.763 0 0.005
0.134 0.112 0 0.005
0.134 0.819 0 0.005
0.134 0.97 0 0.005
0.135 0.044 0 0.005
0.135 0.148 0 0.005
0.135 0.159 0 0.005
0.135 0.421 0 0.005
0.135 0.775 0 0.005
0.136 0.068 0 0.005
0.136 0.452 0 0.005
0.136 0.565 0 0.005
0.136 0.611 0 0.005
0.136 0.911 0 0.005
0.134 0.999 0 0.005
0.137 0.323 0 0.005
0.137 0.463 0 0.005
0.137 0.704 0 0.005
0.137 0.931 0 0.005
0.138 0.093 0 0.005
0.138 0.496 0 0.005
0.138 0.555 0 0.005
0.138 0.581 0 0.005
0.139 0.343 0 0.005
0.139 0.716 0 0.005
0.14 0.194 0 0.005
0.14 0.237 0 0.005
0.14 0.858 0 0.005
0.14 0.988 0 0.005
0.141 0.138 0 0.005
0.141 0.181 0 0.005
0.141 0.253 0 0.005
0.141 0.27 0 0.005
0.141 0.514 0 0.005
0.141 0.591 0 0.005
0.141 0.601 0 0.005
0.141 0.622 0 0.005
0.142 0.079 0 0.005
0.142 0.227 0 0.005
0.142 0.282 0 0.005
0.142 0.668 0 0.005
0.142 0.894 0 0.005
0.142 0.92 0 0.005
0.143 0.018 0 0.005
0.143 0.364 0 0.005
0.143 0.683 0 0.005
0.143 0.837 0 0.005
0.144 0.292 0 0.005
0.144 0.315 0 0.005
0.144 0.961 0 0.005
0.145 0.058 0 0.005
0.145 0.331 0 0.005
0.145 0.819 0 0.005
0.146 0.102 0 0.005
0.146 0.374 0 0.005
0.146 0.391 0 0.005
0.146 0.484 0 0.005
0.146 0.73 0 0.005
0.147 0.414 0 0.005
0.147 0.879 0 0.005
0.148 0.0022291666666666666 0 0.005
0.148 0.091 0 0.005
0.148 0.162 0 0.005
0.148 0.754 0 0.005
0.148 0.809 0 0.005
0.149 0.031 0 0.005
0.149 0.121 0 0.005
0.149 0.444 0 0.005
0.149 0.559 0 0.005
0.149 0.71 0 0.005
0.149 0.996280701754386 0 0.005
0.15 0.175 0 0.005
0.15 0.434 0 0.005
0.15 0.532 0 0.005
0.15 0.7 0 0.005
0.15 0.949 0 0.005
0.15 0.986 0 0.005
0.151 0.043 0 0.005
0.151 0.071 0 0.005
0.151 0.137 0 0.005
0.151 0.646 0 0.005
0.151 0.72 0 0.005
0.151 0.773 0 0.005
0.151 0.912 0 0.005
0.151 0.927 0 0.005
0.152 0.248 0 0.005
0.152 0.459 0 0.005
0.152 0.588 0 0.005
0.152 0.901 0 0.005
0.153 0.297 0 0.005
0.153 0.307 0 0.005
0.153 0.496 0 0.005
0.153 0.6 0 0.005
0.153 0.611 0 0.005
0.153 0.796 0 0.005
0.154 0.85 0 0.005
0.155 0.397 0 0.005
0.155 0.886 0 0.005
0.156 0.009 0 0.005
0.156 0.081 0 0.005
0.156 0.367 0 0.005
0.156 0.378 0 0.005
0.156 0.423 0 0.005
0.156 0.572 0 0.005
0.156 0.658 0 0.005
0.157 0.209 0 0.005
0.157 0.509 0 0.005
0.158 0.091 0 0.005
0.158 0.264 0 0.005
0.158 0.524 0 0.005
0.158 0.786 0 0.005
0.158 0.94 0 0.005
0.159 0.193 0 0.005
0.159 0.228 0 0.005
0.159 0.76 0 0.005
0.159 0.827 0 0.005
0.16 0.048 0 0.005
0.16 0.326 0 0.005
0.16 0.336 0 0.005
0.16 0.625 0 0.005
0.16 0.637 0 0.005
0.16 0.992 0 0.005
0.161 0.352 0 0.005
0.161 0.447 0 0.005
0.161 0.718 0 0.005
0.161 0.837 0 0.005
0.161 0.951 0 0.005
0.162 0.058 0 0.005
0.162 0.11 0 0.005
0.162 0.289 0 0.005
0.163 0.249 0 0.005
0.163 0.772 0 0.005
0.164 0.541 0 0.005
0.164 0.921 0 0.005
0.165 0.124 0 0.005
0.165 0.185 0 0.005
0.165 0.552 0 0.005
0.165 0.607 0 0.005
0.165 0.797 0 0.005
0.166 0.596 0 0.005
0.166 0.701 0 0.005
0.166 0.817 0 0.005
0.166 0.9 0 0.005
0.167 0.17 0 0.005
0.167 0.298 0 0.005
0.167 0.312 0 0.005
0.167 0.568 0 0.005
0.168 0.209 0 0.005
0.168 0.386 0 0.005
0.168 0.468 0 0.005
0.169 0.331 0 0.005
0.169 0.344 0 0.005
0.169 0.423 0 0.005
0.169 0.87 0 0.005
0.169 0.9967708333333334 0 0.005
0.17 0.051 0 0.005
0.17 0.374 0 0.005
0.17 0.409 0 0.005
0.17 0.48 0 0.005
0.17 0.492 0 0.005
0.17 0.842 0 0.005
0.17 0.963 0 0.005
0.171 0.024 0 0.005
0.171 0.039 0 0.005
0.171 0.067 0 0.005
0.171 0.135 0 0.005
0.171 0.147 0 0.005
0.171 0.266 0 0.005
0.171 0.283 0 0.005
0.171 0.531 0 0.005
0.171 0.587 0 0.005
0.171 0.681 0 0.005
0.171 0.805 0 0.005
0.171 0.83 0 0.005
0.171 0.881 0 0.005
0.172 0.161 0 0.005
0.172 0.194 0 0.005
0.172 0.433 0 0.005
0.172 0.577 0 0.005
0.173 0.0017435897435897436 0 0.005
0.173 0.446 0 0.005
0.173 0.663 0 0.005
0.173 0.709 0 0.005
0.173 0.975 0 0.005
0.174 0.634 0 0.005
0.174 0.722 0 0.005
0.175 0.097 0 0.005
0.175 0.365 0 0.005
0.176 0.228 0 0.005
0.176 0.86 0 0.005
0.176 0.919 0 0.005
0.177 0.239 0 0.005
0.177 0.253 0 0.005
0.177 0.275 0 0.005
0.177 0.689 0 0.005
0.177 0.954 0 0.005
0.178 0.505 0 0.005
0.178 0.543 0 0.005
0.179 0.296 0 0.005
0.179 0.648 0 0.005
0.179 0.872 0 0.005
0.179 0.988 0 0.005
0.18 0.355 0 0.005
0.18 0.749 0 0.005
0.18 0.773 0 0.005
0.181 0.089 0 0.005
0.181 0.149 0 0.005
0.181 0.591 0 0.005
0.181 0.625 0 0.005
0.181 0.886 0 0.005
0.182 0.198 0 0.005
0.182 0.214 0 0.005
0.182 0.264 0 0.005
0.182 0.452 0 0.005
0.182 0.532 0 0.005
0.182 0.762 0 0.005
0.182 0.909 0 0.005
0.183 0.036 0 0.005
0.183 0.394 0 0.005
0.183 0.66 0 0.005
0.183 0.976 0 0.005
0.184 0.025 0 0.005
0.184 0.181 0 0.005
0.184 0.337 0 0.005
0.184 0.44 0 0.005
0.184 0.492 0 0.005
0.184 0.58 0 0.005
0.184 0.9981904761904762 0 0.005
0.185 0.057 0 0.005
0.185 0.287 0 0.005
0.185 0.414 0 0.005
0.185 0.553 0 0.005
0.185 0.601 0 0.005
0.185 0.809 0 0.005
0.186 0.079 0 0.005
0.186 0.16 0 0.005
0.186 0.368 0 0.005
0.186 0.477 0 0.005
0.186 0.731 0 0.005
0.186 0.924 0 0.005
0.187 0.128 0 0.005
0.187 0.227 0 0.005
0.187 0.563 0 0.005
0.187 0.793 0 0.005
0.188 0.311 0 0.005
0.188 0.688 0 0.005
0.188 0.781 0 0.005
0.188 0.942 0 0.005
0.189 0.104 0 0.005
0.189 0.347 0 0.005
0.189 0.637 0 0.005
0.189 0.824 0 0.005
0.189 0.901 0 0.005
0.189 0.991 0 0.005
0.19 0.523 0 0.005
0.191 0.172 0 0.005
0.191 0.321 0 0.005
0.192 0.066 0 0.005
0.192 0.201 0 0.005
0.193 0.25 0 0.005
0.193 0.768 0 0.005
0.194 0.144 0 0.005
0.194 0.265 0 0.005
0.194 0.533 0 0.005
0.194 0.584 0 0.005
0.194 0.609 0 0.005
0.194 0.669 0 0.005
0.195 0.036 0 0.005
0.195 0.048 0 0.005
0.195 0.278 0 0.005
0.195 0.375 0 0.005
0.195 0.411 0 0.005
0.195 0.498 0 0.005
0.195 0.625 0 0.005
0.195 0.913 0 0.005
0.195 0.962 0 0.005
0.196 0.112 0 0.005
0.196 0.181 0 0.005
0.196 0.29 0 0.005
0.196 0.846 0 0.005
0.197 0.341 0 0.005
0.197 0.426 0 0.005
0.198 0.006 0 0.005
0.198 0.122 0 0.005
0.198 0.515 0 0.005
0.198 0.568 0 0.005
0.198 0.7 0 0.005
0.198 0.733 0 0.005
0.199 0.309 0 0.005
0.199 0.357 0 0.005
0.199 0.442 0 0.005
0.199 0.479 0 0.005
0.199 0.801 0 0.005
0.199 0.895 0 0.005
0.199 0.943 0 0.005
0.2 0.328 0 0.005
0.2 0.385 0 0.005
0.2 0.525 0 0.005
0.2 0.541 0 0.005
0.2 0.551 0 0.005
0.2 0.814 0 0.005
0.2 0.925 0 0.005
0.201 0.059 0 0.005
0.201 0.074 0 0.005
0.201 0.196 0 0.005
0.201 0.367 0 0.005
0.201 0.721 0 0.005
0.202 0.018 0 0.005
0.202 0.298 0 0.005
0.203 0.091 0 0.005
0.203 0.209 0 0.005
0.204 0.665 0 0.005
0.204 0.742 0 0.005
0.204 0.856 0 0.005
0.205 0.676 0 0.005
0.205 0.872 0 0.005
0.206 0.171 0 0.005
0.206 0.452 0 0.005
0.206 0.491 0 0.005
0.206 0.778 0 0.005
0.206 0.83 0 0.005
0.206 0.905 0 0.005
0.207 0.051 0 0.005
0.207 0.158 0 0.005
0.207 0.407 0 0.005
0.207 0.639 0 0.005
0.207 0.71 0 0.005
0.208 0.265 0 0.005
0.208 0.57 0 0.005
0.209 0.039 0 0.005
0.209 0.309 0 0.005
0.209 0.319 0 0.005
0.209 0.476 0 0.005
0.209 0.884 0 0.005
0.209 0.915 0 0.005
0.21 0.13 0 0.005
0.21 0.361 0 0.005
0.21 0.428 0 0.005
0.21 0.586 0 0.005
0.21 0.615 0 0.005
0.21 0.84 0 0.005
0.21 0.971 0 0.005
0.211 0.804 0 0.005
0.212 0.532 0 0.005
0.212 0.549 0 0.005
0.212 0.605 0 0.005
0.212 0.755 0 0.005
0.212 0.788 0 0.005
0.212 0.981 0 0.005
0.213 0.0012666666666666666 0 0.005
0.213 0.098 0 0.005
0.213 0.277 0 0.005
0.213 0.699 0 0.005
0.213 0.85 0 0.005
0.214 0.178 0 0.005
0.214 0.688 0 0.005
0.212 0.999 0 0.005
0.215 0.115 0 0.005
0.215 0.337 0 0.005
0.215 0.519 0 0.005
0.215 0.661 0 0.005
0.215 0.863 0 0.005
0.215 0.96 0 0.005
0.216 0.246 0 0.005
0.216 0.348 0 0.005
0.216 0.562 0 0.005
0.216 0.595 0 0.005
0.216 0.777 0 0.005
0.217 0.38 0 0.005
0.217 0.47 0 0.005
0.217 0.745 0 0.005
0.217 0.935 0 0.005
0.218 0.046 0 0.005
0.218 0.079 0 0.005
0.218 0.136 0 0.005
0.218 0.234 0 0.005
0.218 0.452 0 0.005
0.218 0.724 0 0.005
0.218 0.921 0 0.005
0.219 0.011 0 0.005
0.219 0.208 0 0.005
0.219 0.262 0 0.005
0.219 0.482 0 0.005
0.219 0.572 0 0.005
0.219 0.89 0 0.005
0.22 0.189 0 0.005
0.22 0.39 0 0.005
0.22 0.438 0 0.005
0.22 0.642 0 0.005
0.22 0.711 0 0.005
0.22 0.816 0 0.005
0.221 0.035 0 0.005
0.221 0.311 0 0.005
0.222 0.672 0 0.005
0.222 0.788 0 0.005
0.222 0.872 0 0.005
0.223 0.5 0 0.005
0.224 0.152 0 0.005
0.224 0.512 0 0.005
0.224 0.62 0 0.005
0.224 0.755 0 0.005
0.225 0.296 0 0.005
0.225 0.427 0 0.005
0.225 0.772 0 0.005
0.225 0.798 0 0.005
0.226 0.526 0 0.005
0.227 0.061 0 0.005
0.227 0.108 0 0.005
0.227 0.352 0 0.005
0.227 0.539 0 0.005
0.227 0.63 0 0.005
0.227 0.737 0 0.005
0.227 0.842 0 0.005
0.228 0.027 0 0.005
0.228 0.084 0 0.005
0.228 0.324 0 0.005
0.228 0.461 0 0.005
0.228 0.471 0 0.005
0.228 0.608 0 0.005
0.228 0.946 0 0.005
0.226 0.999 0 0.005
0.229 0.095 0 0.005
0.229 0.182 0 0.005
0.229 0.239 0 0.005
0.229 0.491 0 0.005
0.229 0.723 0 0.005
0.229 0.854 0 0.005
0.23 0.119 0 0.005
0.23 0.194 0 0.005
0.23 0.368 0 0.005
0.23 0.654 0 0.005
0.23 0.683 0 0.005
0.23 0.712 0 0.005
0.23 0.823 0 0.005
0.23 0.89 0 0.005
0.23 0.905 0 0.005
0.23 0.985 0 0.005
0.231 0.039 0 0.005
0.231 0.141 0 0.005
0.232 0.254 0 0.005
0.232 0.271 0 0.005
0.232 0.556 0 0.005
0.232 0.641 0 0.005
0.233 0.388 0 0.005
0.233 0.506 0 0.005
0.233 0.864 0 0.005
0.234 0.588 0 0.005
0.234 0.793 0 0.005
0.234 0.935 0 0.005
0.235 0.21 0 0.005
0.235 0.229 0 0.005
0.235 0.312 0 0.005
0.235 0.399 0 0.005
0.235 0.917 0 0.005
0.235 0.968 0 0.005
0.237 0.336 0 0.005
0.237 0.414 0 0.005
0.237 0.696 0 0.005
0.237 0.773 0 0.005
0.237 0.875 0 0.005
0.238 0.111 0 0.005
0.238 0.748 0 0.005
0.238 0.807 0 0.005
0.239 0.067 0 0.005
0.24 0.189 0 0.005
0.24 0.281 0 0.005
0.24 0.453 0 0.005
0.24 0.485 0 0.005
0.24 0.542 0 0.005
0.24 0.686 0 0.005
0.241 0.087 0 0.005
0.241 0.218 0 0.005
0.241 0.245 0 0.005
0.241 0.597 0 0.005
0.241 0.735 0 0.005
0.241 0.856 0 0.005
0.242 0.625 0 0.005
0.242 0.72 0 0.005
0.243 0.012 0 0.005
0.243 0.056 0 0.005
0.243 0.39 0 0.005
0.243 0.866 0 0.005
0.244 0.344 0 0.005
0.244 0.429 0 0.005
0.244 0.5 0 0.005
0.244 0.661 0 0.005
0.244 0.893 0 0.005
0.244 0.0004166666666666667 0 0.005
0.245 0.259 0 0.005
0.245 0.512 0 0.005
0.245 0.586 0 0.005
0.245 0.985 0 0.005
0.246 0.103 0 0.005
0.246 0.564 0 0.005
0.246 0.796 0 0.005
0.246 0.831 0 0.005
0.246 0.929 0 0.005
0.247 0.201 0 0.005
0.248 0.413 0 0.005
0.248 0.973 0 0.005
0.249 0.064 0 0.005
0.249 0.142 0 0.005
0.249 0.295 0 0.005
0.249 0.464 0 0.005
0.249 0.673 0 0.005
0.249 0.779 0 0.005
0.249 0.809 0 0.005
0.249 0.881 0 0.005
0.25 0.039 0 0.005
0.25 0.126 0 0.005
0.25 0.535 0 0.005
0.25 0.948 0 0.005
0.25 0.962 0 0.005
0.251 0.157 0 0.005
0.251 0.23 0 0.005
0.251 0.365 0 0.005
0.251 0.613 0 0.005
0.251 0.649 0 0.005
0.252 0.172 0 0.005
0.253 0.916 0 0.005
0.253 0.993 0 0.005
0.251 0.999 0 0.005
0.254 0.498 0 0.005
0.254 0.712 0 0.005
0.255 0.073 0 0.005
0.255 0.555 0 0.005
0.256 0.01 0 0.005
0.256 0.622 0 0.005
0.256 0.897 0 0.005
0.256 0.983 0 0.005
0.257 0.087 0 0.005
0.258 0.321 0 0.005
0.258 0.337 0 0.005
0.258 0.375 0 0.005
0.258 0.515 0 0.005
0.258 0.659 0 0.005
0.259 0.12 0 0.005
0.259 0.131 0 0.005
0.259 0.202 0 0.005
0.259 0.262 0 0.005
0.259 0.352 0 0.005
0.259 0.602 0 0.005
0.259 0.846 0 0.005
0.259 0.907 0 0.005
0.26 0.428 0 0.005
0.26 0.438 0 0.005
0.26 0.591 0 0.005
0.26 0.639 0 0.005
0.26 0.857 0 0.005
0.26 0.96 0 0.005
0.261 0.189 0 0.005
0.261 0.389 0 0.005
0.261 0.449 0 0.005
0.261 0.485 0 0.005
0.261 0.69 0 0.005
0.261 0.793 0 0.005
0.261 0.871 0 0.005
0.262 0.033 0 0.005
0.262 0.365 0 0.005
0.262 0.468 0 0.005
0.262 0.728 0 0.005
0.262 0.9977333333333334 0 0.005
0.263 0.056 0 0.005
0.263 0.099 0 0.005
0.263 0.161 0 0.005
0.263 0.171 0 0.005
0.263 0.251 0 0.005
0.263 0.58 0 0.005
0.263 0.68 0 0.005
0.264 0.141 0 0.005
0.264 0.272 0 0.005
0.264 0.296 0 0.005
0.264 0.975 0 0.005
0.265 0.214 0 0.005
0.265 0.228 0 0.005
0.265 0.532 0 0.005
0.265 0.55 0 0.005
0.265 0.747 0 0.005
0.265 0.833 0 0.005
0.265 0.881 0 0.005
0.266 0.082 0 0.005
0.266 0.614 0 0.005
0.266 0.771 0 0.005
0.266 0.82 0 0.005
0.267 0.286 0 0.005
0.268 0.113 0 0.005
0.269 0.07 0 0.005
0.269 0.323 0 0.005
0.27 0.412 0 0.005
0.27 0.511 0 0.005
0.27 0.6 0 0.005
0.27 0.649 0 0.005
0.27 0.711 0 0.005
0.27 0.845 0 0.005
0.271 0.238 0 0.005
0.271 0.335 0 0.005
0.271 0.922 0 0.005
0.271 0.948 0 0.005
0.272 0.147 0 0.005
0.272 0.691 0 0.005
0.273 0.048 0 0.005
0.273 0.424 0 0.005
0.273 0.557 0 0.005
0.273 0.588 0 0.005
0.273 0.626 0 0.005
0.273 0.785 0 0.005
0.273 0.867 0 0.005
0.273 0.9 0 0.005
0.273 0.911 0 0.005
0.274 0.179 0 0.005
0.274 0.345 0 0.005
0.274 0.357 0 0.005
0.274 0.434 0 0.005
0.274 0.452 0 0.005
0.274 0.967 0 0.005
0.275 0.201 0 0.005
0.276 0.006 0 0.005
0.276 0.061 0 0.005
0.276 0.168 0 0.005
0.276 0.519 0 0.005
0.276 0.749 0 0.005
0.276 0.765 0 0.005
0.276 0.991 0 0.005
0.277 0.119 0 0.005
0.277 0.37 0 0.005
0.277 0.38 0 0.005
0.277 0.73 0 0.005
0.277 0.797 0 0.005
0.277 0.886 0 0.005
0.278 0.02 0 0.005
0.278 0.268 0 0.005
0.278 0.775 0 0.005
0.277 0.0 0 0.005
0.279 0.321 0 0.005
0.279 0.809 0 0.005
0.279 0.836 0 0.005
0.28 0.22 0 0.005
0.28 0.306 0 0.005
0.28 0.394 0 0.005
0.28 0.461 0 0.005
0.28 0.49 0 0.005
0.28 0.935 0 0.005
0.281 0.133 0 0.005
0.281 0.241 0 0.005
0.281 0.471 0 0.005
0.281 0.507 0 0.005
0.281 0.665 0 0.005
0.282 0.035 0 0.005
0.282 0.285 0 0.005
0.282 0.649 0 0.005
0.283 0.192 0 0.005
0.284 0.104 0 0.005
0.284 0.336 0 0.005
0.284 0.546 0 0.005
0.284 0.822 0 0.005
0.285 0.08 0 0.005
0.285 0.147 0 0.005
0.285 0.576 0 0.005
0.285 0.719 0 0.005
0.285 0.946 0 0.005
0.286 0.01 0 0.005
0.286 0.443 0 0.005
0.287 0.0008095238095238096 0 0.005
0.287 0.178 0 0.005
0.287 0.361 0 0.005
0.287 0.526 0 0.005
0.287 0.842 0 0.005
0.287 0.879 0 0.005
0.287 0.976 0 0.005
0.287 0.995 0 0.005
0.288 0.206 0 0.005
0.288 0.273 0 0.005
0.288 0.694 0 0.005
0.288 0.859 0 0.005
0.289 0.597 0 0.005
0.289 0.639 0 0.005
0.289 0.753 0 0.005
0.289 0.898 0 0.005
0.29 0.121 0 0.005
0.29 0.299 0 0.005
0.29 0.322 0 0.005
0.29 0.38 0 0.005
0.29 0.401 0 0.005
0.29 0.496 0 0.005
0.29 0.557 0 0.005
0.291 0.683 0 0.005
0.291 0.805 0 0.005
0.292 0.16 0 0.005
0.292 0.511 0 0.005
0.292 0.614 0 0.005
0.292 0.734 0 0.005
0.292 0.829 0 0.005
0.293 0.09 0 0.005
0.293 0.222 0 0.005
0.293 0.469 0 0.005
0.293 0.663 0 0.005
0.293 0.968 0 0.005
0.294 0.071 0 0.005
0.294 0.191 0 0.005
0.294 0.78 0 0.005
0.294 0.923 0 0.005
0.294 0.955 0 0.005
0.295 0.566 0 0.005
0.295 0.625 0 0.005
0.296 0.104 0 0.005
0.296 0.344 0 0.005
0.296 0.447 0 0.005
0.296 0.943 0 0.005
0.297 0.01 0 0.005
0.297 0.038 0 0.005
0.297 0.048 0 0.005
0.297 0.248 0 0.005
0.297 0.48 0 0.005
0.297 0.603 0 0.005
0.297 0.9972564102564103 0 0.005
0.298 0.028 0 0.005
0.298 0.059 0 0.005
0.298 0.866 0 0.005
0.299 0.212 0 0.005
0.299 0.277 0 0.005
0.299 0.702 0 0.005
0.3 0.424 0 0.005
0.3 0.502 0 0.005
0.3 0.59 0 0.005
0.3 0.822 0 0.005
0.3 0.932 0 0.005
0.301 0.313 0 0.005
0.301 0.456 0 0.005
0.301 0.67 0 0.005
0.301 0.88 0 0.005
0.302 0.197 0 0.005
0.302 0.3 0 0.005
0.302 0.58 0 0.005
0.302 0.839 0 0.005
0.302 0.856 0 0.005
0.303 0.357 0 0.005
0.303 0.792 0 0.005
0.303 0.912 0 0.005
0.303 0.981 0 0.005
0.304 0.134 0 0.005
0.304 0.157 0 0.005
0.304 0.187 0 0.005
0.304 0.541 0 0.005
0.304 0.632 0 0.005
0.304 0.718 0 0.005
0.305 0.467 0 0.005
0.305 0.732 0 0.005
0.306 0.336 0 0.005
0.306 0.442 0 0.005
0.306 0.762 0 0.005
0.306 0.81 0 0.005
0.306 0.899 0 0.005
0.307 0.014 0 0.005
0.307 0.047 0 0.005
0.307 0.382 0 0.005
0.307 0.432 0 0.005
0.307 0.658 0 0.005
0.307 0.951 0 0.005
0.308 0.07 0 0.005
0.308 0.229 0 0.005
0.308 0.321 0 0.005
0.308 0.78 0 0.005
0.309 0.086 0 0.005
0.309 0.175 0 0.005
0.309 0.283 0 0.005
0.309 0.392 0 0.005
0.309 0.478 0 0.005
0.309 0.679 0 0.005
0.31 0.239 0 0.005
0.31 0.253 0 0.005
0.31 0.265 0 0.005
0.31 0.492 0 0.005
0.31 0.562 0 0.005
0.31 0.611 0 0.005
0.31 0.748 0 0.005
0.31 0.875 0 0.005
0.311 0.367 0 0.005
0.311 0.421 0 0.005
0.311 0.594 0 0.005
0.312 0.577 0 0.005
0.313 0.0012666666666666666 0 0.005
0.313 0.148 0 0.005
0.313 0.312 0 0.005
0.313 0.453 0 0.005
0.313 0.694 0 0.005
0.313 0.713 0 0.005
0.314 0.515 0 0.005
0.314 0.723 0 0.005
0.315 0.185 0 0.005
0.315 0.207 0 0.005
0.315 0.352 0 0.005
0.315 0.468 0 0.005
0.315 0.62 0 0.005
0.315 0.648 0 0.005
0.315 0.855 0 0.005
0.316 0.552 0 0.005
0.316 0.922 0 0.005
0.317 0.127 0 0.005
0.317 0.771 0 0.005
0.317 0.807 0 0.005
0.318 0.049 0 0.005
0.318 0.224 0 0.005
0.318 0.336 0 0.005
0.318 0.663 0 0.005
0.318 0.733 0 0.005
0.318 0.79 0 0.005
0.318 0.834 0 0.005
0.318 0.9956875 0 0.005
0.319 0.007 0 0.005
0.319 0.059 0 0.005
0.319 0.114 0 0.005
0.319 0.939 0 0.005
0.32 0.976 0 0.005
0.321 0.1 0 0.005
0.321 0.323 0 0.005
0.321 0.373 0 0.005
0.321 0.405 0 0.005
0.321 0.495 0 0.005
0.321 0.528 0 0.005
0.321 0.905 0 0.005
0.322 0.236 0 0.005
0.322 0.629 0 0.005
0.322 0.844 0 0.005
0.322 0.961 0 0.005
0.323 0.308 0 0.005
0.323 0.485 0 0.005
0.323 0.583 0 0.005
0.323 0.642 0 0.005
0.323 0.714 0 0.005
0.323 0.818 0 0.005
0.324 0.95 0 0.005
0.325 0.068 0 0.005
0.325 0.264 0 0.005
0.325 0.415 0 0.005
0.325 0.558 0 0.005
0.325 0.672 0 0.005
0.325 0.692 0 0.005
0.325 0.894 0 0.005
0.326 0.087 0 0.005
0.326 0.202 0 0.005
0.326 0.608 0 0.005
0.326 0.783 0 0.005
0.326 0.984 0 0.005
0.327 0.298 0 0.005
0.327 0.349 0 0.005
0.327 0.517 0 0.005
0.327 0.803 0 0.005
0.327 0.874 0 0.005
0.327 0.921 0 0.005
0.327 0.9981904761904762 0 0.005
0.328 0.162 0 0.005
0.328 0.25 0 0.005
0.328 0.651 0 0.005
0.329 0.117 0 0.005
0.329 0.152 0 0.005
0.329 0.284 0 0.005
0.329 0.544 0 0.005
0.329 0.744 0 0.005
0.33 0.029 0 0.005
0.33 0.049 0 0.005
0.33 0.185 0 0.005
0.33 0.23 0 0.005
0.33 0.764 0 0.005
0.33 0.793 0 0.005
0.331 0.019 0 0.005
0.332 0.039 0 0.005
0.332 0.06 0 0.005
0.332 0.24 0 0.005
0.332 0.566 0 0.005
0.332 0.722 0 0.005
0.332 0.832 0 0.005
0.333 0.139 0 0.005
0.333 0.173 0 0.005
0.333 0.32 0 0.005
0.333 0.43 0 0.005
0.333 0.637 0 0.005
0.333 0.811 0 0.005
0.334 0.308 0 0.005
0.334 0.391 0 0.005
0.334 0.659 0 0.005
0.335 0.21 0 0.005
0.335 0.507 0 0.005
0.335 0.733 0 0.005
0.335 0.928 0 0.005
0.336 0.44 0 0.005
0.336 0.451 0 0.005
0.336 0.462 0 0.005
0.336 0.479 0 0.005
0.336 0.699 0 0.005
0.336 0.851 0 0.005
0.336 0.865 0 0.005
0.337 0.358 0 0.005
0.337 0.946 0 0.005
0.338 0.264 0 0.005
0.338 0.274 0 0.005
0.338 0.374 0 0.005
0.338 0.785 0 0.005
0.339 0.004 0 0.005
0.339 0.081 0 0.005
0.339 0.294 0 0.005
0.339 0.415 0 0.005
0.34 0.164 0 0.005
0.34 0.496 0 0.005
0.341 0.517 0 0.005
0.341 0.575 0 0.005
0.341 0.602 0 0.005
0.341 0.908 0 0.005
0.34 0.9985833333333334 0 0.005
0.342 0.13 0 0.005
0.342 0.333 0 0.005
0.342 0.402 0 0.005
0.342 0.53 0 0.005
0.342 0.585 0 0.005
0.342 0.718 0 0.005
0.342 0.804 0 0.005
0.342 0.821 0 0.005
0.343 0.618 0 0.005
0.343 0.671 0 0.005
0.343 0.743 0 0.005
0.343 0.88 0 0.005
0.344 0.249 0 0.005
0.344 0.656 0 0.005
0.344 0.835 0 0.005
0.345 0.026 0 0.005
0.345 0.043 0 0.005
0.345 0.141 0 0.005
0.345 0.286 0 0.005
0.345 0.319 0 0.005
0.346 0.773 0 0.005
0.347 0.015 0 0.005
0.347 0.087 0 0.005
0.347 0.229 0 0.005
0.347 0.482 0 0.005
0.348 0.065 0 0.005
0.348 0.207 0 0.005
0.348 0.308 0 0.005
0.348 0.367 0 0.005
0.348 0.383 0 0.005
0.348 0.457 0 0.005
0.348 0.894 0 0.005
0.348 0.954 0 0.005
0.349 0.0022291666666666666 0 0.005
0.349 0.275 0 0.005
0.349 0.857 0 0.005
0.35 0.155 0 0.005
0.35 0.19 0 0.005
0.351 0.122 0 0.005
0.351 0.467 0 0.005
0.351 0.695 0 0.005
0.352 0.842 0 0.005
0.353 0.074 0 0.005
0.353 0.134 0 0.005
0.353 0.545 0 0.005
0.353 0.647 0 0.005
0.353 0.87 0 0.005
0.354 0.049 0 0.005
0.354 0.325 0 0.005
0.354 0.744 0 0.005
0.354 0.881 0 0.005
0.355 0.109 0 0.005
0.355 0.562 0 0.005
0.355 0.754 0 0.005
0.356 0.163 0 0.005
0.356 0.421 0 0.005
0.356 0.445 0 0.005
0.356 0.706 0 0.005
0.356 0.725 0 0.005
0.356 0.831 0 0.005
0.356 0.928 0 0.005
0.357 0.213 0 0.005
0.357 0.246 0 0.005
0.357 0.265 0 0.005
0.357 0.517 0 0.005
0.358 0.301 0 0.005
0.358 0.368 0 0.005
0.358 0.622 0 0.005
0.359 0.009 0 0.005
0.359 0.581 0 0.005
0.359 0.607 0 0.005
0.359 0.787 0 0.005
0.359 0.807 0 0.005
0.359 0.856 0 0.005
0.359 0.97 0 0.005
0.36 0.385 0 0.005
0.36 0.406 0 0.005
0.36 0.911 0 0.005
0.36 0.944 0 0.005
0.361 0.656 0 0.005
0.362 0.183 0 0.005
0.362 0.669 0 0.005
0.362 0.694 0 0.005
0.363 0.597 0 0.005
0.363 0.769 0 0.005
0.364 0.123 0 0.005
0.364 0.497 0 0.005
0.364 0.525 0 0.005
0.364 0.715 0 0.005
0.364 0.818 0 0.005
0.364 0.921 0 0.005
0.365 0.134 0 0.005
0.365 0.779 0 0.005
0.366 0.028 0 0.005
0.366 0.284 0 0.005
0.366 0.322 0 0.005
0.366 0.886 0 0.005
0.366 0.9967708333333334 0 0.005
0.367 0.172 0 0.005
0.367 0.311 0 0.005
0.367 0.463 0 0.005
0.368 0.091 0 0.005
0.368 0.101 0 0.005
0.368 0.161 0 0.005
0.368 0.347 0 0.005
0.368 0.442 0 0.005
0.368 0.483 0 0.005
0.368 0.986 0 0.005
0.369 0.067 0 0.005
0.369 0.42 0 0.005
0.369 0.642 0 0.005
0.369 0.677 0 0.005
0.369 0.735 0 0.005
0.369 0.751 0 0.005
0.369 0.799 0 0.005
0.37 0.515 0 0.005
0.371 0.224 0 0.005
0.371 0.237 0 0.005
0.371 0.407 0 0.005
0.371 0.585 0 0.005
0.371 0.831 0 0.005
0.372 0.257 0 0.005
0.372 0.275 0 0.005
0.372 0.55 0 0.005
0.373 0.944 0 0.005
0.374 0.357 0 0.005
0.374 0.6 0 0.005
0.374 0.814 0 0.005
0.375 0.129 0 0.005
0.375 0.291 0 0.005
0.375 0.388 0 0.005
0.375 0.565 0 0.005
0.375 0.876 0 0.005
0.376 0.05 0 0.005
0.376 0.075 0 0.005
0.376 0.319 0 0.005
0.376 0.962 0 0.005
0.377 0.119 0 0.005
0.377 0.329 0 0.005
0.377 0.769 0 0.005
0.377 0.9956875 0 0.005
0.378 0.023 0 0.005
0.378 0.426 0 0.005
0.378 0.864 0 0.005
0.378 0.897 0 0.005
0.379 0.036 0 0.005
0.379 0.143 0 0.005
0.379 0.198 0 0.005
0.379 0.37 0 0.005
0.379 0.488 0 0.005
0.379 0.504 0 0.005
0.379 0.577 0 0.005
0.379 0.673 0 0.005
0.379 0.977 0 0.005
0.38 0.738 0 0.005
0.38 0.823 0 0.005
0.38 0.915 0 0.005
0.381 0.013 0 0.005
0.381 0.092 0 0.005
0.381 0.405 0 0.005
0.381 0.587 0 0.005
0.381 0.614 0 0.005
0.381 0.854 0 0.005
0.382 0.307 0 0.005
0.382 0.795 0 0.005
0.383 0.251 0 0.005
0.383 0.532 0 0.005
0.383 0.785 0 0.005
0.383 0.835 0 0.005
0.384 0.107 0 0.005
0.384 0.381 0 0.005
0.384 0.659 0 0.005
0.384 0.71 0 0.005
0.385 0.125 0 0.005
0.385 0.165 0 0.005
0.385 0.461 0 0.005
0.385 0.635 0 0.005
0.385 0.692 0 0.005
0.386 0.051 0 0.005
0.386 0.226 0 0.005
0.386 0.289 0 0.005
0.386 0.48 0 0.005
0.386 0.882 0 0.005
0.387 0.178 0 0.005
0.387 0.564 0 0.005
0.388 0.775 0 0.005
0.388 0.81 0 0.005
0.388 0.892 0 0.005
0.388 0.956 0 0.005
0.389 0.193 0 0.005
0.389 0.52 0 0.005
0.389 0.984 0 0.005
0.39 0.062 0 0.005
0.39 0.156 0 0.005
0.39 0.429 0 0.005
0.39 0.49 0 0.005
0.39 0.9967708333333334 0 0.005
0.391 0.144 0 0.005
0.391 0.546 0 0.005
0.391 0.608 0 0.005
0.391 0.619 0 0.005
0.392 0.038 0 0.005
0.392 0.245 0 0.005
0.392 0.451 0 0.005
0.392 0.921 0 0.005
0.392 0.946 0 0.005
0.393 0.415 0 0.005
0.393 0.677 0 0.005
0.393 0.705 0 0.005
0.393 0.747 0 0.005
0.394 0.086 0 0.005
0.394 0.327 0 0.005
0.394 0.837 0 0.005
0.395 0.027 0 0.005
0.395 0.767 0 0.005
0.395 0.906 0 0.005
0.396 0.362 0 0.005
0.396 0.438 0 0.005
0.396 0.498 0 0.005
0.396 0.789 0 0.005
0.397 0.115 0 0.005
0.397 0.307 0 0.005
0.397 0.594 0 0.005
0.397 0.691 0 0.005
0.397 0.82 0 0.005
0.397 0.864 0 0.005
0.398 0.102 0 0.005
0.398 0.372 0 0.005
0.398 0.392 0 0.005
0.398 0.557 0 0.005
0.398 0.653 0 0.005
0.398 0.896 0 0.005
0.399 0.257 0 0.005
0.399 0.579 0 0.005
0.399 0.878 0 0.005
0.4 0.009 0 0.005
0.4 0.94 0 0.005
0.401 0.178 0 0.005
0.401 0.478 0 0.005
0.401 0.544 0 0.005
0.402 0.049 0 0.005
0.402 0.161 0 0.005
0.402 0.199 0 0.005
0.402 0.282 0 0.005
0.402 0.522 0 0.005
0.402 0.831 0 0.005
0.402 0.852 0 0.005
0.402 0.928 0 0.005
0.403 0.225 0 0.005
0.403 0.413 0 0.005
0.403 0.67 0 0.005
0.403 0.726 0 0.005
0.404 0.149 0 0.005
0.404 0.428 0 0.005
0.404 0.511 0 0.005
0.404 0.716 0 0.005
0.405 0.463 0 0.005
0.406 0.077 0 0.005
0.406 0.269 0 0.005
0.406 0.351 0 0.005
0.406 0.4 0 0.005
0.406 0.533 0 0.005
0.406 0.801 0 0.005
0.407 0.11 0 0.005
0.407 0.188 0 0.005
0.407 0.241 0 0.005
0.407 0.316 0 0.005
0.407 0.565 0 0.005
0.407 0.59 0 0.005
0.407 0.755 0 0.005
0.407 0.884 0 0.005
0.407 0.988 0 0.005
0.408 0.035 0 0.005
0.408 0.843 0 0.005
0.408 0.899 0 0.005
0.409 0.255 0 0.005
0.409 0.298 0 0.005
0.409 0.502 0 0.005
0.409 0.684 0 0.005
0.409 0.92 0 0.005
0.41 0.817 0 0.005
0.411 0.017 0 0.005
0.412 0.065 0 0.005
0.412 0.439 0 0.005
0.412 0.602 0 0.005
0.412 0.643 0 0.005
0.412 0.734 0 0.005
0.413 0.09 0 0.005
0.413 0.17 0 0.005
0.413 0.196 0 0.005
0.413 0.33 0 0.005
0.413 0.66 0 0.005
0.413 0.77 0 0.005
0.414 0.045 0 0.005
0.414 0.137 0 0.005
0.414 0.375 0 0.005
0.414 0.72 0 0.005
0.414 0.932 0 0.005
0.414 0.954 0 0.005
0.415 0.832 0 0.005
0.416 0.308 0 0.005
0.416 0.48 0 0.005
0.416 0.794 0 0.005
0.416 0.855 0 0.005
0.416 0.973 0 0.005
0.417 0.121 0 0.005
0.417 0.352 0 0.005
0.417 0.425 0 0.005
0.417 0.449 0 0.005
0.417 0.527 0 0.005
0.417 0.678 0 0.005
0.417 0.989 0 0.005
0.418 0.0022291666666666666 0 0.005
0.418 0.623 0 0.005
0.418 0.756 0 0.005
0.419 0.32 0 0.005
0.419 0.393 0 0.005
0.419 0.5 0 0.005
0.419 0.9 0 0.005
0.42 0.077 0 0.005
0.42 0.219 0 0.005
0.42 0.405 0 0.005
0.42 0.47 0 0.005
0.42 0.547 0 0.005
0.42 0.924 0 0.005
0.421 0.159 0 0.005
0.422 0.099 0 0.005
0.422 0.184 0 0.005
0.422 0.459 0 0.005
0.422 0.564 0 0.005
0.423 0.03 0 0.005
0.423 0.263 0 0.005
0.423 0.574 0 0.005
0.423 0.597 0 0.005
0.423 0.71 0 0.005
0.423 0.742 0 0.005
0.424 0.639 0 0.005
0.425 0.821 0 0.005
0.425 0.86 0 0.005
0.426 0.249 0 0.005
0.426 0.332 0 0.005
0.426 0.613 0 0.005
0.426 0.834 0 0.005
0.426 0.847 0 0.005
0.427 0.016 0 0.005
0.427 0.117 0 0.005
0.427 0.354 0 0.005
0.427 0.537 0 0.005
0.427 0.775 0 0.005
0.428 0.142 0 0.005
0.428 0.294 0 0.005
0.428 0.45 0 0.005
0.428 0.907 0 0.005
0.429 0.107 0 0.005
0.429 0.316 0 0.005
0.429 0.371 0 0.005
0.429 0.396 0 0.005
0.429 0.41 0 0.005
0.429 0.629 0 0.005
0.43 0.075 0 0.005
0.43 0.437 0 0.005
0.43 0.66 0 0.005
0.431 0.055 0 0.005
0.431 0.482 0 0.005
0.431 0.552 0 0.005
0.431 0.759 0 0.005
0.432 0.041 0 0.005
0.432 0.085 0 0.005
0.432 0.384 0 0.005
0.432 0.686 0 0.005
0.432 0.921 0 0.005
0.433 0.497 0 0.005
0.433 0.52 0 0.005
0.433 0.646 0 0.005
0.433 0.672 0 0.005
0.433 0.873 0 0.005
0.433 0.939 0 0.005
0.434 0.281 0 0.005
0.434 0.814 0 0.005
0.435 0.098 0 0.005
0.435 0.57 0 0.005
0.435 0.696 0 0.005
0.435 0.972 0 0.005
0.436 0.0012666666666666666 0 0.005
0.436 0.148 0 0.005
0.436 0.827 0 0.005
0.437 0.013 0 0.005
0.437 0.211 0 0.005
0.437 0.365 0 0.005
0.437 0.99 0 0.005
0.438 0.121 0 0.005
0.438 0.165 0 0.005
0.438 0.91 0 0.005
0.438 0.961 0 0.005
0.439 0.429 0 0.005
0.439 0.489 0 0.005
0.439 0.537 0 0.005
0.439 0.631 0 0.005
0.439 0.95 0 0.005
0.44 0.134 0 0.005
0.44 0.308 0 0.005
0.44 0.375 0 0.005
0.44 0.416 0 0.005
0.44 0.588 0 0.005
0.44 0.607 0 0.005
0.44 0.74 0 0.005
0.441 0.465 0 0.005
0.441 0.55 0 0.005
0.441 0.657 0 0.005
0.441 0.804 0 0.005
0.442 0.503 0 0.005
0.442 0.793 0 0.005
0.442 0.891 0 0.005
0.443 0.073 0 0.005
0.443 0.406 0 0.005
0.443 0.523 0 0.005
0.443 0.62 0 0.005
0.444 0.266 0 0.005
0.444 0.335 0 0.005
0.444 0.642 0 0.005
0.444 0.667 0 0.005
0.444 0.856 0 0.005
0.444 0.923 0 0.005
0.445 0.084 0 0.005
0.445 0.1 0 0.005
0.445 0.597 0 0.005
0.445 0.719 0 0.005
0.446 0.184 0 0.005
0.446 0.281 0 0.005
0.446 0.293 0 0.005
0.446 0.453 0 0.005
0.446 0.816 0 0.005
0.447 0.026 0 0.005
0.447 0.318 0 0.005
0.447 0.362 0 0.005
0.448 0.041 0 0.005
0.448 0.763 0 0.005
0.448 0.986 0 0.005
0.449 0.752 0 0.005
0.449 0.906 0 0.005
0.45 0.218 0 0.005
0.45 0.56 0 0.005
0.45 0.633 0 0.005
0.45 0.689 0 0.005
0.45 0.782 0 0.005
0.45 0.83 0 0.005
0.45 0.939 0 0.005
0.45 0.959 0 0.005
0.451 0.231 0 0.005
0.451 0.498 0 0.005
0.451 0.514 0 0.005
0.451 0.678 0 0.005
0.452 0.118 0 0.005
0.452 0.477 0 0.005
0.453 0.2 0 0.005
0.453 0.309 0 0.005
0.453 0.804 0 0.005
0.453 0.971 0 0.005
0.454 0.09 0 0.005
0.454 0.413 0 0.005
0.454 0.433 0 0.005
0.455 0.712 0 0.005
0.455 0.878 0 0.005
0.455 0.92 0 0.005
0.456 0.142 0 0.005
0.456 0.351 0 0.005
0.456 0.367 0 0.005
0.456 0.537 0 0.005
0.457 0.065 0 0.005
0.457 0.1 0 0.005
0.457 0.13 0 0.005
0.457 0.247 0 0.005
0.457 0.257 0 0.005
0.457 0.335 0 0.005
0.457 0.385 0 0.005
0.457 0.618 0 0.005
0.457 0.656 0 0.005
0.458 0.641 0 0.005
0.458 0.744 0 0.005
0.458 0.9 0 0.005
0.459 0.866 0 0.005
0.46 0.78 0 0.005
0.46 0.834 0 0.005
0.46 0.932 0 0.005
0.46 0.986 0 0.005
0.461 0.005 0 0.005
0.461 0.286 0 0.005
0.461 0.591 0 0.005
0.462 0.153 0 0.005
0.462 0.194 0 0.005
0.462 0.457 0 0.005
0.462 0.85 0 0.005
0.462 0.91 0 0.005
0.462 0.942 0 0.005
0.463 0.205 0 0.005
0.463 0.44 0 0.005
0.463 0.511 0 0.005
0.463 0.569 0 0.005
0.464 0.318 0 0.005
0.464 0.417 0 0.005
0.465 0.821 0 0.005
0.465 0.89 0 0.005
0.466 0.023 0 0.005
0.466 0.059 0 0.005
0.466 0.138 0 0.005
0.466 0.357 0 0.005
0.466 0.396 0 0.005
0.466 0.695 0 0.005
0.466 0.752 0 0.005
0.466 0.798 0 0.005
0.467 0.115 0 0.005
0.467 0.238 0 0.005
0.467 0.37 0 0.005
0.467 0.547 0 0.005
0.467 0.877 0 0.005
0.468 0.223 0 0.005
0.468 0.272 0 0.005
0.468 0.347 0 0.005
0.468 0.601 0 0.005
0.468 0.621 0 0.005
0.468 0.631 0 0.005
0.468 0.711 0 0.005
0.469 0.183 0 0.005
0.469 0.252 0 0.005
0.469 0.535 0 0.005
0.47 0.171 0 0.005
0.47 0.292 0 0.005
0.47 0.733 0 0.005
0.47 0.948 0 0.005
0.47 0.966 0 0.005
0.47 0.9972564102564103 0 0.005
0.471 0.765 0 0.005
0.471 0.867 0 0.005
0.472 0.463 0 0.005
0.472 0.829 0 0.005
0.472 0.84 0 0.005
0.472 0.915 0 0.005
0.471 0.0 0 0.005
0.473 0.657 0 0.005
0.473 0.67 0 0.005
0.474 0.487 0 0.005
0.474 0.504 0 0.005
0.474 0.558 0 0.005
0.474 0.79 0 0.005
0.474 0.812 0 0.005
0.475 0.009 0 0.005
0.475 0.09 0 0.005
0.475 0.158 0 0.005
0.475 0.196 0 0.005
0.475 0.473 0 0.005
0.475 0.514 0 0.005
0.475 0.612 0 0.005
0.476 0.306 0 0.005
0.476 0.319 0 0.005
0.476 0.417 0 0.005
0.476 0.446 0 0.005
0.476 0.984 0 0.005
0.477 0.637 0 0.005
0.477 0.685 0 0.005
0.477 0.777 0 0.005
0.478 0.044 0 0.005
0.478 0.112 0 0.005
0.478 0.232 0 0.005
0.478 0.93 0 0.005
0.479 0.127 0 0.005
0.479 0.221 0 0.005
0.479 0.57 0 0.005
0.479 0.647 0 0.005
0.479 0.725 0 0.005
0.48 0.079 0 0.005
0.48 0.17 0 0.005
0.48 0.187 0 0.005
0.48 0.383 0 0.005
0.48 0.544 0 0.005
0.48 0.602 0 0.005
0.481 0.141 0 0.005
0.481 0.207 0 0.005
0.481 0.35 0 0.005
0.481 0.369 0 0.005
0.481 0.585 0 0.005
0.481 0.953 0 0.005
0.481 0.996280701754386 0 0.005
0.482 0.438 0 0.005
0.482 0.527 0 0.005
0.482 0.859 0 0.005
0.482 0.875 0 0.005
0.482 0.0004166666666666667 0 0.005
0.483 0.273 0 0.005
0.483 0.331 0 0.005
0.484 0.283 0 0.005
0.484 0.697 0 0.005
0.484 0.805 0 0.005
0.485 0.259 0 0.005
0.485 0.49 0 0.005
0.485 0.508 0 0.005
0.485 0.613 0 0.005
0.486 0.057 0 0.005
0.486 0.09 0 0.005
0.486 0.317 0 0.005
0.486 0.843 0 0.005
0.487 0.637 0 0.005
0.488 0.017 0 0.005
0.488 0.422 0 0.005
0.488 0.781 0 0.005
0.488 0.908 0 0.005
0.488 0.928 0 0.005
0.489 0.101 0 0.005
0.489 0.554 0 0.005
0.489 0.567 0 0.005
0.489 0.577 0 0.005
0.489 0.708 0 0.005
0.489 0.938 0 0.005
0.489 0.964 0 0.005
0.49 0.231 0 0.005
0.49 0.36 0 0.005
0.49 0.771 0 0.005
0.49 0.895 0 0.005
0.491 0.143 0 0.005
0.491 0.192 0 0.005
0.491 0.209 0 0.005
0.491 0.625 0 0.005
0.491 0.678 0 0.005
0.491 0.726 0 0.005
0.491 0.743 0 0.005
0.491 0.828 0 0.005
0.491 0.981 0 0.005
0.492 0.289 0 0.005
0.492 0.392 0 0.005
0.492 0.445 0 0.005
0.493 0.253 0 0.005
0.493 0.338 0 0.005
0.493 0.665 0 0.005
0.494 0.163 0 0.005
0.494 0.414 0 0.005
0.494 0.476 0 0.005
0.494 0.497 0 0.005
0.495 0.182 0 0.005
0.495 0.513 0 0.005
0.495 0.654 0 0.005
0.495 0.81 0 0.005
0.496 0.032 0 0.005
0.496 0.698 0 0.005
0.496 0.949 0 0.005
0.497 0.328 0 0.005
0.497 0.378 0 0.005
0.497 0.795 0 0.005
0.497 0.917 0 0.005
0.498 0.006 0 0.005
0.498 0.118 0 0.005
0.498 0.487 0 0.005
0.498 0.644 0 0.005
0.499 0.688 0 0.005
0.499 0.885 0 0.005
0.5 0.315 0 0.005
0.5 0.436 0 0.005
0.5 0.53 0 0.005
0.5 0.554 0 0.005
0.5 0.819 0 0.005
0.501 0.018 0 0.005
0.501 0.097 0 0.005
0.501 0.346 0 0.005
0.501 0.713 0 0.005
0.501 0.832 0 0.005
0.501 0.872 0 0.005
0.501 0.97 0 0.005
0.502 0.078 0 0.005
0.502 0.581 0 0.005
0.502 0.937 0 0.005
0.502 0.991 0 0.005
0.503 0.068 0 0.005
0.503 0.202 0 0.005
0.503 0.673 0 0.005
0.503 0.857 0 0.005
0.504 0.146 0 0.005
0.504 0.162 0 0.005
0.504 0.628 0 0.005
0.506 0.027 0 0.005
0.506 0.234 0 0.005
0.506 0.254 0 0.005
0.506 0.279 0 0.005
0.506 0.294 0 0.005
0.506 0.364 0 0.005
0.506 0.425 0 0.005
0.506 0.473 0 0.005
0.506 0.497 0 0.005
0.506 0.656 0 0.005
0.507 0.188 0 0.005
0.507 0.798 0 0.005
0.508 0.136 0 0.005
0.508 0.214 0 0.005
0.508 0.41 0 0.005
0.508 0.517 0 0.005
0.508 0.592 0 0.005
0.508 0.727 0 0.005
0.508 0.76 0 0.005
0.508 0.917 0 0.005
0.509 0.839 0 0.005
0.51 0.392 0 0.005
0.51 0.461 0 0.005
0.511 0.265 0 0.005
0.511 0.316 0 0.005
0.511 0.443 0 0.005
0.511 0.905 0 0.005
0.512 0.377 0 0.005
0.512 0.535 0 0.005
0.512 0.605 0 0.005
0.512 0.963 0 0.005
0.512 0.981 0 0.005
0.513 0.053 0 0.005
0.513 0.075 0 0.005
0.513 0.108 0 0.005
0.514 0.167 0 0.005
0.514 0.285 0 0.005
0.514 0.433 0 0.005
0.514 0.874 0 0.005
0.514 0.927 0 0.005
0.514 0.939 0 0.005
0.515 0.098 0 0.005
0.515 0.625 0 0.005
0.515 0.688 0 0.005
0.515 0.705 0 0.005
0.516 0.042 0 0.005
0.516 0.123 0 0.005
0.516 0.355 0 0.005
0.516 0.469 0 0.005
0.516 0.646 0 0.005
0.516 0.715 0 0.005
0.516 0.766 0 0.005
0.516 0.82 0 0.005
0.517 0.241 0 0.005
0.517 0.789 0 0.005
0.517 0.953 0 0.005
0.518 0.188 0 0.005
0.518 0.411 0 0.005
0.518 0.479 0 0.005
0.518 0.552 0 0.005
0.518 0.801 0 0.005
0.519 0.148 0 0.005
0.519 0.494 0 0.005
0.519 0.747 0 0.005
0.519 0.844 0 0.005
0.52 0.175 0 0.005
0.52 0.328 0 0.005
0.52 0.834 0 0.005
0.52 0.892 0 0.005
0.521 0.566 0 0.005
0.521 0.584 0 0.005
0.521 0.665 0 0.005
0.522 0.02 0 0.005
0.522 0.083 0 0.005
0.522 0.451 0 0.005
0.522 0.679 0 0.005
0.522 0.733 0 0.005
0.523 0.0017435897435897436 0 0.005
0.523 0.113 0 0.005
0.523 0.271 0 0.005
0.523 0.599 0 0.005
0.523 0.618 0 0.005
0.524 0.338 0 0.005
0.524 0.375 0 0.005
0.524 0.722 0 0.005
0.525 0.047 0 0.005
0.525 0.229 0 0.005
0.525 0.285 0 0.005
0.525 0.517 0 0.005
0.525 0.538 0 0.005
0.525 0.814 0 0.005
0.525 0.854 0 0.005
0.525 0.921 0 0.005
0.526 0.883 0 0.005
0.527 0.391 0 0.005
0.527 0.645 0 0.005
0.528 0.31 0 0.005
0.528 0.35 0 0.005
0.528 0.549 0 0.005
0.528 0.631 0 0.005
0.528 0.752 0 0.005
0.528 0.908 0 0.005
0.528 0.982 0 0.005
0.529 0.031 0 0.005
0.529 0.094 0 0.005
0.529 0.197 0 0.005
0.529 0.428 0 0.005
0.529 0.467 0 0.005
0.529 0.483 0 0.005
0.529 0.94 0 0.005
0.529 0.957 0 0.005
0.529 0.995 0 0.005
0.53 0.297 0 0.005
0.53 0.658 0 0.005
0.53 0.865 0 0.005
0.53 0.897 0 0.005
0.531 0.164 0 0.005
0.531 0.97 0 0.005
0.532 0.012 0 0.005
0.532 0.07 0 0.005
0.532 0.402 0 0.005
0.532 0.801 0 0.005
0.533 0.0017435897435897436 0 0.005
0.533 0.212 0 0.005
0.533 0.24 0 0.005
0.533 0.69 0 0.005
0.534 0.052 0 0.005
0.534 0.502 0 0.005
0.534 0.701 0 0.005
0.535 0.33 0 0.005
0.535 0.527 0 0.005
0.535 0.572 0 0.005
0.536 0.08 0 0.005
0.536 0.132 0 0.005
0.536 0.377 0 0.005
0.536 0.922 0 0.005
0.537 0.152 0 0.005
0.537 0.282 0 0.005
0.537 0.64 0 0.005
0.537 0.823 0 0.005
0.537 0.852 0 0.005
0.538 0.449 0 0.005
0.538 0.679 0 0.005
0.538 0.713 0 0.005
0.539 0.122 0 0.005
0.539 0.194 0 0.005
0.539 0.307 0 0.005
0.539 0.777 0 0.005
0.539 0.788 0 0.005
0.54 0.264 0 0.005
0.54 0.474 0 0.005
0.54 0.665 0 0.005
0.54 0.761 0 0.005
0.54 0.877 0 0.005
0.541 0.355 0 0.005
0.541 0.486 0 0.005
0.541 0.611 0 0.005
0.541 0.968 0 0.005
0.539 0.999 0 0.005
0.542 0.545 0 0.005
0.542 0.739 0 0.005
0.542 0.805 0 0.005
0.542 0.897 0 0.005
0.542 0.978 0 0.005
0.543 0.178 0 0.005
0.543 0.296 0 0.005
0.543 0.395 0 0.005
0.543 0.464 0 0.005
0.543 0.914 0 0.005
0.544 0.099 0 0.005
0.544 0.241 0 0.005
0.544 0.588 0 0.005
0.545 0.334 0 0.005
0.545 0.436 0 0.005
0.545 0.561 0 0.005
0.546 0.027 0 0.005
0.546 0.203 0 0.005
0.546 0.407 0 0.005
0.547 0.16 0 0.005
0.547 0.224 0 0.005
0.547 0.633 0 0.005
0.547 0.696 0 0.005
0.547 0.991 0 0.005
0.548 0.451 0 0.005
0.548 0.507 0 0.005
0.548 0.816 0 0.005
0.549 0.11 0 0.005
0.549 0.386 0 0.005
0.55 0.037 0 0.005
0.55 0.053 0 0.005
0.55 0.141 0 0.005
0.55 0.798 0 0.005
0.55 0.864 0 0.005
0.551 0.128 0 0.005
0.551 0.366 0 0.005
0.551 0.723 0 0.005
0.551 0.767 0 0.005
0.552 0.351 0 0.005
0.552 0.422 0 0.005
0.552 0.469 0 0.005
0.552 0.754 0 0.005
0.552 0.784 0 0.005
0.553 0.0022291666666666666 0 0.005
0.553 0.304 0 0.005
0.553 0.657 0 0.005
0.553 0.677 0 0.005
0.553 0.9 0 0.005
0.554 0.09 0 0.005
0.554 0.276 0 0.005
0.554 0.85 0 0.005
0.554 0.949 0 0.005
0.555 0.289 0 0.005
0.555 0.529 0 0.005
0.555 0.556 0 0.005
0.555 0.597 0 0.005
0.555 0.9977333333333334 0 0.005
0.556 0.079 0 0.005
0.556 0.206 0 0.005
0.556 0.341 0 0.005
0.556 0.494 0 0.005
0.557 0.19 0 0.005
0.557 0.248 0 0.005
0.557 0.395 0 0.005
0.557 0.617 0 0.005
0.557 0.91 0 0.005
0.557 0.925 0 0.005
0.559 0.022 0 0.005
0.559 0.742 0 0.005
0.559 0.806 0 0.005
0.559 0.84 0 0.005
0.56 0.06 0 0.005
0.56 0.452 0 0.005
0.56 0.484 0 0.005
0.56 0.647 0 0.005
0.56 0.887 0 0.005
0.56 0.966 0 0.005
0.561 0.261 0 0.005
0.561 0.538 0 0.005
0.561 0.978 0 0.005
0.562 0.168 0 0.005
0.562 0.369 0 0.005
0.562 0.514 0 0.005
0.562 0.665 0 0.005
0.562 0.766 0 0.005
0.562 0.791 0 0.005
0.562 0.99 0 0.005
0.563 0.01 0 0.005
0.563 0.311 0 0.005
0.563 0.415 0 0.005
0.564 0.041 0 0.005
0.564 0.101 0 0.005
0.564 0.583 0 0.005
0.564 0.73 0 0.005
0.564 0.949 0 0.005
0.565 0.214 0 0.005
0.566 0.503 0 0.005
0.566 0.548 0 0.005
0.566 0.849 0 0.005
0.567 0.155 0 0.005
0.567 0.385 0 0.005
0.567 0.603 0 0.005
0.567 0.916 0 0.005
0.568 0.186 0 0.005
0.568 0.301 0 0.005
0.568 0.47 0 0.005
0.568 0.569 0 0.005
0.568 0.63 0 0.005
0.568 0.783 0 0.005
0.569 0.134 0 0.005
0.569 0.721 0 0.005
0.57 0.025 0 0.005
0.571 0.0033125 0 0.005
0.571 0.239 0 0.005
0.571 0.327 0 0.005
0.571 0.531 0 0.005
0.572 0.168 0 0.005
0.572 0.254 0 0.005
0.572 0.642 0 0.005
0.572 0.834 0 0.005
0.573 0.053 0 0.005
0.573 0.225 0 0.005
0.573 0.857 0 0.005
0.574 0.441 0 0.005
0.574 0.662 0 0.005
0.574 0.881 0 0.005
0.575 0.037 0 0.005
0.575 0.341 0 0.005
0.575 0.36 0 0.005
0.575 0.744 0 0.005
0.575 0.775 0 0.005
0.575 0.984 0 0.005
0.576 0.285 0 0.005
0.576 0.46 0 0.005
0.576 0.685 0 0.005
0.576 0.703 0 0.005
0.577 0.208 0 0.005
0.577 0.391 0 0.005
0.577 0.49 0 0.005
0.577 0.54 0 0.005
0.577 0.754 0 0.005
0.577 0.892 0 0.005
0.578 0.586 0 0.005
0.578 0.786 0 0.005
0.578 0.903 0 0.005
0.578 0.9967708333333334 0 0.005
0.579 0.076 0 0.005
0.579 0.503 0 0.005
0.579 0.824 0 0.005
0.58 0.123 0 0.005
0.58 0.605 0 0.005
0.58 0.636 0 0.005
0.58 0.797 0 0.005
0.58 0.868 0 0.005
0.581 0.151 0 0.005
0.581 0.189 0 0.005
0.581 0.266 0 0.005
0.581 0.38 0 0.005
0.581 0.767 0 0.005
0.581 0.808 0 0.005
0.582 0.253 0 0.005
0.582 0.917 0 0.005
0.582 0.93 0 0.005
0.583 0.239 0 0.005
0.583 0.42 0 0.005
0.583 0.434 0 0.005
0.583 0.622 0 0.005
0.583 0.719 0 0.005
0.583 0.851 0 0.005
0.584 0.137 0 0.005
0.584 0.573 0 0.005
0.585 0.018 0 0.005
0.585 0.482 0 0.005
0.585 0.657 0 0.005
0.585 0.69 0 0.005
0.585 0.777 0 0.005
0.585 0.955 0 0.005
0.586 0.008 0 0.005
0.586 0.178 0 0.005
0.586 0.22 0 0.005
0.586 0.303 0 0.005
0.586 0.879 0 0.005
0.586 0.982 0 0.005
0.587 0.21 0 0.005
0.587 0.335 0 0.005
0.588 0.097 0 0.005
0.588 0.16 0 0.005
0.588 0.318 0 0.005
0.588 0.471 0 0.005
0.589 0.046 0 0.005
0.589 0.364 0 0.005
0.589 0.393 0 0.005
0.589 0.496 0 0.005
0.589 0.596 0 0.005
0.589 0.668 0 0.005
0.59 0.198 0 0.005
0.59 0.706 0 0.005
0.59 0.908 0 0.005
0.59 0.936 0 0.005
0.591 0.283 0 0.005
0.591 0.807 0 0.005
0.592 0.128 0 0.005
0.592 0.586 0 0.005
0.592 0.648 0 0.005
0.592 0.749 0 0.005
0.592 0.866 0 0.005
0.593 0.034 0 0.005
0.593 0.38 0 0.005
0.593 0.509 0 0.005
0.594 0.414 0 0.005
0.594 0.561 0 0.005
0.594 0.61 0 0.005
0.594 0.735 0 0.005
0.594 0.847 0 0.005
0.595 0.118 0 0.005
0.595 0.435 0 0.005
0.595 0.786 0 0.005
0.595 0.949 0 0.005
0.596 0.071 0 0.005
0.596 0.797 0 0.005
0.596 0.832 0 0.005
0.597 0.244 0 0.005
0.597 0.339 0 0.005
0.597 0.721 0 0.005
0.597 0.982 0 0.005
0.598 0.684 0 0.005
0.598 0.961 0 0.005
0.598 0.996280701754386 0 0.005
0.599 0.224 0 0.005
0.599 0.366 0 0.005
0.599 0.445 0 0.005
0.599 0.659 0 0.005
0.599 0.916 0 0.005
0.6 0.158 0 0.005
0.6 0.468 0 0.005
0.6 0.478 0 0.005
0.6 0.545 0 0.005
0.6 0.671 0 0.005
0.6 0.813 0 0.005
0.6 0.93 0 0.005
0.601 0.056 0 0.005
0.601 0.145 0 0.005
0.601 0.192 0 0.005
0.601 0.315 0 0.005
0.601 0.891 0 0.005
0.602 0.004 0 0.005
0.602 0.014 0 0.005
0.602 0.082 0 0.005
0.602 0.258 0 0.005
0.602 0.3 0 0.005
0.602 0.399 0 0.005
0.602 0.637 0 0.005
0.602 0.702 0 0.005
0.603 0.53 0 0.005
0.603 0.576 0 0.005
0.603 0.6 0 0.005
0.603 0.881 0 0.005
0.604 0.175 0 0.005
0.604 0.555 0 0.005
0.604 0.589 0 0.005
0.604 0.768 0 0.005
0.604 0.842 0 0.005
0.604 0.852 0 0.005
0.604 0.941 0 0.005
0.605 0.105 0 0.005
0.605 0.424 0 0.005
0.605 0.97 0 0.005
0.606 0.279 0 0.005
0.606 0.459 0 0.005
0.606 0.499 0 0.005
0.606 0.517 0 0.005
0.606 0.647 0 0.005
0.606 0.78 0 0.005
0.607 0.237 0 0.005
0.607 0.342 0 0.005
0.607 0.867 0 0.005
0.608 0.539 0 0.005
0.608 0.61 0 0.005
0.608 0.751 0 0.005
0.608 0.826 0 0.005
0.609 0.128 0 0.005
0.609 0.202 0 0.005
0.61 0.372 0 0.005
0.61 0.665 0 0.005
0.611 0.44 0 0.005
0.611 0.629 0 0.005
0.611 0.728 0 0.005
0.611 0.929 0 0.005
0.612 0.327 0 0.005
0.612 0.412 0 0.005
0.612 0.581 0 0.005
0.612 0.807 0 0.005
0.613 0.034 0 0.005
0.613 0.261 0 0.005
0.613 0.489 0 0.005
0.613 0.527 0 0.005
0.613 0.6 0 0.005
0.613 0.675 0 0.005
0.614 0.85 0 0.005
0.615 0.878 0 0.005
0.615 0.894 0 0.005
0.616 0.019 0 0.005
0.616 0.052 0 0.005
0.616 0.192 0 0.005
0.616 0.223 0 0.005
0.616 0.62 0 0.005
0.616 0.692 0 0.005
0.617 0.249 0 0.005
0.617 0.551 0 0.005
0.617 0.655 0 0.005
0.617 0.71 0 0.005
0.617 0.86 0 0.005
0.618 0.239 0 0.005
0.618 0.426 0 0.005
0.618 0.463 0 0.005
0.618 0.739 0 0.005
0.618 0.917 0 0.005
0.618 0.9977333333333334 0 0.005
0.619 0.213 0 0.005
0.619 0.287 0 0.005
0.619 0.34 0 0.005
0.62 0.092 0 0.005
0.62 0.27 0 0.005
0.62 0.358 0 0.005
0.62 0.572 0 0.005
0.621 0.071 0 0.005
0.621 0.122 0 0.005
0.621 0.148 0 0.005
0.621 0.32 0 0.005
0.621 0.76 0 0.005
0.621 0.8 0 0.005
0.622 0.041 0 0.005
0.622 0.827 0 0.005
0.623 0.136 0 0.005
0.623 0.172 0 0.005
0.623 0.201 0 0.005
0.623 0.451 0 0.005
0.623 0.644 0 0.005
0.623 0.68 0 0.005
0.623 0.969 0 0.005
0.623 0.989 0 0.005
0.624 0.31 0 0.005
0.624 0.49 0 0.005
0.625 0.0033125 0 0.005
0.625 0.279 0 0.005
0.625 0.842 0 0.005
0.625 0.894 0 0.005
0.626 0.105 0 0.005
0.626 0.402 0 0.005
0.626 0.623 0 0.005
0.626 0.731 0 0.005
0.626 0.958 0 0.005
0.627 0.511 0 0.005
0.627 0.548 0 0.005
0.627 0.779 0 0.005
0.628 0.389 0 0.005
0.628 0.718 0 0.005
0.629 0.128 0 0.005
0.629 0.866 0 0.005
0.629 0.924 0 0.005
0.63 0.049 0 0.005
0.63 0.266 0 0.005
0.631 0.145 0 0.005
0.631 0.247 0 0.005
0.631 0.345 0 0.005
0.631 0.377 0 0.005
0.631 0.439 0 0.005
0.631 0.975 0 0.005
0.632 0.034 0 0.005
0.632 0.159 0 0.005
0.632 0.186 0 0.005
0.632 0.328 0 0.005
0.632 0.416 0 0.005
0.632 0.532 0 0.005
0.632 0.792 0 0.005
0.632 0.943 0 0.005
0.633 0.215 0 0.005
0.633 0.478 0 0.005
0.633 0.803 0 0.005
0.633 0.878 0 0.005
0.634 0.358 0 0.005
0.634 0.427 0 0.005
0.634 0.519 0 0.005
0.634 0.617 0 0.005
0.634 0.652 0 0.005
0.635 0.06 0 0.005
0.635 0.296 0 0.005
0.635 0.603 0 0.005
0.635 0.694 0 0.005
0.636 0.119 0 0.005
0.636 0.557 0 0.005
0.636 0.728 0 0.005
0.636 0.834 0 0.005
0.636 0.892 0 0.005
0.636 0.958 0 0.005
0.637 0.106 0 0.005
0.637 0.238 0 0.005
0.637 0.817 0 0.005
0.637 0.86 0 0.005
0.638 0.279 0 0.005
0.638 0.589 0 0.005
0.638 0.764 0 0.005
0.638 0.935 0 0.005
0.638 0.984 0 0.005
0.638 0.994 0 0.005
0.64 0.084 0 0.005
0.64 0.389 0 0.005
0.64 0.571 0 0.005
0.64 0.703 0 0.005
0.641 0.0017435897435897436 0 0.005
0.641 0.199 0 0.005
0.641 0.497 0 0.005
0.641 0.626 0 0.005
0.642 0.366 0 0.005
0.642 0.508 0 0.005
0.643 0.133 0 0.005
0.643 0.316 0 0.005
0.643 0.326 0 0.005
0.643 0.547 0 0.005
0.643 0.644 0 0.005
0.643 0.773 0 0.005
0.643 0.852 0 0.005
0.644 0.043 0 0.005
0.644 0.526 0 0.005
0.644 0.536 0 0.005
0.644 0.671 0 0.005
0.644 0.787 0 0.005
0.645 0.379 0 0.005
0.645 0.446 0 0.005
0.645 0.657 0 0.005
0.645 0.686 0 0.005
0.645 0.841 0 0.005
0.645 0.904 0 0.005
0.646 0.402 0 0.005
0.646 0.426 0 0.005
0.646 0.488 0 0.005
0.646 0.756 0 0.005
0.646 0.865 0 0.005
0.646 0.926 0 0.005
0.647 0.242 0 0.005
0.647 0.822 0 0.005
0.648 0.257 0 0.005
0.648 0.458 0 0.005
0.648 0.473 0 0.005
0.648 0.711 0 0.005
0.648 0.947 0 0.005
0.648 0.966 0 0.005
0.649 0.23 0 0.005
0.649 0.345 0 0.005
0.649 0.415 0 0.005
0.649 0.812 0 0.005
0.65 0.059 0 0.005
0.65 0.588 0 0.005
0.65 0.746 0 0.005
0.65 0.995 0 0.005
0.651 0.022 0 0.005
0.651 0.149 0 0.005
0.651 0.6 0 0.005
0.652 0.114 0 0.005
0.652 0.184 0 0.005
0.652 0.362 0 0.005
0.652 0.501 0 0.005
0.652 0.518 0 0.005
0.652 0.985 0 0.005
0.653 0.102 0 0.005
0.653 0.21 0 0.005
0.653 0.332 0 0.005
0.653 0.437 0 0.005
0.653 0.635 0 0.005
0.653 0.833 0 0.005
0.654 0.032 0 0.005
0.654 0.078 0 0.005
0.654 0.16 0 0.005
0.654 0.392 0 0.005
0.654 0.57 0 0.005
0.654 0.651 0 0.005
0.654 0.731 0 0.005
0.654 0.895 0 0.005
0.655 0.318 0 0.005
0.655 0.699 0 0.005
0.655 0.77 0 0.005
0.655 0.916 0 0.005
0.655 0.937 0 0.005
0.656 0.0012666666666666666 0 0.005
0.656 0.619 0 0.005
0.656 0.791 0 0.005
0.657 0.13 0 0.005
0.657 0.278 0 0.005
0.657 0.488 0 0.005
0.658 0.013 0 0.005
0.658 0.296 0 0.005
0.658 0.351 0 0.005
0.658 0.976 0 0.005
0.659 0.043 0 0.005
0.659 0.094 0 0.005
0.659 0.51 0 0.005
0.659 0.669 0 0.005
0.659 0.802 0 0.005
0.659 0.869 0 0.005
0.66 0.453 0 0.005
0.66 0.682 0 0.005
0.661 0.369 0 0.005
0.661 0.413 0 0.005
0.661 0.557 0 0.005
0.661 0.584 0 0.005
0.661 0.757 0 0.005
0.661 0.958 0 0.005
0.662 0.069 0 0.005
0.662 0.499 0 0.005
0.663 0.247 0 0.005
0.663 0.474 0 0.005
0.663 0.825 0 0.005
0.664 0.192 0 0.005
0.664 0.204 0 0.005
0.664 0.231 0 0.005
0.664 0.601 0 0.005
0.664 0.778 0 0.005
0.664 0.86 0 0.005
0.664 0.89 0 0.005
0.665 0.055 0 0.005
0.665 0.082 0 0.005
0.665 0.221 0 0.005
0.665 0.339 0 0.005
0.665 0.968 0 0.005
0.666 0.179 0 0.005
0.666 0.259 0 0.005
0.666 0.314 0 0.005
0.666 0.385 0 0.005
0.666 0.535 0 0.005
0.666 0.995 0 0.005
0.667 0.018 0 0.005
0.667 0.107 0 0.005
0.667 0.118 0 0.005
0.667 0.404 0 0.005
0.667 0.524 0 0.005
0.667 0.565 0 0.005
0.667 0.693 0 0.005
0.667 0.722 0 0.005
0.667 0.795 0 0.005
0.667 0.849 0 0.005
0.667 0.934 0 0.005
0.668 0.157 0 0.005
0.668 0.354 0 0.005
0.669 0.764 0 0.005
0.669 0.907 0 0.005
0.669 0.924 0 0.005
0.67 0.592 0 0.005
0.67 0.813 0 0.005
0.67 0.981 0 0.005
0.671 0.008 0 0.005
0.671 0.639 0 0.005
0.672 0.331 0 0.005
0.672 0.416 0 0.005
0.672 0.618 0 0.005
0.672 0.872 0 0.005
0.672 0.958 0 0.005
0.673 0.369 0 0.005
0.673 0.553 0 0.005
0.673 0.655 0 0.005
0.674 0.138 0 0.005
0.674 0.495 0 0.005
0.674 0.542 0 0.005
0.674 0.889 0 0.005
0.675 0.035 0 0.005
0.675 0.171 0 0.005
0.675 0.211 0 0.005
0.675 0.264 0 0.005
0.675 0.276 0 0.005
0.675 0.43 0 0.005
0.675 0.445 0 0.005
0.675 0.476 0 0.005
0.675 0.604 0 0.005
0.675 0.685 0 0.005
0.675 0.751 0 0.005
0.676 0.29 0 0.005
0.676 0.466 0 0.005
0.676 0.517 0 0.005
0.676 0.704 0 0.005
0.677 0.304 0 0.005
0.677 0.741 0 0.005
0.678 0.049 0 0.005
0.678 0.109 0 0.005
0.678 0.149 0 0.005
0.678 0.16 0 0.005
0.678 0.772 0 0.005
0.678 0.806 0 0.005
0.678 0.823 0 0.005
0.678 0.846 0 0.005
0.679 0.062 0 0.005
0.679 0.25 0 0.005
0.679 0.407 0 0.005
0.679 0.674 0 0.005
0.679 0.912 0 0.005
0.68 0.24 0 0.005
0.68 0.585 0 0.005
0.68 0.63 0 0.005
0.68 0.942 0 0.005
0.68 0.986 0 0.005
0.681 0.18 0 0.005
0.681 0.341 0 0.005
0.681 0.356 0 0.005
0.682 0.504 0 0.005
0.683 0.007 0 0.005
0.683 0.39 0 0.005
0.683 0.531 0 0.005
0.683 0.572 0 0.005
0.683 0.647 0 0.005
0.684 0.559 0 0.005
0.684 0.788 0 0.005
0.686 0.087 0 0.005
0.686 0.197 0 0.005
0.686 0.446 0 0.005
0.686 0.461 0 0.005
0.686 0.731 0 0.005
0.686 0.815 0 0.005
0.686 0.887 0 0.005
0.687 0.031 0 0.005
0.687 0.226 0 0.005
0.687 0.513 0 0.005
0.687 0.614 0 0.005
0.688 0.048 0 0.005
0.688 0.401 0 0.005
0.688 0.471 0 0.005
0.688 0.666 0 0.005
0.688 0.845 0 0.005
0.688 0.968 0 0.005
0.689 0.92 0 0.005
0.69 0.143 0 0.005
0.69 0.166 0 0.005
0.69 0.38 0 0.005
0.691 0.0017435897435897436 0 0.005
0.691 0.256 0 0.005
0.691 0.321 0 0.005
0.691 0.37 0 0.005
0.691 0.585 0 0.005
0.691 0.685 0 0.005
0.691 0.697 0 0.005
0.691 0.749 0 0.005
0.691 0.759 0 0.005
0.691 0.833 0 0.005
0.692 0.132 0 0.005
0.692 0.293 0 0.005
0.692 0.422 0 0.005
0.692 0.538 0 0.005
0.693 0.101 0 0.005
0.693 0.305 0 0.005
0.693 0.336 0 0.005
0.693 0.392 0 0.005
0.693 0.49 0 0.005
0.693 0.567 0 0.005
0.693 0.626 0 0.005
0.693 0.675 0 0.005
0.693 0.711 0 0.005
0.693 0.875 0 0.005
0.694 0.549 0 0.005
0.694 0.796 0 0.005
0.694 0.943 0 0.005
0.694 0.977 0 0.005
0.695 0.057 0 0.005
0.695 0.111 0 0.005
0.695 0.215 0 0.005
0.695 0.275 0 0.005
0.695 0.606 0 0.005
0.695 0.783 0 0.005
0.695 0.905 0 0.005
0.696 0.009 0 0.005
0.696 0.347 0 0.005
0.696 0.506 0 0.005
0.696 0.518 0 0.005
0.696 0.647 0 0.005
0.696 0.657 0 0.005
0.696 0.739 0 0.005
0.697 0.637 0 0.005
0.697 0.888 0 0.005
0.698 0.035 0 0.005
0.698 0.993 0 0.005
0.699 0.086 0 0.005
0.699 0.15 0 0.005
0.699 0.359 0 0.005
0.699 0.806 0 0.005
0.699 0.841 0 0.005
0.7 0.454 0 0.005
0.701 0.022 0 0.005
0.701 0.07 0 0.005
0.701 0.161 0 0.005
0.701 0.83 0 0.005
0.702 0.408 0 0.005
0.702 0.56 0 0.005
0.702 0.668 0 0.005
0.702 0.759 0 0.005
0.702 0.923 0 0.005
0.703 0.286 0 0.005
0.703 0.375 0 0.005
0.703 0.387 0 0.005
0.703 0.961 0 0.005
0.704 0.189 0 0.005
0.704 0.314 0 0.005
0.704 0.34 0 0.005
0.704 0.678 0 0.005
0.704 0.73 0 0.005
0.704 0.853 0 0.005
0.705 0.043 0 0.005
0.705 0.301 0 0.005
0.705 0.77 0 0.005
0.705 0.935 0 0.005
0.706 0.101 0 0.005
0.706 0.2 0 0.005
0.706 0.615 0 0.005
0.706 0.949 0 0.005
0.706 0.979 0 0.005
0.707 0.276 0 0.005
0.707 0.324 0 0.005
0.707 0.653 0 0.005
0.707 0.706 0 0.005
0.708 0.12 0 0.005
0.708 0.256 0 0.005
0.708 0.353 0 0.005
0.708 0.396 0 0.005
0.708 0.467 0 0.005
0.708 0.535 0 0.005
0.708 0.642 0 0.005
0.708 0.866 0 0.005
0.708 0.902 0 0.005
0.709 0.239 0 0.005
0.709 0.602 0 0.005
0.709 0.627 0 0.005
0.709 0.719 0 0.005
0.71 0.493 0 0.005
0.71 0.569 0 0.005
0.71 0.814 0 0.005
0.71 0.88 0 0.005
0.711 0.788 0 0.005
0.712 0.013 0 0.005
0.712 0.051 0 0.005
0.713 0.266 0 0.005
0.714 0.136 0 0.005
0.714 0.552 0 0.005
0.714 0.9956875 0 0.005
0.715 0.065 0 0.005
0.715 0.301 0 0.005
0.715 0.422 0 0.005
0.715 0.747 0 0.005
0.715 0.77 0 0.005
0.716 0.529 0 0.005
0.716 0.698 0 0.005
0.716 0.967 0 0.005
0.717 0.405 0 0.005
0.717 0.443 0 0.005
0.717 0.453 0 0.005
0.717 0.678 0 0.005
0.717 0.801 0 0.005
0.717 0.826 0 0.005
0.718 0.116 0 0.005
0.718 0.311 0 0.005
0.718 0.367 0 0.005
0.718 0.874 0 0.005
0.718 0.953 0 0.005
0.719 0.233 0 0.005
0.719 0.331 0 0.005
0.719 0.391 0 0.005
0.719 0.617 0 0.005
0.719 0.654 0 0.005
0.719 0.667 0 0.005
0.719 0.836 0 0.005
0.719 0.935 0 0.005
0.72 0.38 0 0.005
0.72 0.467 0 0.005
0.72 0.508 0 0.005
0.72 0.568 0 0.005
0.72 0.58 0 0.005
0.72 0.592 0 0.005
0.721 0.164 0 0.005
0.721 0.282 0 0.005
0.721 0.907 0 0.005
0.722 0.0017435897435897436 0 0.005
0.722 0.142 0 0.005
0.722 0.69 0 0.005
0.722 0.719 0 0.005
0.722 0.761 0 0.005
0.722 0.847 0 0.005
0.722 0.99 0 0.005
0.723 0.431 0 0.005
0.724 0.105 0 0.005
0.724 0.126 0 0.005
0.725 0.073 0 0.005
0.726 0.03 0 0.005
0.726 0.812 0 0.005
0.726 0.865 0 0.005
0.726 0.975 0 0.005
0.727 0.152 0 0.005
0.727 0.197 0 0.005
0.727 0.249 0 0.005
0.727 0.304 0 0.005
0.727 0.479 0 0.005
0.728 0.185 0 0.005
0.728 0.339 0 0.005
0.728 0.351 0 0.005
0.728 0.494 0 0.005
0.728 0.539 0 0.005
0.728 0.55 0 0.005
0.728 0.641 0 0.005
0.728 0.705 0 0.005
0.729 0.784 0 0.005
0.729 0.794 0 0.005
0.729 0.951 0 0.005
0.73 0.051 0 0.005
0.73 0.097 0 0.005
0.73 0.268 0 0.005
0.73 0.374 0 0.005
0.73 0.445 0 0.005
0.73 0.736 0 0.005
0.73 0.891 0 0.005
0.731 0.218 0 0.005
0.731 0.609 0 0.005
0.731 0.834 0 0.005
0.732 0.324 0 0.005
0.732 0.465 0 0.005
0.732 0.844 0 0.005
0.733 0.0017435897435897436 0 0.005
0.733 0.081 0 0.005
0.733 0.726 0 0.005
0.734 0.039 0 0.005
0.734 0.393 0 0.005
0.734 0.713 0 0.005
0.735 0.014 0 0.005
0.735 0.06 0 0.005
0.735 0.107 0 0.005
0.735 0.819 0 0.005
0.735 0.916 0 0.005
0.736 0.174 0 0.005
0.736 0.363 0 0.005
0.736 0.528 0 0.005
0.737 0.595 0 0.005
0.737 0.621 0 0.005
0.737 0.761 0 0.005
0.737 0.776 0 0.005
0.737 0.805 0 0.005
0.737 0.869 0 0.005
0.738 0.339 0 0.005
0.738 0.667 0 0.005
0.738 0.852 0 0.005
0.738 0.958 0 0.005
0.739 0.073 0 0.005
0.739 0.277 0 0.005
0.739 0.302 0 0.005
0.739 0.438 0 0.005
0.74 0.423 0 0.005
0.74 0.564 0 0.005
0.741 0.029 0 0.005
0.741 0.157 0 0.005
0.741 0.239 0 0.005
0.741 0.288 0 0.005
0.741 0.353 0 0.005
0.741 0.64 0 0.005
0.741 0.657 0 0.005
0.741 0.831 0 0.005
0.741 0.979 0 0.005
0.742 0.449 0 0.005
0.742 0.475 0 0.005
0.742 0.506 0 0.005
0.742 0.689 0 0.005
0.742 0.72 0 0.005
0.742 0.796 0 0.005
0.743 0.115 0 0.005
0.743 0.127 0 0.005
0.743 0.193 0 0.005
0.743 0.252 0 0.005
0.743 0.316 0 0.005
0.743 0.612 0 0.005
0.742 0.9985833333333334 0 0.005
0.744 0.397 0 0.005
0.744 0.543 0 0.005
0.745 0.095 0 0.005
0.745 0.266 0 0.005
0.746 0.059 0 0.005
0.746 0.17 0 0.005
0.746 0.327 0 0.005
0.746 0.519 0 0.005
0.746 0.709 0 0.005
0.746 0.886 0 0.005
0.747 0.221 0 0.005
0.747 0.375 0 0.005
0.747 0.584 0 0.005
0.747 0.753 0 0.005
0.747 0.805 0 0.005
0.747 0.938 0 0.005
0.748 0.139 0 0.005
0.748 0.78 0 0.005
0.748 0.844 0 0.005
0.749 0.44 0 0.005
0.749 0.457 0 0.005
0.749 0.956 0 0.005
0.75 0.63 0 0.005
0.75 0.874 0 0.005
0.75 0.974 0 0.005
0.751 0.413 0 0.005
0.751 0.556 0 0.005
0.751 0.7 0 0.005
0.751 0.904 0 0.005
0.752 0.738 0 0.005
0.753 0.206 0 0.005
0.753 0.308 0 0.005
0.754 0.046 0 0.005
0.754 0.248 0 0.005
0.754 0.292 0 0.005
0.754 0.393 0 0.005
0.754 0.571 0 0.005
0.754 0.619 0 0.005
0.754 0.69 0 0.005
0.754 0.859 0 0.005
0.754 0.929 0 0.005
0.754 0.9977333333333334 0 0.005
0.755 0.024 0 0.005
0.755 0.069 0 0.005
0.755 0.231 0 0.005
0.755 0.345 0 0.005
0.756 0.0008095238095238096 0 0.005
0.756 0.132 0 0.005
0.756 0.482 0 0.005
0.756 0.602 0 0.005
0.756 0.983 0 0.005
0.757 0.259 0 0.005
0.757 0.472 0 0.005
0.757 0.548 0 0.005
0.757 0.723 0 0.005
0.757 0.894 0 0.005
0.757 0.918 0 0.005
0.758 0.057 0 0.005
0.758 0.111 0 0.005
0.758 0.17 0 0.005
0.758 0.28 0 0.005
0.758 0.513 0 0.005
0.759 0.646 0 0.005
0.759 0.963 0 0.005
0.76 0.145 0 0.005
0.76 0.183 0 0.005
0.76 0.635 0 0.005
0.76 0.664 0 0.005
0.761 0.222 0 0.005
0.761 0.442 0 0.005
0.761 0.974 0 0.005
0.762 0.009 0 0.005
0.762 0.432 0 0.005
0.762 0.76 0 0.005
0.763 0.038 0 0.005
0.763 0.316 0 0.005
0.763 0.356 0 0.005
0.763 0.82 0 0.005
0.764 0.302 0 0.005
0.764 0.327 0 0.005
0.764 0.394 0 0.005
0.764 0.706 0 0.005
0.764 0.872 0 0.005
0.764 0.927 0 0.005
0.764 0.94 0 0.005
0.765 0.21 0 0.005
0.765 0.788 0 0.005
0.765 0.808 0 0.005
0.766 0.084 0 0.005
0.766 0.376 0 0.005
0.766 0.413 0 0.005
0.766 0.839 0 0.005
0.767 0.573 0 0.005
0.767 0.591 0 0.005
0.767 0.916 0 0.005
0.767 0.996280701754386 0 0.005
0.768 0.0012666666666666666 0 0.005
0.768 0.127 0 0.005
0.768 0.191 0 0.005
0.768 0.23 0 0.005
0.768 0.242 0 0.005
0.768 0.463 0 0.005
0.768 0.504 0 0.005
0.768 0.717 0 0.005
0.768 0.739 0 0.005
0.769 0.072 0 0.005
0.769 0.293 0 0.005
0.769 0.61 0 0.005
0.769 0.773 0 0.005
0.77 0.546 0 0.005
0.77 0.66 0 0.005
0.77 0.686 0 0.005
0.771 0.343 0 0.005
0.771 0.517 0 0.005
0.771 0.987 0 0.005
0.772 0.441 0 0.005
0.772 0.557 0 0.005
0.773 0.048 0 0.005
0.773 0.279 0 0.005
0.773 0.452 0 0.005
0.773 0.476 0 0.005
0.773 0.49 0 0.005
0.773 0.675 0 0.005
0.773 0.854 0 0.005
0.773 0.882 0 0.005
0.774 0.09 0 0.005
0.774 0.1 0 0.005
0.774 0.144 0 0.005
0.774 0.163 0 0.005
0.774 0.368 0 0.005
0.774 0.406 0 0.005
0.774 0.699 0 0.005
0.774 0.814 0 0.005
0.774 0.943 0 0.005
0.775 0.638 0 0.005
0.776 0.602 0 0.005
0.777 0.027 0 0.005
0.777 0.249 0 0.005
0.777 0.316 0 0.005
0.777 0.355 0 0.005
0.777 0.624 0 0.005
0.777 0.649 0 0.005
0.777 0.78 0 0.005
0.777 0.841 0 0.005
0.777 0.931 0 0.005
0.778 0.432 0 0.005
0.778 0.908 0 0.005
0.779 0.126 0 0.005
0.779 0.193 0 0.005
0.779 0.328 0 0.005
0.779 0.0004166666666666667 0 0.005
0.78 0.217 0 0.005
0.78 0.298 0 0.005
0.78 0.537 0 0.005
0.78 0.728 0 0.005
0.78 0.864 0 0.005
0.781 0.47 0 0.005
0.781 0.518 0 0.005
0.781 0.583 0 0.005
0.781 0.959 0 0.005
0.782 0.078 0 0.005
0.782 0.503 0 0.005
0.782 0.668 0 0.005
0.783 0.043 0 0.005
0.783 0.42 0 0.005
0.783 0.758 0 0.005
0.783 0.772 0 0.005
0.783 0.825 0 0.005
0.784 0.053 0 0.005
0.784 0.162 0 0.005
0.784 0.184 0 0.005
0.784 0.229 0 0.005
0.784 0.24 0 0.005
0.784 0.288 0 0.005
0.784 0.337 0 0.005
0.784 0.453 0 0.005
0.784 0.657 0 0.005
0.784 0.971 0 0.005
0.785 0.012 0 0.005
0.785 0.104 0 0.005
0.785 0.117 0 0.005
0.785 0.614 0 0.005
0.785 0.71 0 0.005
0.785 0.938 0 0.005
0.786 0.265 0 0.005
0.786 0.68 0 0.005
0.787 0.895 0 0.005
0.787 0.9956875 0 0.005
0.788 0.545 0 0.005
0.788 0.69 0 0.005
0.788 0.883 0 0.005
0.789 0.569 0 0.005
0.79 0.496 0 0.005
0.79 0.636 0 0.005
0.791 0.069 0 0.005
0.791 0.484 0 0.005
0.791 0.6 0 0.005
0.791 0.783 0 0.005
0.791 0.818 0 0.005
0.792 0.138 0 0.005
0.792 0.2 0 0.005
0.792 0.522 0 0.005
0.792 0.914 0 0.005
0.793 0.41 0 0.005
0.793 0.472 0 0.005
0.793 0.579 0 0.005
0.793 0.623 0 0.005
0.793 0.756 0 0.005
0.793 0.805 0 0.005
0.794 0.02 0 0.005
0.794 0.048 0 0.005
0.794 0.226 0 0.005
0.794 0.279 0 0.005
0.794 0.369 0 0.005
0.794 0.646 0 0.005
0.794 0.794 0 0.005
0.795 0.253 0 0.005
0.795 0.345 0 0.005
0.794 0.0 0 0.005
0.796 0.163 0 0.005
0.796 0.328 0 0.005
0.796 0.941 0 0.005
0.796 0.991 0 0.005
0.797 0.183 0 0.005
0.797 0.213 0 0.005
0.797 0.396 0 0.005
0.797 0.669 0 0.005
0.797 0.849 0 0.005
0.797 0.902 0 0.005
0.797 0.926 0 0.005
0.797 0.981 0 0.005
0.798 0.101 0 0.005
0.798 0.315 0 0.005
0.798 0.686 0 0.005
0.798 0.739 0 0.005
0.799 0.238 0 0.005
0.799 0.38 0 0.005
0.799 0.422 0 0.005
0.799 0.436 0 0.005
0.799 0.889 0 0.005
0.797 0.999 0 0.005
0.8 0.032 0 0.005
0.8 0.113 0 0.005
0.8 0.293 0 0.005
0.8 0.505 0 0.005
0.801 0.357 0 0.005
0.801 0.539 0 0.005
0.801 0.821 0 0.005
0.802 0.056 0 0.005
0.802 0.549 0 0.005
0.802 0.598 0 0.005
0.802 0.787 0 0.005
0.802 0.832 0 0.005
0.802 0.873 0 0.005
0.803 0.967 0 0.005
0.804 0.019 0 0.005
0.804 0.468 0 0.005
0.804 0.616 0 0.005
0.804 0.77 0 0.005
0.805 0.281 0 0.005
0.805 0.333 0 0.005
0.806 0.697 0 0.005
0.806 0.858 0 0.005
0.806 0.908 0 0.005
0.807 0.135 0 0.005
0.807 0.455 0 0.005
0.807 0.927 0 0.005
0.807 0.981 0 0.005
0.808 0.395 0 0.005
0.808 0.519 0 0.005
0.808 0.725 0 0.005
0.808 0.8 0 0.005
0.809 0.064 0 0.005
0.809 0.207 0 0.005
0.809 0.349 0 0.005
0.809 0.368 0 0.005
0.809 0.419 0 0.005
0.809 0.682 0 0.005
0.81 0.191 0 0.005
0.81 0.496 0 0.005
0.81 0.604 0 0.005
0.811 0.09 0 0.005
0.811 0.108 0 0.005
0.811 0.627 0 0.005
0.811 0.659 0 0.005
0.811 0.672 0 0.005
0.811 0.761 0 0.005
0.811 0.78 0 0.005
0.812 0.378 0 0.005
0.812 0.481 0 0.005
0.812 0.641 0 0.005
0.813 0.011 0 0.005
0.814 0.565 0 0.005
0.814 0.992 0 0.005
0.815 0.252 0 0.005
0.815 0.328 0 0.005
0.815 0.586 0 0.005
0.815 0.946 0 0.005
0.816 0.15 0 0.005
0.816 0.163 0 0.005
0.816 0.18 0 0.005
0.816 0.199 0 0.005
0.816 0.742 0 0.005
0.816 0.836 0 0.005
0.816 0.97 0 0.005
0.817 0.126 0 0.005
0.817 0.235 0 0.005
0.817 0.271 0 0.005
0.817 0.513 0 0.005
0.817 0.689 0 0.005
0.817 0.772 0 0.005
0.817 0.812 0 0.005
0.817 0.931 0 0.005
0.818 0.022 0 0.005
0.818 0.056 0 0.005
0.818 0.225 0 0.005
0.818 0.281 0 0.005
0.818 0.303 0 0.005
0.818 0.534 0 0.005
0.819 0.08 0 0.005
0.819 0.114 0 0.005
0.819 0.427 0 0.005
0.819 0.701 0 0.005
0.819 0.727 0 0.005
0.819 0.787 0 0.005
0.82 0.034 0 0.005
0.82 0.395 0 0.005
0.82 0.472 0 0.005
0.821 0.609 0 0.005
0.821 0.673 0 0.005
0.821 0.9 0 0.005
0.822 0.594 0 0.005
0.822 0.713 0 0.005
0.823 0.216 0 0.005
0.823 0.405 0 0.005
0.823 0.575 0 0.005
0.824 0.142 0 0.005
0.824 0.351 0 0.005
0.824 0.651 0 0.005
0.825 0.383 0 0.005
0.825 0.456 0 0.005
0.825 0.502 0 0.005
0.825 0.622 0 0.005
0.825 0.765 0 0.005
0.825 0.883 0 0.005
0.824 0.0 0 0.005
0.826 0.558 0 0.005
0.826 0.864 0 0.005
0.826 0.915 0 0.005
0.826 0.982 0 0.005
0.827 0.152 0 0.005
0.827 0.205 0 0.005
0.827 0.954 0 0.005
0.828 0.009 0 0.005
0.828 0.126 0 0.005
0.828 0.34 0 0.005
0.828 0.373 0 0.005
0.828 0.815 0 0.005
0.828 0.851 0 0.005
0.829 0.048 0 0.005
0.829 0.636 0 0.005
0.83 0.086 0 0.005
0.83 0.168 0 0.005
0.83 0.535 0 0.005
0.83 0.726 0 0.005
0.83 0.737 0 0.005
0.83 0.801 0 0.005
0.83 0.838 0 0.005
0.831 0.673 0 0.005
0.831 0.826 0 0.005
0.832 0.099 0 0.005
0.832 0.258 0 0.005
0.833 0.657 0 0.005
0.834 0.072 0 0.005
0.834 0.587 0 0.005
0.834 0.994 0 0.005
0.835 0.018 0 0.005
0.835 0.059 0 0.005
0.835 0.395 0 0.005
0.835 0.902 0 0.005
0.835 0.97 0 0.005
0.836 0.234 0 0.005
0.836 0.361 0 0.005
0.836 0.466 0 0.005
0.836 0.766 0 0.005
0.836 0.778 0 0.005
0.836 0.935 0 0.005
0.837 0.113 0 0.005
0.837 0.185 0 0.005
0.837 0.316 0 0.005
0.837 0.442 0 0.005
0.837 0.512 0 0.005
0.837 0.953 0 0.005
0.838 0.152 0 0.005
0.838 0.33 0 0.005
0.838 0.452 0 0.005
0.838 0.694 0 0.005
0.839 0.249 0 0.005
0.839 0.524 0 0.005
0.839 0.604 0 0.005
0.839 0.643 0 0.005
0.839 0.719 0 0.005
0.84 0.044 0 0.005
0.84 0.483 0 0.005
0.84 0.561 0 0.005
0.84 0.577 0 0.005
0.84 0.756 0 0.005
0.84 0.866 0 0.005
0.84 0.923 0 0.005
0.841 0.083 0 0.005
0.841 0.276 0 0.005
0.841 0.417 0 0.005
0.841 0.544 0 0.005
0.841 0.615 0 0.005
0.842 0.0012666666666666666 0 0.005
0.842 0.303 0 0.005
0.842 0.626 0 0.005
0.843 0.141 0 0.005
0.843 0.218 0 0.005
0.843 0.263 0 0.005
0.843 0.289 0 0.005
0.843 0.427 0 0.005
0.843 0.5 0 0.005
0.843 0.978 0 0.005
0.844 0.054 0 0.005
0.844 0.122 0 0.005
0.844 0.197 0 0.005
0.844 0.663 0 0.005
0.845 0.909 0 0.005
0.845 0.961 0 0.005
0.846 0.236 0 0.005
0.846 0.362 0 0.005
0.846 0.394 0 0.005
0.846 0.82 0 0.005
0.846 0.88 0 0.005
0.847 0.766 0 0.005
0.847 0.94 0 0.005
0.848 0.254 0 0.005
0.848 0.347 0 0.005
0.848 0.777 0 0.005
0.848 0.836 0 0.005
0.848 0.987 0 0.005
0.849 0.012 0 0.005
0.849 0.1 0 0.005
0.849 0.21 0 0.005
0.849 0.336 0 0.005
0.849 0.858 0 0.005
0.85 0.031 0 0.005
0.85 0.453 0 0.005
0.85 0.586 0 0.005
0.85 0.711 0 0.005
0.851 0.08 0 0.005
0.851 0.149 0 0.005
0.851 0.385 0 0.005
0.851 0.574 0 0.005
0.851 0.619 0 0.005
0.851 0.699 0 0.005
0.851 0.726 0 0.005
0.851 0.798 0 0.005
0.852 0.415 0 0.005
0.852 0.608 0 0.005
0.853 0.066 0 0.005
0.853 0.47 0 0.005
0.853 0.654 0 0.005
0.854 0.163 0 0.005
0.854 0.274 0 0.005
0.854 0.323 0 0.005
0.854 0.374 0 0.005
0.855 0.444 0 0.005
0.855 0.665 0 0.005
0.855 0.869 0 0.005
0.854 0.0 0 0.005
0.856 0.126 0 0.005
0.856 0.179 0 0.005
0.856 0.405 0 0.005
0.856 0.43 0 0.005
0.856 0.508 0 0.005
0.857 0.285 0 0.005
0.857 0.524 0 0.005
0.857 0.783 0 0.005
0.857 0.823 0 0.005
0.857 0.897 0 0.005
0.858 0.242 0 0.005
0.858 0.753 0 0.005
0.858 0.93 0 0.005
0.859 0.056 0 0.005
0.859 0.627 0 0.005
0.859 0.687 0 0.005
0.859 0.914 0 0.005
0.86 0.043 0 0.005
0.86 0.716 0 0.005
0.86 0.737 0 0.005
0.86 0.976 0 0.005
0.858 0.999 0 0.005
0.861 0.155 0 0.005
0.861 0.847 0 0.005
0.862 0.188 0 0.005
0.862 0.345 0 0.005
0.862 0.356 0 0.005
0.862 0.858 0 0.005
0.863 0.116 0 0.005
0.863 0.203 0 0.005
0.863 0.221 0 0.005
0.863 0.599 0 0.005
0.864 0.643 0 0.005
0.864 0.804 0 0.005
0.865 0.101 0 0.005
0.865 0.174 0 0.005
0.865 0.3 0 0.005
0.865 0.385 0 0.005
0.865 0.676 0 0.005
0.865 0.906 0 0.005
0.866 0.143 0 0.005
0.866 0.274 0 0.005
0.866 0.464 0 0.005
0.866 0.577 0 0.005
0.866 0.697 0 0.005
0.866 0.947 0 0.005
0.867 0.004 0 0.005
0.867 0.164 0 0.005
0.867 0.495 0 0.005
0.867 0.547 0 0.005
0.867 0.781 0 0.005
0.867 0.966 0 0.005
0.867 0.993 0 0.005
0.868 0.752 0 0.005
0.868 0.873 0 0.005
0.869 0.021 0 0.005
0.869 0.13 0 0.005
0.869 0.439 0 0.005
0.869 0.449 0 0.005
0.869 0.926 0 0.005
0.87 0.056 0 0.005
0.87 0.256 0 0.005
0.87 0.397 0 0.005
0.87 0.56 0 0.005
0.87 0.622 0 0.005
0.87 0.819 0 0.005
0.871 0.531 0 0.005
0.872 0.229 0 0.005
0.872 0.589 0 0.005
0.872 0.633 0 0.005
0.872 0.739 0 0.005
0.873 0.069 0 0.005
0.873 0.082 0 0.005
0.873 0.336 0 0.005
0.873 0.379 0 0.005
0.873 0.413 0 0.005
0.873 0.689 0 0.005
0.873 0.768 0 0.005
0.873 0.915 0 0.005
0.874 0.241 0 0.005
0.874 0.471 0 0.005
0.874 0.608 0 0.005
0.874 0.718 0 0.005
0.875 0.095 0 0.005
0.875 0.292 0 0.005
0.875 0.366 0 0.005
0.875 0.66 0 0.005
0.875 0.708 0 0.005
0.875 0.96 0 0.005
0.876 0.04 0 0.005
0.876 0.308 0 0.005
0.876 0.509 0 0.005
0.876 0.802 0 0.005
0.876 0.862 0 0.005
0.876 0.88 0 0.005
0.877 0.547 0 0.005
0.877 0.834 0 0.005
0.875 0.999 0 0.005
0.878 0.192 0 0.005
0.878 0.213 0 0.005
0.878 0.488 0 0.005
0.879 0.119 0 0.005
0.879 0.571 0 0.005
0.879 0.814 0 0.005
0.88 0.022 0 0.005
0.88 0.138 0 0.005
0.88 0.643 0 0.005
0.88 0.792 0 0.005
0.88 0.896 0 0.005
0.881 0.731 0 0.005
0.882 0.173 0 0.005
0.882 0.743 0 0.005
0.882 0.907 0 0.005
0.882 0.941 0 0.005
0.883 0.057 0 0.005
0.883 0.076 0 0.005
0.883 0.087 0 0.005
0.883 0.163 0 0.005
0.883 0.231 0 0.005
0.883 0.266 0 0.005
0.883 0.451 0 0.005
0.883 0.536 0 0.005
0.884 0.033 0 0.005
0.884 0.322 0 0.005
0.884 0.359 0 0.005
0.884 0.425 0 0.005
0.884 0.593 0 0.005
0.884 0.955 0 0.005
0.884 0.965 0 0.005
0.885 0.1 0 0.005
0.885 0.254 0 0.005
0.885 0.282 0 0.005
0.885 0.58 0 0.005
0.885 0.779 0 0.005
0.885 0.98 0 0.005
0.886 0.206 0 0.005
0.887 0.396 0 0.005
0.887 0.512 0 0.005
0.887 0.866 0 0.005
0.888 0.128 0 0.005
0.888 0.523 0 0.005
0.888 0.713 0 0.005
0.889 0.012 0 0.005
0.89 0.143 0 0.005
0.89 0.374 0 0.005
0.89 0.494 0 0.005
0.89 0.619 0 0.005
0.89 0.648 0 0.005
0.891 0.114 0 0.005
0.891 0.568 0 0.005
0.891 0.702 0 0.005
0.891 0.813 0 0.005
0.892 0.071 0 0.005
0.892 0.236 0 0.005
0.892 0.348 0 0.005
0.892 0.475 0 0.005
0.892 0.631 0 0.005
0.892 0.764 0 0.005
0.892 0.876 0 0.005
0.892 0.887 0 0.005
0.893 0.332 0 0.005
0.893 0.44 0 0.005
0.893 0.548 0 0.005
0.893 0.735 0 0.005
0.894 0.022 0 0.005
0.894 0.187 0 0.005
0.894 0.385 0 0.005
0.894 0.45 0 0.005
0.895 0.159 0 0.005
0.895 0.916 0 0.005
0.896 0.046 0 0.005
0.896 0.1 0 0.005
0.896 0.214 0 0.005
0.896 0.582 0 0.005
0.896 0.666 0 0.005
0.896 0.775 0 0.005
0.897 0.272 0 0.005
0.897 0.395 0 0.005
0.897 0.607 0 0.005
0.898 0.13 0 0.005
0.898 0.224 0 0.005
0.898 0.323 0 0.005
0.898 0.46 0 0.005
0.898 0.692 0 0.005
0.898 0.721 0 0.005
0.898 0.791 0 0.005
0.898 0.836 0 0.005
0.898 0.9 0 0.005
0.899 0.356 0 0.005
0.899 0.56 0 0.005
0.899 0.853 0 0.005
0.899 0.865 0 0.005
0.899 0.987 0 0.005
0.9 0.036 0 0.005
0.9 0.173 0 0.005
0.9 0.258 0 0.005
0.9 0.51 0 0.005
0.9 0.94 0 0.005
0.901 0.243 0 0.005
0.901 0.291 0 0.005
0.902 0.073 0 0.005
0.902 0.305 0 0.005
0.902 0.421 0 0.005
0.902 0.639 0 0.005
0.902 0.706 0 0.005
0.902 0.763 0 0.005
0.902 0.965 0 0.005
0.903 0.145 0 0.005
0.903 0.373 0 0.005
0.903 0.474 0 0.005
0.903 0.536 0 0.005
0.903 0.625 0 0.005
0.903 0.803 0 0.005
0.904 0.651 0 0.005
0.905 0.386 0 0.005
0.906 0.0012666666666666666 0 0.005
0.906 0.106 0 0.005
0.906 0.189 0 0.005
0.906 0.23 0 0.005
0.906 0.778 0 0.005
0.906 0.819 0 0.005
0.907 0.162 0 0.005
0.907 0.397 0 0.005
0.907 0.931 0 0.005
0.908 0.453 0 0.005
0.908 0.495 0 0.005
0.908 0.609 0 0.005
0.909 0.014 0 0.005
0.909 0.135 0 0.005
0.909 0.73 0 0.005
0.909 0.899 0 0.005
0.909 0.996280701754386 0 0.005
0.91 0.065 0 0.005
0.91 0.218 0 0.005
0.91 0.259 0 0.005
0.91 0.328 0 0.005
0.91 0.346 0 0.005
0.91 0.463 0 0.005
0.91 0.838 0 0.005
0.911 0.518 0 0.005
0.911 0.583 0 0.005
0.911 0.754 0 0.005
0.911 0.91 0 0.005
0.911 0.944 0 0.005
0.912 0.096 0 0.005
0.912 0.177 0 0.005
0.912 0.544 0 0.005
0.912 0.688 0 0.005
0.912 0.857 0 0.005
0.913 0.705 0 0.005
0.913 0.797 0 0.005
0.914 0.284 0 0.005
0.914 0.314 0 0.005
0.914 0.431 0 0.005
0.914 0.563 0 0.005
0.914 0.623 0 0.005
0.914 0.87 0 0.005
0.914 0.973 0 0.005
0.915 0.037 0 0.005
0.915 0.411 0 0.005
0.915 0.987 0 0.005
0.916 0.651 0 0.005
0.916 0.782 0 0.005
0.916 0.955 0 0.005
0.917 0.073 0 0.005
0.917 0.198 0 0.005
0.917 0.763 0 0.005
0.918 0.208 0 0.005
0.918 0.574 0 0.005
0.918 0.607 0 0.005
0.919 0.151 0 0.005
0.919 0.231 0 0.005
0.919 0.422 0 0.005
0.919 0.458 0 0.005
0.919 0.468 0 0.005
0.919 0.718 0 0.005
0.92 0.336 0 0.005
0.92 0.349 0 0.005
0.92 0.393 0 0.005
0.92 0.678 0 0.005
0.921 0.01 0 0.005
0.921 0.089 0 0.005
0.921 0.507 0 0.005
0.921 0.828 0 0.005
0.921 0.84 0 0.005
0.921 0.932 0 0.005
0.921 0.944 0 0.005
0.922 0.022 0 0.005
0.922 0.445 0 0.005
0.922 0.491 0 0.005
0.922 0.525 0 0.005
0.922 0.737 0 0.005
0.922 0.996280701754386 0 0.005
0.923 0.099 0 0.005
0.923 0.298 0 0.005
0.923 0.543 0 0.005
0.923 0.556 0 0.005
0.923 0.666 0 0.005
0.924 0.032 0 0.005
0.924 0.247 0 0.005
0.924 0.816 0 0.005
0.924 0.884 0 0.005
0.925 0.379 0 0.005
0.925 0.598 0 0.005
0.926 0.282 0 0.005
0.926 0.36 0 0.005
0.926 0.799 0 0.005
0.926 0.903 0 0.005
0.927 0.053 0 0.005
0.927 0.645 0 0.005
0.927 0.757 0 0.005
0.928 0.172 0 0.005
0.928 0.691 0 0.005
0.928 0.852 0 0.005
0.929 0.773 0 0.005
0.929 0.786 0 0.005
0.93 0.434 0 0.005
0.93 0.453 0 0.005
0.93 0.573 0 0.005
0.93 0.747 0 0.005
0.931 0.074 0 0.005
0.931 0.091 0 0.005
0.931 0.157 0 0.005
0.931 0.943 0 0.005
0.932 0.318 0 0.005
0.932 0.5 0 0.005
0.932 0.863 0 0.005
0.933 0.209 0 0.005
0.933 0.224 0 0.005
0.934 0.063 0 0.005
0.934 0.954 0 0.005
0.935 0.115 0 0.005
0.935 0.192 0 0.005
0.935 0.705 0 0.005
0.936 0.002719298245614035 0 0.005
0.936 0.293 0 0.005
0.936 0.585 0 0.005
0.936 0.808 0 0.005
0.936 0.929 0 0.005
0.937 0.466 0 0.005
0.937 0.608 0 0.005
0.937 0.657 0 0.005
0.937 0.739 0 0.005
0.937 0.895 0 0.005
0.937 0.911 0 0.005
0.937 0.99 0 0.005
0.938 0.18 0 0.005
0.938 0.264 0 0.005
0.938 0.339 0 0.005
0.938 0.687 0 0.005
0.938 0.842 0 0.005
0.939 0.303 0 0.005
0.939 0.327 0 0.005
0.939 0.514 0 0.005
0.94 0.015 0 0.005
0.94 0.025 0 0.005
0.94 0.243 0 0.005
0.94 0.395 0 0.005
0.94 0.429 0 0.005
0.94 0.49 0 0.005
0.94 0.75 0 0.005
0.94 0.775 0 0.005
0.94 0.853 0 0.005
0.941 0.127 0 0.005
0.941 0.149 0 0.005
0.941 0.406 0 0.005
0.941 0.456 0 0.005
0.941 0.476 0 0.005
0.941 0.79 0 0.005
0.942 0.161 0 0.005
0.942 0.35 0 0.005
0.942 0.37 0 0.005
0.942 0.419 0 0.005
0.942 0.545 0 0.005
0.942 0.596 0 0.005
0.942 0.763 0 0.005
0.942 0.819 0 0.005
0.942 0.981 0 0.005
0.943 0.281 0 0.005
0.943 0.962 0 0.005
0.944 0.564 0 0.005
0.944 0.63 0 0.005
0.944 0.697 0 0.005
0.944 0.883 0 0.005
0.944 0.9977333333333334 0 0.005
0.945 0.064 0 0.005
0.945 0.106 0 0.005
0.945 0.873 0 0.005
0.945 0.94 0 0.005
0.946 0.137 0 0.005
0.947 0.043 0 0.005
0.947 0.581 0 0.005
0.947 0.836 0 0.005
0.947 0.927 0 0.005
0.948 0.617 0 0.005
0.948 0.686 0 0.005
0.948 0.734 0 0.005
0.948 0.807 0 0.005
0.948 0.908 0 0.005
0.949 0.0012666666666666666 0 0.005
0.949 0.53 0 0.005
0.949 0.645 0 0.005
0.95 0.17 0 0.005
0.95 0.19 0 0.005
0.95 0.207 0 0.005
0.95 0.24 0 0.005
0.95 0.363 0 0.005
0.95 0.71 0 0.005
0.951 0.23 0 0.005
0.951 0.269 0 0.005
0.951 0.343 0 0.005
0.951 0.455 0 0.005
0.951 0.864 0 0.005
0.951 0.975 0 0.005
0.952 0.074 0 0.005
0.953 0.25 0 0.005
0.953 0.327 0 0.005
0.953 0.436 0 0.005
0.953 0.555 0 0.005
0.953 0.596 0 0.005
0.953 0.946 0 0.005
0.954 0.316 0 0.005
0.954 0.784 0 0.005
0.954 0.992 0 0.005
0.955 0.029 0 0.005
0.955 0.147 0 0.005
0.955 0.292 0 0.005
0.955 0.408 0 0.005
0.955 0.478 0 0.005
0.955 0.635 0 0.005
0.956 0.219 0 0.005
0.956 0.76 0 0.005
0.957 0.119 0 0.005
0.957 0.57 0 0.005
0.957 0.721 0 0.005
0.958 0.546 0 0.005
0.958 0.58 0 0.005
0.958 0.624 0 0.005
0.958 0.689 0 0.005
0.958 0.851 0 0.005
0.958 0.913 0 0.005
0.959 0.013 0 0.005
0.959 0.092 0 0.005
0.959 0.305 0 0.005
0.959 0.52 0 0.005
0.959 0.605 0 0.005
0.959 0.659 0 0.005
0.959 0.678 0 0.005
0.959 0.806 0 0.005
0.96 0.384 0 0.005
0.96 0.703 0 0.005
0.961 0.0017435897435897436 0 0.005
0.961 0.341 0 0.005
0.961 0.793 0 0.005
0.962 0.493 0 0.005
0.963 0.108 0 0.005
0.963 0.134 0 0.005
0.963 0.28 0 0.005
0.963 0.354 0 0.005
0.963 0.395 0 0.005
0.963 0.422 0 0.005
0.963 0.532 0 0.005
0.963 0.558 0 0.005
0.963 0.897 0 0.005
0.963 0.977 0 0.005
0.964 0.037 0 0.005
0.964 0.049 0 0.005
0.964 0.059 0 0.005
0.964 0.076 0 0.005
0.964 0.367 0 0.005
0.964 0.956 0 0.005
0.965 0.321 0 0.005
0.965 0.331 0 0.005
0.965 0.47 0 0.005
0.965 0.863 0 0.005
0.966 0.163 0 0.005
0.966 0.245 0 0.005
0.967 0.744 0 0.005
0.967 0.833 0 0.005
0.968 0.502 0 0.005
0.968 0.846 0 0.005
0.968 0.874 0 0.005
0.968 0.932 0 0.005
0.968 0.968 0 0.005
0.969 0.194 0 0.005
0.969 0.302 0 0.005
0.969 0.411 0 0.005
0.969 0.431 0 0.005
0.969 0.601 0 0.005
0.969 0.813 0 0.005
0.97 0.019 0 0.005
0.97 0.312 0 0.005
0.97 0.377 0 0.005
0.97 0.57 0 0.005
0.97 0.908 0 0.005
0.97 0.9956875 0 0.005
0.971 0.211 0 0.005
0.971 0.236 0 0.005
0.971 0.445 0 0.005
0.972 0.696 0 0.005
0.973 0.142 0 0.005
0.973 0.153 0 0.005
0.973 0.554 0 0.005
0.973 0.951 0 0.005
0.974 0.0008095238095238096 0 0.005
0.974 0.485 0 0.005
0.974 0.541 0 0.005
0.974 0.641 0 0.005
0.974 0.675 0 0.005
0.974 0.791 0 0.005
0.975 0.054 0 0.005
0.975 0.068 0 0.005
0.975 0.108 0 0.005
0.975 0.224 0 0.005
0.975 0.393 0 0.005
0.975 0.715 0 0.005
0.976 0.269 0 0.005
0.976 0.727 0 0.005
0.978 0.662 0 0.005
0.979 0.043 0 0.005
0.979 0.088 0 0.005
0.979 0.133 0 0.005
0.979 0.168 0 0.005
0.979 0.325 0 0.005
0.979 0.366 0 0.005
0.979 0.578 0 0.005
0.979 0.62 0 0.005
0.979 0.808 0 0.005
0.979 0.9 0 0.005
0.979 0.917 0 0.005
0.98 0.188 0 0.005
0.98 0.78 0 0.005
0.98 0.843 0 0.005
0.981 0.028 0 0.005
0.981 0.242 0 0.005
0.981 0.256 0 0.005
0.981 0.296 0 0.005
0.981 0.567 0 0.005
0.981 0.942 0 0.005
0.982 0.204 0 0.005
0.982 0.284 0 0.005
0.982 0.764 0 0.005
0.982 0.828 0 0.005
0.982 0.983 0 0.005
0.983 0.863 0 0.005
0.984 0.079 0 0.005
0.984 0.343 0 0.005
0.984 0.535 0 0.005
0.984 0.672 0 0.005
0.984 0.752 0 0.005
0.984 0.995 0 0.005
0.985 0.107 0 0.005
0.985 0.399 0 0.005
0.985 0.41 0 0.005
0.985 0.555 0 0.005
0.985 0.884 0 0.005
0.986 0.384 0 0.005
0.986 0.436 0 0.005
0.986 0.458 0 0.005
0.986 0.61 0 0.005
0.987 0.05 0 0.005
0.987 0.096 0 0.005
0.987 0.23 0 0.005
0.987 0.478 0 0.005
0.987 0.504 0 0.005
0.988 0.02 0 0.005
0.988 0.212 0 0.005
0.988 0.494 0 0.005
0.988 0.596 0 0.005
0.989 0.701 0 0.005
0.989 0.741 0 0.005
0.989 0.786 0 0.005
0.989 0.906 0 0.005
0.989 0.969 0 0.005
0.99 0.148 0 0.005
0.99 0.517 0 0.005
0.99 0.639 0 0.005
0.99 0.845 0 0.005
0.991 0.115 0 0.005
0.991 0.856 0 0.005
0.991 0.926 0 0.005
0.992 0.004 0 0.005
0.992 0.172 0 0.005
0.992 0.294 0 0.005
0.992 0.318 0 0.005
0.992 0.73 0 0.005
0.993 0.254 0 0.005
0.993 0.329 0 0.005
0.993 0.683 0 0.005
0.993 0.821 0 0.005
0.994 0.038 0 0.005
0.994 0.576 0 0.005
0.994 0.617 0 0.005
0.994 0.756 0 0.005
0.994 0.945 0 0.005
0.995 0.271 0 0.005
0.995 0.535 0 0.005
0.995 0.807 0 0.005
0.9956875 0.198 0 0.005
0.9956875 0.394 0 0.005
0.9956875 0.712 0 0.005
0.9956875 0.915 0 0.005
0.9956875 0.992 0 0.005
0.996280701754386 0.053 0 0.005
0.996280701754386 0.067 0 0.005
0.996280701754386 0.092 0 0.005
0.996280701754386 0.14 0 0.005
0.996280701754386 0.426 0 0.005
0.996280701754386 0.482 0 0.005
0.996280701754386 0.796 0 0.005
0.9967708333333334 0.163 0 0.005
0.9967708333333334 0.308 0 0.005
0.9967708333333334 0.45 0 0.005
0.9972564102564103 0.662 0 0.005
0.9972564102564103 0.875 0 0.005
0.9977333333333334 0.338 0 0.005
0.9977333333333334 0.547 0 0.005
0.9981904761904762 0.02 0 0.005
0.9981904761904762 0.107 0 0.005
0.9981904761904762 0.289 0 0.005
0.9981904761904762 0.512 0 0.005
0.9981904761904762 0.961 0 0.005
0.9985833333333334 0.214 0 0.005
0.9985833333333334 0.358 0 0.005
0.9985833333333334 0.379 0 0.005
0.9985833333333334 0.406 0 0.005
0.9985833333333334 0.466 0 0.005
0.9985833333333334 0.628 0 0.005
0.9985833333333334 0.849 0 0.005
0.9985833333333334 0.891 0 0.005
0.999 0.244 0 0.005
0.999 0.369 0 0.005
0.999 0.567 0 0.005
0.999 0.64 0 0.005
0.999 0.698 0 0.005
0.999 0.975 0 0.005
