0.003763440860215054 0.006 0 0.005
0.003763440860215054 0.032 0 0.005
0.003268292682926829 0.064 0 0.005
0.0027746478873239434 0.079 0 0.005
0.006615384615384615 0.11515976331360947 0 0.005
0.0022833333333333334 0.187 0 0.005
0.005 0.199 0 0.005
0.0022833333333333334 0.221 0 0.005
0.003763440860215054 0.246 0 0.005
0.0022833333333333334 0.265 0 0.005
0.0022833333333333334 0.278 0 0.005
0.0027746478873239434 0.292 0 0.005
0.008815165876777251 0.29986729857819905 0 0.005
0.0027746478873239434 0.333 0 0.005
0.007680628272251309 0.354565445026178 0 0.005
0.003268292682926829 0.405 0 0.005
0.00434313725490196 0.42 0 0.005
0.00434313725490196 0.45 0 0.005
0.003268292682926829 0.465 0 0.005
0.0022833333333333334 0.478 0 0.005
0.0022833333333333334 0.493 0 0.005
0.00434313725490196 0.535 0 0.005
0.0022833333333333334 0.557 0 0.005
0.0022833333333333334 0.569 0 0.005
0.003763440860215054 0.595 0 0.005
0.00434313725490196 0.611 0 0.005
0.0022833333333333334 0.623 0 0.005
0.0022833333333333334 0.655 0 0.005
0.007680628272251309 0.669434554973822 0 0.005
0.006589108910891089 0.7130643564356436 0 0.005
0.0027746478873239434 0.739 0 0.005
0.0027746478873239434 0.768 0 0.005
0.003763440860215054 0.796 0 0.005
0.012647482014388488 0.8407841726618704 0 0.005
0.003763440860215054 0.866 0 0.005
0.0022833333333333334 0.88 0 0.005
0.0027746478873239434 0.899 0 0.005
0.003268292682926829 0.926 0 0.005
0.005 0.941 0 0.005
0.005187022900763359 0.9621564885496183 0 0.005
0.0023392857142857143 0.9946428571428572 0 0.005
0.006 0.092 0 0.005
0.006 0.138 0 0.005
0.006 0.169 0 0.005
0.006 0.432 0 0.005
0.007 0.156 0 0.005
0.007 0.384 0 0.005
0.007 0.824 0 0.005
0.009 0.02 0 0.005
0.009 0.317 0 0.005
0.009 0.516 0 0.005
0.009 0.548 0 0.005
0.012 0.6375 0 0.005
0.009 0.755 0 0.005
0.01 0.37 0 0.005
0.01 0.577 0 0.005
0.01 0.695 0 0.005
0.01 0.915 0 0.005
0.015 0.2355 0 0.005
0.011 0.683 0 0.005
0.011 0.81 0 0.005
0.012 0.052 0 0.005
0.012 0.183 0 0.005
0.012 0.501 0 0.005
0.017 0.7823333333333333 0 0.005
0.012 0.976 0 0.005
0.013 0.106 0 0.005
0.013 0.341 0 0.005
0.013 0.477 0 0.005
0.013 0.561 0 0.005
0.013 0.9967166666666667 0 0.005
0.014 0.082 0 0.005
0.014 0.602 0 0.005
0.015 0.589 0 0.005
0.015 0.893 0 0.005
0.015 0.931 0 0.005
0.026333333333333334 0.041666666666666664 0 0.005
0.016 0.266 0 0.005
0.016 0.278 0 0.005
0.016 0.404 0 0.005
0.016 0.418 0 0.005
0.016 0.618 0 0.005
0.016 0.736 0 0.005
0.017 0.00434313725490196 0 0.005
0.017 0.392 0 0.005
0.017 0.465 0 0.005
0.017 0.953 0 0.005
0.018 0.195 0 0.005
0.018 0.329 0 0.005
0.018 0.724 0 0.005
0.018 0.859 0 0.005
0.019 0.145 0 0.005
0.019 0.439 0 0.005
0.019 0.987 0 0.005
0.02 0.21 0 0.005
0.02 0.379 0 0.005
0.02 0.825 0 0.005
0.0265 0.0655 0 0.005
0.021 0.129 0 0.005
0.021 0.71 0 0.005
0.021 0.905 0 0.005
0.022 0.157 0 0.005
0.022 0.253 0 0.005
0.022 0.534 0 0.005
0.022 0.573 0 0.005
0.022 0.878 0 0.005
0.023 0.312 0 0.005
0.023 0.546 0 0.005
0.024 0.49 0 0.005
0.024 0.52 0 0.005
0.024 0.695 0 0.005
0.025 0.014 0 0.005
0.025 0.452 0 0.005
0.025 0.503 0 0.005
0.025 0.643 0 0.005
0.025 0.92 0 0.005
0.025 0.967 0 0.005
0.026 0.117 0 0.005
0.035666666666666666 0.5653333333333334 0 0.005
0.0315 0.68 0 0.005
0.027 0.095 0 0.005
0.0325 0.294 0 0.005
0.027 0.34 0 0.005
0.027 0.352 0 0.005
0.027 0.365 0 0.005
0.027 0.588 0 0.005
0.027 0.63 0 0.005
0.027 0.657 0 0.005
0.0295 0.7515 0 0.005
0.039 0.032 0 0.005
0.028 0.474 0 0.005
0.028 0.615 0 0.005
0.031 0.8563333333333334 0 0.005
0.028 0.9952365591397849 0 0.005
0.029 0.183 0 0.005
0.029 0.394 0 0.005
0.029 0.802 0 0.005
0.029 0.939 0 0.005
0.034 0.9585 0 0.005
0.03 0.0027746478873239434 0 0.005
0.03 0.171 0 0.005
0.03 0.218 0 0.005
0.03 0.279 0 0.005
0.03 0.41 0 0.005
0.031 0.141 0 0.005
0.031 0.198 0 0.005
0.031 0.262 0 0.005
0.031 0.429 0 0.005
0.031 0.817 0 0.005
0.032 0.08 0 0.005
0.032 0.381 0 0.005
0.032 0.603 0 0.005
0.032 0.894 0 0.005
0.0365 0.24 0 0.005
0.034 0.441 0 0.005
0.035 0.728 0 0.005
0.036 0.108 0 0.005
0.0395 0.124 0 0.005
0.036 0.155 0 0.005
0.036 0.327 0 0.005
0.036 0.488 0 0.005
0.036 0.536 0 0.005
0.036 0.704 0 0.005
0.036 0.779 0 0.005
0.036 0.832 0 0.005
0.037 0.641 0 0.005
0.042 0.6885 0 0.005
0.038 0.516 0 0.005
0.038 0.551 0 0.005
0.039 0.341 0 0.005
0.0415 0.9125 0 0.005
0.04 0.36 0 0.005
0.04 0.457 0 0.005
0.04 0.654 0 0.005
0.041 0.372 0 0.005
0.042 0.397 0 0.005
0.046 0.6185 0 0.005
0.042 0.979 0 0.005
0.047 0.1455 0 0.005
0.048 0.2595 0 0.005
0.043 0.596 0 0.005
0.043 0.748 0 0.005
0.043 0.8 0 0.005
0.043 0.943 0 0.005
0.049109375 0.015349999999999999 0 0.005
0.044 0.068 0 0.005
0.044 0.41 0 0.005
0.044 0.666 0 0.005
0.044 0.813 0 0.005
0.045 0.099 0 0.005
0.045 0.21 0 0.005
0.045 0.316 0 0.005
0.045 0.719 0 0.005
0.045 0.883 0 0.005
0.046 0.185 0 0.005
0.051 0.2275 0 0.005
0.046 0.279 0 0.005
0.046 0.301 0 0.005
0.046 0.84 0 0.005
0.046 0.93 0 0.005
0.047 0.086 0 0.005
0.047 0.167 0 0.005
0.047 0.426 0 0.005
0.047 0.76 0 0.005
0.047 0.991 0 0.005
0.048 0.35 0 0.005
0.048 0.439 0 0.005
0.048 0.495 0 0.005
0.048 0.732 0 0.005
0.049 0.386 0 0.005
0.049 0.477 0 0.005
0.049 0.542 0 0.005
0.05533333333333334 0.7696666666666666 0 0.005
0.05 0.332 0 0.005
0.051 0.05 0 0.005
0.051 0.522 0 0.005
0.051 0.703 0 0.005
0.051 0.828 0 0.005
0.052 0.639 0 0.005
0.052 0.869 0 0.005
0.0585 0.373 0 0.005
0.054 0.128 0 0.005
0.054 0.198 0 0.005
0.054 0.46 0 0.005
0.054 0.793 0 0.005
0.054 0.856 0 0.005
0.055 0.599 0 0.005
0.055 0.939 0 0.005
0.056 0.244 0 0.005
0.06 0.4205 0 0.005
0.057 0.072 0 0.005
0.061 0.1025 0 0.005
0.057 0.907 0 0.005
0.057 0.975 0 0.005
0.058 0.003268292682926829 0 0.005
0.0635 0.294 0 0.005
0.061 0.3255 0 0.005
0.058 0.506 0 0.005
0.058 0.745 0 0.005
0.059 0.394 0 0.005
0.059 0.562 0 0.005
0.059 0.682 0 0.005
0.059 0.882 0 0.005
0.06 0.582 0 0.005
0.06 0.817 0 0.005
0.061 0.014 0 0.005
0.061 0.059 0 0.005
0.061 0.176 0 0.005
0.061 0.279 0 0.005
0.061 0.544 0 0.005
0.061 0.895 0 0.005
0.062 0.039 0 0.005
0.062 0.084 0 0.005
0.062 0.219 0 0.005
0.06666666666666667 0.635 0 0.005
0.062 0.842 0 0.005
0.062 0.919 0 0.005
0.0675 0.49 0 0.005
0.063 0.709 0 0.005
0.063 0.732 0 0.005
0.07125 0.96075 0 0.005
0.063 0.994656862745098 0 0.005
0.064 0.145 0 0.005
0.064 0.441 0 0.005
0.064 0.656 0 0.005
0.064 0.67 0 0.005
0.065 0.188 0 0.005
0.065 0.267 0 0.005
0.065 0.36 0 0.005
0.065 0.695 0 0.005
0.071 0.1155 0 0.005
0.066 0.31 0 0.005
0.066 0.346 0 0.005
0.066 0.607 0 0.005
0.0725 0.79725 0 0.005
0.067 0.161 0 0.005
0.067 0.252 0 0.005
0.067 0.454 0 0.005
0.067 0.47 0 0.005
0.067 0.515 0 0.005
0.067 0.53 0 0.005
0.068 0.772 0 0.005
0.069 0.208 0 0.005
0.0715 0.8655 0 0.005
0.069 0.939 0 0.005
0.07 0.573 0 0.005
0.07 0.904 0 0.005
0.071 0.029 0 0.005
0.071 0.228 0 0.005
0.071 0.398 0 0.005
0.071 0.983 0 0.005
0.072 0.559 0 0.005
0.073 0.01 0 0.005
0.073 0.135 0 0.005
0.073 0.278 0 0.005
0.073 0.758 0 0.005
0.074 0.059 0 0.005
0.074 0.742 0 0.005
0.074 0.828 0 0.005
0.075 0.171 0 0.005
0.075 0.722 0 0.005
0.076 0.708 0 0.005
0.076 0.9957317073170732 0 0.005
0.077 0.096 0 0.005
0.077 0.266 0 0.005
0.08 0.4195 0 0.005
0.077 0.847 0 0.005
0.078 0.192 0 0.005
0.078 0.24 0 0.005
0.078 0.352 0 0.005
0.078 0.544 0 0.005
0.081 0.6015 0 0.005
0.0835 0.9265 0 0.005
0.079 0.079 0 0.005
0.079 0.377 0 0.005
0.079 0.529 0 0.005
0.0835 0.626 0 0.005
0.079 0.667 0 0.005
0.079 0.779 0 0.005
0.08 0.913 0 0.005
0.086 0.0425 0 0.005
0.081 0.155 0 0.005
0.081 0.439 0 0.005
0.081 0.479 0 0.005
0.085 0.5115 0 0.005
0.081 0.688 0 0.005
0.081 0.817 0 0.005
0.081 0.876 0 0.005
0.082 0.319 0 0.005
0.082 0.454 0 0.005
0.082 0.9 0 0.005
0.087 0.2215 0 0.005
0.088 0.2005 0 0.005
0.084 0.29 0 0.005
0.084 0.494 0 0.005
0.085 0.138 0 0.005
0.085 0.579 0 0.005
0.085 0.643 0 0.005
0.085 0.655 0 0.005
0.085 0.835 0 0.005
0.085 0.981 0 0.005
0.086 0.276 0 0.005
0.086 0.338 0 0.005
0.086 0.466 0 0.005
0.091 0.7645 0 0.005
0.086 0.949 0 0.005
0.087 0.366 0 0.005
0.088 0.106 0 0.005
0.088 0.255 0 0.005
0.088 0.307 0 0.005
0.088 0.563 0 0.005
0.088 0.708 0 0.005
0.089 0.399 0 0.005
0.089 0.728 0 0.005
0.09 0.072 0 0.005
0.09 0.124 0 0.005
0.09 0.352 0 0.005
0.09 0.386 0 0.005
0.09 0.743 0 0.005
0.09 0.993 0 0.005
0.091 0.019 0 0.005
0.091 0.17 0 0.005
0.091 0.183 0 0.005
0.091 0.536 0 0.005
0.092 0.523 0 0.005
0.092 0.89 0 0.005
0.092 0.97 0 0.005
0.093 0.007 0 0.005
0.093 0.034 0 0.005
0.097 0.5985 0 0.005
0.104 0.6686666666666666 0 0.005
0.10066666666666667 0.8223333333333334 0 0.005
0.094 0.937 0 0.005
0.095 0.909 0 0.005
0.1 0.0885 0 0.005
0.10566666666666667 0.158 0 0.005
0.096 0.265 0 0.005
0.096 0.44 0 0.005
0.096 0.786 0 0.005
0.097 0.06 0 0.005
0.097 0.141 0 0.005
0.097 0.654 0 0.005
0.097 0.798 0 0.005
0.098 0.114 0 0.005
0.098 0.427 0 0.005
0.1025 0.462 0 0.005
0.098 0.848 0 0.005
0.098 0.872 0 0.005
0.103 0.3805 0 0.005
0.1045 0.478 0 0.005
0.1045 0.7175 0 0.005
0.099 0.773 0 0.005
0.099 0.86 0 0.005
0.099 0.983 0 0.005
0.1 0.304 0 0.005
0.1 0.325 0 0.005
0.1 0.413 0 0.005
0.1 0.571 0 0.005
0.1 0.622 0 0.005
0.1 0.693 0 0.005
0.1 0.952 0 0.005
0.101 0.237 0 0.005
0.101 0.249 0 0.005
0.101 0.278 0 0.005
0.102 0.397 0 0.005
0.106 0.4925 0 0.005
0.102 0.744 0 0.005
0.103 0.211 0 0.005
0.103 0.224 0 0.005
0.103 0.292 0 0.005
0.103 0.362 0 0.005
0.103 0.921 0 0.005
0.104 0.175 0 0.005
0.1085 0.349 0 0.005
0.104 0.895 0 0.005
0.107 0.9695 0 0.005
0.106 0.043 0 0.005
0.106 0.07 0 0.005
0.106 0.191 0 0.005
0.107 0.031 0 0.005
0.112 0.5555 0 0.005
0.108 0.106 0 0.005
0.111 0.5165 0 0.005
0.108 0.703 0 0.005
0.109 0.01 0 0.005
0.109 0.648 0 0.005
0.109 0.729 0 0.005
0.113 0.9365 0 0.005
0.109 0.992 0 0.005
0.1125 0.4215 0 0.005
0.11 0.632 0 0.005
0.111 0.055 0 0.005
0.111 0.128 0 0.005
0.12240000000000001 0.7804 0 0.005
0.111 0.798 0 0.005
0.111 0.854 0 0.005
0.111 0.911 0 0.005
0.112 0.268 0 0.005
0.112 0.691 0 0.005
0.112 0.876 0 0.005
0.113 0.539 0 0.005
0.113 0.573 0 0.005
0.113 0.593 0 0.005
0.1185 0.951 0 0.005
0.114 0.321 0 0.005
0.114 0.335 0 0.005
0.114 0.402 0 0.005
0.1205 0.091 0 0.005
0.12 0.4395 0 0.005
0.116 0.292 0 0.005
0.116 0.75 0 0.005
0.117 0.202 0 0.005
0.117 0.256 0 0.005
0.117 0.817 0 0.005
0.128 0.8846666666666666 0 0.005
0.118 0.366 0 0.005
0.118 0.499 0 0.005
0.12 0.026 0 0.005
0.12 0.073 0 0.005
0.12 0.138 0 0.005
0.12 0.24 0 0.005
0.121 0.114 0 0.005
0.12833333333333335 0.19033333333333335 0 0.005
0.121 0.214 0 0.005
0.121 0.606 0 0.005
0.122 0.309 0 0.005
0.122 0.458 0 0.005
0.123 0.0027746478873239434 0 0.005
0.123 0.053 0 0.005
0.123 0.277 0 0.005
0.123 0.513 0 0.005
0.123 0.642 0 0.005
0.123 0.736 0 0.005
0.123 0.904 0 0.005
0.123 0.92 0 0.005
0.124 0.227 0 0.005
0.124 0.673 0 0.005
0.125 0.014 0 0.005
0.125 0.345 0 0.005
0.125 0.86 0 0.005
0.126 0.101 0 0.005
0.126 0.168 0 0.005
0.126 0.488 0 0.005
0.1295 0.553 0 0.005
0.126 0.698 0 0.005
0.1305 0.831 0 0.005
0.126 0.872 0 0.005
0.126 0.982 0 0.005
0.127 0.126 0 0.005
0.127 0.154 0 0.005
0.127 0.388 0 0.005
0.127 0.422 0 0.005
0.127 0.659 0 0.005
0.127 0.686 0 0.005
0.127 0.848 0 0.005
0.127 0.964 0 0.005
0.1335 0.32 0 0.005
0.129 0.259 0 0.005
0.133 0.7225 0 0.005
0.134 0.8185 0 0.005
0.129 0.9957317073170732 0 0.005
0.133 0.0415 0 0.005
0.13 0.527 0 0.005
0.13 0.621 0 0.005
0.1365 0.584 0 0.005
0.136 0.2475 0 0.005
0.1484 0.3516 0 0.005
0.133 0.077 0 0.005
0.133 0.402 0 0.005
0.133 0.473 0 0.005
0.133 0.571 0 0.005
0.134 0.292 0 0.005
0.134 0.305 0 0.005
0.134 0.94 0 0.005
0.135 0.062 0 0.005
0.135 0.215 0 0.005
0.135 0.747 0 0.005
0.136 0.372 0 0.005
0.136 0.452 0 0.005
0.136 0.897 0 0.005
0.136 0.914 0 0.005
0.136 0.926 0 0.005
0.14160396039603962 0.007128712871287129 0 0.005
0.137 0.6 0 0.005
0.141 0.6406666666666666 0 0.005
0.137 0.804 0 0.005
0.138 0.136 0 0.005
0.138 0.508 0 0.005
0.138 0.704 0 0.005
0.138 0.76 0 0.005
0.143 0.8595 0 0.005
0.139 0.023 0 0.005
0.139 0.172 0 0.005
0.139 0.434 0 0.005
0.139 0.967 0 0.005
0.14 0.276 0 0.005
0.14 0.332 0 0.005
0.14 0.672 0 0.005
0.141 0.119 0 0.005
0.141 0.231 0 0.005
0.141 0.547 0 0.005
0.141 0.954 0 0.005
0.142 0.155 0 0.005
0.142 0.526 0 0.005
0.142 0.614 0 0.005
0.142 0.9957317073170732 0 0.005
0.1465 0.105 0 0.005
0.144 0.419 0 0.005
0.145 0.402 0 0.005
0.145 0.494 0 0.005
0.146 0.075 0 0.005
0.146 0.39 0 0.005
0.146 0.473 0 0.005
0.146 0.687 0 0.005
0.147 0.035 0 0.005
0.147 0.063 0 0.005
0.15033333333333335 0.19366666666666665 0 0.005
0.147 0.214 0 0.005
0.147 0.264 0 0.005
0.1495 0.2835 0 0.005
0.147 0.659 0 0.005
0.147 0.833 0 0.005
0.147 0.846 0 0.005
0.152 0.9795 0 0.005
0.148 0.048 0 0.005
0.148 0.087 0 0.005
0.148 0.788 0 0.005
0.15833333333333335 0.5673333333333334 0 0.005
0.149 0.738 0 0.005
0.15 0.602 0 0.005
0.15 0.724 0 0.005
0.15 0.756 0 0.005
0.1555 0.913 0 0.005
0.15 0.939 0 0.005
0.151 0.308 0 0.005
0.1635 0.5073333333333333 0 0.005
0.151 0.896 0 0.005
0.151 0.927 0 0.005
0.152 0.14 0 0.005
0.152 0.252 0 0.005
0.152 0.321 0 0.005
0.152 0.34 0 0.005
0.152 0.438 0 0.005
0.152 0.879 0 0.005
0.154 0.581 0 0.005
0.155 0.712 0 0.005
0.156 0.547 0 0.005
0.156 0.615 0 0.005
0.157 0.012 0 0.005
0.157 0.027 0 0.005
0.157 0.125 0 0.005
0.157 0.231 0 0.005
0.16266666666666665 0.454 0 0.005
0.157 0.627 0 0.005
0.157 0.77 0 0.005
0.157 0.804 0 0.005
0.157 0.817 0 0.005
0.1635 0.673 0 0.005
0.168 0.07166666666666667 0 0.005
0.159 0.219 0 0.005
0.159 0.658 0 0.005
0.159 0.956 0 0.005
0.16 0.096 0 0.005
0.16 0.178 0 0.005
0.16 0.533 0 0.005
0.16 0.792 0 0.005
0.16 0.838 0 0.005
0.16 0.992 0 0.005
0.161 0.154 0 0.005
0.161 0.166 0 0.005
0.166 0.4315 0 0.005
0.161 0.475 0 0.005
0.161 0.85 0 0.005
0.162 0.374 0 0.005
0.162 0.591 0 0.005
0.162 0.64 0 0.005
0.1665 0.759 0 0.005
0.163 0.263 0 0.005
0.163 0.298 0 0.005
0.1655 0.7025 0 0.005
0.163 0.742 0 0.005
0.168 0.2815 0 0.005
0.164 0.394 0 0.005
0.164 0.896 0 0.005
0.164 0.928 0 0.005
0.165 0.053 0 0.005
0.165 0.33 0 0.005
0.165 0.412 0 0.005
0.165 0.605 0 0.005
0.172 0.8625 0 0.005
0.167 0.88 0 0.005
0.167 0.944 0 0.005
0.168 0.199 0 0.005
0.172 0.2535 0 0.005
0.168 0.545 0 0.005
0.168 0.727 0 0.005
0.168 0.781 0 0.005
0.1735 0.9625 0 0.005
0.173 0.11566666666666667 0 0.005
0.169 0.232 0 0.005
0.17633333333333334 0.808 0 0.005
0.169 0.983 0 0.005
0.17 0.024 0 0.005
0.17 0.315 0 0.005
0.171 0.038 0 0.005
0.171 0.656 0 0.005
0.171 0.907 0 0.005
0.172 0.095 0 0.005
0.172 0.216 0 0.005
0.172 0.353 0 0.005
0.173 0.0027746478873239434 0 0.005
0.173 0.834 0 0.005
0.173 0.919 0 0.005
0.174 0.139 0 0.005
0.174 0.751 0 0.005
0.175 0.689 0 0.005
0.176 0.155 0 0.005
0.176 0.384 0 0.005
0.176 0.487 0 0.005
0.176 0.532 0 0.005
0.176 0.628 0 0.005
0.176 0.9957317073170732 0 0.005
0.177 0.299 0 0.005
0.177 0.579 0 0.005
0.182 0.6085 0 0.005
0.177 0.64 0 0.005
0.178 0.05 0 0.005
0.178 0.556 0 0.005
0.178 0.595 0 0.005
0.1805 0.6725 0 0.005
0.178 0.893 0 0.005
0.179 0.182 0 0.005
0.179 0.333 0 0.005
0.179 0.372 0 0.005
0.179 0.473 0 0.005
0.179 0.789 0 0.005
0.18 0.275 0 0.005
0.18 0.723 0 0.005
0.181 0.016 0 0.005
0.181 0.984 0 0.005
0.182 0.233 0 0.005
0.1855 0.399 0 0.005
0.182 0.423 0 0.005
0.182 0.544 0 0.005
0.182 0.846 0 0.005
0.182 0.873 0 0.005
0.183 0.038 0 0.005
0.183 0.169 0 0.005
0.183 0.451 0 0.005
0.184 0.208 0 0.005
0.184 0.221 0 0.005
0.184 0.317 0 0.005
0.184 0.437 0 0.005
0.184 0.699 0 0.005
0.184 0.743 0 0.005
0.184 0.776 0 0.005
0.184 0.823 0 0.005
0.184 0.938 0 0.005
0.185 0.093 0 0.005
0.185 0.652 0 0.005
0.186 0.142 0 0.005
0.187 0.081 0 0.005
0.187 0.247 0 0.005
0.187 0.519 0 0.005
0.187 0.971 0 0.005
0.188 0.126 0 0.005
0.19733333333333333 0.19433333333333333 0 0.005
0.188 0.356 0 0.005
0.188 0.911 0 0.005
0.189 0.621 0 0.005
0.1945 0.758 0 0.005
0.195 0.0495 0 0.005
0.19 0.261 0 0.005
0.19 0.464 0 0.005
0.19 0.559 0 0.005
0.19 0.64 0 0.005
0.19 0.665 0 0.005
0.194 0.8535 0 0.005
0.191 0.156 0 0.005
0.191 0.296 0 0.005
0.191 0.714 0 0.005
0.192 0.375 0 0.005
0.193 0.00434313725490196 0 0.005
0.193 0.112 0 0.005
0.1955 0.1735 0 0.005
0.194 0.016 0 0.005
0.194 0.07 0 0.005
0.194 0.476 0 0.005
0.194 0.951 0 0.005
0.1995 0.331 0 0.005
0.195 0.507 0 0.005
0.195 0.582 0 0.005
0.1975 0.8915 0 0.005
0.195 0.928 0 0.005
0.195 0.9967166666666667 0 0.005
0.196 0.221 0 0.005
0.2015 0.432 0 0.005
0.2015 0.4455 0 0.005
0.196 0.495 0 0.005
0.196 0.532 0 0.005
0.196 0.774 0 0.005
0.197 0.281 0 0.005
0.197 0.796 0 0.005
0.197 0.872 0 0.005
0.198 0.237 0 0.005
0.198 0.409 0 0.005
0.198 0.598 0 0.005
0.198 0.832 0 0.005
0.199 0.309 0 0.005
0.199 0.686 0 0.005
0.199 0.963 0 0.005
0.2 0.129 0 0.005
0.2 0.142 0 0.005
0.2 0.253 0 0.005
0.2 0.348 0 0.005
0.205 0.5715 0 0.005
0.2 0.65 0 0.005
0.2 0.704 0 0.005
0.2045 0.81 0 0.005
0.2065 0.093 0 0.005
0.201 0.547 0 0.005
0.201 0.746 0 0.005
0.202 0.034 0 0.005
0.202 0.058 0 0.005
0.202 0.268 0 0.005
0.202 0.729 0 0.005
0.212 0.907 0 0.005
0.202 0.98 0 0.005
0.203 0.397 0 0.005
0.203 0.668 0 0.005
0.204 0.384 0 0.005
0.204 0.627 0 0.005
0.206 0.371 0 0.005
0.206 0.465 0 0.005
0.207 0.016 0 0.005
0.2095 0.1215 0 0.005
0.207 0.154 0 0.005
0.207 0.291 0 0.005
0.207 0.502 0 0.005
0.207 0.612 0 0.005
0.207 0.882 0 0.005
0.208 0.003268292682926829 0 0.005
0.208 0.521 0 0.005
0.208 0.587 0 0.005
0.208 0.715 0 0.005
0.208 0.776 0 0.005
0.208 0.933 0 0.005
0.21 0.166 0 0.005
0.21 0.356 0 0.005
0.211 0.209 0 0.005
0.2155 0.32 0 0.005
0.211 0.418 0 0.005
0.211 0.6 0 0.005
0.211 0.828 0 0.005
0.211 0.87 0 0.005
0.211 0.945 0 0.005
0.212 0.069 0 0.005
0.212 0.229 0 0.005
0.212 0.248 0 0.005
0.212 0.558 0 0.005
0.212 0.686 0 0.005
0.212 0.7 0 0.005
0.212 0.79 0 0.005
0.213 0.046 0 0.005
0.213 0.142 0 0.005
0.213 0.637 0 0.005
0.214 0.28 0 0.005
0.214 0.405 0 0.005
0.214 0.649 0 0.005
0.215 0.476 0 0.005
0.215 0.536 0 0.005
0.2205 0.76 0 0.005
0.215 0.858 0 0.005
0.216 0.49 0 0.005
0.216 0.666 0 0.005
0.216 0.9967166666666667 0 0.005
0.217 0.341 0 0.005
0.217 0.724 0 0.005
0.217 0.738 0 0.005
0.217 0.959 0 0.005
0.2225 0.032 0 0.005
0.218 0.197 0 0.005
0.2225 0.266 0 0.005
0.223 0.4585 0 0.005
0.218 0.985 0 0.005
0.219 0.08 0 0.005
0.222 0.1505 0 0.005
0.223 0.1755 0 0.005
0.219 0.371 0 0.005
0.219 0.842 0 0.005
0.22 0.059 0 0.005
0.22 0.299 0 0.005
0.22 0.428 0 0.005
0.22 0.445 0 0.005
0.22 0.587 0 0.005
0.2235 0.89 0 0.005
0.221 0.619 0 0.005
0.221 0.819 0 0.005
0.221 0.926 0 0.005
0.222 0.393 0 0.005
0.222 0.569 0 0.005
0.222 0.78 0 0.005
0.2245 0.7995 0 0.005
0.223 0.006 0 0.005
0.223 0.311 0 0.005
0.223 0.512 0 0.005
0.224 0.115 0 0.005
0.224 0.606 0 0.005
0.224 0.871 0 0.005
0.229 0.0875 0 0.005
0.225 0.214 0 0.005
0.225 0.525 0 0.005
0.2305 0.752 0 0.005
0.226 0.549 0 0.005
0.226 0.972 0 0.005
0.227 0.351 0 0.005
0.227 0.857 0 0.005
0.228 0.409 0 0.005
0.228 0.943 0 0.005
0.229 0.19 0 0.005
0.229 0.241 0 0.005
0.229 0.381 0 0.005
0.229 0.474 0 0.005
0.229 0.697 0 0.005
0.229 0.714 0 0.005
0.229 0.831 0 0.005
0.2355 0.287 0 0.005
0.23 0.636 0 0.005
0.23 0.734 0 0.005
0.23 0.99 0 0.005
0.231 0.437 0 0.005
0.231 0.843 0 0.005
0.232 0.021 0 0.005
0.2345 0.1325 0 0.005
0.236 0.1615 0 0.005
0.232 0.299 0 0.005
0.232 0.561 0 0.005
0.232 0.593 0 0.005
0.24 0.6865 0 0.005
0.233 0.067 0 0.005
0.24 0.349 0 0.005
0.233 0.423 0 0.005
0.239 0.3915 0 0.005
0.234 0.497 0 0.005
0.234 0.661 0 0.005
0.234 0.781 0 0.005
0.235 0.00434313725490196 0 0.005
0.237 0.918 0 0.005
0.236 0.575 0 0.005
0.236 0.649 0 0.005
0.236 0.874 0 0.005
0.237 0.23 0 0.005
0.237 0.317 0 0.005
0.237 0.531 0 0.005
0.237 0.622 0 0.005
0.238 0.055 0 0.005
0.238 0.767 0 0.005
0.238 0.802 0 0.005
0.239 0.107 0 0.005
0.239 0.205 0 0.005
0.239 0.217 0 0.005
0.239 0.275 0 0.005
0.239 0.369 0 0.005
0.239 0.956 0 0.005
0.239 0.97 0 0.005
0.24 0.035 0 0.005
0.24 0.183 0 0.005
0.24 0.251 0 0.005
0.24 0.51 0 0.005
0.24 0.545 0 0.005
0.2425 0.6045 0 0.005
0.241 0.465 0 0.005
0.241 0.483 0 0.005
0.241 0.818 0 0.005
0.241 0.9967166666666667 0 0.005
0.242 0.637 0 0.005
0.242 0.986 0 0.005
0.243 0.835 0 0.005
0.243 0.891 0 0.005
0.2465 0.0865 0 0.005
0.244 0.564 0 0.005
0.25 0.0195 0 0.005
0.245 0.403 0 0.005
0.245 0.731 0 0.005
0.246 0.586 0 0.005
0.247 0.006 0 0.005
0.247 0.336 0 0.005
0.247 0.497 0 0.005
0.247 0.716 0 0.005
0.247 0.787 0 0.005
0.247 0.945 0 0.005
0.2505 0.4505 0 0.005
0.248 0.753 0 0.005
0.25466666666666665 0.13233333333333333 0 0.005
0.249 0.3 0 0.005
0.249 0.315 0 0.005
0.254 0.0645 0 0.005
0.25 0.157 0 0.005
0.25 0.419 0 0.005
0.25 0.624 0 0.005
0.25 0.649 0 0.005
0.254 0.0395 0 0.005
0.251 0.534 0 0.005
0.251 0.77 0 0.005
0.251 0.859 0 0.005
0.2565 0.9345 0 0.005
0.252 0.372 0 0.005
0.253 0.175 0 0.005
0.253 0.509 0 0.005
0.258 0.8505 0 0.005
0.2583333333333333 0.237 0 0.005
0.2593333333333333 0.2683333333333333 0 0.005
0.2595 0.9835 0 0.005
0.255 0.109 0 0.005
0.2575 0.5485 0 0.005
0.255 0.612 0 0.005
0.255 0.689 0 0.005
0.255 0.878 0 0.005
0.256 0.19 0 0.005
0.27185714285714285 0.44242857142857145 0 0.005
0.256 0.567 0 0.005
0.256 0.664 0 0.005
0.256 0.742 0 0.005
0.256 0.801 0 0.005
0.256 0.915 0 0.005
0.257 0.207 0 0.005
0.257 0.385 0 0.005
0.257 0.489 0 0.005
0.257 0.891 0 0.005
0.257 0.957 0 0.005
0.257 0.996225352112676 0 0.005
0.258 0.346 0 0.005
0.2615 0.401 0 0.005
0.2635 0.4745 0 0.005
0.258 0.584 0 0.005
0.2635 0.731 0 0.005
0.258 0.97 0 0.005
0.26 0.677 0 0.005
0.26 0.787 0 0.005
0.26 0.903 0 0.005
0.2635 0.0915 0 0.005
0.262 0.323 0 0.005
0.265 0.5165 0 0.005
0.262 0.623 0 0.005
0.262 0.639 0 0.005
0.262 0.814 0 0.005
0.262 0.831 0 0.005
0.263 0.159 0 0.005
0.263 0.291 0 0.005
0.264 0.003763440860215054 0 0.005
0.264 0.051 0 0.005
0.264 0.654 0 0.005
0.264 0.708 0 0.005
0.2705 0.749 0 0.005
0.271 0.3115 0 0.005
0.266 0.335 0 0.005
0.267 0.593 0 0.005
0.268 0.146 0 0.005
0.268 0.187 0 0.005
0.268 0.357 0 0.005
0.268 0.77 0 0.005
0.268 0.881 0 0.005
0.272 0.1285 0 0.005
0.269 0.606 0 0.005
0.269 0.869 0 0.005
0.27 0.11 0 0.005
0.27 0.381 0 0.005
0.27 0.58 0 0.005
0.27 0.957 0 0.005
0.276 0.0625 0 0.005
0.279 0.17366666666666666 0 0.005
0.271 0.536 0 0.005
0.271 0.922 0 0.005
0.276 0.4955 0 0.005
0.272 0.567 0 0.005
0.276 0.6615 0 0.005
0.272 0.785 0 0.005
0.272 0.798 0 0.005
0.272 0.994656862745098 0 0.005
0.2806666666666667 0.03833333333333334 0 0.005
0.273 0.098 0 0.005
0.276 0.2145 0 0.005
0.273 0.41 0 0.005
0.273 0.434 0 0.005
0.273 0.692 0 0.005
0.274 0.551 0 0.005
0.274 0.622 0 0.005
0.2833333333333333 0.6413333333333334 0 0.005
0.274 0.818 0 0.005
0.274 0.831 0 0.005
0.274 0.844 0 0.005
0.274 0.904 0 0.005
0.274 0.969 0 0.005
0.275 0.014 0 0.005
0.2805 0.2385 0 0.005
0.275 0.248 0 0.005
0.275 0.368 0 0.005
0.2815 0.6765 0 0.005
0.276 0.718 0 0.005
0.277 0.295 0 0.005
0.277 0.422 0 0.005
0.277 0.892 0 0.005
0.278 0.085 0 0.005
0.282 0.8615 0 0.005
0.278 0.945 0 0.005
0.279 0.524 0 0.005
0.28 0.148 0 0.005
0.2855 0.201 0 0.005
0.281 0.27 0 0.005
0.281 0.591 0 0.005
0.281 0.931 0 0.005
0.282 0.336 0 0.005
0.282 0.38 0 0.005
0.282 0.604 0 0.005
0.282 0.979 0 0.005
0.283 0.282 0 0.005
0.283 0.392 0 0.005
0.284 0.112 0 0.005
0.284 0.73 0 0.005
0.284 0.76 0 0.005
0.285 0.256 0 0.005
0.285 0.472 0 0.005
0.285 0.54 0 0.005
0.285 0.569 0 0.005
0.285 0.81 0 0.005
0.285 0.879 0 0.005
0.286 0.00434313725490196 0 0.005
0.286 0.095 0 0.005
0.286 0.352 0 0.005
0.286 0.488 0 0.005
0.286 0.513 0 0.005
0.286 0.557 0 0.005
0.286 0.706 0 0.005
0.287 0.431 0 0.005
0.2925 0.8195 0 0.005
0.287 0.839 0 0.005
0.287 0.911 0 0.005
0.2905 0.968 0 0.005
0.287 0.9967166666666667 0 0.005
0.288 0.029 0 0.005
0.2935 0.136 0 0.005
0.288 0.31 0 0.005
0.288 0.406 0 0.005
0.288 0.622 0 0.005
0.288 0.777 0 0.005
0.2945 0.013 0 0.005
0.2935 0.075 0 0.005
0.29 0.896 0 0.005
0.29 0.941 0 0.005
0.291 0.221 0 0.005
0.291 0.325 0 0.005
0.2965 0.857 0 0.005
0.293 0.742 0 0.005
0.294 0.153 0 0.005
0.294 0.366 0 0.005
0.294 0.503 0 0.005
0.295 0.192 0 0.005
0.295 0.385 0 0.005
0.295 0.417 0 0.005
0.295 0.531 0 0.005
0.295 0.687 0 0.005
0.295 0.792 0 0.005
0.296 0.113 0 0.005
0.296 0.465 0 0.005
0.297 0.3 0 0.005
0.297 0.726 0 0.005
0.298 0.477 0 0.005
0.3015 0.544 0 0.005
0.3005 0.5855 0 0.005
0.298 0.764 0 0.005
0.299 0.055 0 0.005
0.299 0.096 0 0.005
0.299 0.561 0 0.005
0.299 0.713 0 0.005
0.3036039603960396 0.9918712871287129 0 0.005
0.3 0.126 0 0.005
0.3 0.176 0 0.005
0.3 0.265 0 0.005
0.3 0.398 0 0.005
0.3 0.611 0 0.005
0.3055 0.802 0 0.005
0.3 0.906 0 0.005
0.3 0.921 0 0.005
0.3055 0.9355 0 0.005
0.301 0.212 0 0.005
0.301 0.831 0 0.005
0.3135 0.87825 0 0.005
0.302 0.341 0 0.005
0.303 0.251 0 0.005
0.303 0.515 0 0.005
0.303 0.668 0 0.005
0.304 0.041 0 0.005
0.304 0.163 0 0.005
0.304 0.281 0 0.005
0.304 0.654 0 0.005
0.304 0.848 0 0.005
0.304 0.965 0 0.005
0.3095 0.331 0 0.005
0.305 0.44 0 0.005
0.305 0.638 0 0.005
0.306 0.239 0 0.005
0.31 0.3645 0 0.005
0.306 0.498 0 0.005
0.306 0.694 0 0.005
0.306 0.95 0 0.005
0.307 0.028 0 0.005
0.3115 0.19 0 0.005
0.318 0.7403333333333334 0 0.005
0.308 0.452 0 0.005
0.309 0.226 0 0.005
0.3136666666666667 0.40166666666666667 0 0.005
0.309 0.427 0 0.005
0.309 0.722 0 0.005
0.3183333333333333 0.9856666666666666 0 0.005
0.31 0.113 0 0.005
0.31 0.146 0 0.005
0.31 0.306 0 0.005
0.31 0.382 0 0.005
0.31 0.706 0 0.005
0.31 0.898 0 0.005
0.311 0.063 0 0.005
0.311 0.469 0 0.005
0.311 0.623 0 0.005
0.315 0.6845 0 0.005
0.312 0.78 0 0.005
0.312 0.816 0 0.005
0.312 0.917 0 0.005
0.313 0.015 0 0.005
0.313 0.349 0 0.005
0.318 0.5295 0 0.005
0.316 0.5815 0 0.005
0.313 0.762 0 0.005
0.314 0.271 0 0.005
0.315 0.172 0 0.005
0.315 0.601 0 0.005
0.317 0.0022833333333333334 0 0.005
0.317 0.051 0 0.005
0.317 0.081 0 0.005
0.317 0.1 0 0.005
0.317 0.202 0 0.005
0.321 0.2905 0 0.005
0.317 0.491 0 0.005
0.318 0.127 0 0.005
0.318 0.16 0 0.005
0.318 0.252 0 0.005
0.318 0.56 0 0.005
0.318 0.64 0 0.005
0.319 0.238 0 0.005
0.319 0.323 0 0.005
0.319 0.438 0 0.005
0.3245 0.856 0 0.005
0.32 0.546 0 0.005
0.321 0.716 0 0.005
0.321 0.837 0 0.005
0.321 0.964 0 0.005
0.322 0.148 0 0.005
0.3293333333333333 0.515 0 0.005
0.322 0.671 0 0.005
0.322 0.899 0 0.005
0.322 0.928 0 0.005
0.323 0.023 0 0.005
0.323 0.216 0 0.005
0.323 0.387 0 0.005
0.323 0.461 0 0.005
0.324 0.114 0 0.005
0.324 0.622 0 0.005
0.324 0.653 0 0.005
0.324 0.794 0 0.005
0.324 0.812 0 0.005
0.324 0.824 0 0.005
0.324 0.911 0 0.005
0.325 0.068 0 0.005
0.325 0.346 0 0.005
0.325 0.768 0 0.005
0.325 0.782 0 0.005
0.3315 0.0445 0 0.005
0.326 0.48 0 0.005
0.326 0.574 0 0.005
0.326 0.976 0 0.005
0.327 0.008 0 0.005
0.327 0.169 0 0.005
0.327 0.414 0 0.005
0.328 0.754 0 0.005
0.329 0.182 0 0.005
0.334 0.2065 0 0.005
0.329 0.948 0 0.005
0.33 0.081 0 0.005
0.335 0.0925 0 0.005
0.33 0.13 0 0.005
0.33 0.694 0 0.005
0.33 0.73 0 0.005
0.331 0.332 0 0.005
0.331 0.434 0 0.005
0.332 0.24 0 0.005
0.332 0.447 0 0.005
0.332 0.847 0 0.005
0.333 0.265 0 0.005
0.333 0.298 0 0.005
0.333 0.31 0 0.005
0.333 0.502 0 0.005
0.333 0.55 0 0.005
0.333 0.642 0 0.005
0.3433333333333333 0.22733333333333333 0 0.005
0.334 0.374 0 0.005
0.334 0.607 0 0.005
0.334 0.709 0 0.005
0.3405503597122302 0.01303956834532374 0 0.005
0.335 0.36 0 0.005
0.336 0.118 0 0.005
0.336 0.62 0 0.005
0.336 0.657 0 0.005
0.336 0.832 0 0.005
0.336 0.884 0 0.005
0.337 0.155 0 0.005
0.337 0.536 0 0.005
0.337 0.673 0 0.005
0.337 0.767 0 0.005
0.337 0.786 0 0.005
0.337 0.82 0 0.005
0.337 0.959 0 0.005
0.338 0.578 0 0.005
0.339 0.595 0 0.005
0.34 0.066 0 0.005
0.34 0.283 0 0.005
0.34 0.392 0 0.005
0.34 0.563 0 0.005
0.341 0.9 0 0.005
0.344 0.9185 0 0.005
0.342 0.406 0 0.005
0.342 0.461 0 0.005
0.342 0.719 0 0.005
0.342 0.798 0 0.005
0.342 0.871 0 0.005
0.3486666666666667 0.9403333333333334 0 0.005
0.343 0.105 0 0.005
0.343 0.249 0 0.005
0.343 0.429 0 0.005
0.343 0.735 0 0.005
0.344 0.035 0 0.005
0.3495 0.3175 0 0.005
0.344 0.474 0 0.005
0.344 0.843 0 0.005
0.3505 0.167 0 0.005
0.345 0.182 0 0.005
0.345 0.197 0 0.005
0.3503175355450237 0.9917345971563981 0 0.005
0.349 0.2655 0 0.005
0.3566666666666667 0.299 0 0.005
0.346 0.443 0 0.005
0.346 0.493 0 0.005
0.346 0.973 0 0.005
0.347 0.332 0 0.005
0.347 0.349 0 0.005
0.347 0.525 0 0.005
0.347 0.691 0 0.005
0.348 0.613 0 0.005
0.348 0.757 0 0.005
0.348 0.812 0 0.005
0.349 0.139 0 0.005
0.349 0.153 0 0.005
0.353 0.3625 0 0.005
0.349 0.544 0 0.005
0.349 0.629 0 0.005
0.349 0.652 0 0.005
0.349 0.668 0 0.005
0.355 0.5905 0 0.005
0.351 0.057 0 0.005
0.351 0.704 0 0.005
0.351 0.785 0 0.005
0.352 0.045 0 0.005
0.352 0.379 0 0.005
0.352 0.512 0 0.005
0.352 0.854 0 0.005
0.357 0.4495 0 0.005
0.354 0.561 0 0.005
0.354 0.716 0 0.005
0.354 0.866 0 0.005
0.36333333333333334 0.014 0 0.005
0.355 0.099 0 0.005
0.355 0.214 0 0.005
0.355 0.422 0 0.005
0.355 0.964 0 0.005
0.356 0.084 0 0.005
0.356 0.728 0 0.005
0.356 0.773 0 0.005
0.356 0.982 0 0.005
0.357 0.283 0 0.005
0.357 0.576 0 0.005
0.357 0.679 0 0.005
0.357 0.826 0 0.005
0.357 0.841 0 0.005
0.357 0.883 0 0.005
0.36233333333333334 0.126 0 0.005
0.3635 0.173 0 0.005
0.358 0.393 0 0.005
0.358 0.468 0 0.005
0.365 0.48533333333333334 0 0.005
0.358 0.895 0 0.005
0.362 0.0395 0 0.005
0.364 0.7375 0 0.005
0.361 0.541 0 0.005
0.367 0.1905 0 0.005
0.362 0.331 0 0.005
0.362 0.695 0 0.005
0.363 0.057 0 0.005
0.363 0.07 0 0.005
0.363 0.248 0 0.005
0.363 0.609 0 0.005
0.363 0.929 0 0.005
0.364 0.149 0 0.005
0.364 0.407 0 0.005
0.364 0.91 0 0.005
0.365 0.801 0 0.005
0.37 0.2345 0 0.005
0.366 0.347 0 0.005
0.366 0.629 0 0.005
0.366 0.871 0 0.005
0.3725 0.112 0 0.005
0.3725 0.263 0 0.005
0.367 0.275 0 0.005
0.3723333333333333 0.6666666666666666 0 0.005
0.367 0.813 0 0.005
0.367 0.957 0 0.005
0.368 0.083 0 0.005
0.368 0.212 0 0.005
0.368 0.458 0 0.005
0.368 0.526 0 0.005
0.368 0.645 0 0.005
0.368 0.761 0 0.005
0.369 0.841 0 0.005
0.369 0.971 0 0.005
0.3755 0.099 0 0.005
0.37 0.559 0 0.005
0.384 0.79125 0 0.005
0.371 0.032 0 0.005
0.371 0.363 0 0.005
0.371 0.425 0 0.005
0.371 0.774 0 0.005
0.371 0.893 0 0.005
0.372 0.592 0 0.005
0.372 0.944 0 0.005
0.373 0.58 0 0.005
0.373 0.71 0 0.005
0.374 0.312 0 0.005
0.374 0.336 0 0.005
0.374 0.509 0 0.005
0.374 0.747 0 0.005
0.3825 0.9765 0 0.005
0.375 0.156 0 0.005
0.375 0.472 0 0.005
0.375 0.853 0 0.005
0.3815 0.384 0 0.005
0.377 0.003268292682926829 0 0.005
0.377 0.056 0 0.005
0.377 0.546 0 0.005
0.377 0.821 0 0.005
0.377 0.913 0 0.005
0.378 0.203 0 0.005
0.378 0.45 0 0.005
0.379 0.254 0 0.005
0.379 0.35 0 0.005
0.379 0.626 0 0.005
0.379 0.865 0 0.005
0.379 0.927 0 0.005
0.38 0.075 0 0.005
0.3825 0.2965 0 0.005
0.38 0.692 0 0.005
0.38 0.722 0 0.005
0.38 0.765 0 0.005
0.38 0.879 0 0.005
0.381 0.14 0 0.005
0.381 0.435 0 0.005
0.381 0.613 0 0.005
0.381 0.734 0 0.005
0.3865 0.8355 0 0.005
0.383 0.399 0 0.005
0.383 0.42 0 0.005
0.39066666666666666 0.4603333333333333 0 0.005
0.383 0.56 0 0.005
0.384 0.807 0 0.005
0.384 0.949 0 0.005
0.389 0.0395 0 0.005
0.385 0.326 0 0.005
0.385 0.495 0 0.005
0.385 0.522 0 0.005
0.385 0.535 0 0.005
0.387 0.189 0 0.005
0.387 0.234 0 0.005
0.388 0.022 0 0.005
0.388 0.174 0 0.005
0.388 0.222 0 0.005
0.391 0.6355 0 0.005
0.388 0.708 0 0.005
0.388 0.893 0 0.005
0.389 0.278 0 0.005
0.39 0.117 0 0.005
0.394 0.5806666666666667 0 0.005
0.39 0.657 0 0.005
0.39 0.9952365591397849 0 0.005
0.391 0.003763440860215054 0 0.005
0.391 0.085 0 0.005
0.3965 0.374 0 0.005
0.396 0.4805 0 0.005
0.391 0.605 0 0.005
0.391 0.745 0 0.005
0.396 0.2135 0 0.005
0.392 0.34 0 0.005
0.3945 0.8535 0 0.005
0.396 0.9205 0 0.005
0.393 0.132 0 0.005
0.393 0.431 0 0.005
0.393 0.67 0 0.005
0.393 0.731 0 0.005
0.393 0.938 0 0.005
0.394 0.072 0 0.005
0.394 0.771 0 0.005
0.395 0.149 0 0.005
0.395 0.719 0 0.005
0.395 0.757 0 0.005
0.395 0.82 0 0.005
0.399 0.0545 0 0.005
0.396 0.291 0 0.005
0.3985 0.3145 0 0.005
0.396 0.51 0 0.005
0.396 0.684 0 0.005
0.396 0.958 0 0.005
0.4015 0.101 0 0.005
0.397 0.162 0 0.005
0.40166666666666667 0.196 0 0.005
0.398 0.264 0 0.005
0.398 0.356 0 0.005
0.398 0.416 0 0.005
0.398 0.617 0 0.005
0.4 0.249 0 0.005
0.4 0.549 0 0.005
0.401 0.404 0 0.005
0.401 0.877 0 0.005
0.402 0.018 0 0.005
0.402 0.122 0 0.005
0.402 0.562 0 0.005
0.4075 0.8965 0 0.005
0.404 0.343 0 0.005
0.404 0.745 0 0.005
0.404 0.831 0 0.005
0.404 0.98 0 0.005
0.405 0.138 0 0.005
0.405 0.173 0 0.005
0.405 0.434 0 0.005
0.405 0.453 0 0.005
0.405 0.66 0 0.005
0.406 0.035 0 0.005
0.406 0.075 0 0.005
0.406 0.23 0 0.005
0.406 0.53 0 0.005
0.406 0.729 0 0.005
0.411 0.7655 0 0.005
0.406 0.784 0 0.005
0.411 0.8535 0 0.005
0.407 0.365 0 0.005
0.407 0.391 0 0.005
0.407 0.698 0 0.005
0.407 0.967 0 0.005
0.408 0.296 0 0.005
0.412 0.6305 0 0.005
0.408 0.648 0 0.005
0.4135 0.9545 0 0.005
0.409 0.284 0 0.005
0.41 0.008 0 0.005
0.41 0.153 0 0.005
0.41 0.502 0 0.005
0.41 0.603 0 0.005
0.411 0.256 0 0.005
0.411 0.331 0 0.005
0.411 0.516 0 0.005
0.411 0.588 0 0.005
0.415 0.7105 0 0.005
0.411 0.916 0 0.005
0.4155 0.987 0 0.005
0.412 0.413 0 0.005
0.412 0.473 0 0.005
0.413 0.671 0 0.005
0.413 0.8 0 0.005
0.413 0.871 0 0.005
0.414 0.021 0 0.005
0.414 0.064 0 0.005
0.414 0.379 0 0.005
0.414 0.485 0 0.005
0.414 0.821 0 0.005
0.415 0.052 0 0.005
0.4246666666666667 0.271 0 0.005
0.42 0.3175 0 0.005
0.415 0.539 0 0.005
0.415 0.554 0 0.005
0.415 0.938 0 0.005
0.416 0.166 0 0.005
0.416 0.215 0 0.005
0.416 0.445 0 0.005
0.416 0.616 0 0.005
0.4195 0.0995 0 0.005
0.417 0.571 0 0.005
0.422 0.3525 0 0.005
0.418 0.527 0 0.005
0.418 0.686 0 0.005
0.419 0.117 0 0.005
0.419 0.188 0 0.005
0.424 0.2055 0 0.005
0.419 0.457 0 0.005
0.419 0.971 0 0.005
0.42 0.138 0 0.005
0.42 0.396 0 0.005
0.42 0.653 0 0.005
0.424 0.9215 0 0.005
0.421 0.238 0 0.005
0.421 0.74 0 0.005
0.421 0.777 0 0.005
0.422 0.288 0 0.005
0.422 0.425 0 0.005
0.422 0.507 0 0.005
0.4245 0.8395 0 0.005
0.42655029585798815 0.0053254437869822485 0 0.005
0.423 0.252 0 0.005
0.424 0.031 0 0.005
0.424 0.043 0 0.005
0.424 0.082 0 0.005
0.424 0.408 0 0.005
0.424 0.47 0 0.005
0.424 0.723 0 0.005
0.424 0.789 0 0.005
0.425 0.224 0 0.005
0.4293333333333333 0.8766666666666666 0 0.005
0.426 0.065 0 0.005
0.426 0.15 0 0.005
0.426 0.336 0 0.005
0.426 0.375 0 0.005
0.429 0.5975 0 0.005
0.426 0.905 0 0.005
0.427 0.438 0 0.005
0.427 0.58 0 0.005
0.427 0.668 0 0.005
0.427 0.81 0 0.005
0.428 0.548 0 0.005
0.429 0.753 0 0.005
0.437 0.6276666666666666 0 0.005
0.43 0.858 0 0.005
0.432 0.102 0 0.005
0.432 0.122 0 0.005
0.432 0.482 0 0.005
0.432 0.498 0 0.005
0.432 0.532 0 0.005
0.432 0.994656862745098 0 0.005
0.433 0.164 0 0.005
0.433 0.39 0 0.005
0.433 0.453 0 0.005
0.433 0.769 0 0.005
0.433 0.965 0 0.005
0.433 0.977 0 0.005
0.437 0.1955 0 0.005
0.434 0.565 0 0.005
0.434 0.653 0 0.005
0.434 0.68 0 0.005
0.434 0.951 0 0.005
0.435 0.293 0 0.005
0.435 0.824 0 0.005
0.4415 0.1795 0 0.005
0.436 0.248 0 0.005
0.441 0.7155 0 0.005
0.437 0.319 0 0.005
0.437 0.413 0 0.005
0.437 0.518 0 0.005
0.437 0.693 0 0.005
0.437 0.729 0 0.005
0.4395 0.7465 0 0.005
0.438 0.333 0 0.005
0.438 0.366 0 0.005
0.438 0.897 0 0.005
0.439 0.013 0 0.005
0.439 0.053 0 0.005
0.439 0.07 0 0.005
0.439 0.305 0 0.005
0.439 0.471 0 0.005
0.439 0.806 0 0.005
0.44 0.425 0 0.005
0.44 0.937 0 0.005
0.441 0.227 0 0.005
0.441 0.264 0 0.005
0.4475 0.56575 0 0.005
0.4445 0.673 0 0.005
0.441 0.918 0 0.005
0.442 0.858 0 0.005
0.443 0.087 0 0.005
0.449 0.13766666666666666 0 0.005
0.443 0.491 0 0.005
0.443 0.541 0 0.005
0.444 0.041 0 0.005
0.4465 0.1105 0 0.005
0.444 0.154 0 0.005
0.444 0.645 0 0.005
0.444 0.776 0 0.005
0.445 0.836 0 0.005
0.445 0.988 0 0.005
0.446 0.027 0 0.005
0.446 0.507 0 0.005
0.446 0.971 0 0.005
0.4525 0.3545 0 0.005
0.447 0.375 0 0.005
0.447 0.405 0 0.005
0.448 0.243 0 0.005
0.448 0.29 0 0.005
0.448 0.882 0 0.005
0.449 0.00434313725490196 0 0.005
0.449 0.587 0 0.005
0.449 0.79 0 0.005
0.45 0.332 0 0.005
0.45 0.447 0 0.005
0.45 0.763 0 0.005
0.45 0.821 0 0.005
0.45 0.927 0 0.005
0.4535 0.952 0 0.005
0.451 0.46 0 0.005
0.451 0.604 0 0.005
0.452 0.218 0 0.005
0.452 0.807 0 0.005
0.453 0.421 0 0.005
0.453 0.73 0 0.005
0.454 0.195 0 0.005
0.454 0.274 0 0.005
0.454 0.435 0 0.005
0.454 0.864 0 0.005
0.454 0.912 0 0.005
0.455 0.016 0 0.005
0.455 0.084 0 0.005
0.455 0.161 0 0.005
0.455 0.32 0 0.005
0.455 0.658 0 0.005
0.455 0.7 0 0.005
0.456 0.058 0 0.005
0.456 0.535 0 0.005
0.456 0.616 0 0.005
0.461 0.6365 0 0.005
0.457 0.1 0 0.005
0.457 0.231 0 0.005
0.457 0.305 0 0.005
0.457 0.391 0 0.005
0.457 0.522 0 0.005
0.457 0.551 0 0.005
0.458 0.478 0 0.005
0.458 0.498 0 0.005
0.458 0.742 0 0.005
0.458 0.895 0 0.005
0.458 0.971 0 0.005
0.463 0.0405 0 0.005
0.459 0.373 0 0.005
0.459 0.403 0 0.005
0.459 0.996225352112676 0 0.005
0.46 0.781 0 0.005
0.46 0.797 0 0.005
0.4635 0.2855 0 0.005
0.461 0.717 0 0.005
0.4655 0.832 0 0.005
0.462 0.246 0 0.005
0.467 0.8505 0 0.005
0.463 0.118 0 0.005
0.463 0.26 0 0.005
0.463 0.34 0 0.005
0.467 0.6095 0 0.005
0.464 0.073 0 0.005
0.464 0.81 0 0.005
0.464 0.983 0 0.005
0.465 0.006 0 0.005
0.4675 0.1975 0 0.005
0.4716666666666667 0.41633333333333333 0 0.005
0.465 0.456 0 0.005
0.4685 0.1465 0 0.005
0.466 0.44 0 0.005
0.466 0.511 0 0.005
0.467 0.18 0 0.005
0.467 0.663 0 0.005
0.467 0.732 0 0.005
0.4715 0.755 0 0.005
0.467 0.883 0 0.005
0.468 0.088 0 0.005
0.468 0.168 0 0.005
0.468 0.32 0 0.005
0.468 0.687 0 0.005
0.468 0.904 0 0.005
0.469 0.227 0 0.005
0.4745 0.5295 0 0.005
0.469 0.871 0 0.005
0.469 0.922 0 0.005
0.469 0.936 0 0.005
0.4745 0.9455 0 0.005
0.47 0.301 0 0.005
0.47 0.472 0 0.005
0.47 0.484 0 0.005
0.4755 0.5905 0 0.005
0.47 0.963 0 0.005
0.471 0.02 0 0.005
0.471 0.053 0 0.005
0.471 0.103 0 0.005
0.471 0.675 0 0.005
0.472 0.551 0 0.005
0.4755 0.704 0 0.005
0.473 0.789 0 0.005
0.473 0.801 0 0.005
0.474 0.373 0 0.005
0.474 0.499 0 0.005
0.474 0.627 0 0.005
0.474 0.82 0 0.005
0.474 0.975 0 0.005
0.4785 0.206 0 0.005
0.476 0.065 0 0.005
0.476 0.078 0 0.005
0.48 0.5635 0 0.005
0.476 0.776 0 0.005
0.48 0.3915 0 0.005
0.487 0.128 0 0.005
0.478 0.158 0 0.005
0.478 0.29 0 0.005
0.478 0.312 0 0.005
0.478 0.444 0 0.005
0.478 0.458 0 0.005
0.479 0.0027746478873239434 0 0.005
0.479 0.657 0 0.005
0.48 0.031 0 0.005
0.48 0.171 0 0.005
0.4855 0.2565 0 0.005
0.48 0.277 0 0.005
0.48 0.357 0 0.005
0.48 0.889 0 0.005
0.481 0.227 0 0.005
0.481 0.241 0 0.005
0.481 0.342 0 0.005
0.481 0.54 0 0.005
0.4835 0.7315 0 0.005
0.48833333333333334 0.9033333333333333 0 0.005
0.482 0.187 0 0.005
0.482 0.325 0 0.005
0.482 0.871 0 0.005
0.482 0.959 0 0.005
0.482 0.994 0 0.005
0.483 0.044 0 0.005
0.484 0.512 0 0.005
0.4885 0.718 0 0.005
0.484 0.761 0 0.005
0.485 0.094 0 0.005
0.485 0.605 0 0.005
0.485 0.798 0 0.005
0.486 0.017 0 0.005
0.486 0.673 0 0.005
0.486 0.822 0 0.005
0.487 0.636 0 0.005
0.487 0.689 0 0.005
0.488 0.079 0 0.005
0.488 0.107 0 0.005
0.488 0.473 0 0.005
0.488 0.577 0 0.005
0.489 0.489 0 0.005
0.489 0.841 0 0.005
0.49 0.149 0 0.005
0.49 0.369 0 0.005
0.49 0.81 0 0.005
0.491 0.064 0 0.005
0.491 0.266 0 0.005
0.491 0.289 0 0.005
0.491 0.302 0 0.005
0.491 0.438 0 0.005
0.491 0.858 0 0.005
0.491 0.932 0 0.005
0.491 0.95 0 0.005
0.492 0.033 0 0.005
0.492 0.234 0 0.005
0.492 0.417 0 0.005
0.492 0.772 0 0.005
0.492 0.787 0 0.005
0.493 0.88 0 0.005
0.493 0.97 0 0.005
0.494 0.622 0 0.005
0.495 0.211 0 0.005
0.495 0.337 0 0.005
0.496 0.178 0 0.005
0.496 0.324 0 0.005
0.496 0.352 0 0.005
0.496 0.405 0 0.005
0.5 0.9245 0 0.005
0.5005 0.978 0 0.005
0.497 0.097 0 0.005
0.497 0.453 0 0.005
0.50925 0.55325 0 0.005
0.497 0.561 0 0.005
0.497 0.591 0 0.005
0.497 0.706 0 0.005
0.498 0.003763440860215054 0 0.005
0.498 0.522 0 0.005
0.498 0.652 0 0.005
0.5043333333333333 0.7426666666666666 0 0.005
0.498 0.759 0 0.005
0.498 0.994656862745098 0 0.005
0.499 0.278 0 0.005
0.499 0.798 0 0.005
0.5 0.428 0 0.005
0.505 0.6715 0 0.005
0.501 0.024 0 0.005
0.501 0.607 0 0.005
0.501 0.69 0 0.005
0.501 0.831 0 0.005
0.502 0.116 0 0.005
0.502 0.162 0 0.005
0.502 0.85 0 0.005
0.502 0.943 0 0.005
0.502 0.958 0 0.005
0.503 0.05 0 0.005
0.503 0.079 0 0.005
0.503 0.191 0 0.005
0.503 0.394 0 0.005
0.508 0.4445 0 0.005
0.503 0.872 0 0.005
0.504 0.067 0 0.005
0.504 0.265 0 0.005
0.504 0.5 0 0.005
0.504 0.906 0 0.005
0.505 0.145 0 0.005
0.508 0.3015 0 0.005
0.505 0.38 0 0.005
0.509 0.6275 0 0.005
0.506 0.885 0 0.005
0.507 0.218 0 0.005
0.5146666666666666 0.48233333333333334 0 0.005
0.508 0.462 0 0.005
0.5176666666666666 0.3743333333333333 0 0.005
0.509 0.722 0 0.005
0.509 0.819 0 0.005
0.5125 0.1225 0 0.005
0.51 0.231 0 0.005
0.5155 0.582 0 0.005
0.51 0.86 0 0.005
0.511 0.25 0 0.005
0.511 0.324 0 0.005
0.511 0.415 0 0.005
0.511 0.783 0 0.005
0.511 0.805 0 0.005
0.5145 0.922 0 0.005
0.512 0.088 0 0.005
0.512 0.174 0 0.005
0.512 0.336 0 0.005
0.512 0.432 0 0.005
0.5175 0.841 0 0.005
0.513 0.038 0 0.005
0.513 0.655 0 0.005
0.513 0.771 0 0.005
0.513 0.896 0 0.005
0.5165 0.0175 0 0.005
0.514 0.598 0 0.005
0.514 0.989 0 0.005
0.515 0.104 0 0.005
0.515 0.52 0 0.005
0.515 0.536 0 0.005
0.515 0.707 0 0.005
0.5185 0.5025 0 0.005
0.517 0.146 0 0.005
0.5298333333333334 0.2585 0 0.005
0.517 0.289 0 0.005
0.517 0.394 0 0.005
0.517 0.953 0 0.005
0.5236666666666666 0.6183333333333334 0 0.005
0.5256666666666666 0.682 0 0.005
0.518 0.939 0 0.005
0.519 0.0022833333333333334 0 0.005
0.519 0.205 0 0.005
0.5245 0.22 0 0.005
0.52 0.075 0 0.005
0.522 0.062 0 0.005
0.522 0.237 0 0.005
0.522 0.349 0 0.005
0.522 0.812 0 0.005
0.523 0.414 0 0.005
0.523 0.664 0 0.005
0.523 0.825 0 0.005
0.523 0.861 0 0.005
0.5275 0.137 0 0.005
0.524 0.168 0 0.005
0.524 0.315 0 0.005
0.524 0.327 0 0.005
0.525 0.031 0 0.005
0.525 0.047 0 0.005
0.525 0.252 0 0.005
0.525 0.469 0 0.005
0.525 0.766 0 0.005
0.525 0.881 0 0.005
0.526 0.09 0 0.005
0.526 0.44 0 0.005
0.526 0.697 0 0.005
0.526 0.718 0 0.005
0.526 0.735 0 0.005
0.526 0.752 0 0.005
0.526 0.965 0 0.005
0.527 0.187 0 0.005
0.527 0.426 0 0.005
0.527 0.535 0 0.005
0.527 0.553 0 0.005
0.527 0.638 0 0.005
0.527 0.98 0 0.005
0.528 0.103 0 0.005
0.528 0.115 0 0.005
0.528 0.3 0 0.005
0.5335 0.46 0 0.005
0.528 0.652 0 0.005
0.528 0.994 0 0.005
0.529 0.155 0 0.005
0.529 0.283 0 0.005
0.529 0.595 0 0.005
0.529 0.796 0 0.005
0.53 0.953 0 0.005
0.531 0.362 0 0.005
0.531 0.497 0 0.005
0.531 0.781 0 0.005
0.531 0.906 0 0.005
0.532 0.578 0 0.005
0.533 0.201 0 0.005
0.5428 0.8578 0 0.005
0.533 0.924 0 0.005
0.533 0.937 0 0.005
0.534 0.345 0 0.005
0.534 0.519 0 0.005
0.539 0.0215 0 0.005
0.536 0.127 0 0.005
0.536 0.478 0 0.005
0.536 0.615 0 0.005
0.536 0.709 0 0.005
0.536 0.891 0 0.005
0.537 0.003268292682926829 0 0.005
0.537 0.056 0 0.005
0.537 0.081 0 0.005
0.537 0.173 0 0.005
0.537 0.4 0 0.005
0.537 0.828 0 0.005
0.538 0.069 0 0.005
0.538 0.095 0 0.005
0.538 0.565 0 0.005
0.5425 0.729 0 0.005
0.5415 0.749 0 0.005
0.539 0.316 0 0.005
0.539 0.507 0 0.005
0.543 0.5265 0 0.005
0.539 0.671 0 0.005
0.539 0.814 0 0.005
0.54 0.11 0 0.005
0.5453333333333333 0.42 0 0.005
0.54 0.766 0 0.005
0.541 0.213 0 0.005
0.541 0.388 0 0.005
0.542 0.043 0 0.005
0.542 0.291 0 0.005
0.542 0.631 0 0.005
0.543 0.157 0 0.005
0.543 0.188 0 0.005
0.543 0.333 0 0.005
0.543 0.374 0 0.005
0.543 0.978 0 0.005
0.544 0.304 0 0.005
0.544 0.443 0 0.005
0.549 0.5455 0 0.005
0.544 0.589 0 0.005
0.544 0.905 0 0.005
0.545 0.145 0 0.005
0.549 0.5715 0 0.005
0.5475 0.6535 0 0.005
0.545 0.996225352112676 0 0.005
0.546 0.228 0 0.005
0.546 0.604 0 0.005
0.546 0.693 0 0.005
0.546 0.789 0 0.005
0.546 0.946 0 0.005
0.546 0.965 0 0.005
0.553 0.1215 0 0.005
0.548 0.357 0 0.005
0.548 0.618 0 0.005
0.548 0.886 0 0.005
0.549 0.0027746478873239434 0 0.005
0.5545 0.084 0 0.005
0.549 0.17 0 0.005
0.549 0.276 0 0.005
0.55 0.345 0 0.005
0.55 0.804 0 0.005
0.55 0.93 0 0.005
0.551 0.069 0 0.005
0.551 0.455 0 0.005
0.551 0.497 0 0.005
0.551 0.819 0 0.005
0.552 0.105 0 0.005
0.552 0.264 0 0.005
0.552 0.322 0 0.005
0.555 0.3935 0 0.005
0.553 0.476 0 0.005
0.558 0.0395 0 0.005
0.554 0.202 0 0.005
0.554 0.681 0 0.005
0.554 0.744 0 0.005
0.554 0.831 0 0.005
0.555 0.372 0 0.005
0.555 0.704 0 0.005
0.555 0.716 0 0.005
0.555 0.843 0 0.005
0.557 0.239 0 0.005
0.5625 0.76 0 0.005
0.557 0.775 0 0.005
0.557 0.916 0 0.005
0.558 0.022 0 0.005
0.558 0.181 0 0.005
0.558 0.216 0 0.005
0.5635 0.254 0 0.005
0.558 0.894 0 0.005
0.558 0.957 0 0.005
0.559 0.057 0 0.005
0.559 0.291 0 0.005
0.559 0.526 0 0.005
0.559 0.731 0 0.005
0.559 0.973 0 0.005
0.56 0.618 0 0.005
0.56 0.9957317073170732 0 0.005
0.572200488997555 0.00971638141809291 0 0.005
0.561 0.153 0 0.005
0.567 0.5903333333333334 0 0.005
0.562 0.136 0 0.005
0.562 0.342 0 0.005
0.562 0.354 0 0.005
0.562 0.49 0 0.005
0.562 0.643 0 0.005
0.562 0.855 0 0.005
0.562 0.985 0 0.005
0.563 0.33 0 0.005
0.563 0.507 0 0.005
0.563 0.656 0 0.005
0.564 0.168 0 0.005
0.564 0.63 0 0.005
0.564 0.672 0 0.005
0.564 0.805 0 0.005
0.564 0.873 0 0.005
0.564 0.94 0 0.005
0.5736666666666667 0.27066666666666667 0 0.005
0.565 0.55 0 0.005
0.566 0.191 0 0.005
0.566 0.404 0 0.005
0.566 0.452 0 0.005
0.5733333333333334 0.7823333333333333 0 0.005
0.567 0.309 0 0.005
0.567 0.44 0 0.005
0.567 0.707 0 0.005
0.568 0.069 0 0.005
0.568 0.37 0 0.005
0.568 0.423 0 0.005
0.568 0.478 0 0.005
0.568 0.562 0 0.005
0.568 0.691 0 0.005
0.568 0.885 0 0.005
0.568 0.907 0 0.005
0.569 0.575 0 0.005
0.57 0.104 0 0.005
0.57 0.221 0 0.005
0.57 0.837 0 0.005
0.571 0.027 0 0.005
0.571 0.117 0 0.005
0.571 0.733 0 0.005
0.584 0.8305 0 0.005
0.571 0.923 0 0.005
0.572 0.464 0 0.005
0.572 0.746 0 0.005
0.572 0.95 0 0.005
0.5765 0.082 0 0.005
0.573 0.973 0 0.005
0.574 0.046 0 0.005
0.5765 0.1395 0 0.005
0.574 0.607 0 0.005
0.5803333333333334 0.8656666666666666 0 0.005
0.575 0.657 0 0.005
0.576 0.207 0 0.005
0.576 0.518 0 0.005
0.576 0.718 0 0.005
0.576 0.803 0 0.005
0.577 0.3 0 0.005
0.577 0.681 0 0.005
0.5825 0.9345 0 0.005
0.577 0.994 0 0.005
0.578 0.534 0 0.005
0.578 0.63 0 0.005
0.578 0.669 0 0.005
0.579 0.061 0 0.005
0.579 0.166 0 0.005
0.579 0.232 0 0.005
0.579 0.388 0 0.005
0.579 0.442 0 0.005
0.579 0.497 0 0.005
0.579 0.55 0 0.005
0.579 0.893 0 0.005
0.58 0.314 0 0.005
0.58 0.33 0 0.005
0.58 0.354 0 0.005
0.58 0.454 0 0.005
0.58 0.485 0 0.005
0.581 0.342 0 0.005
0.581 0.4 0 0.005
0.584 0.6485 0 0.005
0.584 0.6995 0 0.005
0.581 0.79 0 0.005
0.5875 0.3785 0 0.005
0.582 0.562 0 0.005
0.583 0.12 0 0.005
0.583 0.249 0 0.005
0.5885 0.286 0 0.005
0.583 0.618 0 0.005
0.583 0.846 0 0.005
0.584 0.186 0 0.005
0.584 0.423 0 0.005
0.5895 0.577 0 0.005
0.584 0.748 0 0.005
0.593 0.21 0 0.005
0.586 0.966 0 0.005
0.587 0.089 0 0.005
0.5935 0.0245 0 0.005
0.588 0.722 0 0.005
0.588 0.803 0 0.005
0.588 0.816 0 0.005
0.588 0.945 0 0.005
0.588 0.979 0 0.005
0.589 0.102 0 0.005
0.589 0.151 0 0.005
0.589 0.304 0 0.005
0.589 0.603 0 0.005
0.59 0.629 0 0.005
0.59 0.92 0 0.005
0.591 0.045 0 0.005
0.591 0.059 0 0.005
0.591 0.234 0 0.005
0.591 0.476 0 0.005
0.591 0.492 0 0.005
0.591 0.762 0 0.005
0.592 0.504 0 0.005
0.5965 0.536 0 0.005
0.592 0.737 0 0.005
0.592 0.908 0 0.005
0.593 0.171 0 0.005
0.593 0.321 0 0.005
0.593 0.4 0 0.005
0.593 0.435 0 0.005
0.593 0.449 0 0.005
0.593 0.464 0 0.005
0.593 0.553 0 0.005
0.5981658767772511 0.991218009478673 0 0.005
0.594 0.073 0 0.005
0.5975 0.134 0 0.005
0.5975 0.253 0 0.005
0.594 0.368 0 0.005
0.594 0.59 0 0.005
0.595 0.277 0 0.005
0.595 0.89 0 0.005
0.596 0.673 0 0.005
0.596 0.685 0 0.005
0.596 0.867 0 0.005
0.597 0.189 0 0.005
0.598 0.335 0 0.005
0.598 0.713 0 0.005
0.598 0.855 0 0.005
0.599 0.01 0 0.005
0.599 0.355 0 0.005
0.599 0.517 0 0.005
0.599 0.79 0 0.005
0.599 0.963 0 0.005
0.6 0.618 0 0.005
0.6 0.644 0 0.005
0.6 0.752 0 0.005
0.601 0.66 0 0.005
0.606 0.7025 0 0.005
0.601 0.778 0 0.005
0.601 0.803 0 0.005
0.601 0.82 0 0.005
0.602 0.114 0 0.005
0.602 0.151 0 0.005
0.602 0.422 0 0.005
0.602 0.606 0 0.005
0.603 0.483 0 0.005
0.603 0.495 0 0.005
0.603 0.917 0 0.005
0.604 0.3 0 0.005
0.604 0.901 0 0.005
0.6105 0.0945 0 0.005
0.605 0.471 0 0.005
0.606 0.056 0 0.005
0.606 0.18 0 0.005
0.606 0.215 0 0.005
0.6085 0.2665 0 0.005
0.606 0.567 0 0.005
0.61 0.7395 0 0.005
0.607 0.234 0 0.005
0.607 0.387 0 0.005
0.608 0.077 0 0.005
0.6146666666666666 0.6393333333333334 0 0.005
0.609 0.433 0 0.005
0.609 0.834 0 0.005
0.609 0.847 0 0.005
0.609 0.93 0 0.005
0.609 0.973 0 0.005
0.61 0.033 0 0.005
0.61 0.367 0 0.005
0.61 0.683 0 0.005
0.61 0.72 0 0.005
0.61 0.865 0 0.005
0.61 0.946 0 0.005
0.611 0.288 0 0.005
0.611 0.312 0 0.005
0.611 0.339 0 0.005
0.611 0.512 0 0.005
0.611 0.547 0 0.005
0.611 0.961 0 0.005
0.612 0.008 0 0.005
0.612 0.327 0 0.005
0.612 0.596 0 0.005
0.612 0.796 0 0.005
0.612 0.883 0 0.005
0.613 0.399 0 0.005
0.613 0.414 0 0.005
0.613 0.453 0 0.005
0.613 0.535 0 0.005
0.6175 0.668 0 0.005
0.614 0.109 0 0.005
0.614 0.169 0 0.005
0.615 0.152 0 0.005
0.615 0.583 0 0.005
0.619 0.6225 0 0.005
0.615 0.766 0 0.005
0.615 0.993 0 0.005
0.616 0.199 0 0.005
0.616 0.351 0 0.005
0.617 0.122 0 0.005
0.617 0.899 0 0.005
0.617 0.911 0 0.005
0.618 0.057 0 0.005
0.618 0.135 0 0.005
0.618 0.227 0 0.005
0.618 0.378 0 0.005
0.619 0.248 0 0.005
0.619 0.81 0 0.005
0.624 0.0275 0 0.005
0.62 0.215 0 0.005
0.62 0.785 0 0.005
0.621 0.07 0 0.005
0.621 0.566 0 0.005
0.622 0.18 0 0.005
0.622 0.262 0 0.005
0.622 0.363 0 0.005
0.622 0.44 0 0.005
0.6253333333333334 0.8323333333333334 0 0.005
0.623 0.485 0 0.005
0.623 0.688 0 0.005
0.623 0.866 0 0.005
0.624 0.505 0 0.005
0.6283333333333334 0.5973333333333334 0 0.005
0.624 0.853 0 0.005
0.624 0.979 0 0.005
0.625 0.548 0 0.005
0.63625 0.7415 0 0.005
0.625 0.967 0 0.005
0.626 0.045 0 0.005
0.626 0.164 0 0.005
0.626 0.294 0 0.005
0.626 0.456 0 0.005
0.626 0.523 0 0.005
0.627 0.334 0 0.005
0.627 0.536 0 0.005
0.627 0.736 0 0.005
0.627 0.992 0 0.005
0.628 0.00434313725490196 0 0.005
0.628 0.203 0 0.005
0.628 0.426 0 0.005
0.628 0.719 0 0.005
0.628 0.765 0 0.005
0.628 0.95 0 0.005
0.629 0.115 0 0.005
0.629 0.148 0 0.005
0.629 0.282 0 0.005
0.629 0.468 0 0.005
0.6315 0.8845 0 0.005
0.629 0.923 0 0.005
0.63 0.085 0 0.005
0.6405 0.29875 0 0.005
0.63 0.397 0 0.005
0.63 0.799 0 0.005
0.631 0.13 0 0.005
0.631 0.25 0 0.005
0.631 0.638 0 0.005
0.632 0.017 0 0.005
0.632 0.704 0 0.005
0.6365 0.941 0 0.005
0.633 0.235 0 0.005
0.6365 0.0605 0 0.005
0.634 0.102 0 0.005
0.6365 0.3265 0 0.005
0.634 0.35 0 0.005
0.6395 0.443 0 0.005
0.6375 0.624 0 0.005
0.634 0.674 0 0.005
0.635 0.223 0 0.005
0.6405 0.379 0 0.005
0.635 0.558 0 0.005
0.636 0.172 0 0.005
0.636 0.486 0 0.005
0.6405 0.506 0 0.005
0.6415 0.694 0 0.005
0.636 0.849 0 0.005
0.636 0.912 0 0.005
0.637 0.262 0 0.005
0.637 0.411 0 0.005
0.637 0.775 0 0.005
0.637 0.788 0 0.005
0.641 0.8105 0 0.005
0.637 0.964 0 0.005
0.638 0.863 0 0.005
0.6435 0.522 0 0.005
0.6446666666666666 0.5736666666666667 0 0.005
0.65075 0.75775 0 0.005
0.641 0.078 0 0.005
0.642 0.187 0 0.005
0.642 0.276 0 0.005
0.6476666666666666 0.479 0 0.005
0.6493333333333333 0.5413333333333333 0 0.005
0.645 0.6515 0 0.005
0.642 0.712 0 0.005
0.643 0.0022833333333333334 0 0.005
0.643 0.123 0 0.005
0.643 0.427 0 0.005
0.643 0.994656862745098 0 0.005
0.644 0.159 0 0.005
0.644 0.246 0 0.005
0.644 0.395 0 0.005
0.644 0.454 0 0.005
0.644 0.826 0 0.005
0.645 0.144 0 0.005
0.645 0.201 0 0.005
0.645 0.366 0 0.005
0.645 0.597 0 0.005
0.645 0.894 0 0.005
0.645 0.974 0 0.005
0.647 0.034 0 0.005
0.65 0.1045 0 0.005
0.647 0.318 0 0.005
0.647 0.342 0 0.005
0.648 0.057 0 0.005
0.648 0.22 0 0.005
0.648 0.67 0 0.005
0.649 0.787 0 0.005
0.65 0.177 0 0.005
0.65 0.618 0 0.005
0.65 0.868 0 0.005
0.651 0.41 0 0.005
0.651 0.683 0 0.005
0.651 0.846 0 0.005
0.651 0.926 0 0.005
0.652 0.906 0 0.005
0.653 0.015 0 0.005
0.656 0.0835 0 0.005
0.655 0.128 0 0.005
0.655 0.267 0 0.005
0.6595 0.711 0 0.005
0.655 0.942 0 0.005
0.655 0.961 0 0.005
0.655 0.996225352112676 0 0.005
0.656 0.158 0 0.005
0.656 0.395 0 0.005
0.656 0.576 0 0.005
0.656 0.636 0 0.005
0.656 0.827 0 0.005
0.657 0.201 0 0.005
0.657 0.253 0 0.005
0.657 0.365 0 0.005
0.657 0.447 0 0.005
0.6676666666666666 0.4573333333333333 0 0.005
0.6595 0.7355 0 0.005
0.657 0.881 0 0.005
0.658 0.279 0 0.005
0.658 0.421 0 0.005
0.659 0.047 0 0.005
0.6635 0.354 0 0.005
0.659 0.433 0 0.005
0.659 0.985 0 0.005
0.66 0.14 0 0.005
0.66 0.185 0 0.005
0.66 0.309 0 0.005
0.66 0.322 0 0.005
0.66 0.383 0 0.005
0.661 0.24 0 0.005
0.6655 0.475 0 0.005
0.661 0.59 0 0.005
0.6655 0.798 0 0.005
0.661 0.814 0 0.005
0.6675 0.2305 0 0.005
0.662 0.501 0 0.005
0.662 0.519 0 0.005
0.662 0.782 0 0.005
0.6665 0.894 0 0.005
0.674 0.03866666666666666 0 0.005
0.663 0.932 0 0.005
0.6675 0.341 0 0.005
0.664 0.559 0 0.005
0.664 0.608 0 0.005
0.664 0.683 0 0.005
0.6695 0.8625 0 0.005
0.6701361256544502 0.007109947643979058 0 0.005
0.665 0.021 0 0.005
0.665 0.546 0 0.005
0.67 0.6235 0 0.005
0.665 0.671 0 0.005
0.666 0.076 0 0.005
0.666 0.117 0 0.005
0.666 0.292 0 0.005
0.666 0.648 0 0.005
0.666 0.769 0 0.005
0.666 0.845 0 0.005
0.667 0.101 0 0.005
0.667 0.695 0 0.005
0.667 0.9957317073170732 0 0.005
0.6705 0.1655 0 0.005
0.668 0.269 0 0.005
0.668 0.916 0 0.005
0.669 0.059 0 0.005
0.669 0.129 0 0.005
0.671 0.214 0 0.005
0.671 0.824 0 0.005
0.672 0.391 0 0.005
0.672 0.418 0 0.005
0.672 0.952 0 0.005
0.677 0.2515 0 0.005
0.673 0.373 0 0.005
0.678 0.5725 0 0.005
0.673 0.747 0 0.005
0.674 0.405 0 0.005
0.6786666666666666 0.493 0 0.005
0.6765 0.7215 0 0.005
0.674 0.806 0 0.005
0.674 0.878 0 0.005
0.675 0.94 0 0.005
0.675 0.981 0 0.005
0.676 0.147 0 0.005
0.676 0.193 0 0.005
0.676 0.333 0 0.005
0.676 0.437 0 0.005
0.676 0.533 0 0.005
0.681 0.645 0 0.005
0.676 0.968 0 0.005
0.677 0.28 0 0.005
0.677 0.31 0 0.005
0.677 0.552 0 0.005
0.677 0.606 0 0.005
0.677 0.67 0 0.005
0.678 0.588 0 0.005
0.683 0.7665 0 0.005
0.679 0.909 0 0.005
0.68 0.924 0 0.005
0.681 0.073 0 0.005
0.685 0.1365 0 0.005
0.681 0.515 0 0.005
0.681 0.688 0 0.005
0.682 0.024 0 0.005
0.682 0.086 0 0.005
0.682 0.116 0 0.005
0.682 0.181 0 0.005
0.6865 0.264 0 0.005
0.6876666666666666 0.8646666666666666 0 0.005
0.683 0.158 0 0.005
0.683 0.826 0 0.005
0.684 0.102 0 0.005
0.684 0.793 0 0.005
0.684 0.84 0 0.005
0.684 0.954 0 0.005
0.685 0.469 0 0.005
0.685 0.562 0 0.005
0.685 0.75 0 0.005
0.686 0.398 0 0.005
0.686 0.542 0 0.005
0.686 0.708 0 0.005
0.687 0.0022833333333333334 0 0.005
0.687 0.012 0 0.005
0.692 0.3035 0 0.005
0.692 0.3395 0 0.005
0.687 0.362 0 0.005
0.691 0.6195 0 0.005
0.687 0.94 0 0.005
0.6963333333333334 0.06566666666666666 0 0.005
0.688 0.204 0 0.005
0.688 0.223 0 0.005
0.6925 0.323 0 0.005
0.688 0.374 0 0.005
0.691905325443787 0.9949644970414201 0 0.005
0.69 0.386 0 0.005
0.69 0.419 0 0.005
0.69 0.437 0 0.005
0.69 0.673 0 0.005
0.69 0.813 0 0.005
0.694 0.5915 0 0.005
0.692 0.527 0 0.005
0.692 0.893 0 0.005
0.692 0.927 0 0.005
0.6955 0.2855 0 0.005
0.693 0.454 0 0.005
0.693 0.738 0 0.005
0.694 0.026 0 0.005
0.694 0.971 0 0.005
0.695 0.166 0 0.005
0.695 0.48 0 0.005
0.695 0.493 0 0.005
0.6985 0.6595 0 0.005
0.696 0.716 0 0.005
0.696 0.799 0 0.005
0.696 0.847 0 0.005
0.697 0.046 0 0.005
0.697 0.088 0 0.005
0.697 0.572 0 0.005
0.697 0.776 0 0.005
0.697 0.832 0 0.005
0.698 0.696 0 0.005
0.698 0.957 0 0.005
0.699 0.179 0 0.005
0.699 0.552 0 0.005
0.7 0.013 0 0.005
0.7 0.127 0 0.005
0.7 0.195 0 0.005
0.7 0.212 0 0.005
0.7 0.505 0 0.005
0.7 0.861 0 0.005
0.7 0.906 0 0.005
0.705 0.1575 0 0.005
0.7035 0.2755 0 0.005
0.7065 0.7545 0 0.005
0.702 0.0027746478873239434 0 0.005
0.702 0.238 0 0.005
0.702 0.353 0 0.005
0.705 0.4685 0 0.005
0.702 0.612 0 0.005
0.702 0.64 0 0.005
0.703 0.224 0 0.005
0.703 0.25 0 0.005
0.703 0.384 0 0.005
0.703 0.418 0 0.005
0.703 0.945 0 0.005
0.703 0.987 0 0.005
0.704 0.103 0 0.005
0.704 0.528 0 0.005
0.705 0.058 0 0.005
0.7085 0.366 0 0.005
0.705 0.4 0 0.005
0.705 0.891 0 0.005
0.706 0.035 0 0.005
0.7115 0.1175 0 0.005
0.706 0.451 0 0.005
0.7115 0.8765 0 0.005
0.709 0.9265 0 0.005
0.707 0.726 0 0.005
0.707 0.807 0 0.005
0.707 0.975 0 0.005
0.708 0.687 0 0.005
0.708 0.738 0 0.005
0.7165 0.773 0 0.005
0.709 0.308 0 0.005
0.709 0.489 0 0.005
0.709 0.515 0 0.005
0.709 0.542 0 0.005
0.709 0.6 0 0.005
0.709 0.822 0 0.005
0.7145 0.834 0 0.005
0.71 0.323 0 0.005
0.71 0.439 0 0.005
0.71 0.794 0 0.005
0.711 0.203 0 0.005
0.711 0.294 0 0.005
0.711 0.572 0 0.005
0.711 0.7 0 0.005
0.711 0.9967166666666667 0 0.005
0.712 0.092 0 0.005
0.712 0.178 0 0.005
0.713 0.01 0 0.005
0.713 0.585 0 0.005
0.713 0.626 0 0.005
0.713 0.652 0 0.005
0.713 0.908 0 0.005
0.714 0.141 0 0.005
0.714 0.501 0 0.005
0.718 0.6085 0 0.005
0.714 0.713 0 0.005
0.714 0.964 0 0.005
0.715 0.19 0 0.005
0.715 0.386 0 0.005
0.715 0.558 0 0.005
0.715 0.639 0 0.005
0.7205 0.853 0 0.005
0.716 0.046 0 0.005
0.716 0.41 0 0.005
0.716 0.529 0 0.005
0.716 0.665 0 0.005
0.717 0.398 0 0.005
0.717 0.944 0 0.005
0.718 0.218 0 0.005
0.718 0.268 0 0.005
0.718 0.348 0 0.005
0.719 0.022 0 0.005
0.7245 0.1015 0 0.005
0.719 0.45 0 0.005
0.719 0.679 0 0.005
0.7245 0.8115 0 0.005
0.725 0.3325 0 0.005
0.72 0.482 0 0.005
0.721 0.164 0 0.005
0.721 0.241 0 0.005
0.721 0.429 0 0.005
0.721 0.469 0 0.005
0.726 0.7215 0 0.005
0.721 0.747 0 0.005
0.722 0.065 0 0.005
0.722 0.983 0 0.005
0.723 0.078 0 0.005
0.723 0.152 0 0.005
0.724 0.003763440860215054 0 0.005
0.727 0.2005 0 0.005
0.724 0.899 0 0.005
0.724 0.928 0 0.005
0.725 0.366 0 0.005
0.725 0.9967166666666667 0 0.005
0.726 0.254 0 0.005
0.726 0.296 0 0.005
0.7315 0.914 0 0.005
0.726 0.962 0 0.005
0.727 0.177 0 0.005
0.727 0.519 0 0.005
0.727 0.793 0 0.005
0.733 0.2835 0 0.005
0.728 0.316 0 0.005
0.728 0.532 0 0.005
0.728 0.634 0 0.005
0.734 0.0495 0 0.005
0.729 0.113 0 0.005
0.729 0.441 0 0.005
0.729 0.545 0 0.005
0.729 0.566 0 0.005
0.729 0.584 0 0.005
0.729 0.657 0 0.005
0.729 0.705 0 0.005
0.729 0.871 0 0.005
0.729 0.885 0 0.005
0.73 0.037 0 0.005
0.73 0.229 0 0.005
0.7325 0.4985 0 0.005
0.7325 0.8285 0 0.005
0.7333019801980198 0.009287128712871287 0 0.005
0.731 0.126 0 0.005
0.731 0.382 0 0.005
0.731 0.418 0 0.005
0.731 0.453 0 0.005
0.736 0.6765 0 0.005
0.731 0.692 0 0.005
0.7355 0.2465 0 0.005
0.7375 0.359 0 0.005
0.733 0.402 0 0.005
0.733 0.613 0 0.005
0.734 0.343 0 0.005
0.734 0.942 0 0.005
0.736 0.264 0 0.005
0.736 0.595 0 0.005
0.736 0.99 0 0.005
0.737 0.078 0 0.005
0.737 0.206 0 0.005
0.737 0.898 0 0.005
0.738 0.732 0 0.005
0.738 0.744 0 0.005
0.738 0.975 0 0.005
0.739 0.024 0 0.005
0.739 0.065 0 0.005
0.739 0.307 0 0.005
0.739 0.464 0 0.005
0.739 0.784 0 0.005
0.739 0.859 0 0.005
0.74 0.091 0 0.005
0.74 0.798 0 0.005
0.741 0.139 0 0.005
0.7446666666666666 0.17666666666666667 0 0.005
0.741 0.484 0 0.005
0.741 0.517 0 0.005
0.741 0.638 0 0.005
0.741 0.756 0 0.005
0.741 0.872 0 0.005
0.742 0.221 0 0.005
0.742 0.375 0 0.005
0.742 0.43 0 0.005
0.742 0.653 0 0.005
0.742 0.769 0 0.005
0.743 0.106 0 0.005
0.743 0.156 0 0.005
0.743 0.334 0 0.005
0.743 0.703 0 0.005
0.7465 0.4115 0 0.005
0.744 0.445 0 0.005
0.744 0.534 0 0.005
0.744 0.563 0 0.005
0.745 0.604 0 0.005
0.746 0.848 0 0.005
0.746 0.884 0 0.005
0.746 0.942 0 0.005
0.754 0.95 0 0.005
0.747 0.036 0 0.005
0.747 0.322 0 0.005
0.747 0.551 0 0.005
0.747 0.691 0 0.005
0.754 0.9176666666666666 0 0.005
0.748 0.351 0 0.005
0.748 0.717 0 0.005
0.7535 0.612 0 0.005
0.749 0.823 0 0.005
0.75 0.078 0 0.005
0.75 0.251 0 0.005
0.75 0.904 0 0.005
0.752 0.094 0 0.005
0.752 0.119 0 0.005
0.752 0.307 0 0.005
0.752 0.386 0 0.005
0.752 0.467 0 0.005
0.752 0.578 0 0.005
0.752 0.742 0 0.005
0.753 0.05 0 0.005
0.753 0.275 0 0.005
0.753 0.859 0 0.005
0.753 0.872 0 0.005
0.754 0.024 0 0.005
0.754 0.214 0 0.005
0.754 0.437 0 0.005
0.754 0.514 0 0.005
0.754 0.636 0 0.005
0.754 0.65 0 0.005
0.754 0.993 0 0.005
0.755 0.008 0 0.005
0.755 0.237 0 0.005
0.755 0.334 0 0.005
0.755 0.481 0 0.005
0.755 0.498 0 0.005
0.755 0.729 0 0.005
0.755 0.776 0 0.005
0.756 0.106 0 0.005
0.756 0.289 0 0.005
0.756 0.676 0 0.005
0.7605 0.798 0 0.005
0.756 0.837 0 0.005
0.757 0.131 0 0.005
0.757 0.533 0 0.005
0.757 0.664 0 0.005
0.757 0.761 0 0.005
0.757 0.977 0 0.005
0.7625 0.148 0 0.005
0.758 0.161 0 0.005
0.758 0.197 0 0.005
0.758 0.36 0 0.005
0.758 0.698 0 0.005
0.764 0.8883333333333334 0 0.005
0.763 0.5465 0 0.005
0.7685 0.388 0 0.005
0.76 0.454 0 0.005
0.76 0.596 0 0.005
0.76 0.716 0 0.005
0.761 0.348 0 0.005
0.761 0.426 0 0.005
0.761 0.822 0 0.005
0.761 0.964 0 0.005
0.762 0.067 0 0.005
0.762 0.081 0 0.005
0.762 0.248 0 0.005
0.762 0.41 0 0.005
0.763 0.18 0 0.005
0.763 0.323 0 0.005
0.764 0.741 0 0.005
0.765 0.584 0 0.005
0.769 0.8645 0 0.005
0.771 0.0285 0 0.005
0.766 0.218 0 0.005
0.766 0.441 0 0.005
0.766 0.468 0 0.005
0.766 0.687 0 0.005
0.766 0.924 0 0.005
0.7725 0.6355 0 0.005
0.772 0.8505 0 0.005
0.768 0.007 0 0.005
0.779 0.05675 0 0.005
0.768 0.563 0 0.005
0.768 0.619 0 0.005
0.7766258992805756 0.9871366906474821 0 0.005
0.772 0.3105 0 0.005
0.769 0.494 0 0.005
0.769 0.649 0 0.005
0.769 0.662 0 0.005
0.769 0.833 0 0.005
0.77 0.259 0 0.005
0.77 0.365 0 0.005
0.77 0.519 0 0.005
0.77 0.605 0 0.005
0.771 0.09 0 0.005
0.771 0.271 0 0.005
0.771 0.507 0 0.005
0.771 0.706 0 0.005
0.771 0.975 0 0.005
0.772 0.108 0 0.005
0.7783333333333333 0.24633333333333335 0 0.005
0.772 0.288 0 0.005
0.772 0.759 0 0.005
0.773 0.13 0 0.005
0.7785 0.6785 0 0.005
0.773 0.96 0 0.005
0.774 0.199 0 0.005
0.778 0.4025 0 0.005
0.7765 0.7845 0 0.005
0.775 0.169 0 0.005
0.775 0.342 0 0.005
0.775 0.458 0 0.005
0.775 0.482 0 0.005
0.775 0.734 0 0.005
0.775 0.804 0 0.005
0.775 0.939 0 0.005
0.777 0.186 0 0.005
0.777 0.72 0 0.005
0.777 0.881 0 0.005
0.778 0.443 0 0.005
0.781 0.5815 0 0.005
0.779 0.019 0 0.005
0.779 0.819 0 0.005
0.78 0.841 0 0.005
0.781 0.221 0 0.005
0.781 0.299 0 0.005
0.781 0.426 0 0.005
0.781 0.693 0 0.005
0.7896666666666666 0.124 0 0.005
0.782 0.146 0 0.005
0.782 0.362 0 0.005
0.782 0.554 0 0.005
0.782 0.923 0 0.005
0.783 0.003268292682926829 0 0.005
0.783 0.525 0 0.005
0.783 0.6 0 0.005
0.783 0.91 0 0.005
0.783 0.949 0 0.005
0.783 0.968 0 0.005
0.784 0.083 0 0.005
0.784 0.287 0 0.005
0.784 0.472 0 0.005
0.784 0.616 0 0.005
0.785 0.234 0 0.005
0.785 0.538 0 0.005
0.785 0.656 0 0.005
0.786 0.045 0 0.005
0.786 0.743 0 0.005
0.786 0.872 0 0.005
0.787 0.104 0 0.005
0.787 0.323 0 0.005
0.787 0.457 0 0.005
0.787 0.486 0 0.005
0.787 0.503 0 0.005
0.7915 0.901 0 0.005
0.788 0.031 0 0.005
0.7933333333333333 0.20966666666666667 0 0.005
0.788 0.345 0 0.005
0.789 0.828 0 0.005
0.79 0.271 0 0.005
0.79 0.376 0 0.005
0.79 0.57 0 0.005
0.79 0.773 0 0.005
0.79 0.801 0 0.005
0.79 0.884 0 0.005
0.791 0.015 0 0.005
0.791 0.158 0 0.005
0.795 0.7055 0 0.005
0.791 0.723 0 0.005
0.791 0.9967166666666667 0 0.005
0.7975 0.1765 0 0.005
0.792 0.189 0 0.005
0.793 0.306 0 0.005
0.8005 0.397 0 0.005
0.793 0.668 0 0.005
0.7955 0.7545 0 0.005
0.793 0.96 0 0.005
0.794 0.357 0 0.005
0.801 0.4206666666666667 0 0.005
0.794 0.443 0 0.005
0.794 0.554 0 0.005
0.7995 0.8415 0 0.005
0.794 0.919 0 0.005
0.794 0.933 0 0.005
0.795 0.0022833333333333334 0 0.005
0.795 0.597 0 0.005
0.796 0.283 0 0.005
0.8 0.3395 0 0.005
0.796 0.525 0 0.005
0.796 0.632 0 0.005
0.797 0.512 0 0.005
0.797 0.54 0 0.005
0.797 0.583 0 0.005
0.797 0.686 0 0.005
0.797 0.857 0 0.005
0.798 0.146 0 0.005
0.798 0.653 0 0.005
0.798 0.783 0 0.005
0.798 0.817 0 0.005
0.799 0.615 0 0.005
0.799 0.874 0 0.005
0.799 0.976 0 0.005
0.8045 0.256 0 0.005
0.801 0.455 0 0.005
0.805 0.4915 0 0.005
0.801 0.736 0 0.005
0.801 0.948 0 0.005
0.802 0.035 0 0.005
0.802 0.099 0 0.005
0.802 0.236 0 0.005
0.802 0.322 0 0.005
0.803 0.013 0 0.005
0.803 0.474 0 0.005
0.803 0.989 0 0.005
0.804 0.167 0 0.005
0.805 0.048 0 0.005
0.805 0.082 0 0.005
0.806 0.191 0 0.005
0.806 0.373 0 0.005
0.806 0.663 0 0.005
0.807 0.291 0 0.005
0.807 0.553 0 0.005
0.807 0.599 0 0.005
0.808 0.066 0 0.005
0.8125 0.968 0 0.005
0.809 0.683 0 0.005
0.809 0.721 0 0.005
0.809 0.773 0 0.005
0.8115 0.8005 0 0.005
0.809 0.824 0 0.005
0.809 0.894 0 0.005
0.809 0.924 0 0.005
0.81 0.109 0 0.005
0.81 0.13 0 0.005
0.81 0.31 0 0.005
0.81 0.938 0 0.005
0.811 0.214 0 0.005
0.811 0.443 0 0.005
0.811 0.508 0 0.005
0.811 0.565 0 0.005
0.814 0.7385 0 0.005
0.811 0.756 0 0.005
0.812 0.536 0 0.005
0.813 0.272 0 0.005
0.813 0.64 0 0.005
0.817 0.3665 0 0.005
0.814 0.588 0 0.005
0.814 0.628 0 0.005
0.814 0.702 0 0.005
0.814 0.866 0 0.005
0.815 0.0022833333333333334 0 0.005
0.815 0.906 0 0.005
0.816 0.018 0 0.005
0.8215 0.043 0 0.005
0.816 0.15 0 0.005
0.816 0.227 0 0.005
0.816 0.429 0 0.005
0.816 0.883 0 0.005
0.817 0.17 0 0.005
0.8195 0.2475 0 0.005
0.817 0.342 0 0.005
0.817 0.457 0 0.005
0.817 0.472 0 0.005
0.817 0.522 0 0.005
0.818 0.485 0 0.005
0.818 0.847 0 0.005
0.819 0.323 0 0.005
0.819 0.603 0 0.005
0.819 0.985 0 0.005
0.82 0.118 0 0.005
0.823 0.6623333333333333 0 0.005
0.821 0.617 0 0.005
0.821 0.954 0 0.005
0.822 0.556 0 0.005
0.822 0.572 0 0.005
0.823 0.066 0 0.005
0.823 0.09 0 0.005
0.826 0.1975 0 0.005
0.823 0.384 0 0.005
0.823 0.773 0 0.005
0.823 0.832 0 0.005
0.824 0.295 0 0.005
0.824 0.307 0 0.005
0.824 0.442 0 0.005
0.824 0.499 0 0.005
0.824 0.745 0 0.005
0.824 0.819 0 0.005
0.824 0.996225352112676 0 0.005
0.825 0.403 0 0.005
0.826 0.857 0 0.005
0.826 0.922 0 0.005
0.827 0.162 0 0.005
0.827 0.716 0 0.005
0.827 0.788 0 0.005
0.827 0.894 0 0.005
0.828 0.018 0 0.005
0.828 0.106 0 0.005
0.828 0.15 0 0.005
0.828 0.426 0 0.005
0.828 0.702 0 0.005
0.829 0.03 0 0.005
0.829 0.271 0 0.005
0.8335 0.287 0 0.005
0.8325 0.349 0 0.005
0.8315 0.6325 0 0.005
0.829 0.806 0 0.005
0.829 0.935 0 0.005
0.83 0.003268292682926829 0 0.005
0.83 0.174 0 0.005
0.83 0.472 0 0.005
0.83 0.487 0 0.005
0.83 0.545 0 0.005
0.831 0.135 0 0.005
0.831 0.238 0 0.005
0.831 0.689 0 0.005
0.831 0.734 0 0.005
0.831 0.964 0 0.005
0.831 0.982 0 0.005
0.832 0.121 0 0.005
0.832 0.215 0 0.005
0.832 0.32 0 0.005
0.8366666666666667 0.3753333333333333 0 0.005
0.832 0.527 0 0.005
0.832 0.596 0 0.005
0.833 0.513 0 0.005
0.834 0.763 0 0.005
0.834 0.867 0 0.005
0.846 0.06833333333333333 0 0.005
0.835 0.188 0 0.005
0.835 0.251 0 0.005
0.839 0.4195 0 0.005
0.835 0.563 0 0.005
0.835 0.778 0 0.005
0.84 0.8455 0 0.005
0.835 0.905 0 0.005
0.836 0.08 0 0.005
0.836 0.307 0 0.005
0.836 0.455 0 0.005
0.836 0.58 0 0.005
0.836 0.882 0 0.005
0.837 0.398 0 0.005
0.837 0.746 0 0.005
0.8446611111111112 0.9936666666666666 0 0.005
0.839 0.949 0 0.005
0.84 0.016 0 0.005
0.84 0.156 0 0.005
0.84 0.333 0 0.005
0.84 0.656 0 0.005
0.84 0.923 0 0.005
0.845 0.0305 0 0.005
0.841 0.112 0 0.005
0.841 0.266 0 0.005
0.841 0.538 0 0.005
0.841 0.607 0 0.005
0.841 0.679 0 0.005
0.845 0.8245 0 0.005
0.842 0.626 0 0.005
0.843 0.048 0 0.005
0.843 0.24 0 0.005
0.844 0.137 0 0.005
0.844 0.503 0 0.005
0.844 0.698 0 0.005
0.844 0.712 0 0.005
0.844 0.725 0 0.005
0.844 0.804 0 0.005
0.844 0.896 0 0.005
0.845 0.479 0 0.005
0.845 0.965 0 0.005
0.846 0.097 0 0.005
0.846 0.227 0 0.005
0.846 0.438 0 0.005
0.846 0.593 0 0.005
0.846 0.872 0 0.005
0.847 0.792 0 0.005
0.848 0.323 0 0.005
0.848 0.386 0 0.005
0.848 0.408 0 0.005
0.848 0.738 0 0.005
0.849 0.00434313725490196 0 0.005
0.849 0.085 0 0.005
0.849 0.209 0 0.005
0.849 0.467 0 0.005
0.849 0.55 0 0.005
0.849 0.77 0 0.005
0.849 0.914 0 0.005
0.849 0.979 0 0.005
0.8555 0.1625 0 0.005
0.85 0.303 0 0.005
0.85 0.346 0 0.005
0.855 0.5705 0 0.005
0.85 0.75 0 0.005
0.8535 0.2605 0 0.005
0.851 0.45 0 0.005
0.851 0.946 0 0.005
0.852 0.121 0 0.005
0.852 0.278 0 0.005
0.852 0.933 0 0.005
0.853 0.491 0 0.005
0.853 0.523 0 0.005
0.8583333333333334 0.6783333333333333 0 0.005
0.854 0.149 0 0.005
0.854 0.183 0 0.005
0.854 0.614 0 0.005
0.854 0.638 0 0.005
0.854 0.657 0 0.005
0.861 0.04033333333333334 0 0.005
0.855 0.197 0 0.005
0.855 0.362 0 0.005
0.855 0.814 0 0.005
0.856 0.9 0 0.005
0.857 0.538 0 0.005
0.858 0.626 0 0.005
0.858 0.71 0 0.005
0.859 0.241 0 0.005
0.859 0.477 0 0.005
0.859 0.724 0 0.005
0.859 0.963 0 0.005
0.86 0.015 0 0.005
0.86 0.104 0 0.005
0.861 0.292 0 0.005
0.8635 0.3785 0 0.005
0.861 0.441 0 0.005
0.861 0.505 0 0.005
0.861 0.794 0 0.005
0.8665 0.839 0 0.005
0.861 0.849 0 0.005
0.861 0.861 0 0.005
0.861 0.918 0 0.005
0.861 0.979 0 0.005
0.861 0.9957317073170732 0 0.005
0.862 0.0027746478873239434 0 0.005
0.862 0.056 0 0.005
0.862 0.091 0 0.005
0.862 0.883 0 0.005
0.863 0.348 0 0.005
0.863 0.398 0 0.005
0.863 0.421 0 0.005
0.863 0.604 0 0.005
0.863 0.749 0 0.005
0.873 0.96 0 0.005
0.864 0.318 0 0.005
0.8665 0.4595 0 0.005
0.864 0.583 0 0.005
0.864 0.824 0 0.005
0.869 0.1365 0 0.005
0.8693333333333334 0.178 0 0.005
0.865 0.335 0 0.005
0.865 0.49 0 0.005
0.866 0.215 0 0.005
0.866 0.275 0 0.005
0.866 0.781 0 0.005
0.867 0.7 0 0.005
0.867 0.761 0 0.005
0.868 0.528 0 0.005
0.868 0.657 0 0.005
0.868 0.896 0 0.005
0.869 0.118 0 0.005
0.8736666666666666 0.23633333333333334 0 0.005
0.87 0.259 0 0.005
0.87 0.553 0 0.005
0.87 0.738 0 0.005
0.87 0.807 0 0.005
0.871 0.541 0 0.005
0.8755 0.869 0 0.005
0.871 0.93 0 0.005
0.871 0.987 0 0.005
0.872 0.643 0 0.005
0.873 0.018 0 0.005
0.873 0.031 0 0.005
0.873 0.069 0 0.005
0.873 0.202 0 0.005
0.877 0.9145 0 0.005
0.874 0.095 0 0.005
0.874 0.297 0 0.005
0.875 0.005 0 0.005
0.875 0.386 0 0.005
0.8805 0.431 0 0.005
0.8785 0.566 0 0.005
0.875 0.609 0 0.005
0.876 0.348 0 0.005
0.876 0.363 0 0.005
0.876 0.406 0 0.005
0.876 0.517 0 0.005
0.876 0.584 0 0.005
0.876 0.668 0 0.005
0.876 0.942 0 0.005
0.877 0.146 0 0.005
0.877 0.284 0 0.005
0.877 0.475 0 0.005
0.877 0.788 0 0.005
0.877 0.886 0 0.005
0.878 0.107 0 0.005
0.878 0.488 0 0.005
0.878 0.623 0 0.005
0.878 0.716 0 0.005
0.878 0.825 0 0.005
0.879 0.16 0 0.005
0.8825 0.6475 0 0.005
0.881 0.316 0 0.005
0.881 0.463 0 0.005
0.881 0.504 0 0.005
0.881 0.682 0 0.005
0.881 0.751 0 0.005
0.8875 0.19 0 0.005
0.882 0.853 0 0.005
0.883 0.447 0 0.005
0.883 0.528 0 0.005
0.883 0.543 0 0.005
0.883 0.595 0 0.005
0.883 0.9967166666666667 0 0.005
0.884 0.048 0 0.005
0.884 0.223 0 0.005
0.884 0.729 0 0.005
0.884 0.772 0 0.005
0.884 0.8 0 0.005
0.884 0.9 0 0.005
0.885 0.272 0 0.005
0.885 0.33 0 0.005
0.886 0.074 0 0.005
0.886 0.124 0 0.005
0.886 0.257 0 0.005
0.887 0.086 0 0.005
0.887 0.137 0 0.005
0.887 0.298 0 0.005
0.887 0.614 0 0.005
0.888 0.368 0 0.005
0.8933333333333334 0.38666666666666666 0 0.005
0.888 0.67 0 0.005
0.892 0.8365 0 0.005
0.888 0.93 0 0.005
0.889 0.174 0 0.005
0.8926666666666666 0.5053333333333333 0 0.005
0.889 0.949 0 0.005
0.89 0.208 0 0.005
0.89 0.286 0 0.005
0.89 0.479 0 0.005
0.89 0.888 0 0.005
0.89 0.982 0 0.005
0.891 0.107 0 0.005
0.891 0.419 0 0.005
0.891 0.812 0 0.005
0.892 0.003763440860215054 0 0.005
0.892 0.022 0 0.005
0.892 0.699 0 0.005
0.892 0.876 0 0.005
0.897 0.5555 0 0.005
0.893 0.656 0 0.005
0.893 0.715 0 0.005
0.893 0.74 0 0.005
0.894 0.162 0 0.005
0.8985 0.343 0 0.005
0.894 0.582 0 0.005
0.894 0.631 0 0.005
0.895 0.055 0 0.005
0.899 0.1435 0 0.005
0.895 0.231 0 0.005
0.895 0.538 0 0.005
0.895 0.762 0 0.005
0.895 0.911 0 0.005
0.896 0.243 0 0.005
0.896 0.308 0 0.005
0.896 0.465 0 0.005
0.896 0.604 0 0.005
0.897 0.799 0 0.005
0.898 0.037 0 0.005
0.898 0.127 0 0.005
0.898 0.36 0 0.005
0.898 0.526 0 0.005
0.898 0.687 0 0.005
0.898 0.727 0 0.005
0.9086666666666666 0.616 0 0.005
0.899 0.966 0 0.005
0.9 0.276 0 0.005
0.9 0.784 0 0.005
0.9 0.863 0 0.005
0.901 0.94 0 0.005
0.902 0.209 0 0.005
0.902 0.258 0 0.005
0.9065 0.43 0 0.005
0.902 0.885 0 0.005
0.903 0.087 0 0.005
0.903 0.29 0 0.005
0.903 0.449 0 0.005
0.903 0.672 0 0.005
0.903 0.844 0 0.005
0.903 0.9 0 0.005
0.9065502958579882 0.9936745562130177 0 0.005
0.904 0.00434313725490196 0 0.005
0.904 0.487 0 0.005
0.905 0.178 0 0.005
0.905 0.327 0 0.005
0.909 0.8115 0 0.005
0.906 0.633 0 0.005
0.906 0.717 0 0.005
0.906 0.745 0 0.005
0.907 0.061 0 0.005
0.9125 0.0715 0 0.005
0.907 0.393 0 0.005
0.907 0.596 0 0.005
0.907 0.956 0 0.005
0.908 0.108 0 0.005
0.908 0.405 0 0.005
0.908 0.464 0 0.005
0.908 0.649 0 0.005
0.9224285714285715 0.24228571428571427 0 0.005
0.914 0.5845 0 0.005
0.909 0.704 0 0.005
0.9145 0.19 0 0.005
0.91 0.315 0 0.005
0.91 0.925 0 0.005
0.91 0.98 0 0.005
0.9165 0.3055 0 0.005
0.911 0.529 0 0.005
0.911 0.551 0 0.005
0.911 0.913 0 0.005
0.912 0.028 0 0.005
0.912 0.162 0 0.005
0.912 0.877 0 0.005
0.913 0.015 0 0.005
0.916 0.3605 0 0.005
0.913 0.511 0 0.005
0.913 0.681 0 0.005
0.914 0.04 0 0.005
0.914 0.281 0 0.005
0.914 0.729 0 0.005
0.914 0.793 0 0.005
0.915 0.13 0 0.005
0.915 0.661 0 0.005
0.915 0.833 0 0.005
0.916 0.148 0 0.005
0.916 0.218 0 0.005
0.916 0.264 0 0.005
0.916 0.485 0 0.005
0.916 0.892 0 0.005
0.922 0.4515 0 0.005
0.9205 0.76 0 0.005
0.918 0.097 0 0.005
0.918 0.851 0 0.005
0.918 0.947 0 0.005
0.919 0.603 0 0.005
0.919 0.742 0 0.005
0.92 0.057 0 0.005
0.92 0.327 0 0.005
0.92 0.435 0 0.005
0.92 0.572 0 0.005
0.931 0.7713333333333334 0 0.005
0.92 0.865 0 0.005
0.921 0.34 0 0.005
0.921 0.381 0 0.005
0.922 0.111 0 0.005
0.922 0.393 0 0.005
0.922 0.406 0 0.005
0.922 0.558 0 0.005
0.922 0.906 0 0.005
0.922 0.967 0 0.005
0.923 0.296 0 0.005
0.9255 0.5045 0 0.005
0.9371666666666666 0.17 0 0.005
0.924 0.203 0 0.005
0.924 0.708 0 0.005
0.924 0.932 0 0.005
0.925 0.007 0 0.005
0.925 0.467 0 0.005
0.925 0.546 0 0.005
0.925 0.819 0 0.005
0.926 0.085 0 0.005
0.926 0.691 0 0.005
0.927 0.652 0 0.005
0.928 0.032 0 0.005
0.928 0.044 0 0.005
0.9325 0.216 0 0.005
0.928 0.271 0 0.005
0.928 0.284 0 0.005
0.928 0.84 0 0.005
0.928 0.987 0 0.005
0.929 0.634 0 0.005
0.929 0.874 0 0.005
0.929 0.92 0 0.005
0.93 0.417 0 0.005
0.93 0.487 0 0.005
0.93 0.676 0 0.005
0.93 0.95 0 0.005
0.931 0.139 0 0.005
0.931 0.366 0 0.005
0.931 0.583 0 0.005
0.931 0.788 0 0.005
0.932 0.43 0 0.005
0.9375 0.6665 0 0.005
0.932 0.745 0 0.005
0.932 0.86 0 0.005
0.932 0.891 0 0.005
0.933 0.058 0 0.005
0.933 0.125 0 0.005
0.933 0.526 0 0.005
0.933 0.597 0 0.005
0.933 0.717 0 0.005
0.933 0.732 0 0.005
0.934 0.018 0 0.005
0.934 0.099 0 0.005
0.934 0.354 0 0.005
0.9385 0.4 0 0.005
0.934 0.609 0 0.005
0.94 0.1155 0 0.005
0.935 0.317 0 0.005
0.935 0.458 0 0.005
0.935 0.903 0 0.005
0.936 0.073 0 0.005
0.9415 0.3075 0 0.005
0.936 0.333 0 0.005
0.936 0.559 0 0.005
0.9415 0.797 0 0.005
0.9395 0.817 0 0.005
0.936 0.966 0 0.005
0.937 0.498 0 0.005
0.937 0.539 0 0.005
0.938 0.003763440860215054 0 0.005
0.939 0.445 0 0.005
0.939 0.622 0 0.005
0.939 0.65 0 0.005
0.939 0.847 0 0.005
0.94 0.195 0 0.005
0.9496666666666667 0.3853333333333333 0 0.005
0.944 0.4815 0 0.005
0.94 0.511 0 0.005
0.941 0.834 0 0.005
0.9435 0.9275 0 0.005
0.941 0.982 0 0.005
0.947 0.6335 0 0.005
0.942 0.699 0 0.005
0.943 0.575 0 0.005
0.944 0.044 0 0.005
0.945 0.031 0 0.005
0.945 0.061 0 0.005
0.945 0.268 0 0.005
0.945 0.864 0 0.005
0.946 0.091 0 0.005
0.946 0.252 0 0.005
0.946 0.297 0 0.005
0.946 0.738 0 0.005
0.947 0.143 0 0.005
0.951 0.4125 0 0.005
0.947 0.43 0 0.005
0.947 0.588 0 0.005
0.947 0.681 0 0.005
0.948 0.28 0 0.005
0.953 0.4625 0 0.005
0.948 0.607 0 0.005
0.948 0.889 0 0.005
0.949 0.079 0 0.005
0.949 0.501 0 0.005
0.949 0.552 0 0.005
0.9545 0.774 0 0.005
0.949 0.9952365591397849 0 0.005
0.95 0.009 0 0.005
0.95 0.236 0 0.005
0.95 0.347 0 0.005
0.95 0.658 0 0.005
0.95 0.95 0 0.005
0.951 0.208 0 0.005
0.951 0.221 0 0.005
0.9555 0.364 0 0.005
0.952 0.513 0 0.005
0.953 0.759 0 0.005
0.953 0.874 0 0.005
0.954 0.717 0 0.005
0.954 0.853 0 0.005
0.955 0.83 0 0.005
0.956 0.319 0 0.005
0.956 0.53 0 0.005
0.956 0.694 0 0.005
0.956 0.902 0 0.005
0.956 0.966 0 0.005
0.957 0.106 0 0.005
0.957 0.332 0 0.005
0.957 0.745 0 0.005
0.9613333333333334 0.805 0 0.005
0.9625 0.9365 0 0.005
0.958 0.15 0 0.005
0.961 0.1995 0 0.005
0.959 0.024 0 0.005
0.964 0.4175 0 0.005
0.959 0.642 0 0.005
0.96 0.072 0 0.005
0.9655 0.488 0 0.005
0.96 0.67 0 0.005
0.96 0.886 0 0.005
0.96 0.921 0 0.005
0.96 0.983 0 0.005
0.961 0.036 0 0.005
0.961 0.049 0 0.005
0.961 0.085 0 0.005
0.961 0.136 0 0.005
0.9655 0.258 0 0.005
0.961 0.282 0 0.005
0.9635 0.3045 0 0.005
0.961 0.445 0 0.005
0.961 0.615 0 0.005
0.9665 0.734 0 0.005
0.961 0.994656862745098 0 0.005
0.962 0.433 0 0.005
0.962 0.572 0 0.005
0.973 0.58 0 0.005
0.963 0.551 0 0.005
0.963 0.601 0 0.005
0.963 0.706 0 0.005
0.964 0.783 0 0.005
0.965 0.756 0 0.005
0.965 0.869 0 0.005
0.966 0.163 0 0.005
0.9715 0.849 0 0.005
0.966 0.958 0 0.005
0.967 0.061 0 0.005
0.967 0.118 0 0.005
0.968 0.006 0 0.005
0.968 0.322 0 0.005
0.972 0.8915 0 0.005
0.969 0.1 0 0.005
0.969 0.186 0 0.005
0.969 0.244 0 0.005
0.969 0.504 0 0.005
0.969 0.519 0 0.005
0.969 0.631 0 0.005
0.969 0.65 0 0.005
0.974 0.3925 0 0.005
0.974 0.4705 0 0.005
0.97 0.975 0 0.005
0.971 0.334 0 0.005
0.971 0.353 0 0.005
0.971 0.826 0 0.005
0.972 0.144 0 0.005
0.972 0.226 0 0.005
0.972 0.374 0 0.005
0.9775 0.536 0 0.005
0.972 0.914 0 0.005
0.973 0.08 0 0.005
0.973 0.68 0 0.005
0.973 0.946 0 0.005
0.975 0.038 0 0.005
0.975 0.705 0 0.005
0.975 0.717 0 0.005
0.976 0.443 0 0.005
0.98539 0.5620966666666667 0 0.005
0.976 0.595 0 0.005
0.977 0.428 0 0.005
0.977 0.692 0 0.005
0.977 0.753 0 0.005
0.9795 0.7735 0 0.005
0.977 0.991 0 0.005
0.978 0.167 0 0.005
0.978 0.275 0 0.005
0.978 0.455 0 0.005
0.978 0.839 0 0.005
0.979 0.052 0 0.005
0.979 0.064 0 0.005
0.979 0.311 0 0.005
0.979 0.663 0 0.005
0.98 0.017 0 0.005
0.98 0.29 0 0.005
0.98 0.794 0 0.005
0.981 0.617 0 0.005
0.981 0.925 0 0.005
0.982 0.185 0 0.005
0.982 0.524 0 0.005
0.982 0.812 0 0.005
0.982 0.873 0 0.005
0.982 0.972 0 0.005
0.983 0.127 0 0.005
0.983 0.206 0 0.005
0.983 0.255 0 0.005
0.9885 0.653 0 0.005
0.984 0.154 0 0.005
0.984 0.344 0 0.005
0.990121875 0.956471875 0 0.005
0.985 0.005 0 0.005
0.9875 0.0845 0 0.005
0.985 0.327 0 0.005
0.985 0.489 0 0.005
0.985 0.73 0 0.005
0.986 0.142 0 0.005
0.986 0.226 0 0.005
0.987 0.511 0 0.005
0.987 0.634 0 0.005
0.987 0.83 0 0.005
0.987 0.896 0 0.005
0.988 0.027 0 0.005
0.988 0.712 0 0.005
0.989 0.112 0 0.005
0.989 0.373 0 0.005
0.989 0.43 0 0.005
0.989 0.996225352112676 0 0.005
0.9924555555555555 0.24045 0 0.005
0.99 0.357 0 0.005
0.99 0.404 0 0.005
0.9935208333333334 0.7533375 0 0.005
0.991 0.058 0 0.005
0.991 0.416 0 0.005
0.9930611111111112 0.8639444444444444 0 0.005
0.9936020942408377 0.26927748691099473 0 0.005
0.992 0.67 0 0.005
0.992 0.687 0 0.005
0.992 0.936 0 0.005
0.993 0.385 0 0.005
0.993 0.594 0 0.005
0.994 0.174 0 0.005
0.994 0.187 0 0.005
0.994 0.216 0 0.005
0.994 0.293 0 0.005
0.994 0.456 0 0.005
0.994 0.608 0 0.005
0.994 0.776 0 0.005
0.994 0.793 0 0.005
0.994 0.843 0 0.005
0.994 0.921 0 0.005
0.994656862745098 0.443 0 0.005
0.994656862745098 0.471 0 0.005
0.994656862745098 0.909 0 0.005
0.9952365591397849 0.072 0 0.005
0.9952365591397849 0.2 0 0.005
0.9952365591397849 0.307 0 0.005
0.9952365591397849 0.32 0 0.005
0.9952365591397849 0.582 0 0.005
0.9957111111111111 0.0023555555555555556 0 0.005
0.9957317073170732 0.018 0 0.005
0.9957317073170732 0.155 0 0.005
0.9957317073170732 0.644 0 0.005
0.9957317073170732 0.812 0 0.005
0.9957317073170732 0.976 0 0.005
0.996225352112676 0.043 0 0.005
0.996225352112676 0.525 0 0.005
0.996225352112676 0.701 0 0.005
0.996225352112676 0.882 0 0.005
0.9967166666666667 0.099 0 0.005
0.9967166666666667 0.127 0 0.005
0.9967166666666667 0.139 0 0.005
0.9967166666666667 0.335 0 0.005
0.9967166666666667 0.493 0 0.005
0.9967166666666667 0.549 0 0.005
0.9967166666666667 0.631 0 0.005
0.9967166666666667 0.719 0 0.005
0.9967166666666667 0.733 0 0.005
0.9967166666666667 0.824 0 0.005
0.9967166666666667 0.896 0 0.005
0.9967166666666667 0.989 0 0.005
