0.003328947368421053 0.004394736842105263 0 0.005
0.007153846153846154 0.022 0 0.005
0.0022833333333333334 0.04 0 0.005
0.0027746478873239434 0.063 0 0.005
0.015 0.1156 0 0.005
0.00434313725490196 0.142 0 0.005
0.0027746478873239434 0.157 0 0.005
0.007889447236180906 0.18271356783919598 0 0.005
0.003763440860215054 0.233 0 0.005
0.0027746478873239434 0.245 0 0.005
0.0022833333333333334 0.259 0 0.005
0.00434313725490196 0.279 0 0.005
0.003268292682926829 0.303 0 0.005
0.0022833333333333334 0.322 0 0.005
0.00836111111111111 0.33863333333333334 0 0.005
0.0027746478873239434 0.351 0 0.005
0.003268292682926829 0.365 0 0.005
0.005 0.388 0 0.005
0.0027746478873239434 0.406 0 0.005
0.003268292682926829 0.418 0 0.005
0.0022833333333333334 0.437 0 0.005
0.0022833333333333334 0.494 0 0.005
0.003763440860215054 0.527 0 0.005
0.007668316831683168 0.5478564356435643 0 0.005
0.0022833333333333334 0.56 0 0.005
0.005 0.606 0 0.005
0.005 0.649 0 0.005
0.0027746478873239434 0.663 0 0.005
0.007905325443786982 0.6792248520710059 0 0.005
0.0027746478873239434 0.712 0 0.005
0.008815165876777251 0.7208672985781991 0 0.005
0.003268292682926829 0.738 0 0.005
0.0022833333333333334 0.759 0 0.005
0.0027746478873239434 0.771 0 0.005
0.0027746478873239434 0.783 0 0.005
0.0027746478873239434 0.801 0 0.005
0.0075 0.8205 0 0.005
0.009510791366906475 0.8580215827338129 0 0.005
0.0022833333333333334 0.893 0 0.005
0.0027746478873239434 0.908 0 0.005
0.003268292682926829 0.93 0 0.005
0.003763440860215054 0.994 0 0.005
0.006 0.515 0 0.005
0.006 0.585 0 0.005
0.006 0.637 0 0.005
0.006 0.963 0 0.005
0.007 0.102 0 0.005
0.007 0.22 0 0.005
0.007 0.619 0 0.005
0.007 0.98 0 0.005
0.008 0.089 0 0.005
0.008 0.47 0 0.005
0.009 0.84 0 0.005
0.0115 0.9235 0 0.005
0.009 0.949 0 0.005
0.01 0.292 0 0.005
0.014 0.4325 0 0.005
0.01 0.454 0 0.005
0.01 0.57 0 0.005
0.01 0.693 0 0.005
0.011 0.076 0 0.005
0.011 0.207 0 0.005
0.011 0.486 0 0.005
0.011 0.752 0 0.005
0.011 0.878 0 0.005
0.012 0.705 0 0.005
0.013 0.249 0 0.005
0.013 0.264 0 0.005
0.013 0.325 0 0.005
0.013 0.353 0 0.005
0.013 0.768 0 0.005
0.014 0.157 0 0.005
0.014 0.799 0 0.005
0.0195 0.9035 0 0.005
0.015 0.311 0 0.005
0.015 0.787 0 0.005
0.016 0.054 0 0.005
0.016 0.527 0 0.005
0.0225 0.3675 0 0.005
0.017 0.386 0 0.005
0.017 0.669 0 0.005
0.017 0.866 0 0.005
0.017 0.991 0 0.005
0.018 0.141 0 0.005
0.018 0.234 0 0.005
0.019 0.413 0 0.005
0.019 0.501 0 0.005
0.019 0.588 0 0.005
0.019 0.888 0 0.005
0.02 0.006 0 0.005
0.02 0.619 0 0.005
0.021 0.401 0 0.005
0.021 0.836 0 0.005
0.021 0.954 0 0.005
0.022 0.039 0 0.005
0.022 0.28 0 0.005
0.0275 0.4595 0 0.005
0.022 0.607 0 0.005
0.022 0.632 0 0.005
0.022 0.732 0 0.005
0.023 0.077 0 0.005
0.0285 0.1765 0 0.005
0.023 0.489 0 0.005
0.0255 0.5205 0 0.005
0.023 0.555 0 0.005
0.023 0.65 0 0.005
0.023 0.75 0 0.005
0.0285 0.8245 0 0.005
0.023 0.968 0 0.005
0.024 0.471 0 0.005
0.024 0.542 0 0.005
0.024 0.699 0 0.005
0.025 0.193 0 0.005
0.025 0.342 0 0.005
0.025 0.687 0 0.005
0.0285 0.2235 0 0.005
0.0285 0.2465 0 0.005
0.026 0.354 0 0.005
0.026 0.567 0 0.005
0.026 0.877 0 0.005
0.026 0.938 0 0.005
0.027 0.026 0 0.005
0.027 0.426 0 0.005
0.027 0.711 0 0.005
0.034 0.77025 0 0.005
0.03133333333333333 0.797 0 0.005
0.028 0.089 0 0.005
0.028 0.153 0 0.005
0.029 0.05 0 0.005
0.029 0.383 0 0.005
0.029 0.85 0 0.005
0.032 0.9155 0 0.005
0.029 0.996225352112676 0 0.005
0.03 0.122 0 0.005
0.03 0.298 0 0.005
0.03 0.311 0 0.005
0.03 0.597 0 0.005
0.031 0.326 0 0.005
0.032 0.067 0 0.005
0.032 0.62 0 0.005
0.032 0.985 0 0.005
0.033 0.267 0 0.005
0.033 0.443 0 0.005
0.033 0.864 0 0.005
0.033 0.956 0 0.005
0.0435 0.5055 0 0.005
0.035 0.139 0 0.005
0.035 0.167 0 0.005
0.035 0.208 0 0.005
0.035 0.413 0 0.005
0.035 0.483 0 0.005
0.035 0.515 0 0.005
0.035 0.576 0 0.005
0.035 0.66 0 0.005
0.038 0.6785 0 0.005
0.035 0.726 0 0.005
0.042 0.7483333333333334 0 0.005
0.036 0.282 0 0.005
0.036 0.557 0 0.005
0.036 0.643 0 0.005
0.037 0.539 0 0.005
0.037 0.888 0 0.005
0.038 0.005 0 0.005
0.038 0.339 0 0.005
0.038 0.395 0 0.005
0.039 0.041 0 0.005
0.039 0.109 0 0.005
0.039 0.251 0 0.005
0.039 0.356 0 0.005
0.039 0.426 0 0.005
0.039 0.609 0 0.005
0.04 0.017 0 0.005
0.04 0.079 0 0.005
0.045 0.0915 0 0.005
0.04 0.527 0 0.005
0.04 0.696 0 0.005
0.04 0.708 0 0.005
0.041 0.37 0 0.005
0.041 0.382 0 0.005
0.041 0.852 0 0.005
0.042 0.125 0 0.005
0.042 0.192 0 0.005
0.042 0.839 0 0.005
0.043 0.92 0 0.005
0.043 0.942 0 0.005
0.05 0.9816666666666666 0 0.005
0.044 0.231 0 0.005
0.044 0.304 0 0.005
0.049 0.6215 0 0.005
0.044 0.808 0 0.005
0.044 0.899 0 0.005
0.045 0.465 0 0.005
0.048 0.9605 0 0.005
0.045 0.9967166666666667 0 0.005
0.046 0.155 0 0.005
0.046 0.18 0 0.005
0.051 0.0495 0 0.005
0.047 0.209 0 0.005
0.047 0.482 0 0.005
0.051 0.8195 0 0.005
0.048 0.031 0 0.005
0.048 0.282 0 0.005
0.048 0.45 0 0.005
0.057 0.5656666666666667 0 0.005
0.048 0.723 0 0.005
0.048 0.875 0 0.005
0.049 0.068 0 0.005
0.049 0.265 0 0.005
0.049 0.324 0 0.005
0.049 0.544 0 0.005
0.05 0.393 0 0.005
0.05 0.413 0 0.005
0.0525 0.7605 0 0.005
0.05 0.862 0 0.005
0.051 0.434 0 0.005
0.051 0.589 0 0.005
0.0565 0.636 0 0.005
0.051 0.653 0 0.005
0.051 0.667 0 0.005
0.051 0.793 0 0.005
0.051 0.931 0 0.005
0.052 0.017 0 0.005
0.0565 0.107 0 0.005
0.052 0.142 0 0.005
0.052 0.53 0 0.005
0.055 0.7045 0 0.005
0.0595 0.3495 0 0.005
0.054 0.907 0 0.005
0.055 0.005 0 0.005
0.055 0.123 0 0.005
0.055 0.219 0 0.005
0.055 0.241 0 0.005
0.0575 0.8395 0 0.005
0.056 0.602 0 0.005
0.056 0.679 0 0.005
0.056 0.895 0 0.005
0.057 0.334 0 0.005
0.057 0.362 0 0.005
0.0595 0.3805 0 0.005
0.057 0.732 0 0.005
0.057 0.944 0 0.005
0.058 0.078 0 0.005
0.058 0.499 0 0.005
0.058 0.777 0 0.005
0.058 0.883 0 0.005
0.0645 0.1655 0 0.005
0.059 0.253 0 0.005
0.06 0.473 0 0.005
0.06 0.9952365591397849 0 0.005
0.061 0.183 0 0.005
0.062 0.091 0 0.005
0.062 0.153 0 0.005
0.062 0.425 0 0.005
0.07 0.853 0 0.005
0.063 0.273 0 0.005
0.063 0.296 0 0.005
0.0655 0.3175 0 0.005
0.063 0.548 0 0.005
0.063 0.931 0 0.005
0.064 0.015 0 0.005
0.067 0.2055 0 0.005
0.064 0.956 0 0.005
0.065 0.063 0 0.005
0.065 0.488 0 0.005
0.065 0.527 0 0.005
0.065 0.97 0 0.005
0.066 0.141 0 0.005
0.066 0.227 0 0.005
0.069 0.4385 0 0.005
0.066 0.456 0 0.005
0.066 0.748 0 0.005
0.066 0.808 0 0.005
0.067 0.243 0 0.005
0.067 0.407 0 0.005
0.067 0.509 0 0.005
0.068 0.658 0 0.005
0.068 0.829 0 0.005
0.068 0.915 0 0.005
0.069 0.027 0 0.005
0.074 0.0475 0 0.005
0.07875 0.36475 0 0.005
0.0725 0.791 0 0.005
0.07 0.079 0 0.005
0.07 0.592 0 0.005
0.07733333333333332 0.712 0 0.005
0.07 0.761 0 0.005
0.07 0.944 0 0.005
0.071 0.0027746478873239434 0 0.005
0.071 0.871 0 0.005
0.071 0.884 0 0.005
0.0745 0.1255 0 0.005
0.072 0.58 0 0.005
0.08325 0.6535 0 0.005
0.072 0.693 0 0.005
0.073 0.108 0 0.005
0.073 0.611 0 0.005
0.073 0.626 0 0.005
0.073 0.673 0 0.005
0.073 0.736 0 0.005
0.073 0.902 0 0.005
0.074 0.178 0 0.005
0.074 0.981 0 0.005
0.075 0.192 0 0.005
0.076 0.389 0 0.005
0.076 0.475 0 0.005
0.076 0.929 0 0.005
0.077 0.064 0 0.005
0.077 0.092 0 0.005
0.077 0.277 0 0.005
0.077 0.421 0 0.005
0.077 0.558 0 0.005
0.08333333333333333 0.7836666666666666 0 0.005
0.08233333333333333 0.152 0 0.005
0.078 0.261 0 0.005
0.078 0.29 0 0.005
0.078 0.445 0 0.005
0.078 0.816 0 0.005
0.078 0.993 0 0.005
0.079 0.342 0 0.005
0.079 0.495 0 0.005
0.079 0.517 0 0.005
0.079 0.956 0 0.005
0.08 0.227 0 0.005
0.08 0.57 0 0.005
0.081 0.025 0 0.005
0.0845 0.328 0 0.005
0.0845 0.466 0 0.005
0.081 0.539 0 0.005
0.085 0.9125 0 0.005
0.082 0.037 0 0.005
0.082 0.684 0 0.005
0.083 0.0022833333333333334 0 0.005
0.083 0.306 0 0.005
0.083 0.861 0 0.005
0.084 0.831 0 0.005
0.085 0.405 0 0.005
0.0905 0.4335 0 0.005
0.085 0.582 0 0.005
0.085 0.732 0 0.005
0.085 0.744 0 0.005
0.085 0.763 0 0.005
0.0885 0.0965 0 0.005
0.086 0.179 0 0.005
0.086 0.63 0 0.005
0.086 0.881 0 0.005
0.086 0.972 0 0.005
0.087 0.013 0 0.005
0.087 0.114 0 0.005
0.087 0.244 0 0.005
0.087 0.615 0 0.005
0.089 0.386 0 0.005
0.089 0.485 0 0.005
0.089 0.596 0 0.005
0.089 0.845 0 0.005
0.089 0.947 0 0.005
0.09575 0.04475 0 0.005
0.09 0.077 0 0.005
0.09 0.194 0 0.005
0.09 0.208 0 0.005
0.09 0.696 0 0.005
0.091 0.129 0 0.005
0.091 0.373 0 0.005
0.092 0.23 0 0.005
0.092 0.568 0 0.005
0.092 0.896 0 0.005
0.096 0.9275 0 0.005
0.093 0.525 0 0.005
0.093 0.551 0 0.005
0.093 0.641 0 0.005
0.093 0.809 0 0.005
0.093 0.994 0 0.005
0.094 0.273 0 0.005
0.094 0.869 0 0.005
0.0985 0.158 0 0.005
0.095 0.415 0 0.005
0.096 0.303 0 0.005
0.1005 0.326 0 0.005
0.096 0.454 0 0.005
0.096 0.51 0 0.005
0.096 0.823 0 0.005
0.096 0.856 0 0.005
0.097 0.538 0 0.005
0.1015 0.839 0 0.005
0.098 0.003268292682926829 0 0.005
0.099 0.105 0 0.005
0.099 0.245 0 0.005
0.099 0.289 0 0.005
0.099 0.358 0 0.005
0.099 0.395 0 0.005
0.10766666666666667 0.4876666666666667 0 0.005
0.099 0.675 0 0.005
0.1 0.14 0 0.005
0.1 0.737 0 0.005
0.101 0.218 0 0.005
0.105 0.2645 0 0.005
0.11416666666666667 0.5893333333333334 0 0.005
0.101 0.606 0 0.005
0.101 0.622 0 0.005
0.101 0.687 0 0.005
0.101 0.754 0 0.005
0.101 0.882 0 0.005
0.101 0.957 0 0.005
0.10933333333333332 0.058333333333333334 0 0.005
0.102 0.472 0 0.005
0.102 0.72 0 0.005
0.102 0.773 0 0.005
0.102 0.785 0 0.005
0.103 0.019 0 0.005
0.1075 0.349 0 0.005
0.103 0.377 0 0.005
0.103 0.943 0 0.005
0.104 0.091 0 0.005
0.104 0.126 0 0.005
0.104 0.179 0 0.005
0.104 0.193 0 0.005
0.104 0.699 0 0.005
0.104 0.91 0 0.005
0.104 0.977 0 0.005
0.105 0.797 0 0.005
0.105 0.812 0 0.005
0.106 0.427 0 0.005
0.106 0.548 0 0.005
0.106 0.639 0 0.005
0.107 0.23 0 0.005
0.108 0.078 0 0.005
0.108 0.165 0 0.005
0.1125 0.203 0 0.005
0.1206 0.4492 0 0.005
0.108 0.522 0 0.005
0.108 0.871 0 0.005
0.108 0.991 0 0.005
0.109 0.83 0 0.005
0.11 0.407 0 0.005
0.111 0.0022833333333333334 0 0.005
0.121 0.9125 0 0.005
0.1165 0.277 0 0.005
0.112 0.319 0 0.005
0.112 0.536 0 0.005
0.1155 0.557 0 0.005
0.112 0.745 0 0.005
0.1226 0.771 0 0.005
0.112 0.857 0 0.005
0.113 0.613 0 0.005
0.113 0.661 0 0.005
0.113 0.673 0 0.005
0.114 0.138 0 0.005
0.114 0.464 0 0.005
0.1268 0.7196 0 0.005
0.1205 0.0235 0 0.005
0.115 0.297 0 0.005
0.115 0.34 0 0.005
0.115 0.365 0 0.005
0.115 0.648 0 0.005
0.115 0.882 0 0.005
0.115 0.939 0 0.005
0.116 0.034 0 0.005
0.116 0.503 0 0.005
0.117 0.107 0 0.005
0.117 0.151 0 0.005
0.117 0.175 0 0.005
0.1225 0.3835 0 0.005
0.117 0.692 0 0.005
0.117 0.927 0 0.005
0.1195 0.9645 0 0.005
0.118 0.813 0 0.005
0.129 0.236 0 0.005
0.119 0.261 0 0.005
0.119 0.421 0 0.005
0.119 0.796 0 0.005
0.12 0.126 0 0.005
0.12 0.163 0 0.005
0.131 0.18933333333333335 0 0.005
0.13164450127877236 0.9906726342710998 0 0.005
0.121 0.079 0 0.005
0.121 0.092 0 0.005
0.121 0.397 0 0.005
0.121 0.826 0 0.005
0.122 0.249 0 0.005
0.123 0.045 0 0.005
0.123 0.625 0 0.005
0.123 0.734 0 0.005
0.123 0.871 0 0.005
0.124 0.212 0 0.005
0.124 0.315 0 0.005
0.1295 0.327 0 0.005
0.124 0.838 0 0.005
0.13133333333333333 0.8553333333333334 0 0.005
0.125 0.49 0 0.005
0.125 0.522 0 0.005
0.125 0.64 0 0.005
0.128 0.6685 0 0.005
0.125 0.899 0 0.005
0.126 0.576 0 0.005
0.126 0.702 0 0.005
0.1325 0.015 0 0.005
0.1335 0.3445 0 0.005
0.128 0.51 0 0.005
0.129 0.149 0 0.005
0.129 0.477 0 0.005
0.129 0.537 0 0.005
0.1335 0.567 0 0.005
0.129 0.748 0 0.005
0.129 0.805 0 0.005
0.1325 0.0715 0 0.005
0.13 0.103 0 0.005
0.13 0.362 0 0.005
0.1364 0.297 0 0.005
0.1385 0.41475 0 0.005
0.131 0.551 0 0.005
0.131 0.615 0 0.005
0.136 0.7895 0 0.005
0.132 0.116 0 0.005
0.132 0.176 0 0.005
0.132 0.957 0 0.005
0.133 0.09 0 0.005
0.133 0.137 0 0.005
0.133 0.27 0 0.005
0.133 0.653 0 0.005
0.133 0.691 0 0.005
0.133 0.944 0 0.005
0.134 0.823 0 0.005
0.135 0.223 0 0.005
0.135 0.885 0 0.005
0.135 0.976 0 0.005
0.137 0.258 0 0.005
0.137 0.628 0 0.005
0.137 0.64 0 0.005
0.137 0.836 0 0.005
0.138 0.041 0 0.005
0.138 0.376 0 0.005
0.1435 0.4465 0 0.005
0.142 0.7085 0 0.005
0.139 0.053 0 0.005
0.139 0.436 0 0.005
0.139 0.485 0 0.005
0.144 0.15333333333333335 0 0.005
0.14 0.354 0 0.005
0.14 0.397 0 0.005
0.14 0.606 0 0.005
0.1455 0.6625 0 0.005
0.14 0.906 0 0.005
0.141 0.747 0 0.005
0.1455 0.801 0 0.005
0.142 0.521 0 0.005
0.1455 0.588 0 0.005
0.1464240837696335 0.008821989528795812 0 0.005
0.143 0.206 0 0.005
0.143 0.467 0 0.005
0.143 0.558 0 0.005
0.15425 0.51075 0 0.005
0.145 0.268 0 0.005
0.148 0.8685 0 0.005
0.146 0.097 0 0.005
0.146 0.366 0 0.005
0.15566666666666665 0.6856666666666666 0 0.005
0.146 0.936 0 0.005
0.146 0.961 0 0.005
0.147 0.027 0 0.005
0.15066666666666667 0.05333333333333334 0 0.005
0.147 0.328 0 0.005
0.147 0.774 0 0.005
0.147 0.948 0 0.005
0.152 0.6145 0 0.005
0.148 0.886 0 0.005
0.148 0.976 0 0.005
0.149 0.129 0 0.005
0.154 0.1765 0 0.005
0.15 0.114 0 0.005
0.15 0.238 0 0.005
0.15 0.539 0 0.005
0.15 0.674 0 0.005
0.15 0.761 0 0.005
0.151 0.28 0 0.005
0.1565 0.316 0 0.005
0.151 0.921 0 0.005
0.152 0.342 0 0.005
0.152 0.38 0 0.005
0.1575 0.476 0 0.005
0.152 0.57 0 0.005
0.153 0.221 0 0.005
0.153 0.456 0 0.005
0.153 0.645 0 0.005
0.153 0.749 0 0.005
0.154 0.083 0 0.005
0.154 0.295 0 0.005
0.154 0.813 0 0.005
0.155 0.141 0 0.005
0.155 0.357 0 0.005
0.156 0.208 0 0.005
0.156 0.25 0 0.005
0.156 0.827 0 0.005
0.156 0.904 0 0.005
0.157 0.491 0 0.005
0.157 0.633 0 0.005
0.157 0.725 0 0.005
0.157 0.737 0 0.005
0.157 0.845 0 0.005
0.157 0.9967166666666667 0 0.005
0.158 0.424 0 0.005
0.158 0.55 0 0.005
0.158 0.781 0 0.005
0.158 0.941 0 0.005
0.159 0.0022833333333333334 0 0.005
0.159 0.103 0 0.005
0.159 0.263 0 0.005
0.159 0.954 0 0.005
0.159 0.966 0 0.005
0.16 0.195 0 0.005
0.16 0.399 0 0.005
0.16 0.892 0 0.005
0.161 0.331 0 0.005
0.161 0.593 0 0.005
0.165 0.7145 0 0.005
0.162 0.236 0 0.005
0.162 0.867 0 0.005
0.1655 0.0265 0 0.005
0.163 0.307 0 0.005
0.163 0.655 0 0.005
0.169 0.6185 0 0.005
0.164 0.988 0 0.005
0.165 0.064 0 0.005
0.165 0.12 0 0.005
0.1695 0.345 0 0.005
0.166 0.159 0 0.005
0.166 0.92 0 0.005
0.167 0.052 0 0.005
0.167 0.221 0 0.005
0.167 0.461 0 0.005
0.167 0.559 0 0.005
0.167 0.763 0 0.005
0.1715 0.972 0 0.005
0.168 0.078 0 0.005
0.168 0.438 0 0.005
0.168 0.572 0 0.005
0.168 0.802 0 0.005
0.168 0.817 0 0.005
0.1705 0.8415 0 0.005
0.168 0.932 0 0.005
0.169 0.283 0 0.005
0.169 0.531 0 0.005
0.17 0.296 0 0.005
0.17 0.367 0 0.005
0.173 0.4215 0 0.005
0.17 0.492 0 0.005
0.17376111111111112 0.0077555555555555555 0 0.005
0.171 0.204 0 0.005
0.171 0.261 0 0.005
0.1765 0.54 0 0.005
0.171 0.789 0 0.005
0.171 0.879 0 0.005
0.171 0.944 0 0.005
0.172 0.094 0 0.005
0.172 0.191 0 0.005
0.172 0.381 0 0.005
0.1745 0.6945 0 0.005
0.172 0.859 0 0.005
0.172 0.891 0 0.005
0.173 0.178 0 0.005
0.173 0.588 0 0.005
0.173 0.601 0 0.005
0.173 0.745 0 0.005
0.174 0.134 0 0.005
0.174 0.149 0 0.005
0.174 0.242 0 0.005
0.177 0.6715 0 0.005
0.176 0.519 0 0.005
0.176 0.636 0 0.005
0.177 0.041 0 0.005
0.177 0.229 0 0.005
0.177 0.308 0 0.005
0.177 0.397 0 0.005
0.177 0.729 0 0.005
0.177 0.904 0 0.005
0.183 0.6515 0 0.005
0.179 0.122 0 0.005
0.179 0.163 0 0.005
0.179 0.559 0 0.005
0.179 0.769 0 0.005
0.179 0.81 0 0.005
0.18 0.439 0 0.005
0.18 0.458 0 0.005
0.18 0.47 0 0.005
0.18 0.825 0 0.005
0.18 0.982 0 0.005
0.181 0.07 0 0.005
0.181 0.503 0 0.005
0.181 0.715 0 0.005
0.184 0.8425 0 0.005
0.181 0.917 0 0.005
0.181 0.93 0 0.005
0.181 0.954 0 0.005
0.181 0.994656862745098 0 0.005
0.182 0.105 0 0.005
0.182 0.331 0 0.005
0.182 0.412 0 0.005
0.183 0.019 0 0.005
0.183 0.211 0 0.005
0.183 0.359 0 0.005
0.183 0.484 0 0.005
0.183 0.942 0 0.005
0.184 0.087 0 0.005
0.184 0.195 0 0.005
0.185 0.591 0 0.005
0.186 0.152 0 0.005
0.186 0.292 0 0.005
0.186 0.387 0 0.005
0.186 0.628 0 0.005
0.186 0.741 0 0.005
0.186 0.754 0 0.005
0.186 0.865 0 0.005
0.1895 0.887 0 0.005
0.187 0.031 0 0.005
0.187 0.052 0 0.005
0.187 0.345 0 0.005
0.188 0.27 0 0.005
0.188 0.696 0 0.005
0.19866666666666666 0.24133333333333334 0 0.005
0.189 0.373 0 0.005
0.189 0.606 0 0.005
0.189 0.786 0 0.005
0.19 0.177 0 0.005
0.19 0.225 0 0.005
0.19 0.254 0 0.005
0.19333333333333333 0.4396666666666667 0 0.005
0.1955 0.575 0 0.005
0.1945 0.732 0 0.005
0.19 0.798 0 0.005
0.191 0.131 0 0.005
0.192 0.68 0 0.005
0.20066666666666666 0.983 0 0.005
0.196 0.8275 0 0.005
0.193 0.923 0 0.005
0.194 0.075 0 0.005
0.194 0.109 0 0.005
0.194 0.163 0 0.005
0.194 0.516 0 0.005
0.194 0.667 0 0.005
0.194 0.81 0 0.005
0.194 0.911 0 0.005
0.194 0.962 0 0.005
0.194 0.9967166666666667 0 0.005
0.195 0.014 0 0.005
0.20433333333333334 0.3323333333333333 0 0.005
0.195 0.468 0 0.005
0.204 0.547 0 0.005
0.195 0.938 0 0.005
0.196 0.095 0 0.005
0.196 0.533 0 0.005
0.196 0.715 0 0.005
0.197 0.317 0 0.005
0.197 0.399 0 0.005
0.197 0.486 0 0.005
0.197 0.761 0 0.005
0.198 0.003268292682926829 0 0.005
0.199 0.301 0 0.005
0.199 0.633 0 0.005
0.199 0.645 0 0.005
0.2 0.282 0 0.005
0.2 0.62 0 0.005
0.2 0.778 0 0.005
0.203 0.8935 0 0.005
0.20775 0.0555 0 0.005
0.201 0.195 0 0.005
0.201 0.411 0 0.005
0.201 0.502 0 0.005
0.201 0.59 0 0.005
0.202 0.258 0 0.005
0.202 0.27 0 0.005
0.202 0.363 0 0.005
0.202 0.383 0 0.005
0.202 0.607 0 0.005
0.202 0.866 0 0.005
0.203 0.031 0 0.005
0.203 0.687 0 0.005
0.204 0.21 0 0.005
0.204 0.426 0 0.005
0.204 0.675 0 0.005
0.205 0.086 0 0.005
0.205 0.224 0 0.005
0.205 0.705 0 0.005
0.2075 0.8085 0 0.005
0.205 0.847 0 0.005
0.206 0.124 0 0.005
0.2095 0.142 0 0.005
0.206 0.159 0 0.005
0.2115 0.3535 0 0.005
0.206 0.514 0 0.005
0.206 0.911 0 0.005
0.206 0.949 0 0.005
0.207 0.448 0 0.005
0.21559999999999999 0.0228 0 0.005
0.208 0.747 0 0.005
0.208 0.79 0 0.005
0.209 0.111 0 0.005
0.209 0.481 0 0.005
0.209 0.964 0 0.005
0.21 0.654 0 0.005
0.21 0.759 0 0.005
0.21 0.826 0 0.005
0.2165 0.5695 0 0.005
0.212 0.178 0 0.005
0.212 0.731 0 0.005
0.212 0.771 0 0.005
0.212 0.858 0 0.005
0.217 0.9395 0 0.005
0.213 0.291 0 0.005
0.2185 0.4655 0 0.005
0.213 0.525 0 0.005
0.213 0.599 0 0.005
0.22 0.6403333333333334 0 0.005
0.213 0.9 0 0.005
0.214 0.2 0 0.005
0.214 0.499 0 0.005
0.214 0.616 0 0.005
0.215 0.384 0 0.005
0.216 0.073 0 0.005
0.2215 0.2575 0 0.005
0.216 0.276 0 0.005
0.216 0.399 0 0.005
0.216 0.878 0 0.005
0.216 0.919 0 0.005
0.217 0.085 0 0.005
0.217 0.238 0 0.005
0.217 0.549 0 0.005
0.217 0.584 0 0.005
0.217 0.672 0 0.005
0.228 0.716 0 0.005
0.2215 0.118 0 0.005
0.218 0.217 0 0.005
0.218 0.303 0 0.005
0.218 0.32 0 0.005
0.222 0.5065 0 0.005
0.219 0.434 0 0.005
0.2255 0.095 0 0.005
0.23275 0.36625 0 0.005
0.22 0.7 0 0.005
0.22 0.9957317073170732 0 0.005
0.221 0.416 0 0.005
0.2265 0.4455 0 0.005
0.2255 0.484 0 0.005
0.221 0.958 0 0.005
0.221 0.972 0 0.005
0.222 0.658 0 0.005
0.222 0.686 0 0.005
0.222 0.814 0 0.005
0.223 0.15 0 0.005
0.223 0.739 0 0.005
0.223 0.839 0 0.005
0.228 0.3425 0 0.005
0.224 0.86 0 0.005
0.225 0.755 0 0.005
0.225 0.772 0 0.005
0.225 0.786 0 0.005
0.225 0.827 0 0.005
0.225 0.929 0 0.005
0.226 0.166 0 0.005
0.23333333333333334 0.8933333333333334 0 0.005
0.228 0.052 0 0.005
0.228 0.522 0 0.005
0.228 0.537 0 0.005
0.228 0.802 0 0.005
0.228 0.911 0 0.005
0.228 0.983 0 0.005
0.229 0.193 0 0.005
0.24 0.207 0 0.005
0.2345 0.3855 0 0.005
0.229 0.587 0 0.005
0.232 0.6185 0 0.005
0.229 0.67 0 0.005
0.23 0.023 0 0.005
0.23 0.178 0 0.005
0.2355 0.2705 0 0.005
0.23 0.874 0 0.005
0.231 0.281 0 0.005
0.23533333333333334 0.3196666666666667 0 0.005
0.2365 0.431 0 0.005
0.232 0.129 0 0.005
0.232 0.221 0 0.005
0.232 0.242 0 0.005
0.232 0.293 0 0.005
0.232 0.849 0 0.005
0.24224583333333333 0.9944291666666667 0 0.005
0.233 0.039 0 0.005
0.233 0.558 0 0.005
0.233 0.599 0 0.005
0.234 0.746 0 0.005
0.234 0.941 0 0.005
0.235 0.003268292682926829 0 0.005
0.235 0.079 0 0.005
0.235 0.57 0 0.005
0.235 0.763 0 0.005
0.236 0.402 0 0.005
0.236 0.457 0 0.005
0.245 0.689 0 0.005
0.237 0.064 0 0.005
0.237 0.415 0 0.005
0.2425 0.472 0 0.005
0.237 0.639 0 0.005
0.237 0.66 0 0.005
0.237 0.73 0 0.005
0.237 0.954 0 0.005
0.237 0.968 0 0.005
0.238 0.106 0 0.005
0.238 0.922 0 0.005
0.239 0.166 0 0.005
0.24 0.014 0 0.005
0.24 0.145 0 0.005
0.24 0.545 0 0.005
0.24 0.68 0 0.005
0.24 0.784 0 0.005
0.24 0.832 0 0.005
0.24 0.908 0 0.005
0.241 0.118 0 0.005
0.2455 0.508 0 0.005
0.246 0.18666666666666665 0 0.005
0.242 0.255 0 0.005
0.245 0.5285 0 0.005
0.242 0.609 0 0.005
0.243 0.582 0 0.005
0.243 0.82 0 0.005
0.244 0.052 0 0.005
0.244 0.306 0 0.005
0.25066666666666665 0.3433333333333333 0 0.005
0.244 0.49 0 0.005
0.244 0.848 0 0.005
0.244 0.867 0 0.005
0.245 0.98 0 0.005
0.246 0.753 0 0.005
0.246 0.802 0 0.005
0.247 0.133 0 0.005
0.2525 0.225 0 0.005
0.247 0.621 0 0.005
0.247 0.739 0 0.005
0.247 0.88 0 0.005
0.248 0.446 0 0.005
0.2515 0.601 0 0.005
0.249 0.065 0 0.005
0.249 0.086 0 0.005
0.249 0.634 0 0.005
0.249 0.658 0 0.005
0.25 0.098 0 0.005
0.253 0.1525 0 0.005
0.255 0.5685 0 0.005
0.251 0.032 0 0.005
0.251 0.409 0 0.005
0.251 0.422 0 0.005
0.252 0.388 0 0.005
0.252 0.785 0 0.005
0.253 0.116 0 0.005
0.253 0.172 0 0.005
0.253 0.284 0 0.005
0.253 0.297 0 0.005
0.253 0.329 0 0.005
0.253 0.712 0 0.005
0.254 0.257 0 0.005
0.254 0.837 0 0.005
0.254 0.898 0 0.005
0.254 0.915 0 0.005
0.255 0.007 0 0.005
0.2575 0.2395 0 0.005
0.255 0.498 0 0.005
0.26 0.9265 0 0.005
0.255 0.945 0 0.005
0.256 0.02 0 0.005
0.2595 0.04 0 0.005
0.256 0.27 0 0.005
0.2595 0.553 0 0.005
0.256 0.77 0 0.005
0.257 0.314 0 0.005
0.257 0.457 0 0.005
0.257 0.962 0 0.005
0.258 0.372 0 0.005
0.26266666666666666 0.7476666666666666 0 0.005
0.259 0.073 0 0.005
0.259 0.432 0 0.005
0.259 0.585 0 0.005
0.259 0.823 0 0.005
0.259 0.87 0 0.005
0.26 0.623 0 0.005
0.26 0.641 0 0.005
0.26 0.696 0 0.005
0.2625 0.7215 0 0.005
0.26 0.808 0 0.005
0.26 0.886 0 0.005
0.264 0.9775 0 0.005
0.261 0.129 0 0.005
0.261 0.445 0 0.005
0.261 0.661 0 0.005
0.262 0.061 0 0.005
0.262 0.089 0 0.005
0.266 0.7895 0 0.005
0.267 0.8565 0 0.005
0.263 0.2 0 0.005
0.263 0.355 0 0.005
0.263 0.396 0 0.005
0.264 0.419 0 0.005
0.264 0.675 0 0.005
0.265 0.297 0 0.005
0.265 0.485 0 0.005
0.265 0.996225352112676 0 0.005
0.266 0.102 0 0.005
0.266 0.186 0 0.005
0.266 0.253 0 0.005
0.266 0.471 0 0.005
0.2715 0.5135 0 0.005
0.2827142857142857 0.5424285714285715 0 0.005
0.266 0.952 0 0.005
0.267 0.115 0 0.005
0.267 0.17 0 0.005
0.267 0.527 0 0.005
0.272 0.8365 0 0.005
0.267 0.939 0 0.005
0.268 0.154 0 0.005
0.269 0.281 0 0.005
0.269 0.911 0 0.005
0.27 0.319 0 0.005
0.271 0.139 0 0.005
0.272 0.005 0 0.005
0.272 0.078 0 0.005
0.275 0.2445 0 0.005
0.272 0.265 0 0.005
0.272 0.337 0 0.005
0.2884 0.4116 0 0.005
0.276 0.4945 0 0.005
0.272 0.602 0 0.005
0.272 0.883 0 0.005
0.272 0.897 0 0.005
0.273 0.024 0 0.005
0.273 0.69 0 0.005
0.2905 0.0615 0 0.005
0.274 0.457 0 0.005
0.274 0.819 0 0.005
0.275 0.202 0 0.005
0.275 0.218 0 0.005
0.275 0.305 0 0.005
0.275 0.568 0 0.005
0.2775 0.6195 0 0.005
0.275 0.652 0 0.005
0.275 0.737 0 0.005
0.275 0.77 0 0.005
0.275 0.797 0 0.005
0.2825 0.3615 0 0.005
0.279 0.3875 0 0.005
0.276 0.672 0 0.005
0.2805 0.043 0 0.005
0.277 0.445 0 0.005
0.277 0.993 0 0.005
0.278 0.188 0 0.005
0.278 0.428 0 0.005
0.278 0.927 0 0.005
0.291 0.5805 0 0.005
0.279 0.638 0 0.005
0.279 0.705 0 0.005
0.279 0.721 0 0.005
0.28 0.967 0 0.005
0.281 0.168 0 0.005
0.282 0.106 0 0.005
0.282 0.32 0 0.005
0.282 0.475 0 0.005
0.2875 0.951 0 0.005
0.283 0.149 0 0.005
0.287 0.2915 0 0.005
0.283 0.757 0 0.005
0.283 0.94 0 0.005
0.284 0.091 0 0.005
0.288 0.1185 0 0.005
0.284 0.873 0 0.005
0.284 0.897 0 0.005
0.2955 0.965 0 0.005
0.285 0.079 0 0.005
0.285 0.856 0 0.005
0.2915 0.027 0 0.005
0.286 0.233 0 0.005
0.286 0.333 0 0.005
0.286 0.455 0 0.005
0.286 0.778 0 0.005
0.286 0.885 0 0.005
0.287 0.207 0 0.005
0.287 0.506 0 0.005
0.287 0.663 0 0.005
0.287 0.79 0 0.005
0.287 0.816 0 0.005
0.288 0.219 0 0.005
0.288 0.735 0 0.005
0.288 0.915 0 0.005
0.289 0.0022833333333333334 0 0.005
0.289 0.012 0 0.005
0.289 0.268 0 0.005
0.289 0.437 0 0.005
0.292 0.6795 0 0.005
0.289 0.833 0 0.005
0.29 0.254 0 0.005
0.29 0.802 0 0.005
0.291 0.186 0 0.005
0.291 0.714 0 0.005
0.292 0.347 0 0.005
0.292 0.425 0 0.005
0.292 0.634 0 0.005
0.3000610932475884 0.9863086816720257 0 0.005
0.2985 0.624 0 0.005
0.293 0.646 0 0.005
0.294 0.382 0 0.005
0.294 0.394 0 0.005
0.295 0.102 0 0.005
0.295 0.133 0 0.005
0.296 0.154 0 0.005
0.296 0.477 0 0.005
0.296 0.561 0 0.005
0.296 0.597 0 0.005
0.296 0.746 0 0.005
0.296 0.873 0 0.005
0.296 0.895 0 0.005
0.296 0.936 0 0.005
0.2995 0.2485 0 0.005
0.297 0.284 0 0.005
0.297 0.308 0 0.005
0.297 0.464 0 0.005
0.297 0.609 0 0.005
0.297 0.76 0 0.005
0.297 0.924 0 0.005
0.303 0.0835 0 0.005
0.298 0.323 0 0.005
0.302 0.1915 0 0.005
0.3045 0.49 0 0.005
0.299 0.521 0 0.005
0.299 0.782 0 0.005
0.299 0.82 0 0.005
0.3 0.695 0 0.005
0.3 0.849 0 0.005
0.301 0.0022833333333333334 0 0.005
0.3076666666666667 0.7273333333333334 0 0.005
0.3065 0.8345 0 0.005
0.302 0.169 0 0.005
0.302 0.448 0 0.005
0.3113333333333333 0.505 0 0.005
0.3075 0.6535 0 0.005
0.302 0.806 0 0.005
0.304 0.042 0 0.005
0.304 0.219 0 0.005
0.3065 0.2715 0 0.005
0.304 0.297 0 0.005
0.3075 0.888 0 0.005
0.305 0.11 0 0.005
0.305 0.433 0 0.005
0.305 0.91 0 0.005
0.306 0.125 0 0.005
0.3115 0.386 0 0.005
0.306 0.71 0 0.005
0.307 0.232 0 0.005
0.307 0.338 0 0.005
0.307 0.358 0 0.005
0.307 0.677 0 0.005
0.307 0.866 0 0.005
0.308 0.374 0 0.005
0.309 0.011 0 0.005
0.309 0.791 0 0.005
0.312 0.9285 0 0.005
0.31 0.319 0 0.005
0.31 0.534 0 0.005
0.31 0.751 0 0.005
0.311 0.404 0 0.005
0.311 0.548 0 0.005
0.311 0.576 0 0.005
0.311 0.665 0 0.005
0.311 0.996225352112676 0 0.005
0.312 0.028 0 0.005
0.312 0.052 0 0.005
0.312 0.307 0 0.005
0.312 0.46 0 0.005
0.3183333333333333 0.614 0 0.005
0.3175 0.761 0 0.005
0.312 0.776 0 0.005
0.313 0.138 0 0.005
0.313 0.59 0 0.005
0.318 0.1675 0 0.005
0.314 0.252 0 0.005
0.314 0.518 0 0.005
0.314 0.561 0 0.005
0.314 0.966 0 0.005
0.315 0.1 0 0.005
0.315 0.697 0 0.005
0.316 0.294 0 0.005
0.316 0.638 0 0.005
0.317 0.112 0 0.005
0.317 0.685 0 0.005
0.3195 0.7985 0 0.005
0.318 0.124 0 0.005
0.3215 0.145 0 0.005
0.318 0.709 0 0.005
0.319 0.338 0 0.005
0.319 0.904 0 0.005
0.32 0.003763440860215054 0 0.005
0.32 0.186 0 0.005
0.32 0.203 0 0.005
0.32 0.363 0 0.005
0.33225 0.47 0 0.005
0.32 0.821 0 0.005
0.32 0.982 0 0.005
0.321 0.396 0 0.005
0.321 0.426 0 0.005
0.321 0.441 0 0.005
0.321 0.937 0 0.005
0.321 0.952 0 0.005
0.322 0.22 0 0.005
0.323 0.665 0 0.005
0.323 0.849 0 0.005
0.323 0.885 0 0.005
0.324 0.046 0 0.005
0.324 0.236 0 0.005
0.324 0.325 0 0.005
0.324 0.408 0 0.005
0.324 0.871 0 0.005
0.325 0.021 0 0.005
0.325 0.062 0 0.005
0.325 0.074 0 0.005
0.325 0.261 0 0.005
0.325 0.273 0 0.005
0.325 0.652 0 0.005
0.325 0.9957317073170732 0 0.005
0.326 0.306 0 0.005
0.326 0.454 0 0.005
0.326 0.915 0 0.005
0.327 0.348 0 0.005
0.327 0.487 0 0.005
0.327 0.534 0 0.005
0.327 0.561 0 0.005
0.327 0.593 0 0.005
0.3305 0.786 0 0.005
0.328 0.16 0 0.005
0.331 0.3795 0 0.005
0.33766666666666667 0.731 0 0.005
0.328 0.744 0 0.005
0.328 0.834 0 0.005
0.329 0.093 0 0.005
0.329 0.573 0 0.005
0.329 0.806 0 0.005
0.329 0.927 0 0.005
0.329 0.972 0 0.005
0.3355 0.11175 0 0.005
0.33 0.293 0 0.005
0.33 0.548 0 0.005
0.33 0.694 0 0.005
0.331 0.519 0 0.005
0.332 0.711 0 0.005
0.34175 0.4215 0 0.005
0.333 0.674 0 0.005
0.333 0.944 0 0.005
0.334 0.038 0 0.005
0.334 0.398 0 0.005
0.334 0.956 0 0.005
0.3375 0.1915 0 0.005
0.3375 0.6265 0 0.005
0.335 0.661 0 0.005
0.335 0.766 0 0.005
0.335 0.905 0 0.005
0.336 0.003763440860215054 0 0.005
0.3415 0.0535 0 0.005
0.3395 0.331 0 0.005
0.336 0.359 0 0.005
0.336 0.443 0 0.005
0.336 0.506 0 0.005
0.336 0.987 0 0.005
0.337 0.25 0 0.005
0.337 0.645 0 0.005
0.337 0.884 0 0.005
0.337 0.9967166666666667 0 0.005
0.3435 0.1675 0 0.005
0.338 0.584 0 0.005
0.338 0.819 0 0.005
0.339 0.026 0 0.005
0.339 0.31 0 0.005
0.339 0.539 0 0.005
0.339 0.856 0 0.005
0.3455 0.083 0 0.005
0.34 0.373 0 0.005
0.34 0.84 0 0.005
0.34 0.919 0 0.005
0.341 0.209 0 0.005
0.341 0.227 0 0.005
0.341 0.49 0 0.005
0.342 0.144 0 0.005
0.342 0.294 0 0.005
0.342 0.559 0 0.005
0.342 0.807 0 0.005
0.343 0.266 0 0.005
0.343 0.523 0 0.005
0.343 0.776 0 0.005
0.344 0.014 0 0.005
0.344 0.754 0 0.005
0.35025 0.8825 0 0.005
0.345 0.279 0 0.005
0.345 0.607 0 0.005
0.345 0.674 0 0.005
0.345 0.963 0 0.005
0.346 0.068 0 0.005
0.35725 0.137 0 0.005
0.346 0.389 0 0.005
0.346 0.699 0 0.005
0.347 0.042 0 0.005
0.352 0.1805 0 0.005
0.347 0.595 0 0.005
0.347 0.949 0 0.005
0.348 0.0022833333333333334 0 0.005
0.348 0.662 0 0.005
0.348 0.686 0 0.005
0.348 0.977 0 0.005
0.349 0.243 0 0.005
0.349 0.322 0 0.005
0.349 0.51 0 0.005
0.349 0.713 0 0.005
0.349 0.9967166666666667 0 0.005
0.351 0.309 0 0.005
0.351 0.354 0 0.005
0.351 0.366 0 0.005
0.351 0.741 0 0.005
0.3555 0.913 0 0.005
0.352 0.197 0 0.005
0.3545 0.4515 0 0.005
0.352 0.93 0 0.005
0.353 0.153 0 0.005
0.353 0.477 0 0.005
0.353 0.541 0 0.005
0.353 0.573 0 0.005
0.3555 0.7915 0 0.005
0.354 0.228 0 0.005
0.354 0.421 0 0.005
0.354 0.641 0 0.005
0.3565 0.8315 0 0.005
0.355 0.025 0 0.005
0.355 0.1 0 0.005
0.355 0.811 0 0.005
0.356 0.585 0 0.005
0.356 0.987 0 0.005
0.3625 0.012 0 0.005
0.357 0.12 0 0.005
0.357 0.769 0 0.005
0.358 0.049 0 0.005
0.3605 0.2565 0 0.005
0.358 0.298 0 0.005
0.358 0.499 0 0.005
0.358 0.555 0 0.005
0.358 0.616 0 0.005
0.358 0.85 0 0.005
0.359 0.065 0 0.005
0.359 0.628 0 0.005
0.359 0.865 0 0.005
0.36 0.342 0 0.005
0.36 0.524 0 0.005
0.36 0.701 0 0.005
0.361 0.375 0 0.005
0.3686666666666667 0.417 0 0.005
0.361 0.434 0 0.005
0.361 0.899 0 0.005
0.361 0.975 0 0.005
0.362 0.077 0 0.005
0.362 0.215 0 0.005
0.362 0.239 0 0.005
0.362 0.286 0 0.005
0.362 0.322 0 0.005
0.362 0.717 0 0.005
0.362 0.949 0 0.005
0.363 0.465 0 0.005
0.363 0.511 0 0.005
0.363 0.757 0 0.005
0.364 0.161 0 0.005
0.364 0.31 0 0.005
0.3675 0.394 0 0.005
0.364 0.671 0 0.005
0.364 0.739 0 0.005
0.368 0.9345 0 0.005
0.364 0.963 0 0.005
0.365 0.655 0 0.005
0.366 0.191 0 0.005
0.3831666666666667 0.6018333333333333 0 0.005
0.366 0.876 0 0.005
0.366 0.996225352112676 0 0.005
0.367 0.033 0 0.005
0.367 0.102 0 0.005
0.367 0.69 0 0.005
0.368 0.36 0 0.005
0.368 0.796 0 0.005
0.369 0.48 0 0.005
0.37875 0.482 0 0.005
0.3845 0.5685 0 0.005
0.372 0.8155 0 0.005
0.37 0.334 0 0.005
0.37 0.447 0 0.005
0.37 0.837 0 0.005
0.37 0.908 0 0.005
0.371 0.064 0 0.005
0.371 0.299 0 0.005
0.371 0.583 0 0.005
0.371 0.619 0 0.005
0.3763333333333333 0.6386666666666666 0 0.005
0.371 0.77 0 0.005
0.371 0.851 0 0.005
0.372 0.003763440860215054 0 0.005
0.372 0.116 0 0.005
0.372 0.272 0 0.005
0.3745 0.5345 0 0.005
0.373 0.259 0 0.005
0.373 0.783 0 0.005
0.373 0.893 0 0.005
0.374 0.091 0 0.005
0.377 0.2245 0 0.005
0.3795 0.2865 0 0.005
0.374 0.921 0 0.005
0.37614659685863877 0.9901780104712041 0 0.005
0.375 0.128 0 0.005
0.375 0.201 0 0.005
0.375 0.321 0 0.005
0.375 0.459 0 0.005
0.376 0.047 0 0.005
0.376 0.387 0 0.005
0.376 0.707 0 0.005
0.376 0.719 0 0.005
0.376 0.739 0 0.005
0.376 0.756 0 0.005
0.3815 0.971 0 0.005
0.377 0.179 0 0.005
0.381 0.1615 0 0.005
0.378 0.863 0 0.005
0.378 0.875 0 0.005
0.378 0.953 0 0.005
0.379 0.244 0 0.005
0.379 0.344 0 0.005
0.379 0.503 0 0.005
0.379 0.676 0 0.005
0.388 0.685 0 0.005
0.38 0.437 0 0.005
0.391 0.551 0 0.005
0.3873333333333333 0.027 0 0.005
0.385 0.1365 0 0.005
0.381 0.411 0 0.005
0.382 0.374 0 0.005
0.382 0.66 0 0.005
0.382 0.803 0 0.005
0.387 0.9056666666666666 0 0.005
0.3851301775147929 0.007905325443786982 0 0.005
0.383 0.072 0 0.005
0.383 0.774 0 0.005
0.384 0.06 0 0.005
0.384 0.211 0 0.005
0.384 0.398 0 0.005
0.384 0.838 0 0.005
0.385 0.515 0 0.005
0.39675 0.11325 0 0.005
0.386 0.267 0 0.005
0.386 0.302 0 0.005
0.386 0.851 0 0.005
0.387 0.314 0 0.005
0.387 0.454 0 0.005
0.387 0.729 0 0.005
0.388 0.092 0 0.005
0.393 0.2025 0 0.005
0.388 0.255 0 0.005
0.388 0.757 0 0.005
0.388 0.788 0 0.005
0.3933333333333333 0.9846666666666666 0 0.005
0.389 0.583 0 0.005
0.389 0.823 0 0.005
0.39 0.187 0 0.005
0.3935 0.353 0 0.005
0.39 0.535 0 0.005
0.39 0.926 0 0.005
0.39 0.956 0 0.005
0.391 0.335 0 0.005
0.391 0.419 0 0.005
0.391 0.745 0 0.005
0.392 0.157 0 0.005
0.4016 0.3964 0 0.005
0.392 0.627 0 0.005
0.392 0.938 0 0.005
0.393 0.239 0 0.005
0.393 0.431 0 0.005
0.393 0.7 0 0.005
0.394 0.224 0 0.005
0.394 0.498 0 0.005
0.4046666666666667 0.6623333333333333 0 0.005
0.394 0.88 0 0.005
0.395 0.075 0 0.005
0.395 0.715 0 0.005
0.395 0.805 0 0.005
0.396 0.048 0 0.005
0.396 0.373 0 0.005
0.396 0.444 0 0.005
0.396 0.774 0 0.005
0.3995 0.2735 0 0.005
0.397 0.291 0 0.005
0.397 0.648 0 0.005
0.398 0.06 0 0.005
0.398 0.517 0 0.005
0.41 0.305 0 0.005
0.399 0.728 0 0.005
0.399 0.852 0 0.005
0.4 0.46 0 0.005
0.4 0.866 0 0.005
0.401 0.00434313725490196 0 0.005
0.401 0.146 0 0.005
0.401 0.17 0 0.005
0.401 0.252 0 0.005
0.401 0.326 0 0.005
0.406 0.7845 0 0.005
0.4096666666666667 0.8143333333333334 0 0.005
0.402 0.086 0 0.005
0.402 0.194 0 0.005
0.402 0.529 0 0.005
0.405 0.6825 0 0.005
0.402 0.76 0 0.005
0.402 0.898 0 0.005
0.403 0.027 0 0.005
0.403 0.416 0 0.005
0.403 0.84 0 0.005
0.404 0.158 0 0.005
0.409 0.4785 0 0.005
0.404 0.927 0 0.005
0.405 0.182 0 0.005
0.4095 0.358 0 0.005
0.405 0.632 0 0.005
0.4105 0.9435 0 0.005
0.406 0.216 0 0.005
0.406 0.338 0 0.005
0.406 0.429 0 0.005
0.406 0.613 0 0.005
0.406 0.88 0 0.005
0.406 0.954 0 0.005
0.41333333333333333 0.23533333333333334 0 0.005
0.407 0.383 0 0.005
0.4115 0.697 0 0.005
0.408 0.098 0 0.005
0.408 0.716 0 0.005
0.409 0.048 0 0.005
0.409 0.501 0 0.005
0.409 0.994656862745098 0 0.005
0.41 0.127 0 0.005
0.41 0.561 0 0.005
0.411 0.203 0 0.005
0.411 0.29 0 0.005
0.415 0.4565 0 0.005
0.4165 0.516 0 0.005
0.412 0.036 0 0.005
0.412 0.073 0 0.005
0.412 0.318 0 0.005
0.412 0.576 0 0.005
0.412 0.728 0 0.005
0.412 0.829 0 0.005
0.413 0.061 0 0.005
0.413 0.276 0 0.005
0.413 0.965 0 0.005
0.414 0.745 0 0.005
0.414 0.908 0 0.005
0.415 0.024 0 0.005
0.415 0.087 0 0.005
0.415 0.171 0 0.005
0.415 0.42 0 0.005
0.415 0.795 0 0.005
0.415 0.862 0 0.005
0.4205 0.9785 0 0.005
0.41915555555555556 0.00715 0 0.005
0.416 0.158 0 0.005
0.42233333333333334 0.7576666666666666 0 0.005
0.421 0.8915 0 0.005
0.416 0.93 0 0.005
0.417 0.626 0 0.005
0.4195 0.6435 0 0.005
0.4235 0.258 0 0.005
0.4225 0.342 0 0.005
0.418 0.534 0 0.005
0.425 0.6106666666666666 0 0.005
0.419 0.594 0 0.005
0.42 0.369 0 0.005
0.424 0.7095 0 0.005
0.4235 0.854 0 0.005
0.42 0.876 0 0.005
0.421 0.145 0 0.005
0.421 0.681 0 0.005
0.422 0.119 0 0.005
0.422 0.404 0 0.005
0.422 0.436 0 0.005
0.422 0.485 0 0.005
0.422 0.497 0 0.005
0.422 0.55 0 0.005
0.423 0.186 0 0.005
0.423 0.284 0 0.005
0.424 0.033 0 0.005
0.424 0.131 0 0.005
0.424 0.217 0 0.005
0.424 0.323 0 0.005
0.4285 0.723 0 0.005
0.426 0.048 0 0.005
0.426 0.106 0 0.005
0.426 0.202 0 0.005
0.4295 0.809 0 0.005
0.426 0.906 0 0.005
0.426 0.963 0 0.005
0.427 0.08 0 0.005
0.427 0.451 0 0.005
0.427 0.775 0 0.005
0.428 0.094 0 0.005
0.428 0.57 0 0.005
0.428 0.828 0 0.005
0.428 0.951 0 0.005
0.428 0.996225352112676 0 0.005
0.429 0.021 0 0.005
0.429 0.668 0 0.005
0.429 0.84 0 0.005
0.429 0.937 0 0.005
0.43 0.068 0 0.005
0.43 0.247 0 0.005
0.43 0.309 0 0.005
0.43 0.649 0 0.005
0.43 0.918 0 0.005
0.431 0.159 0 0.005
0.4335 0.4735 0 0.005
0.431 0.792 0 0.005
0.44125 0.27425 0 0.005
0.432 0.374 0 0.005
0.4355 0.407 0 0.005
0.4375 0.69 0 0.005
0.4375 0.125 0 0.005
0.434 0.173 0 0.005
0.434 0.5 0 0.005
0.4413333333333333 0.19 0 0.005
0.435 0.357 0 0.005
0.435 0.439 0 0.005
0.435 0.519 0 0.005
0.435 0.581 0 0.005
0.435 0.87 0 0.005
0.436 0.005 0 0.005
0.436 0.388 0 0.005
0.437 0.231 0 0.005
0.4395 0.6305 0 0.005
0.437 0.987 0 0.005
0.438 0.325 0 0.005
0.438 0.427 0 0.005
0.438 0.562 0 0.005
0.438 0.852 0 0.005
0.438 0.961 0 0.005
0.439 0.082 0 0.005
0.439 0.144 0 0.005
0.439 0.339 0 0.005
0.439 0.537 0 0.005
0.439 0.802 0 0.005
0.44 0.057 0 0.005
0.443 0.0995 0 0.005
0.44 0.294 0 0.005
0.44 0.743 0 0.005
0.4445 0.032 0 0.005
0.441 0.21 0 0.005
0.441 0.731 0 0.005
0.441 0.779 0 0.005
0.441 0.839 0 0.005
0.447 0.5465 0 0.005
0.4445 0.5875 0 0.005
0.442 0.665 0 0.005
0.442 0.766 0 0.005
0.442 0.932 0 0.005
0.442 0.948 0 0.005
0.443 0.903 0 0.005
0.444 0.448 0 0.005
0.444 0.61 0 0.005
0.444 0.973 0 0.005
0.445 0.015 0 0.005
0.445 0.365 0 0.005
0.45066666666666666 0.468 0 0.005
0.4475 0.4955 0 0.005
0.45 0.6735 0 0.005
0.445 0.827 0 0.005
0.446 0.9952365591397849 0 0.005
0.447 0.071 0 0.005
0.447 0.164 0 0.005
0.4495 0.8065 0 0.005
0.447 0.888 0 0.005
0.448 0.306 0 0.005
0.448 0.418 0 0.005
0.448 0.518 0 0.005
0.448 0.753 0 0.005
0.449 0.223 0 0.005
0.449 0.434 0 0.005
0.45 0.249 0 0.005
0.45 0.567 0 0.005
0.45 0.709 0 0.005
0.451 0.379 0 0.005
0.451 0.65 0 0.005
0.451 0.787 0 0.005
0.451 0.916 0 0.005
0.457 0.3233333333333333 0 0.005
0.452 0.74 0 0.005
0.452 0.848 0 0.005
0.45966666666666667 0.863 0 0.005
0.453 0.0022833333333333334 0 0.005
0.453 0.094 0 0.005
0.453 0.531 0 0.005
0.457 0.5965 0 0.005
0.453 0.727 0 0.005
0.453 0.962 0 0.005
0.459 0.0785 0 0.005
0.454 0.289 0 0.005
0.454 0.938 0 0.005
0.455 0.114 0 0.005
0.455 0.152 0 0.005
0.455 0.181 0 0.005
0.455 0.638 0 0.005
0.455 0.695 0 0.005
0.456 0.043 0 0.005
0.456 0.055 0 0.005
0.456 0.135 0 0.005
0.456 0.234 0 0.005
0.456 0.348 0 0.005
0.456 0.769 0 0.005
0.46 0.0205 0 0.005
0.457 0.395 0 0.005
0.457 0.555 0 0.005
0.458 0.491 0 0.005
0.464 0.1645 0 0.005
0.459 0.214 0 0.005
0.459 0.365 0 0.005
0.4645 0.5795 0 0.005
0.459 0.626 0 0.005
0.46 0.926 0 0.005
0.46 0.951 0 0.005
0.4735 0.41375 0 0.005
0.461 0.75 0 0.005
0.465 0.9025 0 0.005
0.461 0.98 0 0.005
0.462 0.266 0 0.005
0.462 0.712 0 0.005
0.463 0.427 0 0.005
0.463 0.838 0 0.005
0.464 0.254 0 0.005
0.4685 0.547 0 0.005
0.464 0.681 0 0.005
0.464 0.816 0 0.005
0.464 0.882 0 0.005
0.465 0.123 0 0.005
0.465 0.189 0 0.005
0.465 0.463 0 0.005
0.465 0.609 0 0.005
0.465 0.726 0 0.005
0.465 0.801 0 0.005
0.466 0.278 0 0.005
0.466 0.446 0 0.005
0.4725 0.387 0 0.005
0.467 0.476 0 0.005
0.467 0.968 0 0.005
0.468 0.137 0 0.005
0.468 0.201 0 0.005
0.468 0.291 0 0.005
0.4725 0.535 0 0.005
0.468 0.996225352112676 0 0.005
0.4715 0.0135 0 0.005
0.469 0.049 0 0.005
0.469 0.303 0 0.005
0.4745 0.5045 0 0.005
0.469 0.514 0 0.005
0.469 0.646 0 0.005
0.469 0.773 0 0.005
0.469 0.785 0 0.005
0.47 0.099 0 0.005
0.47 0.242 0 0.005
0.4796666666666667 0.3176666666666667 0 0.005
0.475 0.3515 0 0.005
0.47 0.941 0 0.005
0.471 0.337 0 0.005
0.476 0.3735 0 0.005
0.471 0.563 0 0.005
0.471 0.662 0 0.005
0.473 0.086 0 0.005
0.473 0.223 0 0.005
0.473 0.625 0 0.005
0.473 0.699 0 0.005
0.473 0.926 0 0.005
0.474 0.598 0 0.005
0.474 0.711 0 0.005
0.475 0.113 0 0.005
0.475 0.735 0 0.005
0.4795 0.828 0 0.005
0.475 0.862 0 0.005
0.4805 0.146 0 0.005
0.4785 0.7605 0 0.005
0.476 0.845 0 0.005
0.4777751479289941 0.991094674556213 0 0.005
0.477 0.068 0 0.005
0.477 0.175 0 0.005
0.477 0.453 0 0.005
0.477 0.467 0 0.005
0.478 0.04 0 0.005
0.478 0.252 0 0.005
0.4805 0.7925 0 0.005
0.479 0.211 0 0.005
0.479 0.27 0 0.005
0.479 0.522 0 0.005
0.479 0.964 0 0.005
0.4886666666666667 0.4906666666666667 0 0.005
0.48 0.683 0 0.005
0.4896666666666667 0.9793333333333334 0 0.005
0.481 0.007 0 0.005
0.481 0.191 0 0.005
0.486 0.2855 0 0.005
0.481 0.362 0 0.005
0.481 0.437 0 0.005
0.481 0.574 0 0.005
0.482 0.099 0 0.005
0.482 0.13 0 0.005
0.482 0.301 0 0.005
0.4875 0.8705 0 0.005
0.4875 0.889 0 0.005
0.483 0.055 0 0.005
0.483 0.616 0 0.005
0.483 0.912 0 0.005
0.4885 0.9495 0 0.005
0.484 0.81 0 0.005
0.485 0.081 0 0.005
0.485 0.336 0 0.005
0.485 0.552 0 0.005
0.485 0.588 0 0.005
0.485 0.658 0 0.005
0.485 0.67 0 0.005
0.4885 0.728 0 0.005
0.485 0.744 0 0.005
0.486 0.163 0 0.005
0.486 0.241 0 0.005
0.486 0.644 0 0.005
0.486 0.695 0 0.005
0.487 0.113 0 0.005
0.488 0.46 0 0.005
0.4935 0.4745 0 0.005
0.493 0.2205 0 0.005
0.489 0.853 0 0.005
0.49 0.02 0 0.005
0.494 0.0615 0 0.005
0.49 0.604 0 0.005
0.49 0.925 0 0.005
0.495 0.4075 0 0.005
0.498 0.5366666666666666 0 0.005
0.4993333333333333 0.5616666666666666 0 0.005
0.492 0.042 0 0.005
0.492 0.351 0 0.005
0.492 0.392 0 0.005
0.495 0.767 0 0.005
0.493 0.258 0 0.005
0.493 0.27 0 0.005
0.493 0.366 0 0.005
0.493 0.379 0 0.005
0.493 0.444 0 0.005
0.493 0.629 0 0.005
0.494 0.836 0 0.005
0.495 0.128 0 0.005
0.495 0.509 0 0.005
0.5005 0.6185 0 0.005
0.495 0.704 0 0.005
0.495 0.965 0 0.005
0.496 0.15 0 0.005
0.496 0.43 0 0.005
0.496 0.791 0 0.005
0.496 0.817 0 0.005
0.496 0.898 0 0.005
0.496 0.9957317073170732 0 0.005
0.497 0.178 0 0.005
0.497 0.203 0 0.005
0.497 0.324 0 0.005
0.497 0.676 0 0.005
0.498 0.00434313725490196 0 0.005
0.498 0.804 0 0.005
0.5025 0.078 0 0.005
0.5045 0.114 0 0.005
0.499 0.301 0 0.005
0.499 0.647 0 0.005
0.503 0.6635 0 0.005
0.499 0.746 0 0.005
0.5095 0.905 0 0.005
0.5 0.162 0 0.005
0.5 0.457 0 0.005
0.5 0.583 0 0.005
0.5 0.933 0 0.005
0.501 0.031 0 0.005
0.501 0.855 0 0.005
0.502 0.236 0 0.005
0.502 0.602 0 0.005
0.502 0.688 0 0.005
0.503 0.138 0 0.005
0.503 0.417 0 0.005
0.504 0.099 0 0.005
0.504 0.734 0 0.005
0.5105 0.018 0 0.005
0.5075 0.0515 0 0.005
0.505 0.188 0 0.005
0.505 0.288 0 0.005
0.5126666666666666 0.339 0 0.005
0.5095 0.504 0 0.005
0.506 0.519 0 0.005
0.507 0.718 0 0.005
0.5125 0.9505 0 0.005
0.508 0.151 0 0.005
0.508 0.39 0 0.005
0.508 0.439 0 0.005
0.508 0.882 0 0.005
0.5135 0.197 0 0.005
0.509 0.251 0 0.005
0.509 0.355 0 0.005
0.509 0.548 0 0.005
0.51 0.0022833333333333334 0 0.005
0.521 0.224 0 0.005
0.51 0.272 0 0.005
0.51 0.316 0 0.005
0.51 0.378 0 0.005
0.51 0.637 0 0.005
0.51 0.989 0 0.005
0.511 0.653 0 0.005
0.511 0.847 0 0.005
0.511 0.865 0 0.005
0.515 0.9305 0 0.005
0.512 0.402 0 0.005
0.512 0.451 0 0.005
0.517 0.4825 0 0.005
0.512 0.589 0 0.005
0.5145 0.8045 0 0.005
0.5145 0.8285 0 0.005
0.513 0.129 0 0.005
0.513 0.304 0 0.005
0.513 0.463 0 0.005
0.513 0.576 0 0.005
0.513 0.777 0 0.005
0.514 0.036 0 0.005
0.514 0.171 0 0.005
0.514 0.238 0 0.005
0.514 0.603 0 0.005
0.514 0.687 0 0.005
0.514 0.754 0 0.005
0.514 0.972 0 0.005
0.519 0.7045 0 0.005
0.5215 0.41 0 0.005
0.518 0.071 0 0.005
0.518 0.367 0 0.005
0.5215 0.6165 0 0.005
0.52 0.048 0 0.005
0.52 0.387 0 0.005
0.52 0.428 0 0.005
0.52 0.523 0 0.005
0.52 0.96 0 0.005
0.525 0.0935 0 0.005
0.521 0.255 0 0.005
0.521 0.789 0 0.005
0.521 0.876 0 0.005
0.522 0.157 0 0.005
0.522 0.565 0 0.005
0.522 0.638 0 0.005
0.522 0.672 0 0.005
0.523 0.003763440860215054 0 0.005
0.523 0.111 0 0.005
0.523 0.322 0 0.005
0.523 0.536 0 0.005
0.523 0.742 0 0.005
0.523 0.849 0 0.005
0.524 0.297 0 0.005
0.524 0.724 0 0.005
0.524 0.77 0 0.005
0.525 0.141 0 0.005
0.525 0.207 0 0.005
0.525 0.986 0 0.005
0.5315 0.039 0 0.005
0.526 0.175 0 0.005
0.5315 0.2685 0 0.005
0.529 0.5145 0 0.005
0.526 0.551 0 0.005
0.526 0.836 0 0.005
0.526 0.996225352112676 0 0.005
0.5325 0.2855 0 0.005
0.5315 0.461 0 0.005
0.527 0.66 0 0.005
0.5384 0.8707999999999999 0 0.005
0.528 0.244 0 0.005
0.528 0.445 0 0.005
0.528 0.887 0 0.005
0.528 0.906 0 0.005
0.528 0.972 0 0.005
0.529 0.359 0 0.005
0.5345 0.373 0 0.005
0.529 0.492 0 0.005
0.5325 0.678 0 0.005
0.532 0.8115 0 0.005
0.529 0.919 0 0.005
0.53 0.057 0 0.005
0.53 0.576 0 0.005
0.531 0.754 0 0.005
0.532 0.124 0 0.005
0.532 0.19 0 0.005
0.532 0.592 0 0.005
0.532 0.958 0 0.005
0.533 0.024 0 0.005
0.533 0.076 0 0.005
0.533 0.331 0 0.005
0.5365 0.39 0 0.005
0.533 0.421 0 0.005
0.533 0.622 0 0.005
0.534 0.433 0 0.005
0.534 0.638 0 0.005
0.535 0.309 0 0.005
0.536 0.694 0 0.005
0.536 0.706 0 0.005
0.537 0.16 0 0.005
0.537 0.65 0 0.005
0.537 0.766 0 0.005
0.537 0.786 0 0.005
0.537 0.934 0 0.005
0.538 0.837 0 0.005
0.538 0.987 0 0.005
0.539 0.003763440860215054 0 0.005
0.539 0.343 0 0.005
0.539 0.479 0 0.005
0.539 0.508 0 0.005
0.539 0.894 0 0.005
0.5455 0.1095 0 0.005
0.5528 0.2576 0 0.005
0.54 0.611 0 0.005
0.5425 0.9515 0 0.005
0.5435 0.0915 0 0.005
0.541 0.207 0 0.005
0.5465 0.5395 0 0.005
0.541 0.732 0 0.005
0.5445 0.817 0 0.005
0.541 0.973 0 0.005
0.5475 0.748 0 0.005
0.543 0.906 0 0.005
0.543 0.918 0 0.005
0.544 0.149 0 0.005
0.544 0.222 0 0.005
0.5465 0.5215 0 0.005
0.544 0.583 0 0.005
0.549 0.6665 0 0.005
0.544 0.719 0 0.005
0.545 0.053 0 0.005
0.545 0.065 0 0.005
0.55225 0.4055 0 0.005
0.545 0.561 0 0.005
0.545 0.599 0 0.005
0.5505 0.846 0 0.005
0.546 0.134 0 0.005
0.546 0.443 0 0.005
0.546 0.456 0 0.005
0.546 0.491 0 0.005
0.546 0.682 0 0.005
0.547 0.174 0 0.005
0.5505 0.314 0 0.005
0.547 0.353 0 0.005
0.547 0.43 0 0.005
0.547 0.632 0 0.005
0.547 0.774 0 0.005
0.548 0.013 0 0.005
0.548 0.026 0 0.005
0.549 0.24 0 0.005
0.549 0.994 0 0.005
0.55 0.297 0 0.005
0.551 0.0027746478873239434 0 0.005
0.555 0.1235 0 0.005
0.551 0.504 0 0.005
0.551 0.93 0 0.005
0.552 0.19 0 0.005
0.552 0.651 0 0.005
0.552 0.796 0 0.005
0.557 0.0475 0 0.005
0.553 0.282 0 0.005
0.553 0.831 0 0.005
0.553 0.945 0 0.005
0.553 0.98 0 0.005
0.554 0.208 0 0.005
0.554 0.331 0 0.005
0.554 0.699 0 0.005
0.554 0.968 0 0.005
0.556 0.612 0 0.005
0.556 0.898 0 0.005
0.557 0.372 0 0.005
0.5666666666666667 0.5723333333333334 0 0.005
0.558 0.093 0 0.005
0.558 0.141 0 0.005
0.558 0.156 0 0.005
0.558 0.441 0 0.005
0.567 0.4933333333333333 0 0.005
0.558 0.579 0 0.005
0.558 0.857 0 0.005
0.558 0.881 0 0.005
0.558 0.91 0 0.005
0.559 0.066 0 0.005
0.559 0.454 0 0.005
0.559 0.466 0 0.005
0.559 0.765 0 0.005
0.56 0.168 0 0.005
0.5635 0.357 0 0.005
0.56 0.386 0 0.005
0.56 0.625 0 0.005
0.56 0.725 0 0.005
0.56 0.777 0 0.005
0.561 0.233 0 0.005
0.561 0.429 0 0.005
0.561 0.512 0 0.005
0.561 0.55 0 0.005
0.562 0.481 0 0.005
0.566 0.5285 0 0.005
0.562 0.804 0 0.005
0.563 0.006 0 0.005
0.563 0.107 0 0.005
0.5685 0.1795 0 0.005
0.5675 0.297 0 0.005
0.565761111111111 0.9912444444444444 0 0.005
0.581125 0.036125 0 0.005
0.564 0.275 0 0.005
0.5695 0.656 0 0.005
0.564 0.709 0 0.005
0.564 0.792 0 0.005
0.565 0.195 0 0.005
0.565 0.593 0 0.005
0.565 0.681 0 0.005
0.565 0.934 0 0.005
0.565 0.957 0 0.005
0.565 0.975 0 0.005
0.566 0.216 0 0.005
0.566 0.753 0 0.005
0.566 0.817 0 0.005
0.567 0.314 0 0.005
0.5715 0.339 0 0.005
0.567 0.741 0 0.005
0.567 0.89 0 0.005
0.568 0.079 0 0.005
0.568 0.638 0 0.005
0.5705 0.8375 0 0.005
0.568 0.873 0 0.005
0.568 0.922 0 0.005
0.57 0.092 0 0.005
0.57 0.445 0 0.005
0.572 0.065 0 0.005
0.572 0.149 0 0.005
0.572 0.624 0 0.005
0.572 0.699 0 0.005
0.572 0.727 0 0.005
0.573 0.236 0 0.005
0.573 0.77 0 0.005
0.574 0.25 0 0.005
0.574 0.263 0 0.005
0.574 0.395 0 0.005
0.574 0.412 0 0.005
0.575 0.105 0 0.005
0.575 0.377 0 0.005
0.5786666666666667 0.552 0 0.005
0.576 0.006 0 0.005
0.58 0.3185 0 0.005
0.576 0.609 0 0.005
0.576 0.855 0 0.005
0.58 0.9073333333333333 0 0.005
0.5815 0.971 0 0.005
0.576 0.986 0 0.005
0.587 0.12133333333333333 0 0.005
0.577 0.277 0 0.005
0.577 0.467 0 0.005
0.577 0.522 0 0.005
0.578 0.161 0 0.005
0.5871666666666666 0.2 0 0.005
0.578 0.223 0 0.005
0.578 0.51 0 0.005
0.578 0.674 0 0.005
0.5835 0.711 0 0.005
0.578 0.951 0 0.005
0.579 0.136 0 0.005
0.579 0.884 0 0.005
0.58 0.594 0 0.005
0.58 0.75 0 0.005
0.58 0.797 0 0.005
0.581 0.359 0 0.005
0.581 0.43 0 0.005
0.581 0.811 0 0.005
0.5906666666666667 0.784 0 0.005
0.583 0.077 0 0.005
0.583 0.497 0 0.005
0.583 0.996225352112676 0 0.005
0.584 0.062 0 0.005
0.584 0.444 0 0.005
0.584 0.571 0 0.005
0.584 0.642 0 0.005
0.584 0.824 0 0.005
0.584 0.939 0 0.005
0.585 0.148 0 0.005
0.585 0.291 0 0.005
0.586 0.247 0 0.005
0.586 0.691 0 0.005
0.5895 0.0935 0 0.005
0.587 0.111 0 0.005
0.587 0.41 0 0.005
0.587 0.624 0 0.005
0.587 0.728 0 0.005
0.587 0.843 0 0.005
0.587 0.87 0 0.005
0.588 0.771 0 0.005
0.589 0.233 0 0.005
0.589 0.347 0 0.005
0.593 0.6605 0 0.005
0.589 0.857 0 0.005
0.59 0.0022833333333333334 0 0.005
0.59 0.014 0 0.005
0.59 0.509 0 0.005
0.59 0.523 0 0.005
0.591 0.161 0 0.005
0.591 0.266 0 0.005
0.591 0.331 0 0.005
0.591 0.395 0 0.005
0.591 0.479 0 0.005
0.592 0.612 0 0.005
0.592 0.884 0 0.005
0.596 0.4275 0 0.005
0.593 0.989 0 0.005
0.594 0.456 0 0.005
0.594 0.538 0 0.005
0.594 0.681 0 0.005
0.599 0.1695 0 0.005
0.595 0.584 0 0.005
0.595 0.905 0 0.005
0.595 0.928 0 0.005
0.596 0.064 0 0.005
0.596 0.37 0 0.005
0.596 0.635 0 0.005
0.596 0.747 0 0.005
0.597 0.383 0 0.005
0.597 0.803 0 0.005
0.597 0.817 0 0.005
0.598 0.83 0 0.005
0.598 0.959 0 0.005
0.599 0.279 0 0.005
0.599 0.298 0 0.005
0.602 0.5555 0 0.005
0.599 0.697 0 0.005
0.6025 0.1475 0 0.005
0.6 0.257 0 0.005
0.6 0.355 0 0.005
0.61075 0.5895 0 0.005
0.601 0.316 0 0.005
0.6045 0.715 0 0.005
0.601 0.733 0 0.005
0.601 0.845 0 0.005
0.601 0.875 0 0.005
0.602 0.504 0 0.005
0.602 0.763 0 0.005
0.602 0.863 0 0.005
0.603 0.24 0 0.005
0.603 0.466 0 0.005
0.603 0.485 0 0.005
0.603 0.574 0 0.005
0.603 0.947 0 0.005
0.608 0.0125 0 0.005
0.609 0.0895 0 0.005
0.604 0.2 0 0.005
0.604 0.213 0 0.005
0.604 0.973 0 0.005
0.605 0.109 0 0.005
0.605 0.408 0 0.005
0.605 0.448 0 0.005
0.605 0.9957317073170732 0 0.005
0.606 0.333 0 0.005
0.6085 0.4295 0 0.005
0.6105 0.628 0 0.005
0.607 0.074 0 0.005
0.607 0.181 0 0.005
0.607 0.53 0 0.005
0.607 0.645 0 0.005
0.607 0.674 0 0.005
0.607 0.686 0 0.005
0.607 0.911 0 0.005
0.608 0.61 0 0.005
0.608 0.791 0 0.005
0.608 0.891 0 0.005
0.609 0.124 0 0.005
0.609 0.268 0 0.005
0.6156666666666666 0.361 0 0.005
0.61 0.029 0 0.005
0.61 0.514 0 0.005
0.61 0.83 0 0.005
0.611 0.754 0 0.005
0.611 0.961 0 0.005
0.6145 0.0505 0 0.005
0.612 0.226 0 0.005
0.612 0.38 0 0.005
0.612 0.393 0 0.005
0.613 0.281 0 0.005
0.613 0.316 0 0.005
0.613 0.566 0 0.005
0.613 0.986 0 0.005
0.619 0.7345 0 0.005
0.614 0.777 0 0.005
0.614 0.816 0 0.005
0.614 0.932 0 0.005
0.615 0.803 0 0.005
0.62 0.8755 0 0.005
0.616 0.256 0 0.005
0.616 0.341 0 0.005
0.616 0.664 0 0.005
0.617 0.00434313725490196 0 0.005
0.617 0.114 0 0.005
0.617 0.147 0 0.005
0.617 0.159 0 0.005
0.621 0.7095 0 0.005
0.617 0.948 0 0.005
0.618 0.3 0 0.005
0.621 0.5025 0 0.005
0.618 0.844 0 0.005
0.619 0.182 0 0.005
0.619 0.194 0 0.005
0.6245 0.4145 0 0.005
0.6265 0.56525 0 0.005
0.619 0.683 0 0.005
0.619 0.856 0 0.005
0.619 0.918 0 0.005
0.62 0.478 0 0.005
0.62 0.789 0 0.005
0.626 0.0715 0 0.005
0.621 0.435 0 0.005
0.621 0.465 0 0.005
0.6303333333333334 0.898 0 0.005
0.621 0.905 0 0.005
0.621 0.972 0 0.005
0.6258564356435644 0.9913316831683169 0 0.005
0.622 0.097 0 0.005
0.627 0.3325 0 0.005
0.622 0.537 0 0.005
0.622 0.652 0 0.005
0.6255 0.824 0 0.005
0.623 0.606 0 0.005
0.623 0.62 0 0.005
0.624 0.042 0 0.005
0.624 0.245 0 0.005
0.624 0.378 0 0.005
0.625 0.135 0 0.005
0.625 0.211 0 0.005
0.625 0.447 0 0.005
0.6305 0.523 0 0.005
0.629 0.7655 0 0.005
0.626 0.013 0 0.005
0.631 0.0325 0 0.005
0.626 0.747 0 0.005
0.627 0.264 0 0.005
0.627 0.803 0 0.005
0.628 0.224 0 0.005
0.628 0.664 0 0.005
0.629 0.0022833333333333334 0 0.005
0.629 0.12 0 0.005
0.629 0.277 0 0.005
0.6345 0.292 0 0.005
0.629 0.4 0 0.005
0.6345 0.053 0 0.005
0.63 0.317 0 0.005
0.631 0.698 0 0.005
0.631 0.843 0 0.005
0.631 0.921 0 0.005
0.631 0.954 0 0.005
0.632 0.158 0 0.005
0.632 0.177 0 0.005
0.632 0.597 0 0.005
0.632 0.682 0 0.005
0.64275 0.20625 0 0.005
0.633 0.462 0 0.005
0.633 0.474 0 0.005
0.633 0.63 0 0.005
0.633 0.883 0 0.005
0.634 0.146 0 0.005
0.6375 0.797 0 0.005
0.64 0.9373333333333334 0 0.005
0.634 0.97 0 0.005
0.635 0.099 0 0.005
0.636 0.243 0 0.005
0.6486666666666666 0.388 0 0.005
0.636 0.44 0 0.005
0.636 0.493 0 0.005
0.637 0.349 0 0.005
0.637 0.514 0 0.005
0.637 0.553 0 0.005
0.6401301775147928 0.007905325443786982 0 0.005
0.638 0.54 0 0.005
0.638 0.649 0 0.005
0.638 0.71 0 0.005
0.638 0.75 0 0.005
0.639 0.023 0 0.005
0.643 0.1345 0 0.005
0.639 0.26 0 0.005
0.6476666666666666 0.3526666666666667 0 0.005
0.639 0.861 0 0.005
0.64 0.111 0 0.005
0.64 0.308 0 0.005
0.64 0.996225352112676 0 0.005
0.6465 0.0835 0 0.005
0.641 0.581 0 0.005
0.641 0.617 0 0.005
0.641 0.73 0 0.005
0.641 0.873 0 0.005
0.642 0.273 0 0.005
0.643 0.416 0 0.005
0.644 0.33 0 0.005
0.644 0.45 0 0.005
0.644 0.663 0 0.005
0.644 0.676 0 0.005
0.644 0.845 0 0.005
0.6486666666666666 0.9813333333333334 0 0.005
0.645 0.166 0 0.005
0.645 0.467 0 0.005
0.6485 0.636 0 0.005
0.645 0.891 0 0.005
0.646 0.063 0 0.005
0.646 0.229 0 0.005
0.6495 0.433 0 0.005
0.647 0.485 0 0.005
0.647 0.561 0 0.005
0.6495 0.7795 0 0.005
0.647 0.814 0 0.005
0.647 0.83 0 0.005
0.648 0.181 0 0.005
0.648 0.243 0 0.005
0.648 0.7 0 0.005
0.648 0.762 0 0.005
0.649 0.102 0 0.005
0.65 0.152 0 0.005
0.65 0.193 0 0.005
0.65 0.368 0 0.005
0.651 0.024 0 0.005
0.651 0.257 0 0.005
0.651 0.285 0 0.005
0.651 0.605 0 0.005
0.651 0.688 0 0.005
0.6565 0.908 0 0.005
0.652 0.011 0 0.005
0.652 0.045 0 0.005
0.652 0.297 0 0.005
0.652 0.317 0 0.005
0.652 0.653 0 0.005
0.652 0.713 0 0.005
0.652 0.959 0 0.005
0.653 0.126 0 0.005
0.653 0.587 0 0.005
0.653 0.748 0 0.005
0.653 0.923 0 0.005
0.654 0.507 0 0.005
0.654 0.878 0 0.005
0.655 0.539 0 0.005
0.658 0.5685 0 0.005
0.655 0.735 0 0.005
0.655 0.865 0 0.005
0.655 0.936 0 0.005
0.656 0.41 0 0.005
0.656 0.527 0 0.005
0.656 0.624 0 0.005
0.656 0.849 0 0.005
0.657 0.46 0 0.005
0.657 0.674 0 0.005
0.659 0.143 0 0.005
0.659 0.173 0 0.005
0.659 0.273 0 0.005
0.66 0.067 0 0.005
0.6655 0.241 0 0.005
0.66 0.801 0 0.005
0.66 0.826 0 0.005
0.66 0.894 0 0.005
0.661 0.225 0 0.005
0.661 0.33 0 0.005
0.661 0.448 0 0.005
0.661 0.764 0 0.005
0.662 0.003763440860215054 0 0.005
0.662 0.033 0 0.005
0.662 0.104 0 0.005
0.662 0.188 0 0.005
0.662 0.975 0 0.005
0.663 0.289 0 0.005
0.6733333333333333 0.4806666666666667 0 0.005
0.663 0.598 0 0.005
0.663 0.777 0 0.005
0.664 0.302 0 0.005
0.668 0.6515 0 0.005
0.665 0.021 0 0.005
0.674 0.05533333333333334 0 0.005
0.665 0.09 0 0.005
0.67 0.1215 0 0.005
0.665 0.314 0 0.005
0.6705 0.3725 0 0.005
0.665 0.498 0 0.005
0.665 0.688 0 0.005
0.665 0.813 0 0.005
0.666 0.157 0 0.005
0.666 0.21 0 0.005
0.666 0.551 0 0.005
0.666 0.585 0 0.005
0.666 0.951 0 0.005
0.67 0.3545 0 0.005
0.667 0.434 0 0.005
0.667 0.617 0 0.005
0.667 0.719 0 0.005
0.667 0.837 0 0.005
0.667 0.939 0 0.005
0.668 0.422 0 0.005
0.668 0.753 0 0.005
0.668 0.853 0 0.005
0.669 0.26 0 0.005
0.6725 0.733 0 0.005
0.669 0.925 0 0.005
0.669 0.993 0 0.005
0.67 0.668 0 0.005
0.67 0.866 0 0.005
0.671 0.272 0 0.005
0.678 0.5063333333333333 0 0.005
0.675 0.7045 0 0.005
0.672 0.176 0 0.005
0.672 0.407 0 0.005
0.672 0.464 0 0.005
0.672 0.902 0 0.005
0.673 0.14 0 0.005
0.673 0.88 0 0.005
0.6795 0.008 0 0.005
0.6785 0.076 0 0.005
0.674 0.105 0 0.005
0.6795 0.203 0 0.005
0.677 0.3295 0 0.005
0.674 0.448 0 0.005
0.6785 0.524 0 0.005
0.674 0.632 0 0.005
0.675 0.284 0 0.005
0.675 0.564 0 0.005
0.679 0.6845 0 0.005
0.675 0.791 0 0.005
0.6833333333333333 0.9526666666666667 0 0.005
0.676 0.037 0 0.005
0.676 0.188 0 0.005
0.676 0.301 0 0.005
0.676 0.541 0 0.005
0.676 0.826 0 0.005
0.677 0.226 0 0.005
0.677 0.382 0 0.005
0.677 0.395 0 0.005
0.677 0.777 0 0.005
0.6835 0.8045 0 0.005
0.679 0.577 0 0.005
0.6845 0.5875 0 0.005
0.679 0.977 0 0.005
0.68 0.611 0 0.005
0.6855 0.895 0 0.005
0.68 0.932 0 0.005
0.681 0.253 0 0.005
0.681 0.913 0 0.005
0.682 0.095 0 0.005
0.682 0.435 0 0.005
0.682 0.553 0 0.005
0.688 0.7745 0 0.005
0.682 0.865 0 0.005
0.6926666666666667 0.121 0 0.005
0.683 0.422 0 0.005
0.683 0.655 0 0.005
0.683 0.9967166666666667 0 0.005
0.684 0.177 0 0.005
0.6895 0.4085 0 0.005
0.6885 0.672 0 0.005
0.685 0.36 0 0.005
0.685 0.852 0 0.005
0.685 0.879 0 0.005
0.686 0.148 0 0.005
0.686 0.237 0 0.005
0.686 0.343 0 0.005
0.687 0.136 0 0.005
0.687 0.161 0 0.005
0.687 0.286 0 0.005
0.688 0.039 0 0.005
0.688 0.193 0 0.005
0.688 0.218 0 0.005
0.688 0.266 0 0.005
0.688 0.314 0 0.005
0.688 0.468 0 0.005
0.688 0.535 0 0.005
0.688 0.84 0 0.005
0.689 0.022 0 0.005
0.692 0.0725 0 0.005
0.689 0.372 0 0.005
0.7015 0.45525 0 0.005
0.689 0.567 0 0.005
0.6945 0.598 0 0.005
0.689 0.728 0 0.005
0.689 0.826 0 0.005
0.69 0.644 0 0.005
0.69 0.745 0 0.005
0.69 0.969 0 0.005
0.691 0.625 0 0.005
0.692 0.709 0 0.005
0.692 0.934 0 0.005
0.693 0.326 0 0.005
0.693 0.921 0 0.005
0.694 0.551 0 0.005
0.694 0.613 0 0.005
0.694 0.696 0 0.005
0.695 0.11 0 0.005
0.696 0.172 0 0.005
0.696 0.245 0 0.005
0.7 0.277 0 0.005
0.696 0.871 0 0.005
0.696 0.991 0 0.005
0.697 0.0022833333333333334 0 0.005
0.697 0.051 0 0.005
0.697 0.389 0 0.005
0.697 0.501 0 0.005
0.703 0.1885 0 0.005
0.698 0.209 0 0.005
0.698 0.851 0 0.005
0.699 0.096 0 0.005
0.699 0.14 0 0.005
0.7073333333333334 0.158 0 0.005
0.699 0.438 0 0.005
0.71125 0.76625 0 0.005
0.699 0.909 0 0.005
0.7 0.314 0 0.005
0.7 0.344 0 0.005
0.7 0.363 0 0.005
0.7 0.53 0 0.005
0.707 0.6663333333333333 0 0.005
0.7055 0.808 0 0.005
0.701 0.039 0 0.005
0.701 0.066 0 0.005
0.701 0.423 0 0.005
0.7076666666666667 0.485 0 0.005
0.701 0.569 0 0.005
0.704 0.6465 0 0.005
0.701 0.956 0 0.005
0.702 0.024 0 0.005
0.702 0.233 0 0.005
0.702 0.302 0 0.005
0.702 0.582 0 0.005
0.702 0.742 0 0.005
0.702 0.823 0 0.005
0.7065 0.889 0 0.005
0.704 0.375 0 0.005
0.704 0.688 0 0.005
0.704 0.79 0 0.005
0.705 0.516 0 0.005
0.705 0.629 0 0.005
0.705 0.706 0 0.005
0.7088402366863905 0.006615384615384615 0 0.005
0.706 0.329 0 0.005
0.706 0.861 0 0.005
0.706 0.939 0 0.005
0.706 0.973 0 0.005
0.707 0.401 0 0.005
0.708 0.617 0 0.005
0.7135 0.717 0 0.005
0.709 0.836 0 0.005
0.709 0.988 0 0.005
0.7135 0.207 0 0.005
0.71 0.547 0 0.005
0.71 0.605 0 0.005
0.71975 0.84525 0 0.005
0.711 0.178 0 0.005
0.7145 0.43 0 0.005
0.711 0.927 0 0.005
0.712 0.102 0 0.005
0.712 0.276 0 0.005
0.712 0.31 0 0.005
0.712 0.504 0 0.005
0.718 0.0415 0 0.005
0.713 0.053 0 0.005
0.7206 0.3468 0 0.005
0.7216666666666667 0.4046666666666667 0 0.005
0.7165 0.531 0 0.005
0.713 0.735 0 0.005
0.716 0.9495 0 0.005
0.714 0.088 0 0.005
0.714 0.257 0 0.005
0.715 0.072 0 0.005
0.715 0.141 0 0.005
0.715 0.565 0 0.005
0.716 0.289 0 0.005
0.7206666666666667 0.5873333333333334 0 0.005
0.7205 0.915 0 0.005
0.717 0.018 0 0.005
0.717 0.119 0 0.005
0.717 0.235 0 0.005
0.717 0.391 0 0.005
0.717 0.65 0 0.005
0.718 0.87 0 0.005
0.719 0.321 0 0.005
0.719 0.693 0 0.005
0.7346 0.7402000000000001 0 0.005
0.719 0.784 0 0.005
0.745 0.9715714285714285 0 0.005
0.721 0.22 0 0.005
0.721 0.443 0 0.005
0.724 0.5105 0 0.005
0.721 0.612 0 0.005
0.721 0.675 0 0.005
0.725 0.4735 0 0.005
0.722 0.89 0 0.005
0.723 0.167 0 0.005
0.723 0.631 0 0.005
0.723 0.82 0 0.005
0.723 0.9967166666666667 0 0.005
0.729 0.1265 0 0.005
0.724 0.455 0 0.005
0.724 0.554 0 0.005
0.725 0.179 0 0.005
0.725 0.191 0 0.005
0.725 0.373 0 0.005
0.725 0.956 0 0.005
0.726 0.095 0 0.005
0.726 0.107 0 0.005
0.726 0.28 0 0.005
0.726 0.306 0 0.005
0.726 0.724 0 0.005
0.727 0.029 0 0.005
0.727 0.259 0 0.005
0.727 0.573 0 0.005
0.7325 0.665 0 0.005
0.727 0.804 0 0.005
0.728 0.006 0 0.005
0.728 0.705 0 0.005
0.729 0.97 0 0.005
0.7376666666666666 0.08266666666666667 0 0.005
0.73 0.211 0 0.005
0.73 0.646 0 0.005
0.73 0.685 0 0.005
0.731 0.6 0 0.005
0.731 0.934 0 0.005
0.732 0.069 0 0.005
0.732 0.24 0 0.005
0.732 0.423 0 0.005
0.732 0.54 0 0.005
0.737 0.7775 0 0.005
0.732 0.874 0 0.005
0.732 0.898 0 0.005
0.733 0.153 0 0.005
0.733 0.444 0 0.005
0.733 0.492 0 0.005
0.733 0.618 0 0.005
0.734 0.057 0 0.005
0.734 0.139 0 0.005
0.741 0.2793333333333333 0 0.005
0.734 0.294 0 0.005
0.735 0.041 0 0.005
0.735 0.167 0 0.005
0.746 0.3546666666666667 0 0.005
0.735 0.886 0 0.005
0.735 0.946 0 0.005
0.7385 0.3855 0 0.005
0.736 0.456 0 0.005
0.7405 0.181 0 0.005
0.737 0.227 0 0.005
0.737 0.47 0 0.005
0.747 0.5203333333333334 0 0.005
0.737 0.76 0 0.005
0.737 0.82 0 0.005
0.737 0.836 0 0.005
0.738 0.014 0 0.005
0.7445 0.3045 0 0.005
0.739 0.802 0 0.005
0.739 0.862 0 0.005
0.739 0.912 0 0.005
0.74 0.433 0 0.005
0.74 0.557 0 0.005
0.74 0.631 0 0.005
0.741 0.103 0 0.005
0.741 0.257 0 0.005
0.741 0.321 0 0.005
0.7465 0.485 0 0.005
0.7465 0.5855 0 0.005
0.742 0.003268292682926829 0 0.005
0.742 0.03 0 0.005
0.742 0.573 0 0.005
0.742 0.609 0 0.005
0.742 0.924 0 0.005
0.748 0.4035 0 0.005
0.743 0.644 0 0.005
0.743 0.656 0 0.005
0.743 0.71 0 0.005
0.743 0.994656862745098 0 0.005
0.744 0.213 0 0.005
0.744 0.333 0 0.005
0.744 0.502 0 0.005
0.7465 0.6875 0 0.005
0.7495 0.247 0 0.005
0.749 0.4405 0 0.005
0.745 0.538 0 0.005
0.745 0.787 0 0.005
0.745 0.846 0 0.005
0.752 0.8923333333333334 0 0.005
0.7485 0.0595 0 0.005
0.7485 0.1315 0 0.005
0.7515 0.154 0 0.005
0.746 0.201 0 0.005
0.746 0.419 0 0.005
0.746 0.961 0 0.005
0.749 0.598 0 0.005
0.7543333333333334 0.808 0 0.005
0.749 0.832 0 0.005
0.749 0.939 0 0.005
0.7576666666666666 0.751 0 0.005
0.75 0.874 0 0.005
0.751 0.114 0 0.005
0.751 0.187 0 0.005
0.751 0.266 0 0.005
0.755 0.7255 0 0.005
0.752 0.456 0 0.005
0.752 0.858 0 0.005
0.752 0.913 0 0.005
0.753 0.087 0 0.005
0.756 0.2315 0 0.005
0.753 0.558 0 0.005
0.754 0.366 0 0.005
0.754 0.617 0 0.005
0.754 0.631 0 0.005
0.755 0.013 0 0.005
0.755 0.381 0 0.005
0.755 0.471 0 0.005
0.755 0.643 0 0.005
0.7575 0.6625 0 0.005
0.756 0.314 0 0.005
0.756 0.9967166666666667 0 0.005
0.76 0.0455 0 0.005
0.757 0.781 0 0.005
0.757 0.843 0 0.005
0.758 0.0027746478873239434 0 0.005
0.758 0.028 0 0.005
0.758 0.203 0 0.005
0.758 0.412 0 0.005
0.77 0.179 0 0.005
0.759 0.424 0 0.005
0.759 0.535 0 0.005
0.76 0.073 0 0.005
0.764 0.0995 0 0.005
0.7665 0.337 0 0.005
0.761 0.707 0 0.005
0.762 0.275 0 0.005
0.762 0.293 0 0.005
0.762 0.769 0 0.005
0.762 0.981 0 0.005
0.763 0.125 0 0.005
0.763 0.576 0 0.005
0.763 0.607 0 0.005
0.76975 0.82225 0 0.005
0.763 0.881 0 0.005
0.767 0.9305 0 0.005
0.764 0.139 0 0.005
0.765 0.214 0 0.005
0.765 0.479 0 0.005
0.7685 0.542 0 0.005
0.766 0.253 0 0.005
0.766 0.68 0 0.005
0.7733333333333333 0.22733333333333333 0 0.005
0.7725 0.37 0 0.005
0.767 0.382 0 0.005
0.767 0.491 0 0.005
0.767 0.504 0 0.005
0.7715 0.639 0 0.005
0.767 0.694 0 0.005
0.7715 0.058 0 0.005
0.7725 0.164 0 0.005
0.768 0.194 0 0.005
0.7725 0.429 0 0.005
0.768 0.454 0 0.005
0.768 0.866 0 0.005
0.769 0.398 0 0.005
0.769 0.782 0 0.005
0.769 0.947 0 0.005
0.77 0.033 0 0.005
0.77 0.561 0 0.005
0.771 0.015 0 0.005
0.775 0.3195 0 0.005
0.7745 0.471 0 0.005
0.771 0.592 0 0.005
0.772 0.721 0 0.005
0.773 0.0027746478873239434 0 0.005
0.773 0.286 0 0.005
0.7797999999999999 0.509 0 0.005
0.773 0.902 0 0.005
0.7803333333333333 0.109 0 0.005
0.774 0.622 0 0.005
0.774 0.849 0 0.005
0.774 0.977 0 0.005
0.775 0.128 0 0.005
0.775 0.147 0 0.005
0.775 0.914 0 0.005
0.775 0.994 0 0.005
0.776 0.204 0 0.005
0.7815 0.296 0 0.005
0.776 0.358 0 0.005
0.776 0.761 0 0.005
0.776 0.884 0 0.005
0.782 0.7965 0 0.005
0.778 0.077 0 0.005
0.778 0.267 0 0.005
0.782 0.4075 0 0.005
0.778 0.705 0 0.005
0.778 0.773 0 0.005
0.779 0.092 0 0.005
0.779 0.577 0 0.005
0.779 0.608 0 0.005
0.779 0.66 0 0.005
0.78 0.041 0 0.005
0.78 0.672 0 0.005
0.78 0.684 0 0.005
0.78 0.959 0 0.005
0.786 0.0685 0 0.005
0.781 0.25 0 0.005
0.7905 0.7375 0 0.005
0.782 0.391 0 0.005
0.782 0.925 0 0.005
0.7916937172774869 0.009706806282722512 0 0.005
0.783 0.029 0 0.005
0.783 0.441 0 0.005
0.784 0.861 0 0.005
0.785 0.139 0 0.005
0.79 0.1585 0 0.005
0.785 0.939 0 0.005
0.786 0.595 0 0.005
0.786 0.825 0 0.005
0.786 0.849 0 0.005
0.786 0.876 0 0.005
0.7905 0.972 0 0.005
0.7916666666666666 0.26966666666666667 0 0.005
0.787 0.307 0 0.005
0.792 0.7885 0 0.005
0.787 0.903 0 0.005
0.788 0.197 0 0.005
0.795 0.35333333333333333 0 0.005
0.788 0.549 0 0.005
0.788 0.812 0 0.005
0.788 0.992 0 0.005
0.789 0.127 0 0.005
0.789 0.343 0 0.005
0.793 0.46266666666666667 0 0.005
0.7935 0.645 0 0.005
0.789 0.758 0 0.005
0.79 0.331 0 0.005
0.79 0.377 0 0.005
0.79 0.425 0 0.005
0.79 0.563 0 0.005
0.7955 0.8395 0 0.005
0.7955 0.18 0 0.005
0.791 0.226 0 0.005
0.791 0.625 0 0.005
0.8016666666666666 0.6883333333333334 0 0.005
0.793 0.248 0 0.005
0.7985 0.6665 0 0.005
0.793 0.77 0 0.005
0.794 0.042 0 0.005
0.794 0.056 0 0.005
0.798 0.5125 0 0.005
0.7995 0.6085 0 0.005
0.795 0.718 0 0.005
0.795 0.955 0 0.005
0.796 0.486 0 0.005
0.7985 0.8815 0 0.005
0.797 0.096 0 0.005
0.797 0.316 0 0.005
0.797 0.388 0 0.005
0.81325 0.40525 0 0.005
0.797 0.442 0 0.005
0.797 0.587 0 0.005
0.798 0.083 0 0.005
0.798 0.212 0 0.005
0.798 0.4 0 0.005
0.80875 0.53575 0 0.005
0.798 0.911 0 0.005
0.8 0.028 0 0.005
0.8 0.12 0 0.005
0.8 0.2 0 0.005
0.8 0.704 0 0.005
0.8 0.864 0 0.005
0.8 0.993 0 0.005
0.801 0.132 0 0.005
0.801 0.752 0 0.005
0.802 0.148 0 0.005
0.806 0.2295 0 0.005
0.8065 0.371 0 0.005
0.8113333333333334 0.5746666666666667 0 0.005
0.802 0.78 0 0.005
0.802 0.823 0 0.005
0.802 0.924 0 0.005
0.809 0.6296666666666666 0 0.005
0.804 0.553 0 0.005
0.805 0.072 0 0.005
0.805 0.246 0 0.005
0.806 0.289 0 0.005
0.8115 0.813 0 0.005
0.807 0.302 0 0.005
0.807 0.33 0 0.005
0.807 0.422 0 0.005
0.808 0.892 0 0.005
0.808 0.94 0 0.005
0.808 0.958 0 0.005
0.808 0.974 0 0.005
0.809 0.041 0 0.005
0.809 0.16 0 0.005
0.8204 0.26339999999999997 0 0.005
0.809 0.444 0 0.005
0.81 0.355 0 0.005
0.8155 0.5985 0 0.005
0.817 0.7206666666666667 0 0.005
0.811 0.018 0 0.005
0.811 0.056 0 0.005
0.811 0.476 0 0.005
0.811 0.496 0 0.005
0.812 0.391 0 0.005
0.812 0.462 0 0.005
0.812 0.704 0 0.005
0.8145 0.8445 0 0.005
0.813 0.104 0 0.005
0.813 0.119 0 0.005
0.813 0.209 0 0.005
0.813 0.343 0 0.005
0.813 0.737 0 0.005
0.813 0.751 0 0.005
0.814 0.179 0 0.005
0.814 0.192 0 0.005
0.814 0.766 0 0.005
0.815 0.089 0 0.005
0.8176666666666667 0.6663333333333333 0 0.005
0.815 0.778 0 0.005
0.816 0.923 0 0.005
0.817 0.147 0 0.005
0.817 0.318 0 0.005
0.821 0.6175 0 0.005
0.817 0.793 0 0.005
0.8195 0.9005 0 0.005
0.818 0.0027746478873239434 0 0.005
0.8256666666666667 0.5023333333333333 0 0.005
0.818 0.984 0 0.005
0.819 0.132 0 0.005
0.819 0.38 0 0.005
0.819 0.415 0 0.005
0.819 0.555 0 0.005
0.82 0.292 0 0.005
0.82 0.644 0 0.005
0.82 0.872 0 0.005
0.8245 0.949 0 0.005
0.824 0.1645 0 0.005
0.821 0.86 0 0.005
0.821 0.967 0 0.005
0.822 0.043 0 0.005
0.822 0.304 0 0.005
0.8255 0.0195 0 0.005
0.823 0.071 0 0.005
0.827 0.6956666666666667 0 0.005
0.823 0.996225352112676 0 0.005
0.824 0.329 0 0.005
0.824 0.435 0 0.005
0.83 0.4623333333333333 0 0.005
0.824 0.933 0 0.005
0.825 0.12 0 0.005
0.825 0.24 0 0.005
0.825 0.351 0 0.005
0.825 0.481 0 0.005
0.8305 0.7395 0 0.005
0.825 0.829 0 0.005
0.826 0.105 0 0.005
0.826 0.364 0 0.005
0.8305 0.19 0 0.005
0.8325 0.5165 0 0.005
0.827 0.801 0 0.005
0.829 0.754 0 0.005
0.829 0.813 0 0.005
0.829 0.844 0 0.005
0.829 0.883 0 0.005
0.8363333333333334 0.07733333333333332 0 0.005
0.83 0.789 0 0.005
0.831 0.059 0 0.005
0.831 0.22 0 0.005
0.832 0.132 0 0.005
0.832 0.566 0 0.005
0.832 0.584 0 0.005
0.833 0.147 0 0.005
0.833 0.6 0 0.005
0.8395 0.618 0 0.005
0.833 0.654 0 0.005
0.833 0.776 0 0.005
0.833 0.857 0 0.005
0.833 0.869 0 0.005
0.8413333333333334 0.051666666666666666 0 0.005
0.834 0.271 0 0.005
0.834 0.548 0 0.005
0.834 0.671 0 0.005
0.8376666666666667 0.917 0 0.005
0.8384240837696335 0.008821989528795812 0 0.005
0.835 0.376 0 0.005
0.8405 0.031 0 0.005
0.836 0.208 0 0.005
0.836 0.301 0 0.005
0.836 0.322 0 0.005
0.836 0.414 0 0.005
0.836 0.436 0 0.005
0.836 0.9957317073170732 0 0.005
0.837 0.286 0 0.005
0.838 0.485 0 0.005
0.842 0.1095 0 0.005
0.839 0.338 0 0.005
0.839 0.53 0 0.005
0.839 0.721 0 0.005
0.8435 0.84 0 0.005
0.839 0.966 0 0.005
0.84 0.091 0 0.005
0.8446666666666667 0.16266666666666665 0 0.005
0.84 0.688 0 0.005
0.84 0.8 0 0.005
0.84 0.983 0 0.005
0.845 0.1915 0 0.005
0.841 0.359 0 0.005
0.842 0.394 0 0.005
0.8455 0.771 0 0.005
0.843 0.227 0 0.005
0.843 0.812 0 0.005
0.8485 0.8265 0 0.005
0.844 0.893 0 0.005
0.8495 0.9285 0 0.005
0.845 0.579 0 0.005
0.8505 0.645 0 0.005
0.8505 0.6575 0 0.005
0.845 0.873 0 0.005
0.845 0.944 0 0.005
0.847 0.381 0 0.005
0.847 0.421 0 0.005
0.847 0.567 0 0.005
0.847 0.595 0 0.005
0.8495 0.7115 0 0.005
0.847 0.956 0 0.005
0.848 0.128 0 0.005
0.848 0.141 0 0.005
0.848 0.409 0 0.005
0.848 0.454 0 0.005
0.848 0.54 0 0.005
0.8535 0.6805 0 0.005
0.848 0.789 0 0.005
0.849 0.208 0 0.005
0.849 0.293 0 0.005
0.849 0.306 0 0.005
0.849 0.472 0 0.005
0.849 0.751 0 0.005
0.85 0.436 0 0.005
0.85 0.859 0 0.005
0.851 0.513 0 0.005
0.851 0.555 0 0.005
0.852 0.0022833333333333334 0 0.005
0.8555 0.025 0 0.005
0.852 0.257 0 0.005
0.852 0.628 0 0.005
0.852 0.731 0 0.005
0.852 0.9967166666666667 0 0.005
0.853 0.339 0 0.005
0.853 0.528 0 0.005
0.8615 0.09775 0 0.005
0.854 0.242 0 0.005
0.854 0.327 0 0.005
0.854 0.392 0 0.005
0.8575 0.8 0 0.005
0.855 0.272 0 0.005
0.855 0.355 0 0.005
0.858 0.4995 0 0.005
0.855 0.987 0 0.005
0.856 0.367 0 0.005
0.856 0.908 0 0.005
0.857 0.119 0 0.005
0.857 0.761 0 0.005
0.8635 0.1645 0 0.005
0.858 0.948 0 0.005
0.863 0.9675 0 0.005
0.859 0.073 0 0.005
0.859 0.617 0 0.005
0.859 0.891 0 0.005
0.86 0.045 0 0.005
0.86 0.145 0 0.005
0.86 0.38 0 0.005
0.86 0.783 0 0.005
0.861 0.224 0 0.005
0.861 0.303 0 0.005
0.8635 0.4805 0 0.005
0.861 0.54 0 0.005
0.861 0.743 0 0.005
0.8716666666666666 0.050666666666666665 0 0.005
0.8675 0.129 0 0.005
0.862 0.196 0 0.005
0.862 0.603 0 0.005
0.862 0.699 0 0.005
0.862 0.815 0 0.005
0.862 0.847 0 0.005
0.863 0.423 0 0.005
0.863 0.453 0 0.005
0.863 0.668 0 0.005
0.863 0.861 0 0.005
0.864 0.00434313725490196 0 0.005
0.864 0.315 0 0.005
0.865 0.347 0 0.005
0.865 0.525 0 0.005
0.865 0.581 0 0.005
0.8705 0.728 0 0.005
0.866 0.246 0 0.005
0.866 0.283 0 0.005
0.866 0.408 0 0.005
0.866 0.438 0 0.005
0.866 0.712 0 0.005
0.866 0.876 0 0.005
0.867 0.263 0 0.005
0.867 0.36 0 0.005
0.867 0.565 0 0.005
0.868 0.181 0 0.005
0.872 0.2165 0 0.005
0.868 0.631 0 0.005
0.868 0.834 0 0.005
0.875 0.975 0 0.005
0.869 0.551 0 0.005
0.869 0.643 0 0.005
0.869 0.656 0 0.005
0.87 0.466 0 0.005
0.87 0.763 0 0.005
0.87 0.934 0 0.005
0.871 0.071 0 0.005
0.871 0.947 0 0.005
0.872 0.03 0 0.005
0.8775 0.153 0 0.005
0.8776666666666666 0.622 0 0.005
0.873 0.33 0 0.005
0.873 0.382 0 0.005
0.873 0.396 0 0.005
0.873 0.921 0 0.005
0.873 0.9957317073170732 0 0.005
0.874 0.236 0 0.005
0.874 0.689 0 0.005
0.874 0.701 0 0.005
0.874 0.744 0 0.005
0.874 0.779 0 0.005
0.8843333333333334 0.7946666666666666 0 0.005
0.875 0.012 0 0.005
0.875 0.2 0 0.005
0.875 0.295 0 0.005
0.875 0.592 0 0.005
0.875 0.823 0 0.005
0.875 0.846 0 0.005
0.876 0.138 0 0.005
0.876 0.369 0 0.005
0.876 0.454 0 0.005
0.876 0.494 0 0.005
0.876 0.532 0 0.005
0.876 0.81 0 0.005
0.876 0.886 0 0.005
0.876 0.906 0 0.005
0.8795 0.0895 0 0.005
0.877 0.253 0 0.005
0.878 0.506 0 0.005
0.879 0.433 0 0.005
0.879 0.568 0 0.005
0.879 0.861 0 0.005
0.88 0.0022833333333333334 0 0.005
0.88 0.111 0 0.005
0.88 0.273 0 0.005
0.88 0.674 0 0.005
0.881 0.342 0 0.005
0.881 0.418 0 0.005
0.881 0.481 0 0.005
0.881 0.653 0 0.005
0.882 0.168 0 0.005
0.882 0.518 0 0.005
0.883 0.064 0 0.005
0.883 0.315 0 0.005
0.883 0.712 0 0.005
0.883 0.834 0 0.005
0.8863333333333334 0.9426666666666667 0 0.005
0.884 0.182 0 0.005
0.884 0.354 0 0.005
0.8896666666666666 0.561 0 0.005
0.884 0.58 0 0.005
0.885 0.031 0 0.005
0.885 0.39 0 0.005
0.885 0.762 0 0.005
0.885 0.877 0 0.005
0.886 0.697 0 0.005
0.887 0.212 0 0.005
0.887 0.242 0 0.005
0.887 0.376 0 0.005
0.887 0.75 0 0.005
0.887 0.919 0 0.005
0.888 0.015 0 0.005
0.888 0.535 0 0.005
0.888 0.608 0 0.005
0.888 0.821 0 0.005
0.888 0.85 0 0.005
0.888 0.992 0 0.005
0.889 0.131 0 0.005
0.8945 0.1965 0 0.005
0.889 0.225 0 0.005
0.889 0.448 0 0.005
0.889 0.907 0 0.005
0.89 0.097 0 0.005
0.8935 0.411 0 0.005
0.8925 0.4705 0 0.005
0.89 0.491 0 0.005
0.89 0.738 0 0.005
0.891 0.683 0 0.005
0.891 0.862 0 0.005
0.892 0.291 0 0.005
0.892 0.431 0 0.005
0.892 0.895 0 0.005
0.893 0.05 0 0.005
0.893 0.257 0 0.005
0.893 0.332 0 0.005
0.898 0.5865 0 0.005
0.893 0.641 0 0.005
0.893 0.653 0 0.005
0.894 0.0027746478873239434 0 0.005
0.894 0.145 0 0.005
0.894 0.507 0 0.005
0.894 0.724 0 0.005
0.897 0.8135 0 0.005
0.895 0.308 0 0.005
0.895 0.52 0 0.005
0.9005 0.7055 0 0.005
0.895 0.778 0 0.005
0.896 0.275 0 0.005
0.9105 0.3466666666666667 0 0.005
0.896 0.665 0 0.005
0.896 0.976 0 0.005
0.897 0.834 0 0.005
0.9043333333333333 0.9303333333333333 0 0.005
0.899 0.173 0 0.005
0.899 0.212 0 0.005
0.899 0.368 0 0.005
0.902 0.3865 0 0.005
0.9 0.034 0 0.005
0.9 0.123 0 0.005
0.9 0.552 0 0.005
0.903 0.6325 0 0.005
0.9 0.758 0 0.005
0.901 0.159 0 0.005
0.901 0.225 0 0.005
0.901 0.443 0 0.005
0.901 0.457 0 0.005
0.905 0.8805 0 0.005
0.902 0.02 0 0.005
0.902 0.078 0 0.005
0.902 0.911 0 0.005
0.903 0.24 0 0.005
0.903 0.324 0 0.005
0.9075 0.535 0 0.005
0.9093333333333333 0.8413333333333334 0 0.005
0.903 0.958 0 0.005
0.904 0.111 0 0.005
0.904 0.612 0 0.005
0.9085 0.425 0 0.005
0.909 0.6855 0 0.005
0.906 0.048 0 0.005
0.906 0.06 0 0.005
0.906 0.098 0 0.005
0.906 0.14 0 0.005
0.906 0.263 0 0.005
0.906 0.299 0 0.005
0.906 0.509 0 0.005
0.906 0.731 0 0.005
0.907 0.994656862745098 0 0.005
0.908 0.006 0 0.005
0.909 0.405 0 0.005
0.909 0.467 0 0.005
0.909 0.487 0 0.005
0.9245 0.3016666666666667 0 0.005
0.91 0.595 0 0.005
0.91 0.717 0 0.005
0.91 0.804 0 0.005
0.911 0.743 0 0.005
0.911 0.786 0 0.005
0.911 0.9 0 0.005
0.9145 0.2135 0 0.005
0.912 0.249 0 0.005
0.912 0.311 0 0.005
0.912 0.37 0 0.005
0.9155 0.4515 0 0.005
0.913 0.817 0 0.005
0.913 0.86 0 0.005
0.914 0.074 0 0.005
0.914 0.157 0 0.005
0.917 0.1865 0 0.005
0.914 0.568 0 0.005
0.914 0.666 0 0.005
0.914 0.762 0 0.005
0.914 0.774 0 0.005
0.914 0.982 0 0.005
0.915 0.039 0 0.005
0.915 0.131 0 0.005
0.915 0.653 0 0.005
0.916 0.114 0 0.005
0.916 0.608 0 0.005
0.916 0.951 0 0.005
0.9225 0.555 0 0.005
0.917 0.58 0 0.005
0.917 0.625 0 0.005
0.918 0.027 0 0.005
0.918 0.092 0 0.005
0.918 0.169 0 0.005
0.918 0.263 0 0.005
0.9233333333333333 0.9343333333333333 0 0.005
0.919 0.145 0 0.005
0.919 0.522 0 0.005
0.919 0.97 0 0.005
0.92 0.435 0 0.005
0.92 0.9967166666666667 0 0.005
0.921 0.395 0 0.005
0.9245 0.508 0 0.005
0.921 0.877 0 0.005
0.922 0.00434313725490196 0 0.005
0.922 0.061 0 0.005
0.922 0.235 0 0.005
0.922 0.279 0 0.005
0.922 0.383 0 0.005
0.922 0.677 0 0.005
0.922 0.699 0 0.005
0.922 0.802 0 0.005
0.935 0.91425 0 0.005
0.92925 0.4695 0 0.005
0.923 0.733 0 0.005
0.924 0.049 0 0.005
0.924 0.248 0 0.005
0.9316666666666666 0.3626666666666667 0 0.005
0.924 0.717 0 0.005
0.924 0.846 0 0.005
0.925 0.422 0 0.005
0.925 0.893 0 0.005
0.929 0.5355 0 0.005
0.929 0.7495 0 0.005
0.926 0.771 0 0.005
0.93 0.9785 0 0.005
0.927 0.134 0 0.005
0.9295 0.1865 0 0.005
0.927 0.205 0 0.005
0.928 0.035 0 0.005
0.928 0.159 0 0.005
0.9335 0.621 0 0.005
0.928 0.787 0 0.005
0.928 0.814 0 0.005
0.928 0.957 0 0.005
0.929 0.122 0 0.005
0.929 0.6 0 0.005
0.929 0.634 0 0.005
0.929 0.646 0 0.005
0.929 0.658 0 0.005
0.93 0.269 0 0.005
0.93 0.584 0 0.005
0.9335 0.0135 0 0.005
0.9365 0.103 0 0.005
0.931 0.147 0 0.005
0.933 0.408 0 0.005
0.933 0.434 0 0.005
0.934 0.222 0 0.005
0.934 0.282 0 0.005
0.935 0.06 0 0.005
0.935 0.074 0 0.005
0.935 0.086 0 0.005
0.935 0.171 0 0.005
0.935 0.24 0 0.005
0.935 0.836 0 0.005
0.935 0.863 0 0.005
0.936 0.046 0 0.005
0.936 0.375 0 0.005
0.936 0.388 0 0.005
0.936 0.446 0 0.005
0.937 0.343 0 0.005
0.937 0.421 0 0.005
0.937 0.728 0 0.005
0.937 0.764 0 0.005
0.937 0.797 0 0.005
0.938 0.547 0 0.005
0.938 0.88 0 0.005
0.938 0.893 0 0.005
0.939 0.133 0 0.005
0.939 0.252 0 0.005
0.9435 0.485 0 0.005
0.9445 0.576 0 0.005
0.9445 0.6865 0 0.005
0.939 0.701 0 0.005
0.939 0.715 0 0.005
0.939 0.935 0 0.005
0.94 0.518 0 0.005
0.94 0.668 0 0.005
0.94 0.991 0 0.005
0.941 0.506 0 0.005
0.9465 0.6545 0 0.005
0.941 0.824 0 0.005
0.941 0.954 0 0.005
0.942 0.03 0 0.005
0.942 0.636 0 0.005
0.9465 0.789 0 0.005
0.942 0.812 0 0.005
0.947 0.1545 0 0.005
0.943 0.207 0 0.005
0.943 0.269 0 0.005
0.944 0.193 0 0.005
0.944 0.399 0 0.005
0.944 0.457 0 0.005
0.944 0.533 0 0.005
0.9575 0.745 0 0.005
0.9553333333333334 0.857 0 0.005
0.946 0.311 0 0.005
0.946 0.332 0 0.005
0.946 0.595 0 0.005
0.947 0.092 0 0.005
0.9515 0.278 0 0.005
0.951 0.0375 0 0.005
0.948 0.172 0 0.005
0.948 0.295 0 0.005
0.948 0.381 0 0.005
0.948 0.614 0 0.005
0.95 0.227 0 0.005
0.95 0.411 0 0.005
0.954 0.5645 0 0.005
0.95 0.764 0 0.005
0.951 0.119 0 0.005
0.951 0.424 0 0.005
0.951 0.544 0 0.005
0.951 0.874 0 0.005
0.951 0.973 0 0.005
0.952 0.019 0 0.005
0.952 0.06 0 0.005
0.9555 0.082 0 0.005
0.9575 0.3515 0 0.005
0.9565 0.64 0 0.005
0.952 0.677 0 0.005
0.952 0.897 0 0.005
0.952 0.945 0 0.005
0.953 0.0027746478873239434 0 0.005
0.953 0.184 0 0.005
0.953 0.251 0 0.005
0.953 0.366 0 0.005
0.953 0.442 0 0.005
0.953 0.498 0 0.005
0.953 0.626 0 0.005
0.9566666666666667 0.7183333333333334 0 0.005
0.9585 0.811 0 0.005
0.9605 0.8395 0 0.005
0.955 0.933 0 0.005
0.956 0.102 0 0.005
0.956 0.208 0 0.005
0.956 0.399 0 0.005
0.956 0.827 0 0.005
0.956 0.99 0 0.005
0.9595 0.4655 0 0.005
0.957 0.775 0 0.005
0.96775 0.123 0 0.005
0.958 0.328 0 0.005
0.958 0.519 0 0.005
0.958 0.531 0 0.005
0.959 0.96 0 0.005
0.961 0.287 0 0.005
0.961 0.312 0 0.005
0.9665 0.6635 0 0.005
0.962 0.918 0 0.005
0.9685 0.195 0 0.005
0.963 0.238 0 0.005
0.963 0.586 0 0.005
0.963 0.79 0 0.005
0.964 0.075 0 0.005
0.964 0.224 0 0.005
0.9706666666666667 0.5463333333333333 0 0.005
0.964 0.607 0 0.005
0.9685 0.699 0 0.005
0.964 0.886 0 0.005
0.964 0.978 0 0.005
0.965 0.008 0 0.005
0.9675 0.0345 0 0.005
0.965 0.063 0 0.005
0.965 0.488 0 0.005
0.965 0.683 0 0.005
0.966 0.178 0 0.005
0.966 0.39 0 0.005
0.967 0.373 0 0.005
0.967 0.41 0 0.005
0.9763333333333334 0.799 0 0.005
0.968 0.43 0 0.005
0.9715 0.453 0 0.005
0.9735 0.621 0 0.005
0.968 0.905 0 0.005
0.969 0.099 0 0.005
0.969 0.166 0 0.005
0.969 0.266 0 0.005
0.973 0.6435 0 0.005
0.969 0.766 0 0.005
0.97 0.152 0 0.005
0.97 0.3 0 0.005
0.9730995260663506 0.9891516587677724 0 0.005
0.971 0.361 0 0.005
0.971 0.5 0 0.005
0.971 0.519 0 0.005
0.971 0.932 0 0.005
0.971 0.951 0 0.005
0.973 0.211 0 0.005
0.973 0.315 0 0.005
0.973 0.734 0 0.005
0.973 0.85 0 0.005
0.974 0.779 0 0.005
0.974 0.969 0 0.005
0.975 0.134 0 0.005
0.975 0.577 0 0.005
0.975 0.717 0 0.005
0.976 0.05 0 0.005
0.976 0.23 0 0.005
0.976 0.251 0 0.005
0.976 0.286 0 0.005
0.976 0.339 0 0.005
0.9795 0.595 0 0.005
0.98456330749354 0.07631007751937985 0 0.005
0.9805 0.478 0 0.005
0.978 0.018 0 0.005
0.978 0.565 0 0.005
0.979 0.687 0 0.005
0.979 0.912 0 0.005
0.98 0.838 0 0.005
0.9855 0.9005 0 0.005
0.981 0.325 0 0.005
0.981 0.387 0 0.005
0.981 0.415 0 0.005
0.9865 0.441 0 0.005
0.981 0.763 0 0.005
0.981 0.813 0 0.005
0.981 0.874 0 0.005
0.982 0.006 0 0.005
0.982 0.037 0 0.005
0.982 0.095 0 0.005
0.982 0.551 0 0.005
0.982 0.674 0 0.005
0.982 0.826 0 0.005
0.982 0.941 0 0.005
0.982 0.9952365591397849 0 0.005
0.983 0.497 0 0.005
0.9875 0.747 0 0.005
0.983 0.886 0 0.005
0.9891516587677724 0.18341706161137442 0 0.005
0.984 0.509 0 0.005
0.984 0.862 0 0.005
0.9901848341232228 0.350132701421801 0 0.005
0.986 0.313 0 0.005
0.99 0.3945 0 0.005
0.9906654676258992 0.9631546762589929 0 0.005
0.9909514066496163 0.21009462915601024 0 0.005
0.990638888888889 0.28097222222222223 0 0.005
0.987 0.456 0 0.005
0.987 0.781 0 0.005
0.991094674556213 0.13077514792899408 0 0.005
0.9926125 0.16082083333333333 0 0.005
0.988 0.656 0 0.005
0.990273381294964 0.7052158273381296 0 0.005
0.988 0.728 0 0.005
0.989 0.026 0 0.005
0.989 0.146 0 0.005
0.989 0.258 0 0.005
0.9917396449704142 0.3735147928994083 0 0.005
0.989 0.521 0 0.005
0.99 0.048 0 0.005
0.9924555555555555 0.11345000000000001 0 0.005
0.99 0.234 0 0.005
0.9923846153846153 0.5731597633136094 0 0.005
0.9930611111111112 0.4240555555555555 0 0.005
0.991 0.915 0 0.005
0.991 0.93 0 0.005
0.993 0.3 0 0.005
0.993 0.617 0 0.005
0.993 0.634 0 0.005
0.993 0.763 0 0.005
0.9942722222222222 0.8726611111111111 0 0.005
0.994 0.555 0 0.005
0.994 0.9967166666666667 0 0.005
0.994656862745098 0.811 0 0.005
0.994656862745098 0.849 0 0.005
0.9952365591397849 0.48 0 0.005
0.9952365591397849 0.835 0 0.005
0.9952365591397849 0.987 0 0.005
0.9957317073170732 0.065 0 0.005
0.9957317073170732 0.096 0 0.005
0.9957317073170732 0.246 0 0.005
0.9957317073170732 0.492 0 0.005
0.9957317073170732 0.533 0 0.005
0.9957317073170732 0.592 0 0.005
0.9957317073170732 0.665 0 0.005
0.9962051282051282 0.0023333333333333335 0 0.005
0.996225352112676 0.504 0 0.005
0.996225352112676 0.604 0 0.005
0.996225352112676 0.648 0 0.005
0.996225352112676 0.719 0 0.005
0.996225352112676 0.974 0 0.005
0.9967166666666667 0.018 0 0.005
0.9967166666666667 0.039 0 0.005
0.9967166666666667 0.27 0 0.005
0.9967166666666667 0.315 0 0.005
0.9967166666666667 0.404 0 0.005
0.9967166666666667 0.458 0 0.005
0.9967166666666667 0.677 0 0.005
0.9967166666666667 0.691 0 0.005
0.9967166666666667 0.781 0 0.005
0.9967166666666667 0.798 0 0.005
0.9967166666666667 0.823 0 0.005
0.9967166666666667 0.89 0 0.005
