0.0003333333333333333 0.0003333333333333333 0 0.005
0.0 0.017 0 0.005
0.0022291666666666666 0.09 0 0.005
0.0004166666666666667 0.12 0 0.005
0.0008095238095238096 0.141 0 0.005
0.0 0.151 0 0.005
0.0033125 0.182 0 0.005
0.0 0.195 0 0.005
0.0017435897435897436 0.252 0 0.005
0.004 0.278 0 0.005
0.0033125 0.29 0 0.005
0.0004166666666666667 0.305 0 0.005
0.0 0.318 0 0.005
0.0012666666666666666 0.33 0 0.005
0.0008095238095238096 0.34 0 0.005
0.0012666666666666666 0.354 0 0.005
0.0 0.375 0 0.005
0.0033125 0.406 0 0.005
0.0012666666666666666 0.441 0 0.005
0.0022291666666666666 0.465 0 0.005
0.0008095238095238096 0.478 0 0.005
0.0004166666666666667 0.52 0 0.005
0.004 0.546 0 0.005
0.0012666666666666666 0.572 0 0.005
0.0 0.607 0 0.005
0.0008095238095238096 0.632 0 0.005
0.0004166666666666667 0.649 0 0.005
0.004 0.717 0 0.005
0.0 0.725 0 0.005
0.0012666666666666666 0.744 0 0.005
0.0 0.78 0 0.005
0.0012666666666666666 0.806 0 0.005
0.0 0.816 0 0.005
0.0 0.846 0 0.005
0.0012666666666666666 0.857 0 0.005
0.0017435897435897436 0.889 0 0.005
0.002719298245614035 0.926 0 0.005
0.0017435897435897436 0.951 0 0.005
0.0033125 0.973 0 0.005
0.005 0.006 0 0.005
0.005 0.024 0 0.005
0.005 0.508 0 0.005
0.005 0.534 0 0.005
0.005 0.556 0 0.005
0.005 0.682 0 0.005
0.005 0.769 0 0.005
0.005 0.822 0 0.005
0.006 0.046 0 0.005
0.006 0.059 0 0.005
0.006 0.107 0 0.005
0.006 0.914 0 0.005
0.007 0.072 0 0.005
0.007 0.373 0 0.005
0.007 0.578 0 0.005
0.007 0.601 0 0.005
0.007 0.619 0 0.005
0.005 0.999 0 0.005
0.008 0.141 0 0.005
0.008 0.523 0 0.005
0.008 0.653 0 0.005
0.009 0.44 0 0.005
0.009 0.695 0 0.005
0.009 0.799 0 0.005
0.01 0.13 0 0.005
0.01 0.209 0 0.005
0.01 0.224 0 0.005
0.01 0.353 0 0.005
0.01 0.415 0 0.005
0.01 0.46 0 0.005
0.01 0.48 0 0.005
0.01 0.733 0 0.005
0.01 0.935 0 0.005
0.01 0.948 0 0.005
0.011 0.158 0 0.005
0.011 0.244 0 0.005
0.011 0.262 0 0.005
0.011 0.39 0 0.005
0.011 0.811 0 0.005
0.011 0.985 0 0.005
0.011 0.0004166666666666667 0 0.005
0.012 0.313 0 0.005
0.012 0.326 0 0.005
0.012 0.364 0 0.005
0.012 0.426 0 0.005
0.012 0.76 0 0.005
0.012 0.878 0 0.005
0.013 0.293 0 0.005
0.013 0.47 0 0.005
0.013 0.563 0 0.005
0.013 0.675 0 0.005
0.014 0.098 0 0.005
0.014 0.499 0 0.005
0.014 0.543 0 0.005
0.014 0.849 0 0.005
0.015 0.028 0 0.005
0.015 0.632 0 0.005
0.015 0.776 0 0.005
0.015 0.865 0 0.005
0.015 0.969 0 0.005
0.016 0.119 0 0.005
0.016 0.337 0 0.005
0.016 0.925 0 0.005
0.017 0.283 0 0.005
0.017 0.688 0 0.005
0.018 0.198 0 0.005
0.018 0.725 0 0.005
0.018 0.912 0 0.005
0.018 0.942 0 0.005
0.019 0.489 0 0.005
0.019 0.583 0 0.005
0.02 0.255 0 0.005
0.02 0.654 0 0.005
0.02 0.713 0 0.005
0.02 0.894 0 0.005
0.021 0.037 0 0.005
0.021 0.4 0 0.005
0.021 0.622 0 0.005
0.021 0.81 0 0.005
0.021 0.958 0 0.005
0.022 0.168 0 0.005
0.022 0.442 0 0.005
0.022 0.452 0 0.005
0.023 0.015 0 0.005
0.023 0.083 0 0.005
0.023 0.222 0 0.005
0.023 0.366 0 0.005
0.023 0.529 0 0.005
0.023 0.799 0 0.005
0.024 0.32 0 0.005
0.024 0.604 0 0.005
0.024 0.754 0 0.005
0.024 0.826 0 0.005
0.025 0.062 0 0.005
0.025 0.235 0 0.005
0.025 0.353 0 0.005
0.025 0.695 0 0.005
0.025 0.849 0 0.005
0.026 0.12 0 0.005
0.026 0.18 0 0.005
0.026 0.639 0 0.005
0.026 0.775 0 0.005
0.026 0.979 0 0.005
0.027 0.152 0 0.005
0.027 0.507 0 0.005
0.028 0.565 0 0.005
0.028 0.735 0 0.005
0.028 0.79 0 0.005
0.029 0.918 0 0.005
0.029 0.952 0 0.005
0.029 0.9977333333333334 0 0.005
0.03 0.026 0 0.005
0.03 0.417 0 0.005
0.03 0.668 0 0.005
0.03 0.684 0 0.005
0.03 0.724 0 0.005
0.03 0.84 0 0.005
0.03 0.884 0 0.005
0.031 0.043 0 0.005
0.031 0.102 0 0.005
0.032 0.17 0 0.005
0.032 0.263 0 0.005
0.032 0.587 0 0.005
0.032 0.819 0 0.005
0.033 0.005 0 0.005
0.033 0.078 0 0.005
0.033 0.473 0 0.005
0.033 0.749 0 0.005
0.034 0.207 0 0.005
0.034 0.389 0 0.005
0.034 0.555 0 0.005
0.034 0.6 0 0.005
0.034 0.896 0 0.005
0.035 0.19 0 0.005
0.035 0.218 0 0.005
0.035 0.251 0 0.005
0.035 0.46 0 0.005
0.035 0.657 0 0.005
0.035 0.693 0 0.005
0.035 0.8 0 0.005
0.036 0.157 0 0.005
0.036 0.288 0 0.005
0.036 0.308 0 0.005
0.036 0.848 0 0.005
0.036 0.931 0 0.005
0.037 0.113 0 0.005
0.037 0.125 0 0.005
0.037 0.441 0 0.005
0.037 0.493 0 0.005
0.037 0.769 0 0.005
0.037 0.862 0 0.005
0.037 0.968 0 0.005
0.038 0.37 0 0.005
0.038 0.62 0 0.005
0.038 0.63 0 0.005
0.038 0.872 0 0.005
0.039 0.032 0 0.005
0.039 0.349 0 0.005
0.039 0.544 0 0.005
0.039 0.988 0 0.005
0.039 0.9977333333333334 0 0.005
0.04 0.509 0 0.005
0.041 0.827 0 0.005
0.042 0.18 0 0.005
0.042 0.428 0 0.005
0.042 0.887 0 0.005
0.043 0.704 0 0.005
0.044 0.062 0 0.005
0.044 0.36 0 0.005
0.044 0.757 0 0.005
0.044 0.807 0 0.005
0.044 0.976 0 0.005
0.045 0.107 0 0.005
0.045 0.148 0 0.005
0.045 0.64 0 0.005
0.045 0.685 0 0.005
0.045 0.906 0 0.005
0.046 0.216 0 0.005
0.046 0.226 0 0.005
0.046 0.301 0 0.005
0.046 0.605 0 0.005
0.047 0.328 0 0.005
0.047 0.385 0 0.005
0.047 0.417 0 0.005
0.047 0.461 0 0.005
0.047 0.582 0 0.005
0.047 0.721 0 0.005
0.047 0.926 0 0.005
0.048 0.016 0 0.005
0.048 0.169 0 0.005
0.048 0.592 0 0.005
0.049 0.339 0 0.005
0.049 0.481 0 0.005
0.049 0.497 0 0.005
0.049 0.527 0 0.005
0.049 0.561 0 0.005
0.049 0.785 0 0.005
0.049 0.841 0 0.005
0.05 0.27 0 0.005
0.05 0.445 0 0.005
0.05 0.471 0 0.005
0.05 0.987 0 0.005
0.051 0.124 0 0.005
0.051 0.236 0 0.005
0.051 0.655 0 0.005
0.052 0.076 0 0.005
0.052 0.204 0 0.005
0.052 0.614 0 0.005
0.052 0.863 0 0.005
0.052 0.968 0 0.005
0.053 0.042 0 0.005
0.053 0.246 0 0.005
0.053 0.799 0 0.005
0.054 0.284 0 0.005
0.054 0.405 0 0.005
0.054 0.674 0 0.005
0.054 0.738 0 0.005
0.054 0.9977333333333334 0 0.005
0.055 0.256 0 0.005
0.055 0.636 0 0.005
0.055 0.687 0 0.005
0.055 0.827 0 0.005
0.055 0.874 0 0.005
0.056 0.065 0 0.005
0.056 0.192 0 0.005
0.056 0.314 0 0.005
0.056 0.423 0 0.005
0.056 0.918 0 0.005
0.056 0.949 0 0.005
0.057 0.116 0 0.005
0.057 0.455 0 0.005
0.057 0.551 0 0.005
0.057 0.748 0 0.005
0.057 0.934 0 0.005
0.058 0.024 0 0.005
0.058 0.369 0 0.005
0.058 0.888 0 0.005
0.058 0.976 0 0.005
0.059 0.012 0 0.005
0.059 0.212 0 0.005
0.059 0.222 0 0.005
0.06 0.47 0 0.005
0.06 0.533 0 0.005
0.06 0.568 0 0.005
0.06 0.589 0 0.005
0.06 0.646 0 0.005
0.06 0.719 0 0.005
0.06 0.73 0 0.005
0.06 0.766 0 0.005
0.061 0.053 0 0.005
0.061 0.141 0 0.005
0.061 0.276 0 0.005
0.061 0.502 0 0.005
0.061 0.657 0 0.005
0.061 0.903 0 0.005
0.062 0.106 0 0.005
0.062 0.264 0 0.005
0.062 0.0004166666666666667 0 0.005
0.063 0.166 0 0.005
0.063 0.304 0 0.005
0.064 0.074 0 0.005
0.064 0.095 0 0.005
0.064 0.287 0 0.005
0.064 0.385 0 0.005
0.064 0.48 0 0.005
0.064 0.851 0 0.005
0.065 0.237 0 0.005
0.065 0.807 0 0.005
0.066 0.333 0 0.005
0.066 0.436 0 0.005
0.066 0.541 0 0.005
0.066 0.617 0 0.005
0.066 0.88 0 0.005
0.066 0.952 0 0.005
0.066 0.966 0 0.005
0.067 0.039 0 0.005
0.067 0.129 0 0.005
0.067 0.355 0 0.005
0.067 0.413 0 0.005
0.067 0.676 0 0.005
0.068 0.217 0 0.005
0.068 0.462 0 0.005
0.068 0.633 0 0.005
0.068 0.777 0 0.005
0.068 0.988 0 0.005
0.069 0.365 0 0.005
0.069 0.424 0 0.005
0.069 0.742 0 0.005
0.069 0.789 0 0.005
0.07 0.061 0 0.005
0.07 0.528 0 0.005
0.07 0.818 0 0.005
0.07 0.843 0 0.005
0.071 0.156 0 0.005
0.071 0.177 0 0.005
0.071 0.197 0 0.005
0.071 0.321 0 0.005
0.071 0.665 0 0.005
0.071 0.732 0 0.005
0.071 0.799 0 0.005
0.071 0.833 0 0.005
0.072 0.013 0 0.005
0.072 0.109 0 0.005
0.072 0.269 0 0.005
0.072 0.446 0 0.005
0.072 0.516 0 0.005
0.072 0.607 0 0.005
0.072 0.925 0 0.005
0.073 0.377 0 0.005
0.073 0.692 0 0.005
0.073 0.858 0 0.005
0.073 0.899 0 0.005
0.073 0.94 0 0.005
0.074 0.249 0 0.005
0.074 0.761 0 0.005
0.075 0.092 0 0.005
0.075 0.288 0 0.005
0.075 0.396 0 0.005
0.075 0.49 0 0.005
0.075 0.704 0 0.005
0.075 0.888 0 0.005
0.076 0.5 0 0.005
0.076 0.617 0 0.005
0.076 0.9977333333333334 0 0.005
0.075 0.0 0 0.005
0.077 0.652 0 0.005
0.077 0.717 0 0.005
0.077 0.871 0 0.005
0.077 0.915 0 0.005
0.078 0.223 0 0.005
0.078 0.259 0 0.005
0.078 0.98 0 0.005
0.079 0.027 0 0.005
0.079 0.142 0 0.005
0.079 0.641 0 0.005
0.079 0.745 0 0.005
0.079 0.775 0 0.005
0.079 0.827 0 0.005
0.08 0.468 0 0.005
0.08 0.533 0 0.005
0.081 0.24 0 0.005
0.081 0.428 0 0.005
0.081 0.682 0 0.005
0.082 0.181 0 0.005
0.082 0.306 0 0.005
0.082 0.319 0 0.005
0.082 0.517 0 0.005
0.082 0.549 0 0.005
0.082 0.574 0 0.005
0.082 0.843 0 0.005
0.082 0.949 0 0.005
0.083 0.058 0 0.005
0.083 0.072 0 0.005
0.083 0.117 0 0.005
0.083 0.157 0 0.005
0.083 0.361 0 0.005
0.083 0.854 0 0.005
0.083 0.936 0 0.005
0.084 0.102 0 0.005
0.084 0.2 0 0.005
0.084 0.385 0 0.005
0.084 0.564 0 0.005
0.085 0.669 0 0.005
0.085 0.801 0 0.005
0.086 0.762 0 0.005
0.086 0.887 0 0.005
0.087 0.037 0 0.005
0.087 0.232 0 0.005
0.087 0.494 0 0.005
0.087 0.618 0 0.005
0.087 0.698 0 0.005
0.088 0.276 0 0.005
0.088 0.441 0 0.005
0.088 0.508 0 0.005
0.088 0.786 0 0.005
0.089 0.144 0 0.005
0.089 0.289 0 0.005
0.09 0.01 0 0.005
0.09 0.249 0 0.005
0.09 0.468 0 0.005
0.09 0.642 0 0.005
0.09 0.711 0 0.005
0.091 0.483 0 0.005
0.091 0.827 0 0.005
0.091 0.954 0 0.005
0.092 0.051 0 0.005
0.092 0.167 0 0.005
0.092 0.345 0 0.005
0.092 0.738 0 0.005
0.092 0.773 0 0.005
0.093 0.066 0 0.005
0.093 0.19 0 0.005
0.093 0.217 0 0.005
0.093 0.307 0 0.005
0.093 0.57 0 0.005
0.093 0.752 0 0.005
0.093 0.903 0 0.005
0.094 0.201 0 0.005
0.094 0.428 0 0.005
0.094 0.986 0 0.005
0.093 0.0 0 0.005
0.095 0.603 0 0.005
0.096 0.025 0 0.005
0.096 0.404 0 0.005
0.096 0.527 0 0.005
0.096 0.584 0 0.005
0.096 0.801 0 0.005
0.096 0.863 0 0.005
0.096 0.932 0 0.005
0.097 0.099 0 0.005
0.097 0.129 0 0.005
0.097 0.156 0 0.005
0.097 0.681 0 0.005
0.097 0.699 0 0.005
0.097 0.916 0 0.005
0.098 0.079 0 0.005
0.098 0.118 0 0.005
0.098 0.32 0 0.005
0.098 0.334 0 0.005
0.098 0.417 0 0.005
0.098 0.457 0 0.005
0.098 0.554 0 0.005
0.098 0.626 0 0.005
0.098 0.66 0 0.005
0.098 0.837 0 0.005
0.098 0.946 0 0.005
0.099 0.141 0 0.005
0.1 0.279 0 0.005
0.1 0.299 0 0.005
0.1 0.766 0 0.005
0.1 0.779 0 0.005
0.1 0.847 0 0.005
0.101 0.007 0 0.005
0.101 0.18 0 0.005
0.101 0.231 0 0.005
0.101 0.267 0 0.005
0.101 0.38 0 0.005
0.101 0.539 0 0.005
0.101 0.81 0 0.005
0.101 0.962 0 0.005
0.102 0.362 0 0.005
0.102 0.898 0 0.005
0.103 0.35 0 0.005
0.104 0.473 0 0.005
0.104 0.595 0 0.005
0.104 0.721 0 0.005
0.104 0.754 0 0.005
0.105 0.11 0 0.005
0.105 0.522 0 0.005
0.105 0.826 0 0.005
0.106 0.035 0 0.005
0.106 0.643 0 0.005
0.107 0.258 0 0.005
0.107 0.696 0 0.005
0.107 0.737 0 0.005
0.108 0.075 0 0.005
0.108 0.414 0 0.005
0.108 0.505 0 0.005
0.108 0.685 0 0.005
0.108 0.855 0 0.005
0.109 0.334 0 0.005
0.109 0.675 0 0.005
0.109 0.978 0 0.005
0.11 0.053 0 0.005
0.11 0.159 0 0.005
0.11 0.309 0 0.005
0.11 0.319 0 0.005
0.11 0.385 0 0.005
0.11 0.486 0 0.005
0.11 0.623 0 0.005
0.11 0.785 0 0.005
0.11 0.919 0 0.005
0.111 0.019 0 0.005
0.111 0.435 0 0.005
0.111 0.556 0 0.005
0.111 0.867 0 0.005
0.111 0.877 0 0.005
0.112 0.098 0 0.005
0.112 0.612 0 0.005
0.112 0.661 0 0.005
0.113 0.225 0 0.005
0.113 0.287 0 0.005
0.113 0.586 0 0.005
0.113 0.727 0 0.005
0.113 0.9977333333333334 0 0.005
0.114 0.138 0 0.005
0.114 0.456 0 0.005
0.114 0.546 0 0.005
0.114 0.77 0 0.005
0.114 0.839 0 0.005
0.114 0.905 0 0.005
0.115 0.15 0 0.005
0.115 0.948 0 0.005
0.116 0.274 0 0.005
0.116 0.373 0 0.005
0.116 0.742 0 0.005
0.116 0.893 0 0.005
0.117 0.196 0 0.005
0.117 0.241 0 0.005
0.117 0.85 0 0.005
0.118 0.259 0 0.005
0.118 0.567 0 0.005
0.119 0.0033125 0 0.005
0.119 0.029 0 0.005
0.119 0.349 0 0.005
0.119 0.645 0 0.005
0.12 0.21 0 0.005
0.12 0.494 0 0.005
0.12 0.605 0 0.005
0.12 0.627 0 0.005
0.12 0.674 0 0.005
0.12 0.707 0 0.005
0.12 0.787 0 0.005
0.121 0.048 0 0.005
0.121 0.184 0 0.005
0.121 0.467 0 0.005
0.121 0.938 0 0.005
0.122 0.127 0 0.005
0.122 0.531 0 0.005
0.122 0.756 0 0.005
0.122 0.878 0 0.005
0.122 0.983 0 0.005
0.123 0.297 0 0.005
0.123 0.426 0 0.005
0.123 0.51 0 0.005
0.123 0.657 0 0.005
0.123 0.858 0 0.005
0.123 0.9967708333333334 0 0.005
0.124 0.115 0 0.005
0.124 0.364 0 0.005
0.124 0.73 0 0.005
0.124 0.771 0 0.005
0.124 0.907 0 0.005
0.125 0.576 0 0.005
0.125 0.83 0 0.005
0.126 0.038 0 0.005
0.126 0.269 0 0.005
0.126 0.284 0 0.005
0.126 0.4 0 0.005
0.126 0.688 0 0.005
0.127 0.224 0 0.005
0.127 0.313 0 0.005
0.127 0.548 0 0.005
0.127 0.813 0 0.005
0.127 0.973 0 0.005
0.128 0.157 0 0.005
0.128 0.175 0 0.005
0.128 0.566 0 0.005
0.128 0.589 0 0.005
0.128 0.611 0 0.005
0.128 0.895 0 0.005
0.129 0.008 0 0.005
0.129 0.145 0 0.005
0.129 0.243 0 0.005
0.129 0.379 0 0.005
0.129 0.474 0 0.005
0.129 0.634 0 0.005
0.129 0.803 0 0.005
0.13 0.023 0 0.005
0.13 0.09 0 0.005
0.13 0.103 0 0.005
0.13 0.254 0 0.005
0.13 0.327 0 0.005
0.13 0.342 0 0.005
0.13 0.355 0 0.005
0.13 0.601 0 0.005
0.13 0.929 0 0.005
0.131 0.418 0 0.005
0.131 0.716 0 0.005
0.131 0.74 0 0.005
0.131 0.78 0 0.005
0.132 0.914 0 0.005
0.132 0.948 0 0.005
0.133 0.439 0 0.005
0.134 0.064 0 0.005
0.135 0.123 0 0.005
0.135 0.188 0 0.005
0.135 0.556 0 0.005
0.136 0.037 0 0.005
0.136 0.295 0 0.005
0.136 0.306 0 0.005
0.136 0.495 0 0.005
0.136 0.535 0 0.005
0.136 0.849 0 0.005
0.136 0.958 0 0.005
0.137 0.167 0 0.005
0.137 0.225 0 0.005
0.137 0.37 0 0.005
0.137 0.649 0 0.005
0.138 0.157 0 0.005
0.138 0.761 0 0.005
0.139 0.204 0 0.005
0.139 0.265 0 0.005
0.139 0.522 0 0.005
0.139 0.586 0 0.005
0.139 0.66 0 0.005
0.139 0.676 0 0.005
0.139 0.751 0 0.005
0.139 0.815 0 0.005
0.14 0.449 0 0.005
0.14 0.481 0 0.005
0.14 0.883 0 0.005
0.14 0.939 0 0.005
0.141 0.08 0 0.005
0.141 0.391 0 0.005
0.141 0.544 0 0.005
0.141 0.638 0 0.005
0.141 0.71 0 0.005
0.141 0.873 0 0.005
0.141 0.901 0 0.005
0.142 0.409 0 0.005
0.142 0.916 0 0.005
0.143 0.052 0 0.005
0.143 0.097 0 0.005
0.143 0.282 0 0.005
0.143 0.334 0 0.005
0.143 0.609 0 0.005
0.143 0.727 0 0.005
0.143 0.795 0 0.005
0.143 0.969 0 0.005
0.144 0.006 0 0.005
0.144 0.176 0 0.005
0.144 0.322 0 0.005
0.144 0.353 0 0.005
0.144 0.434 0 0.005
0.144 0.828 0 0.005
0.145 0.02 0 0.005
0.146 0.232 0 0.005
0.146 0.459 0 0.005
0.146 0.777 0 0.005
0.146 0.986 0 0.005
0.147 0.066 0 0.005
0.147 0.192 0 0.005
0.147 0.695 0 0.005
0.147 0.742 0 0.005
0.148 0.252 0 0.005
0.148 0.305 0 0.005
0.148 0.475 0 0.005
0.148 0.958 0 0.005
0.148 0.996280701754386 0 0.005
0.149 0.111 0 0.005
0.149 0.646 0 0.005
0.15 0.214 0 0.005
0.15 0.385 0 0.005
0.15 0.505 0 0.005
0.15 0.565 0 0.005
0.15 0.839 0 0.005
0.151 0.121 0 0.005
0.151 0.548 0 0.005
0.151 0.592 0 0.005
0.15 0.0 0 0.005
0.152 0.292 0 0.005
0.152 0.575 0 0.005
0.153 0.137 0 0.005
0.153 0.148 0 0.005
0.153 0.263 0 0.005
0.153 0.439 0 0.005
0.153 0.492 0 0.005
0.153 0.611 0 0.005
0.154 0.16 0 0.005
0.154 0.362 0 0.005
0.154 0.42 0 0.005
0.154 0.711 0 0.005
0.154 0.761 0 0.005
0.154 0.791 0 0.005
0.154 0.859 0 0.005
0.154 0.933 0 0.005
0.154 0.944 0 0.005
0.155 0.397 0 0.005
0.156 0.557 0 0.005
0.157 0.04 0 0.005
0.157 0.245 0 0.005
0.157 0.804 0 0.005
0.158 0.375 0 0.005
0.159 0.953 0 0.005
0.16 0.092 0 0.005
0.16 0.285 0 0.005
0.16 0.337 0 0.005
0.16 0.431 0 0.005
0.16 0.457 0 0.005
0.16 0.623 0 0.005
0.16 0.72 0 0.005
0.16 0.922 0 0.005
0.161 0.224 0 0.005
0.161 0.486 0 0.005
0.161 0.525 0 0.005
0.162 0.35 0 0.005
0.162 0.579 0 0.005
0.162 0.825 0 0.005
0.163 0.265 0 0.005
0.163 0.507 0 0.005
0.163 0.565 0 0.005
0.163 0.813 0 0.005
0.163 0.866 0 0.005
0.163 0.882 0 0.005
0.163 0.968 0 0.005
0.164 0.153 0 0.005
0.164 0.198 0 0.005
0.164 0.662 0 0.005
0.164 0.681 0 0.005
0.164 0.763 0 0.005
0.163 0.0 0 0.005
0.165 0.102 0 0.005
0.165 0.133 0 0.005
0.165 0.253 0 0.005
0.165 0.472 0 0.005
0.165 0.599 0 0.005
0.165 0.695 0 0.005
0.165 0.987 0 0.005
0.166 0.033 0 0.005
0.166 0.045 0 0.005
0.166 0.057 0 0.005
0.166 0.18 0 0.005
0.166 0.317 0 0.005
0.166 0.441 0 0.005
0.166 0.535 0 0.005
0.166 0.632 0 0.005
0.166 0.747 0 0.005
0.166 0.799 0 0.005
0.166 0.91 0 0.005
0.167 0.009 0 0.005
0.167 0.023 0 0.005
0.167 0.079 0 0.005
0.167 0.392 0 0.005
0.167 0.412 0 0.005
0.167 0.734 0 0.005
0.167 0.85 0 0.005
0.168 0.306 0 0.005
0.168 0.785 0 0.005
0.17 0.588 0 0.005
0.171 0.211 0 0.005
0.171 0.358 0 0.005
0.171 0.621 0 0.005
0.172 0.172 0 0.005
0.172 0.271 0 0.005
0.172 0.369 0 0.005
0.172 0.403 0 0.005
0.172 0.674 0 0.005
0.172 0.948 0 0.005
0.173 0.522 0 0.005
0.173 0.652 0 0.005
0.173 0.874 0 0.005
0.174 0.089 0 0.005
0.174 0.115 0 0.005
0.174 0.296 0 0.005
0.174 0.896 0 0.005
0.174 0.927 0 0.005
0.175 0.13 0 0.005
0.175 0.152 0 0.005
0.175 0.226 0 0.005
0.175 0.806 0 0.005
0.175 0.818 0 0.005
0.175 0.832 0 0.005
0.175 0.842 0 0.005
0.175 0.96 0 0.005
0.176 0.039 0 0.005
0.176 0.342 0 0.005
0.176 0.509 0 0.005
0.176 0.759 0 0.005
0.177 0.002719298245614035 0 0.005
0.177 0.381 0 0.005
0.177 0.547 0 0.005
0.177 0.855 0 0.005
0.178 0.072 0 0.005
0.178 0.448 0 0.005
0.178 0.71 0 0.005
0.178 0.972 0 0.005
0.179 0.241 0 0.005
0.179 0.423 0 0.005
0.18 0.263 0 0.005
0.18 0.41 0 0.005
0.181 0.635 0 0.005
0.181 0.743 0 0.005
0.181 0.768 0 0.005
0.182 0.105 0 0.005
0.182 0.171 0 0.005
0.182 0.352 0 0.005
0.182 0.495 0 0.005
0.182 0.56 0 0.005
0.183 0.05 0 0.005
0.183 0.462 0 0.005
0.183 0.477 0 0.005
0.183 0.886 0 0.005
0.183 0.911 0 0.005
0.183 0.948 0 0.005
0.184 0.192 0 0.005
0.184 0.218 0 0.005
0.184 0.312 0 0.005
0.184 0.577 0 0.005
0.184 0.599 0 0.005
0.185 0.095 0 0.005
0.185 0.127 0 0.005
0.185 0.228 0 0.005
0.185 0.433 0 0.005
0.185 0.689 0 0.005
0.186 0.139 0 0.005
0.186 0.325 0 0.005
0.186 0.512 0 0.005
0.186 0.528 0 0.005
0.186 0.704 0 0.005
0.187 0.06 0 0.005
0.187 0.15 0 0.005
0.187 0.725 0 0.005
0.188 0.071 0 0.005
0.188 0.28 0 0.005
0.188 0.656 0 0.005
0.188 0.824 0 0.005
0.189 0.032 0 0.005
0.189 0.303 0 0.005
0.189 0.872 0 0.005
0.19 0.207 0 0.005
0.19 0.361 0 0.005
0.19 0.393 0 0.005
0.19 0.406 0 0.005
0.19 0.803 0 0.005
0.19 0.851 0 0.005
0.19 0.897 0 0.005
0.19 0.929 0 0.005
0.191 0.002719298245614035 0 0.005
0.192 0.045 0 0.005
0.192 0.172 0 0.005
0.192 0.671 0 0.005
0.192 0.763 0 0.005
0.192 0.774 0 0.005
0.193 0.081 0 0.005
0.193 0.114 0 0.005
0.193 0.375 0 0.005
0.193 0.911 0 0.005
0.193 0.977 0 0.005
0.194 0.538 0 0.005
0.194 0.9967708333333334 0 0.005
0.195 0.103 0 0.005
0.195 0.314 0 0.005
0.195 0.44 0 0.005
0.195 0.556 0 0.005
0.195 0.685 0 0.005
0.195 0.736 0 0.005
0.195 0.751 0 0.005
0.195 0.861 0 0.005
0.196 0.216 0 0.005
0.196 0.295 0 0.005
0.196 0.334 0 0.005
0.196 0.453 0 0.005
0.196 0.589 0 0.005
0.196 0.602 0 0.005
0.196 0.628 0 0.005
0.196 0.962 0 0.005
0.197 0.063 0 0.005
0.197 0.127 0 0.005
0.197 0.15 0 0.005
0.197 0.198 0 0.005
0.197 0.249 0 0.005
0.197 0.417 0 0.005
0.197 0.47 0 0.005
0.197 0.83 0 0.005
0.198 0.52 0 0.005
0.198 0.574 0 0.005
0.198 0.944 0 0.005
0.199 0.036 0 0.005
0.199 0.498 0 0.005
0.199 0.699 0 0.005
0.199 0.712 0 0.005
0.2 0.226 0 0.005
0.201 0.637 0 0.005
0.201 0.799 0 0.005
0.202 0.178 0 0.005
0.202 0.402 0 0.005
0.202 0.532 0 0.005
0.202 0.767 0 0.005
0.203 0.0033125 0 0.005
0.203 0.167 0 0.005
0.203 0.35 0 0.005
0.203 0.544 0 0.005
0.203 0.933 0 0.005
0.204 0.238 0 0.005
0.204 0.777 0 0.005
0.205 0.157 0 0.005
0.205 0.458 0 0.005
0.205 0.477 0 0.005
0.205 0.813 0 0.005
0.205 0.885 0 0.005
0.206 0.017 0 0.005
0.206 0.209 0 0.005
0.206 0.309 0 0.005
0.207 0.09 0 0.005
0.207 0.848 0 0.005
0.207 0.896 0 0.005
0.208 0.139 0 0.005
0.208 0.26 0 0.005
0.208 0.609 0 0.005
0.208 0.836 0 0.005
0.208 0.917 0 0.005
0.209 0.705 0 0.005
0.209 0.97 0 0.005
0.21 0.122 0 0.005
0.21 0.719 0 0.005
0.21 0.989 0 0.005
0.211 0.491 0 0.005
0.212 0.065 0 0.005
0.212 0.178 0 0.005
0.212 0.288 0 0.005
0.212 0.39 0 0.005
0.212 0.621 0 0.005
0.212 0.695 0 0.005
0.212 0.947 0 0.005
0.213 0.03 0 0.005
0.213 0.649 0 0.005
0.213 0.68 0 0.005
0.214 0.23 0 0.005
0.214 0.437 0 0.005
0.214 0.526 0 0.005
0.214 0.747 0 0.005
0.214 0.758 0 0.005
0.215 0.076 0 0.005
0.215 0.131 0 0.005
0.215 0.402 0 0.005
0.215 0.418 0 0.005
0.215 0.771 0 0.005
0.216 0.33 0 0.005
0.216 0.348 0 0.005
0.216 0.48 0 0.005
0.216 0.502 0 0.005
0.216 0.89 0 0.005
0.217 0.099 0 0.005
0.217 0.318 0 0.005
0.217 0.804 0 0.005
0.217 0.962 0 0.005
0.218 0.111 0 0.005
0.218 0.164 0 0.005
0.218 0.464 0 0.005
0.218 0.667 0 0.005
0.218 0.726 0 0.005
0.219 0.055 0 0.005
0.219 0.152 0 0.005
0.219 0.546 0 0.005
0.219 0.816 0 0.005
0.219 0.855 0 0.005
0.22 0.011 0 0.005
0.22 0.21 0 0.005
0.22 0.257 0 0.005
0.22 0.376 0 0.005
0.221 0.272 0 0.005
0.222 0.039 0 0.005
0.222 0.068 0 0.005
0.222 0.179 0 0.005
0.222 0.308 0 0.005
0.222 0.656 0 0.005
0.222 0.692 0 0.005
0.222 0.865 0 0.005
0.222 0.875 0 0.005
0.223 0.295 0 0.005
0.223 0.608 0 0.005
0.223 0.715 0 0.005
0.223 0.737 0 0.005
0.223 0.906 0 0.005
0.223 0.93 0 0.005
0.224 0.027 0 0.005
0.224 0.62 0 0.005
0.225 0.56 0 0.005
0.225 0.776 0 0.005
0.226 0.199 0 0.005
0.226 0.414 0 0.005
0.226 0.475 0 0.005
0.226 0.982 0 0.005
0.227 0.137 0 0.005
0.227 0.428 0 0.005
0.227 0.844 0 0.005
0.228 0.095 0 0.005
0.228 0.317 0 0.005
0.228 0.485 0 0.005
0.228 0.575 0 0.005
0.228 0.726 0 0.005
0.228 0.749 0 0.005
0.229 0.06 0 0.005
0.229 0.105 0 0.005
0.229 0.25 0 0.005
0.229 0.362 0 0.005
0.229 0.448 0 0.005
0.229 0.89 0 0.005
0.23 0.279 0 0.005
0.23 0.329 0 0.005
0.23 0.378 0 0.005
0.23 0.65 0 0.005
0.23 0.761 0 0.005
0.23 0.799 0 0.005
0.23 0.818 0 0.005
0.23 0.959 0 0.005
0.231 0.118 0 0.005
0.231 0.594 0 0.005
0.231 0.637 0 0.005
0.232 0.348 0 0.005
0.232 0.831 0 0.005
0.233 0.53 0 0.005
0.234 0.05 0 0.005
0.234 0.07 0 0.005
0.234 0.083 0 0.005
0.234 0.181 0 0.005
0.234 0.52 0 0.005
0.234 0.612 0 0.005
0.235 0.259 0 0.005
0.235 0.464 0 0.005
0.235 0.504 0 0.005
0.235 0.682 0 0.005
0.236 0.0008095238095238096 0 0.005
0.236 0.433 0 0.005
0.236 0.476 0 0.005
0.236 0.871 0 0.005
0.236 0.919 0 0.005
0.236 0.969 0 0.005
0.237 0.133 0 0.005
0.237 0.151 0 0.005
0.237 0.215 0 0.005
0.237 0.31 0 0.005
0.237 0.666 0 0.005
0.237 0.949 0 0.005
0.238 0.289 0 0.005
0.238 0.786 0 0.005
0.239 0.541 0 0.005
0.239 0.979 0 0.005
0.24 0.363 0 0.005
0.24 0.649 0 0.005
0.24 0.699 0 0.005
0.24 0.842 0 0.005
0.241 0.417 0 0.005
0.241 0.489 0 0.005
0.241 0.559 0 0.005
0.241 0.62 0 0.005
0.241 0.632 0 0.005
0.241 0.909 0 0.005
0.239 0.999 0 0.005
0.242 0.032 0 0.005
0.242 0.231 0 0.005
0.242 0.248 0 0.005
0.242 0.394 0 0.005
0.242 0.801 0 0.005
0.242 0.854 0 0.005
0.243 0.011 0 0.005
0.243 0.3 0 0.005
0.244 0.067 0 0.005
0.244 0.12 0 0.005
0.244 0.167 0 0.005
0.244 0.338 0 0.005
0.244 0.738 0 0.005
0.244 0.829 0 0.005
0.244 0.99 0 0.005
0.245 0.097 0 0.005
0.245 0.449 0 0.005
0.245 0.583 0 0.005
0.246 0.354 0 0.005
0.246 0.528 0 0.005
0.246 0.599 0 0.005
0.246 0.761 0 0.005
0.247 0.15 0 0.005
0.247 0.518 0 0.005
0.248 0.313 0 0.005
0.248 0.778 0 0.005
0.248 0.877 0 0.005
0.248 0.953 0 0.005
0.249 0.27 0 0.005
0.249 0.437 0 0.005
0.249 0.725 0 0.005
0.249 0.978 0 0.005
0.25 0.2 0 0.005
0.25 0.538 0 0.005
0.25 0.686 0 0.005
0.25 0.866 0 0.005
0.251 0.018 0 0.005
0.251 0.045 0 0.005
0.251 0.106 0 0.005
0.251 0.211 0 0.005
0.251 0.617 0 0.005
0.251 0.748 0 0.005
0.251 0.819 0 0.005
0.252 0.174 0 0.005
0.252 0.184 0 0.005
0.252 0.285 0 0.005
0.252 0.552 0 0.005
0.252 0.562 0 0.005
0.252 0.711 0 0.005
0.252 0.931 0 0.005
0.253 0.395 0 0.005
0.253 0.574 0 0.005
0.254 0.063 0 0.005
0.254 0.466 0 0.005
0.254 0.499 0 0.005
0.254 0.673 0 0.005
0.255 0.24 0 0.005
0.256 0.738 0 0.005
0.256 0.759 0 0.005
0.256 0.852 0 0.005
0.257 0.321 0 0.005
0.257 0.371 0 0.005
0.257 0.659 0 0.005
0.258 0.293 0 0.005
0.258 0.349 0 0.005
0.258 0.607 0 0.005
0.258 0.797 0 0.005
0.259 0.094 0 0.005
0.259 0.475 0 0.005
0.259 0.719 0 0.005
0.259 0.776 0 0.005
0.259 0.894 0 0.005
0.259 0.909 0 0.005
0.26 0.436 0 0.005
0.26 0.827 0 0.005
0.261 0.028 0 0.005
0.261 0.073 0 0.005
0.261 0.264 0 0.005
0.261 0.524 0 0.005
0.261 0.7 0 0.005
0.262 0.057 0 0.005
0.262 0.222 0 0.005
0.262 0.456 0 0.005
0.262 0.596 0 0.005
0.262 0.979 0 0.005
0.263 0.109 0 0.005
0.263 0.205 0 0.005
0.263 0.874 0 0.005
0.263 0.969 0 0.005
0.264 0.0012666666666666666 0 0.005
0.264 0.152 0 0.005
0.264 0.254 0 0.005
0.264 0.513 0 0.005
0.264 0.626 0 0.005
0.264 0.837 0 0.005
0.264 0.929 0 0.005
0.265 0.119 0 0.005
0.265 0.544 0 0.005
0.265 0.945 0 0.005
0.265 0.992 0 0.005
0.266 0.365 0 0.005
0.266 0.38 0 0.005
0.266 0.484 0 0.005
0.266 0.614 0 0.005
0.266 0.684 0 0.005
0.267 0.045 0 0.005
0.267 0.274 0 0.005
0.267 0.581 0 0.005
0.267 0.732 0 0.005
0.267 0.744 0 0.005
0.268 0.33 0 0.005
0.268 0.391 0 0.005
0.268 0.557 0 0.005
0.269 0.776 0 0.005
0.269 0.813 0 0.005
0.269 0.885 0 0.005
0.269 0.918 0 0.005
0.267 0.999 0 0.005
0.27 0.176 0 0.005
0.27 0.233 0 0.005
0.27 0.854 0 0.005
0.271 0.436 0 0.005
0.271 0.697 0 0.005
0.271 0.906 0 0.005
0.272 0.284 0 0.005
0.272 0.341 0 0.005
0.272 0.402 0 0.005
0.272 0.417 0 0.005
0.272 0.797 0 0.005
0.273 0.028 0 0.005
0.273 0.109 0 0.005
0.273 0.654 0 0.005
0.273 0.674 0 0.005
0.274 0.192 0 0.005
0.275 0.306 0 0.005
0.275 0.522 0 0.005
0.275 0.863 0 0.005
0.275 0.992 0 0.005
0.276 0.447 0 0.005
0.276 0.952 0 0.005
0.277 0.008 0 0.005
0.277 0.066 0 0.005
0.277 0.372 0 0.005
0.277 0.489 0 0.005
0.277 0.502 0 0.005
0.277 0.719 0 0.005
0.278 0.549 0 0.005
0.278 0.577 0 0.005
0.278 0.594 0 0.005
0.278 0.607 0 0.005
0.278 0.806 0 0.005
0.278 0.934 0 0.005
0.278 0.969 0 0.005
0.279 0.268 0 0.005
0.28 0.097 0 0.005
0.28 0.119 0 0.005
0.28 0.129 0 0.005
0.28 0.206 0 0.005
0.28 0.394 0 0.005
0.281 0.144 0 0.005
0.281 0.225 0 0.005
0.281 0.384 0 0.005
0.281 0.472 0 0.005
0.281 0.756 0 0.005
0.281 0.773 0 0.005
0.281 0.792 0 0.005
0.281 0.876 0 0.005
0.282 0.051 0 0.005
0.282 0.326 0 0.005
0.282 0.351 0 0.005
0.282 0.82 0 0.005
0.283 0.315 0 0.005
0.283 0.412 0 0.005
0.283 0.531 0 0.005
0.283 0.678 0 0.005
0.283 0.925 0 0.005
0.283 0.9967708333333334 0 0.005
0.284 0.196 0 0.005
0.284 0.256 0 0.005
0.284 0.337 0 0.005
0.285 0.076 0 0.005
0.285 0.561 0 0.005
0.285 0.693 0 0.005
0.285 0.711 0 0.005
0.285 0.986 0 0.005
0.284 0.0 0 0.005
0.286 0.442 0 0.005
0.286 0.654 0 0.005
0.286 0.858 0 0.005
0.286 0.941 0 0.005
0.287 0.109 0 0.005
0.287 0.176 0 0.005
0.287 0.361 0 0.005
0.287 0.454 0 0.005
0.287 0.834 0 0.005
0.287 0.893 0 0.005
0.288 0.283 0 0.005
0.288 0.306 0 0.005
0.288 0.427 0 0.005
0.288 0.604 0 0.005
0.288 0.747 0 0.005
0.288 0.909 0 0.005
0.288 0.958 0 0.005
0.289 0.036 0 0.005
0.289 0.091 0 0.005
0.289 0.482 0 0.005
0.289 0.799 0 0.005
0.29 0.165 0 0.005
0.291 0.007 0 0.005
0.291 0.209 0 0.005
0.291 0.226 0 0.005
0.291 0.551 0 0.005
0.291 0.672 0 0.005
0.291 0.73 0 0.005
0.291 0.778 0 0.005
0.292 0.053 0 0.005
0.292 0.266 0 0.005
0.292 0.582 0 0.005
0.292 0.622 0 0.005
0.292 0.636 0 0.005
0.293 0.296 0 0.005
0.293 0.4 0 0.005
0.294 0.595 0 0.005
0.294 0.874 0 0.005
0.294 0.929 0 0.005
0.295 0.148 0 0.005
0.295 0.318 0 0.005
0.295 0.437 0 0.005
0.295 0.463 0 0.005
0.295 0.808 0 0.005
0.295 0.948 0 0.005
0.296 0.917 0 0.005
0.297 0.966 0 0.005
0.298 0.53 0 0.005
0.299 0.175 0 0.005
0.299 0.419 0 0.005
0.299 0.475 0 0.005
0.299 0.485 0 0.005
0.299 0.657 0 0.005
0.3 0.072 0 0.005
0.3 0.513 0 0.005
0.3 0.613 0 0.005
0.3 0.749 0 0.005
0.3 0.764 0 0.005
0.3 0.79 0 0.005
0.3 0.855 0 0.005
0.301 0.021 0 0.005
0.301 0.121 0 0.005
0.301 0.287 0 0.005
0.301 0.358 0 0.005
0.301 0.376 0 0.005
0.301 0.671 0 0.005
0.301 0.681 0 0.005
0.301 0.698 0 0.005
0.301 0.821 0 0.005
0.302 0.738 0 0.005
0.303 0.217 0 0.005
0.303 0.227 0 0.005
0.303 0.265 0 0.005
0.303 0.329 0 0.005
0.303 0.583 0 0.005
0.303 0.881 0 0.005
0.304 0.34 0 0.005
0.304 0.501 0 0.005
0.304 0.712 0 0.005
0.304 0.893 0 0.005
0.305 0.097 0 0.005
0.305 0.166 0 0.005
0.305 0.302 0 0.005
0.305 0.556 0 0.005
0.305 0.959 0 0.005
0.306 0.9967708333333334 0 0.005
0.307 0.632 0 0.005
0.307 0.975 0 0.005
0.308 0.449 0 0.005
0.308 0.543 0 0.005
0.309 0.012 0 0.005
0.309 0.061 0 0.005
0.309 0.127 0 0.005
0.309 0.403 0 0.005
0.309 0.413 0 0.005
0.309 0.642 0 0.005
0.309 0.846 0 0.005
0.309 0.944 0 0.005
0.31 0.029 0 0.005
0.31 0.044 0 0.005
0.31 0.14 0 0.005
0.31 0.465 0 0.005
0.31 0.686 0 0.005
0.31 0.797 0 0.005
0.311 0.117 0 0.005
0.311 0.358 0 0.005
0.311 0.519 0 0.005
0.311 0.574 0 0.005
0.311 0.613 0 0.005
0.311 0.916 0 0.005
0.312 0.179 0 0.005
0.312 0.191 0 0.005
0.312 0.378 0 0.005
0.312 0.595 0 0.005
0.312 0.726 0 0.005
0.312 0.928 0 0.005
0.313 0.106 0 0.005
0.313 0.562 0 0.005
0.314 0.43 0 0.005
0.315 0.234 0 0.005
0.315 0.262 0 0.005
0.315 0.346 0 0.005
0.315 0.502 0 0.005
0.315 0.859 0 0.005
0.315 0.988 0 0.005
0.316 0.071 0 0.005
0.316 0.087 0 0.005
0.316 0.286 0 0.005
0.316 0.772 0 0.005
0.317 0.316 0 0.005
0.317 0.455 0 0.005
0.317 0.481 0 0.005
0.317 0.761 0 0.005
0.317 0.878 0 0.005
0.317 0.9 0 0.005
0.318 0.628 0 0.005
0.318 0.667 0 0.005
0.319 0.328 0 0.005
0.319 0.396 0 0.005
0.319 0.717 0 0.005
0.319 0.9981904761904762 0 0.005
0.32 0.045 0 0.005
0.32 0.301 0 0.005
0.32 0.471 0 0.005
0.32 0.535 0 0.005
0.32 0.547 0 0.005
0.32 0.653 0 0.005
0.321 0.026 0 0.005
0.321 0.062 0 0.005
0.321 0.169 0 0.005
0.321 0.211 0 0.005
0.321 0.419 0 0.005
0.321 0.604 0 0.005
0.321 0.684 0 0.005
0.321 0.731 0 0.005
0.321 0.8 0 0.005
0.321 0.827 0 0.005
0.321 0.845 0 0.005
0.321 0.933 0 0.005
0.321 0.953 0 0.005
0.322 0.006 0 0.005
0.322 0.276 0 0.005
0.322 0.371 0 0.005
0.322 0.966 0 0.005
0.323 0.228 0 0.005
0.323 0.361 0 0.005
0.323 0.701 0 0.005
0.324 0.147 0 0.005
0.324 0.583 0 0.005
0.324 0.779 0 0.005
0.325 0.111 0 0.005
0.325 0.741 0 0.005
0.325 0.894 0 0.005
0.326 0.202 0 0.005
0.326 0.43 0 0.005
0.326 0.911 0 0.005
0.327 0.075 0 0.005
0.327 0.188 0 0.005
0.327 0.454 0 0.005
0.327 0.759 0 0.005
0.328 0.262 0 0.005
0.328 0.289 0 0.005
0.328 0.57 0 0.005
0.328 0.613 0 0.005
0.328 0.981 0 0.005
0.328 0.9956875 0 0.005
0.329 0.394 0 0.005
0.329 0.477 0 0.005
0.33 0.408 0 0.005
0.33 0.669 0 0.005
0.33 0.947 0 0.005
0.331 0.1 0 0.005
0.331 0.628 0 0.005
0.331 0.688 0 0.005
0.331 0.711 0 0.005
0.331 0.728 0 0.005
0.331 0.811 0 0.005
0.332 0.126 0 0.005
0.332 0.769 0 0.005
0.332 0.794 0 0.005
0.332 0.822 0 0.005
0.333 0.02 0 0.005
0.333 0.211 0 0.005
0.333 0.37 0 0.005
0.333 0.508 0 0.005
0.333 0.524 0 0.005
0.333 0.59 0 0.005
0.333 0.644 0 0.005
0.334 0.066 0 0.005
0.334 0.16 0 0.005
0.334 0.32 0 0.005
0.334 0.332 0 0.005
0.334 0.382 0 0.005
0.334 0.552 0 0.005
0.334 0.854 0 0.005
0.335 0.182 0 0.005
0.335 0.92 0 0.005
0.337 0.902 0 0.005
0.338 0.03 0 0.005
0.338 0.199 0 0.005
0.338 0.889 0 0.005
0.338 0.9977333333333334 0 0.005
0.339 0.252 0 0.005
0.339 0.484 0 0.005
0.339 0.581 0 0.005
0.34 0.005 0 0.005
0.34 0.662 0 0.005
0.34 0.7 0 0.005
0.34 0.8 0 0.005
0.341 0.286 0 0.005
0.341 0.411 0 0.005
0.341 0.464 0 0.005
0.341 0.65 0 0.005
0.341 0.677 0 0.005
0.341 0.725 0 0.005
0.341 0.971 0 0.005
0.342 0.225 0 0.005
0.342 0.274 0 0.005
0.342 0.537 0 0.005
0.342 0.604 0 0.005
0.342 0.751 0 0.005
0.342 0.762 0 0.005
0.343 0.392 0 0.005
0.343 0.501 0 0.005
0.343 0.591 0 0.005
0.343 0.876 0 0.005
0.344 0.209 0 0.005
0.344 0.301 0 0.005
0.344 0.521 0 0.005
0.345 0.015 0 0.005
0.346 0.08 0 0.005
0.346 0.108 0 0.005
0.346 0.438 0 0.005
0.346 0.636 0 0.005
0.346 0.827 0 0.005
0.346 0.846 0 0.005
0.347 0.039 0 0.005
0.347 0.06 0 0.005
0.347 0.142 0 0.005
0.347 0.376 0 0.005
0.347 0.574 0 0.005
0.347 0.814 0 0.005
0.348 0.689 0 0.005
0.348 0.996280701754386 0 0.005
0.349 0.234 0 0.005
0.349 0.252 0 0.005
0.349 0.471 0 0.005
0.349 0.618 0 0.005
0.349 0.935 0 0.005
0.35 0.338 0 0.005
0.35 0.485 0 0.005
0.351 0.16 0 0.005
0.351 0.316 0 0.005
0.351 0.413 0 0.005
0.351 0.653 0 0.005
0.351 0.714 0 0.005
0.351 0.757 0 0.005
0.351 0.865 0 0.005
0.352 0.262 0 0.005
0.352 0.538 0 0.005
0.352 0.553 0 0.005
0.353 0.126 0 0.005
0.353 0.566 0 0.005
0.353 0.702 0 0.005
0.354 0.223 0 0.005
0.354 0.274 0 0.005
0.354 0.431 0 0.005
0.354 0.605 0 0.005
0.354 0.837 0 0.005
0.354 0.888 0 0.005
0.355 0.0008095238095238096 0 0.005
0.355 0.092 0 0.005
0.355 0.506 0 0.005
0.355 0.734 0 0.005
0.355 0.788 0 0.005
0.356 0.352 0 0.005
0.356 0.519 0 0.005
0.356 0.593 0 0.005
0.356 0.673 0 0.005
0.356 0.772 0 0.005
0.357 0.4 0 0.005
0.357 0.662 0 0.005
0.357 0.724 0 0.005
0.357 0.926 0 0.005
0.357 0.972 0 0.005
0.358 0.331 0 0.005
0.358 0.466 0 0.005
0.358 0.693 0 0.005
0.359 0.035 0 0.005
0.359 0.082 0 0.005
0.359 0.365 0 0.005
0.359 0.853 0 0.005
0.359 0.898 0 0.005
0.36 0.493 0 0.005
0.36 0.619 0 0.005
0.36 0.683 0 0.005
0.36 0.954 0 0.005
0.361 0.169 0 0.005
0.361 0.558 0 0.005
0.361 0.755 0 0.005
0.361 0.823 0 0.005
0.361 0.875 0 0.005
0.362 0.12 0 0.005
0.362 0.908 0 0.005
0.363 0.104 0 0.005
0.363 0.248 0 0.005
0.363 0.535 0 0.005
0.363 0.804 0 0.005
0.364 0.3 0 0.005
0.364 0.478 0 0.005
0.365 0.232 0 0.005
0.365 0.433 0 0.005
0.365 0.834 0 0.005
0.366 0.0012666666666666666 0 0.005
0.366 0.671 0 0.005
0.366 0.745 0 0.005
0.366 0.773 0 0.005
0.367 0.263 0 0.005
0.367 0.29 0 0.005
0.367 0.321 0 0.005
0.367 0.506 0 0.005
0.367 0.592 0 0.005
0.367 0.653 0 0.005
0.367 0.793 0 0.005
0.367 0.814 0 0.005
0.367 0.938 0 0.005
0.368 0.149 0 0.005
0.368 0.194 0 0.005
0.368 0.381 0 0.005
0.368 0.581 0 0.005
0.368 0.636 0 0.005
0.368 0.693 0 0.005
0.369 0.447 0 0.005
0.369 0.712 0 0.005
0.37 0.184 0 0.005
0.37 0.28 0 0.005
0.37 0.524 0 0.005
0.371 0.033 0 0.005
0.371 0.334 0 0.005
0.371 0.462 0 0.005
0.372 0.055 0 0.005
0.372 0.603 0 0.005
0.372 0.974 0 0.005
0.372 0.987 0 0.005
0.373 0.114 0 0.005
0.373 0.162 0 0.005
0.373 0.392 0 0.005
0.373 0.542 0 0.005
0.373 0.76 0 0.005
0.373 0.918 0 0.005
0.374 0.418 0 0.005
0.374 0.573 0 0.005
0.374 0.738 0 0.005
0.375 0.214 0 0.005
0.375 0.372 0 0.005
0.375 0.807 0 0.005
0.375 0.89 0 0.005
0.376 0.014 0 0.005
0.376 0.133 0 0.005
0.376 0.201 0 0.005
0.376 0.239 0 0.005
0.376 0.726 0 0.005
0.376 0.861 0 0.005
0.377 0.252 0 0.005
0.377 0.475 0 0.005
0.377 0.618 0 0.005
0.378 0.123 0 0.005
0.378 0.5 0 0.005
0.378 0.514 0 0.005
0.378 0.644 0 0.005
0.379 0.042 0 0.005
0.379 0.322 0 0.005
0.379 0.672 0 0.005
0.379 0.696 0 0.005
0.38 0.075 0 0.005
0.38 0.095 0 0.005
0.38 0.18 0 0.005
0.38 0.273 0 0.005
0.38 0.306 0 0.005
0.38 0.454 0 0.005
0.38 0.784 0 0.005
0.38 0.873 0 0.005
0.381 0.59 0 0.005
0.381 0.768 0 0.005
0.381 0.831 0 0.005
0.381 0.965 0 0.005
0.382 0.064 0 0.005
0.382 0.296 0 0.005
0.382 0.351 0 0.005
0.382 0.553 0 0.005
0.382 0.602 0 0.005
0.382 0.713 0 0.005
0.382 0.815 0 0.005
0.382 0.928 0 0.005
0.384 0.444 0 0.005
0.384 0.627 0 0.005
0.385 0.882 0 0.005
0.385 0.94 0 0.005
0.385 0.975 0 0.005
0.385 0.986 0 0.005
0.386 0.901 0 0.005
0.387 0.208 0 0.005
0.387 0.462 0 0.005
0.387 0.569 0 0.005
0.387 0.74 0 0.005
0.387 0.754 0 0.005
0.388 0.05 0 0.005
0.388 0.11 0 0.005
0.388 0.401 0 0.005
0.388 0.533 0 0.005
0.389 0.013 0 0.005
0.389 0.034 0 0.005
0.389 0.153 0 0.005
0.389 0.472 0 0.005
0.389 0.703 0 0.005
0.39 0.273 0 0.005
0.39 0.422 0 0.005
0.39 0.583 0 0.005
0.391 0.182 0 0.005
0.391 0.229 0 0.005
0.391 0.358 0 0.005
0.391 0.375 0 0.005
0.391 0.727 0 0.005
0.391 0.873 0 0.005
0.391 0.918 0 0.005
0.391 0.954 0 0.005
0.392 0.845 0 0.005
0.393 0.081 0 0.005
0.393 0.338 0 0.005
0.393 0.412 0 0.005
0.394 0.309 0 0.005
0.394 0.557 0 0.005
0.394 0.614 0 0.005
0.394 0.714 0 0.005
0.395 0.13 0 0.005
0.395 0.448 0 0.005
0.395 0.596 0 0.005
0.395 0.667 0 0.005
0.396 0.325 0 0.005
0.396 0.745 0 0.005
0.396 0.939 0 0.005
0.397 0.092 0 0.005
0.397 0.219 0 0.005
0.397 0.259 0 0.005
0.397 0.508 0 0.005
0.397 0.632 0 0.005
0.397 0.656 0 0.005
0.397 0.804 0 0.005
0.397 0.893 0 0.005
0.398 0.0033125 0 0.005
0.398 0.494 0 0.005
0.398 0.547 0 0.005
0.399 0.017 0 0.005
0.399 0.24 0 0.005
0.399 0.387 0 0.005
0.399 0.519 0 0.005
0.399 0.681 0 0.005
0.399 0.784 0 0.005
0.399 0.966 0 0.005
0.399 0.9967708333333334 0 0.005
0.401 0.469 0 0.005
0.401 0.537 0 0.005
0.401 0.926 0 0.005
0.402 0.035 0 0.005
0.402 0.068 0 0.005
0.402 0.118 0 0.005
0.402 0.357 0 0.005
0.402 0.398 0 0.005
0.402 0.795 0 0.005
0.403 0.103 0 0.005
0.403 0.201 0 0.005
0.403 0.828 0 0.005
0.404 0.175 0 0.005
0.404 0.367 0 0.005
0.404 0.713 0 0.005
0.404 0.841 0 0.005
0.404 0.873 0 0.005
0.405 0.25 0 0.005
0.405 0.31 0 0.005
0.405 0.989 0 0.005
0.406 0.143 0 0.005
0.406 0.503 0 0.005
0.406 0.914 0 0.005
0.406 0.938 0 0.005
0.407 0.263 0 0.005
0.407 0.408 0 0.005
0.407 0.592 0 0.005
0.408 0.327 0 0.005
0.408 0.627 0 0.005
0.408 0.689 0 0.005
0.409 0.009 0 0.005
0.409 0.023 0 0.005
0.409 0.297 0 0.005
0.409 0.442 0 0.005
0.409 0.49 0 0.005
0.409 0.737 0 0.005
0.409 0.759 0 0.005
0.41 0.075 0 0.005
0.41 0.28 0 0.005
0.41 0.337 0 0.005
0.41 0.392 0 0.005
0.41 0.854 0 0.005
0.411 0.156 0 0.005
0.411 0.544 0 0.005
0.411 0.82 0 0.005
0.412 0.221 0 0.005
0.412 0.43 0 0.005
0.412 0.56 0 0.005
0.412 0.652 0 0.005
0.412 0.795 0 0.005
0.412 0.905 0 0.005
0.412 0.957 0 0.005
0.413 0.119 0 0.005
0.413 0.531 0 0.005
0.413 0.922 0 0.005
0.414 0.052 0 0.005
0.414 0.255 0 0.005
0.414 0.642 0 0.005
0.414 0.673 0 0.005
0.414 0.874 0 0.005
0.415 0.041 0 0.005
0.415 0.269 0 0.005
0.415 0.977 0 0.005
0.416 0.104 0 0.005
0.416 0.358 0 0.005
0.416 0.401 0 0.005
0.416 0.456 0 0.005
0.416 0.602 0 0.005
0.416 0.936 0 0.005
0.417 0.175 0 0.005
0.417 0.187 0 0.005
0.417 0.2 0 0.005
0.418 0.384 0 0.005
0.418 0.719 0 0.005
0.418 0.844 0 0.005
0.418 0.947 0 0.005
0.419 0.0017435897435897436 0 0.005
0.419 0.027 0 0.005
0.419 0.081 0 0.005
0.419 0.245 0 0.005
0.419 0.416 0 0.005
0.419 0.664 0 0.005
0.419 0.695 0 0.005
0.419 0.708 0 0.005
0.419 0.813 0 0.005
0.42 0.23 0 0.005
0.42 0.287 0 0.005
0.42 0.473 0 0.005
0.42 0.891 0 0.005
0.421 0.746 0 0.005
0.421 0.779 0 0.005
0.422 0.136 0 0.005
0.422 0.316 0 0.005
0.422 0.483 0 0.005
0.422 0.79 0 0.005
0.422 0.904 0 0.005
0.423 0.35 0 0.005
0.423 0.367 0 0.005
0.423 0.503 0 0.005
0.423 0.993 0 0.005
0.424 0.301 0 0.005
0.424 0.446 0 0.005
0.424 0.674 0 0.005
0.425 0.626 0 0.005
0.425 0.833 0 0.005
0.425 0.926 0 0.005
0.425 0.956 0 0.005
0.425 0.976 0 0.005
0.426 0.116 0 0.005
0.426 0.209 0 0.005
0.426 0.52 0 0.005
0.426 0.858 0 0.005
0.426 0.936 0 0.005
0.427 0.068 0 0.005
0.427 0.161 0 0.005
0.427 0.279 0 0.005
0.427 0.335 0 0.005
0.427 0.614 0 0.005
0.427 0.76 0 0.005
0.427 0.881 0 0.005
0.428 0.102 0 0.005
0.428 0.573 0 0.005
0.428 0.808 0 0.005
0.429 0.128 0 0.005
0.429 0.435 0 0.005
0.429 0.464 0 0.005
0.43 0.239 0 0.005
0.43 0.269 0 0.005
0.43 0.547 0 0.005
0.43 0.584 0 0.005
0.43 0.665 0 0.005
0.43 0.685 0 0.005
0.43 0.796 0 0.005
0.431 0.091 0 0.005
0.431 0.381 0 0.005
0.431 0.411 0 0.005
0.431 0.533 0 0.005
0.431 0.562 0 0.005
0.432 0.187 0 0.005
0.432 0.399 0 0.005
0.432 0.848 0 0.005
0.433 0.509 0 0.005
0.433 0.73 0 0.005
0.434 0.037 0 0.005
0.434 0.252 0 0.005
0.434 0.473 0 0.005
0.434 0.947 0 0.005
0.435 0.227 0 0.005
0.435 0.491 0 0.005
0.435 0.713 0 0.005
0.435 0.771 0 0.005
0.436 0.208 0 0.005
0.436 0.646 0 0.005
0.437 0.284 0 0.005
0.437 0.368 0 0.005
0.437 0.447 0 0.005
0.438 0.167 0 0.005
0.438 0.345 0 0.005
0.438 0.857 0 0.005
0.438 0.9 0 0.005
0.438 0.975 0 0.005
0.438 0.99 0 0.005
0.439 0.356 0 0.005
0.439 0.422 0 0.005
0.439 0.623 0 0.005
0.439 0.82 0 0.005
0.439 0.886 0 0.005
0.439 0.916 0 0.005
0.44 0.06 0 0.005
0.44 0.109 0 0.005
0.44 0.196 0 0.005
0.44 0.542 0 0.005
0.44 0.66 0 0.005
0.441 0.0033125 0 0.005
0.441 0.096 0 0.005
0.441 0.602 0 0.005
0.442 0.03 0 0.005
0.442 0.074 0 0.005
0.442 0.15 0 0.005
0.442 0.265 0 0.005
0.442 0.797 0 0.005
0.442 0.873 0 0.005
0.443 0.377 0 0.005
0.443 0.396 0 0.005
0.443 0.701 0 0.005
0.443 0.966 0 0.005
0.444 0.218 0 0.005
0.444 0.571 0 0.005
0.444 0.731 0 0.005
0.444 0.75 0 0.005
0.444 0.928 0 0.005
0.445 0.184 0 0.005
0.445 0.305 0 0.005
0.445 0.315 0 0.005
0.445 0.326 0 0.005
0.445 0.466 0 0.005
0.445 0.523 0 0.005
0.445 0.776 0 0.005
0.445 0.94 0 0.005
0.446 0.23 0 0.005
0.446 0.407 0 0.005
0.446 0.489 0 0.005
0.446 0.907 0 0.005
0.447 0.086 0 0.005
0.447 0.139 0 0.005
0.447 0.553 0 0.005
0.447 0.593 0 0.005
0.448 0.983 0 0.005
0.449 0.248 0 0.005
0.449 0.432 0 0.005
0.449 0.665 0 0.005
0.449 0.827 0 0.005
0.45 0.445 0 0.005
0.45 0.808 0 0.005
0.451 0.045 0 0.005
0.451 0.067 0 0.005
0.451 0.28 0 0.005
0.451 0.63 0 0.005
0.451 0.72 0 0.005
0.451 0.838 0 0.005
0.452 0.536 0 0.005
0.452 0.611 0 0.005
0.453 0.345 0 0.005
0.453 0.473 0 0.005
0.453 0.68 0 0.005
0.453 0.866 0 0.005
0.453 0.955 0 0.005
0.454 0.025 0 0.005
0.454 0.123 0 0.005
0.454 0.3 0 0.005
0.454 0.366 0 0.005
0.454 0.791 0 0.005
0.454 0.9981904761904762 0 0.005
0.455 0.571 0 0.005
0.455 0.65 0 0.005
0.455 0.817 0 0.005
0.456 0.035 0 0.005
0.456 0.211 0 0.005
0.456 0.56 0 0.005
0.456 0.582 0 0.005
0.456 0.74 0 0.005
0.457 0.494 0 0.005
0.457 0.504 0 0.005
0.457 0.55 0 0.005
0.457 0.903 0 0.005
0.458 0.0017435897435897436 0 0.005
0.458 0.231 0 0.005
0.458 0.329 0 0.005
0.458 0.915 0 0.005
0.459 0.314 0 0.005
0.459 0.353 0 0.005
0.459 0.752 0 0.005
0.46 0.132 0 0.005
0.46 0.143 0 0.005
0.46 0.174 0 0.005
0.46 0.379 0 0.005
0.46 0.973 0 0.005
0.461 0.242 0 0.005
0.461 0.265 0 0.005
0.461 0.467 0 0.005
0.461 0.623 0 0.005
0.461 0.939 0 0.005
0.462 0.197 0 0.005
0.462 0.673 0 0.005
0.462 0.831 0 0.005
0.462 0.855 0 0.005
0.463 0.185 0 0.005
0.463 0.283 0 0.005
0.463 0.343 0 0.005
0.463 0.451 0 0.005
0.463 0.636 0 0.005
0.463 0.698 0 0.005
0.464 0.078 0 0.005
0.464 0.416 0 0.005
0.464 0.688 0 0.005
0.464 0.961 0 0.005
0.464 0.986 0 0.005
0.465 0.065 0 0.005
0.465 0.301 0 0.005
0.465 0.651 0 0.005
0.465 0.727 0 0.005
0.465 0.881 0 0.005
0.466 0.543 0 0.005
0.466 0.662 0 0.005
0.466 0.801 0 0.005
0.467 0.014 0 0.005
0.467 0.402 0 0.005
0.467 0.475 0 0.005
0.467 0.846 0 0.005
0.468 0.024 0 0.005
0.468 0.102 0 0.005
0.468 0.152 0 0.005
0.468 0.212 0 0.005
0.468 0.361 0 0.005
0.468 0.386 0 0.005
0.468 0.436 0 0.005
0.468 0.768 0 0.005
0.468 0.788 0 0.005
0.469 0.315 0 0.005
0.469 0.715 0 0.005
0.469 0.744 0 0.005
0.469 0.996280701754386 0 0.005
0.47 0.132 0 0.005
0.47 0.259 0 0.005
0.47 0.596 0 0.005
0.47 0.614 0 0.005
0.471 0.163 0 0.005
0.471 0.571 0 0.005
0.472 0.375 0 0.005
0.472 0.466 0 0.005
0.472 0.551 0 0.005
0.472 0.918 0 0.005
0.473 0.111 0 0.005
0.473 0.18 0 0.005
0.473 0.245 0 0.005
0.473 0.517 0 0.005
0.473 0.641 0 0.005
0.473 0.952 0 0.005
0.474 0.043 0 0.005
0.474 0.079 0 0.005
0.474 0.823 0 0.005
0.475 0.353 0 0.005
0.475 0.583 0 0.005
0.475 0.984 0 0.005
0.476 0.533 0 0.005
0.476 0.668 0 0.005
0.476 0.882 0 0.005
0.476 0.904 0 0.005
0.477 0.065 0 0.005
0.477 0.29 0 0.005
0.477 0.34 0 0.005
0.477 0.418 0 0.005
0.477 0.841 0 0.005
0.478 0.72 0 0.005
0.478 0.857 0 0.005
0.479 0.013 0 0.005
0.479 0.023 0 0.005
0.479 0.055 0 0.005
0.479 0.089 0 0.005
0.479 0.195 0 0.005
0.479 0.306 0 0.005
0.479 0.384 0 0.005
0.479 0.398 0 0.005
0.479 0.429 0 0.005
0.479 0.488 0 0.005
0.479 0.5 0 0.005
0.479 0.697 0 0.005
0.479 0.892 0 0.005
0.479 0.937 0 0.005
0.479 0.964 0 0.005
0.48 0.222 0 0.005
0.48 0.626 0 0.005
0.48 0.799 0 0.005
0.48 0.868 0 0.005
0.481 0.787 0 0.005
0.482 0.002719298245614035 0 0.005
0.482 0.257 0 0.005
0.482 0.321 0 0.005
0.482 0.475 0 0.005
0.483 0.66 0 0.005
0.483 0.914 0 0.005
0.484 0.373 0 0.005
0.484 0.597 0 0.005
0.484 0.646 0 0.005
0.484 0.954 0 0.005
0.485 0.18 0 0.005
0.485 0.24 0 0.005
0.485 0.514 0 0.005
0.485 0.815 0 0.005
0.485 0.994 0 0.005
0.486 0.347 0 0.005
0.486 0.925 0 0.005
0.487 0.137 0 0.005
0.487 0.289 0 0.005
0.487 0.362 0 0.005
0.487 0.566 0 0.005
0.487 0.678 0 0.005
0.487 0.84 0 0.005
0.488 0.05 0 0.005
0.488 0.127 0 0.005
0.488 0.152 0 0.005
0.488 0.75 0 0.005
0.489 0.109 0 0.005
0.489 0.334 0 0.005
0.489 0.495 0 0.005
0.489 0.538 0 0.005
0.489 0.734 0 0.005
0.489 0.76 0 0.005
0.489 0.874 0 0.005
0.49 0.01 0 0.005
0.49 0.029 0 0.005
0.49 0.087 0 0.005
0.49 0.269 0 0.005
0.49 0.389 0 0.005
0.49 0.404 0 0.005
0.49 0.555 0 0.005
0.49 0.586 0 0.005
0.49 0.633 0 0.005
0.49 0.969 0 0.005
0.491 0.693 0 0.005
0.491 0.889 0 0.005
0.491 0.946 0 0.005
0.492 0.441 0 0.005
0.493 0.17 0 0.005
0.493 0.233 0 0.005
0.493 0.458 0 0.005
0.493 0.574 0 0.005
0.493 0.8 0 0.005
0.493 0.848 0 0.005
0.493 0.901 0 0.005
0.493 0.98 0 0.005
0.494 0.612 0 0.005
0.494 0.931 0 0.005
0.495 0.481 0 0.005
0.495 0.643 0 0.005
0.495 0.713 0 0.005
0.495 0.995 0 0.005
0.495 0.0004166666666666667 0 0.005
0.496 0.244 0 0.005
0.497 0.096 0 0.005
0.497 0.278 0 0.005
0.497 0.316 0 0.005
0.497 0.92 0 0.005
0.498 0.016 0 0.005
0.498 0.339 0 0.005
0.498 0.416 0 0.005
0.498 0.43 0 0.005
0.498 0.685 0 0.005
0.498 0.781 0 0.005
0.498 0.83 0 0.005
0.498 0.857 0 0.005
0.498 0.961 0 0.005
0.499 0.263 0 0.005
0.499 0.621 0 0.005
0.5 0.13 0 0.005
0.5 0.21 0 0.005
0.5 0.526 0 0.005
0.5 0.972 0 0.005
0.501 0.634 0 0.005
0.501 0.739 0 0.005
0.502 0.193 0 0.005
0.502 0.223 0 0.005
0.502 0.289 0 0.005
0.502 0.363 0 0.005
0.502 0.672 0 0.005
0.502 0.872 0 0.005
0.503 0.701 0 0.005
0.503 0.726 0 0.005
0.503 0.89 0 0.005
0.503 0.944 0 0.005
0.504 0.146 0 0.005
0.505 0.048 0 0.005
0.505 0.08 0 0.005
0.505 0.402 0 0.005
0.505 0.575 0 0.005
0.505 0.597 0 0.005
0.506 0.61 0 0.005
0.506 0.651 0 0.005
0.506 0.748 0 0.005
0.507 0.322 0 0.005
0.507 0.543 0 0.005
0.507 0.758 0 0.005
0.507 0.796 0 0.005
0.507 0.845 0 0.005
0.507 0.908 0 0.005
0.507 0.981 0 0.005
0.508 0.096 0 0.005
0.508 0.124 0 0.005
0.508 0.16 0 0.005
0.508 0.415 0 0.005
0.508 0.507 0 0.005
0.508 0.52 0 0.005
0.508 0.586 0 0.005
0.508 0.661 0 0.005
0.508 0.835 0 0.005
0.508 0.966 0 0.005
0.509 0.106 0 0.005
0.509 0.375 0 0.005
0.509 0.484 0 0.005
0.51 0.0017435897435897436 0 0.005
0.51 0.808 0 0.005
0.511 0.061 0 0.005
0.511 0.238 0 0.005
0.511 0.276 0 0.005
0.511 0.347 0 0.005
0.511 0.437 0 0.005
0.511 0.93 0 0.005
0.512 0.309 0 0.005
0.513 0.294 0 0.005
0.513 0.331 0 0.005
0.513 0.768 0 0.005
0.514 0.132 0 0.005
0.514 0.424 0 0.005
0.514 0.472 0 0.005
0.514 0.551 0 0.005
0.514 0.621 0 0.005
0.514 0.871 0 0.005
0.515 0.203 0 0.005
0.515 0.599 0 0.005
0.515 0.737 0 0.005
0.515 0.917 0 0.005
0.515 0.955 0 0.005
0.516 0.017 0 0.005
0.516 0.682 0 0.005
0.516 0.692 0 0.005
0.517 0.261 0 0.005
0.517 0.655 0 0.005
0.517 0.941 0 0.005
0.518 0.073 0 0.005
0.518 0.358 0 0.005
0.518 0.881 0 0.005
0.519 0.04 0 0.005
0.519 0.054 0 0.005
0.519 0.181 0 0.005
0.519 0.539 0 0.005
0.519 0.78 0 0.005
0.519 0.893 0 0.005
0.52 0.1 0 0.005
0.52 0.115 0 0.005
0.52 0.251 0 0.005
0.52 0.392 0 0.005
0.52 0.456 0 0.005
0.52 0.488 0 0.005
0.52 0.706 0 0.005
0.52 0.969 0 0.005
0.52 0.996280701754386 0 0.005
0.521 0.44 0 0.005
0.521 0.796 0 0.005
0.521 0.855 0 0.005
0.522 0.318 0 0.005
0.522 0.371 0 0.005
0.522 0.646 0 0.005
0.522 0.745 0 0.005
0.523 0.285 0 0.005
0.523 0.716 0 0.005
0.524 0.089 0 0.005
0.524 0.16 0 0.005
0.524 0.225 0 0.005
0.524 0.756 0 0.005
0.524 0.871 0 0.005
0.525 0.01 0 0.005
0.525 0.518 0 0.005
0.525 0.667 0 0.005
0.526 0.19 0 0.005
0.526 0.235 0 0.005
0.526 0.566 0 0.005
0.526 0.576 0 0.005
0.526 0.906 0 0.005
0.526 0.959 0 0.005
0.527 0.607 0 0.005
0.527 0.693 0 0.005
0.528 0.048 0 0.005
0.528 0.074 0 0.005
0.528 0.208 0 0.005
0.528 0.548 0 0.005
0.528 0.83 0 0.005
0.529 0.259 0 0.005
0.529 0.307 0 0.005
0.529 0.385 0 0.005
0.529 0.681 0 0.005
0.529 0.79 0 0.005
0.529 0.886 0 0.005
0.53 0.026 0 0.005
0.53 0.127 0 0.005
0.53 0.334 0 0.005
0.53 0.498 0 0.005
0.53 0.931 0 0.005
0.531 0.462 0 0.005
0.531 0.473 0 0.005
0.531 0.658 0 0.005
0.531 0.705 0 0.005
0.531 0.812 0 0.005
0.531 0.854 0 0.005
0.531 0.987 0 0.005
0.532 0.249 0 0.005
0.532 0.368 0 0.005
0.532 0.433 0 0.005
0.532 0.451 0 0.005
0.532 0.949 0 0.005
0.532 0.975 0 0.005
0.533 0.35 0 0.005
0.533 0.412 0 0.005
0.533 0.767 0 0.005
0.534 0.005 0 0.005
0.534 0.038 0 0.005
0.534 0.15 0 0.005
0.534 0.728 0 0.005
0.535 0.64 0 0.005
0.535 0.778 0 0.005
0.536 0.068 0 0.005
0.536 0.287 0 0.005
0.536 0.49 0 0.005
0.537 0.086 0 0.005
0.537 0.297 0 0.005
0.537 0.424 0 0.005
0.537 0.939 0 0.005
0.538 0.14 0 0.005
0.538 0.277 0 0.005
0.538 0.555 0 0.005
0.538 0.586 0 0.005
0.539 0.051 0 0.005
0.539 0.339 0 0.005
0.539 0.67 0 0.005
0.54 0.119 0 0.005
0.54 0.537 0 0.005
0.54 0.597 0 0.005
0.54 0.956 0 0.005
0.541 0.213 0 0.005
0.541 0.363 0 0.005
0.541 0.392 0 0.005
0.541 0.48 0 0.005
0.541 0.501 0 0.005
0.541 0.704 0 0.005
0.541 0.836 0 0.005
0.542 0.175 0 0.005
0.542 0.521 0 0.005
0.542 0.657 0 0.005
0.543 0.242 0 0.005
0.543 0.327 0 0.005
0.543 0.381 0 0.005
0.543 0.646 0 0.005
0.543 0.72 0 0.005
0.543 0.745 0 0.005
0.543 0.765 0 0.005
0.544 0.452 0 0.005
0.544 0.618 0 0.005
0.544 0.823 0 0.005
0.544 0.875 0 0.005
0.544 0.886 0 0.005
0.544 0.923 0 0.005
0.544 0.986 0 0.005
0.545 0.547 0 0.005
0.545 0.902 0 0.005
0.546 0.189 0 0.005
0.546 0.312 0 0.005
0.546 0.735 0 0.005
0.547 0.15 0 0.005
0.547 0.297 0 0.005
0.547 0.463 0 0.005
0.547 0.579 0 0.005
0.547 0.844 0 0.005
0.548 0.281 0 0.005
0.548 0.804 0 0.005
0.549 0.096 0 0.005
0.549 0.346 0 0.005
0.549 0.4 0 0.005
0.549 0.41 0 0.005
0.549 0.855 0 0.005
0.55 0.055 0 0.005
0.55 0.067 0 0.005
0.55 0.084 0 0.005
0.55 0.128 0 0.005
0.55 0.206 0 0.005
0.55 0.37 0 0.005
0.55 0.712 0 0.005
0.551 0.107 0 0.005
0.551 0.667 0 0.005
0.551 0.779 0 0.005
0.552 0.015 0 0.005
0.552 0.258 0 0.005
0.552 0.562 0 0.005
0.553 0.0008095238095238096 0 0.005
0.553 0.043 0 0.005
0.553 0.218 0 0.005
0.553 0.637 0 0.005
0.553 0.679 0 0.005
0.553 0.75 0 0.005
0.553 0.794 0 0.005
0.554 0.383 0 0.005
0.554 0.446 0 0.005
0.554 0.519 0 0.005
0.554 0.9972564102564103 0 0.005
0.555 0.167 0 0.005
0.555 0.248 0 0.005
0.555 0.306 0 0.005
0.555 0.355 0 0.005
0.555 0.533 0 0.005
0.555 0.589 0 0.005
0.555 0.767 0 0.005
0.556 0.324 0 0.005
0.556 0.656 0 0.005
0.556 0.893 0 0.005
0.556 0.947 0 0.005
0.557 0.504 0 0.005
0.557 0.607 0 0.005
0.557 0.932 0 0.005
0.558 0.283 0 0.005
0.558 0.426 0 0.005
0.558 0.49 0 0.005
0.558 0.863 0 0.005
0.559 0.188 0 0.005
0.559 0.47 0 0.005
0.559 0.579 0 0.005
0.559 0.883 0 0.005
0.56 0.081 0 0.005
0.56 0.627 0 0.005
0.56 0.723 0 0.005
0.56 0.985 0 0.005
0.561 0.063 0 0.005
0.561 0.12 0 0.005
0.561 0.235 0 0.005
0.561 0.267 0 0.005
0.561 0.556 0 0.005
0.561 0.813 0 0.005
0.561 0.846 0 0.005
0.561 0.912 0 0.005
0.561 0.971 0 0.005
0.562 0.017 0 0.005
0.562 0.138 0 0.005
0.562 0.294 0 0.005
0.562 0.694 0 0.005
0.563 0.032 0 0.005
0.563 0.047 0 0.005
0.563 0.205 0 0.005
0.563 0.349 0 0.005
0.563 0.398 0 0.005
0.563 0.735 0 0.005
0.563 0.902 0 0.005
0.564 0.174 0 0.005
0.564 0.369 0 0.005
0.564 0.48 0 0.005
0.564 0.647 0 0.005
0.565 0.11 0 0.005
0.565 0.796 0 0.005
0.565 0.872 0 0.005
0.566 0.33 0 0.005
0.566 0.385 0 0.005
0.566 0.675 0 0.005
0.566 0.786 0 0.005
0.566 0.927 0 0.005
0.567 0.413 0 0.005
0.567 0.434 0 0.005
0.567 0.593 0 0.005
0.567 0.832 0 0.005
0.568 0.423 0 0.005
0.569 0.094 0 0.005
0.569 0.613 0 0.005
0.569 0.887 0 0.005
0.57 0.262 0 0.005
0.57 0.495 0 0.005
0.57 0.725 0 0.005
0.571 0.026 0 0.005
0.571 0.318 0 0.005
0.571 0.359 0 0.005
0.571 0.513 0 0.005
0.571 0.624 0 0.005
0.571 0.979 0 0.005
0.572 0.843 0 0.005
0.573 0.0022291666666666666 0 0.005
0.573 0.273 0 0.005
0.573 0.526 0 0.005
0.573 0.553 0 0.005
0.573 0.584 0 0.005
0.573 0.745 0 0.005
0.573 0.814 0 0.005
0.574 0.062 0 0.005
0.574 0.219 0 0.005
0.574 0.238 0 0.005
0.574 0.349 0 0.005
0.574 0.447 0 0.005
0.574 0.458 0 0.005
0.574 0.961 0 0.005
0.575 0.697 0 0.005
0.576 0.076 0 0.005
0.576 0.479 0 0.005
0.576 0.714 0 0.005
0.576 0.915 0 0.005
0.576 0.946 0 0.005
0.577 0.173 0 0.005
0.577 0.597 0 0.005
0.577 0.763 0 0.005
0.577 0.776 0 0.005
0.577 0.994 0 0.005
0.578 0.331 0 0.005
0.578 0.538 0 0.005
0.578 0.936 0 0.005
0.579 0.163 0 0.005
0.579 0.25 0 0.005
0.579 0.412 0 0.005
0.579 0.5 0 0.005
0.579 0.57 0 0.005
0.58 0.048 0 0.005
0.58 0.206 0 0.005
0.58 0.299 0 0.005
0.58 0.858 0 0.005
0.581 0.146 0 0.005
0.581 0.663 0 0.005
0.582 0.026 0 0.005
0.582 0.038 0 0.005
0.582 0.127 0 0.005
0.582 0.188 0 0.005
0.582 0.607 0 0.005
0.582 0.831 0 0.005
0.582 0.873 0 0.005
0.583 0.111 0 0.005
0.583 0.284 0 0.005
0.583 0.646 0 0.005
0.583 0.803 0 0.005
0.584 0.583 0 0.005
0.583 0.9985833333333334 0 0.005
0.585 0.097 0 0.005
0.585 0.371 0 0.005
0.585 0.447 0 0.005
0.585 0.457 0 0.005
0.585 0.52 0 0.005
0.585 0.556 0 0.005
0.585 0.707 0 0.005
0.585 0.735 0 0.005
0.586 0.086 0 0.005
0.586 0.235 0 0.005
0.586 0.268 0 0.005
0.586 0.724 0 0.005
0.586 0.758 0 0.005
0.586 0.788 0 0.005
0.587 0.014 0 0.005
0.587 0.171 0 0.005
0.587 0.36 0 0.005
0.587 0.682 0 0.005
0.588 0.948 0 0.005
0.589 0.253 0 0.005
0.589 0.34 0 0.005
0.589 0.57 0 0.005
0.589 0.748 0 0.005
0.589 0.89 0 0.005
0.589 0.933 0 0.005
0.589 0.959 0 0.005
0.59 0.316 0 0.005
0.59 0.77 0 0.005
0.591 0.071 0 0.005
0.591 0.4 0 0.005
0.591 0.412 0 0.005
0.591 0.624 0 0.005
0.591 0.88 0 0.005
0.592 0.152 0 0.005
0.592 0.832 0 0.005
0.592 0.906 0 0.005
0.592 0.974 0 0.005
0.593 0.004 0 0.005
0.593 0.222 0 0.005
0.593 0.861 0 0.005
0.594 0.031 0 0.005
0.594 0.701 0 0.005
0.594 0.798 0 0.005
0.595 0.129 0 0.005
0.595 0.201 0 0.005
0.595 0.33 0 0.005
0.595 0.431 0 0.005
0.595 0.578 0 0.005
0.595 0.595 0 0.005
0.596 0.389 0 0.005
0.596 0.475 0 0.005
0.596 0.606 0 0.005
0.596 0.636 0 0.005
0.596 0.842 0 0.005
0.596 0.922 0 0.005
0.597 0.079 0 0.005
0.597 0.184 0 0.005
0.597 0.236 0 0.005
0.598 0.107 0 0.005
0.598 0.505 0 0.005
0.598 0.661 0 0.005
0.598 0.682 0 0.005
0.598 0.99 0 0.005
0.599 0.443 0 0.005
0.599 0.494 0 0.005
0.599 0.562 0 0.005
0.599 0.741 0 0.005
0.599 0.779 0 0.005
0.599 0.816 0 0.005
0.599 0.95 0 0.005
0.6 0.32 0 0.005
0.6 0.365 0 0.005
0.6 0.535 0 0.005
0.6 0.649 0 0.005
0.6 0.89 0 0.005
0.6 0.966 0 0.005
0.601 0.167 0 0.005
0.601 0.28 0 0.005
0.601 0.587 0 0.005
0.602 0.298 0 0.005
0.603 0.019 0 0.005
0.603 0.407 0 0.005
0.603 0.627 0 0.005
0.604 0.0008095238095238096 0 0.005
0.604 0.146 0 0.005
0.604 0.342 0 0.005
0.604 0.9967708333333334 0 0.005
0.605 0.041 0 0.005
0.605 0.429 0 0.005
0.605 0.864 0 0.005
0.605 0.913 0 0.005
0.606 0.129 0 0.005
0.606 0.246 0 0.005
0.606 0.476 0 0.005
0.606 0.526 0 0.005
0.606 0.835 0 0.005
0.606 0.903 0 0.005
0.606 0.929 0 0.005
0.607 0.091 0 0.005
0.608 0.177 0 0.005
0.608 0.202 0 0.005
0.608 0.326 0 0.005
0.608 0.359 0 0.005
0.608 0.692 0 0.005
0.608 0.754 0 0.005
0.608 0.807 0 0.005
0.608 0.822 0 0.005
0.608 0.879 0 0.005
0.609 0.073 0 0.005
0.609 0.564 0 0.005
0.609 0.96 0 0.005
0.61 0.234 0 0.005
0.61 0.307 0 0.005
0.61 0.449 0 0.005
0.61 0.508 0 0.005
0.61 0.971 0 0.005
0.611 0.154 0 0.005
0.611 0.656 0 0.005
0.611 0.727 0 0.005
0.612 0.221 0 0.005
0.612 0.255 0 0.005
0.612 0.272 0 0.005
0.612 0.42 0 0.005
0.612 0.667 0 0.005
0.613 0.39 0 0.005
0.613 0.538 0 0.005
0.613 0.602 0 0.005
0.614 0.634 0 0.005
0.614 0.707 0 0.005
0.614 0.855 0 0.005
0.614 0.94 0 0.005
0.615 0.287 0 0.005
0.615 0.435 0 0.005
0.615 0.924 0 0.005
0.616 0.015 0 0.005
0.616 0.316 0 0.005
0.616 0.616 0 0.005
0.616 0.87 0 0.005
0.617 0.777 0 0.005
0.617 0.89 0 0.005
0.617 0.905 0 0.005
0.618 0.026 0 0.005
0.618 0.138 0 0.005
0.618 0.178 0 0.005
0.618 0.356 0 0.005
0.618 0.831 0 0.005
0.619 0.066 0 0.005
0.619 0.08 0 0.005
0.619 0.38 0 0.005
0.619 0.405 0 0.005
0.619 0.503 0 0.005
0.619 0.525 0 0.005
0.619 0.644 0 0.005
0.619 0.736 0 0.005
0.62 0.114 0 0.005
0.62 0.547 0 0.005
0.62 0.679 0 0.005
0.621 0.053 0 0.005
0.621 0.366 0 0.005
0.621 0.797 0 0.005
0.621 0.979 0 0.005
0.622 0.326 0 0.005
0.622 0.581 0 0.005
0.622 0.658 0 0.005
0.622 0.95 0 0.005
0.623 0.472 0 0.005
0.624 0.034 0 0.005
0.624 0.602 0 0.005
0.624 0.696 0 0.005
0.625 0.274 0 0.005
0.625 0.427 0 0.005
0.625 0.569 0 0.005
0.625 0.96 0 0.005
0.625 0.99 0 0.005
0.626 0.105 0 0.005
0.626 0.293 0 0.005
0.626 0.307 0 0.005
0.626 0.747 0 0.005
0.627 0.391 0 0.005
0.627 0.413 0 0.005
0.627 0.451 0 0.005
0.628 0.164 0 0.005
0.628 0.176 0 0.005
0.628 0.227 0 0.005
0.628 0.623 0 0.005
0.628 0.822 0 0.005
0.628 0.884 0 0.005
0.629 0.081 0 0.005
0.629 0.496 0 0.005
0.629 0.709 0 0.005
0.629 0.732 0 0.005
0.629 0.775 0 0.005
0.629 0.925 0 0.005
0.63 0.377 0 0.005
0.63 0.486 0 0.005
0.63 0.512 0 0.005
0.63 0.639 0 0.005
0.63 0.84 0 0.005
0.631 0.017 0 0.005
0.631 0.546 0 0.005
0.631 0.653 0 0.005
0.631 0.76 0 0.005
0.631 0.913 0 0.005
0.632 0.052 0 0.005
0.632 0.124 0 0.005
0.632 0.343 0 0.005
0.632 0.672 0 0.005
0.632 0.896 0 0.005
0.633 0.113 0 0.005
0.633 0.256 0 0.005
0.633 0.318 0 0.005
0.633 0.474 0 0.005
0.633 0.563 0 0.005
0.633 0.61 0 0.005
0.634 0.135 0 0.005
0.634 0.282 0 0.005
0.635 0.268 0 0.005
0.636 0.073 0 0.005
0.636 0.235 0 0.005
0.636 0.85 0 0.005
0.636 0.866 0 0.005
0.637 0.204 0 0.005
0.637 0.36 0 0.005
0.637 0.397 0 0.005
0.637 0.454 0 0.005
0.638 0.501 0 0.005
0.638 0.579 0 0.005
0.639 0.103 0 0.005
0.639 0.295 0 0.005
0.639 0.589 0 0.005
0.639 0.73 0 0.005
0.639 0.938 0 0.005
0.639 0.996280701754386 0 0.005
0.64 0.036 0 0.005
0.64 0.184 0 0.005
0.64 0.443 0 0.005
0.64 0.643 0 0.005
0.64 0.709 0 0.005
0.64 0.789 0 0.005
0.64 0.925 0 0.005
0.64 0.959 0 0.005
0.641 0.021 0 0.005
0.641 0.082 0 0.005
0.641 0.226 0 0.005
0.641 0.372 0 0.005
0.641 0.75 0 0.005
0.641 0.812 0 0.005
0.642 0.159 0 0.005
0.642 0.513 0 0.005
0.642 0.687 0 0.005
0.642 0.767 0 0.005
0.643 0.216 0 0.005
0.643 0.352 0 0.005
0.643 0.532 0 0.005
0.643 0.907 0 0.005
0.643 0.986 0 0.005
0.644 0.335 0 0.005
0.644 0.545 0 0.005
0.644 0.827 0 0.005
0.644 0.841 0 0.005
0.644 0.97 0 0.005
0.645 0.197 0 0.005
0.645 0.26 0 0.005
0.645 0.57 0 0.005
0.646 0.127 0 0.005
0.647 0.067 0 0.005
0.647 0.141 0 0.005
0.647 0.43 0 0.005
0.647 0.724 0 0.005
0.647 0.891 0 0.005
0.648 0.612 0 0.005
0.648 0.802 0 0.005
0.648 0.865 0 0.005
0.649 0.047 0 0.005
0.649 0.362 0 0.005
0.649 0.672 0 0.005
0.649 0.756 0 0.005
0.65 0.108 0 0.005
0.65 0.301 0 0.005
0.65 0.323 0 0.005
0.65 0.4 0 0.005
0.65 0.479 0 0.005
0.65 0.651 0 0.005
0.65 0.704 0 0.005
0.651 0.01 0 0.005
0.651 0.273 0 0.005
0.651 0.46 0 0.005
0.651 0.599 0 0.005
0.651 0.817 0 0.005
0.652 0.158 0 0.005
0.652 0.182 0 0.005
0.652 0.208 0 0.005
0.652 0.508 0 0.005
0.652 0.634 0 0.005
0.652 0.941 0 0.005
0.653 0.077 0 0.005
0.653 0.238 0 0.005
0.653 0.735 0 0.005
0.653 0.782 0 0.005
0.654 0.253 0 0.005
0.654 0.498 0 0.005
0.654 0.842 0 0.005
0.654 0.902 0 0.005
0.655 0.037 0 0.005
0.655 0.059 0 0.005
0.655 0.17 0 0.005
0.655 0.372 0 0.005
0.655 0.383 0 0.005
0.655 0.445 0 0.005
0.655 0.714 0 0.005
0.655 0.986 0 0.005
0.656 0.293 0 0.005
0.656 0.564 0 0.005
0.656 0.578 0 0.005
0.657 0.684 0 0.005
0.657 0.872 0 0.005
0.658 0.218 0 0.005
0.658 0.229 0 0.005
0.658 0.543 0 0.005
0.658 0.624 0 0.005
0.658 0.771 0 0.005
0.658 0.962 0 0.005
0.659 0.613 0 0.005
0.659 0.799 0 0.005
0.659 0.916 0 0.005
0.66 0.129 0 0.005
0.66 0.19 0 0.005
0.66 0.341 0 0.005
0.66 0.41 0 0.005
0.66 0.648 0 0.005
0.66 0.744 0 0.005
0.661 0.14 0 0.005
0.661 0.475 0 0.005
0.661 0.523 0 0.005
0.661 0.695 0 0.005
0.662 0.313 0 0.005
0.662 0.927 0 0.005
0.663 0.239 0 0.005
0.663 0.504 0 0.005
0.663 0.725 0 0.005
0.663 0.855 0 0.005
0.663 0.942 0 0.005
0.661 0.999 0 0.005
0.664 0.022 0 0.005
0.664 0.052 0 0.005
0.664 0.113 0 0.005
0.664 0.275 0 0.005
0.664 0.36 0 0.005
0.664 0.432 0 0.005
0.664 0.463 0 0.005
0.664 0.488 0 0.005
0.664 0.844 0 0.005
0.664 0.899 0 0.005
0.665 0.065 0 0.005
0.665 0.824 0 0.005
0.666 0.0008095238095238096 0 0.005
0.666 0.577 0 0.005
0.666 0.657 0 0.005
0.666 0.673 0 0.005
0.667 0.76 0 0.005
0.667 0.983 0 0.005
0.668 0.075 0 0.005
0.668 0.205 0 0.005
0.668 0.395 0 0.005
0.668 0.56 0 0.005
0.669 0.093 0 0.005
0.669 0.596 0 0.005
0.669 0.64 0 0.005
0.669 0.785 0 0.005
0.67 0.514 0 0.005
0.67 0.995 0 0.005
0.671 0.375 0 0.005
0.671 0.628 0 0.005
0.671 0.701 0 0.005
0.671 0.861 0 0.005
0.672 0.288 0 0.005
0.672 0.336 0 0.005
0.672 0.471 0 0.005
0.672 0.687 0 0.005
0.673 0.008 0 0.005
0.673 0.133 0 0.005
0.673 0.408 0 0.005
0.674 0.269 0 0.005
0.674 0.357 0 0.005
0.674 0.438 0 0.005
0.674 0.91 0 0.005
0.675 0.111 0 0.005
0.675 0.452 0 0.005
0.675 0.608 0 0.005
0.675 0.881 0 0.005
0.675 0.928 0 0.005
0.675 0.948 0 0.005
0.676 0.528 0 0.005
0.676 0.667 0 0.005
0.676 0.828 0 0.005
0.676 0.966 0 0.005
0.677 0.042 0 0.005
0.677 0.234 0 0.005
0.677 0.298 0 0.005
0.677 0.491 0 0.005
0.678 0.024 0 0.005
0.678 0.053 0 0.005
0.678 0.074 0 0.005
0.678 0.196 0 0.005
0.678 0.217 0 0.005
0.679 0.121 0 0.005
0.679 0.245 0 0.005
0.679 0.48 0 0.005
0.679 0.754 0 0.005
0.68 0.085 0 0.005
0.68 0.163 0 0.005
0.68 0.282 0 0.005
0.68 0.513 0 0.005
0.681 0.627 0 0.005
0.681 0.736 0 0.005
0.681 0.789 0 0.005
0.682 0.386 0 0.005
0.682 0.616 0 0.005
0.683 0.328 0 0.005
0.683 0.571 0 0.005
0.683 0.868 0 0.005
0.683 0.994 0 0.005
0.684 0.259 0 0.005
0.684 0.427 0 0.005
0.684 0.726 0 0.005
0.684 0.802 0 0.005
0.684 0.912 0 0.005
0.685 0.105 0 0.005
0.685 0.363 0 0.005
0.685 0.553 0 0.005
0.685 0.703 0 0.005
0.685 0.836 0 0.005
0.685 0.896 0 0.005
0.685 0.944 0 0.005
0.686 0.408 0 0.005
0.686 0.467 0 0.005
0.686 0.657 0 0.005
0.686 0.854 0 0.005
0.687 0.233 0 0.005
0.687 0.342 0 0.005
0.687 0.543 0 0.005
0.687 0.686 0 0.005
0.687 0.822 0 0.005
0.688 0.076 0 0.005
0.688 0.295 0 0.005
0.688 0.532 0 0.005
0.688 0.924 0 0.005
0.689 0.206 0 0.005
0.689 0.245 0 0.005
0.689 0.974 0 0.005
0.69 0.005 0 0.005
0.69 0.089 0 0.005
0.69 0.148 0 0.005
0.69 0.194 0 0.005
0.69 0.354 0 0.005
0.69 0.481 0 0.005
0.691 0.054 0 0.005
0.691 0.281 0 0.005
0.691 0.606 0 0.005
0.691 0.959 0 0.005
0.692 0.041 0 0.005
0.692 0.586 0 0.005
0.692 0.882 0 0.005
0.693 0.39 0 0.005
0.693 0.459 0 0.005
0.693 0.504 0 0.005
0.693 0.563 0 0.005
0.693 0.636 0 0.005
0.694 0.134 0 0.005
0.694 0.372 0 0.005
0.694 0.792 0 0.005
0.695 0.184 0 0.005
0.695 0.253 0 0.005
0.695 0.332 0 0.005
0.695 0.472 0 0.005
0.695 0.651 0 0.005
0.695 0.666 0 0.005
0.695 0.697 0 0.005
0.695 0.715 0 0.005
0.695 0.843 0 0.005
0.696 0.222 0 0.005
0.696 0.315 0 0.005
0.696 0.441 0 0.005
0.697 0.03 0 0.005
0.697 0.237 0 0.005
0.697 0.621 0 0.005
0.698 0.749 0 0.005
0.699 0.161 0 0.005
0.699 0.734 0 0.005
0.699 0.812 0 0.005
0.699 0.983 0 0.005
0.7 0.068 0 0.005
0.7 0.273 0 0.005
0.7 0.536 0 0.005
0.7 0.855 0 0.005
0.7 0.922 0 0.005
0.701 0.431 0 0.005
0.701 0.484 0 0.005
0.701 0.557 0 0.005
0.701 0.784 0 0.005
0.701 0.9 0 0.005
0.701 0.935 0 0.005
0.702 0.109 0 0.005
0.702 0.288 0 0.005
0.702 0.762 0 0.005
0.702 0.964 0 0.005
0.703 0.58 0 0.005
0.703 0.89 0 0.005
0.704 0.199 0 0.005
0.704 0.504 0 0.005
0.705 0.136 0 0.005
0.705 0.308 0 0.005
0.705 0.395 0 0.005
0.705 0.527 0 0.005
0.705 0.634 0 0.005
0.705 0.694 0 0.005
0.706 0.005 0 0.005
0.706 0.146 0 0.005
0.706 0.447 0 0.005
0.706 0.705 0 0.005
0.707 0.327 0 0.005
0.707 0.408 0 0.005
0.707 0.652 0 0.005
0.707 0.668 0 0.005
0.707 0.72 0 0.005
0.707 0.845 0 0.005
0.708 0.12 0 0.005
0.708 0.494 0 0.005
0.708 0.742 0 0.005
0.709 0.424 0 0.005
0.709 0.988 0 0.005
0.71 0.027 0 0.005
0.71 0.236 0 0.005
0.71 0.354 0 0.005
0.71 0.906 0 0.005
0.711 0.155 0 0.005
0.711 0.261 0 0.005
0.711 0.295 0 0.005
0.711 0.369 0 0.005
0.711 0.569 0 0.005
0.711 0.88 0 0.005
0.711 0.896 0 0.005
0.712 0.173 0 0.005
0.712 0.221 0 0.005
0.712 0.339 0 0.005
0.712 0.382 0 0.005
0.712 0.611 0 0.005
0.712 0.642 0 0.005
0.712 0.73 0 0.005
0.712 0.952 0 0.005
0.713 0.537 0 0.005
0.713 0.809 0 0.005
0.713 0.854 0 0.005
0.713 0.923 0 0.005
0.714 0.098 0 0.005
0.714 0.19 0 0.005
0.714 0.246 0 0.005
0.714 0.484 0 0.005
0.714 0.518 0 0.005
0.714 0.797 0 0.005
0.715 0.468 0 0.005
0.715 0.69 0 0.005
0.715 0.768 0 0.005
0.716 0.054 0 0.005
0.716 0.703 0 0.005
0.716 0.754 0 0.005
0.717 0.012 0 0.005
0.717 0.079 0 0.005
0.717 0.134 0 0.005
0.717 0.201 0 0.005
0.717 0.319 0 0.005
0.717 0.784 0 0.005
0.717 0.943 0 0.005
0.717 0.976 0 0.005
0.719 0.309 0 0.005
0.719 0.401 0 0.005
0.719 0.717 0 0.005
0.72 0.038 0 0.005
0.72 0.111 0 0.005
0.721 0.023 0 0.005
0.721 0.216 0 0.005
0.721 0.905 0 0.005
0.721 0.958 0 0.005
0.721 0.993 0 0.005
0.722 0.169 0 0.005
0.722 0.344 0 0.005
0.722 0.449 0 0.005
0.722 0.599 0 0.005
0.723 0.0022291666666666666 0 0.005
0.723 0.554 0 0.005
0.723 0.671 0 0.005
0.723 0.885 0 0.005
0.724 0.251 0 0.005
0.724 0.844 0 0.005
0.724 0.872 0 0.005
0.725 0.296 0 0.005
0.725 0.432 0 0.005
0.725 0.639 0 0.005
0.726 0.149 0 0.005
0.726 0.228 0 0.005
0.726 0.692 0 0.005
0.727 0.185 0 0.005
0.727 0.268 0 0.005
0.727 0.356 0 0.005
0.727 0.727 0 0.005
0.725 0.999 0 0.005
0.728 0.195 0 0.005
0.728 0.315 0 0.005
0.728 0.331 0 0.005
0.728 0.378 0 0.005
0.728 0.416 0 0.005
0.728 0.481 0 0.005
0.728 0.494 0 0.005
0.728 0.607 0 0.005
0.728 0.617 0 0.005
0.728 0.799 0 0.005
0.729 0.074 0 0.005
0.729 0.737 0 0.005
0.73 0.467 0 0.005
0.73 0.518 0 0.005
0.73 0.535 0 0.005
0.73 0.764 0 0.005
0.73 0.944 0 0.005
0.73 0.966 0 0.005
0.73 0.983 0 0.005
0.731 0.035 0 0.005
0.731 0.108 0 0.005
0.731 0.123 0 0.005
0.731 0.16 0 0.005
0.731 0.661 0 0.005
0.731 0.922 0 0.005
0.732 0.055 0 0.005
0.732 0.171 0 0.005
0.732 0.206 0 0.005
0.732 0.279 0 0.005
0.733 0.403 0 0.005
0.733 0.425 0 0.005
0.733 0.453 0 0.005
0.733 0.836 0 0.005
0.733 0.907 0 0.005
0.734 0.0008095238095238096 0 0.005
0.734 0.347 0 0.005
0.734 0.89 0 0.005
0.735 0.548 0 0.005
0.735 0.59 0 0.005
0.735 0.635 0 0.005
0.735 0.934 0 0.005
0.736 0.138 0 0.005
0.736 0.151 0 0.005
0.736 0.855 0 0.005
0.736 0.871 0 0.005
0.736 0.955 0 0.005
0.737 0.602 0 0.005
0.737 0.623 0 0.005
0.737 0.825 0 0.005
0.736 0.9985833333333334 0 0.005
0.738 0.085 0 0.005
0.738 0.357 0 0.005
0.738 0.368 0 0.005
0.738 0.507 0 0.005
0.738 0.558 0 0.005
0.739 0.068 0 0.005
0.739 0.315 0 0.005
0.739 0.705 0 0.005
0.74 0.019 0 0.005
0.74 0.243 0 0.005
0.74 0.687 0 0.005
0.741 0.438 0 0.005
0.741 0.538 0 0.005
0.741 0.755 0 0.005
0.741 0.788 0 0.005
0.742 0.056 0 0.005
0.742 0.291 0 0.005
0.742 0.409 0 0.005
0.742 0.48 0 0.005
0.742 0.643 0 0.005
0.742 0.676 0 0.005
0.742 0.774 0 0.005
0.742 0.983 0 0.005
0.743 0.185 0 0.005
0.743 0.204 0 0.005
0.743 0.338 0 0.005
0.744 0.274 0 0.005
0.744 0.388 0 0.005
0.744 0.848 0 0.005
0.744 0.941 0 0.005
0.745 0.527 0 0.005
0.745 0.72 0 0.005
0.745 0.834 0 0.005
0.745 0.972 0 0.005
0.746 0.035 0 0.005
0.746 0.111 0 0.005
0.746 0.256 0 0.005
0.746 0.802 0 0.005
0.746 0.906 0 0.005
0.746 0.959 0 0.005
0.747 0.3 0 0.005
0.747 0.425 0 0.005
0.747 0.924 0 0.005
0.748 0.161 0 0.005
0.748 0.547 0 0.005
0.748 0.693 0 0.005
0.748 0.882 0 0.005
0.749 0.399 0 0.005
0.749 0.815 0 0.005
0.75 0.002719298245614035 0 0.005
0.75 0.067 0 0.005
0.75 0.323 0 0.005
0.75 0.575 0 0.005
0.75 0.619 0 0.005
0.751 0.446 0 0.005
0.751 0.781 0 0.005
0.751 0.866 0 0.005
0.752 0.052 0 0.005
0.752 0.351 0 0.005
0.752 0.485 0 0.005
0.752 0.602 0 0.005
0.753 0.099 0 0.005
0.753 0.233 0 0.005
0.753 0.565 0 0.005
0.753 0.642 0 0.005
0.753 0.73 0 0.005
0.753 0.949 0 0.005
0.754 0.085 0 0.005
0.754 0.197 0 0.005
0.754 0.212 0 0.005
0.754 0.28 0 0.005
0.755 0.222 0 0.005
0.755 0.72 0 0.005
0.755 0.849 0 0.005
0.755 0.986 0 0.005
0.756 0.187 0 0.005
0.756 0.37 0 0.005
0.756 0.38 0 0.005
0.756 0.473 0 0.005
0.756 0.506 0 0.005
0.756 0.681 0 0.005
0.757 0.016 0 0.005
0.757 0.537 0 0.005
0.757 0.75 0 0.005
0.758 0.06 0 0.005
0.758 0.13 0 0.005
0.758 0.145 0 0.005
0.758 0.822 0 0.005
0.758 0.878 0 0.005
0.758 0.891 0 0.005
0.759 0.035 0 0.005
0.759 0.158 0 0.005
0.759 0.342 0 0.005
0.759 0.416 0 0.005
0.759 0.611 0 0.005
0.759 0.706 0 0.005
0.759 0.791 0 0.005
0.759 0.806 0 0.005
0.76 0.112 0 0.005
0.76 0.441 0 0.005
0.76 0.46 0 0.005
0.76 0.524 0 0.005
0.761 0.586 0 0.005
0.761 0.621 0 0.005
0.761 0.901 0 0.005
0.762 0.049 0 0.005
0.762 0.071 0 0.005
0.762 0.406 0 0.005
0.762 0.496 0 0.005
0.762 0.936 0 0.005
0.763 0.247 0 0.005
0.763 0.299 0 0.005
0.763 0.689 0 0.005
0.763 0.727 0 0.005
0.764 0.208 0 0.005
0.764 0.267 0 0.005
0.764 0.551 0 0.005
0.764 0.969 0 0.005
0.765 0.309 0 0.005
0.765 0.771 0 0.005
0.765 0.952 0 0.005
0.766 0.181 0 0.005
0.766 0.835 0 0.005
0.767 0.027 0 0.005
0.767 0.22 0 0.005
0.767 0.86 0 0.005
0.768 0.007 0 0.005
0.768 0.06 0 0.005
0.768 0.472 0 0.005
0.768 0.504 0 0.005
0.768 0.653 0 0.005
0.768 0.922 0 0.005
0.769 0.136 0 0.005
0.769 0.358 0 0.005
0.769 0.593 0 0.005
0.77 0.088 0 0.005
0.77 0.168 0 0.005
0.77 0.28 0 0.005
0.77 0.32 0 0.005
0.77 0.663 0 0.005
0.77 0.889 0 0.005
0.771 0.396 0 0.005
0.771 0.529 0 0.005
0.771 0.629 0 0.005
0.771 0.697 0 0.005
0.771 0.8 0 0.005
0.772 0.049 0 0.005
0.772 0.195 0 0.005
0.772 0.235 0 0.005
0.773 0.124 0 0.005
0.773 0.258 0 0.005
0.773 0.341 0 0.005
0.773 0.976 0 0.005
0.774 0.558 0 0.005
0.774 0.736 0 0.005
0.774 0.81 0 0.005
0.774 0.902 0 0.005
0.774 0.943 0 0.005
0.775 0.246 0 0.005
0.775 0.829 0 0.005
0.775 0.879 0 0.005
0.776 0.014 0 0.005
0.776 0.512 0 0.005
0.776 0.987 0 0.005
0.777 0.148 0 0.005
0.777 0.38 0 0.005
0.777 0.485 0 0.005
0.778 0.061 0 0.005
0.778 0.112 0 0.005
0.778 0.444 0 0.005
0.778 0.498 0 0.005
0.778 0.581 0 0.005
0.778 0.647 0 0.005
0.778 0.725 0 0.005
0.778 0.849 0 0.005
0.779 0.417 0 0.005
0.779 0.431 0 0.005
0.779 0.455 0 0.005
0.779 0.705 0 0.005
0.779 0.868 0 0.005
0.78 0.094 0 0.005
0.78 0.163 0 0.005
0.78 0.22 0 0.005
0.78 0.657 0 0.005
0.78 0.776 0 0.005
0.781 0.178 0 0.005
0.781 0.264 0 0.005
0.782 0.609 0 0.005
0.782 0.676 0 0.005
0.782 0.765 0 0.005
0.783 0.028 0 0.005
0.783 0.206 0 0.005
0.783 0.282 0 0.005
0.783 0.465 0 0.005
0.783 0.596 0 0.005
0.783 0.821 0 0.005
0.784 0.079 0 0.005
0.784 0.561 0 0.005
0.784 0.925 0 0.005
0.785 0.396 0 0.005
0.785 0.84 0 0.005
0.785 0.964 0 0.005
0.786 0.045 0 0.005
0.786 0.131 0 0.005
0.786 0.571 0 0.005
0.786 0.691 0 0.005
0.786 0.944 0 0.005
0.786 0.993 0 0.005
0.787 0.186 0 0.005
0.787 0.749 0 0.005
0.787 0.901 0 0.005
0.788 0.45 0 0.005
0.788 0.725 0 0.005
0.789 0.172 0 0.005
0.789 0.363 0 0.005
0.789 0.41 0 0.005
0.789 0.521 0 0.005
0.789 0.628 0 0.005
0.79 0.337 0 0.005
0.79 0.44 0 0.005
0.79 0.534 0 0.005
0.79 0.914 0 0.005
0.791 0.054 0 0.005
0.791 0.233 0 0.005
0.791 0.353 0 0.005
0.791 0.38 0 0.005
0.791 0.501 0 0.005
0.791 0.644 0 0.005
0.792 0.105 0 0.005
0.792 0.2 0 0.005
0.792 0.296 0 0.005
0.792 0.712 0 0.005
0.793 0.088 0 0.005
0.793 0.22 0 0.005
0.793 0.254 0 0.005
0.793 0.279 0 0.005
0.793 0.479 0 0.005
0.793 0.6 0 0.005
0.793 0.734 0 0.005
0.793 0.789 0 0.005
0.793 0.935 0 0.005
0.794 0.02 0 0.005
0.794 0.829 0 0.005
0.795 0.035 0 0.005
0.795 0.402 0 0.005
0.795 0.895 0 0.005
0.796 0.118 0 0.005
0.796 0.324 0 0.005
0.796 0.984 0 0.005
0.796 0.9981904761904762 0 0.005
0.797 0.131 0 0.005
0.797 0.425 0 0.005
0.797 0.814 0 0.005
0.797 0.84 0 0.005
0.798 0.15 0 0.005
0.798 0.859 0 0.005
0.799 0.163 0 0.005
0.799 0.958 0 0.005
0.8 0.972 0 0.005
0.801 0.058 0 0.005
0.801 0.08 0 0.005
0.801 0.289 0 0.005
0.801 0.377 0 0.005
0.801 0.438 0 0.005
0.802 0.043 0 0.005
0.802 0.179 0 0.005
0.802 0.391 0 0.005
0.802 0.466 0 0.005
0.802 0.614 0 0.005
0.803 0.514 0 0.005
0.803 0.684 0 0.005
0.803 0.747 0 0.005
0.804 0.109 0 0.005
0.804 0.213 0 0.005
0.804 0.273 0 0.005
0.804 0.592 0 0.005
0.804 0.935 0 0.005
0.804 0.946 0 0.005
0.805 0.005 0 0.005
0.805 0.299 0 0.005
0.805 0.534 0 0.005
0.805 0.709 0 0.005
0.805 0.905 0 0.005
0.806 0.096 0 0.005
0.806 0.314 0 0.005
0.806 0.41 0 0.005
0.806 0.547 0 0.005
0.806 0.737 0 0.005
0.807 0.762 0 0.005
0.808 0.069 0 0.005
0.808 0.158 0 0.005
0.808 0.196 0 0.005
0.808 0.368 0 0.005
0.808 0.488 0 0.005
0.808 0.581 0 0.005
0.808 0.631 0 0.005
0.808 0.823 0 0.005
0.809 0.119 0 0.005
0.809 0.228 0 0.005
0.809 0.26 0 0.005
0.809 0.57 0 0.005
0.809 0.663 0 0.005
0.809 0.967 0 0.005
0.81 0.137 0 0.005
0.81 0.344 0 0.005
0.81 0.354 0 0.005
0.81 0.501 0 0.005
0.811 0.422 0 0.005
0.811 0.895 0 0.005
0.812 0.086 0 0.005
0.812 0.462 0 0.005
0.813 0.042 0 0.005
0.813 0.055 0 0.005
0.813 0.511 0 0.005
0.813 0.559 0 0.005
0.813 0.607 0 0.005
0.813 0.643 0 0.005
0.813 0.804 0 0.005
0.813 0.855 0 0.005
0.813 0.989 0 0.005
0.814 0.205 0 0.005
0.814 0.274 0 0.005
0.814 0.33 0 0.005
0.815 0.01 0 0.005
0.815 0.031 0 0.005
0.815 0.217 0 0.005
0.815 0.301 0 0.005
0.815 0.783 0 0.005
0.816 0.747 0 0.005
0.816 0.832 0 0.005
0.817 0.678 0 0.005
0.817 0.69 0 0.005
0.817 0.72 0 0.005
0.818 0.114 0 0.005
0.818 0.149 0 0.005
0.818 0.162 0 0.005
0.818 0.181 0 0.005
0.818 0.286 0 0.005
0.818 0.495 0 0.005
0.818 0.545 0 0.005
0.819 0.26 0 0.005
0.819 0.453 0 0.005
0.82 0.322 0 0.005
0.82 0.921 0 0.005
0.82 0.933 0 0.005
0.82 0.9972564102564103 0 0.005
0.821 0.195 0 0.005
0.821 0.409 0 0.005
0.821 0.731 0 0.005
0.821 0.868 0 0.005
0.821 0.887 0 0.005
0.821 0.953 0 0.005
0.821 0.981 0 0.005
0.822 0.433 0 0.005
0.822 0.478 0 0.005
0.822 0.585 0 0.005
0.823 0.07 0 0.005
0.823 0.709 0 0.005
0.824 0.371 0 0.005
0.824 0.421 0 0.005
0.824 0.566 0 0.005
0.824 0.763 0 0.005
0.825 0.134 0 0.005
0.825 0.35 0 0.005
0.825 0.816 0 0.005
0.826 0.042 0 0.005
0.826 0.106 0 0.005
0.826 0.28 0 0.005
0.826 0.393 0 0.005
0.826 0.615 0 0.005
0.826 0.968 0 0.005
0.827 0.027 0 0.005
0.827 0.208 0 0.005
0.827 0.597 0 0.005
0.828 0.002719298245614035 0 0.005
0.828 0.016 0 0.005
0.828 0.458 0 0.005
0.828 0.489 0 0.005
0.828 0.876 0 0.005
0.828 0.91 0 0.005
0.829 0.095 0 0.005
0.829 0.221 0 0.005
0.829 0.656 0 0.005
0.829 0.783 0 0.005
0.831 0.521 0 0.005
0.831 0.547 0 0.005
0.832 0.197 0 0.005
0.832 0.243 0 0.005
0.832 0.301 0 0.005
0.832 0.437 0 0.005
0.832 0.714 0 0.005
0.832 0.807 0 0.005
0.833 0.253 0 0.005
0.833 0.605 0 0.005
0.833 0.744 0 0.005
0.833 0.829 0 0.005
0.834 0.157 0 0.005
0.834 0.498 0 0.005
0.834 0.678 0 0.005
0.834 0.852 0 0.005
0.834 0.89 0 0.005
0.834 0.956 0 0.005
0.835 0.033 0 0.005
0.835 0.339 0 0.005
0.835 0.568 0 0.005
0.836 0.079 0 0.005
0.836 0.128 0 0.005
0.836 0.387 0 0.005
0.836 0.417 0 0.005
0.836 0.988 0 0.005
0.837 0.211 0 0.005
0.837 0.666 0 0.005
0.839 0.059 0 0.005
0.839 0.169 0 0.005
0.839 0.314 0 0.005
0.839 0.326 0 0.005
0.839 0.363 0 0.005
0.839 0.511 0 0.005
0.839 0.578 0 0.005
0.839 0.617 0 0.005
0.839 0.723 0 0.005
0.839 0.735 0 0.005
0.839 0.764 0 0.005
0.84 0.101 0 0.005
0.84 0.458 0 0.005
0.84 0.589 0 0.005
0.84 0.875 0 0.005
0.84 0.906 0 0.005
0.841 0.008 0 0.005
0.841 0.288 0 0.005
0.842 0.151 0 0.005
0.842 0.708 0 0.005
0.842 0.843 0 0.005
0.843 0.377 0 0.005
0.843 0.687 0 0.005
0.844 0.219 0 0.005
0.844 0.698 0 0.005
0.844 0.816 0 0.005
0.846 0.252 0 0.005
0.846 0.297 0 0.005
0.846 0.486 0 0.005
0.846 0.599 0 0.005
0.846 0.78 0 0.005
0.846 0.831 0 0.005
0.846 0.978 0 0.005
0.847 0.206 0 0.005
0.847 0.498 0 0.005
0.847 0.623 0 0.005
0.847 0.747 0 0.005
0.847 0.883 0 0.005
0.847 0.968 0 0.005
0.848 0.139 0 0.005
0.848 0.265 0 0.005
0.848 0.474 0 0.005
0.848 0.9972564102564103 0 0.005
0.849 0.068 0 0.005
0.849 0.083 0 0.005
0.849 0.178 0 0.005
0.849 0.231 0 0.005
0.849 0.448 0 0.005
0.849 0.562 0 0.005
0.849 0.668 0 0.005
0.849 0.896 0 0.005
0.85 0.0022291666666666666 0 0.005
0.85 0.048 0 0.005
0.85 0.193 0 0.005
0.85 0.543 0 0.005
0.85 0.61 0 0.005
0.85 0.853 0 0.005
0.851 0.288 0 0.005
0.851 0.359 0 0.005
0.851 0.658 0 0.005
0.851 0.869 0 0.005
0.851 0.989 0 0.005
0.852 0.159 0 0.005
0.852 0.244 0 0.005
0.852 0.802 0 0.005
0.852 0.953 0 0.005
0.853 0.309 0 0.005
0.853 0.53 0 0.005
0.854 0.092 0 0.005
0.854 0.222 0 0.005
0.854 0.333 0 0.005
0.854 0.389 0 0.005
0.854 0.465 0 0.005
0.854 0.585 0 0.005
0.855 0.104 0 0.005
0.855 0.419 0 0.005
0.855 0.431 0 0.005
0.855 0.942 0 0.005
0.856 0.019 0 0.005
0.856 0.257 0 0.005
0.856 0.344 0 0.005
0.856 0.823 0 0.005
0.857 0.117 0 0.005
0.857 0.568 0 0.005
0.857 0.674 0 0.005
0.857 0.753 0 0.005
0.858 0.008 0 0.005
0.858 0.206 0 0.005
0.858 0.7 0 0.005
0.858 0.733 0 0.005
0.858 0.782 0 0.005
0.859 0.129 0 0.005
0.859 0.281 0 0.005
0.859 0.398 0 0.005
0.859 0.893 0 0.005
0.859 0.929 0 0.005
0.86 0.23 0 0.005
0.86 0.377 0 0.005
0.861 0.303 0 0.005
0.861 0.491 0 0.005
0.861 0.542 0 0.005
0.861 0.602 0 0.005
0.861 0.971 0 0.005
0.861 0.99 0 0.005
0.862 0.073 0 0.005
0.862 0.319 0 0.005
0.862 0.802 0 0.005
0.862 0.916 0 0.005
0.863 0.18 0 0.005
0.863 0.353 0 0.005
0.863 0.363 0 0.005
0.863 0.437 0 0.005
0.863 0.522 0 0.005
0.863 0.687 0 0.005
0.863 0.744 0 0.005
0.863 0.773 0 0.005
0.864 0.471 0 0.005
0.864 0.814 0 0.005
0.865 0.104 0 0.005
0.865 0.505 0 0.005
0.865 0.562 0 0.005
0.866 0.063 0 0.005
0.866 0.452 0 0.005
0.866 0.532 0 0.005
0.867 0.018 0 0.005
0.867 0.33 0 0.005
0.867 0.718 0 0.005
0.867 0.828 0 0.005
0.868 0.269 0 0.005
0.868 0.65 0 0.005
0.868 0.87 0 0.005
0.868 0.902 0 0.005
0.869 0.247 0 0.005
0.869 0.573 0 0.005
0.869 0.753 0 0.005
0.869 0.983 0 0.005
0.869 0.996280701754386 0 0.005
0.87 0.2 0 0.005
0.87 0.703 0 0.005
0.87 0.857 0 0.005
0.871 0.036 0 0.005
0.871 0.171 0 0.005
0.871 0.291 0 0.005
0.871 0.301 0 0.005
0.871 0.38 0 0.005
0.872 0.133 0 0.005
0.872 0.185 0 0.005
0.872 0.583 0 0.005
0.872 0.64 0 0.005
0.872 0.845 0 0.005
0.873 0.094 0 0.005
0.873 0.224 0 0.005
0.873 0.439 0 0.005
0.873 0.461 0 0.005
0.873 0.498 0 0.005
0.873 0.621 0 0.005
0.873 0.66 0 0.005
0.873 0.954 0 0.005
0.874 0.42 0 0.005
0.874 0.482 0 0.005
0.875 0.047 0 0.005
0.875 0.523 0 0.005
0.875 0.741 0 0.005
0.875 0.774 0 0.005
0.876 0.162 0 0.005
0.876 0.347 0 0.005
0.876 0.392 0 0.005
0.876 0.54 0 0.005
0.876 0.817 0 0.005
0.876 0.932 0 0.005
0.877 0.676 0 0.005
0.877 0.712 0 0.005
0.877 0.991 0 0.005
0.878 0.322 0 0.005
0.878 0.968 0 0.005
0.879 0.194 0 0.005
0.879 0.31 0 0.005
0.879 0.554 0 0.005
0.88 0.0008095238095238096 0 0.005
0.88 0.898 0 0.005
0.881 0.146 0 0.005
0.881 0.26 0 0.005
0.881 0.574 0 0.005
0.881 0.724 0 0.005
0.881 0.923 0 0.005
0.882 0.078 0 0.005
0.882 0.122 0 0.005
0.882 0.685 0 0.005
0.882 0.764 0 0.005
0.882 0.876 0 0.005
0.883 0.039 0 0.005
0.883 0.859 0 0.005
0.884 0.109 0 0.005
0.884 0.181 0 0.005
0.885 0.232 0 0.005
0.885 0.28 0 0.005
0.885 0.564 0 0.005
0.885 0.825 0 0.005
0.885 0.838 0 0.005
0.886 0.089 0 0.005
0.886 0.165 0 0.005
0.886 0.36 0 0.005
0.886 0.48 0 0.005
0.886 0.947 0 0.005
0.887 0.427 0 0.005
0.887 0.525 0 0.005
0.887 0.702 0 0.005
0.887 0.907 0 0.005
0.887 0.931 0 0.005
0.888 0.022 0 0.005
0.888 0.347 0 0.005
0.888 0.406 0 0.005
0.888 0.51 0 0.005
0.889 0.205 0 0.005
0.889 0.296 0 0.005
0.889 0.329 0 0.005
0.889 0.497 0 0.005
0.889 0.851 0 0.005
0.89 0.39 0 0.005
0.89 0.458 0 0.005
0.89 0.555 0 0.005
0.89 0.731 0 0.005
0.89 0.787 0 0.005
0.89 0.961 0 0.005
0.89 0.9967708333333334 0 0.005
0.891 0.253 0 0.005
0.891 0.54 0 0.005
0.891 0.642 0 0.005
0.891 0.664 0 0.005
0.891 0.755 0 0.005
0.891 0.869 0 0.005
0.891 0.897 0 0.005
0.891 0.975 0 0.005
0.892 0.446 0 0.005
0.892 0.884 0 0.005
0.892 0.916 0 0.005
0.893 0.065 0 0.005
0.894 0.129 0 0.005
0.894 0.571 0 0.005
0.894 0.939 0 0.005
0.895 0.002719298245614035 0 0.005
0.895 0.076 0 0.005
0.895 0.321 0 0.005
0.895 0.339 0 0.005
0.895 0.374 0 0.005
0.895 0.832 0 0.005
0.896 0.113 0 0.005
0.896 0.595 0 0.005
0.896 0.819 0 0.005
0.897 0.271 0 0.005
0.898 0.655 0 0.005
0.898 0.858 0 0.005
0.899 0.168 0 0.005
0.899 0.21 0 0.005
0.899 0.238 0 0.005
0.899 0.617 0 0.005
0.899 0.671 0 0.005
0.899 0.719 0 0.005
0.899 0.737 0 0.005
0.9 0.26 0 0.005
0.9 0.364 0 0.005
0.9 0.527 0 0.005
0.9 0.635 0 0.005
0.901 0.382 0 0.005
0.901 0.773 0 0.005
0.901 0.961 0 0.005
0.902 0.281 0 0.005
0.902 0.561 0 0.005
0.903 0.068 0 0.005
0.903 0.192 0 0.005
0.903 0.299 0 0.005
0.903 0.43 0 0.005
0.903 0.475 0 0.005
0.903 0.487 0 0.005
0.903 0.545 0 0.005
0.903 0.701 0 0.005
0.903 0.758 0 0.005
0.903 0.919 0 0.005
0.904 0.131 0 0.005
0.904 0.148 0 0.005
0.904 0.44 0 0.005
0.904 0.929 0 0.005
0.905 0.814 0 0.005
0.906 0.228 0 0.005
0.906 0.408 0 0.005
0.906 0.459 0 0.005
0.906 0.786 0 0.005
0.907 0.026 0 0.005
0.907 0.095 0 0.005
0.907 0.11 0 0.005
0.907 0.177 0 0.005
0.907 0.311 0 0.005
0.907 0.664 0 0.005
0.907 0.726 0 0.005
0.907 0.835 0 0.005
0.908 0.498 0 0.005
0.908 0.509 0 0.005
0.908 0.519 0 0.005
0.908 0.609 0 0.005
0.908 0.684 0 0.005
0.908 0.948 0 0.005
0.909 0.216 0 0.005
0.909 0.589 0 0.005
0.909 0.891 0 0.005
0.909 0.905 0 0.005
0.909 0.9981904761904762 0 0.005
0.91 0.621 0 0.005
0.91 0.805 0 0.005
0.911 0.349 0 0.005
0.911 0.531 0 0.005
0.912 0.202 0 0.005
0.912 0.248 0 0.005
0.912 0.274 0 0.005
0.912 0.364 0 0.005
0.912 0.39 0 0.005
0.912 0.467 0 0.005
0.913 0.141 0 0.005
0.913 0.336 0 0.005
0.913 0.694 0 0.005
0.913 0.99 0 0.005
0.914 0.068 0 0.005
0.914 0.26 0 0.005
0.914 0.287 0 0.005
0.914 0.569 0 0.005
0.914 0.708 0 0.005
0.915 0.489 0 0.005
0.915 0.548 0 0.005
0.915 0.934 0 0.005
0.914 0.0 0 0.005
0.916 0.32 0 0.005
0.916 0.378 0 0.005
0.916 0.825 0 0.005
0.916 0.923 0 0.005
0.917 0.036 0 0.005
0.917 0.13 0 0.005
0.917 0.659 0 0.005
0.917 0.845 0 0.005
0.918 0.438 0 0.005
0.918 0.753 0 0.005
0.918 0.791 0 0.005
0.919 0.174 0 0.005
0.919 0.743 0 0.005
0.919 0.912 0 0.005
0.92 0.41 0 0.005
0.92 0.42 0 0.005
0.92 0.62 0 0.005
0.921 0.008 0 0.005
0.921 0.079 0 0.005
0.921 0.147 0 0.005
0.921 0.232 0 0.005
0.921 0.344 0 0.005
0.921 0.461 0 0.005
0.921 0.559 0 0.005
0.921 0.687 0 0.005
0.921 0.816 0 0.005
0.921 0.956 0 0.005
0.921 0.971 0 0.005
0.922 0.019 0 0.005
0.922 0.501 0 0.005
0.922 0.538 0 0.005
0.922 0.606 0 0.005
0.922 0.631 0 0.005
0.922 0.862 0 0.005
0.922 0.9977333333333334 0 0.005
0.923 0.121 0 0.005
0.923 0.2 0 0.005
0.923 0.585 0 0.005
0.923 0.875 0 0.005
0.923 0.896 0 0.005
0.924 0.107 0 0.005
0.924 0.184 0 0.005
0.924 0.291 0 0.005
0.925 0.052 0 0.005
0.925 0.478 0 0.005
0.925 0.936 0 0.005
0.926 0.305 0 0.005
0.926 0.365 0 0.005
0.927 0.035 0 0.005
0.927 0.062 0 0.005
0.927 0.155 0 0.005
0.927 0.262 0 0.005
0.927 0.675 0 0.005
0.928 0.131 0 0.005
0.928 0.353 0 0.005
0.928 0.447 0 0.005
0.928 0.49 0 0.005
0.928 0.703 0 0.005
0.928 0.765 0 0.005
0.928 0.989 0 0.005
0.929 0.596 0 0.005
0.929 0.801 0 0.005
0.93 0.414 0 0.005
0.93 0.717 0 0.005
0.931 0.506 0 0.005
0.931 0.568 0 0.005
0.931 0.748 0 0.005
0.932 0.211 0 0.005
0.932 0.425 0 0.005
0.932 0.843 0 0.005
0.933 0.043 0 0.005
0.933 0.072 0 0.005
0.933 0.65 0 0.005
0.933 0.693 0 0.005
0.933 0.856 0 0.005
0.933 0.961 0 0.005
0.933 0.0004166666666666667 0 0.005
0.934 0.165 0 0.005
0.934 0.663 0 0.005
0.934 0.9972564102564103 0 0.005
0.935 0.053 0 0.005
0.935 0.177 0 0.005
0.935 0.222 0 0.005
0.935 0.248 0 0.005
0.935 0.403 0 0.005
0.935 0.479 0 0.005
0.935 0.619 0 0.005
0.936 0.286 0 0.005
0.936 0.383 0 0.005
0.936 0.637 0 0.005
0.936 0.935 0 0.005
0.937 0.302 0 0.005
0.937 0.497 0 0.005
0.937 0.531 0 0.005
0.937 0.736 0 0.005
0.937 0.891 0 0.005
0.938 0.115 0 0.005
0.938 0.232 0 0.005
0.938 0.451 0 0.005
0.938 0.874 0 0.005
0.938 0.952 0 0.005
0.938 0.985 0 0.005
0.939 0.574 0 0.005
0.939 0.679 0 0.005
0.939 0.917 0 0.005
0.94 0.273 0 0.005
0.94 0.393 0 0.005
0.94 0.974 0 0.005
0.941 0.036 0 0.005
0.941 0.095 0 0.005
0.941 0.201 0 0.005
0.941 0.775 0 0.005
0.942 0.021 0 0.005
0.942 0.312 0 0.005
0.942 0.369 0 0.005
0.942 0.515 0 0.005
0.942 0.712 0 0.005
0.943 0.608 0 0.005
0.943 0.799 0 0.005
0.943 0.816 0 0.005
0.944 0.009 0 0.005
0.944 0.544 0 0.005
0.944 0.662 0 0.005
0.944 0.847 0 0.005
0.944 0.929 0 0.005
0.945 0.179 0 0.005
0.945 0.191 0 0.005
0.945 0.219 0 0.005
0.945 0.323 0 0.005
0.945 0.755 0 0.005
0.946 0.06 0 0.005
0.946 0.127 0 0.005
0.946 0.152 0 0.005
0.946 0.473 0 0.005
0.947 0.409 0 0.005
0.947 0.424 0 0.005
0.947 0.445 0 0.005
0.947 0.583 0 0.005
0.947 0.701 0 0.005
0.948 0.247 0 0.005
0.948 0.295 0 0.005
0.948 0.338 0 0.005
0.948 0.622 0 0.005
0.948 0.726 0 0.005
0.949 0.386 0 0.005
0.949 0.895 0 0.005
0.95 0.0017435897435897436 0 0.005
0.95 0.356 0 0.005
0.95 0.398 0 0.005
0.95 0.459 0 0.005
0.95 0.67 0 0.005
0.951 0.559 0 0.005
0.951 0.737 0 0.005
0.951 0.747 0 0.005
0.951 0.806 0 0.005
0.951 0.883 0 0.005
0.952 0.025 0 0.005
0.952 0.144 0 0.005
0.952 0.367 0 0.005
0.952 0.532 0 0.005
0.952 0.573 0 0.005
0.952 0.836 0 0.005
0.953 0.042 0 0.005
0.953 0.511 0 0.005
0.953 0.692 0 0.005
0.953 0.794 0 0.005
0.954 0.204 0 0.005
0.954 0.272 0 0.005
0.954 0.316 0 0.005
0.954 0.487 0 0.005
0.954 0.648 0 0.005
0.954 0.846 0 0.005
0.954 0.938 0 0.005
0.955 0.18 0 0.005
0.955 0.193 0 0.005
0.955 0.635 0 0.005
0.956 0.24 0 0.005
0.956 0.301 0 0.005
0.956 0.662 0 0.005
0.956 0.982 0 0.005
0.957 0.821 0 0.005
0.958 0.164 0 0.005
0.958 0.261 0 0.005
0.958 0.35 0 0.005
0.958 0.391 0 0.005
0.958 0.435 0 0.005
0.958 0.598 0 0.005
0.959 0.726 0 0.005
0.959 0.759 0 0.005
0.959 0.918 0 0.005
0.959 0.9977333333333334 0 0.005
0.96 0.006 0 0.005
0.96 0.053 0 0.005
0.96 0.673 0 0.005
0.961 0.373 0 0.005
0.961 0.708 0 0.005
0.961 0.906 0 0.005
0.962 0.146 0 0.005
0.962 0.214 0 0.005
0.962 0.475 0 0.005
0.963 0.078 0 0.005
0.963 0.448 0 0.005
0.963 0.525 0 0.005
0.963 0.932 0 0.005
0.964 0.099 0 0.005
0.964 0.545 0 0.005
0.964 0.846 0 0.005
0.964 0.864 0 0.005
0.964 0.875 0 0.005
0.965 0.131 0 0.005
0.965 0.614 0 0.005
0.965 0.957 0 0.005
0.966 0.02 0 0.005
0.966 0.177 0 0.005
0.966 0.784 0 0.005
0.966 0.811 0 0.005
0.966 0.897 0 0.005
0.967 0.042 0 0.005
0.967 0.252 0 0.005
0.967 0.405 0 0.005
0.967 0.494 0 0.005
0.967 0.628 0 0.005
0.968 0.415 0 0.005
0.968 0.506 0 0.005
0.968 0.596 0 0.005
0.968 0.991 0 0.005
0.969 0.115 0 0.005
0.969 0.652 0 0.005
0.969 0.759 0 0.005
0.97 0.346 0 0.005
0.97 0.56 0 0.005
0.971 0.06 0 0.005
0.971 0.427 0 0.005
0.972 0.072 0 0.005
0.972 0.189 0 0.005
0.972 0.538 0 0.005
0.972 0.639 0 0.005
0.972 0.836 0 0.005
0.973 0.011 0 0.005
0.973 0.161 0 0.005
0.973 0.239 0 0.005
0.973 0.715 0 0.005
0.973 0.744 0 0.005
0.973 0.825 0 0.005
0.974 0.301 0 0.005
0.974 0.705 0 0.005
0.974 0.734 0 0.005
0.974 0.791 0 0.005
0.974 0.801 0 0.005
0.974 0.951 0 0.005
0.975 0.437 0 0.005
0.975 0.473 0 0.005
0.975 0.484 0 0.005
0.975 0.667 0 0.005
0.976 0.314 0 0.005
0.976 0.357 0 0.005
0.976 0.576 0 0.005
0.976 0.613 0 0.005
0.976 0.771 0 0.005
0.976 0.886 0 0.005
0.977 0.212 0 0.005
0.977 0.253 0 0.005
0.977 0.383 0 0.005
0.978 0.022 0 0.005
0.978 0.082 0 0.005
0.978 0.451 0 0.005
0.978 0.522 0 0.005
0.978 0.586 0 0.005
0.978 0.602 0 0.005
0.978 0.903 0 0.005
0.978 0.933 0 0.005
0.979 0.226 0 0.005
0.98 0.041 0 0.005
0.98 0.131 0 0.005
0.98 0.463 0 0.005
0.98 0.964 0 0.005
0.981 0.751 0 0.005
0.981 0.9967708333333334 0 0.005
0.982 0.191 0 0.005
0.982 0.779 0 0.005
0.982 0.923 0 0.005
0.982 0.974 0 0.005
0.983 0.0017435897435897436 0 0.005
0.983 0.062 0 0.005
0.983 0.113 0 0.005
0.983 0.277 0 0.005
0.983 0.55 0 0.005
0.983 0.678 0 0.005
0.983 0.851 0 0.005
0.984 0.092 0 0.005
0.984 0.401 0 0.005
0.984 0.431 0 0.005
0.984 0.509 0 0.005
0.984 0.803 0 0.005
0.985 0.142 0 0.005
0.985 0.153 0 0.005
0.985 0.246 0 0.005
0.985 0.376 0 0.005
0.985 0.486 0 0.005
0.985 0.54 0 0.005
0.985 0.661 0 0.005
0.985 0.693 0 0.005
0.985 0.764 0 0.005
0.985 0.791 0 0.005
0.985 0.952 0 0.005
0.986 0.177 0 0.005
0.986 0.627 0 0.005
0.986 0.639 0 0.005
0.987 0.167 0 0.005
0.987 0.213 0 0.005
0.987 0.333 0 0.005
0.987 0.386 0 0.005
0.987 0.414 0 0.005
0.987 0.738 0 0.005
0.987 0.986 0 0.005
0.988 0.348 0 0.005
0.988 0.584 0 0.005
0.988 0.617 0 0.005
0.989 0.071 0 0.005
0.989 0.235 0 0.005
0.989 0.268 0 0.005
0.989 0.321 0 0.005
0.989 0.728 0 0.005
0.989 0.879 0 0.005
0.99 0.038 0 0.005
0.99 0.052 0 0.005
0.99 0.467 0 0.005
0.99 0.828 0 0.005
0.991 0.134 0 0.005
0.991 0.223 0 0.005
0.992 0.101 0 0.005
0.992 0.811 0 0.005
0.992 0.894 0 0.005
0.993 0.288 0 0.005
0.993 0.748 0 0.005
0.993 0.782 0 0.005
0.993 0.852 0 0.005
0.991 0.999 0 0.005
0.994 0.081 0 0.005
0.994 0.565 0 0.005
0.994 0.908 0 0.005
0.9956875 0.146 0 0.005
0.9956875 0.604 0 0.005
0.9956875 0.971 0 0.005
0.996280701754386 0.022 0 0.005
0.996280701754386 0.172 0 0.005
0.996280701754386 0.249 0 0.005
0.996280701754386 0.356 0 0.005
0.996280701754386 0.385 0 0.005
0.996280701754386 0.537 0 0.005
0.996280701754386 0.55 0 0.005
0.996280701754386 0.929 0 0.005
0.9967708333333334 0.109 0 0.005
0.9967708333333334 0.158 0 0.005
0.9967708333333334 0.194 0 0.005
0.9967708333333334 0.623 0 0.005
0.9967708333333334 0.958 0 0.005
0.9972564102564103 0.318 0 0.005
0.9972564102564103 0.449 0 0.005
0.9972564102564103 0.654 0 0.005
0.9972564102564103 0.719 0 0.005
0.9972564102564103 0.729 0 0.005
0.9972564102564103 0.792 0 0.005
0.9972564102564103 0.868 0 0.005
0.9977333333333334 0.034 0 0.005
0.9977333333333334 0.296 0 0.005
0.9977333333333334 0.485 0 0.005
0.9977333333333334 0.498 0 0.005
0.9977333333333334 0.512 0 0.005
0.9977333333333334 0.939 0 0.005
0.9981904761904762 0.07 0 0.005
0.9981904761904762 0.467 0 0.005
0.9981904761904762 0.836 0 0.005
0.9985833333333334 0.369 0 0.005
0.9985833333333334 0.421 0 0.005
0.9985833333333334 0.692 0 0.005
0.9986666666666666 0.9986666666666666 0 0.005
0.999 0.138 0 0.005
0.999 0.286 0 0.005
0.999 0.665 0 0.005
0.999 0.703 0 0.005
0.999 0.886 0 0.005
