0.0027746478873239434 0.063 0 0.005
0.0022833333333333334 0.494 0 0.005
0.003763440860215054 0.543 0 0.005
0.0027746478873239434 0.712 0 0.005
0.008 0.47 0 0.005
0.009 0.195 0 0.005
0.009 0.84 0 0.005
0.013 0.022 0 0.005
0.013 0.249 0 0.005
0.015 0.311 0 0.005
0.016 0.054 0 0.005
0.018 0.437 0 0.005
0.021 0.401 0 0.005
0.022 0.632 0 0.005
0.023 0.174 0 0.005
0.024 0.542 0 0.005
0.024 0.699 0 0.005
0.028 0.153 0 0.005
0.028 0.774 0 0.005
0.0335 0.8 0 0.005
0.029 0.921 0 0.005
0.031 0.326 0 0.005
0.033 0.267 0 0.005
0.033 0.864 0 0.005
0.033 0.956 0 0.005
0.035 0.208 0 0.005
0.035 0.413 0 0.005
0.035 0.483 0 0.005
0.038 0.6785 0 0.005
0.037 0.888 0 0.005
0.039 0.109 0 0.005
0.04 0.708 0 0.005
0.044 0.231 0 0.005
0.045 0.9967166666666667 0 0.005
0.048 0.031 0 0.005
0.049 0.068 0 0.005
0.05 0.393 0 0.005
0.051 0.518 0 0.005
0.051 0.931 0 0.005
0.052 0.53 0 0.005
0.055 0.123 0 0.005
0.056 0.895 0 0.005
0.058 0.499 0 0.005
0.062 0.862 0 0.005
0.063 0.296 0 0.005
0.064 0.015 0 0.005
0.066 0.141 0 0.005
0.069 0.027 0 0.005
0.069 0.368 0 0.005
0.073 0.611 0 0.005
0.074 0.981 0 0.005
0.076 0.929 0 0.005
0.077 0.558 0 0.005
0.078 0.261 0 0.005
0.078 0.445 0 0.005
0.08 0.227 0 0.005
0.083 0.306 0 0.005
0.084 0.831 0 0.005
0.085 0.431 0 0.005
0.086 0.63 0 0.005
0.089 0.485 0 0.005
0.09 0.077 0 0.005
0.091 0.129 0 0.005
0.094 0.031 0 0.005
0.095 0.415 0 0.005
0.096 0.856 0 0.005
0.099 0.245 0 0.005
0.099 0.289 0 0.005
0.103 0.345 0 0.005
0.103 0.943 0 0.005
0.104 0.193 0 0.005
0.105 0.812 0 0.005
0.106 0.639 0 0.005
0.108 0.078 0 0.005
0.109 0.052 0 0.005
0.111 0.898 0 0.005
0.115 0.648 0 0.005
0.115 0.722 0 0.005
0.117 0.692 0 0.005
0.119 0.796 0 0.005
0.12 0.163 0 0.005
0.122 0.249 0 0.005
0.124 0.33 0 0.005
0.126 0.576 0 0.005
0.126 0.916 0 0.005
0.128 0.011 0 0.005
0.133 0.137 0 0.005
0.133 0.27 0 0.005
0.133 0.776 0 0.005
0.1435 0.4465 0 0.005
0.139 0.485 0 0.005
0.14 0.397 0 0.005
0.14 0.665 0 0.005
0.142 0.188 0 0.005
0.146 0.936 0 0.005
0.148 0.976 0 0.005
0.15 0.674 0 0.005
0.152 0.38 0 0.005
0.152 0.479 0 0.005
0.156 0.208 0 0.005
0.158 0.55 0 0.005
0.161 0.71 0 0.005
0.164 0.511 0 0.005
0.165 0.12 0 0.005
0.169 0.283 0 0.005
0.17 0.492 0 0.005
0.171 0.261 0 0.005
0.171 0.879 0 0.005
0.172 0.891 0 0.005
0.173 0.745 0 0.005
0.174 0.242 0 0.005
0.176 0.519 0 0.005
0.176 0.968 0 0.005
0.178 0.648 0 0.005
0.186 0.628 0 0.005
0.186 0.741 0 0.005
0.187 0.031 0 0.005
0.188 0.696 0 0.005
0.19 0.177 0 0.005
0.195 0.4445 0 0.005
0.193 0.882 0 0.005
0.194 0.109 0 0.005
0.199 0.301 0 0.005
0.199 0.645 0 0.005
0.199 0.833 0 0.005
0.201 0.411 0 0.005
0.202 0.866 0 0.005
0.206 0.159 0 0.005
0.206 0.327 0 0.005
0.208 0.978 0 0.005
0.216 0.276 0 0.005
0.217 0.672 0 0.005
0.217 0.718 0 0.005
0.219 0.007 0 0.005
0.22 0.9957317073170732 0 0.005
0.223 0.739 0 0.005
0.225 0.755 0 0.005
0.228 0.522 0 0.005
0.229 0.67 0 0.005
0.23 0.178 0 0.005
0.232 0.129 0 0.005
0.233 0.039 0 0.005
0.235 0.079 0 0.005
0.236 0.402 0 0.005
0.236 0.457 0 0.005
0.236 0.696 0 0.005
0.237 0.469 0 0.005
0.24 0.145 0 0.005
0.241 0.504 0 0.005
0.241 0.895 0 0.005
0.243 0.992 0 0.005
0.247 0.133 0 0.005
0.252 0.785 0 0.005
0.253 0.284 0 0.005
0.255 0.93 0 0.005
0.256 0.045 0 0.005
0.257 0.457 0 0.005
0.258 0.372 0 0.005
0.259 0.87 0 0.005
0.26 0.727 0 0.005
0.263 0.2 0 0.005
0.263 0.355 0 0.005
0.266 0.511 0 0.005
0.267 0.833 0 0.005
0.268 0.973 0 0.005
0.269 0.911 0 0.005
0.272 0.406 0 0.005
0.272 0.883 0 0.005
0.275 0.305 0 0.005
0.276 0.672 0 0.005
0.277 0.038 0 0.005
0.282 0.475 0 0.005
0.283 0.287 0 0.005
0.284 0.091 0 0.005
0.289 0.0022833333333333334 0 0.005
0.289 0.268 0 0.005
0.292 0.9952365591397849 0 0.005
0.296 0.873 0 0.005
0.297 0.03 0 0.005
0.2995 0.2485 0 0.005
0.297 0.609 0 0.005
0.297 0.924 0 0.005
0.299 0.82 0 0.005
0.3 0.961 0 0.005
0.304 0.627 0 0.005
0.304 0.883 0 0.005
0.305 0.186 0 0.005
0.306 0.389 0 0.005
0.306 0.977 0 0.005
0.307 0.064 0 0.005
0.307 0.338 0 0.005
0.307 0.734 0 0.005
0.309 0.277 0 0.005
0.31 0.319 0 0.005
0.312 0.46 0 0.005
0.313 0.59 0 0.005
0.316 0.294 0 0.005
0.317 0.685 0 0.005
0.324 0.046 0 0.005
0.324 0.408 0 0.005
0.325 0.14 0 0.005
0.326 0.306 0 0.005
0.326 0.915 0 0.005
0.327 0.534 0 0.005
0.328 0.16 0 0.005
0.329 0.972 0 0.005
0.33 0.293 0 0.005
0.332 0.711 0 0.005
0.334 0.385 0 0.005
0.335 0.905 0 0.005
0.337 0.116 0 0.005
0.337 0.25 0 0.005
0.337 0.884 0 0.005
0.341 0.227 0 0.005
0.342 0.419 0 0.005
0.343 0.523 0 0.005
0.345 0.607 0 0.005
0.345 0.963 0 0.005
0.347 0.042 0 0.005
0.347 0.595 0 0.005
0.349 0.88 0 0.005
0.352 0.197 0 0.005
0.353 0.541 0 0.005
0.354 0.641 0 0.005
0.355 0.025 0 0.005
0.356 0.987 0 0.005
0.357 0.12 0 0.005
0.358 0.555 0 0.005
0.359 0.865 0 0.005
0.361 0.375 0 0.005
0.362 0.215 0 0.005
0.362 0.286 0 0.005
0.365 0.655 0 0.005
0.366 0.597 0 0.005
0.368 0.36 0 0.005
0.369 0.492 0 0.005
0.371 0.631 0 0.005
0.372 0.003763440860215054 0 0.005
0.373 0.893 0 0.005
0.374 0.921 0 0.005
0.375 0.321 0 0.005
0.378 0.424 0 0.005
0.379 0.571 0 0.005
0.379 0.676 0 0.005
0.385 0.515 0 0.005
0.389 0.132 0 0.005
0.389 0.583 0 0.005
0.392 0.603 0 0.005
0.393 0.431 0 0.005
0.399 0.311 0 0.005
0.399 0.852 0 0.005
0.4 0.866 0 0.005
0.401 0.818 0 0.005
0.402 0.268 0 0.005
0.405 0.658 0 0.005
0.408 0.677 0 0.005
0.414 0.475 0 0.005
0.414 0.908 0 0.005
0.415 0.087 0 0.005
0.416 0.01 0 0.005
0.416 0.158 0 0.005
0.417 0.626 0 0.005
0.424 0.217 0 0.005
0.428 0.705 0 0.005
0.429 0.668 0 0.005
0.43 0.247 0 0.005
0.43 0.309 0 0.005
0.431 0.792 0 0.005
0.435 0.357 0 0.005
0.436 0.005 0 0.005
0.436 0.479 0 0.005
0.445 0.677 0 0.005
0.446 0.197 0 0.005
0.448 0.518 0 0.005
0.45 0.249 0 0.005
0.451 0.916 0 0.005
0.455 0.695 0 0.005
0.456 0.043 0 0.005
0.456 0.055 0 0.005
0.456 0.234 0 0.005
0.459 0.333 0 0.005
0.463 0.838 0 0.005
0.464 0.075 0 0.005
0.469 0.502 0 0.005
0.469 0.773 0 0.005
0.47 0.325 0 0.005
0.473 0.699 0 0.005
0.476 0.988 0 0.005
0.478 0.04 0 0.005
0.479 0.211 0 0.005
0.48 0.683 0 0.005
0.481 0.191 0 0.005
0.482 0.423 0 0.005
0.483 0.947 0 0.005
0.485 0.552 0 0.005
0.486 0.644 0 0.005
0.49 0.604 0 0.005
0.491 0.282 0 0.005
0.491 0.532 0 0.005
0.493 0.886 0 0.005
0.496 0.817 0 0.005
0.498 0.489 0 0.005
0.499 0.083 0 0.005
0.499 0.647 0 0.005
0.499 0.91 0 0.005
0.5 0.933 0 0.005
0.501 0.031 0 0.005
0.501 0.767 0 0.005
0.501 0.855 0 0.005
0.502 0.236 0 0.005
0.502 0.688 0 0.005
0.5105 0.018 0 0.005
0.507 0.718 0 0.005
0.508 0.439 0 0.005
0.5135 0.197 0 0.005
0.509 0.548 0 0.005
0.51 0.117 0 0.005
0.51 0.378 0 0.005
0.511 0.926 0 0.005
0.512 0.333 0 0.005
0.514 0.603 0 0.005
0.514 0.754 0 0.005
0.517 0.81 0 0.005
0.52 0.428 0 0.005
0.52 0.523 0 0.005
0.528 0.244 0 0.005
0.532 0.958 0 0.005
0.536 0.706 0 0.005
0.538 0.987 0 0.005
0.539 0.894 0 0.005
0.54 0.251 0 0.005
0.541 0.732 0 0.005
0.544 0.527 0 0.005
0.551 0.93 0 0.005
0.552 0.651 0 0.005
0.554 0.415 0 0.005
0.554 0.699 0 0.005
0.557 0.565 0 0.005
0.558 0.881 0 0.005
0.56 0.725 0 0.005
0.561 0.233 0 0.005
0.561 0.263 0 0.005
0.561 0.512 0 0.005
0.564 0.033 0 0.005
0.567 0.362 0 0.005
0.57 0.092 0 0.005
0.572 0.065 0 0.005
0.572 0.624 0 0.005
0.577 0.467 0 0.005
0.58 0.797 0 0.005
0.581 0.43 0 0.005
0.583 0.897 0 0.005
0.584 0.444 0 0.005
0.585 0.291 0 0.005
0.5905 0.0345 0 0.005
0.59 0.509 0 0.005
0.591 0.331 0 0.005
0.592 0.884 0 0.005
0.594 0.681 0 0.005
0.596 0.064 0 0.005
0.602 0.763 0 0.005
0.603 0.485 0 0.005
0.608 0.72 0 0.005
0.614 0.777 0 0.005
0.614 0.816 0 0.005
0.615 0.632 0 0.005
0.618 0.497 0 0.005
0.619 0.194 0 0.005
0.619 0.412 0 0.005
0.619 0.683 0 0.005
0.622 0.097 0 0.005
0.622 0.329 0 0.005
0.622 0.537 0 0.005
0.624 0.362 0 0.005
0.624 0.378 0 0.005
0.625 0.135 0 0.005
0.631 0.0325 0 0.005
0.628 0.224 0 0.005
0.629 0.12 0 0.005
0.63 0.317 0 0.005
0.631 0.921 0 0.005
0.631 0.954 0 0.005
0.632 0.177 0 0.005
0.633 0.57 0 0.005
0.633 0.63 0 0.005
0.633 0.77 0 0.005
0.637 0.514 0 0.005
0.638 0.011 0 0.005
0.641 0.802 0 0.005
0.645 0.166 0 0.005
0.647 0.485 0 0.005
0.649 0.354 0 0.005
0.651 0.905 0 0.005
0.652 0.317 0 0.005
0.652 0.785 0 0.005
0.653 0.126 0 0.005
0.654 0.507 0 0.005
0.659 0.173 0 0.005
0.661 0.33 0 0.005
0.663 0.289 0 0.005
0.663 0.482 0 0.005
0.665 0.813 0 0.005
0.673 0.88 0 0.005
0.674 0.335 0 0.005
0.674 0.528 0 0.005
0.675 0.791 0 0.005
0.676 0.301 0 0.005
0.679 0.59 0 0.005
0.68 0.892 0 0.005
0.687 0.286 0 0.005
0.688 0.266 0 0.005
0.689 0.802 0 0.005
0.69 0.644 0 0.005
0.69 0.745 0 0.005
0.693 0.326 0 0.005
0.694 0.551 0 0.005
0.696 0.172 0 0.005
0.698 0.851 0 0.005
0.7 0.664 0 0.005
0.702 0.582 0 0.005
0.704 0.375 0 0.005
0.704 0.688 0 0.005
0.705 0.462 0 0.005
0.705 0.706 0 0.005
0.706 0.939 0 0.005
0.708 0.164 0 0.005
0.71 0.605 0 0.005
0.714 0.088 0 0.005
0.716 0.581 0 0.005
0.716 0.762 0 0.005
0.719 0.321 0 0.005
0.723 0.167 0 0.005
0.725 0.334 0 0.005
0.725 0.373 0 0.005
0.725 0.919 0 0.005
0.725 0.956 0 0.005
0.726 0.724 0 0.005
0.727 0.844 0 0.005
0.731 0.6 0 0.005
0.732 0.069 0 0.005
0.732 0.423 0 0.005
0.734 0.27 0 0.005
0.737 0.47 0 0.005
0.739 0.089 0 0.005
0.741 0.588 0 0.005
0.742 0.03 0 0.005
0.743 0.644 0 0.005
0.743 0.994656862745098 0 0.005
0.744 0.333 0 0.005
0.745 0.538 0 0.005
0.746 0.065 0 0.005
0.746 0.157 0 0.005
0.749 0.939 0 0.005
0.753 0.226 0 0.005
0.753 0.436 0 0.005
0.754 0.251 0 0.005
0.754 0.631 0 0.005
0.756 0.314 0 0.005
0.757 0.349 0 0.005
0.757 0.781 0 0.005
0.761 0.105 0 0.005
0.763 0.051 0 0.005
0.763 0.817 0 0.005
0.765 0.214 0 0.005
0.767 0.491 0 0.005
0.771 0.015 0 0.005
0.771 0.315 0 0.005
0.772 0.721 0 0.005
0.775 0.914 0 0.005
0.776 0.299 0 0.005
0.776 0.884 0 0.005
0.778 0.267 0 0.005
0.784 0.861 0 0.005
0.787 0.106 0 0.005
0.788 0.549 0 0.005
0.788 0.812 0 0.005
0.789 0.343 0 0.005
0.79 0.377 0 0.005
0.793 0.248 0 0.005
0.794 0.012 0 0.005
0.794 0.056 0 0.005
0.794 0.508 0 0.005
0.795 0.162 0 0.005
0.796 0.486 0 0.005
0.797 0.271 0 0.005
0.797 0.414 0 0.005
0.8 0.12 0 0.005
0.8 0.184 0 0.005
0.8 0.864 0 0.005
0.802 0.924 0 0.005
0.803 0.634 0 0.005
0.804 0.553 0 0.005
0.806 0.81 0 0.005
0.808 0.974 0 0.005
0.812 0.391 0 0.005
0.817 0.906 0 0.005
0.818 0.28 0 0.005
0.818 0.508 0 0.005
0.818 0.984 0 0.005
0.819 0.38 0 0.005
0.823 0.071 0 0.005
0.825 0.481 0 0.005
0.827 0.195 0 0.005
0.827 0.519 0 0.005
0.832 0.454 0 0.005
0.833 0.776 0 0.005
0.836 0.301 0 0.005
0.836 0.322 0 0.005
0.836 0.414 0 0.005
0.836 0.631 0 0.005
0.839 0.338 0 0.005
0.84 0.8 0 0.005
0.84 0.983 0 0.005
0.843 0.824 0 0.005
0.847 0.421 0 0.005
0.8495 0.7115 0 0.005
0.849 0.187 0 0.005
0.849 0.751 0 0.005
0.855 0.272 0 0.005
0.856 0.908 0 0.005
0.857 0.119 0 0.005
0.858 0.948 0 0.005
0.859 0.683 0 0.005
0.86 0.38 0 0.005
0.86 0.783 0 0.005
0.862 0.699 0 0.005
0.865 0.525 0 0.005
0.865 0.731 0 0.005
0.867 0.565 0 0.005
0.87 0.763 0 0.005
0.871 0.071 0 0.005
0.873 0.126 0 0.005
0.876 0.886 0 0.005
0.88 0.0022833333333333334 0 0.005
0.88 0.674 0 0.005
0.881 0.043 0 0.005
0.881 0.653 0 0.005
0.882 0.084 0 0.005
0.883 0.156 0 0.005
0.883 0.933 0 0.005
0.884 0.354 0 0.005
0.885 0.877 0 0.005
0.887 0.376 0 0.005
0.888 0.015 0 0.005
0.888 0.608 0 0.005
0.891 0.862 0 0.005
0.893 0.257 0 0.005
0.893 0.59 0 0.005
0.894 0.507 0 0.005
0.894 0.724 0 0.005
0.896 0.275 0 0.005
0.899 0.173 0 0.005
0.9 0.552 0 0.005
0.901 0.159 0 0.005
0.903 0.324 0 0.005
0.903 0.958 0 0.005
0.906 0.098 0 0.005
0.906 0.703 0 0.005
0.908 0.006 0 0.005
0.91 0.285 0 0.005
0.91 0.595 0 0.005
0.911 0.743 0 0.005
0.911 0.9 0 0.005
0.912 0.37 0 0.005
0.916 0.951 0 0.005
0.917 0.219 0 0.005
0.919 0.97 0 0.005
0.923 0.733 0 0.005
0.927 0.205 0 0.005
0.927 0.322 0 0.005
0.929 0.122 0 0.005
0.93 0.459 0 0.005
0.931 0.019 0 0.005
0.931 0.1 0 0.005
0.932 0.53 0 0.005
0.934 0.282 0 0.005
0.935 0.836 0 0.005
0.936 0.375 0 0.005
0.944 0.193 0 0.005
0.947 0.915 0 0.005
0.951 0.973 0 0.005
0.953 0.251 0 0.005
0.954 0.75 0 0.005
0.956 0.708 0 0.005
0.956 0.856 0 0.005
0.961 0.666 0 0.005
0.963 0.586 0 0.005
0.964 0.607 0 0.005
0.965 0.683 0 0.005
0.966 0.39 0 0.005
0.967 0.373 0 0.005
0.967 0.41 0 0.005
0.969 0.099 0 0.005
0.97 0.029 0 0.005
0.97 0.3 0 0.005
0.971 0.361 0 0.005
0.975 0.134 0 0.005
0.976 0.251 0 0.005
0.977 0.639 0 0.005
0.979 0.912 0 0.005
0.98 0.898 0 0.005
0.981 0.325 0 0.005
0.982 0.006 0 0.005
0.989 0.376 0 0.005
0.99 0.234 0 0.005
0.991 0.428 0 0.005
0.994656862745098 0.186 0 0.005
0.9952365591397849 0.835 0 0.005
0.9967166666666667 0.89 0 0.005
