0.004 0.015 0 0.005
0.0008095238095238096 0.059 0 0.005
0.0033125 0.079 0 0.005
0.0 0.114 0 0.005
0.0004166666666666667 0.156 0 0.005
0.0033125 0.181 0 0.005
0.0022291666666666666 0.2 0 0.005
0.0 0.224 0 0.005
0.002719298245614035 0.256 0 0.005
0.0012666666666666666 0.284 0 0.005
0.0 0.323 0 0.005
0.0004166666666666667 0.356 0 0.005
0.004 0.373 0 0.005
0.002719298245614035 0.491 0 0.005
0.0012666666666666666 0.532 0 0.005
0.0004166666666666667 0.576 0 0.005
0.0 0.591 0 0.005
0.0004166666666666667 0.613 0 0.005
0.0008095238095238096 0.678 0 0.005
0.0004166666666666667 0.719 0 0.005
0.0033125 0.741 0 0.005
0.0012666666666666666 0.756 0 0.005
0.002719298245614035 0.799 0 0.005
0.0017435897435897436 0.841 0 0.005
0.0008095238095238096 0.908 0 0.005
0.005 0.043 0 0.005
0.005 0.068 0 0.005
0.005 0.141 0 0.005
0.005 0.809 0 0.005
0.006 0.589 0 0.005
0.006 0.62 0 0.005
0.006 0.687 0 0.005
0.007 0.11 0 0.005
0.007 0.168 0 0.005
0.007 0.233 0 0.005
0.007 0.547 0 0.005
0.007 0.968 0 0.005
0.007 0.989 0 0.005
0.008 0.053 0 0.005
0.008 0.151 0 0.005
0.008 0.388 0 0.005
0.008 0.834 0 0.005
0.008 0.905 0 0.005
0.009 0.418 0 0.005
0.01 0.407 0 0.005
0.01 0.456 0 0.005
0.01 0.483 0 0.005
0.01 0.603 0 0.005
0.011 0.023 0 0.005
0.011 0.707 0 0.005
0.011 0.926 0 0.005
0.012 0.262 0 0.005
0.013 0.199 0 0.005
0.013 0.284 0 0.005
0.013 0.5 0 0.005
0.013 0.58 0 0.005
0.014 0.306 0 0.005
0.014 0.854 0 0.005
0.015 0.526 0 0.005
0.015 0.643 0 0.005
0.015 0.655 0 0.005
0.015 0.696 0 0.005
0.016 0.138 0 0.005
0.016 0.334 0 0.005
0.017 0.034 0 0.005
0.017 0.062 0 0.005
0.017 0.234 0 0.005
0.017 0.317 0 0.005
0.017 0.433 0 0.005
0.015 0.999 0 0.005
0.018 0.372 0 0.005
0.018 0.746 0 0.005
0.018 0.791 0 0.005
0.018 0.871 0 0.005
0.018 0.884 0 0.005
0.018 0.901 0 0.005
0.019 0.0033125 0 0.005
0.019 0.179 0 0.005
0.019 0.248 0 0.005
0.019 0.511 0 0.005
0.019 0.669 0 0.005
0.02 0.091 0 0.005
0.02 0.157 0 0.005
0.02 0.542 0 0.005
0.02 0.777 0 0.005
0.021 0.108 0 0.005
0.021 0.206 0 0.005
0.021 0.221 0 0.005
0.021 0.351 0 0.005
0.021 0.705 0 0.005
0.021 0.72 0 0.005
0.021 0.767 0 0.005
0.022 0.567 0 0.005
0.022 0.623 0 0.005
0.024 0.017 0 0.005
0.024 0.384 0 0.005
0.024 0.934 0 0.005
0.025 0.397 0 0.005
0.025 0.485 0 0.005
0.026 0.587 0 0.005
0.026 0.61 0 0.005
0.027 0.327 0 0.005
0.027 0.534 0 0.005
0.027 0.849 0 0.005
0.028 0.686 0 0.005
0.029 0.0008095238095238096 0 0.005
0.029 0.304 0 0.005
0.029 0.474 0 0.005
0.029 0.711 0 0.005
0.029 0.965 0 0.005
0.03 0.269 0 0.005
0.03 0.551 0 0.005
0.03 0.675 0 0.005
0.03 0.73 0 0.005
0.03 0.79 0 0.005
0.03 0.833 0 0.005
0.031 0.089 0 0.005
0.031 0.882 0 0.005
0.032 0.038 0 0.005
0.032 0.291 0 0.005
0.032 0.749 0 0.005
0.033 0.646 0 0.005
0.033 0.807 0 0.005
0.033 0.985 0 0.005
0.033 0.9977333333333334 0 0.005
0.034 0.053 0 0.005
0.034 0.496 0 0.005
0.034 0.581 0 0.005
0.034 0.864 0 0.005
0.035 0.154 0 0.005
0.035 0.207 0 0.005
0.035 0.251 0 0.005
0.036 0.18 0 0.005
0.036 0.398 0 0.005
0.036 0.633 0 0.005
0.036 0.948 0 0.005
0.037 0.363 0 0.005
0.037 0.923 0 0.005
0.038 0.328 0 0.005
0.038 0.431 0 0.005
0.038 0.486 0 0.005
0.039 0.701 0 0.005
0.039 0.723 0 0.005
0.04 0.461 0 0.005
0.04 0.772 0 0.005
0.04 0.826 0 0.005
0.042 0.169 0 0.005
0.042 0.236 0 0.005
0.042 0.513 0 0.005
0.042 0.621 0 0.005
0.043 0.542 0 0.005
0.043 0.807 0 0.005
0.043 0.891 0 0.005
0.045 0.199 0 0.005
0.045 0.384 0 0.005
0.045 0.564 0 0.005
0.046 0.818 0 0.005
0.046 0.951 0 0.005
0.047 0.106 0 0.005
0.047 0.475 0 0.005
0.047 0.649 0 0.005
0.047 0.661 0 0.005
0.047 0.834 0 0.005
0.048 0.116 0 0.005
0.048 0.214 0 0.005
0.048 0.485 0 0.005
0.048 0.593 0 0.005
0.048 0.981 0 0.005
0.049 0.13 0 0.005
0.049 0.181 0 0.005
0.049 0.797 0 0.005
0.049 0.846 0 0.005
0.049 0.865 0 0.005
0.049 0.876 0 0.005
0.05 0.251 0 0.005
0.05 0.358 0 0.005
0.05 0.614 0 0.005
0.051 0.029 0 0.005
0.051 0.373 0 0.005
0.051 0.42 0 0.005
0.052 0.013 0 0.005
0.052 0.442 0 0.005
0.052 0.932 0 0.005
0.053 0.153 0 0.005
0.053 0.541 0 0.005
0.053 0.633 0 0.005
0.054 0.206 0 0.005
0.054 0.531 0 0.005
0.054 0.553 0 0.005
0.055 0.508 0 0.005
0.056 0.056 0 0.005
0.056 0.24 0 0.005
0.056 0.278 0 0.005
0.056 0.291 0 0.005
0.056 0.332 0 0.005
0.056 0.689 0 0.005
0.056 0.788 0 0.005
0.057 0.317 0 0.005
0.057 0.662 0 0.005
0.057 0.719 0 0.005
0.057 0.745 0 0.005
0.057 0.813 0 0.005
0.058 0.971 0 0.005
0.059 0.076 0 0.005
0.059 0.481 0 0.005
0.059 0.941 0 0.005
0.06 0.255 0 0.005
0.06 0.396 0 0.005
0.06 0.586 0 0.005
0.06 0.982 0 0.005
0.062 0.006 0 0.005
0.062 0.13 0 0.005
0.062 0.547 0 0.005
0.062 0.623 0 0.005
0.062 0.957 0 0.005
0.063 0.141 0 0.005
0.063 0.184 0 0.005
0.063 0.674 0 0.005
0.063 0.85 0 0.005
0.064 0.017 0 0.005
0.064 0.284 0 0.005
0.064 0.641 0 0.005
0.066 0.324 0 0.005
0.066 0.913 0 0.005
0.067 0.108 0 0.005
0.067 0.163 0 0.005
0.067 0.298 0 0.005
0.067 0.347 0 0.005
0.067 0.45 0 0.005
0.069 0.261 0 0.005
0.069 0.682 0 0.005
0.07 0.825 0 0.005
0.07 0.88 0 0.005
0.071 0.477 0 0.005
0.071 0.926 0 0.005
0.072 0.042 0 0.005
0.073 0.074 0 0.005
0.074 0.089 0 0.005
0.074 0.188 0 0.005
0.074 0.536 0 0.005
0.074 0.554 0 0.005
0.074 0.937 0 0.005
0.075 0.115 0 0.005
0.075 0.307 0 0.005
0.075 0.574 0 0.005
0.075 0.773 0 0.005
0.076 0.029 0 0.005
0.076 0.223 0 0.005
0.076 0.335 0 0.005
0.076 0.379 0 0.005
0.076 0.435 0 0.005
0.076 0.486 0 0.005
0.076 0.601 0 0.005
0.077 0.319 0 0.005
0.079 0.274 0 0.005
0.08 0.128 0 0.005
0.08 0.356 0 0.005
0.08 0.412 0 0.005
0.08 0.502 0 0.005
0.08 0.589 0 0.005
0.08 0.962 0 0.005
0.082 0.142 0 0.005
0.082 0.425 0 0.005
0.082 0.458 0 0.005
0.082 0.665 0 0.005
0.082 0.731 0 0.005
0.082 0.943 0 0.005
0.083 0.798 0 0.005
0.083 0.808 0 0.005
0.083 0.907 0 0.005
0.084 0.284 0 0.005
0.084 0.692 0 0.005
0.084 0.873 0 0.005
0.085 0.087 0 0.005
0.085 0.519 0 0.005
0.085 0.643 0 0.005
0.085 0.781 0 0.005
0.086 0.055 0 0.005
0.086 0.072 0 0.005
0.086 0.537 0 0.005
0.086 0.549 0 0.005
0.086 0.57 0 0.005
0.086 0.821 0 0.005
0.087 0.026 0 0.005
0.087 0.155 0 0.005
0.088 0.116 0 0.005
0.088 0.343 0 0.005
0.088 0.929 0 0.005
0.089 0.044 0 0.005
0.089 0.841 0 0.005
0.09 0.376 0 0.005
0.09 0.75 0 0.005
0.091 0.002719298245614035 0 0.005
0.091 0.401 0 0.005
0.092 0.206 0 0.005
0.092 0.612 0 0.005
0.093 0.86 0 0.005
0.093 0.977 0 0.005
0.094 0.231 0 0.005
0.094 0.53 0 0.005
0.095 0.26 0 0.005
0.095 0.849 0 0.005
0.095 0.942 0 0.005
0.096 0.012 0 0.005
0.096 0.468 0 0.005
0.097 0.145 0 0.005
0.097 0.282 0 0.005
0.097 0.736 0 0.005
0.097 0.876 0 0.005
0.098 0.183 0 0.005
0.099 0.437 0 0.005
0.099 0.923 0 0.005
0.1 0.299 0 0.005
0.1 0.317 0 0.005
0.1 0.357 0 0.005
0.1 0.556 0 0.005
0.102 0.406 0 0.005
0.103 0.342 0 0.005
0.103 0.809 0 0.005
0.103 0.89 0 0.005
0.104 0.119 0 0.005
0.104 0.664 0 0.005
0.104 0.96 0 0.005
0.106 0.046 0 0.005
0.106 0.225 0 0.005
0.106 0.526 0 0.005
0.106 0.842 0 0.005
0.107 0.536 0 0.005
0.107 0.624 0 0.005
0.108 0.857 0 0.005
0.109 0.025 0 0.005
0.109 0.074 0 0.005
0.109 0.506 0 0.005
0.109 0.77 0 0.005
0.11 0.144 0 0.005
0.11 0.2 0 0.005
0.11 0.374 0 0.005
0.11 0.426 0 0.005
0.11 0.828 0 0.005
0.111 0.238 0 0.005
0.111 0.289 0 0.005
0.111 0.645 0 0.005
0.112 0.175 0 0.005
0.113 0.688 0 0.005
0.113 0.756 0 0.005
0.114 0.318 0 0.005
0.114 0.449 0 0.005
0.114 0.704 0 0.005
0.114 0.731 0 0.005
0.115 0.033 0 0.005
0.115 0.26 0 0.005
0.115 0.412 0 0.005
0.116 0.465 0 0.005
0.116 0.924 0 0.005
0.116 0.986 0 0.005
0.116 0.996280701754386 0 0.005
0.117 0.093 0 0.005
0.117 0.273 0 0.005
0.117 0.616 0 0.005
0.117 0.672 0 0.005
0.117 0.966 0 0.005
0.118 0.348 0 0.005
0.119 0.043 0 0.005
0.119 0.295 0 0.005
0.119 0.533 0 0.005
0.119 0.567 0 0.005
0.121 0.145 0 0.005
0.121 0.247 0 0.005
0.121 0.363 0 0.005
0.121 0.512 0 0.005
0.121 0.881 0 0.005
0.122 0.158 0 0.005
0.122 0.203 0 0.005
0.123 0.373 0 0.005
0.124 0.084 0 0.005
0.124 0.312 0 0.005
0.124 0.552 0 0.005
0.124 0.782 0 0.005
0.124 0.853 0 0.005
0.125 0.416 0 0.005
0.125 0.457 0 0.005
0.125 0.976 0 0.005
0.126 0.481 0 0.005
0.126 0.901 0 0.005
0.126 0.946 0 0.005
0.127 0.337 0 0.005
0.127 0.687 0 0.005
0.127 0.825 0 0.005
0.128 0.35 0 0.005
0.129 0.017 0 0.005
0.129 0.611 0 0.005
0.13 0.061 0 0.005
0.13 0.125 0 0.005
0.13 0.663 0 0.005
0.13 0.726 0 0.005
0.131 0.301 0 0.005
0.132 0.747 0 0.005
0.132 0.841 0 0.005
0.133 0.494 0 0.005
0.133 0.535 0 0.005
0.133 0.648 0 0.005
0.133 0.709 0 0.005
0.134 0.107 0 0.005
0.134 0.475 0 0.005
0.134 0.793 0 0.005
0.134 0.96 0 0.005
0.135 0.429 0 0.005
0.135 0.632 0 0.005
0.135 0.88 0 0.005
0.136 0.149 0 0.005
0.136 0.186 0 0.005
0.136 0.243 0 0.005
0.136 0.448 0 0.005
0.137 0.042 0 0.005
0.137 0.509 0 0.005
0.137 0.558 0 0.005
0.138 0.277 0 0.005
0.138 0.991 0 0.005
0.139 0.762 0 0.005
0.14 0.002719298245614035 0 0.005
0.14 0.573 0 0.005
0.14 0.971 0 0.005
0.141 0.363 0 0.005
0.142 0.09 0 0.005
0.142 0.115 0 0.005
0.142 0.44 0 0.005
0.142 0.598 0 0.005
0.142 0.828 0 0.005
0.142 0.981 0 0.005
0.143 0.016 0 0.005
0.143 0.642 0 0.005
0.143 0.749 0 0.005
0.143 0.8 0 0.005
0.143 0.903 0 0.005
0.144 0.35 0 0.005
0.144 0.394 0 0.005
0.144 0.669 0 0.005
0.144 0.845 0 0.005
0.144 0.866 0 0.005
0.145 0.409 0 0.005
0.147 0.298 0 0.005
0.147 0.328 0 0.005
0.147 0.551 0 0.005
0.147 0.921 0 0.005
0.147 0.9977333333333334 0 0.005
0.148 0.195 0 0.005
0.148 0.258 0 0.005
0.148 0.612 0 0.005
0.149 0.163 0 0.005
0.149 0.381 0 0.005
0.149 0.509 0 0.005
0.151 0.024 0 0.005
0.151 0.068 0 0.005
0.151 0.183 0 0.005
0.151 0.269 0 0.005
0.151 0.365 0 0.005
0.151 0.66 0 0.005
0.151 0.714 0 0.005
0.151 0.785 0 0.005
0.151 0.875 0 0.005
0.152 0.599 0 0.005
0.152 0.939 0 0.005
0.154 0.053 0 0.005
0.154 0.226 0 0.005
0.154 0.848 0 0.005
0.155 0.21 0 0.005
0.155 0.698 0 0.005
0.155 0.802 0 0.005
0.156 0.31 0 0.005
0.156 0.531 0 0.005
0.156 0.73 0 0.005
0.157 0.329 0 0.005
0.157 0.432 0 0.005
0.157 0.571 0 0.005
0.157 0.898 0 0.005
0.158 0.447 0 0.005
0.158 0.68 0 0.005
0.159 0.11 0 0.005
0.159 0.149 0 0.005
0.159 0.239 0 0.005
0.159 0.294 0 0.005
0.159 0.463 0 0.005
0.159 0.965 0 0.005
0.16 0.832 0 0.005
0.161 0.064 0 0.005
0.161 0.284 0 0.005
0.162 0.179 0 0.005
0.162 0.624 0 0.005
0.162 0.907 0 0.005
0.163 0.122 0 0.005
0.163 0.488 0 0.005
0.163 0.716 0 0.005
0.163 0.808 0 0.005
0.164 0.589 0 0.005
0.164 0.751 0 0.005
0.164 0.889 0 0.005
0.164 0.945 0 0.005
0.165 0.0017435897435897436 0 0.005
0.165 0.163 0 0.005
0.165 0.352 0 0.005
0.166 0.037 0 0.005
0.166 0.302 0 0.005
0.166 0.409 0 0.005
0.166 0.797 0 0.005
0.167 0.335 0 0.005
0.167 0.42 0 0.005
0.167 0.779 0 0.005
0.168 0.094 0 0.005
0.168 0.432 0 0.005
0.168 0.539 0 0.005
0.168 0.549 0 0.005
0.168 0.575 0 0.005
0.168 0.826 0 0.005
0.169 0.466 0 0.005
0.169 0.853 0 0.005
0.17 0.563 0 0.005
0.17 0.687 0 0.005
0.17 0.872 0 0.005
0.172 0.705 0 0.005
0.173 0.733 0 0.005
0.174 0.108 0 0.005
0.174 0.138 0 0.005
0.174 0.192 0 0.005
0.174 0.531 0 0.005
0.174 0.812 0 0.005
0.175 0.748 0 0.005
0.175 0.898 0 0.005
0.176 0.458 0 0.005
0.177 0.636 0 0.005
0.177 0.654 0 0.005
0.178 0.223 0 0.005
0.178 0.267 0 0.005
0.178 0.288 0 0.005
0.178 0.841 0 0.005
0.178 0.963 0 0.005
0.179 0.478 0 0.005
0.179 0.548 0 0.005
0.18 0.047 0 0.005
0.18 0.609 0 0.005
0.181 0.382 0 0.005
0.181 0.399 0 0.005
0.182 0.933 0 0.005
0.183 0.298 0 0.005
0.184 0.446 0 0.005
0.185 0.712 0 0.005
0.185 0.795 0 0.005
0.186 0.314 0 0.005
0.187 0.217 0 0.005
0.187 0.504 0 0.005
0.188 0.342 0 0.005
0.188 0.733 0 0.005
0.188 0.748 0 0.005
0.188 0.839 0 0.005
0.189 0.126 0 0.005
0.189 0.689 0 0.005
0.189 0.784 0 0.005
0.19 0.624 0 0.005
0.191 0.557 0 0.005
0.191 0.825 0 0.005
0.191 0.959 0 0.005
0.191 0.987 0 0.005
0.192 0.194 0 0.005
0.192 0.72 0 0.005
0.192 0.866 0 0.005
0.193 0.105 0 0.005
0.193 0.142 0 0.005
0.193 0.532 0 0.005
0.193 0.9967708333333334 0 0.005
0.194 0.473 0 0.005
0.194 0.909 0 0.005
0.194 0.921 0 0.005
0.195 0.035 0 0.005
0.195 0.367 0 0.005
0.195 0.513 0 0.005
0.195 0.579 0 0.005
0.196 0.486 0 0.005
0.196 0.709 0 0.005
0.197 0.08 0 0.005
0.197 0.811 0 0.005
0.198 0.853 0 0.005
0.199 0.302 0 0.005
0.199 0.448 0 0.005
0.2 0.353 0 0.005
0.201 0.43 0 0.005
0.201 0.603 0 0.005
0.201 0.943 0 0.005
0.202 0.051 0 0.005
0.202 0.263 0 0.005
0.202 0.276 0 0.005
0.202 0.648 0 0.005
0.203 0.399 0 0.005
0.203 0.777 0 0.005
0.203 0.89 0 0.005
0.204 0.151 0 0.005
0.204 0.457 0 0.005
0.204 0.797 0 0.005
0.205 0.065 0 0.005
0.205 0.193 0 0.005
0.206 0.225 0 0.005
0.206 0.325 0 0.005
0.206 0.373 0 0.005
0.206 0.729 0 0.005
0.206 0.839 0 0.005
0.207 0.485 0 0.005
0.207 0.626 0 0.005
0.208 0.206 0 0.005
0.208 0.415 0 0.005
0.208 0.867 0 0.005
0.209 0.03 0 0.005
0.209 0.04 0 0.005
0.209 0.575 0 0.005
0.209 0.969 0 0.005
0.21 0.814 0 0.005
0.21 0.935 0 0.005
0.211 0.13 0 0.005
0.211 0.691 0 0.005
0.212 0.0008095238095238096 0 0.005
0.212 0.504 0 0.005
0.212 0.878 0 0.005
0.213 0.296 0 0.005
0.213 0.771 0 0.005
0.214 0.145 0 0.005
0.214 0.387 0 0.005
0.214 0.953 0 0.005
0.214 0.993 0 0.005
0.215 0.755 0 0.005
0.216 0.526 0 0.005
0.216 0.8 0 0.005
0.217 0.012 0 0.005
0.217 0.065 0 0.005
0.217 0.856 0 0.005
0.218 0.08 0 0.005
0.218 0.184 0 0.005
0.218 0.26 0 0.005
0.218 0.367 0 0.005
0.218 0.458 0 0.005
0.218 0.567 0 0.005
0.218 0.924 0 0.005
0.219 0.24 0 0.005
0.219 0.433 0 0.005
0.22 0.344 0 0.005
0.221 0.274 0 0.005
0.221 0.982 0 0.005
0.222 0.1 0 0.005
0.222 0.311 0 0.005
0.222 0.635 0 0.005
0.222 0.907 0 0.005
0.223 0.124 0 0.005
0.223 0.607 0 0.005
0.223 0.734 0 0.005
0.224 0.031 0 0.005
0.224 0.135 0 0.005
0.224 0.4 0 0.005
0.224 0.814 0 0.005
0.224 0.838 0 0.005
0.225 0.591 0 0.005
0.225 0.996280701754386 0 0.005
0.226 0.02 0 0.005
0.226 0.112 0 0.005
0.226 0.321 0 0.005
0.226 0.498 0 0.005
0.226 0.936 0 0.005
0.227 0.159 0 0.005
0.227 0.866 0 0.005
0.228 0.043 0 0.005
0.228 0.473 0 0.005
0.228 0.646 0 0.005
0.228 0.716 0 0.005
0.229 0.511 0 0.005
0.23 0.236 0 0.005
0.23 0.551 0 0.005
0.23 0.561 0 0.005
0.231 0.262 0 0.005
0.231 0.334 0 0.005
0.231 0.357 0 0.005
0.232 0.059 0 0.005
0.232 0.301 0 0.005
0.232 0.78 0 0.005
0.232 0.808 0 0.005
0.232 0.896 0 0.005
0.233 0.431 0 0.005
0.233 0.444 0 0.005
0.233 0.663 0 0.005
0.235 0.455 0 0.005
0.235 0.93 0 0.005
0.236 0.088 0 0.005
0.236 0.698 0 0.005
0.236 0.92 0 0.005
0.237 0.48 0 0.005
0.237 0.77 0 0.005
0.238 0.589 0 0.005
0.238 0.633 0 0.005
0.239 0.098 0 0.005
0.239 0.201 0 0.005
0.239 0.716 0 0.005
0.239 0.752 0 0.005
0.239 0.91 0 0.005
0.24 0.217 0 0.005
0.24 0.295 0 0.005
0.24 0.573 0 0.005
0.24 0.947 0 0.005
0.241 0.0012666666666666666 0 0.005
0.241 0.078 0 0.005
0.241 0.381 0 0.005
0.241 0.468 0 0.005
0.241 0.494 0 0.005
0.242 0.805 0 0.005
0.243 0.017 0 0.005
0.243 0.136 0 0.005
0.243 0.159 0 0.005
0.243 0.392 0 0.005
0.243 0.562 0 0.005
0.243 0.794 0 0.005
0.243 0.815 0 0.005
0.243 0.873 0 0.005
0.244 0.274 0 0.005
0.244 0.405 0 0.005
0.244 0.851 0 0.005
0.245 0.236 0 0.005
0.246 0.777 0 0.005
0.246 0.956 0 0.005
0.247 0.07 0 0.005
0.247 0.424 0 0.005
0.247 0.698 0 0.005
0.248 0.324 0 0.005
0.248 0.89 0 0.005
0.249 0.119 0 0.005
0.249 0.54 0 0.005
0.249 0.645 0 0.005
0.249 0.99 0 0.005
0.25 0.575 0 0.005
0.25 0.599 0 0.005
0.251 0.059 0 0.005
0.251 0.168 0 0.005
0.252 0.386 0 0.005
0.253 0.026 0 0.005
0.254 0.723 0 0.005
0.254 0.972 0 0.005
0.255 0.016 0 0.005
0.255 0.04 0 0.005
0.255 0.334 0 0.005
0.255 0.442 0 0.005
0.256 0.239 0 0.005
0.256 0.506 0 0.005
0.256 0.518 0 0.005
0.256 0.558 0 0.005
0.256 0.792 0 0.005
0.257 0.072 0 0.005
0.257 0.278 0 0.005
0.257 0.612 0 0.005
0.258 0.411 0 0.005
0.258 0.743 0 0.005
0.258 0.862 0 0.005
0.258 0.96 0 0.005
0.259 0.082 0 0.005
0.259 0.228 0 0.005
0.259 0.359 0 0.005
0.26 0.196 0 0.005
0.26 0.492 0 0.005
0.26 0.593 0 0.005
0.261 0.316 0 0.005
0.261 0.732 0 0.005
0.261 0.93 0 0.005
0.262 0.053 0 0.005
0.262 0.374 0 0.005
0.263 0.67 0 0.005
0.264 0.171 0 0.005
0.264 0.897 0 0.005
0.265 0.451 0 0.005
0.265 0.763 0 0.005
0.265 0.774 0 0.005
0.266 0.715 0 0.005
0.267 0.338 0 0.005
0.267 0.907 0 0.005
0.268 0.137 0 0.005
0.268 0.248 0 0.005
0.268 0.84 0 0.005
0.269 0.467 0 0.005
0.268 0.9985833333333334 0 0.005
0.27 0.696 0 0.005
0.27 0.806 0 0.005
0.271 0.089 0 0.005
0.271 0.157 0 0.005
0.271 0.664 0 0.005
0.271 0.676 0 0.005
0.272 0.319 0 0.005
0.272 0.629 0 0.005
0.272 0.943 0 0.005
0.272 0.956 0 0.005
0.273 0.19 0 0.005
0.274 0.0008095238095238096 0 0.005
0.274 0.531 0 0.005
0.274 0.743 0 0.005
0.275 0.346 0 0.005
0.275 0.573 0 0.005
0.275 0.82 0 0.005
0.276 0.024 0 0.005
0.276 0.209 0 0.005
0.276 0.602 0 0.005
0.276 0.834 0 0.005
0.277 0.399 0 0.005
0.277 0.563 0 0.005
0.278 0.109 0 0.005
0.278 0.275 0 0.005
0.278 0.292 0 0.005
0.278 0.799 0 0.005
0.279 0.511 0 0.005
0.279 0.733 0 0.005
0.279 0.885 0 0.005
0.279 0.906 0 0.005
0.28 0.035 0 0.005
0.28 0.099 0 0.005
0.28 0.769 0 0.005
0.28 0.863 0 0.005
0.281 0.31 0 0.005
0.282 0.076 0 0.005
0.282 0.454 0 0.005
0.283 0.367 0 0.005
0.283 0.381 0 0.005
0.283 0.501 0 0.005
0.283 0.538 0 0.005
0.283 0.843 0 0.005
0.283 0.964 0 0.005
0.284 0.548 0 0.005
0.284 0.713 0 0.005
0.285 0.468 0 0.005
0.285 0.528 0 0.005
0.285 0.63 0 0.005
0.286 0.349 0 0.005
0.286 0.894 0 0.005
0.286 0.936 0 0.005
0.287 0.253 0 0.005
0.288 0.284 0 0.005
0.288 0.339 0 0.005
0.289 0.005 0 0.005
0.289 0.161 0 0.005
0.289 0.391 0 0.005
0.289 0.595 0 0.005
0.289 0.751 0 0.005
0.289 0.99 0 0.005
0.29 0.036 0 0.005
0.29 0.067 0 0.005
0.291 0.122 0 0.005
0.291 0.208 0 0.005
0.291 0.401 0 0.005
0.291 0.608 0 0.005
0.292 0.518 0 0.005
0.292 0.692 0 0.005
0.293 0.861 0 0.005
0.294 0.054 0 0.005
0.294 0.15 0 0.005
0.294 0.311 0 0.005
0.295 0.08 0 0.005
0.295 0.103 0 0.005
0.295 0.565 0 0.005
0.295 0.832 0 0.005
0.296 0.917 0 0.005
0.297 0.459 0 0.005
0.297 0.497 0 0.005
0.297 0.956 0 0.005
0.298 0.234 0 0.005
0.298 0.293 0 0.005
0.298 0.351 0 0.005
0.299 0.139 0 0.005
0.299 0.369 0 0.005
0.299 0.599 0 0.005
0.299 0.794 0 0.005
0.299 0.942 0 0.005
0.3 0.664 0 0.005
0.3 0.698 0 0.005
0.3 0.966 0 0.005
0.301 0.487 0 0.005
0.301 0.529 0 0.005
0.301 0.674 0 0.005
0.302 0.747 0 0.005
0.303 0.323 0 0.005
0.304 0.848 0 0.005
0.304 0.883 0 0.005
0.304 0.928 0 0.005
0.305 0.006 0 0.005
0.305 0.249 0 0.005
0.303 0.999 0 0.005
0.306 0.077 0 0.005
0.306 0.405 0 0.005
0.307 0.089 0 0.005
0.307 0.26 0 0.005
0.307 0.312 0 0.005
0.307 0.417 0 0.005
0.307 0.606 0 0.005
0.308 0.539 0 0.005
0.309 0.052 0 0.005
0.309 0.17 0 0.005
0.309 0.27 0 0.005
0.309 0.563 0 0.005
0.309 0.793 0 0.005
0.309 0.952 0 0.005
0.31 0.345 0 0.005
0.31 0.738 0 0.005
0.31 0.839 0 0.005
0.311 0.126 0 0.005
0.311 0.355 0 0.005
0.311 0.703 0 0.005
0.312 0.038 0 0.005
0.312 0.511 0 0.005
0.313 0.21 0 0.005
0.313 0.223 0 0.005
0.313 0.425 0 0.005
0.314 0.492 0 0.005
0.314 0.637 0 0.005
0.314 0.657 0 0.005
0.314 0.75 0 0.005
0.314 0.941 0 0.005
0.315 0.69 0 0.005
0.315 0.909 0 0.005
0.315 0.927 0 0.005
0.317 0.013 0 0.005
0.317 0.457 0 0.005
0.317 0.585 0 0.005
0.318 0.0008095238095238096 0 0.005
0.318 0.025 0 0.005
0.318 0.238 0 0.005
0.318 0.537 0 0.005
0.319 0.092 0 0.005
0.319 0.109 0 0.005
0.319 0.575 0 0.005
0.319 0.9972564102564103 0 0.005
0.32 0.058 0 0.005
0.32 0.121 0 0.005
0.32 0.174 0 0.005
0.32 0.602 0 0.005
0.321 0.328 0 0.005
0.321 0.362 0 0.005
0.321 0.839 0 0.005
0.322 0.255 0 0.005
0.322 0.431 0 0.005
0.322 0.953 0 0.005
0.323 0.081 0 0.005
0.323 0.65 0 0.005
0.323 0.707 0 0.005
0.323 0.897 0 0.005
0.324 0.196 0 0.005
0.324 0.207 0 0.005
0.324 0.857 0 0.005
0.325 0.276 0 0.005
0.325 0.48 0 0.005
0.325 0.663 0 0.005
0.326 0.409 0 0.005
0.326 0.757 0 0.005
0.326 0.79 0 0.005
0.327 0.692 0 0.005
0.327 0.73 0 0.005
0.327 0.991 0 0.005
0.328 0.102 0 0.005
0.328 0.128 0 0.005
0.328 0.224 0 0.005
0.328 0.465 0 0.005
0.328 0.538 0 0.005
0.328 0.586 0 0.005
0.329 0.043 0 0.005
0.329 0.981 0 0.005
0.33 0.244 0 0.005
0.33 0.769 0 0.005
0.33 0.803 0 0.005
0.331 0.307 0 0.005
0.331 0.371 0 0.005
0.331 0.945 0 0.005
0.332 0.0012666666666666666 0 0.005
0.332 0.963 0 0.005
0.333 0.291 0 0.005
0.333 0.351 0 0.005
0.333 0.614 0 0.005
0.333 0.882 0 0.005
0.333 0.927 0 0.005
0.334 0.058 0 0.005
0.334 0.333 0 0.005
0.334 0.387 0 0.005
0.334 0.455 0 0.005
0.334 0.596 0 0.005
0.336 0.138 0 0.005
0.336 0.273 0 0.005
0.336 0.435 0 0.005
0.336 0.714 0 0.005
0.337 0.017 0 0.005
0.337 0.256 0 0.005
0.337 0.791 0 0.005
0.338 0.07 0 0.005
0.338 0.73 0 0.005
0.339 0.691 0 0.005
0.339 0.777 0 0.005
0.34 0.362 0 0.005
0.34 0.483 0 0.005
0.34 0.558 0 0.005
0.341 0.663 0 0.005
0.342 0.872 0 0.005
0.343 0.286 0 0.005
0.343 0.505 0 0.005
0.343 0.526 0 0.005
0.343 0.536 0 0.005
0.343 0.898 0 0.005
0.344 0.161 0 0.005
0.344 0.217 0 0.005
0.344 0.467 0 0.005
0.344 0.945 0 0.005
0.345 0.456 0 0.005
0.345 0.748 0 0.005
0.345 0.812 0 0.005
0.346 0.177 0 0.005
0.346 0.201 0 0.005
0.346 0.244 0 0.005
0.346 0.308 0 0.005
0.346 0.846 0 0.005
0.347 0.232 0 0.005
0.347 0.435 0 0.005
0.348 0.033 0 0.005
0.348 0.355 0 0.005
0.348 0.4 0 0.005
0.349 0.788 0 0.005
0.35 0.107 0 0.005
0.35 0.413 0 0.005
0.351 0.56 0 0.005
0.353 0.189 0 0.005
0.353 0.697 0 0.005
0.353 0.953 0 0.005
0.354 0.047 0 0.005
0.354 0.388 0 0.005
0.354 0.426 0 0.005
0.354 0.738 0 0.005
0.354 0.906 0 0.005
0.355 0.062 0 0.005
0.355 0.075 0 0.005
0.355 0.992 0 0.005
0.356 0.45 0 0.005
0.356 0.635 0 0.005
0.356 0.773 0 0.005
0.357 0.486 0 0.005
0.357 0.597 0 0.005
0.357 0.89 0 0.005
0.358 0.465 0 0.005
0.358 0.516 0 0.005
0.358 0.531 0 0.005
0.358 0.578 0 0.005
0.358 0.844 0 0.005
0.359 0.315 0 0.005
0.359 0.366 0 0.005
0.36 0.13 0 0.005
0.36 0.174 0 0.005
0.36 0.607 0 0.005
0.36 0.625 0 0.005
0.361 0.007 0 0.005
0.361 0.027 0 0.005
0.361 0.287 0 0.005
0.361 0.796 0 0.005
0.361 0.83 0 0.005
0.361 0.966 0 0.005
0.362 0.329 0 0.005
0.362 0.819 0 0.005
0.363 0.558 0 0.005
0.364 0.046 0 0.005
0.364 0.119 0 0.005
0.364 0.499 0 0.005
0.366 0.067 0 0.005
0.366 0.186 0 0.005
0.366 0.277 0 0.005
0.366 0.385 0 0.005
0.367 0.077 0 0.005
0.367 0.427 0 0.005
0.367 0.787 0 0.005
0.367 0.809 0 0.005
0.368 0.295 0 0.005
0.368 0.352 0 0.005
0.369 0.14 0 0.005
0.369 0.406 0 0.005
0.369 0.478 0 0.005
0.369 0.572 0 0.005
0.37 0.099 0 0.005
0.37 0.845 0 0.005
0.37 0.924 0 0.005
0.371 0.396 0 0.005
0.371 0.622 0 0.005
0.371 0.985 0 0.005
0.372 0.026 0 0.005
0.372 0.13 0 0.005
0.372 0.491 0 0.005
0.372 0.633 0 0.005
0.373 0.718 0 0.005
0.373 0.835 0 0.005
0.373 0.858 0 0.005
0.373 0.901 0 0.005
0.374 0.115 0 0.005
0.374 0.211 0 0.005
0.374 0.267 0 0.005
0.374 0.687 0 0.005
0.374 0.754 0 0.005
0.374 0.798 0 0.005
0.374 0.873 0 0.005
0.375 0.604 0 0.005
0.375 0.731 0 0.005
0.376 0.069 0 0.005
0.376 0.301 0 0.005
0.377 0.33 0 0.005
0.377 0.652 0 0.005
0.378 0.242 0 0.005
0.378 0.439 0 0.005
0.379 0.22 0 0.005
0.379 0.428 0 0.005
0.379 0.699 0 0.005
0.38 0.353 0 0.005
0.38 0.374 0 0.005
0.38 0.888 0 0.005
0.38 0.9972564102564103 0 0.005
0.381 0.046 0 0.005
0.381 0.625 0 0.005
0.381 0.954 0 0.005
0.382 0.343 0 0.005
0.382 0.669 0 0.005
0.383 0.595 0 0.005
0.383 0.838 0 0.005
0.384 0.103 0 0.005
0.384 0.466 0 0.005
0.384 0.768 0 0.005
0.384 0.799 0 0.005
0.385 0.123 0 0.005
0.385 0.821 0 0.005
0.385 0.899 0 0.005
0.385 0.938 0 0.005
0.385 0.965 0 0.005
0.386 0.022 0 0.005
0.386 0.203 0 0.005
0.386 0.286 0 0.005
0.386 0.485 0 0.005
0.386 0.524 0 0.005
0.387 0.877 0 0.005
0.389 0.136 0 0.005
0.389 0.298 0 0.005
0.389 0.31 0 0.005
0.389 0.446 0 0.005
0.389 0.499 0 0.005
0.39 0.091 0 0.005
0.39 0.981 0 0.005
0.391 0.575 0 0.005
0.391 0.747 0 0.005
0.391 0.784 0 0.005
0.392 0.419 0 0.005
0.392 0.624 0 0.005
0.392 0.688 0 0.005
0.394 0.057 0 0.005
0.394 0.512 0 0.005
0.394 0.801 0 0.005
0.395 0.403 0 0.005
0.396 0.539 0 0.005
0.396 0.927 0 0.005
0.397 0.173 0 0.005
0.397 0.526 0 0.005
0.397 0.878 0 0.005
0.397 0.972 0 0.005
0.398 0.236 0 0.005
0.398 0.355 0 0.005
0.398 0.851 0 0.005
0.398 0.914 0 0.005
0.398 0.949 0 0.005
0.399 0.126 0 0.005
0.4 0.616 0 0.005
0.4 0.789 0 0.005
0.401 0.379 0 0.005
0.402 0.938 0 0.005
0.403 0.021 0 0.005
0.403 0.364 0 0.005
0.403 0.565 0 0.005
0.403 0.838 0 0.005
0.403 0.886 0 0.005
0.404 0.218 0 0.005
0.404 0.645 0 0.005
0.405 0.276 0 0.005
0.405 0.336 0 0.005
0.405 0.684 0 0.005
0.406 0.057 0 0.005
0.406 0.198 0 0.005
0.406 0.745 0 0.005
0.407 0.068 0 0.005
0.407 0.532 0 0.005
0.407 0.592 0 0.005
0.407 0.9967708333333334 0 0.005
0.408 0.397 0 0.005
0.408 0.58 0 0.005
0.408 0.828 0 0.005
0.408 0.855 0 0.005
0.409 0.731 0 0.005
0.41 0.11 0 0.005
0.41 0.432 0 0.005
0.41 0.447 0 0.005
0.41 0.798 0 0.005
0.411 0.245 0 0.005
0.412 0.785 0 0.005
0.413 0.226 0 0.005
0.413 0.375 0 0.005
0.413 0.408 0 0.005
0.413 0.949 0 0.005
0.414 0.174 0 0.005
0.414 0.356 0 0.005
0.414 0.463 0 0.005
0.414 0.514 0 0.005
0.414 0.769 0 0.005
0.415 0.308 0 0.005
0.415 0.649 0 0.005
0.415 0.868 0 0.005
0.416 0.022 0 0.005
0.417 0.527 0 0.005
0.417 0.684 0 0.005
0.417 0.927 0 0.005
0.417 0.973 0 0.005
0.418 0.58 0 0.005
0.419 0.074 0 0.005
0.419 0.285 0 0.005
0.419 0.71 0 0.005
0.419 0.725 0 0.005
0.42 0.194 0 0.005
0.42 0.596 0 0.005
0.421 0.155 0 0.005
0.421 0.236 0 0.005
0.421 0.264 0 0.005
0.422 0.035 0 0.005
0.422 0.553 0 0.005
0.422 0.668 0 0.005
0.422 0.853 0 0.005
0.423 0.831 0 0.005
0.424 0.315 0 0.005
0.424 0.392 0 0.005
0.424 0.505 0 0.005
0.425 0.143 0 0.005
0.425 0.493 0 0.005
0.425 0.754 0 0.005
0.426 0.021 0 0.005
0.426 0.369 0 0.005
0.426 0.38 0 0.005
0.426 0.423 0 0.005
0.426 0.786 0 0.005
0.426 0.887 0 0.005
0.428 0.214 0 0.005
0.428 0.443 0 0.005
0.429 0.275 0 0.005
0.429 0.721 0 0.005
0.429 0.899 0 0.005
0.43 0.06 0 0.005
0.43 0.163 0 0.005
0.43 0.35 0 0.005
0.43 0.952 0 0.005
0.431 0.526 0 0.005
0.431 0.608 0 0.005
0.431 0.92 0 0.005
0.432 0.071 0 0.005
0.433 0.291 0 0.005
0.433 0.398 0 0.005
0.433 0.459 0 0.005
0.433 0.65 0 0.005
0.434 0.185 0 0.005
0.434 0.197 0 0.005
0.434 0.983 0 0.005
0.434 0.994 0 0.005
0.435 0.409 0 0.005
0.435 0.694 0 0.005
0.435 0.77 0 0.005
0.436 0.81 0 0.005
0.436 0.911 0 0.005
0.437 0.254 0 0.005
0.439 0.302 0 0.005
0.439 0.663 0 0.005
0.439 0.78 0 0.005
0.44 0.029 0 0.005
0.44 0.053 0 0.005
0.44 0.098 0 0.005
0.44 0.108 0 0.005
0.441 0.132 0 0.005
0.442 0.43 0 0.005
0.442 0.485 0 0.005
0.442 0.63 0 0.005
0.442 0.707 0 0.005
0.442 0.757 0 0.005
0.442 0.862 0 0.005
0.442 0.944 0 0.005
0.443 0.348 0 0.005
0.443 0.379 0 0.005
0.443 0.892 0 0.005
0.444 0.194 0 0.005
0.444 0.501 0 0.005
0.444 0.515 0 0.005
0.445 0.57 0 0.005
0.445 0.921 0 0.005
0.443 0.999 0 0.005
0.447 0.065 0 0.005
0.447 0.242 0 0.005
0.447 0.535 0 0.005
0.447 0.767 0 0.005
0.447 0.962 0 0.005
0.448 0.476 0 0.005
0.448 0.834 0 0.005
0.448 0.98 0 0.005
0.45 0.232 0 0.005
0.45 0.282 0 0.005
0.45 0.809 0 0.005
0.451 0.143 0 0.005
0.451 0.391 0 0.005
0.451 0.675 0 0.005
0.451 0.728 0 0.005
0.452 0.101 0 0.005
0.452 0.438 0 0.005
0.452 0.507 0 0.005
0.452 0.708 0 0.005
0.453 0.203 0 0.005
0.453 0.253 0 0.005
0.454 0.222 0 0.005
0.454 0.367 0 0.005
0.454 0.66 0 0.005
0.454 0.745 0 0.005
0.454 0.908 0 0.005
0.455 0.133 0 0.005
0.455 0.299 0 0.005
0.455 0.409 0 0.005
0.456 0.002719298245614035 0 0.005
0.456 0.017 0 0.005
0.456 0.892 0 0.005
0.457 0.775 0 0.005
0.458 0.312 0 0.005
0.458 0.422 0 0.005
0.458 0.642 0 0.005
0.459 0.924 0 0.005
0.46 0.338 0 0.005
0.46 0.971 0 0.005
0.461 0.518 0 0.005
0.462 0.175 0 0.005
0.462 0.264 0 0.005
0.462 0.506 0 0.005
0.462 0.753 0 0.005
0.463 0.348 0 0.005
0.463 0.716 0 0.005
0.464 0.287 0 0.005
0.464 0.528 0 0.005
0.464 0.763 0 0.005
0.465 0.951 0 0.005
0.465 0.98 0 0.005
0.466 0.075 0 0.005
0.467 0.007 0 0.005
0.467 0.023 0 0.005
0.467 0.036 0 0.005
0.467 0.143 0 0.005
0.467 0.362 0 0.005
0.467 0.601 0 0.005
0.468 0.331 0 0.005
0.469 0.233 0 0.005
0.469 0.936 0 0.005
0.47 0.304 0 0.005
0.47 0.444 0 0.005
0.47 0.626 0 0.005
0.47 0.644 0 0.005
0.47 0.904 0 0.005
0.471 0.662 0 0.005
0.471 0.807 0 0.005
0.471 0.968 0 0.005
0.472 0.381 0 0.005
0.472 0.432 0 0.005
0.473 0.565 0 0.005
0.473 0.714 0 0.005
0.473 0.845 0 0.005
0.474 0.215 0 0.005
0.474 0.786 0 0.005
0.474 0.921 0 0.005
0.475 0.408 0 0.005
0.476 0.081 0 0.005
0.476 0.166 0 0.005
0.476 0.325 0 0.005
0.476 0.357 0 0.005
0.478 0.676 0 0.005
0.479 0.144 0 0.005
0.478 0.0 0 0.005
0.48 0.254 0 0.005
0.48 0.584 0 0.005
0.481 0.108 0 0.005
0.481 0.155 0 0.005
0.481 0.511 0 0.005
0.481 0.547 0 0.005
0.481 0.814 0 0.005
0.482 0.736 0 0.005
0.482 0.78 0 0.005
0.482 0.886 0 0.005
0.483 0.714 0 0.005
0.483 0.761 0 0.005
0.484 0.127 0 0.005
0.484 0.395 0 0.005
0.484 0.558 0 0.005
0.485 0.378 0 0.005
0.485 0.472 0 0.005
0.485 0.491 0 0.005
0.485 0.911 0 0.005
0.486 0.24 0 0.005
0.486 0.301 0 0.005
0.486 0.356 0 0.005
0.486 0.574 0 0.005
0.486 0.898 0 0.005
0.487 0.025 0 0.005
0.487 0.995 0 0.005
0.489 0.139 0 0.005
0.489 0.23 0 0.005
0.49 0.254 0 0.005
0.49 0.591 0 0.005
0.49 0.67 0 0.005
0.49 0.682 0 0.005
0.49 0.806 0 0.005
0.491 0.08 0 0.005
0.491 0.173 0 0.005
0.491 0.411 0 0.005
0.491 0.635 0 0.005
0.492 0.963 0 0.005
0.493 0.063 0 0.005
0.493 0.106 0 0.005
0.493 0.332 0 0.005
0.494 0.753 0 0.005
0.494 0.845 0 0.005
0.495 0.205 0 0.005
0.495 0.445 0 0.005
0.495 0.489 0 0.005
0.495 0.526 0 0.005
0.495 0.903 0 0.005
0.496 0.218 0 0.005
0.496 0.607 0 0.005
0.496 0.926 0 0.005
0.497 0.273 0 0.005
0.497 0.401 0 0.005
0.498 0.022 0 0.005
0.498 0.557 0 0.005
0.498 0.796 0 0.005
0.499 0.19 0 0.005
0.499 0.346 0 0.005
0.499 0.992 0 0.005
0.5 0.419 0 0.005
0.5 0.465 0 0.005
0.501 0.044 0 0.005
0.501 0.147 0 0.005
0.501 0.7 0 0.005
0.503 0.365 0 0.005
0.503 0.5 0 0.005
0.503 0.657 0 0.005
0.503 0.853 0 0.005
0.504 0.122 0 0.005
0.504 0.132 0 0.005
0.504 0.262 0 0.005
0.504 0.321 0 0.005
0.505 0.391 0 0.005
0.505 0.725 0 0.005
0.505 0.81 0 0.005
0.506 0.109 0 0.005
0.506 0.437 0 0.005
0.506 0.517 0 0.005
0.506 0.947 0 0.005
0.506 0.978 0 0.005
0.507 0.077 0 0.005
0.507 0.477 0 0.005
0.507 0.533 0 0.005
0.507 0.841 0 0.005
0.507 0.918 0 0.005
0.508 0.243 0 0.005
0.509 0.03 0 0.005
0.509 0.375 0 0.005
0.509 0.544 0 0.005
0.509 0.887 0 0.005
0.51 0.355 0 0.005
0.51 0.607 0 0.005
0.51 0.757 0 0.005
0.51 0.934 0 0.005
0.512 0.466 0 0.005
0.512 0.567 0 0.005
0.512 0.625 0 0.005
0.513 0.303 0 0.005
0.513 0.989 0 0.005
0.514 0.158 0 0.005
0.514 0.263 0 0.005
0.514 0.684 0 0.005
0.514 0.79 0 0.005
0.515 0.43 0 0.005
0.515 0.592 0 0.005
0.516 0.132 0 0.005
0.516 0.721 0 0.005
0.517 0.005 0 0.005
0.517 0.083 0 0.005
0.517 0.292 0 0.005
0.517 0.402 0 0.005
0.517 0.645 0 0.005
0.518 0.336 0 0.005
0.518 0.894 0 0.005
0.519 0.031 0 0.005
0.519 0.811 0 0.005
0.519 0.943 0 0.005
0.52 0.451 0 0.005
0.52 0.766 0 0.005
0.521 0.349 0 0.005
0.521 0.879 0 0.005
0.522 0.191 0 0.005
0.522 0.699 0 0.005
0.523 0.096 0 0.005
0.523 0.629 0 0.005
0.524 0.38 0 0.005
0.524 0.505 0 0.005
0.524 0.835 0 0.005
0.525 0.0012666666666666666 0 0.005
0.525 0.062 0 0.005
0.525 0.177 0 0.005
0.525 0.246 0 0.005
0.525 0.546 0 0.005
0.525 0.677 0 0.005
0.525 0.797 0 0.005
0.525 0.985 0 0.005
0.526 0.133 0 0.005
0.526 0.903 0 0.005
0.527 0.12 0 0.005
0.527 0.211 0 0.005
0.527 0.417 0 0.005
0.527 0.586 0 0.005
0.528 0.079 0 0.005
0.528 0.275 0 0.005
0.528 0.52 0 0.005
0.528 0.865 0 0.005
0.529 0.602 0 0.005
0.53 0.468 0 0.005
0.531 0.446 0 0.005
0.531 0.888 0 0.005
0.531 0.996280701754386 0 0.005
0.532 0.051 0 0.005
0.532 0.168 0 0.005
0.532 0.254 0 0.005
0.532 0.31 0 0.005
0.532 0.403 0 0.005
0.532 0.741 0 0.005
0.532 0.766 0 0.005
0.534 0.458 0 0.005
0.534 0.712 0 0.005
0.535 0.227 0 0.005
0.536 0.134 0 0.005
0.536 0.195 0 0.005
0.536 0.299 0 0.005
0.536 0.662 0 0.005
0.536 0.823 0 0.005
0.536 0.919 0 0.005
0.537 0.181 0 0.005
0.537 0.209 0 0.005
0.537 0.328 0 0.005
0.537 0.425 0 0.005
0.537 0.483 0 0.005
0.538 0.286 0 0.005
0.538 0.378 0 0.005
0.538 0.647 0 0.005
0.538 0.724 0 0.005
0.538 0.813 0 0.005
0.539 0.149 0 0.005
0.539 0.631 0 0.005
0.539 0.792 0 0.005
0.54 0.438 0 0.005
0.54 0.548 0 0.005
0.54 0.578 0 0.005
0.54 0.757 0 0.005
0.54 0.986 0 0.005
0.542 0.027 0 0.005
0.543 0.166 0 0.005
0.543 0.511 0 0.005
0.544 0.454 0 0.005
0.544 0.615 0 0.005
0.544 0.873 0 0.005
0.544 0.9981904761904762 0 0.005
0.545 0.01 0 0.005
0.545 0.22 0 0.005
0.546 0.279 0 0.005
0.546 0.954 0 0.005
0.546 0.976 0 0.005
0.547 0.121 0 0.005
0.547 0.363 0 0.005
0.547 0.684 0 0.005
0.547 0.887 0 0.005
0.548 0.037 0 0.005
0.548 0.407 0 0.005
0.548 0.637 0 0.005
0.548 0.774 0 0.005
0.548 0.823 0 0.005
0.548 0.932 0 0.005
0.549 0.531 0 0.005
0.55 0.25 0 0.005
0.551 0.589 0 0.005
0.552 0.085 0 0.005
0.552 0.39 0 0.005
0.552 0.445 0 0.005
0.552 0.67 0 0.005
0.552 0.698 0 0.005
0.553 0.578 0 0.005
0.553 0.725 0 0.005
0.554 0.338 0 0.005
0.554 0.848 0 0.005
0.555 0.43 0 0.005
0.555 0.71 0 0.005
0.555 0.918 0 0.005
0.556 0.06 0 0.005
0.556 0.258 0 0.005
0.556 0.316 0 0.005
0.557 0.017 0 0.005
0.557 0.128 0 0.005
0.557 0.27 0 0.005
0.557 0.562 0 0.005
0.557 0.752 0 0.005
0.558 0.101 0 0.005
0.558 0.412 0 0.005
0.558 0.479 0 0.005
0.558 0.995 0 0.005
0.559 0.372 0 0.005
0.559 0.858 0 0.005
0.56 0.077 0 0.005
0.56 0.629 0 0.005
0.56 0.906 0 0.005
0.561 0.646 0 0.005
0.562 0.0008095238095238096 0 0.005
0.562 0.978 0 0.005
0.563 0.672 0 0.005
0.563 0.797 0 0.005
0.564 0.091 0 0.005
0.564 0.219 0 0.005
0.564 0.28 0 0.005
0.564 0.811 0 0.005
0.564 0.936 0 0.005
0.564 0.956 0 0.005
0.565 0.116 0 0.005
0.565 0.168 0 0.005
0.565 0.354 0 0.005
0.565 0.683 0 0.005
0.565 0.879 0 0.005
0.566 0.039 0 0.005
0.566 0.135 0 0.005
0.567 0.699 0 0.005
0.568 0.053 0 0.005
0.568 0.845 0 0.005
0.569 0.104 0 0.005
0.569 0.585 0 0.005
0.569 0.759 0 0.005
0.57 0.339 0 0.005
0.57 0.61 0 0.005
0.57 0.993 0 0.005
0.571 0.389 0 0.005
0.571 0.86 0 0.005
0.572 0.155 0 0.005
0.572 0.176 0 0.005
0.572 0.835 0 0.005
0.572 0.87 0 0.005
0.573 0.425 0 0.005
0.573 0.923 0 0.005
0.574 0.029 0 0.005
0.574 0.372 0 0.005
0.574 0.437 0 0.005
0.574 0.721 0 0.005
0.574 0.739 0 0.005
0.574 0.967 0 0.005
0.575 0.315 0 0.005
0.575 0.47 0 0.005
0.575 0.887 0 0.005
0.576 0.046 0 0.005
0.576 0.241 0 0.005
0.577 0.767 0 0.005
0.577 0.787 0 0.005
0.577 0.814 0 0.005
0.578 0.203 0 0.005
0.578 0.416 0 0.005
0.578 0.955 0 0.005
0.579 0.348 0 0.005
0.579 0.644 0 0.005
0.579 0.668 0 0.005
0.58 0.166 0 0.005
0.58 0.603 0 0.005
0.581 0.269 0 0.005
0.581 0.557 0 0.005
0.581 0.861 0 0.005
0.582 0.125 0 0.005
0.582 0.221 0 0.005
0.583 0.054 0 0.005
0.583 0.705 0 0.005
0.583 0.945 0 0.005
0.584 0.099 0 0.005
0.584 0.249 0 0.005
0.584 0.33 0 0.005
0.584 0.498 0 0.005
0.584 0.725 0 0.005
0.586 0.305 0 0.005
0.586 0.819 0 0.005
0.587 0.572 0 0.005
0.587 0.884 0 0.005
0.587 0.933 0 0.005
0.588 0.067 0 0.005
0.588 0.386 0 0.005
0.588 0.544 0 0.005
0.588 0.981 0 0.005
0.589 0.027 0 0.005
0.589 0.682 0 0.005
0.59 0.006 0 0.005
0.59 0.442 0 0.005
0.59 0.636 0 0.005
0.59 0.787 0 0.005
0.59 0.894 0 0.005
0.591 0.586 0 0.005
0.591 0.752 0 0.005
0.591 0.909 0 0.005
0.592 0.669 0 0.005
0.593 0.154 0 0.005
0.593 0.411 0 0.005
0.593 0.943 0 0.005
0.595 0.276 0 0.005
0.595 0.359 0 0.005
0.595 0.799 0 0.005
0.596 0.518 0 0.005
0.596 0.554 0 0.005
0.597 0.349 0 0.005
0.597 0.536 0 0.005
0.597 0.842 0 0.005
0.598 0.189 0 0.005
0.598 0.245 0 0.005
0.598 0.481 0 0.005
0.6 0.312 0 0.005
0.6 0.323 0 0.005
0.6 0.681 0 0.005
0.6 0.975 0 0.005
0.601 0.044 0 0.005
0.601 0.07 0 0.005
0.601 0.629 0 0.005
0.601 0.7 0 0.005
0.601 0.717 0 0.005
0.601 0.737 0 0.005
0.602 0.224 0 0.005
0.602 0.418 0 0.005
0.602 0.768 0 0.005
0.602 0.819 0 0.005
0.603 0.06 0 0.005
0.603 0.727 0 0.005
0.604 0.005 0 0.005
0.604 0.197 0 0.005
0.604 0.255 0 0.005
0.604 0.78 0 0.005
0.605 0.127 0 0.005
0.605 0.436 0 0.005
0.606 0.888 0 0.005
0.607 0.462 0 0.005
0.607 0.569 0 0.005
0.608 0.606 0 0.005
0.608 0.661 0 0.005
0.609 0.636 0 0.005
0.609 0.874 0 0.005
0.61 0.184 0 0.005
0.61 0.282 0 0.005
0.61 0.311 0 0.005
0.61 0.522 0 0.005
0.61 0.93 0 0.005
0.611 0.087 0 0.005
0.611 0.475 0 0.005
0.611 0.621 0 0.005
0.612 0.494 0 0.005
0.613 0.421 0 0.005
0.613 0.537 0 0.005
0.613 0.56 0 0.005
0.613 0.687 0 0.005
0.614 0.147 0 0.005
0.614 0.162 0 0.005
0.614 0.264 0 0.005
0.614 0.512 0 0.005
0.614 0.67 0 0.005
0.614 0.853 0 0.005
0.614 0.0004166666666666667 0 0.005
0.615 0.061 0 0.005
0.615 0.254 0 0.005
0.615 0.445 0 0.005
0.615 0.727 0 0.005
0.615 0.961 0 0.005
0.616 0.107 0 0.005
0.616 0.211 0 0.005
0.616 0.978 0 0.005
0.616 0.9956875 0 0.005
0.617 0.097 0 0.005
0.617 0.642 0 0.005
0.617 0.698 0 0.005
0.618 0.014 0 0.005
0.618 0.044 0 0.005
0.618 0.354 0 0.005
0.619 0.92 0 0.005
0.62 0.236 0 0.005
0.62 0.907 0 0.005
0.621 0.138 0 0.005
0.621 0.201 0 0.005
0.621 0.433 0 0.005
0.621 0.526 0 0.005
0.621 0.747 0 0.005
0.622 0.544 0 0.005
0.622 0.62 0 0.005
0.623 0.305 0 0.005
0.623 0.827 0 0.005
0.624 0.283 0 0.005
0.624 0.377 0 0.005
0.624 0.516 0 0.005
0.624 0.674 0 0.005
0.625 0.116 0 0.005
0.625 0.266 0 0.005
0.625 0.408 0 0.005
0.626 0.126 0 0.005
0.626 0.172 0 0.005
0.626 0.849 0 0.005
0.627 0.221 0 0.005
0.627 0.608 0 0.005
0.628 0.469 0 0.005
0.628 0.505 0 0.005
0.63 0.048 0 0.005
0.63 0.935 0 0.005
0.631 0.253 0 0.005
0.631 0.395 0 0.005
0.631 0.733 0 0.005
0.631 0.956 0 0.005
0.632 0.066 0 0.005
0.632 0.102 0 0.005
0.632 0.383 0 0.005
0.632 0.44 0 0.005
0.633 0.275 0 0.005
0.633 0.289 0 0.005
0.633 0.744 0 0.005
0.634 0.009 0 0.005
0.634 0.484 0 0.005
0.634 0.912 0 0.005
0.634 0.981 0 0.005
0.635 0.316 0 0.005
0.633 0.999 0 0.005
0.636 0.695 0 0.005
0.636 0.864 0 0.005
0.637 0.13 0 0.005
0.637 0.674 0 0.005
0.638 0.086 0 0.005
0.638 0.114 0 0.005
0.638 0.177 0 0.005
0.638 0.473 0 0.005
0.638 0.539 0 0.005
0.639 0.303 0 0.005
0.639 0.591 0 0.005
0.639 0.825 0 0.005
0.639 0.837 0 0.005
0.639 0.877 0 0.005
0.639 0.943 0 0.005
0.64 0.208 0 0.005
0.64 0.421 0 0.005
0.64 0.458 0 0.005
0.64 0.504 0 0.005
0.64 0.514 0 0.005
0.64 0.973 0 0.005
0.641 0.332 0 0.005
0.642 0.249 0 0.005
0.642 0.282 0 0.005
0.642 0.577 0 0.005
0.642 0.619 0 0.005
0.642 0.635 0 0.005
0.642 0.716 0 0.005
0.642 0.784 0 0.005
0.643 0.192 0 0.005
0.643 0.344 0 0.005
0.643 0.754 0 0.005
0.644 0.012 0 0.005
0.644 0.056 0 0.005
0.644 0.887 0 0.005
0.645 0.85 0 0.005
0.646 0.104 0 0.005
0.646 0.322 0 0.005
0.646 0.726 0 0.005
0.646 0.766 0 0.005
0.646 0.916 0 0.005
0.647 0.492 0 0.005
0.648 0.222 0 0.005
0.648 0.363 0 0.005
0.647 0.9985833333333334 0 0.005
0.649 0.655 0 0.005
0.649 0.68 0 0.005
0.649 0.814 0 0.005
0.649 0.965 0 0.005
0.65 0.562 0 0.005
0.651 0.043 0 0.005
0.651 0.378 0 0.005
0.651 0.601 0 0.005
0.651 0.692 0 0.005
0.651 0.903 0 0.005
0.652 0.294 0 0.005
0.653 0.829 0 0.005
0.654 0.156 0 0.005
0.654 0.249 0 0.005
0.654 0.35 0 0.005
0.654 0.666 0 0.005
0.655 0.193 0 0.005
0.656 0.541 0 0.005
0.656 0.587 0 0.005
0.656 0.762 0 0.005
0.656 0.957 0 0.005
0.657 0.229 0 0.005
0.657 0.61 0 0.005
0.657 0.621 0 0.005
0.657 0.703 0 0.005
0.657 0.788 0 0.005
0.658 0.338 0 0.005
0.658 0.394 0 0.005
0.658 0.872 0 0.005
0.659 0.113 0 0.005
0.659 0.432 0 0.005
0.659 0.491 0 0.005
0.659 0.909 0 0.005
0.66 0.075 0 0.005
0.66 0.286 0 0.005
0.66 0.476 0 0.005
0.66 0.52 0 0.005
0.66 0.808 0 0.005
0.662 0.04 0 0.005
0.662 0.052 0 0.005
0.662 0.356 0 0.005
0.662 0.712 0 0.005
0.663 0.631 0 0.005
0.663 0.853 0 0.005
0.663 0.977 0 0.005
0.663 0.995 0 0.005
0.664 0.145 0 0.005
0.664 0.158 0 0.005
0.664 0.891 0 0.005
0.665 0.186 0 0.005
0.665 0.208 0 0.005
0.665 0.414 0 0.005
0.665 0.581 0 0.005
0.666 0.235 0 0.005
0.667 0.091 0 0.005
0.667 0.829 0 0.005
0.668 0.653 0 0.005
0.669 0.436 0 0.005
0.67 0.33 0 0.005
0.672 0.297 0 0.005
0.672 0.459 0 0.005
0.672 0.611 0 0.005
0.673 0.473 0 0.005
0.673 0.522 0 0.005
0.673 0.982 0 0.005
0.674 0.313 0 0.005
0.674 0.369 0 0.005
0.674 0.633 0 0.005
0.674 0.7 0 0.005
0.675 0.533 0 0.005
0.675 0.562 0 0.005
0.675 0.76 0 0.005
0.676 0.254 0 0.005
0.676 0.403 0 0.005
0.676 0.808 0 0.005
0.677 0.572 0 0.005
0.677 0.882 0 0.005
0.677 0.923 0 0.005
0.678 0.014 0 0.005
0.678 0.543 0 0.005
0.679 0.414 0 0.005
0.679 0.722 0 0.005
0.679 0.9967708333333334 0 0.005
0.68 0.175 0 0.005
0.68 0.185 0 0.005
0.681 0.236 0 0.005
0.681 0.911 0 0.005
0.682 0.845 0 0.005
0.683 0.363 0 0.005
0.683 0.599 0 0.005
0.683 0.744 0 0.005
0.684 0.129 0 0.005
0.684 0.429 0 0.005
0.684 0.966 0 0.005
0.685 0.452 0 0.005
0.685 0.522 0 0.005
0.685 0.621 0 0.005
0.686 0.11 0 0.005
0.686 0.142 0 0.005
0.686 0.352 0 0.005
0.686 0.386 0 0.005
0.686 0.684 0 0.005
0.687 0.161 0 0.005
0.687 0.402 0 0.005
0.687 0.984 0 0.005
0.688 0.211 0 0.005
0.688 0.331 0 0.005
0.688 0.376 0 0.005
0.689 0.543 0 0.005
0.689 0.791 0 0.005
0.69 0.701 0 0.005
0.691 0.194 0 0.005
0.691 0.502 0 0.005
0.691 0.575 0 0.005
0.691 0.832 0 0.005
0.693 0.089 0 0.005
0.693 0.438 0 0.005
0.693 0.604 0 0.005
0.693 0.717 0 0.005
0.693 0.774 0 0.005
0.693 0.938 0 0.005
0.694 0.002719298245614035 0 0.005
0.694 0.359 0 0.005
0.695 0.279 0 0.005
0.695 0.307 0 0.005
0.696 0.018 0 0.005
0.696 0.493 0 0.005
0.696 0.955 0 0.005
0.697 0.41 0 0.005
0.697 0.457 0 0.005
0.697 0.969 0 0.005
0.698 0.921 0 0.005
0.698 0.985 0 0.005
0.699 0.076 0 0.005
0.699 0.233 0 0.005
0.699 0.345 0 0.005
0.699 0.696 0 0.005
0.699 0.737 0 0.005
0.699 0.795 0 0.005
0.7 0.043 0 0.005
0.7 0.561 0 0.005
0.7 0.612 0 0.005
0.7 0.837 0 0.005
0.7 0.874 0 0.005
0.701 0.327 0 0.005
0.701 0.398 0 0.005
0.701 0.815 0 0.005
0.702 0.646 0 0.005
0.702 0.895 0 0.005
0.703 0.158 0 0.005
0.703 0.201 0 0.005
0.703 0.266 0 0.005
0.703 0.447 0 0.005
0.703 0.752 0 0.005
0.704 0.91 0 0.005
0.705 0.136 0 0.005
0.705 0.292 0 0.005
0.705 0.707 0 0.005
0.705 0.787 0 0.005
0.706 0.388 0 0.005
0.707 0.594 0 0.005
0.707 0.845 0 0.005
0.707 0.856 0 0.005
0.707 0.954 0 0.005
0.708 0.122 0 0.005
0.708 0.531 0 0.005
0.708 0.804 0 0.005
0.709 0.343 0 0.005
0.709 0.363 0 0.005
0.709 0.374 0 0.005
0.709 0.427 0 0.005
0.709 0.679 0 0.005
0.71 0.032 0 0.005
0.71 0.082 0 0.005
0.71 0.111 0 0.005
0.71 0.233 0 0.005
0.71 0.696 0 0.005
0.711 0.479 0 0.005
0.711 0.506 0 0.005
0.711 0.938 0 0.005
0.712 0.256 0 0.005
0.712 0.779 0 0.005
0.713 0.049 0 0.005
0.713 0.18 0 0.005
0.713 0.214 0 0.005
0.713 0.549 0 0.005
0.713 0.769 0 0.005
0.711 0.999 0 0.005
0.714 0.008 0 0.005
0.714 0.659 0 0.005
0.714 0.991 0 0.005
0.715 0.418 0 0.005
0.716 0.538 0 0.005
0.716 0.923 0 0.005
0.717 0.31 0 0.005
0.717 0.49 0 0.005
0.717 0.577 0 0.005
0.717 0.625 0 0.005
0.717 0.669 0 0.005
0.717 0.758 0 0.005
0.718 0.951 0 0.005
0.719 0.732 0 0.005
0.72 0.08 0 0.005
0.72 0.389 0 0.005
0.72 0.853 0 0.005
0.721 0.192 0 0.005
0.721 0.449 0 0.005
0.721 0.983 0 0.005
0.722 0.61 0 0.005
0.723 0.459 0 0.005
0.723 0.507 0 0.005
0.723 0.691 0 0.005
0.723 0.707 0 0.005
0.723 0.776 0 0.005
0.724 0.097 0 0.005
0.724 0.591 0 0.005
0.724 0.749 0 0.005
0.724 0.931 0 0.005
0.725 0.764 0 0.005
0.725 0.814 0 0.005
0.726 0.039 0 0.005
0.726 0.134 0 0.005
0.726 0.149 0 0.005
0.726 0.243 0 0.005
0.726 0.945 0 0.005
0.727 0.055 0 0.005
0.727 0.531 0 0.005
0.727 0.802 0 0.005
0.728 0.682 0 0.005
0.728 0.882 0 0.005
0.729 0.026 0 0.005
0.729 0.566 0 0.005
0.729 0.789 0 0.005
0.729 0.841 0 0.005
0.73 0.31 0 0.005
0.73 0.922 0 0.005
0.731 0.21 0 0.005
0.731 0.639 0 0.005
0.732 0.441 0 0.005
0.732 0.699 0 0.005
0.733 0.165 0 0.005
0.733 0.232 0 0.005
0.734 0.548 0 0.005
0.734 0.595 0 0.005
0.734 0.987 0 0.005
0.735 0.12 0 0.005
0.735 0.3 0 0.005
0.735 0.455 0 0.005
0.736 0.109 0 0.005
0.736 0.608 0 0.005
0.736 0.746 0 0.005
0.737 0.274 0 0.005
0.737 0.407 0 0.005
0.737 0.509 0 0.005
0.737 0.725 0 0.005
0.738 0.147 0 0.005
0.738 0.944 0 0.005
0.738 0.971 0 0.005
0.739 0.012 0 0.005
0.739 0.043 0 0.005
0.739 0.357 0 0.005
0.739 0.786 0 0.005
0.739 0.86 0 0.005
0.74 0.067 0 0.005
0.74 0.251 0 0.005
0.74 0.68 0 0.005
0.74 0.772 0 0.005
0.74 0.8 0 0.005
0.741 0.054 0 0.005
0.741 0.81 0 0.005
0.742 0.178 0 0.005
0.742 0.463 0 0.005
0.742 0.882 0 0.005
0.742 0.955 0 0.005
0.744 0.115 0 0.005
0.745 0.289 0 0.005
0.745 0.843 0 0.005
0.746 0.367 0 0.005
0.746 0.695 0 0.005
0.746 0.914 0 0.005
0.747 0.335 0 0.005
0.747 0.527 0 0.005
0.748 0.099 0 0.005
0.748 0.382 0 0.005
0.748 0.5 0 0.005
0.748 0.666 0 0.005
0.75 0.146 0 0.005
0.75 0.875 0 0.005
0.75 0.903 0 0.005
0.751 0.024 0 0.005
0.751 0.035 0 0.005
0.751 0.206 0 0.005
0.751 0.564 0 0.005
0.752 0.619 0 0.005
0.753 0.654 0 0.005
0.753 0.727 0 0.005
0.753 0.755 0 0.005
0.753 0.9967708333333334 0 0.005
0.754 0.245 0 0.005
0.754 0.514 0 0.005
0.754 0.637 0 0.005
0.756 0.818 0 0.005
0.757 0.005 0 0.005
0.757 0.333 0 0.005
0.758 0.677 0 0.005
0.758 0.934 0 0.005
0.758 0.95 0 0.005
0.759 0.44 0 0.005
0.759 0.593 0 0.005
0.76 0.108 0 0.005
0.76 0.303 0 0.005
0.761 0.094 0 0.005
0.761 0.158 0 0.005
0.761 0.287 0 0.005
0.761 0.694 0 0.005
0.761 0.786 0 0.005
0.762 0.43 0 0.005
0.763 0.727 0 0.005
0.763 0.973 0 0.005
0.764 0.276 0 0.005
0.764 0.317 0 0.005
0.764 0.378 0 0.005
0.764 0.495 0 0.005
0.764 0.628 0 0.005
0.764 0.737 0 0.005
0.764 0.879 0 0.005
0.765 0.141 0 0.005
0.765 0.253 0 0.005
0.765 0.617 0 0.005
0.765 0.913 0 0.005
0.765 0.993 0 0.005
0.766 0.476 0 0.005
0.766 0.757 0 0.005
0.764 0.999 0 0.005
0.767 0.182 0 0.005
0.767 0.553 0 0.005
0.767 0.646 0 0.005
0.767 0.666 0 0.005
0.768 0.0033125 0 0.005
0.768 0.021 0 0.005
0.768 0.891 0 0.005
0.769 0.817 0 0.005
0.769 0.948 0 0.005
0.77 0.101 0 0.005
0.77 0.192 0 0.005
0.77 0.363 0 0.005
0.771 0.212 0 0.005
0.772 0.117 0 0.005
0.772 0.235 0 0.005
0.772 0.262 0 0.005
0.772 0.34 0 0.005
0.772 0.538 0 0.005
0.772 0.676 0 0.005
0.772 0.867 0 0.005
0.773 0.076 0 0.005
0.773 0.421 0 0.005
0.773 0.578 0 0.005
0.773 0.637 0 0.005
0.773 0.845 0 0.005
0.773 0.974 0 0.005
0.774 0.436 0 0.005
0.774 0.461 0 0.005
0.774 0.808 0 0.005
0.774 0.938 0 0.005
0.775 0.249 0 0.005
0.775 0.275 0 0.005
0.775 0.751 0 0.005
0.775 0.906 0 0.005
0.777 0.483 0 0.005
0.777 0.61 0 0.005
0.778 0.181 0 0.005
0.778 0.72 0 0.005
0.778 0.958 0 0.005
0.779 0.449 0 0.005
0.779 0.83 0 0.005
0.78 0.328 0 0.005
0.78 0.532 0 0.005
0.78 0.545 0 0.005
0.781 0.289 0 0.005
0.782 0.044 0 0.005
0.782 0.675 0 0.005
0.783 0.055 0 0.005
0.783 0.307 0 0.005
0.783 0.6 0 0.005
0.783 0.705 0 0.005
0.783 0.9967708333333334 0 0.005
0.784 0.39 0 0.005
0.784 0.794 0 0.005
0.785 0.809 0 0.005
0.786 0.09 0 0.005
0.786 0.365 0 0.005
0.786 0.46 0 0.005
0.786 0.663 0 0.005
0.786 0.742 0 0.005
0.787 0.261 0 0.005
0.787 0.643 0 0.005
0.787 0.82 0 0.005
0.787 0.919 0 0.005
0.788 0.135 0 0.005
0.788 0.778 0 0.005
0.788 0.844 0 0.005
0.788 0.867 0 0.005
0.788 0.967 0 0.005
0.789 0.031 0 0.005
0.789 0.229 0 0.005
0.789 0.476 0 0.005
0.789 0.58 0 0.005
0.789 0.934 0 0.005
0.79 0.239 0 0.005
0.79 0.345 0 0.005
0.791 0.195 0 0.005
0.791 0.856 0 0.005
0.792 0.071 0 0.005
0.793 0.117 0 0.005
0.793 0.625 0 0.005
0.794 0.905 0 0.005
0.794 0.985 0 0.005
0.795 0.513 0 0.005
0.795 0.598 0 0.005
0.795 0.9972564102564103 0 0.005
0.796 0.101 0 0.005
0.796 0.286 0 0.005
0.796 0.496 0 0.005
0.796 0.528 0 0.005
0.796 0.89 0 0.005
0.797 0.707 0 0.005
0.797 0.741 0 0.005
0.797 0.948 0 0.005
0.798 0.151 0 0.005
0.798 0.181 0 0.005
0.798 0.378 0 0.005
0.798 0.661 0 0.005
0.798 0.72 0 0.005
0.799 0.646 0 0.005
0.799 0.966 0 0.005
0.8 0.009 0 0.005
0.8 0.874 0 0.005
0.801 0.138 0 0.005
0.801 0.453 0 0.005
0.801 0.938 0 0.005
0.802 0.586 0 0.005
0.803 0.77 0 0.005
0.803 0.825 0 0.005
0.804 0.02 0 0.005
0.804 0.36 0 0.005
0.804 0.957 0 0.005
0.805 0.207 0 0.005
0.805 0.344 0 0.005
0.806 0.038 0 0.005
0.806 0.128 0 0.005
0.806 0.481 0 0.005
0.806 0.682 0 0.005
0.807 0.394 0 0.005
0.807 0.564 0 0.005
0.807 0.9 0 0.005
0.808 0.883 0 0.005
0.809 0.232 0 0.005
0.809 0.9956875 0 0.005
0.81 0.301 0 0.005
0.81 0.416 0 0.005
0.81 0.983 0 0.005
0.811 0.054 0 0.005
0.811 0.472 0 0.005
0.811 0.49 0 0.005
0.811 0.578 0 0.005
0.811 0.852 0 0.005
0.811 0.937 0 0.005
0.812 0.219 0 0.005
0.812 0.334 0 0.005
0.812 0.657 0 0.005
0.813 0.549 0 0.005
0.813 0.598 0 0.005
0.813 0.667 0 0.005
0.813 0.716 0 0.005
0.814 0.073 0 0.005
0.814 0.427 0 0.005
0.814 0.833 0 0.005
0.815 0.866 0 0.005
0.816 0.109 0 0.005
0.816 0.158 0 0.005
0.816 0.642 0 0.005
0.816 0.697 0 0.005
0.817 0.739 0 0.005
0.817 0.767 0 0.005
0.817 0.813 0 0.005
0.817 0.899 0 0.005
0.819 0.248 0 0.005
0.819 0.442 0 0.005
0.819 0.844 0 0.005
0.819 0.949 0 0.005
0.82 0.009 0 0.005
0.82 0.483 0 0.005
0.821 0.035 0 0.005
0.821 0.305 0 0.005
0.821 0.369 0 0.005
0.821 0.401 0 0.005
0.821 0.627 0 0.005
0.822 0.292 0 0.005
0.822 0.54 0 0.005
0.822 0.803 0 0.005
0.822 0.882 0 0.005
0.823 0.051 0 0.005
0.823 0.146 0 0.005
0.823 0.556 0 0.005
0.824 0.064 0 0.005
0.824 0.668 0 0.005
0.825 0.18 0 0.005
0.826 0.09 0 0.005
0.826 0.359 0 0.005
0.826 0.423 0 0.005
0.826 0.46 0 0.005
0.826 0.645 0 0.005
0.827 0.215 0 0.005
0.827 0.744 0 0.005
0.828 0.34 0 0.005
0.828 0.568 0 0.005
0.828 0.719 0 0.005
0.828 0.827 0 0.005
0.829 0.136 0 0.005
0.829 0.961 0 0.005
0.83 0.281 0 0.005
0.83 0.442 0 0.005
0.83 0.706 0 0.005
0.831 0.164 0 0.005
0.831 0.256 0 0.005
0.831 0.867 0 0.005
0.832 0.004 0 0.005
0.832 0.374 0 0.005
0.832 0.54 0 0.005
0.832 0.636 0 0.005
0.832 0.811 0 0.005
0.833 0.15 0 0.005
0.833 0.764 0 0.005
0.833 0.905 0 0.005
0.834 0.019 0 0.005
0.834 0.191 0 0.005
0.834 0.397 0 0.005
0.834 0.407 0 0.005
0.834 0.929 0 0.005
0.835 0.304 0 0.005
0.835 0.353 0 0.005
0.835 0.476 0 0.005
0.835 0.55 0 0.005
0.835 0.893 0 0.005
0.835 0.943 0 0.005
0.835 0.973 0 0.005
0.837 0.714 0 0.005
0.837 0.724 0 0.005
0.837 0.778 0 0.005
0.839 0.386 0 0.005
0.84 0.043 0 0.005
0.84 0.125 0 0.005
0.84 0.446 0 0.005
0.841 0.427 0 0.005
0.841 0.49 0 0.005
0.841 0.65 0 0.005
0.841 0.789 0 0.005
0.842 0.007 0 0.005
0.842 0.226 0 0.005
0.842 0.814 0 0.005
0.843 0.059 0 0.005
0.843 0.337 0 0.005
0.843 0.852 0 0.005
0.844 0.874 0 0.005
0.845 0.15 0 0.005
0.845 0.326 0 0.005
0.845 0.77 0 0.005
0.845 0.836 0 0.005
0.846 0.111 0 0.005
0.846 0.401 0 0.005
0.846 0.591 0 0.005
0.847 0.182 0 0.005
0.847 0.38 0 0.005
0.847 0.632 0 0.005
0.847 0.893 0 0.005
0.848 0.216 0 0.005
0.848 0.904 0 0.005
0.847 0.9985833333333334 0 0.005
0.849 0.357 0 0.005
0.849 0.94 0 0.005
0.85 0.369 0 0.005
0.85 0.421 0 0.005
0.85 0.974 0 0.005
0.851 0.39 0 0.005
0.851 0.761 0 0.005
0.852 0.017 0 0.005
0.852 0.084 0 0.005
0.852 0.141 0 0.005
0.852 0.263 0 0.005
0.852 0.298 0 0.005
0.853 0.431 0 0.005
0.853 0.54 0 0.005
0.853 0.557 0 0.005
0.853 0.791 0 0.005
0.853 0.864 0 0.005
0.854 0.069 0 0.005
0.854 0.245 0 0.005
0.855 0.03 0 0.005
0.855 0.048 0 0.005
0.855 0.197 0 0.005
0.855 0.775 0 0.005
0.855 0.816 0 0.005
0.855 0.927 0 0.005
0.856 0.162 0 0.005
0.856 0.618 0 0.005
0.857 0.499 0 0.005
0.857 0.685 0 0.005
0.858 0.116 0 0.005
0.858 0.177 0 0.005
0.858 0.229 0 0.005
0.858 0.352 0 0.005
0.858 0.572 0 0.005
0.858 0.956 0 0.005
0.859 0.639 0 0.005
0.859 0.66 0 0.005
0.859 0.88 0 0.005
0.86 0.093 0 0.005
0.861 0.285 0 0.005
0.861 0.316 0 0.005
0.861 0.627 0 0.005
0.861 0.755 0 0.005
0.861 0.969 0 0.005
0.861 0.996280701754386 0 0.005
0.862 0.133 0 0.005
0.862 0.264 0 0.005
0.862 0.511 0 0.005
0.863 0.306 0 0.005
0.863 0.742 0 0.005
0.863 0.843 0 0.005
0.864 0.444 0 0.005
0.864 0.466 0 0.005
0.865 0.418 0 0.005
0.865 0.916 0 0.005
0.866 0.078 0 0.005
0.866 0.544 0 0.005
0.866 0.602 0 0.005
0.867 0.209 0 0.005
0.868 0.357 0 0.005
0.868 0.528 0 0.005
0.868 0.584 0 0.005
0.868 0.982 0 0.005
0.869 0.901 0 0.005
0.87 0.477 0 0.005
0.87 0.651 0 0.005
0.87 0.784 0 0.005
0.87 0.831 0 0.005
0.869 0.0 0 0.005
0.871 0.054 0 0.005
0.871 0.14 0 0.005
0.871 0.199 0 0.005
0.871 0.236 0 0.005
0.871 0.67 0 0.005
0.872 0.154 0 0.005
0.872 0.334 0 0.005
0.872 0.638 0 0.005
0.873 0.221 0 0.005
0.873 0.736 0 0.005
0.873 0.884 0 0.005
0.874 0.022 0 0.005
0.875 0.518 0 0.005
0.875 0.62 0 0.005
0.876 0.175 0 0.005
0.876 0.71 0 0.005
0.877 0.722 0 0.005
0.877 0.807 0 0.005
0.878 0.372 0 0.005
0.878 0.412 0 0.005
0.878 0.555 0 0.005
0.878 0.981 0 0.005
0.879 0.043 0 0.005
0.879 0.264 0 0.005
0.879 0.589 0 0.005
0.879 0.771 0 0.005
0.88 0.658 0 0.005
0.88 0.842 0 0.005
0.881 0.184 0 0.005
0.881 0.572 0 0.005
0.881 0.747 0 0.005
0.881 0.971 0 0.005
0.884 0.301 0 0.005
0.884 0.505 0 0.005
0.884 0.6 0 0.005
0.884 0.785 0 0.005
0.885 0.129 0 0.005
0.885 0.42 0 0.005
0.886 0.144 0 0.005
0.886 0.163 0 0.005
0.886 0.728 0 0.005
0.887 0.091 0 0.005
0.887 0.316 0 0.005
0.887 0.349 0 0.005
0.887 0.614 0 0.005
0.886 0.9985833333333334 0 0.005
0.888 0.202 0 0.005
0.888 0.691 0 0.005
0.888 0.831 0 0.005
0.888 0.944 0 0.005
0.889 0.177 0 0.005
0.89 0.227 0 0.005
0.89 0.677 0 0.005
0.891 0.29 0 0.005
0.892 0.119 0 0.005
0.892 0.365 0 0.005
0.892 0.479 0 0.005
0.892 0.517 0 0.005
0.892 0.754 0 0.005
0.892 0.815 0 0.005
0.892 0.917 0 0.005
0.892 0.98 0 0.005
0.893 0.021 0 0.005
0.893 0.414 0 0.005
0.894 0.051 0 0.005
0.894 0.275 0 0.005
0.894 0.554 0 0.005
0.896 0.504 0 0.005
0.896 0.858 0 0.005
0.897 0.585 0 0.005
0.897 0.638 0 0.005
0.897 0.897 0 0.005
0.898 0.15 0 0.005
0.898 0.685 0 0.005
0.898 0.9956875 0 0.005
0.899 0.253 0 0.005
0.899 0.698 0 0.005
0.899 0.927 0 0.005
0.901 0.076 0 0.005
0.901 0.439 0 0.005
0.901 0.965 0 0.005
0.902 0.369 0 0.005
0.902 0.49 0 0.005
0.902 0.537 0 0.005
0.903 0.52 0 0.005
0.903 0.794 0 0.005
0.903 0.832 0 0.005
0.904 0.264 0 0.005
0.904 0.288 0 0.005
0.904 0.598 0 0.005
0.904 0.806 0 0.005
0.905 0.663 0 0.005
0.906 0.236 0 0.005
0.906 0.429 0 0.005
0.909 0.319 0 0.005
0.909 0.676 0 0.005
0.909 0.91 0 0.005
0.91 0.166 0 0.005
0.91 0.412 0 0.005
0.91 0.449 0 0.005
0.911 0.485 0 0.005
0.911 0.851 0 0.005
0.912 0.016 0 0.005
0.912 0.192 0 0.005
0.912 0.308 0 0.005
0.912 0.551 0 0.005
0.912 0.604 0 0.005
0.913 0.381 0 0.005
0.913 0.586 0 0.005
0.913 0.616 0 0.005
0.913 0.777 0 0.005
0.913 0.961 0 0.005
0.914 0.147 0 0.005
0.914 0.633 0 0.005
0.914 0.799 0 0.005
0.915 0.28 0 0.005
0.917 0.225 0 0.005
0.917 0.243 0 0.005
0.917 0.714 0 0.005
0.917 0.823 0 0.005
0.917 0.996280701754386 0 0.005
0.919 0.176 0 0.005
0.919 0.439 0 0.005
0.919 0.459 0 0.005
0.919 0.595 0 0.005
0.92 0.203 0 0.005
0.92 0.214 0 0.005
0.92 0.685 0 0.005
0.92 0.884 0 0.005
0.922 0.126 0 0.005
0.922 0.39 0 0.005
0.922 0.921 0 0.005
0.923 0.065 0 0.005
0.923 0.115 0 0.005
0.923 0.615 0 0.005
0.923 0.944 0 0.005
0.924 0.864 0 0.005
0.925 0.667 0 0.005
0.925 0.787 0 0.005
0.925 0.899 0 0.005
0.926 0.042 0 0.005
0.926 0.324 0 0.005
0.926 0.403 0 0.005
0.926 0.698 0 0.005
0.926 0.85 0 0.005
0.926 0.988 0 0.005
0.927 0.267 0 0.005
0.928 0.056 0 0.005
0.928 0.36 0 0.005
0.928 0.606 0 0.005
0.928 0.973 0 0.005
0.929 0.289 0 0.005
0.929 0.545 0 0.005
0.929 0.741 0 0.005
0.929 0.833 0 0.005
0.93 0.193 0 0.005
0.931 0.726 0 0.005
0.931 0.891 0 0.005
0.932 0.015 0 0.005
0.932 0.871 0 0.005
0.933 0.232 0 0.005
0.933 0.308 0 0.005
0.933 0.506 0 0.005
0.933 0.951 0 0.005
0.934 0.279 0 0.005
0.934 0.526 0 0.005
0.934 0.808 0 0.005
0.935 0.082 0 0.005
0.935 0.439 0 0.005
0.935 0.633 0 0.005
0.936 0.127 0 0.005
0.936 0.962 0 0.005
0.937 0.537 0 0.005
0.937 0.65 0 0.005
0.937 0.703 0 0.005
0.937 0.99 0 0.005
0.938 0.173 0 0.005
0.938 0.322 0 0.005
0.938 0.557 0 0.005
0.939 0.395 0 0.005
0.939 0.582 0 0.005
0.94 0.05 0 0.005
0.94 0.19 0 0.005
0.941 0.0008095238095238096 0 0.005
0.941 0.371 0 0.005
0.941 0.838 0 0.005
0.942 0.75 0 0.005
0.943 0.272 0 0.005
0.943 0.734 0 0.005
0.943 0.773 0 0.005
0.944 0.03 0 0.005
0.944 0.09 0 0.005
0.944 0.493 0 0.005
0.944 0.9972564102564103 0 0.005
0.945 0.382 0 0.005
0.946 0.01 0 0.005
0.946 0.1 0 0.005
0.946 0.419 0 0.005
0.946 0.444 0 0.005
0.946 0.475 0 0.005
0.947 0.128 0 0.005
0.947 0.687 0 0.005
0.947 0.859 0 0.005
0.948 0.201 0 0.005
0.948 0.22 0 0.005
0.948 0.303 0 0.005
0.948 0.657 0 0.005
0.948 0.911 0 0.005
0.949 0.516 0 0.005
0.949 0.56 0 0.005
0.95 0.247 0 0.005
0.95 0.72 0 0.005
0.951 0.764 0 0.005
0.951 0.787 0 0.005
0.951 0.88 0 0.005
0.951 0.943 0 0.005
0.952 0.0017435897435897436 0 0.005
0.952 0.172 0 0.005
0.952 0.46 0 0.005
0.952 0.93 0 0.005
0.952 0.98 0 0.005
0.953 0.161 0 0.005
0.953 0.959 0 0.005
0.954 0.602 0 0.005
0.955 0.99 0 0.005
0.956 0.103 0 0.005
0.956 0.121 0 0.005
0.956 0.483 0 0.005
0.956 0.809 0 0.005
0.957 0.64 0 0.005
0.957 0.851 0 0.005
0.958 0.144 0 0.005
0.958 0.278 0 0.005
0.958 0.367 0 0.005
0.958 0.677 0 0.005
0.958 0.701 0 0.005
0.958 0.728 0 0.005
0.959 0.422 0 0.005
0.959 0.666 0 0.005
0.96 0.395 0 0.005
0.96 0.501 0 0.005
0.96 0.619 0 0.005
0.961 0.779 0 0.005
0.962 0.031 0 0.005
0.962 0.112 0 0.005
0.962 0.133 0 0.005
0.962 0.379 0 0.005
0.962 0.465 0 0.005
0.962 0.565 0 0.005
0.962 0.976 0 0.005
0.963 0.075 0 0.005
0.963 0.896 0 0.005
0.964 0.203 0 0.005
0.964 0.544 0 0.005
0.964 0.688 0 0.005
0.964 0.816 0 0.005
0.965 0.512 0 0.005
0.965 0.965 0 0.005
0.966 0.046 0 0.005
0.966 0.795 0 0.005
0.967 0.103 0 0.005
0.967 0.151 0 0.005
0.967 0.404 0 0.005
0.967 0.835 0 0.005
0.968 0.28 0 0.005
0.968 0.325 0 0.005
0.968 0.486 0 0.005
0.968 0.718 0 0.005
0.969 0.011 0 0.005
0.969 0.218 0 0.005
0.969 0.952 0 0.005
0.971 0.305 0 0.005
0.971 0.527 0 0.005
0.971 0.68 0 0.005
0.971 0.771 0 0.005
0.971 0.902 0 0.005
0.972 0.26 0 0.005
0.972 0.34 0 0.005
0.973 0.092 0 0.005
0.973 0.426 0 0.005
0.973 0.783 0 0.005
0.974 0.02 0 0.005
0.975 0.355 0 0.005
0.975 0.415 0 0.005
0.975 0.699 0 0.005
0.976 0.589 0 0.005
0.977 0.471 0 0.005
0.976 0.0 0 0.005
0.978 0.38 0 0.005
0.978 0.536 0 0.005
0.979 0.061 0 0.005
0.979 0.611 0 0.005
0.979 0.974 0 0.005
0.98 0.493 0 0.005
0.98 0.758 0 0.005
0.98 0.801 0 0.005
0.981 0.55 0 0.005
0.981 0.813 0 0.005
0.981 0.851 0 0.005
0.981 0.869 0 0.005
0.982 0.255 0 0.005
0.982 0.747 0 0.005
0.983 0.293 0 0.005
0.983 0.482 0 0.005
0.983 0.625 0 0.005
0.983 0.987 0 0.005
0.984 0.072 0 0.005
0.984 0.274 0 0.005
0.984 0.433 0 0.005
0.985 0.234 0 0.005
0.985 0.312 0 0.005
0.986 0.141 0 0.005
0.986 0.219 0 0.005
0.986 0.832 0 0.005
0.986 0.86 0 0.005
0.986 0.938 0 0.005
0.987 0.37 0 0.005
0.987 0.526 0 0.005
0.987 0.725 0 0.005
0.987 0.888 0 0.005
0.988 0.918 0 0.005
0.99 0.179 0 0.005
0.99 0.969 0 0.005
0.991 0.405 0 0.005
0.991 0.47 0 0.005
0.991 0.558 0 0.005
0.992 0.112 0 0.005
0.992 0.122 0 0.005
0.992 0.156 0 0.005
0.993 0.448 0 0.005
0.993 0.509 0 0.005
0.993 0.534 0 0.005
0.993 0.602 0 0.005
0.993 0.701 0 0.005
0.994 0.015 0 0.005
0.994 0.345 0 0.005
0.994 0.632 0 0.005
0.994 0.668 0 0.005
0.995 0.298 0 0.005
0.995 0.583 0 0.005
0.995 0.801 0 0.005
0.995 0.814 0 0.005
0.9956875 0.031 0 0.005
0.9956875 0.088 0 0.005
0.9956875 0.136 0 0.005
0.996280701754386 0.068 0 0.005
0.9967708333333334 0.192 0 0.005
0.9967708333333334 0.287 0 0.005
0.9967708333333334 0.33 0 0.005
0.9967708333333334 0.905 0 0.005
0.9972564102564103 0.688 0 0.005
0.9977333333333334 0.413 0 0.005
0.99764 0.9963200000000001 0 0.005
0.9981904761904762 0.058 0 0.005
0.9981904761904762 0.314 0 0.005
0.9981904761904762 0.366 0 0.005
0.9981904761904762 0.434 0 0.005
0.9981904761904762 0.526 0 0.005
0.9981904761904762 0.548 0 0.005
0.9985833333333334 0.097 0 0.005
0.9985833333333334 0.234 0 0.005
0.9985833333333334 0.25 0 0.005
0.999 0.354 0 0.005
