0.005 0.116 0 0.005
0.006 0.695 0 0.005
0.032 0.45 0 0.005
0.082 0.267 0 0.005
0.1 0.811 0 0.005
0.102 0.099 0 0.005
0.105 0.719 0 0.005
0.11 0.549 0 0.005
0.118 0.39 0 0.005
0.129 0.491 0 0.005
0.169 0.152 0 0.005
0.174 0.076 0 0.005
0.176 0.962 0 0.005
0.231 0.459 0 0.005
0.278 0.577 0 0.005
0.279 0.065 0 0.005
0.286 0.607 0 0.005
0.305 0.835 0 0.005
0.336 0.734 0 0.005
0.338 0.87 0 0.005
0.349 0.483 0 0.005
0.351 0.105 0 0.005
0.356 0.885 0 0.005
0.369 0.664 0 0.005
0.374 0.284 0 0.005
0.384 0.714 0 0.005
0.385 0.941 0 0.005
0.387 0.408 0 0.005
0.397 0.889 0 0.005
0.421 0.324 0 0.005
0.435 0.469 0 0.005
0.451 0.027 0 0.005
0.459 0.191 0 0.005
0.465 0.926 0 0.005
0.482 0.784 0 0.005
0.501 0.296 0 0.005
0.505 0.186 0 0.005
0.509 0.211 0 0.005
0.528 0.787 0 0.005
0.531 0.41 0 0.005
0.535 0.849 0 0.005
0.541 0.799 0 0.005
0.567 0.438 0 0.005
0.568 0.749 0 0.005
0.575 0.675 0 0.005
0.579 0.9 0 0.005
0.593 0.574 0 0.005
0.607 0.776 0 0.005
0.608 0.682 0 0.005
0.615 0.618 0 0.005
0.631 0.449 0 0.005
0.632 0.342 0 0.005
0.632 0.39 0 0.005
0.646 0.687 0 0.005
0.652 0.006 0 0.005
0.667 0.582 0 0.005
0.67 0.776 0 0.005
0.675 0.418 0 0.005
0.691 0.257 0 0.005
0.711 0.204 0 0.005
0.727 0.071 0 0.005
0.729 0.302 0 0.005
0.731 0.003763440860215054 0 0.005
0.739 0.577 0 0.005
0.747 0.465 0 0.005
0.754 0.494 0 0.005
0.755 0.546 0 0.005
0.764 0.141 0 0.005
0.765 0.909 0 0.005
0.78 0.831 0 0.005
0.781 0.324 0 0.005
0.795 0.322 0 0.005
0.795 0.688 0 0.005
0.796 0.136 0 0.005
0.802 0.855 0 0.005
0.808 0.353 0 0.005
0.827 0.91 0 0.005
0.847 0.125 0 0.005
0.862 0.068 0 0.005
0.871 0.037 0 0.005
0.886 0.799 0 0.005
0.893 0.523 0 0.005
0.901 0.1 0 0.005
0.905 0.139 0 0.005
0.935 0.968 0 0.005
0.943 0.175 0 0.005
0.972 0.367 0 0.005
0.996225352112676 0.862 0 0.005
