0.0017435897435897436 0.305 0 0.005
0.002719298245614035 0.333 0 0.005
0.0 0.343 0 0.005
0.0033125 0.376 0 0.005
0.0012666666666666666 0.526 0 0.005
0.0033125 0.548 0 0.005
0.004 0.598 0 0.005
0.0017435897435897436 0.826 0 0.005
0.0012666666666666666 0.877 0 0.005
0.004 0.913 0 0.005
0.0017435897435897436 0.94 0 0.005
0.0033125 0.967 0 0.005
0.005 0.121 0 0.005
0.005 0.235 0 0.005
0.005 0.359 0 0.005
0.005 0.719 0 0.005
0.006 0.261 0 0.005
0.006 0.615 0 0.005
0.007 0.401 0 0.005
0.007 0.516 0 0.005
0.007 0.639 0 0.005
0.008 0.798 0 0.005
0.009 0.389 0 0.005
0.009 0.678 0 0.005
0.009 0.77 0 0.005
0.01 0.004 0 0.005
0.01 0.495 0 0.005
0.012 0.172 0 0.005
0.013 0.971 0 0.005
0.014 0.607 0 0.005
0.014 0.651 0 0.005
0.017 0.28 0 0.005
0.017 0.916 0 0.005
0.018 0.136 0 0.005
0.019 0.337 0 0.005
0.019 0.944 0 0.005
0.02 0.455 0 0.005
0.02 0.581 0 0.005
0.021 0.428 0 0.005
0.022 0.19 0 0.005
0.022 0.847 0 0.005
0.023 0.074 0 0.005
0.023 0.626 0 0.005
0.024 0.058 0 0.005
0.024 0.542 0 0.005
0.025 0.789 0 0.005
0.026 0.307 0 0.005
0.026 0.0004166666666666667 0 0.005
0.027 0.918 0 0.005
0.027 0.956 0 0.005
0.029 0.204 0 0.005
0.031 0.081 0 0.005
0.031 0.144 0 0.005
0.031 0.185 0 0.005
0.033 0.594 0 0.005
0.035 0.762 0 0.005
0.036 0.244 0 0.005
0.037 0.396 0 0.005
0.041 0.344 0 0.005
0.042 0.041 0 0.005
0.042 0.447 0 0.005
0.044 0.633 0 0.005
0.045 0.413 0 0.005
0.045 0.865 0 0.005
0.045 0.912 0 0.005
0.046 0.071 0 0.005
0.046 0.494 0 0.005
0.046 0.58 0 0.005
0.046 0.893 0 0.005
0.047 0.966 0 0.005
0.049 0.844 0 0.005
0.052 0.004 0 0.005
0.052 0.568 0 0.005
0.053 0.304 0 0.005
0.054 0.138 0 0.005
0.054 0.241 0 0.005
0.054 0.923 0 0.005
0.055 0.174 0 0.005
0.055 0.437 0 0.005
0.056 0.619 0 0.005
0.057 0.747 0 0.005
0.058 0.411 0 0.005
0.059 0.634 0 0.005
0.061 0.673 0 0.005
0.062 0.111 0 0.005
0.062 0.889 0 0.005
0.063 0.194 0 0.005
0.063 0.351 0 0.005
0.064 0.141 0 0.005
0.066 0.382 0 0.005
0.067 0.341 0 0.005
0.067 0.559 0 0.005
0.067 0.62 0 0.005
0.068 0.007 0 0.005
0.069 0.071 0 0.005
0.069 0.452 0 0.005
0.07 0.517 0 0.005
0.07 0.572 0 0.005
0.07 0.823 0 0.005
0.071 0.47 0 0.005
0.071 0.781 0 0.005
0.073 0.207 0 0.005
0.074 0.05 0 0.005
0.076 0.508 0 0.005
0.077 0.65 0 0.005
0.077 0.757 0 0.005
0.077 0.792 0 0.005
0.078 0.14 0 0.005
0.079 0.415 0 0.005
0.079 0.946 0 0.005
0.08 0.448 0 0.005
0.081 0.919 0 0.005
0.083 0.904 0 0.005
0.084 0.088 0 0.005
0.084 0.686 0 0.005
0.085 0.548 0 0.005
0.085 0.668 0 0.005
0.087 0.481 0 0.005
0.089 0.51 0 0.005
0.089 0.984 0 0.005
0.09 0.241 0 0.005
0.091 0.168 0 0.005
0.091 0.362 0 0.005
0.091 0.948 0 0.005
0.092 0.322 0 0.005
0.092 0.827 0 0.005
0.094 0.425 0 0.005
0.097 0.481 0 0.005
0.098 0.382 0 0.005
0.098 0.622 0 0.005
0.099 0.314 0 0.005
0.099 0.571 0 0.005
0.099 0.662 0 0.005
0.1 0.872 0 0.005
0.101 0.176 0 0.005
0.101 0.548 0 0.005
0.102 0.637 0 0.005
0.102 0.808 0 0.005
0.102 0.858 0 0.005
0.103 0.084 0 0.005
0.103 0.205 0 0.005
0.104 0.165 0 0.005
0.104 0.934 0 0.005
0.106 0.507 0 0.005
0.107 0.236 0 0.005
0.109 0.138 0 0.005
0.109 0.436 0 0.005
0.11 0.42 0 0.005
0.111 0.54 0 0.005
0.112 0.182 0 0.005
0.113 0.91 0 0.005
0.113 0.945 0 0.005
0.114 0.523 0 0.005
0.114 0.597 0 0.005
0.115 0.057 0 0.005
0.115 0.352 0 0.005
0.115 0.785 0 0.005
0.117 0.301 0 0.005
0.117 0.565 0 0.005
0.119 0.657 0 0.005
0.119 0.883 0 0.005
0.12 0.614 0 0.005
0.12 0.693 0 0.005
0.123 0.251 0 0.005
0.123 0.466 0 0.005
0.124 0.625 0 0.005
0.125 0.875 0 0.005
0.126 0.356 0 0.005
0.126 0.674 0 0.005
0.127 0.563 0 0.005
0.128 0.482 0 0.005
0.129 0.02 0 0.005
0.129 0.854 0 0.005
0.13 0.398 0 0.005
0.131 0.495 0 0.005
0.132 0.163 0 0.005
0.132 0.213 0 0.005
0.132 0.301 0 0.005
0.132 0.799 0 0.005
0.132 0.975 0 0.005
0.133 0.424 0 0.005
0.133 0.52 0 0.005
0.134 0.263 0 0.005
0.134 0.993 0 0.005
0.135 0.287 0 0.005
0.135 0.899 0 0.005
0.136 0.055 0 0.005
0.138 0.097 0 0.005
0.138 0.319 0 0.005
0.139 0.577 0 0.005
0.139 0.784 0 0.005
0.14 0.633 0 0.005
0.141 0.154 0 0.005
0.141 0.222 0 0.005
0.141 0.858 0 0.005
0.142 0.838 0 0.005
0.142 0.979 0 0.005
0.145 0.075 0 0.005
0.146 0.343 0 0.005
0.147 0.19 0 0.005
0.147 0.541 0 0.005
0.149 0.211 0 0.005
0.149 0.273 0 0.005
0.149 0.691 0 0.005
0.149 0.899 0 0.005
0.15 0.355 0 0.005
0.15 0.65 0 0.005
0.15 0.9977333333333334 0 0.005
0.152 0.705 0 0.005
0.152 0.917 0 0.005
0.153 0.366 0 0.005
0.154 0.737 0 0.005
0.155 0.548 0 0.005
0.155 0.991 0 0.005
0.157 0.717 0 0.005
0.158 0.008 0 0.005
0.158 0.315 0 0.005
0.159 0.125 0 0.005
0.159 0.611 0 0.005
0.16 0.942 0 0.005
0.161 0.508 0 0.005
0.162 0.264 0 0.005
0.162 0.463 0 0.005
0.163 0.026 0 0.005
0.163 0.752 0 0.005
0.163 0.764 0 0.005
0.164 0.165 0 0.005
0.164 0.579 0 0.005
0.164 0.967 0 0.005
0.165 0.911 0 0.005
0.167 0.816 0 0.005
0.168 0.142 0 0.005
0.17 0.443 0 0.005
0.17 0.804 0 0.005
0.171 0.153 0 0.005
0.171 0.336 0 0.005
0.171 0.855 0 0.005
0.171 0.921 0 0.005
0.172 0.261 0 0.005
0.172 0.272 0 0.005
0.172 0.894 0 0.005
0.172 0.993 0 0.005
0.174 0.794 0 0.005
0.174 0.978 0 0.005
0.175 0.569 0 0.005
0.175 0.88 0 0.005
0.177 0.782 0 0.005
0.178 0.662 0 0.005
0.179 0.547 0 0.005
0.179 0.959 0 0.005
0.18 0.636 0 0.005
0.18 0.842 0 0.005
0.179 0.0 0 0.005
0.182 0.011 0 0.005
0.182 0.559 0 0.005
0.182 0.712 0 0.005
0.182 0.8 0 0.005
0.184 0.242 0 0.005
0.184 0.261 0 0.005
0.184 0.603 0 0.005
0.185 0.225 0 0.005
0.185 0.683 0 0.005
0.186 0.87 0 0.005
0.187 0.466 0 0.005
0.187 0.824 0 0.005
0.187 0.89 0 0.005
0.188 0.079 0 0.005
0.188 0.699 0 0.005
0.191 0.273 0 0.005
0.191 0.524 0 0.005
0.191 0.948 0 0.005
0.193 0.333 0 0.005
0.193 0.753 0 0.005
0.194 0.211 0 0.005
0.195 0.232 0 0.005
0.195 0.69 0 0.005
0.195 0.931 0 0.005
0.196 0.138 0 0.005
0.196 0.723 0 0.005
0.196 0.9967708333333334 0 0.005
0.197 0.432 0 0.005
0.197 0.975 0 0.005
0.198 0.16 0 0.005
0.198 0.914 0 0.005
0.201 0.01 0 0.005
0.201 0.17 0 0.005
0.201 0.473 0 0.005
0.202 0.739 0 0.005
0.204 0.49 0 0.005
0.204 0.729 0 0.005
0.205 0.89 0 0.005
0.207 0.412 0 0.005
0.207 0.452 0 0.005
0.208 0.298 0 0.005
0.208 0.751 0 0.005
0.208 0.942 0 0.005
0.209 0.37 0 0.005
0.21 0.103 0 0.005
0.21 0.958 0 0.005
0.211 0.359 0 0.005
0.211 0.56 0 0.005
0.212 0.474 0 0.005
0.215 0.58 0 0.005
0.215 0.853 0 0.005
0.216 0.17 0 0.005
0.217 0.093 0 0.005
0.217 0.341 0 0.005
0.217 0.519 0 0.005
0.22 0.127 0 0.005
0.221 0.072 0 0.005
0.221 0.194 0 0.005
0.221 0.744 0 0.005
0.221 0.785 0 0.005
0.222 0.256 0 0.005
0.223 0.056 0 0.005
0.223 0.895 0 0.005
0.224 0.277 0 0.005
0.224 0.435 0 0.005
0.225 0.582 0 0.005
0.225 0.919 0 0.005
0.227 0.143 0 0.005
0.228 0.967 0 0.005
0.229 0.877 0 0.005
0.23 0.047 0 0.005
0.23 0.675 0 0.005
0.231 0.002719298245614035 0 0.005
0.231 0.171 0 0.005
0.231 0.663 0 0.005
0.232 0.337 0 0.005
0.235 0.89 0 0.005
0.236 0.983 0 0.005
0.237 0.066 0 0.005
0.237 0.788 0 0.005
0.238 0.11 0 0.005
0.238 0.429 0 0.005
0.239 0.04 0 0.005
0.24 0.313 0 0.005
0.24 0.512 0 0.005
0.24 0.674 0 0.005
0.24 0.907 0 0.005
0.241 0.0033125 0 0.005
0.241 0.236 0 0.005
0.242 0.097 0 0.005
0.242 0.449 0 0.005
0.243 0.361 0 0.005
0.243 0.475 0 0.005
0.244 0.134 0 0.005
0.244 0.346 0 0.005
0.244 0.54 0 0.005
0.245 0.605 0 0.005
0.248 0.41 0 0.005
0.248 0.464 0 0.005
0.249 0.559 0 0.005
0.251 0.047 0 0.005
0.251 0.626 0 0.005
0.251 0.652 0 0.005
0.252 0.175 0 0.005
0.253 0.58 0 0.005
0.253 0.746 0 0.005
0.253 0.812 0 0.005
0.255 0.152 0 0.005
0.256 0.385 0 0.005
0.256 0.604 0 0.005
0.257 0.01 0 0.005
0.257 0.19 0 0.005
0.257 0.247 0 0.005
0.257 0.519 0 0.005
0.257 0.965 0 0.005
0.257 0.983 0 0.005
0.258 0.0008095238095238096 0 0.005
0.258 0.721 0 0.005
0.26 0.217 0 0.005
0.26 0.286 0 0.005
0.26 0.366 0 0.005
0.26 0.645 0 0.005
0.261 0.885 0 0.005
0.262 0.175 0 0.005
0.263 0.435 0 0.005
0.263 0.506 0 0.005
0.263 0.752 0 0.005
0.263 0.957 0 0.005
0.264 0.827 0 0.005
0.265 0.528 0 0.005
0.265 0.577 0 0.005
0.265 0.731 0 0.005
0.266 0.562 0 0.005
0.266 0.873 0 0.005
0.267 0.336 0 0.005
0.267 0.59 0 0.005
0.269 0.183 0 0.005
0.269 0.681 0 0.005
0.269 0.796 0 0.005
0.27 0.374 0 0.005
0.271 0.808 0 0.005
0.272 0.551 0 0.005
0.272 0.976 0 0.005
0.274 0.007 0 0.005
0.274 0.758 0 0.005
0.274 0.952 0 0.005
0.276 0.404 0 0.005
0.277 0.256 0 0.005
0.277 0.467 0 0.005
0.277 0.523 0 0.005
0.278 0.055 0 0.005
0.278 0.219 0 0.005
0.28 0.309 0 0.005
0.28 0.644 0 0.005
0.281 0.331 0 0.005
0.282 0.026 0 0.005
0.282 0.39 0 0.005
0.282 0.621 0 0.005
0.283 0.147 0 0.005
0.284 0.412 0 0.005
0.284 0.881 0 0.005
0.287 0.475 0 0.005
0.287 0.871 0 0.005
0.287 0.979 0 0.005
0.288 0.112 0 0.005
0.288 0.321 0 0.005
0.289 0.656 0 0.005
0.289 0.919 0 0.005
0.292 0.083 0 0.005
0.292 0.517 0 0.005
0.293 0.149 0 0.005
0.293 0.182 0 0.005
0.293 0.815 0 0.005
0.294 0.012 0 0.005
0.295 0.858 0 0.005
0.298 0.277 0 0.005
0.298 0.627 0 0.005
0.299 0.044 0 0.005
0.299 0.419 0 0.005
0.299 0.682 0 0.005
0.301 0.106 0 0.005
0.301 0.714 0 0.005
0.301 0.884 0 0.005
0.302 0.932 0 0.005
0.301 0.0 0 0.005
0.303 0.028 0 0.005
0.304 0.493 0 0.005
0.304 0.64 0 0.005
0.305 0.163 0 0.005
0.306 0.052 0 0.005
0.307 0.813 0 0.005
0.308 0.214 0 0.005
0.309 0.785 0 0.005
0.31 0.369 0 0.005
0.31 0.596 0 0.005
0.31 0.665 0 0.005
0.31 0.975 0 0.005
0.311 0.57 0 0.005
0.311 0.693 0 0.005
0.312 0.097 0 0.005
0.312 0.442 0 0.005
0.313 0.625 0 0.005
0.314 0.155 0 0.005
0.314 0.516 0 0.005
0.314 0.553 0 0.005
0.314 0.681 0 0.005
0.314 0.963 0 0.005
0.315 0.284 0 0.005
0.315 0.542 0 0.005
0.316 0.477 0 0.005
0.316 0.746 0 0.005
0.317 0.273 0 0.005
0.318 0.939 0 0.005
0.319 0.869 0 0.005
0.32 0.256 0 0.005
0.32 0.562 0 0.005
0.323 0.655 0 0.005
0.324 0.429 0 0.005
0.325 0.752 0 0.005
0.327 0.394 0 0.005
0.329 0.366 0 0.005
0.329 0.815 0 0.005
0.329 0.972 0 0.005
0.33 0.107 0 0.005
0.33 0.573 0 0.005
0.33 0.728 0 0.005
0.33 0.9956875 0 0.005
0.331 0.261 0 0.005
0.333 0.906 0 0.005
0.336 0.406 0 0.005
0.336 0.497 0 0.005
0.336 0.963 0 0.005
0.337 0.156 0 0.005
0.337 0.628 0 0.005
0.339 0.146 0 0.005
0.339 0.822 0 0.005
0.339 0.942 0 0.005
0.34 0.838 0 0.005
0.343 0.058 0 0.005
0.343 0.318 0 0.005
0.344 0.263 0 0.005
0.346 0.119 0 0.005
0.347 0.169 0 0.005
0.347 0.893 0 0.005
0.348 0.38 0 0.005
0.348 0.774 0 0.005
0.349 0.237 0 0.005
0.349 0.418 0 0.005
0.349 0.721 0 0.005
0.35 0.181 0 0.005
0.35 0.527 0 0.005
0.351 0.956 0 0.005
0.352 0.761 0 0.005
0.353 0.786 0 0.005
0.354 0.151 0 0.005
0.354 0.405 0 0.005
0.354 0.842 0 0.005
0.355 0.293 0 0.005
0.355 0.552 0 0.005
0.355 0.856 0 0.005
0.356 0.052 0 0.005
0.356 0.983 0 0.005
0.359 0.695 0 0.005
0.36 0.306 0 0.005
0.36 0.888 0 0.005
0.361 0.529 0 0.005
0.361 0.638 0 0.005
0.362 0.431 0 0.005
0.362 0.501 0 0.005
0.363 0.707 0 0.005
0.363 0.796 0 0.005
0.364 0.125 0 0.005
0.364 0.342 0 0.005
0.364 0.59 0 0.005
0.364 0.62 0 0.005
0.365 0.102 0 0.005
0.365 0.214 0 0.005
0.366 0.01 0 0.005
0.366 0.086 0 0.005
0.366 0.652 0 0.005
0.367 0.204 0 0.005
0.367 0.61 0 0.005
0.368 0.068 0 0.005
0.369 0.488 0 0.005
0.37 0.852 0 0.005
0.37 0.964 0 0.005
0.374 0.685 0 0.005
0.374 0.838 0 0.005
0.375 0.796 0 0.005
0.376 0.382 0 0.005
0.376 0.715 0 0.005
0.377 0.906 0 0.005
0.378 0.544 0 0.005
0.379 0.102 0 0.005
0.381 0.215 0 0.005
0.381 0.705 0 0.005
0.382 0.672 0 0.005
0.382 0.731 0 0.005
0.385 0.4 0 0.005
0.385 0.771 0 0.005
0.386 0.583 0 0.005
0.386 0.721 0 0.005
0.387 0.019 0 0.005
0.387 0.815 0 0.005
0.388 0.199 0 0.005
0.388 0.39 0 0.005
0.39 0.661 0 0.005
0.39 0.826 0 0.005
0.391 0.07 0 0.005
0.392 0.03 0 0.005
0.392 0.504 0 0.005
0.392 0.609 0 0.005
0.392 0.685 0 0.005
0.392 0.889 0 0.005
0.393 0.9967708333333334 0 0.005
0.394 0.166 0 0.005
0.394 0.412 0 0.005
0.394 0.439 0 0.005
0.395 0.867 0 0.005
0.396 0.216 0 0.005
0.397 0.966 0 0.005
0.398 0.522 0 0.005
0.399 0.299 0 0.005
0.402 0.126 0 0.005
0.402 0.39 0 0.005
0.402 0.73 0 0.005
0.402 0.891 0 0.005
0.402 0.91 0 0.005
0.403 0.606 0 0.005
0.404 0.201 0 0.005
0.405 0.819 0 0.005
0.405 0.0 0 0.005
0.408 0.014 0 0.005
0.408 0.089 0 0.005
0.408 0.183 0 0.005
0.408 0.286 0 0.005
0.408 0.594 0 0.005
0.41 0.302 0 0.005
0.41 0.96 0 0.005
0.412 0.844 0 0.005
0.412 0.97 0 0.005
0.413 0.376 0 0.005
0.414 0.874 0 0.005
0.416 0.341 0 0.005
0.417 0.494 0 0.005
0.418 0.241 0 0.005
0.418 0.483 0 0.005
0.419 0.266 0 0.005
0.422 0.119 0 0.005
0.422 0.43 0 0.005
0.423 0.173 0 0.005
0.423 0.52 0 0.005
0.423 0.699 0 0.005
0.423 0.84 0 0.005
0.424 0.814 0 0.005
0.425 0.016 0 0.005
0.425 0.092 0 0.005
0.425 0.595 0 0.005
0.425 0.903 0 0.005
0.426 0.369 0 0.005
0.426 0.565 0 0.005
0.426 0.612 0 0.005
0.427 0.133 0 0.005
0.427 0.222 0 0.005
0.429 0.067 0 0.005
0.429 0.399 0 0.005
0.429 0.684 0 0.005
0.431 0.659 0 0.005
0.431 0.772 0 0.005
0.432 0.384 0 0.005
0.432 0.931 0 0.005
0.433 0.885 0 0.005
0.434 0.08 0 0.005
0.434 0.85 0 0.005
0.436 0.452 0 0.005
0.436 0.701 0 0.005
0.437 0.519 0 0.005
0.437 0.916 0 0.005
0.439 0.357 0 0.005
0.44 0.601 0 0.005
0.44 0.754 0 0.005
0.44 0.948 0 0.005
0.441 0.02 0 0.005
0.441 0.638 0 0.005
0.442 0.5 0 0.005
0.442 0.742 0 0.005
0.442 0.813 0 0.005
0.443 0.974 0 0.005
0.445 0.192 0 0.005
0.445 0.433 0 0.005
0.445 0.51 0 0.005
0.445 0.84 0 0.005
0.446 0.176 0 0.005
0.447 0.371 0 0.005
0.448 0.776 0 0.005
0.448 0.824 0 0.005
0.451 0.317 0 0.005
0.452 0.889 0 0.005
0.454 0.334 0 0.005
0.454 0.975 0 0.005
0.455 0.132 0 0.005
0.455 0.75 0 0.005
0.455 0.868 0 0.005
0.456 0.668 0 0.005
0.457 0.985 0 0.005
0.459 0.221 0 0.005
0.46 0.164 0 0.005
0.461 0.039 0 0.005
0.462 0.537 0 0.005
0.464 0.55 0 0.005
0.465 0.349 0 0.005
0.466 0.015 0 0.005
0.466 0.084 0 0.005
0.467 0.975 0 0.005
0.468 0.254 0 0.005
0.468 0.272 0 0.005
0.468 0.407 0 0.005
0.468 0.519 0 0.005
0.468 0.676 0 0.005
0.469 0.564 0 0.005
0.47 0.79 0 0.005
0.471 0.606 0 0.005
0.472 0.544 0 0.005
0.473 0.137 0 0.005
0.474 0.384 0 0.005
0.476 0.219 0 0.005
0.477 0.178 0 0.005
0.477 0.757 0 0.005
0.477 0.982 0 0.005
0.478 0.707 0 0.005
0.479 0.033 0 0.005
0.479 0.207 0 0.005
0.483 0.069 0 0.005
0.484 0.012 0 0.005
0.484 0.81 0 0.005
0.485 0.079 0 0.005
0.486 0.05 0 0.005
0.486 0.523 0 0.005
0.487 0.294 0 0.005
0.488 0.04 0 0.005
0.488 0.754 0 0.005
0.489 0.12 0 0.005
0.489 0.835 0 0.005
0.49 0.264 0 0.005
0.493 0.793 0 0.005
0.493 0.993 0 0.005
0.494 0.565 0 0.005
0.495 0.233 0 0.005
0.496 0.341 0 0.005
0.496 0.74 0 0.005
0.496 0.973 0 0.005
0.497 0.878 0 0.005
0.498 0.139 0 0.005
0.499 0.159 0 0.005
0.499 0.441 0 0.005
0.502 0.774 0 0.005
0.503 0.069 0 0.005
0.503 0.784 0 0.005
0.503 0.862 0 0.005
0.504 0.618 0 0.005
0.504 0.9981904761904762 0 0.005
0.505 0.213 0 0.005
0.505 0.278 0 0.005
0.505 0.368 0 0.005
0.505 0.584 0 0.005
0.506 0.019 0 0.005
0.506 0.079 0 0.005
0.506 0.391 0 0.005
0.506 0.638 0 0.005
0.506 0.742 0 0.005
0.507 0.255 0 0.005
0.507 0.802 0 0.005
0.508 0.598 0 0.005
0.509 0.943 0 0.005
0.51 0.655 0 0.005
0.51 0.912 0 0.005
0.512 0.064 0 0.005
0.513 0.623 0 0.005
0.515 0.222 0 0.005
0.516 0.994 0 0.005
0.517 0.853 0 0.005
0.518 0.373 0 0.005
0.519 0.094 0 0.005
0.519 0.821 0 0.005
0.52 0.458 0 0.005
0.521 0.758 0 0.005
0.521 0.781 0 0.005
0.522 0.672 0 0.005
0.523 0.208 0 0.005
0.523 0.299 0 0.005
0.523 0.475 0 0.005
0.523 0.585 0 0.005
0.523 0.722 0 0.005
0.524 0.057 0 0.005
0.524 0.411 0 0.005
0.524 0.793 0 0.005
0.526 0.107 0 0.005
0.526 0.118 0 0.005
0.526 0.142 0 0.005
0.526 0.422 0 0.005
0.526 0.44 0 0.005
0.526 0.741 0 0.005
0.528 0.076 0 0.005
0.528 0.384 0 0.005
0.528 0.534 0 0.005
0.529 0.487 0 0.005
0.53 0.131 0 0.005
0.53 0.654 0 0.005
0.531 0.265 0 0.005
0.531 0.73 0 0.005
0.532 0.639 0 0.005
0.533 0.457 0 0.005
0.534 0.627 0 0.005
0.534 0.695 0 0.005
0.535 0.23 0 0.005
0.535 0.829 0 0.005
0.535 0.949 0 0.005
0.537 0.417 0 0.005
0.537 0.721 0 0.005
0.538 0.778 0 0.005
0.538 0.929 0 0.005
0.539 0.015 0 0.005
0.541 0.649 0 0.005
0.541 0.891 0 0.005
0.542 0.0017435897435897436 0 0.005
0.542 0.09 0 0.005
0.542 0.6 0 0.005
0.543 0.501 0 0.005
0.544 0.511 0 0.005
0.545 0.669 0 0.005
0.545 0.991 0 0.005
0.546 0.277 0 0.005
0.546 0.635 0 0.005
0.547 0.964 0 0.005
0.548 0.142 0 0.005
0.549 0.391 0 0.005
0.55 0.033 0 0.005
0.55 0.242 0 0.005
0.55 0.354 0 0.005
0.552 0.265 0 0.005
0.552 0.295 0 0.005
0.552 0.977 0 0.005
0.555 0.368 0 0.005
0.555 0.935 0 0.005
0.556 0.663 0 0.005
0.557 0.161 0 0.005
0.557 0.687 0 0.005
0.558 0.515 0 0.005
0.558 0.785 0 0.005
0.559 0.612 0 0.005
0.561 0.069 0 0.005
0.561 0.841 0 0.005
0.562 0.192 0 0.005
0.562 0.303 0 0.005
0.562 0.882 0 0.005
0.563 0.241 0 0.005
0.563 0.594 0 0.005
0.564 0.336 0 0.005
0.565 0.578 0 0.005
0.566 0.182 0 0.005
0.566 0.756 0 0.005
0.567 0.867 0 0.005
0.568 0.267 0 0.005
0.568 0.504 0 0.005
0.568 0.666 0 0.005
0.568 0.726 0 0.005
0.569 0.285 0 0.005
0.571 0.525 0 0.005
0.571 0.541 0 0.005
0.571 0.909 0 0.005
0.571 0.924 0 0.005
0.571 0.956 0 0.005
0.573 0.217 0 0.005
0.573 0.993 0 0.005
0.574 0.002719298245614035 0 0.005
0.574 0.036 0 0.005
0.574 0.681 0 0.005
0.574 0.734 0 0.005
0.575 0.601 0 0.005
0.576 0.07 0 0.005
0.576 0.092 0 0.005
0.578 0.638 0 0.005
0.579 0.143 0 0.005
0.579 0.32 0 0.005
0.579 0.654 0 0.005
0.579 0.851 0 0.005
0.58 0.228 0 0.005
0.581 0.27 0 0.005
0.581 0.369 0 0.005
0.582 0.674 0 0.005
0.583 0.864 0 0.005
0.584 0.385 0 0.005
0.584 0.47 0 0.005
0.584 0.992 0 0.005
0.583 0.0 0 0.005
0.586 0.588 0 0.005
0.587 0.621 0 0.005
0.588 0.029 0 0.005
0.588 0.07 0 0.005
0.588 0.491 0 0.005
0.589 0.136 0 0.005
0.589 0.151 0 0.005
0.589 0.764 0 0.005
0.591 0.325 0 0.005
0.591 0.515 0 0.005
0.591 0.573 0 0.005
0.592 0.267 0 0.005
0.593 0.428 0 0.005
0.594 0.335 0 0.005
0.594 0.361 0 0.005
0.595 0.659 0 0.005
0.596 0.869 0 0.005
0.599 0.233 0 0.005
0.599 0.595 0 0.005
0.6 0.578 0 0.005
0.601 0.144 0 0.005
0.601 0.284 0 0.005
0.602 0.471 0 0.005
0.602 0.847 0 0.005
0.603 0.092 0 0.005
0.604 0.0008095238095238096 0 0.005
0.604 0.272 0 0.005
0.604 0.772 0 0.005
0.605 0.062 0 0.005
0.605 0.622 0 0.005
0.606 0.304 0 0.005
0.606 0.9981904761904762 0 0.005
0.607 0.964 0 0.005
0.609 0.224 0 0.005
0.609 0.711 0 0.005
0.61 0.749 0 0.005
0.61 0.795 0 0.005
0.611 0.108 0 0.005
0.611 0.183 0 0.005
0.611 0.729 0 0.005
0.612 0.865 0 0.005
0.613 0.313 0 0.005
0.613 0.945 0 0.005
0.614 0.377 0 0.005
0.614 0.426 0 0.005
0.615 0.239 0 0.005
0.615 0.452 0 0.005
0.616 0.766 0 0.005
0.616 0.991 0 0.005
0.617 0.067 0 0.005
0.621 0.278 0 0.005
0.622 0.128 0 0.005
0.622 0.359 0 0.005
0.623 0.48 0 0.005
0.623 0.936 0 0.005
0.625 0.53 0 0.005
0.626 0.253 0 0.005
0.626 0.375 0 0.005
0.626 0.882 0 0.005
0.626 0.957 0 0.005
0.627 0.095 0 0.005
0.628 0.33 0 0.005
0.629 0.117 0 0.005
0.629 0.542 0 0.005
0.629 0.559 0 0.005
0.629 0.861 0 0.005
0.631 0.984 0 0.005
0.632 0.167 0 0.005
0.632 0.737 0 0.005
0.633 0.428 0 0.005
0.633 0.827 0 0.005
0.634 0.465 0 0.005
0.635 0.775 0 0.005
0.636 0.031 0 0.005
0.636 0.386 0 0.005
0.636 0.529 0 0.005
0.638 0.072 0 0.005
0.64 0.764 0 0.005
0.641 0.113 0 0.005
0.641 0.294 0 0.005
0.642 0.838 0 0.005
0.642 0.894 0 0.005
0.643 0.511 0 0.005
0.644 0.377 0 0.005
0.644 0.656 0 0.005
0.644 0.796 0 0.005
0.645 0.548 0 0.005
0.645 0.632 0 0.005
0.646 0.708 0 0.005
0.646 0.973 0 0.005
0.648 0.643 0 0.005
0.649 0.148 0 0.005
0.649 0.928 0 0.005
0.65 0.32 0 0.005
0.652 0.361 0 0.005
0.653 0.744 0 0.005
0.653 0.873 0 0.005
0.654 0.106 0 0.005
0.655 0.181 0 0.005
0.658 0.495 0 0.005
0.658 0.944 0 0.005
0.659 0.701 0 0.005
0.66 0.606 0 0.005
0.66 0.658 0 0.005
0.662 0.646 0 0.005
0.662 0.723 0 0.005
0.663 0.276 0 0.005
0.663 0.877 0 0.005
0.664 0.316 0 0.005
0.664 0.859 0 0.005
0.666 0.9981904761904762 0 0.005
0.668 0.125 0 0.005
0.669 0.222 0 0.005
0.669 0.431 0 0.005
0.669 0.486 0 0.005
0.669 0.849 0 0.005
0.67 0.669 0 0.005
0.67 0.9 0 0.005
0.673 0.536 0 0.005
0.673 0.806 0 0.005
0.674 0.601 0 0.005
0.674 0.0004166666666666667 0 0.005
0.675 0.36 0 0.005
0.675 0.577 0 0.005
0.676 0.047 0 0.005
0.676 0.231 0 0.005
0.677 0.727 0 0.005
0.678 0.753 0 0.005
0.68 0.208 0 0.005
0.68 0.83 0 0.005
0.681 0.46 0 0.005
0.682 0.262 0 0.005
0.682 0.313 0 0.005
0.682 0.45 0 0.005
0.682 0.738 0 0.005
0.684 0.074 0 0.005
0.685 0.497 0 0.005
0.686 0.556 0 0.005
0.687 0.472 0 0.005
0.69 0.398 0 0.005
0.69 0.488 0 0.005
0.69 0.987 0 0.005
0.691 0.155 0 0.005
0.691 0.782 0 0.005
0.692 0.027 0 0.005
0.692 0.112 0 0.005
0.692 0.633 0 0.005
0.692 0.668 0 0.005
0.694 0.208 0 0.005
0.694 0.221 0 0.005
0.694 0.799 0 0.005
0.695 0.825 0 0.005
0.697 0.379 0 0.005
0.699 0.741 0 0.005
0.699 0.838 0 0.005
0.699 0.995 0 0.005
0.7 0.722 0 0.005
0.7 0.928 0 0.005
0.701 0.486 0 0.005
0.702 0.587 0 0.005
0.703 0.368 0 0.005
0.703 0.765 0 0.005
0.703 0.965 0 0.005
0.704 0.617 0 0.005
0.706 0.558 0 0.005
0.707 0.0012666666666666666 0 0.005
0.707 0.124 0 0.005
0.707 0.457 0 0.005
0.708 0.572 0 0.005
0.708 0.791 0 0.005
0.709 0.21 0 0.005
0.71 0.264 0 0.005
0.711 0.197 0 0.005
0.711 0.646 0 0.005
0.712 0.398 0 0.005
0.712 0.507 0 0.005
0.713 0.02 0 0.005
0.713 0.377 0 0.005
0.714 0.277 0 0.005
0.715 0.182 0 0.005
0.715 0.233 0 0.005
0.716 0.591 0 0.005
0.718 0.443 0 0.005
0.72 0.157 0 0.005
0.721 0.602 0 0.005
0.721 0.617 0 0.005
0.722 0.678 0 0.005
0.723 0.539 0 0.005
0.723 0.85 0 0.005
0.724 0.271 0 0.005
0.724 0.38 0 0.005
0.724 0.426 0 0.005
0.724 0.513 0 0.005
0.724 0.705 0 0.005
0.725 0.226 0 0.005
0.725 0.738 0 0.005
0.726 0.9967708333333334 0 0.005
0.727 0.768 0 0.005
0.728 0.627 0 0.005
0.728 0.655 0 0.005
0.728 0.811 0 0.005
0.729 0.0022291666666666666 0 0.005
0.73 0.073 0 0.005
0.73 0.088 0 0.005
0.73 0.928 0 0.005
0.73 0.944 0 0.005
0.732 0.398 0 0.005
0.733 0.306 0 0.005
0.734 0.273 0 0.005
0.735 0.248 0 0.005
0.737 0.569 0 0.005
0.737 0.601 0 0.005
0.738 0.194 0 0.005
0.738 0.206 0 0.005
0.739 0.408 0 0.005
0.739 0.981 0 0.005
0.74 0.138 0 0.005
0.74 0.579 0 0.005
0.741 0.115 0 0.005
0.741 0.628 0 0.005
0.741 0.887 0 0.005
0.741 0.905 0 0.005
0.742 0.519 0 0.005
0.742 0.73 0 0.005
0.743 0.362 0 0.005
0.743 0.929 0 0.005
0.745 0.065 0 0.005
0.746 0.016 0 0.005
0.746 0.843 0 0.005
0.746 0.915 0 0.005
0.749 0.354 0 0.005
0.749 0.9956875 0 0.005
0.751 0.314 0 0.005
0.751 0.394 0 0.005
0.752 0.264 0 0.005
0.754 0.41 0 0.005
0.756 0.185 0 0.005
0.756 0.907 0 0.005
0.757 0.828 0 0.005
0.757 0.949 0 0.005
0.758 0.286 0 0.005
0.758 0.659 0 0.005
0.758 0.897 0 0.005
0.759 0.449 0 0.005
0.759 0.861 0 0.005
0.762 0.033 0 0.005
0.763 0.347 0 0.005
0.763 0.602 0 0.005
0.766 0.734 0 0.005
0.766 0.903 0 0.005
0.767 0.109 0 0.005
0.767 0.197 0 0.005
0.767 0.536 0 0.005
0.769 0.297 0 0.005
0.77 0.285 0 0.005
0.77 0.671 0 0.005
0.771 0.695 0 0.005
0.772 0.828 0 0.005
0.772 0.863 0 0.005
0.774 0.254 0 0.005
0.775 0.033 0 0.005
0.775 0.948 0 0.005
0.775 0.992 0 0.005
0.776 0.43 0 0.005
0.778 0.075 0 0.005
0.778 0.093 0 0.005
0.779 0.721 0 0.005
0.78 0.327 0 0.005
0.78 0.398 0 0.005
0.785 0.047 0 0.005
0.786 0.583 0 0.005
0.786 0.93 0 0.005
0.787 0.146 0 0.005
0.787 0.762 0 0.005
0.788 0.418 0 0.005
0.788 0.779 0 0.005
0.79 0.096 0 0.005
0.79 0.25 0 0.005
0.79 0.31 0 0.005
0.791 0.546 0 0.005
0.793 0.446 0 0.005
0.794 0.9 0 0.005
0.795 0.056 0 0.005
0.796 0.398 0 0.005
0.797 0.933 0 0.005
0.798 0.569 0 0.005
0.799 0.763 0 0.005
0.8 0.098 0 0.005
0.801 0.249 0 0.005
0.801 0.486 0 0.005
0.801 0.738 0 0.005
0.801 0.811 0 0.005
0.801 0.914 0 0.005
0.801 0.9956875 0 0.005
0.802 0.26 0 0.005
0.802 0.965 0 0.005
0.803 0.461 0 0.005
0.804 0.446 0 0.005
0.804 0.772 0 0.005
0.804 0.844 0 0.005
0.805 0.002719298245614035 0 0.005
0.806 0.118 0 0.005
0.806 0.36 0 0.005
0.806 0.722 0 0.005
0.808 0.049 0 0.005
0.809 0.219 0 0.005
0.809 0.646 0 0.005
0.809 0.936 0 0.005
0.81 0.954 0 0.005
0.811 0.896 0 0.005
0.812 0.707 0 0.005
0.813 0.459 0 0.005
0.813 0.603 0 0.005
0.813 0.686 0 0.005
0.814 0.203 0 0.005
0.814 0.24 0 0.005
0.814 0.261 0 0.005
0.817 0.419 0 0.005
0.819 0.515 0 0.005
0.82 0.831 0 0.005
0.82 0.844 0 0.005
0.821 0.859 0 0.005
0.821 0.984 0 0.005
0.822 0.493 0 0.005
0.822 0.936 0 0.005
0.823 0.184 0 0.005
0.823 0.267 0 0.005
0.823 0.698 0 0.005
0.823 0.791 0 0.005
0.824 0.902 0 0.005
0.828 0.121 0 0.005
0.829 0.414 0 0.005
0.829 0.955 0 0.005
0.83 0.51 0 0.005
0.831 0.252 0 0.005
0.831 0.387 0 0.005
0.831 0.861 0 0.005
0.831 0.965 0 0.005
0.832 0.319 0 0.005
0.834 0.02 0 0.005
0.834 0.361 0 0.005
0.834 0.927 0 0.005
0.835 0.675 0 0.005
0.838 0.398 0 0.005
0.838 0.814 0 0.005
0.839 0.0022291666666666666 0 0.005
0.84 0.759 0 0.005
0.841 0.616 0 0.005
0.842 0.968 0 0.005
0.843 0.846 0 0.005
0.843 0.948 0 0.005
0.844 0.172 0 0.005
0.844 0.277 0 0.005
0.845 0.69 0 0.005
0.847 0.253 0 0.005
0.847 0.63 0 0.005
0.848 0.492 0 0.005
0.849 0.318 0 0.005
0.851 0.446 0 0.005
0.851 0.522 0 0.005
0.851 0.989 0 0.005
0.853 0.972 0 0.005
0.854 0.731 0 0.005
0.856 0.703 0 0.005
0.857 0.057 0 0.005
0.858 0.232 0 0.005
0.858 0.836 0 0.005
0.859 0.222 0 0.005
0.859 0.494 0 0.005
0.86 0.34 0 0.005
0.86 0.511 0 0.005
0.86 0.656 0 0.005
0.861 0.212 0 0.005
0.861 0.242 0 0.005
0.861 0.713 0 0.005
0.862 0.002719298245614035 0 0.005
0.862 0.046 0 0.005
0.863 0.136 0 0.005
0.863 0.435 0 0.005
0.863 0.529 0 0.005
0.864 0.683 0 0.005
0.865 0.016 0 0.005
0.866 0.199 0 0.005
0.866 0.744 0 0.005
0.866 0.955 0 0.005
0.867 0.561 0 0.005
0.868 0.111 0 0.005
0.868 0.792 0 0.005
0.869 0.643 0 0.005
0.87 0.825 0 0.005
0.87 0.878 0 0.005
0.871 0.394 0 0.005
0.871 0.723 0 0.005
0.872 0.45 0 0.005
0.873 0.232 0 0.005
0.873 0.528 0 0.005
0.874 0.051 0 0.005
0.874 0.127 0 0.005
0.874 0.285 0 0.005
0.875 0.63 0 0.005
0.875 0.661 0 0.005
0.876 0.589 0 0.005
0.876 0.7 0 0.005
0.877 0.344 0 0.005
0.877 0.426 0 0.005
0.878 0.163 0 0.005
0.878 0.816 0 0.005
0.879 0.327 0 0.005
0.879 0.744 0 0.005
0.881 0.373 0 0.005
0.882 0.179 0 0.005
0.882 0.72 0 0.005
0.883 0.227 0 0.005
0.883 0.599 0 0.005
0.883 0.796 0 0.005
0.885 0.12 0 0.005
0.885 0.133 0 0.005
0.885 0.573 0 0.005
0.886 0.193 0 0.005
0.887 0.08 0 0.005
0.889 0.615 0 0.005
0.89 0.0033125 0 0.005
0.89 0.242 0 0.005
0.89 0.586 0 0.005
0.891 0.322 0 0.005
0.891 0.338 0 0.005
0.891 0.375 0 0.005
0.892 0.091 0 0.005
0.892 0.707 0 0.005
0.893 0.144 0 0.005
0.893 0.254 0 0.005
0.893 0.85 0 0.005
0.894 0.471 0 0.005
0.894 0.985 0 0.005
0.895 0.291 0 0.005
0.895 0.741 0 0.005
0.895 0.958 0 0.005
0.896 0.36 0 0.005
0.896 0.386 0 0.005
0.895 0.9985833333333334 0 0.005
0.897 0.079 0 0.005
0.897 0.443 0 0.005
0.898 0.16 0 0.005
0.898 0.269 0 0.005
0.899 0.77 0 0.005
0.9 0.606 0 0.005
0.902 0.706 0 0.005
0.902 0.968 0 0.005
0.903 0.02 0 0.005
0.903 0.674 0 0.005
0.903 0.794 0 0.005
0.904 0.109 0 0.005
0.904 0.397 0 0.005
0.905 0.848 0 0.005
0.908 0.119 0 0.005
0.908 0.195 0 0.005
0.908 0.568 0 0.005
0.909 0.617 0 0.005
0.909 0.729 0 0.005
0.91 0.343 0 0.005
0.911 0.385 0 0.005
0.911 0.525 0 0.005
0.911 0.714 0 0.005
0.911 0.859 0 0.005
0.913 0.136 0 0.005
0.913 0.186 0 0.005
0.913 0.25 0 0.005
0.914 0.15 0 0.005
0.914 0.99 0 0.005
0.915 0.322 0 0.005
0.915 0.814 0 0.005
0.917 0.281 0 0.005
0.917 0.635 0 0.005
0.917 0.746 0 0.005
0.919 0.501 0 0.005
0.919 0.761 0 0.005
0.92 0.54 0 0.005
0.921 0.4 0 0.005
0.921 0.799 0 0.005
0.922 0.559 0 0.005
0.922 0.902 0 0.005
0.923 0.384 0 0.005
0.924 0.295 0 0.005
0.924 0.845 0 0.005
0.927 0.1 0 0.005
0.927 0.118 0 0.005
0.927 0.818 0 0.005
0.927 0.863 0 0.005
0.928 0.206 0 0.005
0.928 0.609 0 0.005
0.929 0.282 0 0.005
0.929 0.921 0 0.005
0.93 0.881 0 0.005
0.932 0.418 0 0.005
0.933 0.018 0 0.005
0.933 0.832 0 0.005
0.933 0.994 0 0.005
0.934 0.188 0 0.005
0.935 0.006 0 0.005
0.935 0.49 0 0.005
0.935 0.903 0 0.005
0.937 0.427 0 0.005
0.937 0.596 0 0.005
0.937 0.927 0 0.005
0.939 0.061 0 0.005
0.94 0.131 0 0.005
0.94 0.24 0 0.005
0.941 0.356 0 0.005
0.941 0.552 0 0.005
0.942 0.172 0 0.005
0.944 0.091 0 0.005
0.944 0.143 0 0.005
0.945 0.4 0 0.005
0.946 0.343 0 0.005
0.946 0.735 0 0.005
0.948 0.205 0 0.005
0.948 0.632 0 0.005
0.948 0.816 0 0.005
0.948 0.972 0 0.005
0.949 0.449 0 0.005
0.949 0.463 0 0.005
0.949 0.591 0 0.005
0.95 0.947 0 0.005
0.952 0.178 0 0.005
0.952 0.644 0 0.005
0.952 0.719 0 0.005
0.952 0.784 0 0.005
0.953 0.369 0 0.005
0.953 0.696 0 0.005
0.954 0.024 0 0.005
0.955 0.142 0 0.005
0.956 0.05 0 0.005
0.956 0.086 0 0.005
0.956 0.906 0 0.005
0.957 0.339 0 0.005
0.957 0.917 0 0.005
0.957 0.995 0 0.005
0.958 0.575 0 0.005
0.959 0.377 0 0.005
0.959 0.93 0 0.005
0.96 0.519 0 0.005
0.96 0.861 0 0.005
0.961 0.942 0 0.005
0.962 0.41 0 0.005
0.962 0.788 0 0.005
0.963 0.669 0 0.005
0.963 0.971 0 0.005
0.964 0.0008095238095238096 0 0.005
0.965 0.11 0 0.005
0.965 0.49 0 0.005
0.965 0.959 0 0.005
0.965 0.981 0 0.005
0.967 0.121 0 0.005
0.967 0.339 0 0.005
0.967 0.908 0 0.005
0.969 0.247 0 0.005
0.969 0.433 0 0.005
0.97 0.278 0 0.005
0.97 0.446 0 0.005
0.97 0.576 0 0.005
0.971 0.877 0 0.005
0.974 0.668 0 0.005
0.976 0.11 0 0.005
0.976 0.772 0 0.005
0.977 0.356 0 0.005
0.978 0.786 0 0.005
0.979 0.131 0 0.005
0.979 0.174 0 0.005
0.979 0.338 0 0.005
0.98 0.597 0 0.005
0.98 0.984 0 0.005
0.981 0.725 0 0.005
0.982 0.552 0 0.005
0.982 0.804 0 0.005
0.983 0.482 0 0.005
0.984 0.258 0 0.005
0.984 0.306 0 0.005
0.985 0.447 0 0.005
0.986 0.398 0 0.005
0.987 0.868 0 0.005
0.988 0.067 0 0.005
0.988 0.491 0 0.005
0.989 0.899 0 0.005
0.99 0.688 0 0.005
0.993 0.64 0 0.005
0.994 0.673 0 0.005
0.995 0.82 0 0.005
0.996280701754386 0.577 0 0.005
0.9972564102564103 0.054 0 0.005
0.9981904761904762 0.626 0 0.005
0.9985833333333334 0.611 0 0.005
0.999 0.214 0 0.005
0.999 0.876 0 0.005
