0.0022833333333333334 0.02 0 0.005
0.003268292682926829 0.066 0 0.005
0.0027746478873239434 0.083 0 0.005
0.0022833333333333334 0.114 0 0.005
0.003763440860215054 0.144 0 0.005
0.003268292682926829 0.171 0 0.005
0.005938888888888889 0.18994444444444444 0 0.005
0.005 0.21 0 0.005
0.003763440860215054 0.251 0 0.005
0.0027746478873239434 0.274 0 0.005
0.00836111111111111 0.3110277777777778 0 0.005
0.00434313725490196 0.331 0 0.005
0.0022833333333333334 0.344 0 0.005
0.003268292682926829 0.358 0 0.005
0.005968586387434555 0.37972251308900523 0 0.005
0.0027746478873239434 0.4 0 0.005
0.005938888888888889 0.42994444444444446 0 0.005
0.0072603550295857995 0.4605147928994083 0 0.005
0.0022833333333333334 0.471 0 0.005
0.005333333333333333 0.4896611111111111 0 0.005
0.0022833333333333334 0.529 0 0.005
0.005 0.555 0 0.005
0.0022833333333333334 0.572 0 0.005
0.0131280276816609 0.5854567474048442 0 0.005
0.0027746478873239434 0.635 0 0.005
0.004680473372781065 0.6540946745562131 0 0.005
0.0022833333333333334 0.672 0 0.005
0.0022833333333333334 0.687 0 0.005
0.011619377162629759 0.7206228373702422 0 0.005
0.0022833333333333334 0.733 0 0.005
0.0027746478873239434 0.746 0 0.005
0.005 0.763 0 0.005
0.005 0.775 0 0.005
0.004035502958579881 0.808905325443787 0 0.005
0.00434313725490196 0.828 0 0.005
0.003268292682926829 0.868 0 0.005
0.003763440860215054 0.882 0 0.005
0.00434313725490196 0.897 0 0.005
0.0027746478873239434 0.917 0 0.005
0.0022833333333333334 0.93 0 0.005
0.0027746478873239434 0.956 0 0.005
0.0027746478873239434 0.98 0 0.005
0.002372549019607843 0.9952156862745098 0 0.005
0.006 0.035 0 0.005
0.006 0.413 0 0.005
0.006 0.621 0 0.005
0.006 0.791 0 0.005
0.011 0.8455 0 0.005
0.007 0.009 0 0.005
0.007 0.157 0 0.005
0.007 0.515 0 0.005
0.008 0.048 0 0.005
0.008 0.944 0 0.005
0.009 0.129 0 0.005
0.009 0.54 0 0.005
0.009 0.603 0 0.005
0.009 0.705 0 0.005
0.01 0.103 0 0.005
0.01 0.237 0 0.005
0.011 0.3 0 0.005
0.011 0.446 0 0.005
0.011 0.972 0 0.005
0.012 0.225 0 0.005
0.012 0.475 0 0.005
0.016 0.0275 0 0.005
0.013 0.282 0 0.005
0.013 0.571 0 0.005
0.016 0.6405 0 0.005
0.013 0.671 0 0.005
0.013 0.815 0 0.005
0.014 0.748 0 0.005
0.014 0.866 0 0.005
0.019 0.9135 0 0.005
0.014 0.991 0 0.005
0.015 0.068 0 0.005
0.015 0.086 0 0.005
0.015 0.263 0 0.005
0.015 0.395 0 0.005
0.015 0.686 0 0.005
0.015 0.883 0 0.005
0.025 0.823 0 0.005
0.016 0.932 0 0.005
0.017 0.0027746478873239434 0 0.005
0.017 0.117 0 0.005
0.017 0.524 0 0.005
0.017 0.766 0 0.005
0.018 0.195 0 0.005
0.018 0.327 0 0.005
0.018 0.345 0 0.005
0.018 0.364 0 0.005
0.018 0.613 0 0.005
0.018 0.792 0 0.005
0.018 0.854 0 0.005
0.019 0.383 0 0.005
0.02 0.512 0 0.005
0.02 0.659 0 0.005
0.02 0.951 0 0.005
0.021 0.146 0 0.005
0.021 0.167 0 0.005
0.021 0.5 0 0.005
0.021 0.805 0 0.005
0.022 0.104 0 0.005
0.022 0.408 0 0.005
0.022 0.778 0 0.005
0.022 0.894 0 0.005
0.0275 0.9625 0 0.005
0.023 0.248 0 0.005
0.023 0.595 0 0.005
0.023 0.698 0 0.005
0.024 0.045 0 0.005
0.024 0.057 0 0.005
0.024 0.221 0 0.005
0.024 0.235 0 0.005
0.0325 0.3195 0 0.005
0.024 0.455 0 0.005
0.025 0.021 0 0.005
0.025 0.294 0 0.005
0.025 0.427 0 0.005
0.025 0.443 0 0.005
0.025 0.544 0 0.005
0.025 0.63 0 0.005
0.026 0.757 0 0.005
0.026 0.989 0 0.005
0.027 0.206 0 0.005
0.03666666666666667 0.48133333333333334 0 0.005
0.027 0.559 0 0.005
0.028 0.186 0 0.005
0.028 0.282 0 0.005
0.028 0.671 0 0.005
0.029 0.00434313725490196 0 0.005
0.03 0.084 0 0.005
0.035 0.1185 0 0.005
0.03 0.735 0 0.005
0.0368 0.852 0 0.005
0.03 0.977 0 0.005
0.031 0.344 0 0.005
0.0335 0.4655 0 0.005
0.031 0.717 0 0.005
0.031 0.789 0 0.005
0.032 0.267 0 0.005
0.032 0.381 0 0.005
0.032 0.608 0 0.005
0.033 0.071 0 0.005
0.037 0.6545 0 0.005
0.034 0.359 0 0.005
0.034 0.512 0 0.005
0.04033333333333334 0.5336666666666666 0 0.005
0.034 0.873 0 0.005
0.035 0.144 0 0.005
0.035 0.169 0 0.005
0.04375 0.40125 0 0.005
0.0395 0.949 0 0.005
0.036 0.041 0 0.005
0.036 0.232 0 0.005
0.036 0.499 0 0.005
0.0415 0.5755 0 0.005
0.036 0.9967166666666667 0 0.005
0.043666666666666666 0.028 0 0.005
0.0405 0.25 0 0.005
0.0395 0.2915 0 0.005
0.037 0.593 0 0.005
0.037 0.632 0 0.005
0.037 0.765 0 0.005
0.037 0.894 0 0.005
0.037 0.91 0 0.005
0.037 0.926 0 0.005
0.038 0.132 0 0.005
0.038 0.156 0 0.005
0.038 0.218 0 0.005
0.038 0.551 0 0.005
0.038 0.687 0 0.005
0.039 0.422 0 0.005
0.039 0.444 0 0.005
0.039 0.699 0 0.005
0.04 0.059 0 0.005
0.0425 0.0975 0 0.005
0.0425 0.1935 0 0.005
0.045 0.7446666666666666 0 0.005
0.041 0.805 0 0.005
0.041 0.825 0 0.005
0.043 0.079 0 0.005
0.043 0.274 0 0.005
0.043 0.724 0 0.005
0.044 0.712 0 0.005
0.044 0.776 0 0.005
0.045 0.007 0 0.005
0.045 0.32 0 0.005
0.045 0.614 0 0.005
0.0505 0.9625 0 0.005
0.047 0.305 0 0.005
0.047 0.343 0 0.005
0.047 0.643 0 0.005
0.047 0.99 0 0.005
0.052 0.2235 0 0.005
0.048 0.363 0 0.005
0.048 0.902 0 0.005
0.048 0.978 0 0.005
0.049 0.047 0 0.005
0.049 0.175 0 0.005
0.049 0.594 0 0.005
0.052 0.6775 0 0.005
0.049 0.855 0 0.005
0.052 0.8855 0 0.005
0.049 0.915 0 0.005
0.055 0.1225 0 0.005
0.05 0.383 0 0.005
0.05 0.459 0 0.005
0.054 0.4835 0 0.005
0.05 0.508 0 0.005
0.05 0.762 0 0.005
0.05733333333333333 0.554 0 0.005
0.051 0.7 0 0.005
0.051 0.931 0 0.005
0.052 0.069 0 0.005
0.052 0.159 0 0.005
0.052 0.813 0 0.005
0.053 0.446 0 0.005
0.053 0.788 0 0.005
0.054 0.529 0 0.005
0.054 0.801 0 0.005
0.055 0.239 0 0.005
0.055 0.29 0 0.005
0.055 0.606 0 0.005
0.055 0.826 0 0.005
0.056 0.187 0 0.005
0.057 0.258 0 0.005
0.061 0.2765 0 0.005
0.057 0.328 0 0.005
0.057 0.619 0 0.005
0.057 0.725 0 0.005
0.0625 0.9415 0 0.005
0.057 0.996225352112676 0 0.005
0.058 0.106 0 0.005
0.058 0.776 0 0.005
0.059 0.091 0 0.005
0.059 0.312 0 0.005
0.059 0.416 0 0.005
0.059 0.432 0 0.005
0.059 0.635 0 0.005
0.06394444444444444 0.005938888888888889 0 0.005
0.06 0.038 0 0.005
0.06 0.144 0 0.005
0.06 0.372 0 0.005
0.06 0.585 0 0.005
0.061 0.355 0 0.005
0.061 0.711 0 0.005
0.061 0.983 0 0.005
0.067 0.4885 0 0.005
0.062 0.667 0 0.005
0.062 0.839 0 0.005
0.073 0.9106666666666666 0 0.005
0.063 0.652 0 0.005
0.063 0.698 0 0.005
0.063 0.857 0 0.005
0.063 0.87 0 0.005
0.064 0.063 0 0.005
0.064 0.385 0 0.005
0.065 0.022 0 0.005
0.065 0.21 0 0.005
0.065 0.45 0 0.005
0.0695 0.76 0 0.005
0.066 0.812 0 0.005
0.067 0.049 0 0.005
0.067 0.165 0 0.005
0.0705 0.239 0 0.005
0.067 0.469 0 0.005
0.067 0.735 0 0.005
0.068 0.075 0 0.005
0.073 0.5085 0 0.005
0.068 0.52 0 0.005
0.068 0.971 0 0.005
0.069 0.337 0 0.005
0.069 0.532 0 0.005
0.069 0.627 0 0.005
0.07 0.133 0 0.005
0.07 0.178 0 0.005
0.07 0.408 0 0.005
0.07 0.926 0 0.005
0.07 0.955 0 0.005
0.071 0.195 0 0.005
0.071 0.266 0 0.005
0.071 0.546 0 0.005
0.0765 0.6055 0 0.005
0.071 0.795 0 0.005
0.071 0.883 0 0.005
0.071 0.994 0 0.005
0.072 0.101 0 0.005
0.072 0.303 0 0.005
0.072 0.324 0 0.005
0.0745 0.4295 0 0.005
0.072 0.848 0 0.005
0.073 0.117 0 0.005
0.077 0.1485 0 0.005
0.0765 0.5695 0 0.005
0.074 0.59 0 0.005
0.074 0.706 0 0.005
0.09 0.78425 0 0.005
0.074 0.895 0 0.005
0.075 0.349 0 0.005
0.075 0.642 0 0.005
0.075 0.677 0 0.005
0.075 0.694 0 0.005
0.075 0.723 0 0.005
0.075 0.86 0 0.005
0.076 0.033 0 0.005
0.076 0.378 0 0.005
0.077 0.018 0 0.005
0.077 0.291 0 0.005
0.081 0.8355 0 0.005
0.078 0.365 0 0.005
0.079 0.061 0 0.005
0.079 0.217 0 0.005
0.08 0.078 0 0.005
0.08 0.166 0 0.005
0.08733333333333333 0.48533333333333334 0 0.005
0.08 0.662 0 0.005
0.08 0.816 0 0.005
0.08 0.874 0 0.005
0.09620000000000001 0.26180000000000003 0 0.005
0.081 0.469 0 0.005
0.081 0.983 0 0.005
0.0865 0.097 0 0.005
0.082 0.945 0 0.005
0.082 0.966 0 0.005
0.0885 0.801 0 0.005
0.083 0.9957317073170732 0 0.005
0.084 0.182 0 0.005
0.084 0.389 0 0.005
0.084 0.422 0 0.005
0.084 0.551 0 0.005
0.085 0.003268292682926829 0 0.005
0.085 0.126 0 0.005
0.085 0.204 0 0.005
0.085 0.326 0 0.005
0.085 0.451 0 0.005
0.085 0.63 0 0.005
0.085 0.74 0 0.005
0.086 0.407 0 0.005
0.086 0.533 0 0.005
0.086 0.716 0 0.005
0.087 0.113 0 0.005
0.087 0.155 0 0.005
0.087 0.34 0 0.005
0.087 0.579 0 0.005
0.087 0.592 0 0.005
0.087 0.759 0 0.005
0.095 0.03166666666666667 0 0.005
0.088 0.236 0 0.005
0.088 0.643 0 0.005
0.088 0.696 0 0.005
0.089 0.051 0 0.005
0.089 0.273 0 0.005
0.089 0.314 0 0.005
0.0945 0.769 0 0.005
0.09 0.015 0 0.005
0.09 0.356 0 0.005
0.095 0.4375 0 0.005
0.09 0.514 0 0.005
0.09766666666666667 0.9286666666666666 0 0.005
0.094 0.8515 0 0.005
0.092 0.17 0 0.005
0.0955 0.289 0 0.005
0.0965 0.502 0 0.005
0.092 0.682 0 0.005
0.092 0.728 0 0.005
0.092 0.818 0 0.005
0.095 0.8985 0 0.005
0.092 0.957 0 0.005
0.093 0.083 0 0.005
0.098 0.1855 0 0.005
0.094 0.222 0 0.005
0.094 0.87 0 0.005
0.095 0.461 0 0.005
0.095 0.603 0 0.005
0.095 0.749 0 0.005
0.095 0.9952365591397849 0 0.005
0.096 0.368 0 0.005
0.096 0.385 0 0.005
0.096 0.621 0 0.005
0.096 0.97 0 0.005
0.096 0.982 0 0.005
0.1 0.0585 0 0.005
0.1025 0.1295 0 0.005
0.097 0.208 0 0.005
0.097 0.42 0 0.005
0.097 0.567 0 0.005
0.098 0.656 0 0.005
0.099 0.153 0 0.005
0.099 0.407 0 0.005
0.102 0.5485 0 0.005
0.10533333333333333 0.5856666666666667 0 0.005
0.099 0.705 0 0.005
0.099 0.832 0 0.005
0.1 0.007 0 0.005
0.1 0.235 0 0.005
0.101 0.116 0 0.005
0.101 0.525 0 0.005
0.101 0.671 0 0.005
0.102 0.338 0 0.005
0.103 0.324 0 0.005
0.106 0.6415 0 0.005
0.103 0.717 0 0.005
0.105 0.3 0 0.005
0.105 0.888 0 0.005
0.106 0.1 0 0.005
0.106 0.169 0 0.005
0.106 0.915 0 0.005
0.106 0.946 0 0.005
0.107 0.256 0 0.005
0.107 0.482 0 0.005
0.107 0.732 0 0.005
0.11 0.8255 0 0.005
0.108 0.017 0 0.005
0.108 0.382 0 0.005
0.108 0.428 0 0.005
0.108 0.611 0 0.005
0.109 0.086 0 0.005
0.109 0.366 0 0.005
0.109 0.756 0 0.005
0.109 0.874 0 0.005
0.109 0.959 0 0.005
0.109 0.976 0 0.005
0.11 0.394 0 0.005
0.117 0.4676666666666667 0 0.005
0.114 0.0675 0 0.005
0.111 0.139 0 0.005
0.111 0.9952365591397849 0 0.005
0.112 0.208 0 0.005
0.112 0.351 0 0.005
0.112 0.688 0 0.005
0.113 0.031 0 0.005
0.113 0.506 0 0.005
0.113 0.804 0 0.005
0.113 0.85 0 0.005
0.114 0.112 0 0.005
0.114 0.675 0 0.005
0.115 0.194 0 0.005
0.115 0.742 0 0.005
0.116 0.048 0 0.005
0.116 0.524 0 0.005
0.116 0.631 0 0.005
0.117 0.008 0 0.005
0.117 0.293 0 0.005
0.129 0.409 0 0.005
0.117 0.449 0 0.005
0.117 0.543 0 0.005
0.117 0.718 0 0.005
0.117 0.777 0 0.005
0.1195 0.8925 0 0.005
0.118 0.174 0 0.005
0.118 0.22 0 0.005
0.118 0.308 0 0.005
0.118 0.569 0 0.005
0.1328 0.6514 0 0.005
0.119 0.488 0 0.005
0.119 0.556 0 0.005
0.119 0.865 0 0.005
0.119 0.929 0 0.005
0.119 0.941 0 0.005
0.119 0.967 0 0.005
0.1225 0.0255 0 0.005
0.12 0.238 0 0.005
0.12 0.603 0 0.005
0.12 0.705 0 0.005
0.121 0.1 0 0.005
0.121 0.257 0 0.005
0.121 0.375 0 0.005
0.125 0.4285 0 0.005
0.121 0.584 0 0.005
0.121 0.615 0 0.005
0.121 0.819 0 0.005
0.12933333333333336 0.3233333333333333 0 0.005
0.122 0.393 0 0.005
0.122 0.759 0 0.005
0.13066666666666665 0.081 0 0.005
0.123 0.153 0 0.005
0.123 0.993 0 0.005
0.124 0.914 0 0.005
0.128 0.1215 0 0.005
0.125 0.283 0 0.005
0.125 0.501 0 0.005
0.125 0.79 0 0.005
0.126 0.73 0 0.005
0.126 0.807 0 0.005
0.13 0.8725 0 0.005
0.13 0.9515 0 0.005
0.1318698224852071 0.007905325443786982 0 0.005
0.128 0.187 0 0.005
0.128 0.199 0 0.005
0.1305 0.3655 0 0.005
0.128 0.527 0 0.005
0.128 0.672 0 0.005
0.128 0.684 0 0.005
0.13433333333333333 0.4436666666666667 0 0.005
0.129 0.776 0 0.005
0.129 0.845 0 0.005
0.13 0.063 0 0.005
0.1325 0.1675 0 0.005
0.131 0.044 0 0.005
0.131 0.542 0 0.005
0.131 0.623 0 0.005
0.131 0.889 0 0.005
0.132 0.228 0 0.005
0.132 0.342 0 0.005
0.132 0.488 0 0.005
0.132 0.514 0 0.005
0.132 0.567 0 0.005
0.132 0.832 0 0.005
0.132 0.935 0 0.005
0.133 0.141 0 0.005
0.133 0.214 0 0.005
0.133 0.554 0 0.005
0.133 0.589 0 0.005
0.133 0.742 0 0.005
0.14 0.103 0 0.005
0.134 0.384 0 0.005
0.134 0.604 0 0.005
0.134 0.697 0 0.005
0.135 0.257 0 0.005
0.135 0.271 0 0.005
0.135 0.301 0 0.005
0.136 0.754 0 0.005
0.136 0.905 0 0.005
0.136 0.979 0 0.005
0.137 0.244 0 0.005
0.138 0.284 0 0.005
0.138 0.472 0 0.005
0.138 0.728 0 0.005
0.138 0.82 0 0.005
0.139 0.027 0 0.005
0.139 0.714 0 0.005
0.14 0.199 0 0.005
0.14 0.524 0 0.005
0.143 0.6825 0 0.005
0.1455 0.7935 0 0.005
0.14 0.9952365591397849 0 0.005
0.141 0.131 0 0.005
0.141 0.636 0 0.005
0.141 0.881 0 0.005
0.141 0.926 0 0.005
0.141 0.959 0 0.005
0.142 0.173 0 0.005
0.142 0.577 0 0.005
0.143 0.351 0 0.005
0.143 0.619 0 0.005
0.144 0.048 0 0.005
0.144 0.325 0 0.005
0.144 0.364 0 0.005
0.144 0.392 0 0.005
0.144 0.665 0 0.005
0.144 0.939 0 0.005
0.145 0.507 0 0.005
0.145 0.548 0 0.005
0.1495 0.22 0 0.005
0.146 0.264 0 0.005
0.146 0.536 0 0.005
0.146 0.56 0 0.005
0.146 0.59 0 0.005
0.146 0.852 0 0.005
0.147 0.003763440860215054 0 0.005
0.147 0.424 0 0.005
0.148 0.153 0 0.005
0.148 0.185 0 0.005
0.148 0.313 0 0.005
0.148 0.338 0 0.005
0.148 0.772 0 0.005
0.148 0.828 0 0.005
0.149 0.018 0 0.005
0.149 0.072 0 0.005
0.149 0.445 0 0.005
0.149 0.49 0 0.005
0.149 0.759 0 0.005
0.149 0.81 0 0.005
0.149 0.911 0 0.005
0.155 0.4715 0 0.005
0.15 0.7 0 0.005
0.151 0.866 0 0.005
0.152 0.199 0 0.005
0.152 0.286 0 0.005
0.152 0.896 0 0.005
0.152 0.99 0 0.005
0.153 0.376 0 0.005
0.1585 0.6035 0 0.005
0.153 0.733 0 0.005
0.153 0.879 0 0.005
0.154 0.036 0 0.005
0.154 0.718 0 0.005
0.154 0.747 0 0.005
0.154 0.963 0 0.005
0.155 0.923 0 0.005
0.156 0.099 0 0.005
0.156 0.17 0 0.005
0.156 0.234 0 0.005
0.156 0.301 0 0.005
0.156 0.783 0 0.005
0.157 0.05 0 0.005
0.157 0.249 0 0.005
0.157 0.36 0 0.005
0.157 0.945 0 0.005
0.158 0.085 0 0.005
0.158 0.128 0 0.005
0.163 0.5205 0 0.005
0.158 0.54 0 0.005
0.158 0.582 0 0.005
0.158 0.686 0 0.005
0.158 0.838 0 0.005
0.164 0.4395 0 0.005
0.1745 0.45775 0 0.005
0.162 0.6395 0 0.005
0.159 0.85 0 0.005
0.159 0.976 0 0.005
0.16433333333333333 0.018 0 0.005
0.1655 0.109 0 0.005
0.16 0.273 0 0.005
0.16 0.424 0 0.005
0.16 0.505 0 0.005
0.16 0.771 0 0.005
0.1645 0.827 0 0.005
0.161 0.806 0 0.005
0.1645 0.3185 0 0.005
0.162 0.393 0 0.005
0.162 0.657 0 0.005
0.163 0.142 0 0.005
0.163 0.338 0 0.005
0.163 0.49 0 0.005
0.1685 0.5655 0 0.005
0.1675 0.669 0 0.005
0.164 0.065 0 0.005
0.16833333333333333 0.18566666666666665 0 0.005
0.164 0.554 0 0.005
0.164 0.758 0 0.005
0.164 0.864 0 0.005
0.164 0.901 0 0.005
0.164 0.932 0 0.005
0.165 0.615 0 0.005
0.1705 0.9125 0 0.005
0.166 0.26 0 0.005
0.166 0.963 0 0.005
0.167 0.214 0 0.005
0.167 0.736 0 0.005
0.1725 0.7965 0 0.005
0.1695 0.8835 0 0.005
0.167 0.9957317073170732 0 0.005
0.171 0.2925 0 0.005
0.169 0.121 0 0.005
0.169 0.406 0 0.005
0.169 0.532 0 0.005
0.17 0.08 0 0.005
0.17 0.707 0 0.005
0.17 0.948 0 0.005
0.171 0.003763440860215054 0 0.005
0.171 0.152 0 0.005
0.171 0.228 0 0.005
0.171 0.368 0 0.005
0.171 0.778 0 0.005
0.172 0.041 0 0.005
0.1765 0.246 0 0.005
0.172 0.348 0 0.005
0.172 0.381 0 0.005
0.172 0.42 0 0.005
0.172 0.475 0 0.005
0.1755 0.729 0 0.005
0.172 0.844 0 0.005
0.173 0.985 0 0.005
0.175 0.056 0 0.005
0.175 0.27 0 0.005
0.176 0.092 0 0.005
0.176 0.688 0 0.005
0.176 0.747 0 0.005
0.176 0.812 0 0.005
0.177 0.504 0 0.005
0.177 0.628 0 0.005
0.19125 0.91975 0 0.005
0.178 0.325 0 0.005
0.178 0.759 0 0.005
0.179 0.131 0 0.005
0.179 0.541 0 0.005
0.179 0.973 0 0.005
0.18 0.185 0 0.005
0.183 0.4855 0 0.005
0.18 0.524 0 0.005
0.18 0.582 0 0.005
0.18 0.602 0 0.005
0.181 0.307 0 0.005
0.181 0.41 0 0.005
0.181 0.676 0 0.005
0.181 0.854 0 0.005
0.181 0.866 0 0.005
0.18522277227722772 0.008747524752475247 0 0.005
0.182 0.076 0 0.005
0.182 0.337 0 0.005
0.182 0.647 0 0.005
0.182 0.898 0 0.005
0.1855 0.0345 0 0.005
0.183 0.145 0 0.005
0.183 0.157 0 0.005
0.183 0.427 0 0.005
0.183 0.829 0 0.005
0.183 0.942 0 0.005
0.184 0.17 0 0.005
0.184 0.353 0 0.005
0.184 0.366 0 0.005
0.184 0.553 0 0.005
0.184 0.719 0 0.005
0.184 0.878 0 0.005
0.18702777777777777 0.990638888888889 0 0.005
0.185 0.262 0 0.005
0.1895 0.298 0 0.005
0.1875 0.7645 0 0.005
0.187 0.055 0 0.005
0.187 0.113 0 0.005
0.187 0.214 0 0.005
0.187 0.441 0 0.005
0.188 0.514 0 0.005
0.189 0.502 0 0.005
0.194 0.9575 0 0.005
0.19 0.227 0 0.005
0.19 0.799 0 0.005
0.1955 0.071 0 0.005
0.191 0.098 0 0.005
0.191 0.315 0 0.005
0.191 0.378 0 0.005
0.191 0.394 0 0.005
0.1945 0.537 0 0.005
0.191 0.702 0 0.005
0.191 0.739 0 0.005
0.191 0.782 0 0.005
0.192 0.192 0 0.005
0.192 0.282 0 0.005
0.192 0.89 0 0.005
0.193 0.6 0 0.005
0.198 0.6125 0 0.005
0.193 0.659 0 0.005
0.1975 0.139 0 0.005
0.194 0.179 0 0.005
0.194 0.239 0 0.005
0.194 0.251 0 0.005
0.194 0.338 0 0.005
0.194 0.409 0 0.005
0.194 0.846 0 0.005
0.195 0.57 0 0.005
0.195 0.683 0 0.005
0.195 0.811 0 0.005
0.195 0.858 0 0.005
0.196 0.353 0 0.005
0.196 0.452 0 0.005
0.196 0.871 0 0.005
0.196 0.904 0 0.005
0.197 0.996225352112676 0 0.005
0.2035 0.4755 0 0.005
0.198 0.585 0 0.005
0.202 0.6396666666666666 0 0.005
0.199 0.029 0 0.005
0.199 0.325 0 0.005
0.199 0.426 0 0.005
0.199 0.832 0 0.005
0.2 0.121 0 0.005
0.2 0.164 0 0.005
0.211 0.7163333333333334 0 0.005
0.202 0.44 0 0.005
0.202 0.489 0 0.005
0.203 0.016 0 0.005
0.203 0.226 0 0.005
0.207 0.2765 0 0.005
0.203 0.366 0 0.005
0.203 0.52 0 0.005
0.203 0.744 0 0.005
0.204 0.107 0 0.005
0.204 0.214 0 0.005
0.204 0.388 0 0.005
0.204 0.505 0 0.005
0.204 0.773 0 0.005
0.204 0.976 0 0.005
0.205 0.258 0 0.005
0.205 0.556 0 0.005
0.205 0.665 0 0.005
0.205 0.7 0 0.005
0.205 0.947 0 0.005
0.206 0.201 0 0.005
0.206 0.246 0 0.005
0.206 0.408 0 0.005
0.206 0.759 0 0.005
0.206 0.787 0 0.005
0.2115 0.055 0 0.005
0.207 0.306 0 0.005
0.207 0.678 0 0.005
0.207 0.817 0 0.005
0.207 0.86 0 0.005
0.2105 0.879 0 0.005
0.207 0.932 0 0.005
0.208 0.0022833333333333334 0 0.005
0.208 0.188 0 0.005
0.208 0.294 0 0.005
0.209 0.039 0 0.005
0.209 0.092 0 0.005
0.209 0.624 0 0.005
0.209 0.84 0 0.005
0.209 0.992 0 0.005
0.21 0.73 0 0.005
0.2145 0.021 0 0.005
0.211 0.173 0 0.005
0.214 0.3305 0 0.005
0.211 0.591 0 0.005
0.212 0.071 0 0.005
0.212 0.801 0 0.005
0.212 0.898 0 0.005
0.213 0.456 0 0.005
0.213 0.961 0 0.005
0.214 0.126 0 0.005
0.214 0.141 0 0.005
0.22175 0.4325 0 0.005
0.214 0.539 0 0.005
0.214 0.576 0 0.005
0.215 0.348 0 0.005
0.216 0.16 0 0.005
0.22175 0.21975 0 0.005
0.216 0.606 0 0.005
0.216 0.828 0 0.005
0.217 0.377 0 0.005
0.217 0.522 0 0.005
0.233 0.693 0 0.005
0.218 0.407 0 0.005
0.218 0.493 0 0.005
0.22066666666666665 0.6683333333333333 0 0.005
0.218 0.915 0 0.005
0.218 0.942 0 0.005
0.219 0.927 0 0.005
0.219 0.978 0 0.005
0.22 0.189 0 0.005
0.22 0.302 0 0.005
0.2225 0.5615 0 0.005
0.22 0.644 0 0.005
0.22 0.765 0 0.005
0.22 0.783 0 0.005
0.221 0.046 0 0.005
0.225 0.1135 0 0.005
0.221 0.364 0 0.005
0.221 0.505 0 0.005
0.221 0.631 0 0.005
0.224 0.7405 0 0.005
0.221 0.84 0 0.005
0.221 0.886 0 0.005
0.222 0.092 0 0.005
0.222 0.317 0 0.005
0.222 0.389 0 0.005
0.22933333333333333 0.8573333333333334 0 0.005
0.223 0.247 0 0.005
0.223 0.269 0 0.005
0.223 0.592 0 0.005
0.223 0.813 0 0.005
0.223 0.994 0 0.005
0.224 0.07 0 0.005
0.224 0.464 0 0.005
0.226 0.289 0 0.005
0.226 0.58 0 0.005
0.227 0.00434313725490196 0 0.005
0.227 0.03 0 0.005
0.227 0.954 0 0.005
0.228 0.172 0 0.005
0.228 0.795 0 0.005
0.229 0.135 0 0.005
0.229 0.199 0 0.005
0.229 0.479 0 0.005
0.229 0.896 0 0.005
0.23 0.258 0 0.005
0.23 0.335 0 0.005
0.23 0.534 0 0.005
0.231 0.68 0 0.005
0.232 0.305 0 0.005
0.232 0.491 0 0.005
0.232 0.619 0 0.005
0.232 0.766 0 0.005
0.232 0.778 0 0.005
0.233 0.349 0 0.005
0.233 0.556 0 0.005
0.233 0.606 0 0.005
0.233 0.645 0 0.005
0.233 0.872 0 0.005
0.233 0.921 0 0.005
0.233 0.936 0 0.005
0.234 0.041 0 0.005
0.234 0.079 0 0.005
0.234 0.372 0 0.005
0.2445 0.7215 0 0.005
0.235 0.817 0 0.005
0.236 0.016 0 0.005
0.236 0.186 0 0.005
0.236 0.407 0 0.005
0.236 0.428 0 0.005
0.24 0.0645 0 0.005
0.2395 0.1585 0 0.005
0.237 0.516 0 0.005
0.237 0.591 0 0.005
0.237 0.632 0 0.005
0.237 0.749 0 0.005
0.237 0.829 0 0.005
0.24633333333333335 0.6686666666666666 0 0.005
0.238 0.841 0 0.005
0.238 0.971 0 0.005
0.243 0.1105 0 0.005
0.24 0.279 0 0.005
0.24 0.324 0 0.005
0.24 0.501 0 0.005
0.241 0.293 0 0.005
0.241 0.481 0 0.005
0.241 0.543 0 0.005
0.241 0.993 0 0.005
0.242 0.218 0 0.005
0.242 0.461 0 0.005
0.242 0.576 0 0.005
0.242 0.802 0 0.005
0.242 0.901 0 0.005
0.243 0.027 0 0.005
0.243 0.244 0 0.005
0.243 0.34 0 0.005
0.244 0.127 0 0.005
0.244 0.786 0 0.005
0.245 0.139 0 0.005
0.245 0.197 0 0.005
0.245 0.916 0 0.005
0.2505 0.926 0 0.005
0.245 0.95 0 0.005
0.246 0.23 0 0.005
0.246 0.265 0 0.005
0.246 0.307 0 0.005
0.246 0.391 0 0.005
0.246 0.447 0 0.005
0.246 0.884 0 0.005
0.247 0.09 0 0.005
0.247 0.645 0 0.005
0.248 0.352 0 0.005
0.248 0.375 0 0.005
0.248 0.405 0 0.005
0.2535 0.6205 0 0.005
0.248 0.702 0 0.005
0.249 0.009 0 0.005
0.249 0.418 0 0.005
0.249 0.511 0 0.005
0.249 0.53 0 0.005
0.249 0.964 0 0.005
0.254 0.4945 0 0.005
0.25 0.6 0 0.005
0.25 0.742 0 0.005
0.251 0.053 0 0.005
0.255 0.5586666666666666 0 0.005
0.252 0.038 0 0.005
0.252 0.471 0 0.005
0.252 0.759 0 0.005
0.252 0.831 0 0.005
0.253 0.149 0 0.005
0.263 0.18025 0 0.005
0.2575 0.426 0 0.005
0.254 0.161 0 0.005
0.254 0.219 0 0.005
0.254 0.278 0 0.005
0.254 0.319 0 0.005
0.254 0.584 0 0.005
0.254 0.843 0 0.005
0.254 0.905 0 0.005
0.255 0.026 0 0.005
0.255 0.337 0 0.005
0.255 0.776 0 0.005
0.255 0.981 0 0.005
0.256 0.069 0 0.005
0.26 0.2415 0 0.005
0.256 0.795 0 0.005
0.256 0.866 0 0.005
0.262 0.0845 0 0.005
0.257 0.258 0 0.005
0.258 0.291 0 0.005
0.258 0.394 0 0.005
0.262 0.4395 0 0.005
0.258 0.994656862745098 0 0.005
0.259 0.0027746478873239434 0 0.005
0.259 0.307 0 0.005
0.259 0.65 0 0.005
0.259 0.695 0 0.005
0.259 0.949 0 0.005
0.26 0.36 0 0.005
0.26 0.407 0 0.005
0.26 0.482 0 0.005
0.26 0.882 0 0.005
0.261 0.108 0 0.005
0.261 0.134 0 0.005
0.261 0.514 0 0.005
0.261 0.541 0 0.005
0.261 0.607 0 0.005
0.2635 0.8095 0 0.005
0.261 0.966 0 0.005
0.262 0.199 0 0.005
0.262 0.638 0 0.005
0.262 0.68 0 0.005
0.263 0.056 0 0.005
0.263 0.347 0 0.005
0.264 0.46 0 0.005
0.264 0.73 0 0.005
0.265 0.121 0 0.005
0.265 0.766 0 0.005
0.265 0.932 0 0.005
0.266 0.033 0 0.005
0.266 0.753 0 0.005
0.266 0.898 0 0.005
0.267 0.156 0 0.005
0.267 0.212 0 0.005
0.267 0.224 0 0.005
0.267 0.267 0 0.005
0.267 0.778 0 0.005
0.267 0.836 0 0.005
0.272 0.0155 0 0.005
0.268 0.33 0 0.005
0.268 0.376 0 0.005
0.269 0.144 0 0.005
0.269 0.525 0 0.005
0.269 0.593 0 0.005
0.269 0.713 0 0.005
0.269 0.792 0 0.005
0.269 0.917 0 0.005
0.275 0.2855 0 0.005
0.27 0.318 0 0.005
0.27 0.668 0 0.005
0.271 0.848 0 0.005
0.271 0.9957317073170732 0 0.005
0.272 0.247 0 0.005
0.276 0.8285 0 0.005
0.272 0.863 0 0.005
0.273 0.471 0 0.005
0.273 0.983 0 0.005
0.274 0.077 0 0.005
0.274 0.491 0 0.005
0.274 0.508 0 0.005
0.274 0.56 0 0.005
0.274 0.581 0 0.005
0.274 0.606 0 0.005
0.275 0.302 0 0.005
0.275 0.395 0 0.005
0.275 0.883 0 0.005
0.2815 0.355 0 0.005
0.279 0.5425 0 0.005
0.276 0.944 0 0.005
0.276 0.964 0 0.005
0.277 0.065 0 0.005
0.277 0.114 0 0.005
0.277 0.129 0 0.005
0.277 0.232 0 0.005
0.277 0.695 0 0.005
0.278 0.05 0 0.005
0.278 0.649 0 0.005
0.278 0.74 0 0.005
0.278 0.905 0 0.005
0.279 0.173 0 0.005
0.279 0.416 0 0.005
0.279 0.459 0 0.005
0.28 0.036 0 0.005
0.28 0.094 0 0.005
0.28 0.445 0 0.005
0.28 0.631 0 0.005
0.285 0.7315 0 0.005
0.28 0.808 0 0.005
0.281 0.161 0 0.005
0.28933333333333333 0.22366666666666665 0 0.005
0.281 0.272 0 0.005
0.281 0.335 0 0.005
0.281 0.758 0 0.005
0.281 0.932 0 0.005
0.2855 0.382 0 0.005
0.282 0.52 0 0.005
0.286 0.9155 0 0.005
0.283 0.619 0 0.005
0.2875 0.857 0 0.005
0.283 0.9967166666666667 0 0.005
0.28829319371727746 0.006539267015706806 0 0.005
0.287 0.1425 0 0.005
0.29 0.19833333333333333 0 0.005
0.284 0.432 0 0.005
0.284 0.677 0 0.005
0.288 0.9585 0 0.005
0.285 0.596 0 0.005
0.285 0.775 0 0.005
0.286 0.247 0 0.005
0.286 0.494 0 0.005
0.286 0.578 0 0.005
0.287 0.875 0 0.005
0.2935 0.4795 0 0.005
0.291 0.7175 0 0.005
0.288 0.975 0 0.005
0.2915 0.1165 0 0.005
0.289 0.262 0 0.005
0.289 0.345 0 0.005
0.289 0.507 0 0.005
0.289 0.562 0 0.005
0.2925 0.667 0 0.005
0.289 0.79 0 0.005
0.29 0.023 0 0.005
0.29 0.084 0 0.005
0.29 0.319 0 0.005
0.29 0.608 0 0.005
0.29 0.691 0 0.005
0.29 0.898 0 0.005
0.291 0.067 0 0.005
0.291 0.304 0 0.005
0.292 0.169 0 0.005
0.292 0.184 0 0.005
0.292 0.942 0 0.005
0.293 0.41 0 0.005
0.293 0.447 0 0.005
0.2975 0.464 0 0.005
0.293 0.642 0 0.005
0.293 0.828 0 0.005
0.294 0.755 0 0.005
0.294 0.843 0 0.005
0.295 0.808 0 0.005
0.296 0.04 0 0.005
0.296 0.099 0 0.005
0.296 0.331 0 0.005
0.296 0.422 0 0.005
0.296 0.551 0 0.005
0.296 0.987 0 0.005
0.297 0.155 0 0.005
0.298 0.292 0 0.005
0.302 0.5225 0 0.005
0.298 0.628 0 0.005
0.299 0.28 0 0.005
0.299 0.357 0 0.005
0.3076666666666667 0.38666666666666666 0 0.005
0.299 0.434 0 0.005
0.299 0.772 0 0.005
0.3 0.596 0 0.005
0.303 0.9255 0 0.005
0.3 0.974 0 0.005
0.301 0.053 0 0.005
0.302 0.369 0 0.005
0.302 0.581 0 0.005
0.302 0.614 0 0.005
0.302 0.688 0 0.005
0.3075 0.702 0 0.005
0.309 0.3196666666666667 0 0.005
0.303 0.905 0 0.005
0.304 0.019 0 0.005
0.304 0.076 0 0.005
0.304 0.089 0 0.005
0.304 0.14 0 0.005
0.304 0.207 0 0.005
0.307 0.2575 0 0.005
0.304 0.835 0 0.005
0.304 0.871 0 0.005
0.304 0.943 0 0.005
0.305 0.568 0 0.005
0.306 0.122 0 0.005
0.306 0.169 0 0.005
0.306 0.22 0 0.005
0.306 0.493 0 0.005
0.306 0.539 0 0.005
0.306 0.646 0 0.005
0.306 0.66 0 0.005
0.306 0.792 0 0.005
0.306 0.96 0 0.005
0.307 0.455 0 0.005
0.316 0.878 0 0.005
0.307 0.994 0 0.005
0.308 0.0022833333333333334 0 0.005
0.308 0.303 0 0.005
0.308 0.414 0 0.005
0.308 0.506 0 0.005
0.313 0.7455 0 0.005
0.309 0.348 0 0.005
0.309 0.722 0 0.005
0.31 0.102 0 0.005
0.31 0.291 0 0.005
0.315 0.4465 0 0.005
0.31 0.759 0 0.005
0.31 0.85 0 0.005
0.311 0.481 0 0.005
0.311 0.676 0 0.005
0.312 0.151 0 0.005
0.312 0.276 0 0.005
0.312 0.596 0 0.005
0.312 0.627 0 0.005
0.313 0.044 0 0.005
0.313 0.431 0 0.005
0.313 0.554 0 0.005
0.314 0.181 0 0.005
0.314 0.233 0 0.005
0.3165 0.7865 0 0.005
0.314 0.82 0 0.005
0.315 0.058 0 0.005
0.315 0.193 0 0.005
0.3265 0.39525 0 0.005
0.315 0.805 0 0.005
0.315 0.922 0 0.005
0.316 0.582 0 0.005
0.3205 0.897 0 0.005
0.317 0.091 0 0.005
0.317 0.205 0 0.005
0.317 0.61 0 0.005
0.317 0.835 0 0.005
0.318 0.164 0 0.005
0.318 0.518 0 0.005
0.318 0.644 0 0.005
0.318 0.978 0 0.005
0.319 0.962 0 0.005
0.32725 0.0425 0 0.005
0.32 0.245 0 0.005
0.32 0.658 0 0.005
0.3245 0.732 0 0.005
0.321 0.074 0 0.005
0.321 0.95 0 0.005
0.322 0.131 0 0.005
0.322 0.464 0 0.005
0.322 0.689 0 0.005
0.322 0.761 0 0.005
0.322 0.857 0 0.005
0.323 0.003268292682926829 0 0.005
0.323 0.294 0 0.005
0.323 0.357 0 0.005
0.323 0.713 0 0.005
0.323 0.9967166666666667 0 0.005
0.324 0.015 0 0.005
0.324 0.117 0 0.005
0.324 0.144 0 0.005
0.324 0.341 0 0.005
0.324 0.421 0 0.005
0.324 0.937 0 0.005
0.325 0.261 0 0.005
0.325 0.487 0 0.005
0.3275 0.5045 0 0.005
0.329 0.5526666666666666 0 0.005
0.326 0.105 0 0.005
0.326 0.326 0 0.005
0.326 0.535 0 0.005
0.327 0.185 0 0.005
0.327 0.197 0 0.005
0.327 0.622 0 0.005
0.327 0.635 0 0.005
0.327 0.673 0 0.005
0.327 0.802 0 0.005
0.3325 0.8405 0 0.005
0.328 0.235 0 0.005
0.328 0.701 0 0.005
0.329 0.093 0 0.005
0.329 0.157 0 0.005
0.329 0.279 0 0.005
0.329 0.314 0 0.005
0.329 0.573 0 0.005
0.329 0.591 0 0.005
0.329 0.823 0 0.005
0.333 0.2165 0 0.005
0.33 0.604 0 0.005
0.33 0.773 0 0.005
0.331 0.41 0 0.005
0.331 0.88 0 0.005
0.331 0.923 0 0.005
0.332 0.376 0 0.005
0.332 0.659 0 0.005
0.333 0.744 0 0.005
0.334 0.437 0 0.005
0.334 0.759 0 0.005
0.334 0.909 0 0.005
0.334 0.948 0 0.005
0.334 0.962 0 0.005
0.335 0.357 0 0.005
0.335 0.475 0 0.005
0.335 0.867 0 0.005
0.3436666666666667 0.984 0 0.005
0.336 0.122 0 0.005
0.336 0.145 0 0.005
0.3405 0.178 0 0.005
0.336 0.339 0 0.005
0.3415 0.459 0 0.005
0.336 0.522 0 0.005
0.336 0.996225352112676 0 0.005
0.337 0.0022833333333333334 0 0.005
0.337 0.247 0 0.005
0.337 0.294 0 0.005
0.337 0.495 0 0.005
0.343 0.062 0 0.005
0.338 0.687 0 0.005
0.338 0.855 0 0.005
0.339 0.268 0 0.005
0.339 0.637 0 0.005
0.3445 0.239 0 0.005
0.34 0.307 0 0.005
0.3455 0.3245 0 0.005
0.34 0.717 0 0.005
0.34 0.785 0 0.005
0.341 0.649 0 0.005
0.341 0.703 0 0.005
0.341 0.889 0 0.005
0.347 0.0175 0 0.005
0.342 0.197 0 0.005
0.342 0.51 0 0.005
0.342 0.62 0 0.005
0.34833333333333333 0.668 0 0.005
0.342 0.73 0 0.005
0.349 0.762 0 0.005
0.343 0.533 0 0.005
0.343 0.564 0 0.005
0.346 0.5875 0 0.005
0.343 0.877 0 0.005
0.343 0.938 0 0.005
0.344 0.109 0 0.005
0.344 0.404 0 0.005
0.355 0.439 0 0.005
0.345 0.094 0 0.005
0.345 0.811 0 0.005
0.346 0.375 0 0.005
0.346 0.798 0 0.005
0.346 0.824 0 0.005
0.346 0.907 0 0.005
0.347 0.285 0 0.005
0.347 0.421 0 0.005
0.347 0.608 0 0.005
0.347 0.742 0 0.005
0.347 0.921 0 0.005
0.348 0.165 0 0.005
0.348 0.224 0 0.005
0.348 0.258 0 0.005
0.349 0.347 0 0.005
0.349 0.359 0 0.005
0.351 0.481 0 0.005
0.351 0.864 0 0.005
0.351 0.949 0 0.005
0.351 0.964 0 0.005
0.3545 0.1305 0 0.005
0.3545 0.3085 0 0.005
0.352 0.495 0 0.005
0.352 0.554 0 0.005
0.352 0.638 0 0.005
0.358 0.0355 0 0.005
0.353 0.212 0 0.005
0.354 0.082 0 0.005
0.354 0.2 0 0.005
0.354 0.396 0 0.005
0.357 0.6175 0 0.005
0.354 0.704 0 0.005
0.354 0.837 0 0.005
0.355 0.068 0 0.005
0.355 0.274 0 0.005
0.355 0.509 0 0.005
0.355 0.521 0 0.005
0.36333333333333334 0.5433333333333333 0 0.005
0.3585 0.777 0 0.005
0.3615 0.38 0 0.005
0.356 0.691 0 0.005
0.357 0.112 0 0.005
0.3595 0.7265 0 0.005
0.36 0.8195 0 0.005
0.358 0.151 0 0.005
0.358 0.185 0 0.005
0.3625 0.417 0 0.005
0.3635 0.5835 0 0.005
0.363 0.2875 0 0.005
0.359 0.462 0 0.005
0.359 0.799 0 0.005
0.359 0.883 0 0.005
0.359 0.909 0 0.005
0.359 0.921 0 0.005
0.36 0.051 0 0.005
0.36 0.166 0 0.005
0.36 0.229 0 0.005
0.36 0.855 0 0.005
0.361 0.254 0 0.005
0.361 0.358 0 0.005
0.361 0.647 0 0.005
0.3675 0.3465 0 0.005
0.362 0.937 0 0.005
0.367 0.0985 0 0.005
0.363 0.897 0 0.005
0.363 0.994656862745098 0 0.005
0.364 0.242 0 0.005
0.364 0.45 0 0.005
0.3695 0.569 0 0.005
0.364 0.868 0 0.005
0.365 0.485 0 0.005
0.365 0.95 0 0.005
0.365 0.969 0 0.005
0.366 0.019 0 0.005
0.366 0.981 0 0.005
0.367 0.063 0 0.005
0.3725 0.3275 0 0.005
0.367 0.5 0 0.005
0.367 0.668 0 0.005
0.367 0.709 0 0.005
0.367 0.741 0 0.005
0.367 0.767 0 0.005
0.368 0.08 0 0.005
0.368 0.198 0 0.005
0.368 0.27 0 0.005
0.375 0.6335 0 0.005
0.368 0.684 0 0.005
0.37290532544378696 0.004680473372781065 0 0.005
0.37 0.314 0 0.005
0.37 0.604 0 0.005
0.37 0.811 0 0.005
0.371 0.152 0 0.005
0.371 0.211 0 0.005
0.371 0.3 0 0.005
0.371 0.523 0 0.005
0.371 0.798 0 0.005
0.372 0.122 0 0.005
0.372 0.137 0 0.005
0.372 0.845 0 0.005
0.372 0.914 0 0.005
0.373 0.04 0 0.005
0.373 0.178 0 0.005
0.373 0.396 0 0.005
0.374 0.223 0 0.005
0.374 0.783 0 0.005
0.3775 0.6905 0 0.005
0.375 0.753 0 0.005
0.375 0.823 0 0.005
0.375 0.959 0 0.005
0.375 0.9967166666666667 0 0.005
0.376 0.408 0 0.005
0.376 0.47 0 0.005
0.376 0.89 0 0.005
0.376 0.928 0 0.005
0.377 0.541 0 0.005
0.378 0.261 0 0.005
0.378 0.452 0 0.005
0.378 0.721 0 0.005
0.383 0.8985 0 0.005
0.379 0.433 0 0.005
0.38575 0.489 0 0.005
0.379 0.655 0 0.005
0.38 0.249 0 0.005
0.38 0.361 0 0.005
0.38 0.878 0 0.005
0.381 0.069 0 0.005
0.381 0.084 0 0.005
0.381 0.237 0 0.005
0.381 0.291 0 0.005
0.3835 0.5185 0 0.005
0.381 0.765 0 0.005
0.381 0.947 0 0.005
0.382 0.169 0 0.005
0.391 0.271 0 0.005
0.385 0.7035 0 0.005
0.382 0.98 0 0.005
0.383 0.195 0 0.005
0.383 0.341 0 0.005
0.384 0.019 0 0.005
0.384 0.209 0 0.005
0.384 0.306 0 0.005
0.384 0.74 0 0.005
0.388 0.8385 0 0.005
0.384 0.856 0 0.005
0.385 0.123 0 0.005
0.3875 0.1515 0 0.005
0.385 0.584 0 0.005
0.386 0.034 0 0.005
0.386 0.109 0 0.005
0.3915 0.5955 0 0.005
0.386 0.812 0 0.005
0.387 0.052 0 0.005
0.3915 0.414 0 0.005
0.387 0.552 0 0.005
0.387 0.67 0 0.005
0.387 0.917 0 0.005
0.388 0.622 0 0.005
0.388 0.796 0 0.005
0.389 0.377 0 0.005
0.3945 0.463 0 0.005
0.389 0.572 0 0.005
0.389 0.61 0 0.005
0.39 0.225 0 0.005
0.39 0.446 0 0.005
0.3945 0.329 0 0.005
0.391 0.538 0 0.005
0.391 0.722 0 0.005
0.39486387434554976 0.991890052356021 0 0.005
0.392 0.00434313725490196 0 0.005
0.392 0.186 0 0.005
0.392 0.254 0 0.005
0.393 0.092 0 0.005
0.393 0.397 0 0.005
0.393 0.509 0 0.005
0.393 0.655 0 0.005
0.401 0.6803333333333333 0 0.005
0.396 0.953 0 0.005
0.394 0.977 0 0.005
0.395 0.069 0 0.005
0.395 0.239 0 0.005
0.395 0.283 0 0.005
0.395 0.296 0 0.005
0.395 0.641 0 0.005
0.395 0.866 0 0.005
0.395 0.878 0 0.005
0.396 0.172 0 0.005
0.396 0.43 0 0.005
0.396 0.747 0 0.005
0.396 0.763 0 0.005
0.396 0.779 0 0.005
0.397 0.362 0 0.005
0.397 0.854 0 0.005
0.398 0.023 0 0.005
0.398 0.208 0 0.005
0.399 0.35 0 0.005
0.411 0.12233333333333332 0 0.005
0.4 0.138 0 0.005
0.4 0.524 0 0.005
0.4 0.925 0 0.005
0.401 0.312 0 0.005
0.401 0.571 0 0.005
0.401 0.623 0 0.005
0.402 0.044 0 0.005
0.402 0.15 0 0.005
0.402 0.221 0 0.005
0.402 0.791 0 0.005
0.402 0.825 0 0.005
0.403 0.553 0 0.005
0.403 0.712 0 0.005
0.403 0.732 0 0.005
0.404 0.006 0 0.005
0.404 0.189 0 0.005
0.404 0.248 0 0.005
0.404 0.804 0 0.005
0.404 0.893 0 0.005
0.404 0.905 0 0.005
0.405 0.494 0 0.005
0.405 0.656 0 0.005
0.406 0.398 0 0.005
0.4126666666666667 0.697 0 0.005
0.407 0.105 0 0.005
0.407 0.278 0 0.005
0.407 0.324 0 0.005
0.407 0.37 0 0.005
0.407 0.473 0 0.005
0.407 0.639 0 0.005
0.408 0.429 0 0.005
0.408 0.605 0 0.005
0.408 0.768 0 0.005
0.4125 0.858 0 0.005
0.409 0.055 0 0.005
0.409 0.085 0 0.005
0.409 0.382 0 0.005
0.409 0.506 0 0.005
0.409 0.586 0 0.005
0.409 0.844 0 0.005
0.41 0.027 0 0.005
0.41 0.069 0 0.005
0.41 0.164 0 0.005
0.4135 0.876 0 0.005
0.41 0.988 0 0.005
0.411 0.348 0 0.005
0.411 0.444 0 0.005
0.411 0.917 0 0.005
0.412 0.139 0 0.005
0.412 0.336 0 0.005
0.41833333333333333 0.4613333333333333 0 0.005
0.412 0.966 0 0.005
0.413 0.238 0 0.005
0.413 0.54 0 0.005
0.413 0.568 0 0.005
0.4165 0.812 0 0.005
0.413 0.947 0 0.005
0.414 0.219 0 0.005
0.414 0.749 0 0.005
0.414 0.783 0 0.005
0.415 0.206 0 0.005
0.415 0.302 0 0.005
0.415 0.553 0 0.005
0.4195 0.934 0 0.005
0.4195 0.284 0 0.005
0.42875 0.25325 0 0.005
0.417 0.316 0 0.005
0.417 0.668 0 0.005
0.418 0.005 0 0.005
0.418 0.176 0 0.005
0.418 0.717 0 0.005
0.419 0.017 0 0.005
0.419 0.41 0 0.005
0.419 0.795 0 0.005
0.419 0.902 0 0.005
0.419 0.9967166666666667 0 0.005
0.42 0.393 0 0.005
0.42 0.423 0 0.005
0.4255 0.5105 0 0.005
0.421 0.526 0 0.005
0.421 0.607 0 0.005
0.421 0.767 0 0.005
0.422 0.047 0 0.005
0.422 0.094 0 0.005
0.422 0.358 0 0.005
0.422 0.498 0 0.005
0.427 0.5935 0 0.005
0.422 0.634 0 0.005
0.4275 0.731 0 0.005
0.422 0.833 0 0.005
0.422 0.974 0 0.005
0.423 0.082 0 0.005
0.423 0.481 0 0.005
0.423 0.621 0 0.005
0.423 0.648 0 0.005
0.428 0.1475 0 0.005
0.424 0.89 0 0.005
0.425 0.344 0 0.005
0.425 0.438 0 0.005
0.4305 0.039 0 0.005
0.426 0.223 0 0.005
0.426 0.327 0 0.005
0.427 0.373 0 0.005
0.427 0.56 0 0.005
0.427 0.988 0 0.005
0.428 0.192 0 0.005
0.429 0.545 0 0.005
0.429 0.688 0 0.005
0.429 0.752 0 0.005
0.429 0.926 0 0.005
0.43 0.061 0 0.005
0.43 0.108 0 0.005
0.43 0.13 0 0.005
0.433 0.9605 0 0.005
0.431 0.013 0 0.005
0.431 0.307 0 0.005
0.431 0.385 0 0.005
0.431 0.413 0 0.005
0.4363333333333333 0.5736666666666667 0 0.005
0.431 0.709 0 0.005
0.437 0.1595 0 0.005
0.432 0.783 0 0.005
0.432 0.815 0 0.005
0.433 0.0027746478873239434 0 0.005
0.433 0.236 0 0.005
0.44 0.3476666666666667 0 0.005
0.434 0.427 0 0.005
0.434 0.473 0 0.005
0.434 0.854 0 0.005
0.435 0.282 0 0.005
0.435 0.295 0 0.005
0.435 0.656 0 0.005
0.435 0.765 0 0.005
0.435 0.83 0 0.005
0.435 0.9 0 0.005
0.436 0.073 0 0.005
0.436 0.093 0 0.005
0.437 0.27 0 0.005
0.437 0.53 0 0.005
0.437 0.842 0 0.005
0.437 0.871 0 0.005
0.437 0.888 0 0.005
0.438 0.205 0 0.005
0.4405 0.2225 0 0.005
0.438 0.668 0 0.005
0.4430514469453376 0.9870096463022507 0 0.005
0.439 0.177 0 0.005
0.443 0.3965 0 0.005
0.439 0.609 0 0.005
0.439 0.64 0 0.005
0.439 0.794 0 0.005
0.44 0.322 0 0.005
0.44 0.44 0 0.005
0.441 0.115 0 0.005
0.441 0.543 0 0.005
0.441 0.912 0 0.005
0.442 0.454 0 0.005
0.4455 0.487 0 0.005
0.45942857142857146 0.7074285714285714 0 0.005
0.443 0.518 0 0.005
0.443 0.704 0 0.005
0.444 0.01 0 0.005
0.444 0.023 0 0.005
0.444 0.139 0 0.005
0.444 0.309 0 0.005
0.444 0.506 0 0.005
0.444 0.74 0 0.005
0.445 0.934 0 0.005
0.445 0.948 0 0.005
0.446 0.062 0 0.005
0.446 0.422 0 0.005
0.457 0.6293333333333334 0 0.005
0.447 0.757 0 0.005
0.447 0.808 0 0.005
0.4505 0.826 0 0.005
0.447 0.857 0 0.005
0.4515 0.044 0 0.005
0.448 0.098 0 0.005
0.448 0.194 0 0.005
0.449 0.127 0 0.005
0.458 0.26366666666666666 0 0.005
0.449 0.581 0 0.005
0.449 0.844 0 0.005
0.45 0.285 0 0.005
0.45 0.375 0 0.005
0.45 0.556 0 0.005
0.451 0.407 0 0.005
0.4565 0.6685 0 0.005
0.451 0.92 0 0.005
0.452 0.601 0 0.005
0.452 0.684 0 0.005
0.452 0.79 0 0.005
0.453 0.079 0 0.005
0.453 0.616 0 0.005
0.453 0.656 0 0.005
0.453 0.777 0 0.005
0.453 0.881 0 0.005
0.453 0.905 0 0.005
0.454 0.212 0 0.005
0.454 0.301 0 0.005
0.454 0.359 0 0.005
0.454 0.436 0 0.005
0.454 0.525 0 0.005
0.454 0.543 0 0.005
0.46366666666666667 0.5683333333333334 0 0.005
0.454 0.961 0 0.005
0.4575 0.978 0 0.005
0.455 0.112 0 0.005
0.455 0.15 0 0.005
0.455 0.231 0 0.005
0.455 0.462 0 0.005
0.456 0.026 0 0.005
0.457 0.949 0 0.005
0.458 0.065 0 0.005
0.458 0.162 0 0.005
0.458 0.177 0 0.005
0.458 0.25 0 0.005
0.458 0.423 0 0.005
0.458 0.492 0 0.005
0.458 0.511 0 0.005
0.4615 0.0965 0 0.005
0.459 0.314 0 0.005
0.459 0.332 0 0.005
0.459 0.932 0 0.005
0.46 0.0022833333333333334 0 0.005
0.46 0.135 0 0.005
0.46 0.347 0 0.005
0.46 0.389 0 0.005
0.46 0.806 0 0.005
0.461 0.194 0 0.005
0.461 0.841 0 0.005
0.461 0.866 0 0.005
0.461 0.893 0 0.005
0.462 0.376 0 0.005
0.462 0.728 0 0.005
0.46827748691099474 0.9936020942408377 0 0.005
0.463 0.582 0 0.005
0.464 0.038 0 0.005
0.464 0.451 0 0.005
0.464 0.599 0 0.005
0.464 0.747 0 0.005
0.464 0.765 0 0.005
0.464 0.79 0 0.005
0.464 0.853 0 0.005
0.465 0.646 0 0.005
0.465 0.907 0 0.005
0.471 0.0125 0 0.005
0.466 0.549 0 0.005
0.467 0.289 0 0.005
0.467 0.41 0 0.005
0.467 0.537 0 0.005
0.467 0.68 0 0.005
0.468 0.361 0 0.005
0.468 0.879 0 0.005
0.469 0.144 0 0.005
0.469 0.398 0 0.005
0.469 0.464 0 0.005
0.469 0.613 0 0.005
0.469 0.95 0 0.005
0.47 0.06 0 0.005
0.47 0.116 0 0.005
0.47833333333333333 0.08466666666666667 0 0.005
0.471 0.16 0 0.005
0.471 0.476 0 0.005
0.471 0.517 0 0.005
0.472 0.048 0 0.005
0.472 0.212 0 0.005
0.472 0.328 0 0.005
0.472 0.437 0 0.005
0.473 0.273 0 0.005
0.473 0.811 0 0.005
0.473 0.97 0 0.005
0.474 0.185 0 0.005
0.474 0.235 0 0.005
0.474 0.505 0 0.005
0.474 0.892 0 0.005
0.475 0.591 0 0.005
0.476 0.249 0 0.005
0.476 0.376 0 0.005
0.476 0.638 0 0.005
0.476 0.73 0 0.005
0.4835 0.83425 0 0.005
0.476 0.937 0 0.005
0.482 0.1075 0 0.005
0.477 0.173 0 0.005
0.477 0.2 0 0.005
0.477 0.344 0 0.005
0.477 0.65 0 0.005
0.477 0.669 0 0.005
0.4836666666666667 0.711 0 0.005
0.477 0.906 0 0.005
0.477 0.918 0 0.005
0.478 0.297 0 0.005
0.478 0.31 0 0.005
0.478 0.773 0 0.005
0.478 0.856 0 0.005
0.479 0.424 0 0.005
0.479 0.604 0 0.005
0.48 0.024 0 0.005
0.49 0.4116666666666667 0 0.005
0.4855 0.4935 0 0.005
0.481 0.128 0 0.005
0.481 0.398 0 0.005
0.481 0.458 0 0.005
0.481 0.622 0 0.005
0.481 0.761 0 0.005
0.481 0.787 0 0.005
0.481 0.799 0 0.005
0.482 0.536 0 0.005
0.482 0.742 0 0.005
0.483 0.52 0 0.005
0.483 0.581 0 0.005
0.484 0.365 0 0.005
0.484 0.444 0 0.005
0.484 0.9967166666666667 0 0.005
0.485 0.067 0 0.005
0.485 0.27 0 0.005
0.485 0.815 0 0.005
0.486 0.209 0 0.005
0.489 0.5645 0 0.005
0.486 0.88 0 0.005
0.486 0.895 0 0.005
0.486 0.97 0 0.005
0.486 0.982 0 0.005
0.487 0.037 0 0.005
0.494 0.22766666666666666 0 0.005
0.487 0.47 0 0.005
0.488 0.003268292682926829 0 0.005
0.488 0.079 0 0.005
0.488 0.153 0 0.005
0.493 0.1805 0 0.005
0.488 0.387 0 0.005
0.488 0.727 0 0.005
0.489 0.139 0 0.005
0.489 0.167 0 0.005
0.489 0.245 0 0.005
0.4935 0.292 0 0.005
0.489 0.665 0 0.005
0.489 0.865 0 0.005
0.489 0.953 0 0.005
0.49 0.05 0 0.005
0.49 0.257 0 0.005
0.50125 0.64625 0 0.005
0.49 0.907 0 0.005
0.491 0.316 0 0.005
0.491 0.329 0 0.005
0.491 0.341 0 0.005
0.491 0.354 0 0.005
0.491 0.604 0 0.005
0.4965 0.691 0 0.005
0.495 0.7725 0 0.005
0.492 0.025 0 0.005
0.4965 0.193 0 0.005
0.50225 0.922 0 0.005
0.493 0.94 0 0.005
0.494 0.375 0 0.005
0.5136000000000001 0.5476 0 0.005
0.495 0.456 0 0.005
0.495 0.52 0 0.005
0.495 0.79 0 0.005
0.495 0.992 0 0.005
0.496 0.123 0 0.005
0.496 0.441 0 0.005
0.496 0.532 0 0.005
0.5065 0.60775 0 0.005
0.497 0.755 0 0.005
0.497 0.805 0 0.005
0.497 0.963 0 0.005
0.498 0.1 0 0.005
0.498 0.428 0 0.005
0.503 0.5035 0 0.005
0.498 0.677 0 0.005
0.498 0.856 0 0.005
0.5015 0.887 0 0.005
0.499 0.468 0 0.005
0.5 0.036 0 0.005
0.5 0.149 0 0.005
0.5025 0.2715 0 0.005
0.5 0.485 0 0.005
0.5 0.706 0 0.005
0.5 0.728 0 0.005
0.501 0.003268292682926829 0 0.005
0.501 0.585 0 0.005
0.502 0.017 0 0.005
0.502 0.163 0 0.005
0.502 0.825 0 0.005
0.503 0.328 0 0.005
0.503 0.742 0 0.005
0.5093333333333333 0.3873333333333333 0 0.005
0.504 0.566 0 0.005
0.505 0.067 0 0.005
0.5126666666666666 0.088 0 0.005
0.505 0.136 0 0.005
0.505 0.945 0 0.005
0.505 0.982 0 0.005
0.506 0.308 0 0.005
0.506 0.357 0 0.005
0.508 0.05 0 0.005
0.508 0.119 0 0.005
0.508 0.344 0 0.005
0.508 0.631 0 0.005
0.508 0.716 0 0.005
0.509 0.216 0 0.005
0.509 0.247 0 0.005
0.509 0.534 0 0.005
0.521 0.78825 0 0.005
0.509 0.845 0 0.005
0.512 0.8665 0 0.005
0.509 0.9957317073170732 0 0.005
0.51 0.521 0 0.005
0.511 0.201 0 0.005
0.511 0.407 0 0.005
0.511 0.429 0 0.005
0.5175 0.035 0 0.005
0.512 0.147 0 0.005
0.512 0.956 0 0.005
0.513 0.005 0 0.005
0.513 0.73 0 0.005
0.513 0.784 0 0.005
0.514 0.107 0 0.005
0.514 0.23 0 0.005
0.514 0.298 0 0.005
0.514 0.488 0 0.005
0.514 0.77 0 0.005
0.515 0.174 0 0.005
0.515 0.265 0 0.005
0.515 0.333 0 0.005
0.515 0.582 0 0.005
0.515 0.757 0 0.005
0.516 0.189 0 0.005
0.516 0.445 0 0.005
0.516 0.46 0 0.005
0.527 0.6466666666666666 0 0.005
0.516 0.742 0 0.005
0.516 0.823 0 0.005
0.517 0.02 0 0.005
0.5215 0.316 0 0.005
0.517 0.472 0 0.005
0.5225 0.9405 0 0.005
0.518 0.278 0 0.005
0.518 0.685 0 0.005
0.518 0.705 0 0.005
0.518 0.982 0 0.005
0.519 0.891 0 0.005
0.5235 0.065 0 0.005
0.5225 0.1265 0 0.005
0.52 0.671 0 0.005
0.52 0.835 0 0.005
0.528 0.21766666666666665 0 0.005
0.532 0.5212 0 0.005
0.521 0.847 0 0.005
0.521 0.875 0 0.005
0.521 0.969 0 0.005
0.522 0.924 0 0.005
0.522 0.9957317073170732 0 0.005
0.524 0.145 0 0.005
0.524 0.162 0 0.005
0.524 0.25 0 0.005
0.524 0.409 0 0.005
0.524 0.568 0 0.005
0.5295 0.5975 0 0.005
0.525 0.348 0 0.005
0.526 0.009 0 0.005
0.527 0.046 0 0.005
0.527 0.365 0 0.005
0.527 0.378 0 0.005
0.541 0.732 0 0.005
0.527 0.816 0 0.005
0.528 0.39 0 0.005
0.528 0.434 0 0.005
0.528 0.492 0 0.005
0.5305 0.8695 0 0.005
0.528 0.952 0 0.005
0.529 0.108 0 0.005
0.529 0.453 0 0.005
0.53 0.295 0 0.005
0.53 0.474 0 0.005
0.53 0.628 0 0.005
0.531 0.077 0 0.005
0.531 0.199 0 0.005
0.531 0.504 0 0.005
0.531 0.683 0 0.005
0.531 0.696 0 0.005
0.531 0.754 0 0.005
0.531 0.904 0 0.005
0.531 0.98 0 0.005
0.533 0.09 0 0.005
0.533 0.179 0 0.005
0.533 0.236 0 0.005
0.533 0.267 0 0.005
0.533 0.58 0 0.005
0.533 0.615 0 0.005
0.5375 0.831 0 0.005
0.5395 0.421 0 0.005
0.534 0.85 0 0.005
0.535 0.12 0 0.005
0.5405 0.6725 0 0.005
0.535 0.888 0 0.005
0.538 0.9265 0 0.005
0.536 0.037 0 0.005
0.536 0.145 0 0.005
0.536 0.159 0 0.005
0.536 0.331 0 0.005
0.536 0.406 0 0.005
0.541 0.7875 0 0.005
0.538 0.992 0 0.005
0.539 0.024 0 0.005
0.5435 0.256 0 0.005
0.539 0.533 0 0.005
0.5435 0.715 0 0.005
0.543 0.8105 0 0.005
0.54 0.393 0 0.005
0.54 0.461 0 0.005
0.541 0.277 0 0.005
0.541 0.319 0 0.005
0.541 0.766 0 0.005
0.542 0.009 0 0.005
0.542 0.564 0 0.005
0.542 0.862 0 0.005
0.543 0.064 0 0.005
0.543 0.197 0 0.005
0.543 0.296 0 0.005
0.543 0.633 0 0.005
0.543 0.687 0 0.005
0.544 0.052 0 0.005
0.5463333333333333 0.122 0 0.005
0.544 0.226 0 0.005
0.544 0.35 0 0.005
0.544 0.474 0 0.005
0.544 0.489 0 0.005
0.5495 0.547 0 0.005
0.544 0.961 0 0.005
0.545 0.078 0 0.005
0.545 0.098 0 0.005
0.545 0.577 0 0.005
0.545 0.91 0 0.005
0.546 0.17 0 0.005
0.5546666666666666 0.976 0 0.005
0.547 0.437 0 0.005
0.548 0.209 0 0.005
0.548 0.37 0 0.005
0.549 0.408 0 0.005
0.549 0.888 0 0.005
0.55 0.607 0 0.005
0.55 0.652 0 0.005
0.5525 0.8565 0 0.005
0.555 0.9525 0 0.005
0.551 0.147 0 0.005
0.551 0.184 0 0.005
0.551 0.592 0 0.005
0.551 0.874 0 0.005
0.551 0.924 0 0.005
0.551 0.992 0 0.005
0.552 0.029 0 0.005
0.552 0.45 0 0.005
0.552 0.803 0 0.005
0.553 0.837 0 0.005
0.553 0.9 0 0.005
0.554 0.159 0 0.005
0.554 0.273 0 0.005
0.554 0.338 0 0.005
0.559 0.5285 0 0.005
0.554 0.695 0 0.005
0.5565 0.7525 0 0.005
0.554 0.771 0 0.005
0.555 0.09 0 0.005
0.558 0.2895 0 0.005
0.555 0.707 0 0.005
0.556 0.06 0 0.005
0.556 0.223 0 0.005
0.556 0.467 0 0.005
0.5623333333333334 0.6236666666666666 0 0.005
0.557 0.239 0 0.005
0.557 0.326 0 0.005
0.557 0.425 0 0.005
0.557 0.509 0 0.005
0.557 0.641 0 0.005
0.558 0.072 0 0.005
0.5615 0.1425 0 0.005
0.5645 0.3115 0 0.005
0.559 0.361 0 0.005
0.559 0.561 0 0.005
0.56 0.018 0 0.005
0.56 0.105 0 0.005
0.56 0.2 0 0.005
0.5655 0.371 0 0.005
0.56 0.386 0 0.005
0.56 0.58 0 0.005
0.56 0.666 0 0.005
0.5645 0.047 0 0.005
0.561 0.793 0 0.005
0.561 0.813 0 0.005
0.561 0.916 0 0.005
0.562 0.0022833333333333334 0 0.005
0.562 0.263 0 0.005
0.562 0.481 0 0.005
0.562 0.882 0 0.005
0.563 0.212 0 0.005
0.563 0.399 0 0.005
0.5685 0.6835 0 0.005
0.563 0.944 0 0.005
0.564 0.347 0 0.005
0.564 0.717 0 0.005
0.565 0.121 0 0.005
0.565 0.172 0 0.005
0.565 0.831 0 0.005
0.565 0.994 0 0.005
0.566 0.776 0 0.005
0.566 0.852 0 0.005
0.571 0.8995 0 0.005
0.567 0.16 0 0.005
0.567 0.248 0 0.005
0.567 0.439 0 0.005
0.567 0.494 0 0.005
0.567 0.697 0 0.005
0.567 0.931 0 0.005
0.568 0.415 0 0.005
0.568 0.467 0 0.005
0.568 0.54 0 0.005
0.569 0.184 0 0.005
0.569 0.51 0 0.005
0.571 0.086 0 0.005
0.571 0.74 0 0.005
0.572 0.031 0 0.005
0.572 0.106 0 0.005
0.577 0.1405 0 0.005
0.572 0.597 0 0.005
0.572 0.644 0 0.005
0.572 0.759 0 0.005
0.5776666666666667 0.816 0 0.005
0.572 0.969 0 0.005
0.573 0.069 0 0.005
0.5826666666666667 0.231 0 0.005
0.573 0.285 0 0.005
0.573 0.657 0 0.005
0.574 0.297 0 0.005
0.574 0.356 0 0.005
0.574 0.557 0 0.005
0.575 0.0027746478873239434 0 0.005
0.575 0.453 0 0.005
0.575 0.583 0 0.005
0.575 0.673 0 0.005
0.575 0.866 0 0.005
0.575 0.92 0 0.005
0.576 0.387 0 0.005
0.5785 0.4085 0 0.005
0.581 0.7115 0 0.005
0.576 0.724 0 0.005
0.576 0.79 0 0.005
0.576 0.839 0 0.005
0.576 0.88 0 0.005
0.576 0.955 0 0.005
0.5825 0.18175 0 0.005
0.577 0.213 0 0.005
0.577 0.479 0 0.005
0.578 0.016 0 0.005
0.582 0.2545 0 0.005
0.578 0.331 0 0.005
0.578 0.62 0 0.005
0.578 0.989 0 0.005
0.579 0.43 0 0.005
0.58 0.041 0 0.005
0.58 0.157 0 0.005
0.58 0.543 0 0.005
0.581 0.121 0 0.005
0.581 0.275 0 0.005
0.581 0.344 0 0.005
0.581 0.943 0 0.005
0.582 0.572 0 0.005
0.582 0.696 0 0.005
0.5855 0.846 0 0.005
0.583 0.465 0 0.005
0.583 0.501 0 0.005
0.583 0.52 0 0.005
0.5875 0.054 0 0.005
0.5865 0.1015 0 0.005
0.584 0.37 0 0.005
0.589 0.7675 0 0.005
0.5905 0.2865 0 0.005
0.585 0.659 0 0.005
0.587 0.603 0 0.005
0.587 0.634 0 0.005
0.5905 0.749 0 0.005
0.587 0.802 0 0.005
0.587 0.975 0 0.005
0.592 0.3255 0 0.005
0.588 0.646 0 0.005
0.588 0.675 0 0.005
0.588 0.729 0 0.005
0.588 0.783 0 0.005
0.592 0.2095 0 0.005
0.59 0.385 0 0.005
0.59 0.476 0 0.005
0.59 0.866 0 0.005
0.59 0.89 0 0.005
0.591 0.007 0 0.005
0.591 0.083 0 0.005
0.591 0.133 0 0.005
0.591 0.303 0 0.005
0.591 0.447 0 0.005
0.591 0.959 0 0.005
0.592 0.069 0 0.005
0.592 0.264 0 0.005
0.592 0.431 0 0.005
0.592 0.559 0 0.005
0.593 0.419 0 0.005
0.593 0.618 0 0.005
0.593 0.905 0 0.005
0.593 0.929 0 0.005
0.594 0.355 0 0.005
0.594 0.489 0 0.005
0.594 0.59 0 0.005
0.594 0.69 0 0.005
0.594 0.853 0 0.005
0.595 0.031 0 0.005
0.595 0.397 0 0.005
0.595 0.703 0 0.005
0.596 0.188 0 0.005
0.596 0.917 0 0.005
0.596 0.9952365591397849 0 0.005
0.597 0.526 0 0.005
0.598 0.572 0 0.005
0.599 0.803 0 0.005
0.6015 0.9435 0 0.005
0.6 0.254 0 0.005
0.6055 0.3665 0 0.005
0.6 0.546 0 0.005
0.6 0.605 0 0.005
0.6 0.634 0 0.005
0.6 0.742 0 0.005
0.6 0.819 0 0.005
0.6115 0.98175 0 0.005
0.601 0.118 0 0.005
0.601 0.15 0 0.005
0.601 0.201 0 0.005
0.601 0.455 0 0.005
0.6045 0.504 0 0.005
0.602 0.019 0 0.005
0.6055 0.322 0 0.005
0.602 0.382 0 0.005
0.602 0.72 0 0.005
0.602 0.838 0 0.005
0.603 0.241 0 0.005
0.604 0.041 0 0.005
0.604 0.092 0 0.005
0.604 0.269 0 0.005
0.604 0.34 0 0.005
0.604 0.443 0 0.005
0.604 0.468 0 0.005
0.604 0.651 0 0.005
0.604 0.682 0 0.005
0.6095 0.793 0 0.005
0.604 0.874 0 0.005
0.605 0.0022833333333333334 0 0.005
0.605 0.057 0 0.005
0.605 0.132 0 0.005
0.605 0.428 0 0.005
0.606 0.178 0 0.005
0.61 0.4135 0 0.005
0.606 0.759 0 0.005
0.606 0.889 0 0.005
0.607 0.665 0 0.005
0.6143333333333334 0.8596666666666666 0 0.005
0.607 0.963 0 0.005
0.608 0.106 0 0.005
0.608 0.293 0 0.005
0.608 0.705 0 0.005
0.609 0.485 0 0.005
0.609 0.591 0 0.005
0.609 0.774 0 0.005
0.609 0.919 0 0.005
0.61 0.228 0 0.005
0.61 0.556 0 0.005
0.611 0.216 0 0.005
0.618 0.3146666666666667 0 0.005
0.611 0.392 0 0.005
0.611 0.808 0 0.005
0.613 0.028 0 0.005
0.613 0.165 0 0.005
0.6263333333333334 0.19116666666666665 0 0.005
0.613 0.526 0 0.005
0.613 0.539 0 0.005
0.613 0.62 0 0.005
0.613 0.901 0 0.005
0.6165 0.1235 0 0.005
0.614 0.261 0 0.005
0.6206666666666666 0.637 0 0.005
0.614 0.732 0 0.005
0.614 0.996225352112676 0 0.005
0.6167751479289941 0.007905325443786982 0 0.005
0.615 0.076 0 0.005
0.619 0.1465 0 0.005
0.615 0.352 0 0.005
0.615 0.691 0 0.005
0.619 0.8415 0 0.005
0.616 0.275 0 0.005
0.6215 0.4375 0 0.005
0.616 0.474 0 0.005
0.616 0.654 0 0.005
0.616 0.947 0 0.005
0.617 0.04 0 0.005
0.617 0.932 0 0.005
0.618 0.58 0 0.005
0.618 0.604 0 0.005
0.618 0.713 0 0.005
0.618 0.889 0 0.005
0.619 0.245 0 0.005
0.6215 0.3855 0 0.005
0.619 0.566 0 0.005
0.623 0.5025 0 0.005
0.62 0.745 0 0.005
0.621 0.059 0 0.005
0.621 0.095 0 0.005
0.621 0.592 0 0.005
0.624 0.6665 0 0.005
0.621 0.825 0 0.005
0.6245 0.2875 0 0.005
0.622 0.405 0 0.005
0.622 0.77 0 0.005
0.623 0.34 0 0.005
0.623 0.456 0 0.005
0.624 0.107 0 0.005
0.625 0.022 0 0.005
0.625 0.227 0 0.005
0.625 0.367 0 0.005
0.63625 0.53625 0 0.005
0.625 0.919 0 0.005
0.626 0.427 0 0.005
0.626 0.485 0 0.005
0.626 0.758 0 0.005
0.626 0.788 0 0.005
0.627 0.214 0 0.005
0.628 0.473 0 0.005
0.628 0.725 0 0.005
0.628 0.881 0 0.005
0.6315 0.945 0 0.005
0.629 0.544 0 0.005
0.629 0.694 0 0.005
0.629 0.903 0 0.005
0.63 0.263 0 0.005
0.63 0.81 0 0.005
0.63 0.974 0 0.005
0.6341555555555556 0.00715 0 0.005
0.631 0.131 0 0.005
0.631 0.682 0 0.005
0.631 0.962 0 0.005
0.632 0.414 0 0.005
0.632 0.58 0 0.005
0.6365 0.599 0 0.005
0.632 0.744 0 0.005
0.632 0.856 0 0.005
0.633 0.153 0 0.005
0.633 0.567 0 0.005
0.633 0.616 0 0.005
0.633 0.709 0 0.005
0.633 0.822 0 0.005
0.6455 0.838 0 0.005
0.634 0.307 0 0.005
0.634 0.996225352112676 0 0.005
0.638 0.2405 0 0.005
0.635 0.353 0 0.005
0.636 0.054 0 0.005
0.636 0.078 0 0.005
0.641 0.3385 0 0.005
0.636 0.375 0 0.005
0.636 0.628 0 0.005
0.637 0.035 0 0.005
0.6463333333333334 0.10166666666666667 0 0.005
0.637 0.402 0 0.005
0.637 0.774 0 0.005
0.638 0.118 0 0.005
0.642 0.8645 0 0.005
0.639 0.221 0 0.005
0.6496666666666666 0.4303333333333333 0 0.005
0.643 0.5135 0 0.005
0.639 0.661 0 0.005
0.639 0.761 0 0.005
0.639 0.791 0 0.005
0.64 0.458 0 0.005
0.64 0.913 0 0.005
0.641 0.286 0 0.005
0.645 0.3915 0 0.005
0.641 0.497 0 0.005
0.641 0.64 0 0.005
0.641 0.674 0 0.005
0.6515 0.89 0 0.005
0.642 0.483 0 0.005
0.642 0.804 0 0.005
0.642 0.928 0 0.005
0.642 0.986 0 0.005
0.646 0.0155 0 0.005
0.643 0.173 0 0.005
0.643 0.189 0 0.005
0.643 0.258 0 0.005
0.643 0.272 0 0.005
0.643 0.445 0 0.005
0.643 0.737 0 0.005
0.6495 0.474 0 0.005
0.644 0.579 0 0.005
0.645 0.967 0 0.005
0.646 0.32 0 0.005
0.646 0.82 0 0.005
0.646 0.996225352112676 0 0.005
0.647 0.751 0 0.005
0.648 0.053 0 0.005
0.648 0.143 0 0.005
0.648 0.366 0 0.005
0.648 0.565 0 0.005
0.648 0.626 0 0.005
0.648 0.692 0 0.005
0.648 0.95 0 0.005
0.649 0.068 0 0.005
0.649 0.613 0 0.005
0.649 0.704 0 0.005
0.649 0.771 0 0.005
0.649 0.783 0 0.005
0.6563333333333333 0.20033333333333334 0 0.005
0.65 0.721 0 0.005
0.651 0.122 0 0.005
0.651 0.232 0 0.005
0.651 0.307 0 0.005
0.651 0.354 0 0.005
0.6535 0.6535 0 0.005
0.652 0.085 0 0.005
0.652 0.22 0 0.005
0.652 0.412 0 0.005
0.652 0.936 0 0.005
0.653 0.381 0 0.005
0.653 0.59 0 0.005
0.6585 0.669 0 0.005
0.654 0.18 0 0.005
0.654 0.291 0 0.005
0.654 0.458 0 0.005
0.654 0.493 0 0.005
0.654 0.87 0 0.005
0.655 0.158 0 0.005
0.655 0.807 0 0.005
0.6605 0.922 0 0.005
0.656 0.251 0 0.005
0.656 0.636 0 0.005
0.656 0.735 0 0.005
0.656 0.978 0 0.005
0.665 0.039 0 0.005
0.657 0.575 0 0.005
0.657 0.602 0 0.005
0.658 0.532 0 0.005
0.66675 0.12325 0 0.005
0.659 0.516 0 0.005
0.659 0.958 0 0.005
0.66 0.9952365591397849 0 0.005
0.661 0.02 0 0.005
0.661 0.27 0 0.005
0.6665 0.3145 0 0.005
0.661 0.401 0 0.005
0.661 0.555 0 0.005
0.661 0.78 0 0.005
0.661 0.795 0 0.005
0.661 0.857 0 0.005
0.662 0.003268292682926829 0 0.005
0.662 0.068 0 0.005
0.662 0.331 0 0.005
0.662 0.767 0 0.005
0.663 0.503 0 0.005
0.663 0.692 0 0.005
0.663 0.839 0 0.005
0.664 0.081 0 0.005
0.664 0.299 0 0.005
0.664 0.353 0 0.005
0.664 0.372 0 0.005
0.671 0.47733333333333333 0 0.005
0.664 0.725 0 0.005
0.664 0.755 0 0.005
0.664 0.822 0 0.005
0.674 0.908 0 0.005
0.665 0.097 0 0.005
0.665 0.144 0 0.005
0.665 0.388 0 0.005
0.665 0.613 0 0.005
0.666 0.421 0 0.005
0.666 0.542 0 0.005
0.667 0.156 0 0.005
0.667 0.968 0 0.005
0.668 0.251 0 0.005
0.668 0.631 0 0.005
0.668 0.68 0 0.005
0.668 0.808 0 0.005
0.668 0.937 0 0.005
0.669 0.583 0 0.005
0.669 0.74 0 0.005
0.67 0.176 0 0.005
0.67 0.224 0 0.005
0.67 0.448 0 0.005
0.675 0.7035 0 0.005
0.6878 0.243 0 0.005
0.671 0.644 0 0.005
0.671 0.867 0 0.005
0.672 0.286 0 0.005
0.672 0.512 0 0.005
0.6765 0.561 0 0.005
0.673 0.198 0 0.005
0.673 0.406 0 0.005
0.673 0.525 0 0.005
0.6756666666666666 0.8416666666666667 0 0.005
0.674 0.658 0 0.005
0.674 0.788 0 0.005
0.674 0.887 0 0.005
0.675 0.006 0 0.005
0.675 0.324 0 0.005
0.6866 0.3422 0 0.005
0.675 0.361 0 0.005
0.675 0.498 0 0.005
0.675 0.98 0 0.005
0.675 0.994 0 0.005
0.679 0.0585 0 0.005
0.676 0.299 0 0.005
0.6785 0.9615 0 0.005
0.677 0.082 0 0.005
0.677 0.268 0 0.005
0.69175 0.61225 0 0.005
0.678 0.379 0 0.005
0.678 0.422 0 0.005
0.678 0.728 0 0.005
0.678 0.776 0 0.005
0.678 0.816 0 0.005
0.679 0.024 0 0.005
0.683 0.5345 0 0.005
0.679 0.754 0 0.005
0.68 0.631 0 0.005
0.68 0.716 0 0.005
0.681 0.152 0 0.005
0.681 0.599 0 0.005
0.681 0.804 0 0.005
0.682 0.1 0 0.005
0.682 0.436 0 0.005
0.682 0.462 0 0.005
0.683 0.23 0 0.005
0.683 0.742 0 0.005
0.684 0.217 0 0.005
0.6865 0.2845 0 0.005
0.6875 0.397 0 0.005
0.692 0.868 0 0.005
0.684 0.896 0 0.005
0.684 0.932 0 0.005
0.684 0.944 0 0.005
0.685 0.112 0 0.005
0.685 0.673 0 0.005
0.686 0.181 0 0.005
0.686 0.506 0 0.005
0.687 0.165 0 0.005
0.687 0.518 0 0.005
0.6925 0.573 0 0.005
0.687 0.831 0 0.005
0.6928341232227488 0.007781990521327014 0 0.005
0.688 0.475 0 0.005
0.688 0.984 0 0.005
0.689 0.142 0 0.005
0.689 0.651 0 0.005
0.689 0.687 0 0.005
0.69 0.128 0 0.005
0.6955 0.195 0 0.005
0.6986666666666667 0.45166666666666666 0 0.005
0.69 0.589 0 0.005
0.691 0.033 0 0.005
0.692 0.265 0 0.005
0.692 0.417 0 0.005
0.692 0.546 0 0.005
0.697 0.6985 0 0.005
0.693 0.093 0 0.005
0.693 0.799 0 0.005
0.693 0.813 0 0.005
0.693 0.966 0 0.005
0.706 0.0485 0 0.005
0.694 0.065 0 0.005
0.694 0.081 0 0.005
0.694 0.316 0 0.005
0.695 0.303 0 0.005
0.695 0.56 0 0.005
0.695 0.633 0 0.005
0.695 0.769 0 0.005
0.696 0.368 0 0.005
0.696 0.496 0 0.005
0.697 0.174 0 0.005
0.697 0.746 0 0.005
0.697 0.786 0 0.005
0.697 0.942 0 0.005
0.698 0.154 0 0.005
0.7025 0.212 0 0.005
0.698 0.28 0 0.005
0.698 0.842 0 0.005
0.698 0.994 0 0.005
0.7015 0.1245 0 0.005
0.699 0.429 0 0.005
0.699 0.714 0 0.005
0.699 0.734 0 0.005
0.699 0.923 0 0.005
0.699 0.954 0 0.005
0.701 0.537 0 0.005
0.702 0.105 0 0.005
0.7045 0.3875 0 0.005
0.702 0.516 0 0.005
0.703 0.653 0 0.005
0.703 0.68 0 0.005
0.704 0.345 0 0.005
0.704 0.901 0 0.005
0.705 0.143 0 0.005
0.705 0.469 0 0.005
0.706 0.071 0 0.005
0.706 0.485 0 0.005
0.707 0.093 0 0.005
0.707 0.359 0 0.005
0.7146666666666667 0.4936666666666667 0 0.005
0.707 0.551 0 0.005
0.707 0.667 0 0.005
0.707 0.827 0 0.005
0.707 0.967 0 0.005
0.707 0.98 0 0.005
0.708 0.013 0 0.005
0.708 0.028 0 0.005
0.708 0.585 0 0.005
0.708 0.626 0 0.005
0.708 0.932 0 0.005
0.709 0.232 0 0.005
0.709 0.294 0 0.005
0.709 0.308 0 0.005
0.717 0.335 0 0.005
0.709 0.867 0 0.005
0.71 0.22 0 0.005
0.71 0.266 0 0.005
0.71 0.944 0 0.005
0.7155 0.888 0 0.005
0.712 0.184 0 0.005
0.712 0.28 0 0.005
0.712 0.409 0 0.005
0.712 0.429 0 0.005
0.712 0.728 0 0.005
0.712 0.763 0 0.005
0.712 0.839 0 0.005
0.712 0.853 0 0.005
0.713 0.17 0 0.005
0.713 0.563 0 0.005
0.713 0.808 0 0.005
0.714 0.152 0 0.005
0.7175 0.534 0 0.005
0.714 0.638 0 0.005
0.714 0.776 0 0.005
0.714 0.994 0 0.005
0.7205 0.754 0 0.005
0.715 0.956 0 0.005
0.716 0.248 0 0.005
0.716 0.792 0 0.005
0.716 0.914 0 0.005
0.717 0.00434313725490196 0 0.005
0.717 0.107 0 0.005
0.7195 0.1325 0 0.005
0.717 0.196 0 0.005
0.718 0.376 0 0.005
0.719 0.066 0 0.005
0.719 0.441 0 0.005
0.719 0.508 0 0.005
0.719 0.656 0 0.005
0.719 0.669 0 0.005
0.719 0.685 0 0.005
0.719 0.702 0 0.005
0.72 0.034 0 0.005
0.72 0.079 0 0.005
0.7256666666666667 0.828 0 0.005
0.721 0.291 0 0.005
0.721 0.389 0 0.005
0.721 0.862 0 0.005
0.722 0.586 0 0.005
0.722 0.717 0 0.005
0.7275 0.9835 0 0.005
0.726 0.3625 0 0.005
0.723 0.969 0 0.005
0.724 0.091 0 0.005
0.724 0.217 0 0.005
0.7265 0.2375 0 0.005
0.729 0.4255 0 0.005
0.724 0.601 0 0.005
0.724 0.875 0 0.005
0.724 0.937 0 0.005
0.73 0.1555 0 0.005
0.725 0.182 0 0.005
0.7305 0.2765 0 0.005
0.725 0.462 0 0.005
0.725 0.548 0 0.005
0.725 0.564 0 0.005
0.725 0.615 0 0.005
0.7305 0.9205 0 0.005
0.7336666666666666 0.40166666666666667 0 0.005
0.727 0.496 0 0.005
0.727 0.743 0 0.005
0.728 0.258 0 0.005
0.728 0.314 0 0.005
0.7325 0.099 0 0.005
0.729 0.851 0 0.005
0.73 0.021 0 0.005
0.73 0.326 0 0.005
0.73 0.695 0 0.005
0.73 0.782 0 0.005
0.731 0.639 0 0.005
0.736 0.6845 0 0.005
0.731 0.726 0 0.005
0.731 0.769 0 0.005
0.731 0.904 0 0.005
0.732 0.066 0 0.005
0.732 0.194 0 0.005
0.732 0.446 0 0.005
0.732 0.522 0 0.005
0.732 0.959 0 0.005
0.7386666666666666 0.182 0 0.005
0.733 0.208 0 0.005
0.733 0.301 0 0.005
0.733 0.578 0 0.005
0.733 0.946 0 0.005
0.734 0.664 0 0.005
0.734 0.888 0 0.005
0.735 0.123 0 0.005
0.735 0.709 0 0.005
0.735 0.996225352112676 0 0.005
0.736 0.0027746478873239434 0 0.005
0.736 0.535 0 0.005
0.736 0.622 0 0.005
0.737 0.038 0 0.005
0.737 0.223 0 0.005
0.738 0.382 0 0.005
0.738 0.462 0 0.005
0.738 0.798 0 0.005
0.738 0.934 0 0.005
0.739 0.079 0 0.005
0.739 0.356 0 0.005
0.739 0.649 0 0.005
0.739 0.75 0 0.005
0.739 0.876 0 0.005
0.74 0.051 0 0.005
0.74 0.135 0 0.005
0.74 0.493 0 0.005
0.74 0.551 0 0.005
0.74 0.598 0 0.005
0.74 0.859 0 0.005
0.741 0.106 0 0.005
0.741 0.287 0 0.005
0.741 0.481 0 0.005
0.741 0.505 0 0.005
0.7466666666666666 0.972 0 0.005
0.742 0.023 0 0.005
0.742 0.37 0 0.005
0.743 0.728 0 0.005
0.743 0.767 0 0.005
0.744 0.255 0 0.005
0.745 0.242 0 0.005
0.745 0.343 0 0.005
0.745 0.676 0 0.005
0.745 0.822 0 0.005
0.746 0.065 0 0.005
0.746 0.205 0 0.005
0.746 0.301 0 0.005
0.746 0.565 0 0.005
0.746 0.663 0 0.005
0.746 0.701 0 0.005
0.746 0.903 0 0.005
0.747 0.151 0 0.005
0.75 0.1715 0 0.005
0.747 0.523 0 0.005
0.747 0.638 0 0.005
0.747 0.838 0 0.005
0.747 0.994656862745098 0 0.005
0.748 0.091 0 0.005
0.748 0.267 0 0.005
0.7601666666666667 0.4045 0 0.005
0.748 0.428 0 0.005
0.748 0.625 0 0.005
0.748 0.79 0 0.005
0.752 0.8055 0 0.005
0.748 0.951 0 0.005
0.749 0.00434313725490196 0 0.005
0.7546666666666666 0.12466666666666668 0 0.005
0.749 0.316 0 0.005
0.749 0.328 0 0.005
0.754 0.5325 0 0.005
0.749 0.884 0 0.005
0.75 0.608 0 0.005
0.75 0.741 0 0.005
0.751 0.04 0 0.005
0.751 0.442 0 0.005
0.751 0.579 0 0.005
0.752 0.052 0 0.005
0.752 0.713 0 0.005
0.752 0.757 0 0.005
0.752 0.858 0 0.005
0.752 0.934 0 0.005
0.753 0.078 0 0.005
0.753 0.775 0 0.005
0.754 0.365 0 0.005
0.754 0.458 0 0.005
0.754 0.592 0 0.005
0.754 0.691 0 0.005
0.755 0.493 0 0.005
0.755 0.548 0 0.005
0.756 0.473 0 0.005
0.756 0.514 0 0.005
0.756 0.653 0 0.005
0.757 0.223 0 0.005
0.7653333333333334 0.24966666666666665 0 0.005
0.757 0.293 0 0.005
0.757 0.377 0 0.005
0.757 0.911 0 0.005
0.758 0.338 0 0.005
0.759 0.024 0 0.005
0.763 0.0615 0 0.005
0.759 0.146 0 0.005
0.7676666666666666 0.20633333333333334 0 0.005
0.759 0.28 0 0.005
0.759 0.64 0 0.005
0.759 0.994656862745098 0 0.005
0.76 0.159 0 0.005
0.76 0.306 0 0.005
0.76 0.787 0 0.005
0.761 0.007 0 0.005
0.761 0.105 0 0.005
0.761 0.235 0 0.005
0.761 0.353 0 0.005
0.761 0.813 0 0.005
0.761 0.828 0 0.005
0.761 0.924 0 0.005
0.762 0.321 0 0.005
0.7665 0.744 0 0.005
0.762 0.874 0 0.005
0.781 0.974 0 0.005
0.762 0.983 0 0.005
0.763 0.441 0 0.005
0.763 0.583 0 0.005
0.763 0.669 0 0.005
0.7675 0.561 0 0.005
0.764 0.727 0 0.005
0.765 0.429 0 0.005
0.765 0.714 0 0.005
0.765 0.893 0 0.005
0.7713333333333334 0.609 0 0.005
0.766 0.625 0 0.005
0.766 0.763 0 0.005
0.766 0.862 0 0.005
0.767 0.086 0 0.005
0.772 0.4575 0 0.005
0.767 0.502 0 0.005
0.768 0.128 0 0.005
0.769 0.373 0 0.005
0.769 0.684 0 0.005
0.769 0.7 0 0.005
0.769 0.798 0 0.005
0.769 0.846 0 0.005
0.769 0.944 0 0.005
0.7755 0.0385 0 0.005
0.77 0.262 0 0.005
0.77 0.544 0 0.005
0.771 0.02 0 0.005
0.771 0.143 0 0.005
0.7755 0.184 0 0.005
0.771 0.288 0 0.005
0.771 0.339 0 0.005
0.771 0.488 0 0.005
0.771 0.532 0 0.005
0.771 0.905 0 0.005
0.771 0.996225352112676 0 0.005
0.7765 0.777 0 0.005
0.772 0.82 0 0.005
0.773 0.167 0 0.005
0.773 0.274 0 0.005
0.7775 0.356 0 0.005
0.773 0.575 0 0.005
0.773 0.833 0 0.005
0.774 0.007 0 0.005
0.774 0.473 0 0.005
0.774 0.516 0 0.005
0.774 0.642 0 0.005
0.774 0.654 0 0.005
0.774 0.932 0 0.005
0.775 0.444 0 0.005
0.776 0.107 0 0.005
0.776 0.735 0 0.005
0.777 0.719 0 0.005
0.777 0.808 0 0.005
0.777 0.918 0 0.005
0.783 0.0685 0 0.005
0.778 0.154 0 0.005
0.778 0.301 0 0.005
0.778 0.421 0 0.005
0.778 0.63 0 0.005
0.778 0.873 0 0.005
0.778 0.987 0 0.005
0.784 0.3145 0 0.005
0.78 0.121 0 0.005
0.78 0.673 0 0.005
0.781 0.028 0 0.005
0.781 0.703 0 0.005
0.781 0.759 0 0.005
0.782 0.084 0 0.005
0.782 0.136 0 0.005
0.7873333333333333 0.383 0 0.005
0.782 0.433 0 0.005
0.782 0.564 0 0.005
0.783 0.342 0 0.005
0.7903333333333333 0.5053333333333333 0 0.005
0.783 0.789 0 0.005
0.784 0.234 0 0.005
0.784 0.55 0 0.005
0.784 0.854 0 0.005
0.784 0.887 0 0.005
0.784 0.901 0 0.005
0.784 0.955 0 0.005
0.785 0.269 0 0.005
0.795 0.5786 0 0.005
0.785 0.601 0 0.005
0.786 0.403 0 0.005
0.786 0.524 0 0.005
0.786 0.938 0 0.005
0.787 0.22 0 0.005
0.787 0.448 0 0.005
0.787 0.481 0 0.005
0.787 0.745 0 0.005
0.788 0.257 0 0.005
0.788 0.692 0 0.005
0.7916666666666666 0.8263333333333334 0 0.005
0.789 0.614 0 0.005
0.79 0.055 0 0.005
0.79 0.102 0 0.005
0.79 0.196 0 0.005
0.79 0.331 0 0.005
0.7986666666666666 0.6326666666666666 0 0.005
0.8 0.6533333333333333 0 0.005
0.791 0.291 0 0.005
0.791 0.422 0 0.005
0.791 0.713 0 0.005
0.791 0.875 0 0.005
0.791 0.921 0 0.005
0.793 0.009 0 0.005
0.793 0.129 0 0.005
0.793 0.175 0 0.005
0.793 0.727 0 0.005
0.794 0.758 0 0.005
0.794 0.797 0 0.005
0.8 0.0375 0 0.005
0.795 0.241 0 0.005
0.795 0.345 0 0.005
0.799 0.4295 0 0.005
0.795 0.963 0 0.005
0.796 0.022 0 0.005
0.796 0.156 0 0.005
0.797 0.81 0 0.005
0.798 0.086 0 0.005
0.798 0.206 0 0.005
0.798 0.891 0 0.005
0.798 0.91 0 0.005
0.803 0.1365 0 0.005
0.799 0.226 0 0.005
0.799 0.319 0 0.005
0.8015 0.3985 0 0.005
0.799 0.468 0 0.005
0.799 0.551 0 0.005
0.799 0.605 0 0.005
0.799 0.672 0 0.005
0.8115 0.7385 0 0.005
0.799 0.77 0 0.005
0.8 0.36 0 0.005
0.8 0.487 0 0.005
0.8 0.539 0 0.005
0.8045 0.689 0 0.005
0.801 0.112 0 0.005
0.801 0.28 0 0.005
0.801 0.62 0 0.005
0.801 0.783 0 0.005
0.801 0.855 0 0.005
0.802 0.071 0 0.005
0.8045 0.4445 0 0.005
0.803 0.255 0 0.005
0.8055 0.5185 0 0.005
0.8055 0.7135 0 0.005
0.803 0.951 0 0.005
0.8085 0.057 0 0.005
0.804 0.268 0 0.005
0.804 0.84 0 0.005
0.804 0.938 0 0.005
0.805 0.178 0 0.005
0.805 0.294 0 0.005
0.806 0.38 0 0.005
0.806 0.867 0 0.005
0.806 0.881 0 0.005
0.807 0.029 0 0.005
0.807 0.347 0 0.005
0.807 0.796 0 0.005
0.808 0.195 0 0.005
0.809 0.499 0 0.005
0.809 0.81 0 0.005
0.81 0.007 0 0.005
0.8135 0.244 0 0.005
0.81 0.331 0 0.005
0.81 0.827 0 0.005
0.8155 0.925 0 0.005
0.81 0.972 0 0.005
0.811 0.56 0 0.005
0.812 0.102 0 0.005
0.812 0.145 0 0.005
0.812 0.306 0 0.005
0.812 0.467 0 0.005
0.812 0.479 0 0.005
0.8186666666666667 0.5873333333333334 0 0.005
0.812 0.96 0 0.005
0.812 0.985 0 0.005
0.813 0.895 0 0.005
0.814 0.222 0 0.005
0.817 0.2785 0 0.005
0.814 0.364 0 0.005
0.8236666666666667 0.17133333333333334 0 0.005
0.815 0.21 0 0.005
0.815 0.42 0 0.005
0.816 0.12 0 0.005
0.8205 0.509 0 0.005
0.816 0.682 0 0.005
0.816 0.785 0 0.005
0.816 0.9957317073170732 0 0.005
0.817 0.078 0 0.005
0.8195 0.5305 0 0.005
0.817 0.616 0 0.005
0.822 0.7085 0 0.005
0.818 0.571 0 0.005
0.818 0.661 0 0.005
0.818 0.762 0 0.005
0.818 0.94 0 0.005
0.819 0.185 0 0.005
0.819 0.401 0 0.005
0.824 0.4525 0 0.005
0.819 0.491 0 0.005
0.819 0.642 0 0.005
0.819 0.849 0 0.005
0.8235 0.202 0 0.005
0.82 0.433 0 0.005
0.82 0.874 0 0.005
0.821 0.025 0 0.005
0.821 0.342 0 0.005
0.822 0.043 0 0.005
0.822 0.132 0 0.005
0.822 0.973 0 0.005
0.823 0.376 0 0.005
0.823 0.862 0 0.005
0.823 0.909 0 0.005
0.824 0.3 0 0.005
0.825 0.0027746478873239434 0 0.005
0.8313333333333334 0.229 0 0.005
0.825 0.322 0 0.005
0.826 0.145 0 0.005
0.826 0.469 0 0.005
0.826 0.691 0 0.005
0.826 0.82 0 0.005
0.826 0.833 0 0.005
0.826 0.893 0 0.005
0.827 0.158 0 0.005
0.8305 0.253 0 0.005
0.827 0.414 0 0.005
0.827 0.481 0 0.005
0.828 0.602 0 0.005
0.828 0.804 0 0.005
0.828 0.992 0 0.005
0.829 0.013 0 0.005
0.829 0.104 0 0.005
0.829 0.55 0 0.005
0.829 0.562 0 0.005
0.83 0.283 0 0.005
0.8355 0.388 0 0.005
0.8325 0.4355 0 0.005
0.83 0.631 0 0.005
0.83 0.667 0 0.005
0.83 0.767 0 0.005
0.83 0.782 0 0.005
0.83 0.962 0 0.005
0.831 0.053 0 0.005
0.8345 0.846 0 0.005
0.8365 0.9485 0 0.005
0.832 0.034 0 0.005
0.832 0.092 0 0.005
0.832 0.193 0 0.005
0.832 0.353 0 0.005
0.832 0.367 0 0.005
0.832 0.534 0 0.005
0.838 0.6483333333333333 0 0.005
0.838 0.0765 0 0.005
0.833 0.878 0 0.005
0.834 0.134 0 0.005
0.8416666666666667 0.5043333333333333 0 0.005
0.837 0.9225 0 0.005
0.835 0.616 0 0.005
0.8405 0.721 0 0.005
0.835 0.739 0 0.005
0.8375 0.8965 0 0.005
0.835 0.975 0 0.005
0.839 0.7565 0 0.005
0.836 0.865 0 0.005
0.837 0.121 0 0.005
0.837 0.266 0 0.005
0.837 0.297 0 0.005
0.837 0.577 0 0.005
0.8425 0.309 0 0.005
0.8443333333333334 0.331 0 0.005
0.838 0.793 0 0.005
0.838 0.822 0 0.005
0.839 0.148 0 0.005
0.839 0.473 0 0.005
0.8425 0.1675 0 0.005
0.84 0.205 0 0.005
0.84 0.519 0 0.005
0.84 0.68 0 0.005
0.84 0.993 0 0.005
0.841 0.0022833333333333334 0 0.005
0.844 0.4235 0 0.005
0.841 0.545 0 0.005
0.841 0.558 0 0.005
0.841 0.593 0 0.005
0.841 0.696 0 0.005
0.842 0.064 0 0.005
0.842 0.605 0 0.005
0.842 0.633 0 0.005
0.843 0.099 0 0.005
0.844 0.46 0 0.005
0.8496666666666667 0.852 0 0.005
0.845 0.028 0 0.005
0.845 0.042 0 0.005
0.845 0.405 0 0.005
0.846 0.246 0 0.005
0.846 0.444 0 0.005
0.846 0.875 0 0.005
0.846 0.931 0 0.005
0.847 0.286 0 0.005
0.847 0.493 0 0.005
0.847 0.533 0 0.005
0.847 0.62 0 0.005
0.847 0.812 0 0.005
0.848 0.777 0 0.005
0.849 0.744 0 0.005
0.849 0.829 0 0.005
0.853 0.9105 0 0.005
0.85 0.015 0 0.005
0.85 0.127 0 0.005
0.8535 0.182 0 0.005
0.85 0.73 0 0.005
0.85 0.798 0 0.005
0.851 0.113 0 0.005
0.8565 0.3715 0 0.005
0.851 0.478 0 0.005
0.851 0.963 0 0.005
0.852 0.203 0 0.005
0.852 0.98 0 0.005
0.853 0.072 0 0.005
0.853 0.15 0 0.005
0.853 0.219 0 0.005
0.853 0.387 0 0.005
0.853 0.574 0 0.005
0.853 0.684 0 0.005
0.8613333333333334 0.702 0 0.005
0.854 0.059 0 0.005
0.858 0.3515 0 0.005
0.854 0.547 0 0.005
0.854 0.607 0 0.005
0.855 0.232 0 0.005
0.855 0.672 0 0.005
0.855 0.757 0 0.005
0.861 0.0975 0 0.005
0.856 0.56 0 0.005
0.857 0.256 0 0.005
0.857 0.634 0 0.005
0.857 0.893 0 0.005
0.857 0.944 0 0.005
0.858 0.419 0 0.005
0.862 0.0435 0 0.005
0.862 0.2745 0 0.005
0.859 0.448 0 0.005
0.859 0.461 0 0.005
0.859 0.993 0 0.005
0.86 0.007 0 0.005
0.86 0.138 0 0.005
0.86 0.294 0 0.005
0.86 0.646 0 0.005
0.86 0.658 0 0.005
0.86 0.721 0 0.005
0.86 0.788 0 0.005
0.861 0.435 0 0.005
0.861 0.532 0 0.005
0.861 0.595 0 0.005
0.861 0.621 0 0.005
0.861 0.828 0 0.005
0.861 0.877 0 0.005
0.862 0.192 0 0.005
0.8666666666666666 0.4836666666666667 0 0.005
0.862 0.774 0 0.005
0.863 0.026 0 0.005
0.863 0.164 0 0.005
0.863 0.306 0 0.005
0.863 0.331 0 0.005
0.8713333333333334 0.7306666666666666 0 0.005
0.863 0.841 0 0.005
0.863 0.957 0 0.005
0.864 0.113 0 0.005
0.864 0.406 0 0.005
0.864 0.52 0 0.005
0.865 0.393 0 0.005
0.866 0.318 0 0.005
0.866 0.929 0 0.005
0.867 0.127 0 0.005
0.867 0.244 0 0.005
0.867 0.976 0 0.005
0.868 0.508 0 0.005
0.872 0.5425 0 0.005
0.8857999999999999 0.5948 0 0.005
0.868 0.752 0 0.005
0.868 0.799 0 0.005
0.868 0.816 0 0.005
0.869 0.565 0 0.005
0.869 0.864 0 0.005
0.8725 0.905 0 0.005
0.87 0.213 0 0.005
0.87 0.357 0 0.005
0.87 0.38 0 0.005
0.87 0.678 0 0.005
0.8745 0.011 0 0.005
0.8765 0.1835 0 0.005
0.871 0.944 0 0.005
0.871 0.9957317073170732 0 0.005
0.872 0.063 0 0.005
0.872 0.079 0 0.005
0.8755 0.286 0 0.005
0.872 0.639 0 0.005
0.873 0.416 0 0.005
0.873 0.765 0 0.005
0.873 0.851 0 0.005
0.873 0.878 0 0.005
0.874 0.037 0 0.005
0.874 0.148 0 0.005
0.874 0.232 0 0.005
0.8765 0.6155 0 0.005
0.875 0.197 0 0.005
0.875 0.304 0 0.005
0.875 0.651 0 0.005
0.875 0.837 0 0.005
0.876 0.161 0 0.005
0.876 0.34 0 0.005
0.876 0.962 0 0.005
0.877 0.093 0 0.005
0.877 0.117 0 0.005
0.877 0.265 0 0.005
0.877 0.395 0 0.005
0.877 0.446 0 0.005
0.877 0.788 0 0.005
0.878 0.105 0 0.005
0.878 0.459 0 0.005
0.878 0.923 0 0.005
0.879 0.133 0 0.005
0.885 0.3175 0 0.005
0.88 0.5 0 0.005
0.88 0.577 0 0.005
0.88 0.89 0 0.005
0.881 0.667 0 0.005
0.8865 0.7 0 0.005
0.8865 0.7485 0 0.005
0.881 0.975 0 0.005
0.882 0.378 0 0.005
0.8875 0.4325 0 0.005
0.882 0.681 0 0.005
0.8865 0.865 0 0.005
0.883 0.023 0 0.005
0.883 0.212 0 0.005
0.883 0.252 0 0.005
0.883 0.517 0 0.005
0.883 0.737 0 0.005
0.884 0.774 0 0.005
0.884 0.822 0 0.005
0.884 0.991 0 0.005
0.885 0.064 0 0.005
0.889 0.4705 0 0.005
0.8885 0.0825 0 0.005
0.886 0.144 0 0.005
0.886 0.529 0 0.005
0.886 0.804 0 0.005
0.887 0.036 0 0.005
0.887 0.049 0 0.005
0.887 0.296 0 0.005
0.887 0.366 0 0.005
0.887 0.562 0 0.005
0.887 0.626 0 0.005
0.887 0.901 0 0.005
0.888 0.236 0 0.005
0.888 0.409 0 0.005
0.888 0.639 0 0.005
0.888 0.835 0 0.005
0.889 0.123 0 0.005
0.889 0.351 0 0.005
0.889 0.654 0 0.005
0.889 0.913 0 0.005
0.889 0.945 0 0.005
0.89 0.392 0 0.005
0.8935 0.487 0 0.005
0.89 0.847 0 0.005
0.89 0.931 0 0.005
0.901 0.20733333333333334 0 0.005
0.891 0.339 0 0.005
0.891 0.507 0 0.005
0.891 0.965 0 0.005
0.892 0.005 0 0.005
0.8966666666666666 0.2783333333333333 0 0.005
0.892 0.451 0 0.005
0.893 0.173 0 0.005
0.893 0.728 0 0.005
0.893 0.793 0 0.005
0.893 0.889 0 0.005
0.9043333333333333 0.15033333333333335 0 0.005
0.895 0.217 0 0.005
0.9005 0.426 0 0.005
0.895 0.549 0 0.005
0.895 0.582 0 0.005
0.8995 0.762 0 0.005
0.896 0.257 0 0.005
0.896 0.673 0 0.005
0.896 0.713 0 0.005
0.896 0.778 0 0.005
0.897 0.9967166666666667 0 0.005
0.898 0.069 0 0.005
0.898 0.099 0 0.005
0.898 0.518 0 0.005
0.898 0.532 0 0.005
0.899 0.185 0 0.005
0.899 0.305 0 0.005
0.899 0.327 0 0.005
0.899 0.566 0 0.005
0.899 0.856 0 0.005
0.9 0.036 0 0.005
0.9 0.239 0 0.005
0.9055 0.385 0 0.005
0.904 0.8126666666666666 0 0.005
0.9 0.838 0 0.005
0.9 0.982 0 0.005
0.901 0.111 0 0.005
0.9045 0.127 0 0.005
0.901 0.661 0 0.005
0.901 0.687 0 0.005
0.902 0.023 0 0.005
0.902 0.646 0 0.005
0.903 0.37 0 0.005
0.9103333333333333 0.6346666666666666 0 0.005
0.903 0.924 0 0.005
0.904 0.353 0 0.005
0.904 0.747 0 0.005
0.904 0.868 0 0.005
0.905 0.05 0 0.005
0.905 0.502 0 0.005
0.9095 0.72 0 0.005
0.9075 0.7835 0 0.005
0.905 0.884 0 0.005
0.905 0.964 0 0.005
0.906 0.316 0 0.005
0.907 0.011 0 0.005
0.9095 0.1695 0 0.005
0.907 0.49 0 0.005
0.908 0.227 0 0.005
0.908 0.249 0 0.005
0.908 0.337 0 0.005
0.908 0.413 0 0.005
0.9225 0.434 0 0.005
0.908 0.9 0 0.005
0.913 0.0815 0 0.005
0.909 0.401 0 0.005
0.909 0.457 0 0.005
0.909 0.588 0 0.005
0.9145 0.9425 0 0.005
0.91 0.293 0 0.005
0.91 0.533 0 0.005
0.911 0.262 0 0.005
0.911 0.56 0 0.005
0.911 0.575 0 0.005
0.912 0.61 0 0.005
0.912 0.674 0 0.005
0.913 0.545 0 0.005
0.913 0.687 0 0.005
0.913 0.702 0 0.005
0.914 0.063 0 0.005
0.914 0.108 0 0.005
0.914 0.194 0 0.005
0.914 0.477 0 0.005
0.9165 0.5135 0 0.005
0.914 0.662 0 0.005
0.915 0.281 0 0.005
0.915 0.367 0 0.005
0.9203333333333333 0.906 0 0.005
0.9185 0.0295 0 0.005
0.916 0.857 0 0.005
0.916 0.993 0 0.005
0.917 0.0027746478873239434 0 0.005
0.917 0.745 0 0.005
0.917 0.802 0 0.005
0.917 0.871 0 0.005
0.917 0.97 0 0.005
0.918 0.328 0 0.005
0.919 0.728 0 0.005
0.92 0.131 0 0.005
0.924 0.1585 0 0.005
0.92 0.595 0 0.005
0.92 0.885 0 0.005
0.921 0.491 0 0.005
0.921 0.768 0 0.005
0.921 0.842 0 0.005
0.922 0.306 0 0.005
0.922 0.341 0 0.005
0.922 0.413 0 0.005
0.9245 0.4505 0 0.005
0.922 0.627 0 0.005
0.922 0.783 0 0.005
0.922 0.826 0 0.005
0.922 0.928 0 0.005
0.923 0.052 0 0.005
0.923 0.119 0 0.005
0.924 0.013 0 0.005
0.924 0.176 0 0.005
0.9265 0.3615 0 0.005
0.924 0.468 0 0.005
0.924 0.558 0 0.005
0.925 0.073 0 0.005
0.925 0.255 0 0.005
0.926 0.212 0 0.005
0.926 0.401 0 0.005
0.926 0.674 0 0.005
0.9315 0.6945 0 0.005
0.926 0.704 0 0.005
0.9315 0.8165 0 0.005
0.927 0.231 0 0.005
0.927 0.243 0 0.005
0.927 0.53 0 0.005
0.927 0.615 0 0.005
0.928 0.268 0 0.005
0.928 0.658 0 0.005
0.928 0.951 0 0.005
0.932 0.0915 0 0.005
0.929 0.737 0 0.005
0.93 0.288 0 0.005
0.93 0.381 0 0.005
0.93 0.501 0 0.005
0.93 0.578 0 0.005
0.93 0.755 0 0.005
0.93 0.9957317073170732 0 0.005
0.931 0.0027746478873239434 0 0.005
0.931 0.025 0 0.005
0.931 0.321 0 0.005
0.931 0.717 0 0.005
0.932 0.593 0 0.005
0.932 0.881 0 0.005
0.935 0.8985 0 0.005
0.933 0.038 0 0.005
0.933 0.138 0 0.005
0.9385 0.641 0 0.005
0.939 0.8005 0 0.005
0.934 0.865 0 0.005
0.934 0.965 0 0.005
0.934 0.983 0 0.005
0.935 0.062 0 0.005
0.935 0.336 0 0.005
0.9405 0.4815 0 0.005
0.935 0.605 0 0.005
0.935 0.833 0 0.005
0.935 0.936 0 0.005
0.936 0.111 0 0.005
0.936 0.125 0 0.005
0.939 0.2255 0 0.005
0.936 0.301 0 0.005
0.936 0.353 0 0.005
0.936 0.562 0 0.005
0.937 0.166 0 0.005
0.937 0.194 0 0.005
0.937 0.512 0 0.005
0.938 0.014 0 0.005
0.9415 0.414 0 0.005
0.938 0.544 0 0.005
0.938 0.781 0 0.005
0.939 0.525 0 0.005
0.94 0.182 0 0.005
0.94 0.454 0 0.005
0.94 0.621 0 0.005
0.9445 0.666 0 0.005
0.94 0.681 0 0.005
0.94 0.729 0 0.005
0.9493333333333334 0.847 0 0.005
0.941 0.743 0 0.005
0.942 0.285 0 0.005
0.942 0.365 0 0.005
0.942 0.499 0 0.005
0.942 0.9952365591397849 0 0.005
0.943 0.58 0 0.005
0.943 0.92 0 0.005
0.944 0.075 0 0.005
0.944 0.467 0 0.005
0.945 0.049 0 0.005
0.945 0.39 0 0.005
0.947 0.248 0 0.005
0.947 0.265 0 0.005
0.9495 0.3355 0 0.005
0.947 0.709 0 0.005
0.947 0.937 0 0.005
0.948 0.003268292682926829 0 0.005
0.948 0.03 0 0.005
0.948 0.092 0 0.005
0.948 0.106 0 0.005
0.948 0.155 0 0.005
0.948 0.318 0 0.005
0.948 0.595 0 0.005
0.948 0.865 0 0.005
0.948 0.949 0 0.005
0.948 0.984 0 0.005
0.949 0.17 0 0.005
0.949 0.429 0 0.005
0.949 0.443 0 0.005
0.949 0.556 0 0.005
0.949 0.608 0 0.005
0.949 0.653 0 0.005
0.949 0.964 0 0.005
0.95 0.063 0 0.005
0.9545 0.124 0 0.005
0.95 0.216 0 0.005
0.95 0.766 0 0.005
0.95 0.904 0 0.005
0.951 0.199 0 0.005
0.951 0.754 0 0.005
0.9545 0.789 0 0.005
0.951 0.828 0 0.005
0.952 0.354 0 0.005
0.952 0.54 0 0.005
0.953 0.143 0 0.005
0.953 0.305 0 0.005
0.953 0.518 0 0.005
0.953 0.692 0 0.005
0.953 0.892 0 0.005
0.9585 0.183 0 0.005
0.954 0.288 0 0.005
0.955 0.372 0 0.005
0.9575 0.5895 0 0.005
0.956 0.018 0 0.005
0.956 0.077 0 0.005
0.959 0.2335 0 0.005
0.956 0.497 0 0.005
0.956 0.568 0 0.005
0.956 0.742 0 0.005
0.956 0.813 0 0.005
0.956 0.877 0 0.005
0.956 0.916 0 0.005
0.9615 0.384 0 0.005
0.957 0.62 0 0.005
0.958 0.72 0 0.005
0.96 0.054 0 0.005
0.96 0.407 0 0.005
0.96 0.485 0 0.005
0.96 0.645 0 0.005
0.9676666666666667 0.9256666666666666 0 0.005
0.96 0.983 0 0.005
0.96 0.9952365591397849 0 0.005
0.961 0.465 0 0.005
0.961 0.553 0 0.005
0.961 0.607 0 0.005
0.961 0.657 0 0.005
0.962 0.34 0 0.005
0.962 0.446 0 0.005
0.967 0.6295 0 0.005
0.962 0.767 0 0.005
0.963 0.007 0 0.005
0.9685 0.202 0 0.005
0.963 0.278 0 0.005
0.963 0.904 0 0.005
0.964 0.167 0 0.005
0.964 0.322 0 0.005
0.9693333333333334 0.358 0 0.005
0.964 0.426 0 0.005
0.964 0.755 0 0.005
0.964 0.867 0 0.005
0.964 0.957 0 0.005
0.965 0.042 0 0.005
0.965 0.067 0 0.005
0.9705 0.2145 0 0.005
0.9745 0.25825 0 0.005
0.965 0.672 0 0.005
0.965 0.969 0 0.005
0.966 0.301 0 0.005
0.966 0.537 0 0.005
0.966 0.576 0 0.005
0.966 0.698 0 0.005
0.967 0.025 0 0.005
0.968 0.085 0 0.005
0.968 0.502 0 0.005
0.968 0.885 0 0.005
0.969 0.148 0 0.005
0.969 0.394 0 0.005
0.969 0.524 0 0.005
0.969 0.711 0 0.005
0.97 0.098 0 0.005
0.97 0.289 0 0.005
0.97 0.81 0 0.005
0.971 0.111 0 0.005
0.971 0.738 0 0.005
0.971 0.777 0 0.005
0.972 0.127 0 0.005
0.972 0.724 0 0.005
0.972 0.994 0 0.005
0.973 0.605 0 0.005
0.973 0.829 0 0.005
0.978 0.4545 0 0.005
0.974 0.471 0 0.005
0.974 0.547 0 0.005
0.974 0.638 0 0.005
0.974 0.681 0 0.005
0.974 0.858 0 0.005
0.975 0.187 0 0.005
0.975 0.485 0 0.005
0.975 0.585 0 0.005
0.975 0.798 0 0.005
0.976 0.565 0 0.005
0.976 0.932 0 0.005
0.9795 0.0815 0 0.005
0.977 0.406 0 0.005
0.977 0.659 0 0.005
0.978 0.841 0 0.005
0.978 0.906 0 0.005
0.9845 0.95775 0 0.005
0.979 0.273 0 0.005
0.9862491349480969 0.38086851211072664 0 0.005
0.983 0.0365 0 0.005
0.98 0.235 0 0.005
0.983 0.3355 0 0.005
0.981 0.17 0 0.005
0.981 0.42 0 0.005
0.981 0.507 0 0.005
0.981 0.878 0 0.005
0.981 0.893 0 0.005
0.981 0.974 0 0.005
0.9866039603960396 0.007128712871287129 0 0.005
0.982 0.145 0 0.005
0.982 0.285 0 0.005
0.9873806228373702 0.3150795847750865 0 0.005
0.982 0.715 0 0.005
0.983 0.157 0 0.005
0.983 0.223 0 0.005
0.983 0.433 0 0.005
0.9885 0.692 0 0.005
0.984 0.054 0 0.005
0.984 0.118 0 0.005
0.984 0.784 0 0.005
0.989112540192926 0.8261543408360128 0 0.005
0.985 0.131 0 0.005
0.9897128712871287 0.3643019801980198 0 0.005
0.985 0.52 0 0.005
0.985 0.745 0 0.005
0.986 0.548 0 0.005
0.986 0.9957317073170732 0 0.005
0.987 0.2 0 0.005
0.990638888888889 0.7286333333333334 0 0.005
0.987 0.757 0 0.005
0.987 0.772 0 0.005
0.988 0.445 0 0.005
0.988 0.532 0 0.005
0.991094674556213 0.5787751479289941 0 0.005
0.988 0.593 0 0.005
0.988 0.615 0 0.005
0.9918250000000001 0.9305593750000001 0 0.005
0.9917345971563981 0.4953175355450237 0 0.005
0.99 0.097 0 0.005
0.991 0.249 0 0.005
0.991 0.406 0 0.005
0.991 0.469 0 0.005
0.992 0.659 0 0.005
0.9936666666666666 0.8516611111111112 0 0.005
0.993 0.02 0 0.005
0.993 0.166 0 0.005
0.993 0.278 0 0.005
0.993 0.394 0 0.005
0.993 0.811 0 0.005
0.993 0.979 0 0.005
0.994 0.11 0 0.005
0.994 0.644 0 0.005
0.994 0.795 0 0.005
0.994 0.884 0 0.005
0.994656862745098 0.184 0 0.005
0.9952365591397849 0.068 0 0.005
0.9952365591397849 0.231 0 0.005
0.9952365591397849 0.455 0 0.005
0.9952365591397849 0.631 0 0.005
0.9952365591397849 0.674 0 0.005
0.9952365591397849 0.701 0 0.005
0.9957317073170732 0.294 0 0.005
0.9957317073170732 0.43 0 0.005
0.9957317073170732 0.541 0 0.005
0.9957317073170732 0.558 0 0.005
0.9957317073170732 0.605 0 0.005
0.9957317073170732 0.903 0 0.005
0.996225352112676 0.037 0 0.005
0.996225352112676 0.152 0 0.005
0.996225352112676 0.216 0 0.005
0.9962051282051282 0.9966666666666666 0 0.005
0.9967166666666667 0.052 0 0.005
0.9967166666666667 0.083 0 0.005
0.9967166666666667 0.132 0 0.005
0.9967166666666667 0.202 0 0.005
0.9967166666666667 0.261 0 0.005
0.9967166666666667 0.309 0 0.005
0.9967166666666667 0.344 0 0.005
0.9967166666666667 0.418 0 0.005
0.9967166666666667 0.515 0 0.005
0.9967166666666667 0.746 0 0.005
0.9967166666666667 0.759 0 0.005
0.9967166666666667 0.777 0 0.005
0.9967166666666667 0.867 0 0.005
