0.004887323943661972 0.007387323943661972 0 0.005
0.003763440860215054 0.027 0 0.005
0.0027746478873239434 0.056 0 0.005
0.003268292682926829 0.073 0 0.005
0.0022833333333333334 0.092 0 0.005
0.0027746478873239434 0.121 0 0.005
0.00434313725490196 0.137 0 0.005
0.0022833333333333334 0.151 0 0.005
0.003268292682926829 0.203 0 0.005
0.003268292682926829 0.235 0 0.005
0.005 0.247 0 0.005
0.0065787965616045845 0.2738137535816619 0 0.005
0.003268292682926829 0.307 0 0.005
0.006374100719424461 0.329568345323741 0 0.005
0.003268292682926829 0.351 0 0.005
0.003268292682926829 0.368 0 0.005
0.0022833333333333334 0.398 0 0.005
0.005 0.41 0 0.005
0.00434313725490196 0.422 0 0.005
0.0022833333333333334 0.439 0 0.005
0.003763440860215054 0.481 0 0.005
0.007781990521327014 0.49816587677725116 0 0.005
0.0022833333333333334 0.51 0 0.005
0.012373702422145328 0.5277370242214533 0 0.005
0.0022833333333333334 0.543 0 0.005
0.0027746478873239434 0.562 0 0.005
0.0027746478873239434 0.577 0 0.005
0.003268292682926829 0.592 0 0.005
0.008821989528795812 0.6025759162303664 0 0.005
0.0027746478873239434 0.622 0 0.005
0.005 0.657 0 0.005
0.00836111111111111 0.6736333333333333 0 0.005
0.011863309352517986 0.6906258992805756 0 0.005
0.007905325443786982 0.7078698224852071 0 0.005
0.0022833333333333334 0.722 0 0.005
0.011056847545219638 0.7480284237726098 0 0.005
0.0027746478873239434 0.762 0 0.005
0.003763440860215054 0.781 0 0.005
0.003268292682926829 0.794 0 0.005
0.0022833333333333334 0.809 0 0.005
0.005 0.824 0 0.005
0.006390438247011952 0.8611792828685259 0 0.005
0.003268292682926829 0.881 0 0.005
0.005 0.93 0 0.005
0.003268292682926829 0.97 0 0.005
0.01 0.3795 0 0.005
0.006 0.463 0 0.005
0.006 0.893 0 0.005
0.006 0.913 0 0.005
0.006 0.947 0 0.005
0.007 0.176 0 0.005
0.0105 0.2175 0 0.005
0.008 0.987 0 0.005
0.008 0.9967166666666667 0 0.005
0.009 0.046 0 0.005
0.009 0.105 0 0.005
0.009 0.189 0 0.005
0.009 0.642 0 0.005
0.0125 0.841 0 0.005
0.01 0.161 0 0.005
0.01 0.451 0 0.005
0.011 0.293 0 0.005
0.011 0.771 0 0.005
0.0175 0.435 0 0.005
0.013 0.013 0 0.005
0.013 0.625 0 0.005
0.014 0.09 0 0.005
0.014 0.309 0 0.005
0.014 0.579 0 0.005
0.014 0.958 0 0.005
0.014 0.97 0 0.005
0.018 0.1215 0 0.005
0.015 0.613 0 0.005
0.019 0.0595 0 0.005
0.021 0.388 0 0.005
0.016 0.815 0 0.005
0.02 0.1445 0 0.005
0.017 0.363 0 0.005
0.017 0.557 0 0.005
0.02366666666666667 0.722 0 0.005
0.017 0.786 0 0.005
0.018 0.232 0 0.005
0.018 0.349 0 0.005
0.018 0.418 0 0.005
0.018 0.543 0 0.005
0.018 0.659 0 0.005
0.018 0.878 0 0.005
0.018 0.929 0 0.005
0.019 0.0027746478873239434 0 0.005
0.019 0.026 0 0.005
0.019 0.48 0 0.005
0.019 0.802 0 0.005
0.0245 0.204 0 0.005
0.02 0.91 0 0.005
0.021 0.18 0 0.005
0.021 0.89 0 0.005
0.0275 0.4505 0 0.005
0.026 0.8345 0 0.005
0.023 0.981 0 0.005
0.024 0.22 0 0.005
0.024 0.26 0 0.005
0.027 0.2845 0 0.005
0.024 0.466 0 0.005
0.024 0.519 0 0.005
0.024 0.589 0 0.005
0.025 0.078 0 0.005
0.025 0.248 0 0.005
0.025 0.507 0 0.005
0.025 0.628 0 0.005
0.0285 0.679 0 0.005
0.025 0.757 0 0.005
0.034 0.9493333333333334 0 0.005
0.026 0.102 0 0.005
0.026 0.336 0 0.005
0.026 0.573 0 0.005
0.026 0.867 0 0.005
0.026 0.994656862745098 0 0.005
0.027 0.016 0 0.005
0.027 0.167 0 0.005
0.027 0.409 0 0.005
0.027 0.491 0 0.005
0.027 0.769 0 0.005
0.028 0.302 0 0.005
0.028 0.851 0 0.005
0.029 0.322 0 0.005
0.029 0.782 0 0.005
0.03 0.037 0 0.005
0.03 0.901 0 0.005
0.03 0.962 0 0.005
0.031 0.003763440860215054 0 0.005
0.0405 0.124 0 0.005
0.031 0.192 0 0.005
0.031 0.35 0 0.005
0.031 0.421 0 0.005
0.031 0.643 0 0.005
0.031 0.742 0 0.005
0.032 0.233 0 0.005
0.032 0.546 0 0.005
0.0345 0.6045 0 0.005
0.032 0.663 0 0.005
0.033 0.091 0 0.005
0.033 0.18 0 0.005
0.039 0.3695 0 0.005
0.034 0.529 0 0.005
0.035 0.062 0 0.005
0.035 0.387 0 0.005
0.0405 0.4415 0 0.005
0.038 0.7965 0 0.005
0.035 0.816 0 0.005
0.035 0.885 0 0.005
0.035 0.923 0 0.005
0.036 0.221 0 0.005
0.037 0.075 0 0.005
0.04 0.2693333333333333 0 0.005
0.037 0.699 0 0.005
0.0405 0.752 0 0.005
0.04133333333333333 0.578 0 0.005
0.039 0.146 0 0.005
0.039 0.478 0 0.005
0.039 0.772 0 0.005
0.04 0.026 0 0.005
0.05275 0.163 0 0.005
0.04 0.405 0 0.005
0.04 0.557 0 0.005
0.04 0.996225352112676 0 0.005
0.041 0.334 0 0.005
0.041 0.464 0 0.005
0.04625 0.50425 0 0.005
0.04766666666666666 0.7153333333333334 0 0.005
0.041 0.832 0 0.005
0.041 0.97 0 0.005
0.042 0.014 0 0.005
0.042 0.1 0 0.005
0.046 0.2885 0 0.005
0.0445 0.3105 0 0.005
0.042 0.908 0 0.005
0.042 0.984 0 0.005
0.043 0.895 0 0.005
0.047 0.0395 0 0.005
0.044 0.203 0 0.005
0.044 0.239 0 0.005
0.044 0.43 0 0.005
0.049 0.6085 0 0.005
0.044 0.626 0 0.005
0.044 0.656 0 0.005
0.044 0.668 0 0.005
0.044 0.735 0 0.005
0.045 0.003268292682926829 0 0.005
0.0495 0.543 0 0.005
0.045 0.64 0 0.005
0.045 0.934 0 0.005
0.0515 0.2485 0 0.005
0.051 0.3585 0 0.005
0.046 0.861 0 0.005
0.047 0.183 0 0.005
0.0495 0.6945 0 0.005
0.058 0.22225 0 0.005
0.0505 0.8255 0 0.005
0.048 0.848 0 0.005
0.0505 0.8805 0 0.005
0.049 0.063 0 0.005
0.049 0.082 0 0.005
0.049 0.418 0 0.005
0.05 0.393 0 0.005
0.055 0.5625 0 0.005
0.051 0.144 0 0.005
0.0555 0.33 0 0.005
0.051 0.783 0 0.005
0.052 0.48 0 0.005
0.052 0.523 0 0.005
0.052 0.77 0 0.005
0.052 0.8 0 0.005
0.053 0.922 0 0.005
0.054 0.458 0 0.005
0.054 0.946 0 0.005
0.054 0.994 0 0.005
0.055 0.098 0 0.005
0.055 0.898 0 0.005
0.056 0.431 0 0.005
0.056 0.592 0 0.005
0.06 0.7515 0 0.005
0.057 0.017 0 0.005
0.057 0.13 0 0.005
0.057 0.259 0 0.005
0.057 0.347 0 0.005
0.061 0.4905 0 0.005
0.057 0.535 0 0.005
0.057 0.658 0 0.005
0.057 0.967 0 0.005
0.058 0.673 0 0.005
0.059 0.296 0 0.005
0.059 0.687 0 0.005
0.06 0.379 0 0.005
0.06 0.445 0 0.005
0.06 0.577 0 0.005
0.06 0.619 0 0.005
0.06 0.729 0 0.005
0.061 0.118 0 0.005
0.061 0.195 0 0.005
0.061 0.412 0 0.005
0.06666666666666667 0.835 0 0.005
0.061 0.911 0 0.005
0.062 0.052 0 0.005
0.062 0.284 0 0.005
0.063 0.005 0 0.005
0.063 0.812 0 0.005
0.063 0.937 0 0.005
0.064 0.075 0 0.005
0.064 0.27 0 0.005
0.064 0.312 0 0.005
0.064 0.634 0 0.005
0.064 0.7 0 0.005
0.064 0.855 0 0.005
0.064 0.981 0 0.005
0.065 0.031 0 0.005
0.065 0.145 0 0.005
0.065 0.183 0 0.005
0.066 0.088 0 0.005
0.0695 0.404 0 0.005
0.066 0.784 0 0.005
0.0726611111111111 0.9936666666666666 0 0.005
0.067 0.608 0 0.005
0.067 0.647 0 0.005
0.068 0.324 0 0.005
0.068 0.469 0 0.005
0.068 0.521 0 0.005
0.0725 0.708 0 0.005
0.0735 0.7975 0 0.005
0.068 0.882 0 0.005
0.072 0.9445 0 0.005
0.069 0.019 0 0.005
0.0725 0.503 0 0.005
0.069 0.869 0 0.005
0.069 0.961 0 0.005
0.07 0.102 0 0.005
0.07 0.127 0 0.005
0.07 0.245 0 0.005
0.0725 0.5395 0 0.005
0.07 0.568 0 0.005
0.07 0.769 0 0.005
0.071 0.062 0 0.005
0.071 0.217 0 0.005
0.071 0.357 0 0.005
0.071 0.421 0 0.005
0.071 0.586 0 0.005
0.071 0.685 0 0.005
0.07966666666666668 0.8906666666666666 0 0.005
0.0745 0.1975 0 0.005
0.072 0.258 0 0.005
0.072 0.372 0 0.005
0.072 0.441 0 0.005
0.072 0.624 0 0.005
0.072 0.665 0 0.005
0.073 0.344 0 0.005
0.073 0.729 0 0.005
0.073 0.744 0 0.005
0.07966666666666668 0.042 0 0.005
0.0795 0.17 0 0.005
0.0805 0.393 0 0.005
0.075 0.925 0 0.005
0.076 0.003763440860215054 0 0.005
0.076 0.457 0 0.005
0.077 0.141 0 0.005
0.077 0.852 0 0.005
0.078 0.299 0 0.005
0.078 0.597 0 0.005
0.079 0.073 0 0.005
0.079 0.085 0 0.005
0.0815 0.5505 0 0.005
0.079 0.613 0 0.005
0.082 0.6315 0 0.005
0.079 0.82 0 0.005
0.08 0.154 0 0.005
0.08 0.272 0 0.005
0.08 0.326 0 0.005
0.09 0.9696666666666667 0 0.005
0.081 0.023 0 0.005
0.081 0.234 0 0.005
0.081 0.313 0 0.005
0.085 0.4675 0 0.005
0.081 0.649 0 0.005
0.082 0.761 0 0.005
0.083 0.118 0 0.005
0.083 0.215 0 0.005
0.088 0.2825 0 0.005
0.084 0.434 0 0.005
0.0865 0.9075 0 0.005
0.085 0.34 0 0.005
0.085 0.355 0 0.005
0.085 0.582 0 0.005
0.085 0.774 0 0.005
0.086 0.525 0 0.005
0.0885 0.7445 0 0.005
0.087 0.13 0 0.005
0.087 0.408 0 0.005
0.087 0.568 0 0.005
0.087 0.687 0 0.005
0.087 0.72 0 0.005
0.092 0.8065 0 0.005
0.092 0.8655 0 0.005
0.0895 0.9535 0 0.005
0.088 0.421 0 0.005
0.088 0.485 0 0.005
0.088 0.505 0 0.005
0.091 0.8425 0 0.005
0.089 0.059 0 0.005
0.0935 0.187 0 0.005
0.089 0.371 0 0.005
0.089 0.384 0 0.005
0.089 0.66 0 0.005
0.09933333333333333 0.933 0 0.005
0.09 0.598 0 0.005
0.09 0.672 0 0.005
0.091 0.101 0 0.005
0.091 0.245 0 0.005
0.091 0.263 0 0.005
0.092 0.015 0 0.005
0.092 0.084 0 0.005
0.092 0.555 0 0.005
0.093 0.309 0 0.005
0.096 0.7115 0 0.005
0.094 0.204 0 0.005
0.094 0.447 0 0.005
0.094 0.785 0 0.005
0.095 0.994 0 0.005
0.096 0.115 0 0.005
0.1 0.1655 0 0.005
0.1015 0.233 0 0.005
0.096 0.431 0 0.005
0.096 0.541 0 0.005
0.10666666666666667 0.617 0 0.005
0.1 0.9095 0 0.005
0.097 0.003268292682926829 0 0.005
0.097 0.292 0 0.005
0.097 0.342 0 0.005
0.097 0.763 0 0.005
0.101 0.0295 0 0.005
0.108 0.149 0 0.005
0.101 0.3235 0 0.005
0.098 0.529 0 0.005
0.099 0.516 0 0.005
0.099 0.645 0 0.005
0.099 0.818 0 0.005
0.1 0.074 0 0.005
0.1 0.128 0 0.005
0.1 0.406 0 0.005
0.1 0.879 0 0.005
0.101 0.049 0 0.005
0.101 0.355 0 0.005
0.101 0.459 0 0.005
0.101 0.471 0 0.005
0.101 0.66 0 0.005
0.101 0.693 0 0.005
0.102 0.214 0 0.005
0.102 0.374 0 0.005
0.102 0.569 0 0.005
0.1065 0.597 0 0.005
0.10866666666666668 0.27 0 0.005
0.103 0.732 0 0.005
0.103 0.834 0 0.005
0.104 0.061 0 0.005
0.104 0.499 0 0.005
0.104 0.746 0 0.005
0.105 0.25 0 0.005
0.105 0.483 0 0.005
0.105 0.949 0 0.005
0.105 0.975 0 0.005
0.106 0.2 0 0.005
0.106 0.63 0 0.005
0.106 0.678 0 0.005
0.106 0.772 0 0.005
0.107 0.422 0 0.005
0.107 0.549 0 0.005
0.107 0.581 0 0.005
0.107 0.849 0 0.005
0.108 0.085 0 0.005
0.108 0.306 0 0.005
0.108 0.395 0 0.005
0.108 0.434 0 0.005
0.108 0.892 0 0.005
0.108 0.92 0 0.005
0.109 0.345 0 0.005
0.11 0.115 0 0.005
0.11 0.705 0 0.005
0.121 0.091 0 0.005
0.116 0.2205 0 0.005
0.111 0.294 0 0.005
0.111 0.516 0 0.005
0.111 0.718 0 0.005
0.112 0.007 0 0.005
0.11566666666666667 0.45566666666666666 0 0.005
0.112 0.802 0 0.005
0.112 0.864 0 0.005
0.112 0.96 0 0.005
0.113 0.761 0 0.005
0.113 0.785 0 0.005
0.113 0.822 0 0.005
0.113 0.994656862745098 0 0.005
0.114 0.05 0 0.005
0.114 0.19 0 0.005
0.115 0.035 0 0.005
0.115 0.137 0 0.005
0.1288 0.4036 0 0.005
0.115 0.531 0 0.005
0.12 0.6463333333333334 0 0.005
0.115 0.739 0 0.005
0.116 0.063 0 0.005
0.116 0.171 0 0.005
0.116 0.563 0 0.005
0.119 0.9075 0 0.005
0.117 0.321 0 0.005
0.117 0.479 0 0.005
0.117 0.67 0 0.005
0.12266666666666667 0.6833333333333333 0 0.005
0.118 0.022 0 0.005
0.118 0.386 0 0.005
0.118 0.835 0 0.005
0.1245 0.0725 0 0.005
0.119 0.25 0 0.005
0.119 0.498 0 0.005
0.119 0.547 0 0.005
0.119 0.948 0 0.005
0.12 0.336 0 0.005
0.12 0.368 0 0.005
0.12 0.852 0 0.005
0.12 0.973 0 0.005
0.121 0.237 0 0.005
0.121 0.272 0 0.005
0.121 0.426 0 0.005
0.121 0.438 0 0.005
0.122 0.12 0 0.005
0.122 0.203 0 0.005
0.122 0.874 0 0.005
0.123 0.104 0 0.005
0.123 0.29 0 0.005
0.123 0.514 0 0.005
0.123 0.925 0 0.005
0.124 0.354 0 0.005
0.124 0.581 0 0.005
0.124 0.725 0 0.005
0.124 0.778 0 0.005
0.12923888888888888 0.0077555555555555555 0 0.005
0.129 0.7555 0 0.005
0.126 0.598 0 0.005
0.126 0.707 0 0.005
0.13 0.801 0 0.005
0.126 0.961 0 0.005
0.126 0.994656862745098 0 0.005
0.127 0.535 0 0.005
0.127 0.739 0 0.005
0.1325 0.884 0 0.005
0.128 0.66 0 0.005
0.129 0.043 0 0.005
0.1345 0.308 0 0.005
0.129 0.843 0 0.005
0.13 0.027 0 0.005
0.135 0.4785 0 0.005
0.13366666666666666 0.936 0 0.005
0.131 0.262 0 0.005
0.131 0.389 0 0.005
0.131 0.492 0 0.005
0.131 0.693 0 0.005
0.132 0.549 0 0.005
0.132 0.825 0 0.005
0.1375 0.059 0 0.005
0.133 0.237 0 0.005
0.133 0.374 0 0.005
0.13755 0.9846633333333333 0 0.005
0.14675 0.1455 0 0.005
0.1395 0.186 0 0.005
0.134 0.219 0 0.005
0.134 0.325 0 0.005
0.134 0.338 0 0.005
0.134 0.46 0 0.005
0.134 0.561 0 0.005
0.134 0.631 0 0.005
0.134 0.899 0 0.005
0.135 0.169 0 0.005
0.135 0.362 0 0.005
0.135 0.513 0 0.005
0.1375 0.6045 0 0.005
0.135 0.716 0 0.005
0.135 0.913 0 0.005
0.136 0.157 0 0.005
0.136 0.28 0 0.005
0.1415 0.865 0 0.005
0.137 0.199 0 0.005
0.137 0.428 0 0.005
0.137 0.775 0 0.005
0.138 0.103 0 0.005
0.138 0.442 0 0.005
0.138 0.525 0 0.005
0.138 0.587 0 0.005
0.138 0.704 0 0.005
0.138 0.729 0 0.005
0.138 0.788 0 0.005
0.139 0.292 0 0.005
0.139 0.851 0 0.005
0.14 0.128 0 0.005
0.14 0.251 0 0.005
0.151 0.35233333333333333 0 0.005
0.14 0.652 0 0.005
0.14 0.961 0 0.005
0.141 0.537 0 0.005
0.141 0.572 0 0.005
0.141 0.741 0 0.005
0.142 0.077 0 0.005
0.142 0.116 0 0.005
0.143 0.0027746478873239434 0 0.005
0.143 0.263 0 0.005
0.143 0.382 0 0.005
0.143 0.494 0 0.005
0.143 0.685 0 0.005
0.143 0.762 0 0.005
0.144 0.469 0 0.005
0.145 0.235 0 0.005
0.149 0.8325 0 0.005
0.146 0.023 0 0.005
0.146 0.329 0 0.005
0.146 0.673 0 0.005
0.146 0.814 0 0.005
0.147 0.414 0 0.005
0.147 0.457 0 0.005
0.147 0.61 0 0.005
0.147 0.716 0 0.005
0.148 0.276 0 0.005
0.148 0.622 0 0.005
0.148 0.933 0 0.005
0.149 0.038 0 0.005
0.1545 0.5505 0 0.005
0.149 0.637 0 0.005
0.149 0.801 0 0.005
0.149 0.921 0 0.005
0.15 0.167 0 0.005
0.1525 0.2085 0 0.005
0.1545 0.449 0 0.005
0.162 0.4985 0 0.005
0.15 0.527 0 0.005
0.15 0.785 0 0.005
0.151 0.1 0 0.005
0.151 0.948 0 0.005
0.151 0.977 0 0.005
0.152 0.085 0 0.005
0.152 0.563 0 0.005
0.157 0.8795 0 0.005
0.152 0.902 0 0.005
0.153 0.368 0 0.005
0.153 0.483 0 0.005
0.154 0.067 0 0.005
0.154 0.126 0 0.005
0.154 0.587 0 0.005
0.154 0.703 0 0.005
0.154 0.773 0 0.005
0.155 0.003763440860215054 0 0.005
0.155 0.053 0 0.005
0.155 0.226 0 0.005
0.155 0.338 0 0.005
0.1676 0.6427999999999999 0 0.005
0.156 0.112 0 0.005
0.156 0.308 0 0.005
0.156 0.433 0 0.005
0.156 0.665 0 0.005
0.156 0.962 0 0.005
0.157 0.296 0 0.005
0.157 0.47 0 0.005
0.157 0.9967166666666667 0 0.005
0.158 0.183 0 0.005
0.158 0.261 0 0.005
0.158 0.32 0 0.005
0.158 0.421 0 0.005
0.158 0.602 0 0.005
0.158 0.683 0 0.005
0.159 0.026 0 0.005
0.159 0.249 0 0.005
0.159 0.614 0 0.005
0.159 0.753 0 0.005
0.16 0.573 0 0.005
0.16 0.808 0 0.005
0.161 0.196 0 0.005
0.1665 0.7305 0 0.005
0.161 0.845 0 0.005
0.161 0.862 0 0.005
0.162 0.397 0 0.005
0.162 0.525 0 0.005
0.162 0.537 0 0.005
0.162 0.795 0 0.005
0.162 0.924 0 0.005
0.163 0.783 0 0.005
0.16866666666666666 0.896 0 0.005
0.1675 0.977 0 0.005
0.164 0.385 0 0.005
0.165 0.042 0 0.005
0.165 0.085 0 0.005
0.1685 0.161 0 0.005
0.165 0.409 0 0.005
0.165 0.765 0 0.005
0.166 0.097 0 0.005
0.166 0.277 0 0.005
0.166 0.696 0 0.005
0.17266666666666666 0.02 0 0.005
0.167 0.716 0 0.005
0.168 0.003763440860215054 0 0.005
0.168 0.125 0 0.005
0.172 0.2295 0 0.005
0.168 0.513 0 0.005
0.178 0.3646666666666667 0 0.005
0.169 0.563 0 0.005
0.169 0.667 0 0.005
0.1805 0.94475 0 0.005
0.17 0.144 0 0.005
0.17 0.185 0 0.005
0.17 0.258 0 0.005
0.17 0.305 0 0.005
0.17 0.588 0 0.005
0.17 0.6 0 0.005
0.171 0.211 0 0.005
0.171 0.246 0 0.005
0.171 0.289 0 0.005
0.171 0.322 0 0.005
0.17873333333333333 0.9912033333333333 0 0.005
0.172 0.055 0 0.005
0.175 0.5455 0 0.005
0.172 0.75 0 0.005
0.172 0.807 0 0.005
0.172 0.821 0 0.005
0.172 0.835 0 0.005
0.173 0.336 0 0.005
0.173 0.439 0 0.005
0.174 0.46 0 0.005
0.174 0.473 0 0.005
0.174 0.774 0 0.005
0.174 0.96 0 0.005
0.175 0.074 0 0.005
0.175 0.348 0 0.005
0.175 0.527 0 0.005
0.175 0.62 0 0.005
0.175 0.789 0 0.005
0.176 0.109 0 0.005
0.176 0.421 0 0.005
0.177 0.678 0 0.005
0.1795 0.7125 0 0.005
0.19419999999999998 0.8563999999999999 0 0.005
0.177 0.881 0 0.005
0.178 0.091 0 0.005
0.178 0.388 0 0.005
0.178 0.404 0 0.005
0.178 0.575 0 0.005
0.178 0.914 0 0.005
0.179 0.691 0 0.005
0.1845 0.7465 0 0.005
0.185 0.1895 0 0.005
0.181 0.449 0 0.005
0.182 0.253 0 0.005
0.182 0.509 0 0.005
0.182 0.93 0 0.005
0.183 0.039 0 0.005
0.183 0.173 0 0.005
0.188 0.2825 0 0.005
0.183 0.299 0 0.005
0.183 0.867 0 0.005
0.184 0.139 0 0.005
0.189 0.2105 0 0.005
0.184 0.317 0 0.005
0.184 0.483 0 0.005
0.184 0.496 0 0.005
0.184 0.973 0 0.005
0.185 0.12 0 0.005
0.1885 0.67 0 0.005
0.186 0.153 0 0.005
0.186 0.267 0 0.005
0.186 0.467 0 0.005
0.186 0.559 0 0.005
0.187 0.006 0 0.005
0.187 0.057 0 0.005
0.195 0.074 0 0.005
0.187 0.6 0 0.005
0.19533333333333333 0.7803333333333333 0 0.005
0.187 0.807 0 0.005
0.19925 0.094 0 0.005
0.189 0.585 0 0.005
0.189 0.648 0 0.005
0.19 0.347 0 0.005
0.19 0.437 0 0.005
0.19 0.826 0 0.005
0.19 0.889 0 0.005
0.19 0.903 0 0.005
0.194 0.0265 0 0.005
0.191 0.239 0 0.005
0.19666666666666666 0.373 0 0.005
0.191 0.396 0 0.005
0.2056 0.43 0 0.005
0.191 0.573 0 0.005
0.191 0.62 0 0.005
0.192 0.226 0 0.005
0.192 0.333 0 0.005
0.1945 0.7145 0 0.005
0.193 0.308 0 0.005
0.193 0.408 0 0.005
0.197 0.4495 0 0.005
0.193 0.687 0 0.005
0.193 0.917 0 0.005
0.194 0.875 0 0.005
0.194 0.929 0 0.005
0.194 0.965 0 0.005
0.198 0.0495 0 0.005
0.195 0.522 0 0.005
0.19933333333333333 0.5426666666666666 0 0.005
0.196 0.32 0 0.005
0.196 0.501 0 0.005
0.196 0.768 0 0.005
0.196 0.98 0 0.005
0.197 0.165 0 0.005
0.197 0.489 0 0.005
0.197 0.799 0 0.005
0.206 0.11425 0 0.005
0.198 0.259 0 0.005
0.2015 0.6045 0 0.005
0.199 0.64 0 0.005
0.199 0.743 0 0.005
0.2 0.469 0 0.005
0.2035 0.1985 0 0.005
0.201 0.292 0 0.005
0.201 0.654 0 0.005
0.201 0.9957317073170732 0 0.005
0.202 0.387 0 0.005
0.202 0.892 0 0.005
0.203 0.145 0 0.005
0.203 0.245 0 0.005
0.2115 0.34425 0 0.005
0.203 0.4 0 0.005
0.203 0.572 0 0.005
0.203 0.755 0 0.005
0.204 0.178 0 0.005
0.204 0.584 0 0.005
0.204 0.704 0 0.005
0.208 0.8435 0 0.005
0.21433333333333335 0.8976666666666666 0 0.005
0.205 0.676 0 0.005
0.205 0.73 0 0.005
0.206 0.008 0 0.005
0.206 0.69 0 0.005
0.2115 0.817 0 0.005
0.206 0.827 0 0.005
0.206 0.917 0 0.005
0.2085 0.9655 0 0.005
0.2125 0.235 0 0.005
0.207 0.271 0 0.005
0.207 0.457 0 0.005
0.2125 0.22 0 0.005
0.208 0.481 0 0.005
0.208 0.497 0 0.005
0.208 0.519 0 0.005
0.208 0.929 0 0.005
0.208 0.946 0 0.005
0.209 0.023 0 0.005
0.209 0.035 0 0.005
0.209 0.158 0 0.005
0.21166666666666667 0.3136666666666667 0 0.005
0.209 0.799 0 0.005
0.21 0.256 0 0.005
0.21 0.555 0 0.005
0.21 0.983 0 0.005
0.2145 0.37 0 0.005
0.212 0.469 0 0.005
0.215 0.5905 0 0.005
0.212 0.624 0 0.005
0.212 0.882 0 0.005
0.213 0.288 0 0.005
0.2175 0.712 0 0.005
0.222 0.7406 0 0.005
0.2185 0.073 0 0.005
0.215 0.146 0 0.005
0.215 0.189 0 0.005
0.215 0.645 0 0.005
0.215 0.663 0 0.005
0.216 0.61 0 0.005
0.2185 0.7855 0 0.005
0.217 0.767 0 0.005
0.218 0.134 0 0.005
0.218 0.389 0 0.005
0.2215 0.504 0 0.005
0.218 0.532 0 0.005
0.218 0.566 0 0.005
0.218 0.696 0 0.005
0.219 0.172 0 0.005
0.22866666666666666 0.215 0 0.005
0.219 0.403 0 0.005
0.224 0.0535 0 0.005
0.2245 0.681 0 0.005
0.22966666666666666 0.9033333333333333 0 0.005
0.221 0.0027746478873239434 0 0.005
0.221 0.031 0 0.005
0.221 0.486 0 0.005
0.221 0.808 0 0.005
0.221 0.837 0 0.005
0.22606435643564357 0.9929504950495049 0 0.005
0.222 0.014 0 0.005
0.23133333333333334 0.12866666666666665 0 0.005
0.2275 0.4145 0 0.005
0.222 0.976 0 0.005
0.23 0.3576666666666667 0 0.005
0.223 0.867 0 0.005
0.224 0.262 0 0.005
0.224 0.327 0 0.005
0.224 0.466 0 0.005
0.2265 0.6055 0 0.005
0.224 0.879 0 0.005
0.225 0.43 0 0.005
0.225 0.941 0 0.005
0.225 0.953 0 0.005
0.226 0.25 0 0.005
0.2315 0.2765 0 0.005
0.227 0.157 0 0.005
0.227 0.288 0 0.005
0.227 0.544 0 0.005
0.227 0.557 0 0.005
0.233 0.3185 0 0.005
0.228 0.925 0 0.005
0.229 0.094 0 0.005
0.232 0.2355 0 0.005
0.229 0.303 0 0.005
0.229 0.449 0 0.005
0.229 0.523 0 0.005
0.229 0.65 0 0.005
0.236 0.8166666666666667 0 0.005
0.23 0.191 0 0.005
0.23 0.663 0 0.005
0.231 0.023 0 0.005
0.231 0.203 0 0.005
0.24133333333333334 0.5755 0 0.005
0.231 0.757 0 0.005
0.232 0.631 0 0.005
0.233 0.783 0 0.005
0.233 0.847 0 0.005
0.24109467455621303 0.004680473372781065 0 0.005
0.234 0.372 0 0.005
0.24033333333333334 0.481 0 0.005
0.237 0.5035 0 0.005
0.24 0.7116666666666667 0 0.005
0.234 0.975 0 0.005
0.2375 0.0715 0 0.005
0.235 0.389 0 0.005
0.235 0.697 0 0.005
0.24066666666666667 0.866 0 0.005
0.235 0.962 0 0.005
0.236 0.175 0 0.005
0.236 0.262 0 0.005
0.236 0.341 0 0.005
0.236 0.534 0 0.005
0.237 0.105 0 0.005
0.237 0.117 0 0.005
0.237 0.148 0 0.005
0.237 0.428 0 0.005
0.237 0.797 0 0.005
0.237 0.882 0 0.005
0.237 0.941 0 0.005
0.238 0.598 0 0.005
0.238 0.917 0 0.005
0.25 0.46366666666666667 0 0.005
0.239 0.769 0 0.005
0.24 0.038 0 0.005
0.2455 0.676 0 0.005
0.241 0.089 0 0.005
0.241 0.16 0 0.005
0.241 0.445 0 0.005
0.241 0.521 0 0.005
0.2445 0.981 0 0.005
0.2455 0.655 0 0.005
0.243 0.402 0 0.005
0.243 0.55 0 0.005
0.244 0.051 0 0.005
0.244 0.199 0 0.005
0.244 0.29 0 0.005
0.244 0.616 0 0.005
0.249 0.0255 0 0.005
0.2505 0.415 0 0.005
0.245 0.637 0 0.005
0.245 0.9967166666666667 0 0.005
0.2485 0.7815 0 0.005
0.247 0.241 0 0.005
0.2525 0.301 0 0.005
0.247 0.822 0 0.005
0.247 0.93 0 0.005
0.247 0.957 0 0.005
0.2525 0.838 0 0.005
0.249 0.106 0 0.005
0.25839999999999996 0.1752 0 0.005
0.249 0.212 0 0.005
0.2545 0.25 0 0.005
0.249 0.278 0 0.005
0.249 0.35 0 0.005
0.2515 0.3715 0 0.005
0.249 0.693 0 0.005
0.249 0.733 0 0.005
0.249 0.904 0 0.005
0.25 0.147 0 0.005
0.25 0.745 0 0.005
0.25 0.944 0 0.005
0.251 0.075 0 0.005
0.251 0.228 0 0.005
0.255 0.3365 0 0.005
0.251 0.759 0 0.005
0.252 0.266 0 0.005
0.252 0.391 0 0.005
0.252 0.511 0 0.005
0.252 0.541 0 0.005
0.252 0.605 0 0.005
0.253 0.134 0 0.005
0.253 0.319 0 0.005
0.2555 0.4485 0 0.005
0.253 0.798 0 0.005
0.253 0.884 0 0.005
0.254 0.122 0 0.005
0.254 0.43 0 0.005
0.254 0.523 0 0.005
0.254 0.989 0 0.005
0.2605 0.0565 0 0.005
0.255 0.497 0 0.005
0.256 0.044 0 0.005
0.256 0.094 0 0.005
0.257 0.618 0 0.005
0.257 0.644 0 0.005
0.271 0.6975 0 0.005
0.2704 0.494 0 0.005
0.258 0.631 0 0.005
0.259 0.554 0 0.005
0.259 0.827 0 0.005
0.2623333333333333 0.9196666666666666 0 0.005
0.26 0.959 0 0.005
0.2635 0.0205 0 0.005
0.261 0.658 0 0.005
0.261 0.722 0 0.005
0.261 0.856 0 0.005
0.261 0.868 0 0.005
0.261 0.895 0 0.005
0.262 0.0022833333333333334 0 0.005
0.262 0.216 0 0.005
0.262 0.735 0 0.005
0.263 0.282 0 0.005
0.263 0.688 0 0.005
0.263 0.747 0 0.005
0.2696611111111111 0.9942722222222222 0 0.005
0.2665 0.4045 0 0.005
0.264 0.598 0 0.005
0.264 0.761 0 0.005
0.265 0.111 0 0.005
0.265 0.566 0 0.005
0.265 0.776 0 0.005
0.265 0.791 0 0.005
0.265 0.809 0 0.005
0.266 0.14 0 0.005
0.27 0.6715 0 0.005
0.267 0.202 0 0.005
0.267 0.269 0 0.005
0.267 0.443 0 0.005
0.267 0.942 0 0.005
0.267 0.974 0 0.005
0.268 0.038 0 0.005
0.268 0.099 0 0.005
0.268 0.229 0 0.005
0.268 0.353 0 0.005
0.268 0.53 0 0.005
0.2705 0.8785 0 0.005
0.269 0.171 0 0.005
0.269 0.314 0 0.005
0.269 0.365 0 0.005
0.269 0.61 0 0.005
0.269 0.841 0 0.005
0.2755 0.3265 0 0.005
0.27 0.38 0 0.005
0.27 0.579 0 0.005
0.276 0.6483333333333333 0 0.005
0.271 0.544 0 0.005
0.271 0.903 0 0.005
0.277 0.0875 0 0.005
0.2775 0.252 0 0.005
0.2775 0.6285 0 0.005
0.273 0.07 0 0.005
0.273 0.425 0 0.005
0.2755 0.4585 0 0.005
0.274 0.0027746478873239434 0 0.005
0.274 0.121 0 0.005
0.274 0.732 0 0.005
0.275 0.297 0 0.005
0.2785 0.1425 0 0.005
0.276 0.16 0 0.005
0.281 0.5805 0 0.005
0.276 0.746 0 0.005
0.276 0.825 0 0.005
0.282 0.8515 0 0.005
0.277 0.013 0 0.005
0.277 0.718 0 0.005
0.278 0.049 0 0.005
0.278 0.966 0 0.005
0.283 0.5236666666666666 0 0.005
0.279 0.706 0 0.005
0.279 0.936 0 0.005
0.279 0.951 0 0.005
0.2895 0.97625 0 0.005
0.28 0.212 0 0.005
0.28 0.282 0 0.005
0.28 0.35 0 0.005
0.28 0.392 0 0.005
0.283 0.4715 0 0.005
0.28 0.556 0 0.005
0.28 0.763 0 0.005
0.28 0.779 0 0.005
0.281 0.404 0 0.005
0.281 0.439 0 0.005
0.281 0.798 0 0.005
0.286 0.1675 0 0.005
0.282 0.378 0 0.005
0.282 0.616 0 0.005
0.283 0.224 0 0.005
0.283 0.336 0 0.005
0.283 0.811 0 0.005
0.283 0.891 0 0.005
0.283 0.903 0 0.005
0.284 0.189 0 0.005
0.285 0.27 0 0.005
0.285 0.542 0 0.005
0.286 0.0022833333333333334 0 0.005
0.286 0.028 0 0.005
0.286 0.312 0 0.005
0.287 0.201 0 0.005
0.287 0.298 0 0.005
0.2977142857142857 0.6447142857142857 0 0.005
0.2925 0.675 0 0.005
0.287 0.921 0 0.005
0.29533333333333334 0.11766666666666667 0 0.005
0.288 0.237 0 0.005
0.29633333333333334 0.35933333333333334 0 0.005
0.288 0.509 0 0.005
0.288 0.734 0 0.005
0.2945 0.602 0 0.005
0.291 0.04 0 0.005
0.291 0.15 0 0.005
0.304 0.7098333333333333 0 0.005
0.291 0.875 0 0.005
0.292 0.062 0 0.005
0.292 0.417 0 0.005
0.292 0.696 0 0.005
0.292 0.765 0 0.005
0.293 0.074 0 0.005
0.293 0.214 0 0.005
0.293 0.403 0 0.005
0.293 0.746 0 0.005
0.293 0.796 0 0.005
0.293 0.819 0 0.005
0.293 0.831 0 0.005
0.294 0.175 0 0.005
0.294 0.325 0 0.005
0.294 0.955 0 0.005
0.3005 0.0165 0 0.005
0.295 0.135 0 0.005
0.295 0.256 0 0.005
0.3046666666666667 0.2713333333333333 0 0.005
0.295 0.391 0 0.005
0.3 0.4295 0 0.005
0.295 0.446 0 0.005
0.295 0.482 0 0.005
0.295 0.906 0 0.005
0.3016611111111111 0.9942722222222222 0 0.005
0.296 0.585 0 0.005
0.3033333333333333 0.779 0 0.005
0.297 0.554 0 0.005
0.297 0.862 0 0.005
0.298 0.341 0 0.005
0.298 0.498 0 0.005
0.298 0.93 0 0.005
0.299 0.051 0 0.005
0.299 0.375 0 0.005
0.299 0.537 0 0.005
0.3 0.086 0 0.005
0.3 0.099 0 0.005
0.3093333333333333 0.19033333333333335 0 0.005
0.3 0.233 0 0.005
0.3 0.51 0 0.005
0.3 0.942 0 0.005
0.305 0.0355 0 0.005
0.3065 0.2925 0 0.005
0.305 0.5765 0 0.005
0.305 0.1635 0 0.005
0.303 0.895 0 0.005
0.304 0.0022833333333333334 0 0.005
0.304 0.144 0 0.005
0.304 0.207 0 0.005
0.305 0.401 0 0.005
0.305 0.523 0 0.005
0.305 0.832 0 0.005
0.3085 0.0575 0 0.005
0.306 0.311 0 0.005
0.306 0.323 0 0.005
0.306 0.461 0 0.005
0.306 0.844 0 0.005
0.306 0.98 0 0.005
0.307 0.075 0 0.005
0.307 0.874 0 0.005
0.3251428571428572 0.484 0 0.005
0.308 0.807 0 0.005
0.309 0.25 0 0.005
0.309 0.737 0 0.005
0.31 0.222 0 0.005
0.321 0.3373333333333333 0 0.005
0.31 0.447 0 0.005
0.31 0.593 0 0.005
0.31 0.667 0 0.005
0.31 0.819 0 0.005
0.31 0.917 0 0.005
0.3155 0.796 0 0.005
0.315 0.1195 0 0.005
0.317 0.5125 0 0.005
0.312 0.545 0 0.005
0.312 0.687 0 0.005
0.312 0.941 0 0.005
0.317 0.5725 0 0.005
0.313 0.754 0 0.005
0.313 0.967 0 0.005
0.314 0.417 0 0.005
0.3195 0.926 0 0.005
0.314 0.954 0 0.005
0.315 0.101 0 0.005
0.3175 0.1605 0 0.005
0.315 0.39 0 0.005
0.315 0.606 0 0.005
0.315 0.633 0 0.005
0.326 0.862 0 0.005
0.316 0.0027746478873239434 0 0.005
0.316 0.089 0 0.005
0.316 0.142 0 0.005
0.319 0.2135 0 0.005
0.316 0.619 0 0.005
0.317 0.371 0 0.005
0.317 0.832 0 0.005
0.318 0.353 0 0.005
0.318 0.844 0 0.005
0.318 0.985 0 0.005
0.318 0.9957317073170732 0 0.005
0.319 0.068 0 0.005
0.319 0.231 0 0.005
0.319 0.284 0 0.005
0.319 0.326 0 0.005
0.32875 0.45625 0 0.005
0.319 0.655 0 0.005
0.32 0.019 0 0.005
0.323 0.8906666666666666 0 0.005
0.327 0.0415 0 0.005
0.33066666666666666 0.4246666666666667 0 0.005
0.321 0.77 0 0.005
0.322 0.243 0 0.005
0.3275 0.3105 0 0.005
0.322 0.818 0 0.005
0.3265 0.562 0 0.005
0.324 0.298 0 0.005
0.324 0.529 0 0.005
0.324 0.787 0 0.005
0.3275 0.1175 0 0.005
0.325 0.255 0 0.005
0.3305 0.6725 0 0.005
0.325 0.724 0 0.005
0.325 0.966 0 0.005
0.3285 0.0855 0 0.005
0.326 0.267 0 0.005
0.326 0.399 0 0.005
0.326 0.503 0 0.005
0.326 0.543 0 0.005
0.327 0.411 0 0.005
0.327 0.597 0 0.005
0.327 0.704 0 0.005
0.327 0.736 0 0.005
0.328 0.911 0 0.005
0.3345 0.013 0 0.005
0.329 0.38 0 0.005
0.329 0.617 0 0.005
0.329 0.69 0 0.005
0.329 0.829 0 0.005
0.329 0.935 0 0.005
0.329 0.951 0 0.005
0.33 0.366 0 0.005
0.3413333333333333 0.7613333333333334 0 0.005
0.33544999999999997 0.9924555555555555 0 0.005
0.331 0.175 0 0.005
0.331 0.206 0 0.005
0.334 0.2905 0 0.005
0.331 0.639 0 0.005
0.332 0.847 0 0.005
0.34275 0.1615 0 0.005
0.333 0.348 0 0.005
0.333 0.585 0 0.005
0.333 0.977 0 0.005
0.334 0.513 0 0.005
0.334 0.8 0 0.005
0.3395 0.81 0 0.005
0.335 0.552 0 0.005
0.336 0.136 0 0.005
0.3385 0.6535 0 0.005
0.336 0.879 0 0.005
0.337 0.056 0 0.005
0.3405 0.111 0 0.005
0.3441666666666667 0.219 0 0.005
0.337 0.605 0 0.005
0.338 0.189 0 0.005
0.342 0.4445 0 0.005
0.338 0.785 0 0.005
0.339 0.068 0 0.005
0.339 0.27 0 0.005
0.339 0.704 0 0.005
0.339 0.733 0 0.005
0.34 0.321 0 0.005
0.34 0.406 0 0.005
0.34 0.912 0 0.005
0.3465 0.2555 0 0.005
0.341 0.717 0 0.005
0.342 0.0027746478873239434 0 0.005
0.342 0.373 0 0.005
0.342 0.62 0 0.005
0.342 0.893 0 0.005
0.342 0.924 0 0.005
0.35525 0.026 0 0.005
0.346 0.0465 0 0.005
0.343 0.094 0 0.005
0.343 0.392 0 0.005
0.348 0.5605 0 0.005
0.35133333333333333 0.966 0 0.005
0.3465 0.5385 0 0.005
0.344 0.576 0 0.005
0.344 0.84 0 0.005
0.3495 0.599 0 0.005
0.345 0.823 0 0.005
0.345 0.854 0 0.005
0.346 0.081 0 0.005
0.346 0.307 0 0.005
0.346 0.352 0 0.005
0.346 0.951 0 0.005
0.3515 0.636 0 0.005
0.347 0.691 0 0.005
0.3515 0.79 0 0.005
0.347 0.938 0 0.005
0.353 0.1475 0 0.005
0.349 0.292 0 0.005
0.3545 0.658 0 0.005
0.3545 0.237 0 0.005
0.35 0.34 0 0.005
0.353 0.4355 0 0.005
0.35 0.673 0 0.005
0.351 0.277 0 0.005
0.351 0.502 0 0.005
0.351 0.728 0 0.005
0.351 0.992 0 0.005
0.355 0.1815 0 0.005
0.3545 0.3885 0 0.005
0.353 0.324 0 0.005
0.3555 0.4585 0 0.005
0.353 0.476 0 0.005
0.356 0.8765 0 0.005
0.354 0.0027746478873239434 0 0.005
0.36375 0.1035 0 0.005
0.355 0.13 0 0.005
0.3585 0.369 0 0.005
0.355 0.517 0 0.005
0.3575 0.6205 0 0.005
0.355 0.744 0 0.005
0.36 0.9055 0 0.005
0.356 0.409 0 0.005
0.356 0.715 0 0.005
0.357 0.265 0 0.005
0.357 0.531 0 0.005
0.357 0.569 0 0.005
0.361 0.5875 0 0.005
0.364 0.8246666666666667 0 0.005
0.358 0.089 0 0.005
0.358 0.842 0 0.005
0.358 0.95 0 0.005
0.364 0.4175 0 0.005
0.359 0.703 0 0.005
0.359 0.854 0 0.005
0.36333333333333334 0.05433333333333334 0 0.005
0.36 0.309 0 0.005
0.36 0.938 0 0.005
0.3665 0.353 0 0.005
0.361 0.543 0 0.005
0.361 0.686 0 0.005
0.3655 0.925 0 0.005
0.363 0.22 0 0.005
0.363 0.731 0 0.005
0.363 0.806 0 0.005
0.372 0.201 0 0.005
0.364 0.283 0 0.005
0.364 0.669 0 0.005
0.365 0.466 0 0.005
0.365 0.498 0 0.005
0.365 0.757 0 0.005
0.37417625899280577 0.9930179856115108 0 0.005
0.366 0.485 0 0.005
0.367 0.005 0 0.005
0.367 0.075 0 0.005
0.367 0.158 0 0.005
0.367 0.248 0 0.005
0.367 0.298 0 0.005
0.367 0.511 0 0.005
0.367 0.56 0 0.005
0.367 0.744 0 0.005
0.367 0.885 0 0.005
0.368 0.778 0 0.005
0.369 0.261 0 0.005
0.369 0.332 0 0.005
0.369 0.616 0 0.005
0.369 0.711 0 0.005
0.37 0.453 0 0.005
0.37 0.577 0 0.005
0.37 0.604 0 0.005
0.375 0.1425 0 0.005
0.371 0.699 0 0.005
0.371 0.949 0 0.005
0.371 0.965 0 0.005
0.3845 0.1685 0 0.005
0.376 0.2335 0 0.005
0.375 0.4295 0 0.005
0.377 0.6405 0 0.005
0.372 0.657 0 0.005
0.372 0.849 0 0.005
0.372 0.898 0 0.005
0.373 0.524 0 0.005
0.373 0.543 0 0.005
0.373 0.977 0 0.005
0.374 0.315 0 0.005
0.379 0.3883333333333333 0 0.005
0.375 0.687 0 0.005
0.379 0.7855 0 0.005
0.3785 0.866 0 0.005
0.376 0.031 0 0.005
0.376 0.126 0 0.005
0.376 0.288 0 0.005
0.376 0.802 0 0.005
0.377 0.592 0 0.005
0.377 0.673 0 0.005
0.377 0.723 0 0.005
0.377 0.764 0 0.005
0.377 0.91 0 0.005
0.379 0.113 0 0.005
0.379 0.274 0 0.005
0.379 0.489 0 0.005
0.379 0.502 0 0.005
0.383 0.8205 0 0.005
0.379 0.838 0 0.005
0.38 0.053 0 0.005
0.38 0.066 0 0.005
0.3845 0.55 0 0.005
0.381 0.259 0 0.005
0.381 0.301 0 0.005
0.381 0.367 0 0.005
0.3865 0.413 0 0.005
0.381 0.474 0 0.005
0.382 0.081 0 0.005
0.382 0.332 0 0.005
0.382 0.456 0 0.005
0.382 0.576 0 0.005
0.382 0.738 0 0.005
0.383 0.014 0 0.005
0.383 0.221 0 0.005
0.383 0.928 0 0.005
0.3885 0.945 0 0.005
0.384 0.656 0 0.005
0.388 0.7005 0 0.005
0.384 0.751 0 0.005
0.39366666666666666 0.888 0 0.005
0.385 0.041 0 0.005
0.39 0.3475 0 0.005
0.385 0.632 0 0.005
0.385 0.96 0 0.005
0.386 0.097 0 0.005
0.3925 0.193 0 0.005
0.387 0.525 0 0.005
0.388 0.0022833333333333334 0 0.005
0.388 0.178 0 0.005
0.388 0.283 0 0.005
0.388 0.605 0 0.005
0.388 0.684 0 0.005
0.389 0.512 0 0.005
0.389 0.62 0 0.005
0.389 0.801 0 0.005
0.389 0.902 0 0.005
0.389 0.975 0 0.005
0.3925 0.0235 0 0.005
0.39 0.317 0 0.005
0.39 0.428 0 0.005
0.39 0.443 0 0.005
0.39 0.672 0 0.005
0.3935 0.865 0 0.005
0.391 0.487 0 0.005
0.391 0.591 0 0.005
0.391 0.766 0 0.005
0.392 0.119 0 0.005
0.392 0.14 0 0.005
0.392 0.241 0 0.005
0.392 0.399 0 0.005
0.392 0.848 0 0.005
0.393 0.296 0 0.005
0.394 0.107 0 0.005
0.394 0.369 0 0.005
0.394 0.461 0 0.005
0.394 0.579 0 0.005
0.395 0.229 0 0.005
0.40675 0.71875 0 0.005
0.4 0.7925 0 0.005
0.395 0.932 0 0.005
0.396 0.266 0 0.005
0.396 0.385 0 0.005
0.396 0.754 0 0.005
0.396 0.834 0 0.005
0.396 0.994656862745098 0 0.005
0.397 0.04 0 0.005
0.397 0.559 0 0.005
0.397 0.916 0 0.005
0.398 0.053 0 0.005
0.398 0.089 0 0.005
0.398 0.211 0 0.005
0.398 0.645 0 0.005
0.398 0.735 0 0.005
0.398 0.966 0 0.005
0.399 0.254 0 0.005
0.399 0.497 0 0.005
0.4035 0.664 0 0.005
0.399 0.809 0 0.005
0.4 0.338 0 0.005
0.4 0.522 0 0.005
0.4 0.686 0 0.005
0.401 0.077 0 0.005
0.405 0.6265 0 0.005
0.402 0.441 0 0.005
0.402 0.821 0 0.005
0.403 0.065 0 0.005
0.404 0.151 0 0.005
0.404 0.287 0 0.005
0.404 0.311 0 0.005
0.404 0.472 0 0.005
0.404 0.485 0 0.005
0.404 0.539 0 0.005
0.405 0.006 0 0.005
0.405 0.121 0 0.005
0.405 0.137 0 0.005
0.405 0.608 0 0.005
0.405 0.699 0 0.005
0.405 0.776 0 0.005
0.406 0.102 0 0.005
0.406 0.326 0 0.005
0.406 0.371 0 0.005
0.406 0.414 0 0.005
0.406 0.956 0 0.005
0.407 0.185 0 0.005
0.4095 0.2195 0 0.005
0.4115 0.277 0 0.005
0.407 0.551 0 0.005
0.407 0.858 0 0.005
0.407 0.881 0 0.005
0.407 0.984 0 0.005
0.408 0.299 0 0.005
0.408 0.389 0 0.005
0.408 0.575 0 0.005
0.408 0.595 0 0.005
0.408 0.907 0 0.005
0.408 0.9967166666666667 0 0.005
0.409 0.17 0 0.005
0.409 0.762 0 0.005
0.41 0.02 0 0.005
0.41 0.032 0 0.005
0.41 0.43 0 0.005
0.41 0.507 0 0.005
0.41 0.92 0 0.005
0.41 0.932 0 0.005
0.411 0.044 0 0.005
0.411 0.402 0 0.005
0.411 0.456 0 0.005
0.411 0.969 0 0.005
0.412 0.354 0 0.005
0.412 0.807 0 0.005
0.413 0.242 0 0.005
0.413 0.261 0 0.005
0.413 0.684 0 0.005
0.413 0.846 0 0.005
0.414 0.442 0 0.005
0.414 0.744 0 0.005
0.418 0.7915 0 0.005
0.414 0.822 0 0.005
0.414 0.834 0 0.005
0.414 0.894 0 0.005
0.415 0.653 0 0.005
0.416 0.202 0 0.005
0.416 0.31 0 0.005
0.416 0.341 0 0.005
0.4195 0.384 0 0.005
0.416 0.478 0 0.005
0.416 0.491 0 0.005
0.4195 0.94 0 0.005
0.417 0.009 0 0.005
0.417 0.116 0 0.005
0.4225 0.5455 0 0.005
0.418 0.147 0 0.005
0.423 0.3185 0 0.005
0.418 0.705 0 0.005
0.419 0.133 0 0.005
0.419 0.162 0 0.005
0.419 0.521 0 0.005
0.419 0.559 0 0.005
0.42 0.057 0 0.005
0.4225 0.8555 0 0.005
0.42 0.959 0 0.005
0.421 0.086 0 0.005
0.421 0.415 0 0.005
0.421 0.596 0 0.005
0.421 0.631 0 0.005
0.421 0.668 0 0.005
0.421 0.775 0 0.005
0.422 0.074 0 0.005
0.422 0.427 0 0.005
0.422 0.618 0 0.005
0.422 0.693 0 0.005
0.422 0.731 0 0.005
0.422 0.873 0 0.005
0.43139999999999995 0.9608 0 0.005
0.422 0.9957317073170732 0 0.005
0.423 0.458 0 0.005
0.424 0.184 0 0.005
0.424 0.575 0 0.005
0.424 0.906 0 0.005
0.425 0.026 0 0.005
0.425 0.261 0 0.005
0.425 0.808 0 0.005
0.4305 0.917 0 0.005
0.426 0.231 0 0.005
0.426 0.439 0 0.005
0.426 0.889 0 0.005
0.4295 0.2845 0 0.005
0.427 0.302 0 0.005
0.4318 0.3578 0 0.005
0.4315 0.749 0 0.005
0.428 0.249 0 0.005
0.428 0.485 0 0.005
0.428 0.654 0 0.005
0.428 0.821 0 0.005
0.429 0.102 0 0.005
0.4345 0.6435 0 0.005
0.429 0.837 0 0.005
0.43 0.005 0 0.005
0.43 0.117 0 0.005
0.43 0.706 0 0.005
0.431 0.043 0 0.005
0.431 0.136 0 0.005
0.431 0.148 0 0.005
0.431 0.215 0 0.005
0.431 0.472 0 0.005
0.431 0.51 0 0.005
0.432 0.196 0 0.005
0.432 0.498 0 0.005
0.437 0.3325 0 0.005
0.433 0.414 0 0.005
0.433 0.606 0 0.005
0.433 0.865 0 0.005
0.434 0.4 0 0.005
0.434 0.53 0 0.005
0.434 0.589 0 0.005
0.4365 0.8005 0 0.005
0.434 0.9967166666666667 0 0.005
0.435 0.164 0 0.005
0.435 0.453 0 0.005
0.435 0.564 0 0.005
0.4375 0.7265 0 0.005
0.435 0.879 0 0.005
0.436 0.431 0 0.005
0.436 0.683 0 0.005
0.436 0.763 0 0.005
0.4425 0.269 0 0.005
0.437 0.618 0 0.005
0.437 0.782 0 0.005
0.437 0.926 0 0.005
0.4405 0.0315 0 0.005
0.438 0.379 0 0.005
0.442 0.6625 0 0.005
0.439 0.072 0 0.005
0.439 0.631 0 0.005
0.439 0.9 0 0.005
0.44 0.127 0 0.005
0.44 0.179 0 0.005
0.44 0.485 0 0.005
0.44 0.98 0 0.005
0.441 0.013 0 0.005
0.441 0.091 0 0.005
0.441 0.252 0 0.005
0.441 0.318 0 0.005
0.441 0.855 0 0.005
0.442 0.057 0 0.005
0.442 0.465 0 0.005
0.442 0.553 0 0.005
0.447 0.59 0 0.005
0.442 0.702 0 0.005
0.447 0.8385 0 0.005
0.446 0.2895 0 0.005
0.448 0.2145 0 0.005
0.444 0.233 0 0.005
0.444 0.541 0 0.005
0.445 0.0022833333333333334 0 0.005
0.445 0.391 0 0.005
0.445 0.416 0 0.005
0.445 0.441 0 0.005
0.4495 0.525 0 0.005
0.446 0.108 0 0.005
0.4485 0.1475 0 0.005
0.446 0.889 0 0.005
0.4505 0.197 0 0.005
0.447 0.508 0 0.005
0.447 0.565 0 0.005
0.447 0.822 0 0.005
0.447 0.87 0 0.005
0.4515 0.95 0 0.005
0.448 0.169 0 0.005
0.4525 0.432 0 0.005
0.459 0.621 0 0.005
0.449 0.751 0 0.005
0.449 0.913 0 0.005
0.449 0.966 0 0.005
0.45 0.307 0 0.005
0.45 0.352 0 0.005
0.453 0.3735 0 0.005
0.45 0.477 0 0.005
0.461 0.7183333333333334 0 0.005
0.45 0.793 0 0.005
0.451 0.403 0 0.005
0.451 0.493 0 0.005
0.451 0.806 0 0.005
0.46066666666666667 0.901 0 0.005
0.452 0.129 0 0.005
0.452 0.672 0 0.005
0.453 0.079 0 0.005
0.453 0.647 0 0.005
0.453 0.684 0 0.005
0.453 0.93 0 0.005
0.453 0.984 0 0.005
0.454 0.028 0 0.005
0.454 0.052 0 0.005
0.454 0.465 0 0.005
0.454 0.847 0 0.005
0.455 0.332 0 0.005
0.455 0.449 0 0.005
0.455 0.549 0 0.005
0.46 0.6385 0 0.005
0.455 0.773 0 0.005
0.456 0.256 0 0.005
0.456 0.9952365591397849 0 0.005
0.4615 0.175 0 0.005
0.4692 0.0206 0 0.005
0.458 0.064 0 0.005
0.4615 0.09 0 0.005
0.458 0.117 0 0.005
0.464 0.22866666666666666 0 0.005
0.459 0.418 0 0.005
0.459 0.503 0 0.005
0.459 0.735 0 0.005
0.46 0.293 0 0.005
0.461 0.591 0 0.005
0.461 0.699 0 0.005
0.461 0.875 0 0.005
0.461 0.958 0 0.005
0.462 0.039 0 0.005
0.462 0.191 0 0.005
0.462 0.317 0 0.005
0.462 0.479 0 0.005
0.462 0.861 0 0.005
0.463 0.783 0 0.005
0.464 0.357 0 0.005
0.464 0.404 0 0.005
0.464 0.579 0 0.005
0.464 0.803 0 0.005
0.464 0.831 0 0.005
0.465 0.27 0 0.005
0.465 0.759 0 0.005
0.466 0.127 0 0.005
0.466 0.14 0 0.005
0.466 0.156 0 0.005
0.466 0.205 0 0.005
0.466 0.392 0 0.005
0.466 0.656 0 0.005
0.466 0.67 0 0.005
0.466 0.687 0 0.005
0.4705 0.743 0 0.005
0.466 0.97 0 0.005
0.4725 0.2495 0 0.005
0.467 0.344 0 0.005
0.467 0.376 0 0.005
0.467 0.462 0 0.005
0.467 0.513 0 0.005
0.471 0.5385 0 0.005
0.467 0.559 0 0.005
0.468 0.818 0 0.005
0.472 0.9225 0 0.005
0.468 0.988 0 0.005
0.469 0.606 0 0.005
0.469 0.845 0 0.005
0.47 0.328 0 0.005
0.477 0.949 0 0.005
0.471 0.056 0 0.005
0.471 0.111 0 0.005
0.471 0.304 0 0.005
0.47433333333333333 0.4236666666666667 0 0.005
0.471 0.496 0 0.005
0.473 0.289 0 0.005
0.473 0.775 0 0.005
0.473 0.794 0 0.005
0.474 0.099 0 0.005
0.474 0.445 0 0.005
0.478 0.7035 0 0.005
0.474 0.861 0 0.005
0.474 0.891 0 0.005
0.475 0.0027746478873239434 0 0.005
0.476 0.068 0 0.005
0.476 0.196 0 0.005
0.476 0.361 0 0.005
0.48975 0.13 0 0.005
0.478 0.16 0 0.005
0.488 0.263 0 0.005
0.482 0.5635 0 0.005
0.478 0.67 0 0.005
0.478 0.836 0 0.005
0.478 0.879 0 0.005
0.479 0.477 0 0.005
0.479 0.506 0 0.005
0.479 0.518 0 0.005
0.479 0.637 0 0.005
0.479 0.807 0 0.005
0.48 0.209 0 0.005
0.484 0.4065 0 0.005
0.48 0.593 0 0.005
0.485 0.6835 0 0.005
0.48 0.754 0 0.005
0.4855 0.349 0 0.005
0.481 0.62 0 0.005
0.481 0.655 0 0.005
0.481 0.993 0 0.005
0.482 0.184 0 0.005
0.4875 0.4865 0 0.005
0.482 0.53 0 0.005
0.4875 0.824 0 0.005
0.482 0.972 0 0.005
0.483 0.231 0 0.005
0.483 0.318 0 0.005
0.483 0.333 0 0.005
0.484 0.078 0 0.005
0.484 0.11 0 0.005
0.484 0.384 0 0.005
0.484 0.608 0 0.005
0.484 0.912 0 0.005
0.485 0.049 0 0.005
0.485 0.372 0 0.005
0.485 0.579 0 0.005
0.486 0.008 0 0.005
0.486 0.032 0 0.005
0.489 0.1665 0 0.005
0.486 0.452 0 0.005
0.486 0.778 0 0.005
0.487 0.281 0 0.005
0.487 0.855 0 0.005
0.488 0.244 0 0.005
0.488 0.299 0 0.005
0.488 0.468 0 0.005
0.4935 0.725 0 0.005
0.4935 0.738 0 0.005
0.488 0.868 0 0.005
0.488 0.925 0 0.005
0.4915 0.4295 0 0.005
0.4986666666666667 0.545 0 0.005
0.49 0.793 0 0.005
0.49 0.886 0 0.005
0.49 0.898 0 0.005
0.491 0.666 0 0.005
0.491 0.709 0 0.005
0.491 0.842 0 0.005
0.492 0.096 0 0.005
0.4965 0.596 0 0.005
0.4975 0.6455 0 0.005
0.492 0.763 0 0.005
0.4975 0.9405 0 0.005
0.5 0.38666666666666666 0 0.005
0.493 0.635 0 0.005
0.493 0.985 0 0.005
0.494 0.148 0 0.005
0.494 0.34 0 0.005
0.494 0.696 0 0.005
0.494 0.813 0 0.005
0.495 0.061 0 0.005
0.496 0.019 0 0.005
0.5015 0.214 0 0.005
0.499 0.2345 0 0.005
0.496 0.497 0 0.005
0.496 0.511 0 0.005
0.496 0.526 0 0.005
0.496 0.915 0 0.005
0.496 0.955 0 0.005
0.496 0.97 0 0.005
0.497 0.048 0 0.005
0.497 0.195 0 0.005
0.497 0.369 0 0.005
0.50325 0.57275 0 0.005
0.5083333333333333 0.7783333333333333 0 0.005
0.499 0.449 0 0.005
0.499 0.612 0 0.005
0.499 0.9957317073170732 0 0.005
0.5 0.328 0 0.005
0.5 0.861 0 0.005
0.5046161137440759 0.009331753554502371 0 0.005
0.5035 0.0785 0 0.005
0.501 0.285 0 0.005
0.501 0.747 0 0.005
0.501 0.878 0 0.005
0.502 0.273 0 0.005
0.505 0.4635 0 0.005
0.508 0.1715 0 0.005
0.503 0.354 0 0.005
0.503 0.655 0 0.005
0.503 0.667 0 0.005
0.503 0.892 0 0.005
0.504 0.037 0 0.005
0.504 0.158 0 0.005
0.504 0.314 0 0.005
0.504 0.931 0 0.005
0.505 0.097 0 0.005
0.505 0.115 0 0.005
0.505 0.797 0 0.005
0.505 0.834 0 0.005
0.505 0.904 0 0.005
0.506 0.143 0 0.005
0.506 0.438 0 0.005
0.515 0.5053333333333333 0 0.005
0.5135 0.7035 0 0.005
0.508 0.847 0 0.005
0.51425 0.98375 0 0.005
0.5135 0.421 0 0.005
0.509 0.714 0 0.005
0.509 0.761 0 0.005
0.51 0.255 0 0.005
0.51 0.405 0 0.005
0.5163333333333334 0.6373333333333334 0 0.005
0.511 0.3 0 0.005
0.511 0.365 0 0.005
0.511 0.525 0 0.005
0.516 0.6086666666666666 0 0.005
0.515 0.6795 0 0.005
0.511 0.962 0 0.005
0.512 0.026 0 0.005
0.5155 0.199 0 0.005
0.516 0.4885 0 0.005
0.512 0.863 0 0.005
0.513 0.328 0 0.005
0.513 0.749 0 0.005
0.5155 0.8015 0 0.005
0.514 0.243 0 0.005
0.514 0.345 0 0.005
0.514 0.823 0 0.005
0.515 0.875 0 0.005
0.515 0.924 0 0.005
0.5185 0.0465 0 0.005
0.516 0.132 0 0.005
0.516 0.155 0 0.005
0.516 0.551 0 0.005
0.519 0.7255 0 0.005
0.521 0.8905 0 0.005
0.517 0.23 0 0.005
0.517 0.391 0 0.005
0.518 0.064 0 0.005
0.518 0.282 0 0.005
0.518 0.446 0 0.005
0.518 0.907 0 0.005
0.522 0.9505 0 0.005
0.519 0.661 0 0.005
0.52 0.082 0 0.005
0.52 0.458 0 0.005
0.521 0.11 0 0.005
0.521 0.375 0 0.005
0.521 0.569 0 0.005
0.521 0.583 0 0.005
0.5245 0.834 0 0.005
0.522 0.003763440860215054 0 0.005
0.522 0.016 0 0.005
0.522 0.265 0 0.005
0.522 0.358 0 0.005
0.522 0.855 0 0.005
0.523 0.185 0 0.005
0.523 0.474 0 0.005
0.523 0.523 0 0.005
0.5285 0.094 0 0.005
0.524 0.219 0 0.005
0.524 0.253 0 0.005
0.524 0.335 0 0.005
0.525 0.41 0 0.005
0.525 0.76 0 0.005
0.525 0.81 0 0.005
0.526 0.028 0 0.005
0.529 0.3195 0 0.005
0.526 0.97 0 0.005
0.527 0.544 0 0.005
0.531 0.9175 0 0.005
0.528 0.172 0 0.005
0.529 0.056 0 0.005
0.529 0.298 0 0.005
0.529 0.393 0 0.005
0.529 0.694 0 0.005
0.529 0.734 0 0.005
0.529 0.874 0 0.005
0.53 0.431 0 0.005
0.53 0.79 0 0.005
0.531 0.068 0 0.005
0.531 0.125 0 0.005
0.531 0.148 0 0.005
0.531 0.66 0 0.005
0.531 0.681 0 0.005
0.532 0.279 0 0.005
0.532 0.464 0 0.005
0.532 0.601 0 0.005
0.5383333333333333 0.9346666666666666 0 0.005
0.533 0.04 0 0.005
0.533 0.492 0 0.005
0.533 0.709 0 0.005
0.533 0.778 0 0.005
0.534 0.233 0 0.005
0.534 0.452 0 0.005
0.534 0.589 0 0.005
0.534 0.637 0 0.005
0.535 0.533 0 0.005
0.535 0.556 0 0.005
0.535 0.616 0 0.005
0.535 0.851 0 0.005
0.536 0.193 0 0.005
0.536 0.221 0 0.005
0.5403333333333333 0.354 0 0.005
0.536 0.379 0 0.005
0.541 0.4145 0 0.005
0.536 0.721 0 0.005
0.5385 0.9835 0 0.005
0.537 0.019 0 0.005
0.5425 0.2105 0 0.005
0.537 0.515 0 0.005
0.537 0.746 0 0.005
0.537 0.758 0 0.005
0.537 0.838 0 0.005
0.538 0.108 0 0.005
0.538 0.164 0 0.005
0.5415 0.261 0 0.005
0.538 0.649 0 0.005
0.538 0.807 0 0.005
0.539 0.476 0 0.005
0.54 0.007 0 0.005
0.54 0.179 0 0.005
0.54 0.289 0 0.005
0.54 0.568 0 0.005
0.541 0.31 0 0.005
0.541 0.899 0 0.005
0.542 0.057 0 0.005
0.542 0.396 0 0.005
0.542 0.435 0 0.005
0.55075 0.87175 0 0.005
0.542 0.958 0 0.005
0.5485 0.141 0 0.005
0.553 0.781 0 0.005
0.544 0.6 0 0.005
0.544 0.769 0 0.005
0.545 0.488 0 0.005
0.545 0.501 0 0.005
0.545 0.706 0 0.005
0.546 0.086 0 0.005
0.551 0.6685 0 0.005
0.547 0.341 0 0.005
0.547 0.454 0 0.005
0.547 0.537 0 0.005
0.547 0.584 0 0.005
0.548 0.071 0 0.005
0.548 0.124 0 0.005
0.548 0.525 0 0.005
0.548 0.82 0 0.005
0.548 0.99 0 0.005
0.549 0.026 0 0.005
0.549 0.733 0 0.005
0.5545 0.8445 0 0.005
0.55 0.165 0 0.005
0.55 0.188 0 0.005
0.55 0.241 0 0.005
0.55 0.551 0 0.005
0.55 0.686 0 0.005
0.55 0.72 0 0.005
0.55 0.749 0 0.005
0.55 0.911 0 0.005
0.551 0.111 0 0.005
0.551 0.321 0 0.005
0.551 0.384 0 0.005
0.552 0.045 0 0.005
0.552 0.279 0 0.005
0.552 0.615 0 0.005
0.552 0.632 0 0.005
0.556 0.6485 0 0.005
0.553 0.798 0 0.005
0.553 0.977 0 0.005
0.554 0.2 0 0.005
0.554 0.225 0 0.005
0.554 0.572 0 0.005
0.565 0.9703333333333334 0 0.005
0.555 0.097 0 0.005
0.5605 0.2895 0 0.005
0.555 0.372 0 0.005
0.555 0.432 0 0.005
0.5715 0.5175 0 0.005
0.56 0.9285 0 0.005
0.5615 0.061 0 0.005
0.556 0.896 0 0.005
0.556 0.948 0 0.005
0.562 0.3945 0 0.005
0.56 0.4945 0 0.005
0.557 0.811 0 0.005
0.558 0.155 0 0.005
0.558 0.332 0 0.005
0.558 0.464 0 0.005
0.558 0.591 0 0.005
0.559 0.007 0 0.005
0.559 0.178 0 0.005
0.559 0.261 0 0.005
0.559 0.829 0 0.005
0.56 0.418 0 0.005
0.56 0.856 0 0.005
0.561 0.357 0 0.005
0.5665 0.4735 0 0.005
0.561 0.532 0 0.005
0.562 0.31 0 0.005
0.562 0.345 0 0.005
0.562 0.702 0 0.005
0.562 0.718 0 0.005
0.562 0.734 0 0.005
0.5675 0.991 0 0.005
0.563 0.021 0 0.005
0.563 0.107 0 0.005
0.563 0.248 0 0.005
0.563 0.546 0 0.005
0.563 0.622 0 0.005
0.564 0.234 0 0.005
0.5768 0.45339999999999997 0 0.005
0.564 0.609 0 0.005
0.572 0.9086666666666666 0 0.005
0.565 0.122 0 0.005
0.565 0.688 0 0.005
0.566 0.078 0 0.005
0.566 0.136 0 0.005
0.566 0.799 0 0.005
0.567 0.037 0 0.005
0.567 0.565 0 0.005
0.567 0.654 0 0.005
0.567 0.883 0 0.005
0.568 0.169 0 0.005
0.568 0.369 0 0.005
0.568 0.406 0 0.005
0.568 0.634 0 0.005
0.568 0.666 0 0.005
0.568 0.946 0 0.005
0.569 0.051 0 0.005
0.569 0.197 0 0.005
0.569 0.324 0 0.005
0.569 0.488 0 0.005
0.57 0.213 0 0.005
0.5755 0.961 0 0.005
0.571 0.776 0 0.005
0.571 0.833 0 0.005
0.576 0.0095 0 0.005
0.572 0.578 0 0.005
0.572 0.753 0 0.005
0.5765 0.269 0 0.005
0.573 0.741 0 0.005
0.5755 0.8145 0 0.005
0.574 0.094 0 0.005
0.574 0.298 0 0.005
0.574 0.31 0 0.005
0.5775 0.357 0 0.005
0.574 0.533 0 0.005
0.575 0.027 0 0.005
0.575 0.107 0 0.005
0.575 0.181 0 0.005
0.575 0.424 0 0.005
0.582 0.5453333333333333 0 0.005
0.5806666666666667 0.625 0 0.005
0.576 0.251 0 0.005
0.576 0.677 0 0.005
0.576 0.856 0 0.005
0.582 0.1255 0 0.005
0.5795 0.2265 0 0.005
0.577 0.335 0 0.005
0.578 0.14 0 0.005
0.578 0.152 0 0.005
0.578 0.398 0 0.005
0.578 0.604 0 0.005
0.581 0.7235 0 0.005
0.578 0.844 0 0.005
0.578 0.927 0 0.005
0.579 0.591 0 0.005
0.5845 0.045 0 0.005
0.58 0.067 0 0.005
0.58 0.691 0 0.005
0.58 0.87 0 0.005
0.581 0.169 0 0.005
0.581 0.323 0 0.005
0.581 0.706 0 0.005
0.585 0.7605 0 0.005
0.586 0.2815 0 0.005
0.582 0.882 0 0.005
0.583 0.377 0 0.005
0.5885 0.5015 0 0.005
0.583 0.649 0 0.005
0.583 0.788 0 0.005
0.583 0.897 0 0.005
0.583 0.949 0 0.005
0.584 0.414 0 0.005
0.5895 0.078 0 0.005
0.585 0.242 0 0.005
0.585 0.574 0 0.005
0.5894240837696335 0.008821989528795812 0 0.005
0.586 0.199 0 0.005
0.586 0.302 0 0.005
0.586 0.744 0 0.005
0.587 0.476 0 0.005
0.587 0.825 0 0.005
0.5956666666666667 0.035333333333333335 0 0.005
0.588 0.102 0 0.005
0.588 0.115 0 0.005
0.589 0.187 0 0.005
0.5935 0.437 0 0.005
0.589 0.665 0 0.005
0.59 0.842 0 0.005
0.59 0.974 0 0.005
0.59 0.987 0 0.005
0.59 0.9967166666666667 0 0.005
0.591 0.212 0 0.005
0.591 0.315 0 0.005
0.591 0.589 0 0.005
0.591 0.606 0 0.005
0.5945 0.679 0 0.005
0.591 0.803 0 0.005
0.5984285714285714 0.35414285714285715 0 0.005
0.592 0.772 0 0.005
0.5945 0.8595 0 0.005
0.592 0.92 0 0.005
0.593 0.908 0 0.005
0.594 0.141 0 0.005
0.594 0.224 0 0.005
0.594 0.263 0 0.005
0.594 0.489 0 0.005
0.595 0.403 0 0.005
0.595 0.632 0 0.005
0.595 0.644 0 0.005
0.595 0.727 0 0.005
0.595 0.941 0 0.005
0.606 0.085 0 0.005
0.596 0.786 0 0.005
0.596 0.889 0 0.005
0.597 0.386 0 0.005
0.598 0.154 0 0.005
0.598 0.175 0 0.005
0.603 0.1945 0 0.005
0.598 0.251 0 0.005
0.598 0.539 0 0.005
0.598 0.701 0 0.005
0.598 0.957 0 0.005
0.599 0.061 0 0.005
0.6025 0.296 0 0.005
0.599 0.567 0 0.005
0.599 0.715 0 0.005
0.599 0.83 0 0.005
0.599 0.876 0 0.005
0.6 0.552 0 0.005
0.605 0.115 0 0.005
0.601 0.236 0 0.005
0.601 0.423 0 0.005
0.602 0.278 0 0.005
0.6065 0.751 0 0.005
0.602 0.994656862745098 0 0.005
0.61375 0.222 0 0.005
0.603 0.456 0 0.005
0.603 0.516 0 0.005
0.6065 0.666 0 0.005
0.6055 0.7995 0 0.005
0.6085 0.692 0 0.005
0.604 0.766 0 0.005
0.604 0.916 0 0.005
0.605 0.528 0 0.005
0.6075 0.8985 0 0.005
0.609 0.9775 0 0.005
0.6095502958579883 0.0053254437869822485 0 0.005
0.606 0.023 0 0.005
0.606 0.143 0 0.005
0.6095 0.308 0 0.005
0.611 0.4835 0 0.005
0.606 0.617 0 0.005
0.606 0.817 0 0.005
0.607 0.329 0 0.005
0.607 0.394 0 0.005
0.62025 0.50275 0 0.005
0.607 0.648 0 0.005
0.608 0.261 0 0.005
0.608 0.406 0 0.005
0.608 0.468 0 0.005
0.608 0.577 0 0.005
0.612 0.6335 0 0.005
0.609 0.589 0 0.005
0.61 0.247 0 0.005
0.611 0.158 0 0.005
0.611 0.562 0 0.005
0.611 0.601 0 0.005
0.611 0.839 0 0.005
0.6295 0.8801666666666667 0 0.005
0.611 0.933 0 0.005
0.612 0.171 0 0.005
0.623 0.43 0 0.005
0.612 0.711 0 0.005
0.612 0.778 0 0.005
0.612 0.949 0 0.005
0.613 0.382 0 0.005
0.617 0.4135 0 0.005
0.613 0.86 0 0.005
0.614 0.037 0 0.005
0.614 0.344 0 0.005
0.614 0.743 0 0.005
0.614 0.963 0 0.005
0.619 0.2805 0 0.005
0.615 0.547 0 0.005
0.615 0.726 0 0.005
0.621 0.0555 0 0.005
0.616 0.205 0 0.005
0.621 0.4565 0 0.005
0.6195 0.832 0 0.005
0.617 0.134 0 0.005
0.617 0.683 0 0.005
0.6229356435643564 0.9924108910891088 0 0.005
0.6235 0.3555 0 0.005
0.6235 0.5355 0 0.005
0.623 0.8175 0 0.005
0.619 0.652 0 0.005
0.6296666666666666 0.104 0 0.005
0.6245 0.196 0 0.005
0.62825 0.33025 0 0.005
0.62 0.394 0 0.005
0.62 0.473 0 0.005
0.621 0.255 0 0.005
0.621 0.618 0 0.005
0.621 0.911 0 0.005
0.622 0.67 0 0.005
0.622 0.973 0 0.005
0.623 0.021 0 0.005
0.623 0.374 0 0.005
0.623 0.589 0 0.005
0.6285 0.247 0 0.005
0.624 0.601 0 0.005
0.624 0.773 0 0.005
0.628 0.9353333333333333 0 0.005
0.632 0.14766666666666667 0 0.005
0.625 0.268 0 0.005
0.625 0.3 0 0.005
0.625 0.574 0 0.005
0.625 0.849 0 0.005
0.626 0.703 0 0.005
0.626 0.804 0 0.005
0.627 0.008 0 0.005
0.627 0.786 0 0.005
0.628 0.065 0 0.005
0.628 0.558 0 0.005
0.628 0.716 0 0.005
0.628 0.73 0 0.005
0.6353333333333334 0.7406666666666666 0 0.005
0.63 0.089 0 0.005
0.63 0.122 0 0.005
0.63 0.957 0 0.005
0.631 0.178 0 0.005
0.64075 0.477 0 0.005
0.6375 0.081 0 0.005
0.633 0.382 0 0.005
0.633 0.524 0 0.005
0.633 0.867 0 0.005
0.633 0.915 0 0.005
0.634 0.035 0 0.005
0.634 0.163 0 0.005
0.634 0.309 0 0.005
0.6413333333333334 0.45366666666666666 0 0.005
0.634 0.661 0 0.005
0.635 0.212 0 0.005
0.635 0.289 0 0.005
0.635 0.367 0 0.005
0.635 0.396 0 0.005
0.64 0.6866666666666666 0 0.005
0.635 0.903 0 0.005
0.636 0.023 0 0.005
0.639 0.5985 0 0.005
0.636 0.77 0 0.005
0.641 0.8345 0 0.005
0.637 0.0022833333333333334 0 0.005
0.637 0.548 0 0.005
0.637 0.617 0 0.005
0.637 0.633 0 0.005
0.637 0.647 0 0.005
0.637 0.85 0 0.005
0.638 0.27 0 0.005
0.638 0.415 0 0.005
0.6415 0.808 0 0.005
0.6435 0.9715 0 0.005
0.639 0.051 0 0.005
0.639 0.789 0 0.005
0.6455 0.5615 0 0.005
0.64 0.99 0 0.005
0.6555 0.143 0 0.005
0.641 0.355 0 0.005
0.641 0.947 0 0.005
0.642 0.119 0 0.005
0.642 0.581 0 0.005
0.642 0.712 0 0.005
0.642 0.753 0 0.005
0.646 0.2055 0 0.005
0.643 0.231 0 0.005
0.643 0.536 0 0.005
0.649 0.0675 0 0.005
0.644 0.184 0 0.005
0.644 0.258 0 0.005
0.645 0.172 0 0.005
0.645 0.382 0 0.005
0.645 0.404 0 0.005
0.6501666666666667 0.5116666666666667 0 0.005
0.645 0.892 0 0.005
0.6484852071005918 0.0072603550295857995 0 0.005
0.646 0.16 0 0.005
0.646 0.304 0 0.005
0.646 0.316 0 0.005
0.646 0.442 0 0.005
0.647 0.342 0 0.005
0.648 0.04 0 0.005
0.648 0.283 0 0.005
0.648 0.663 0 0.005
0.649 0.615 0 0.005
0.649 0.741 0 0.005
0.649 0.853 0 0.005
0.649 0.916 0 0.005
0.65 0.101 0 0.005
0.65 0.701 0 0.005
0.65 0.77 0 0.005
0.65 0.932 0 0.005
0.651 0.053 0 0.005
0.651 0.37 0 0.005
0.651 0.429 0 0.005
0.651 0.571 0 0.005
0.651 0.635 0 0.005
0.651 0.957 0 0.005
0.651 0.9957317073170732 0 0.005
0.656 0.2365 0 0.005
0.652 0.329 0 0.005
0.652 0.416 0 0.005
0.652 0.649 0 0.005
0.653 0.027 0 0.005
0.653 0.394 0 0.005
0.6585 0.5425 0 0.005
0.653 0.728 0 0.005
0.653 0.782 0 0.005
0.653 0.797 0 0.005
0.653 0.945 0 0.005
0.6595 0.58 0 0.005
0.654 0.714 0 0.005
0.654 0.757 0 0.005
0.655 0.355 0 0.005
0.6575 0.8275 0 0.005
0.6655 0.79575 0 0.005
0.658 0.901 0 0.005
0.658 0.979 0 0.005
0.659 0.112 0 0.005
0.659 0.189 0 0.005
0.659 0.274 0 0.005
0.6645 0.3435 0 0.005
0.659 0.487 0 0.005
0.659 0.845 0 0.005
0.66 0.038 0 0.005
0.66 0.084 0 0.005
0.66 0.164 0 0.005
0.663 0.4365 0 0.005
0.661 0.201 0 0.005
0.661 0.286 0 0.005
0.661 0.881 0 0.005
0.662 0.127 0 0.005
0.662 0.176 0 0.005
0.662 0.317 0 0.005
0.662 0.603 0 0.005
0.662 0.679 0 0.005
0.663 0.219 0 0.005
0.663 0.3 0 0.005
0.663 0.368 0 0.005
0.663 0.553 0 0.005
0.664 0.053 0 0.005
0.664 0.256 0 0.005
0.664 0.565 0 0.005
0.664 0.693 0 0.005
0.664 0.859 0 0.005
0.665 0.015 0 0.005
0.665 0.381 0 0.005
0.665 0.414 0 0.005
0.665 0.617 0 0.005
0.665 0.73 0 0.005
0.665 0.92 0 0.005
0.6685 0.972 0 0.005
0.666 0.396 0 0.005
0.666 0.932 0 0.005
0.6716666666666666 0.48433333333333334 0 0.005
0.6705 0.521 0 0.005
0.667 0.59 0 0.005
0.667 0.631 0 0.005
0.668 0.243 0 0.005
0.668 0.455 0 0.005
0.6743333333333333 0.073 0 0.005
0.669 0.102 0 0.005
0.669 0.651 0 0.005
0.669 0.713 0 0.005
0.669 0.766 0 0.005
0.669 0.944 0 0.005
0.67 0.746 0 0.005
0.67 0.905 0 0.005
0.67 0.996225352112676 0 0.005
0.671 0.115 0 0.005
0.671 0.663 0 0.005
0.671 0.893 0 0.005
0.672 0.03 0 0.005
0.672 0.042 0 0.005
0.6773333333333333 0.18766666666666665 0 0.005
0.672 0.333 0 0.005
0.672 0.443 0 0.005
0.672 0.956 0 0.005
0.673 0.231 0 0.005
0.673 0.836 0 0.005
0.674 0.82 0 0.005
0.675 0.135 0 0.005
0.675 0.32 0 0.005
0.676 0.007 0 0.005
0.676 0.268 0 0.005
0.676 0.607 0 0.005
0.676 0.691 0 0.005
0.676 0.88 0 0.005
0.677 0.092 0 0.005
0.677 0.358 0 0.005
0.677 0.387 0 0.005
0.677 0.416 0 0.005
0.6866666666666666 0.575 0 0.005
0.677 0.678 0 0.005
0.677 0.866 0 0.005
0.682 0.2805 0 0.005
0.683 0.3105 0 0.005
0.679 0.559 0 0.005
0.679 0.587 0 0.005
0.68 0.374 0 0.005
0.68 0.725 0 0.005
0.685 0.9576666666666667 0 0.005
0.68 0.988 0 0.005
0.681 0.165 0 0.005
0.681 0.21 0 0.005
0.681 0.241 0 0.005
0.681 0.455 0 0.005
0.681 0.467 0 0.005
0.681 0.539 0 0.005
0.6916 0.861 0 0.005
0.687 0.3465 0 0.005
0.682 0.404 0 0.005
0.682 0.637 0 0.005
0.6865 0.743 0 0.005
0.688 0.9208 0 0.005
0.683 0.023 0 0.005
0.683 0.253 0 0.005
0.683 0.501 0 0.005
0.683 0.653 0 0.005
0.683 0.893 0 0.005
0.684 0.042 0 0.005
0.6895 0.3275 0 0.005
0.684 0.707 0 0.005
0.684 0.789 0 0.005
0.685 0.055 0 0.005
0.6906666666666667 0.61 0 0.005
0.685 0.801 0 0.005
0.686 0.114 0 0.005
0.686 0.513 0 0.005
0.686 0.665 0 0.005
0.686 0.759 0 0.005
0.687 0.129 0 0.005
0.687 0.44 0 0.005
0.687 0.977 0 0.005
0.688 0.427 0 0.005
0.688 0.823 0 0.005
0.689 0.099 0 0.005
0.6983333333333334 0.22983333333333333 0 0.005
0.689 0.363 0 0.005
0.689 0.484 0 0.005
0.6943333333333334 0.6826666666666666 0 0.005
0.689 0.773 0 0.005
0.69 0.288 0 0.005
0.691 0.003763440860215054 0 0.005
0.694 0.1425 0 0.005
0.691 0.303 0 0.005
0.692 0.9957317073170732 0 0.005
0.693 0.188 0 0.005
0.693 0.453 0 0.005
0.693 0.627 0 0.005
0.693 0.837 0 0.005
0.694 0.085 0 0.005
0.694 0.375 0 0.005
0.695 0.022 0 0.005
0.695 0.064 0 0.005
0.695 0.337 0 0.005
0.695 0.413 0 0.005
0.695 0.81 0 0.005
0.7053333333333334 0.049 0 0.005
0.696 0.169 0 0.005
0.696 0.267 0 0.005
0.696 0.891 0 0.005
0.7036666666666667 0.5186666666666666 0 0.005
0.697 0.712 0 0.005
0.697 0.785 0 0.005
0.7025 0.935 0 0.005
0.698 0.203 0 0.005
0.698 0.552 0 0.005
0.699 0.107 0 0.005
0.699 0.392 0 0.005
0.7025 0.76 0 0.005
0.699 0.973 0 0.005
0.7 0.502 0 0.005
0.7 0.568 0 0.005
0.7 0.73 0 0.005
0.701 0.363 0 0.005
0.701 0.643 0 0.005
0.702 0.469 0 0.005
0.702 0.847 0 0.005
0.703 0.032 0 0.005
0.703 0.292 0 0.005
0.703 0.424 0 0.005
0.703 0.437 0 0.005
0.703 0.489 0 0.005
0.703 0.66 0 0.005
0.703 0.824 0 0.005
0.703 0.877 0 0.005
0.703 0.96 0 0.005
0.7047751479289941 0.991094674556213 0 0.005
0.704 0.158 0 0.005
0.713 0.80025 0 0.005
0.7095 0.183 0 0.005
0.7085 0.0895 0 0.005
0.706 0.28 0 0.005
0.706 0.379 0 0.005
0.706 0.403 0 0.005
0.707 0.12 0 0.005
0.707 0.239 0 0.005
0.707 0.331 0 0.005
0.707 0.541 0 0.005
0.7125 0.141 0 0.005
0.7153333333333334 0.314 0 0.005
0.709 0.587 0 0.005
0.709 0.627 0 0.005
0.709 0.836 0 0.005
0.7125 0.904 0 0.005
0.71 0.00434313725490196 0 0.005
0.71 0.206 0 0.005
0.71 0.343 0 0.005
0.71 0.452 0 0.005
0.71 0.556 0 0.005
0.71 0.743 0 0.005
0.711 0.016 0 0.005
0.711 0.77 0 0.005
0.712 0.072 0 0.005
0.712 0.528 0 0.005
0.712 0.705 0 0.005
0.712 0.724 0 0.005
0.7165 0.36 0 0.005
0.72 0.5756666666666667 0 0.005
0.713 0.604 0 0.005
0.713 0.649 0 0.005
0.713 0.683 0 0.005
0.714 0.105 0 0.005
0.714 0.414 0 0.005
0.715 0.26 0 0.005
0.715 0.489 0 0.005
0.715 0.887 0 0.005
0.716 0.166 0 0.005
0.716 0.433 0 0.005
0.716 0.616 0 0.005
0.716 0.869 0 0.005
0.716 0.947 0 0.005
0.716 0.965 0 0.005
0.717 0.47 0 0.005
0.7225 0.6345 0 0.005
0.717 0.823 0 0.005
0.717 0.989 0 0.005
0.718 0.059 0 0.005
0.718 0.274 0 0.005
0.718 0.393 0 0.005
0.719 0.119 0 0.005
0.719 0.194 0 0.005
0.719 0.233 0 0.005
0.719 0.381 0 0.005
0.7235 0.854 0 0.005
0.719 0.92 0 0.005
0.7245 0.974 0 0.005
0.72 0.298 0 0.005
0.72 0.666 0 0.005
0.72 0.756 0 0.005
0.72 0.932 0 0.005
0.721 0.221 0 0.005
0.721 0.286 0 0.005
0.722 0.032 0 0.005
0.722 0.594 0 0.005
0.722 0.836 0 0.005
0.723 0.019 0 0.005
0.7283333333333334 0.08166666666666667 0 0.005
0.723 0.515 0 0.005
0.723 0.772 0 0.005
0.724 0.003268292682926829 0 0.005
0.724 0.246 0 0.005
0.724 0.332 0 0.005
0.724 0.533 0 0.005
0.725 0.207 0 0.005
0.725 0.554 0 0.005
0.725 0.68 0 0.005
0.725 0.695 0 0.005
0.725 0.709 0 0.005
0.725 0.738 0 0.005
0.731 0.1465 0 0.005
0.726 0.416 0 0.005
0.726 0.722 0 0.005
0.726 0.794 0 0.005
0.727 0.347 0 0.005
0.727 0.444 0 0.005
0.728 0.401 0 0.005
0.728 0.874 0 0.005
0.728 0.902 0 0.005
0.729 0.162 0 0.005
0.729 0.186 0 0.005
0.729 0.263 0 0.005
0.729 0.429 0 0.005
0.729 0.654 0 0.005
0.7383333333333334 0.048666666666666664 0 0.005
0.73 0.174 0 0.005
0.73 0.46 0 0.005
0.73 0.504 0 0.005
0.7335 0.942 0 0.005
0.73 0.9957317073170732 0 0.005
0.7365 0.1145 0 0.005
0.731 0.388 0 0.005
0.731 0.484 0 0.005
0.732 0.13 0 0.005
0.732 0.472 0 0.005
0.735 0.8285 0 0.005
0.733 0.103 0 0.005
0.733 0.223 0 0.005
0.733 0.311 0 0.005
0.733 0.925 0 0.005
0.734 0.028 0 0.005
0.734 0.889 0 0.005
0.735 0.015 0 0.005
0.735 0.277 0 0.005
0.735 0.613 0 0.005
0.735 0.913 0 0.005
0.736 0.326 0 0.005
0.736 0.376 0 0.005
0.736 0.58 0 0.005
0.736 0.671 0 0.005
0.736 0.753 0 0.005
0.7425 0.2045 0 0.005
0.737 0.243 0 0.005
0.737 0.292 0 0.005
0.737 0.525 0 0.005
0.737 0.684 0 0.005
0.738 0.361 0 0.005
0.738 0.729 0 0.005
0.738 0.741 0 0.005
0.739 0.551 0 0.005
0.7566666666666666 0.5951666666666666 0 0.005
0.739 0.625 0 0.005
0.739 0.699 0 0.005
0.739 0.767 0 0.005
0.7445 0.8435 0 0.005
0.739 0.957 0 0.005
0.739 0.981 0 0.005
0.7455 0.089 0 0.005
0.744 0.4175 0 0.005
0.7435 0.508 0 0.005
0.74 0.785 0 0.005
0.743 0.8065 0 0.005
0.741 0.347 0 0.005
0.741 0.398 0 0.005
0.742 0.257 0 0.005
0.742 0.649 0 0.005
0.742 0.711 0 0.005
0.742 0.875 0 0.005
0.743 0.155 0 0.005
0.743 0.862 0 0.005
0.7481597633136094 0.9923846153846153 0 0.005
0.7495 0.1725 0 0.005
0.744 0.435 0 0.005
0.744 0.456 0 0.005
0.744 0.568 0 0.005
0.745 0.184 0 0.005
0.745 0.385 0 0.005
0.745 0.476 0 0.005
0.745 0.491 0 0.005
0.745 0.538 0 0.005
0.7604 0.9194 0 0.005
0.746 0.027 0 0.005
0.746 0.897 0 0.005
0.747 0.057 0 0.005
0.747 0.135 0 0.005
0.75375 0.2915 0 0.005
0.748 0.003268292682926829 0 0.005
0.748 0.311 0 0.005
0.748 0.323 0 0.005
0.748 0.335 0 0.005
0.748 0.757 0 0.005
0.748 0.826 0 0.005
0.749 0.219 0 0.005
0.749 0.232 0 0.005
0.749 0.246 0 0.005
0.7515 0.6735 0 0.005
0.7555 0.695 0 0.005
0.7535 0.723 0 0.005
0.75 0.74 0 0.005
0.75 0.946 0 0.005
0.751 0.015 0 0.005
0.751 0.074 0 0.005
0.756 0.5706666666666667 0 0.005
0.751 0.639 0 0.005
0.751 0.769 0 0.005
0.7586666666666666 0.196 0 0.005
0.7596666666666666 0.3526666666666667 0 0.005
0.753 0.104 0 0.005
0.753 0.445 0 0.005
0.753 0.549 0 0.005
0.753 0.97 0 0.005
0.757 0.1225 0 0.005
0.754 0.258 0 0.005
0.754 0.374 0 0.005
0.754 0.523 0 0.005
0.754 0.656 0 0.005
0.754 0.786 0 0.005
0.762 0.6266666666666666 0 0.005
0.7586666666666666 0.886 0 0.005
0.755 0.912 0 0.005
0.7595 0.396 0 0.005
0.756 0.458 0 0.005
0.7653333333333334 0.8236666666666667 0 0.005
0.757 0.27 0 0.005
0.757 0.474 0 0.005
0.7615 0.54 0 0.005
0.757 0.853 0 0.005
0.7615 0.953 0 0.005
0.758 0.153 0 0.005
0.758 0.493 0 0.005
0.759 0.428 0 0.005
0.7738333333333334 0.3285 0 0.005
0.76 0.415 0 0.005
0.76 0.505 0 0.005
0.761 0.048 0 0.005
0.7665 0.0605 0 0.005
0.765 0.0985 0 0.005
0.761 0.234 0 0.005
0.761 0.247 0 0.005
0.762 0.024 0 0.005
0.7675 0.7305 0 0.005
0.762 0.836 0 0.005
0.763 0.165 0 0.005
0.763 0.311 0 0.005
0.763 0.762 0 0.005
0.764 0.009 0 0.005
0.764 0.036 0 0.005
0.764 0.216 0 0.005
0.769 0.7445 0 0.005
0.7685 0.978 0 0.005
0.767 0.442 0 0.005
0.767 0.676 0 0.005
0.767 0.776 0 0.005
0.7695 0.7985 0 0.005
0.767 0.9952365591397849 0 0.005
0.768 0.259 0 0.005
0.768 0.359 0 0.005
0.768 0.483 0 0.005
0.768 0.661 0 0.005
0.769 0.137 0 0.005
0.769 0.454 0 0.005
0.769 0.47 0 0.005
0.769 0.558 0 0.005
0.769 0.709 0 0.005
0.775 0.1505 0 0.005
0.773 0.3795 0 0.005
0.7755 0.4985 0 0.005
0.774 0.5305 0 0.005
0.77 0.887 0 0.005
0.771 0.083 0 0.005
0.771 0.615 0 0.005
0.78325 0.64525 0 0.005
0.771 0.69 0 0.005
0.7765 0.8515 0 0.005
0.772 0.07 0 0.005
0.778 0.11933333333333333 0 0.005
0.772 0.416 0 0.005
0.773 0.274 0 0.005
0.774 0.176 0 0.005
0.774 0.204 0 0.005
0.774 0.866 0 0.005
0.774 0.933 0 0.005
0.775 0.244 0 0.005
0.775 0.397 0 0.005
0.775 0.766 0 0.005
0.776 0.0022833333333333334 0 0.005
0.776 0.039 0 0.005
0.776 0.43 0 0.005
0.7805 0.623 0 0.005
0.777 0.302 0 0.005
0.777 0.568 0 0.005
0.7825 0.598 0 0.005
0.778 0.225 0 0.005
0.778 0.29 0 0.005
0.7835 0.8215 0 0.005
0.779 0.093 0 0.005
0.779 0.514 0 0.005
0.7863333333333333 0.8026666666666666 0 0.005
0.783 0.9513333333333334 0 0.005
0.789 0.45339999999999997 0 0.005
0.78 0.994656862745098 0 0.005
0.781 0.362 0 0.005
0.786 0.5515 0 0.005
0.7845 0.7065 0 0.005
0.782 0.782 0 0.005
0.7875 0.027 0 0.005
0.783 0.213 0 0.005
0.783 0.878 0 0.005
0.784 0.054 0 0.005
0.784 0.077 0 0.005
0.784 0.192 0 0.005
0.784 0.667 0 0.005
0.784 0.98 0 0.005
0.785 0.01 0 0.005
0.785 0.411 0 0.005
0.785 0.918 0 0.005
0.786 0.172 0 0.005
0.786 0.235 0 0.005
0.786 0.26 0 0.005
0.786 0.679 0 0.005
0.79 0.7466666666666666 0 0.005
0.787 0.136 0 0.005
0.787 0.482 0 0.005
0.787 0.935 0 0.005
0.788 0.159 0 0.005
0.7915 0.771 0 0.005
0.788 0.891 0 0.005
0.7935 0.272 0 0.005
0.789 0.728 0 0.005
0.789 0.837 0 0.005
0.79 0.374 0 0.005
0.79 0.388 0 0.005
0.7925 0.5245 0 0.005
0.8115 0.5688333333333334 0 0.005
0.79 0.581 0 0.005
0.791 0.065 0 0.005
0.7983333333333333 0.293 0 0.005
0.791 0.306 0 0.005
0.792 0.043 0 0.005
0.792 0.432 0 0.005
0.793 0.093 0 0.005
0.798 0.2525 0 0.005
0.797 0.3505 0 0.005
0.793 0.4 0 0.005
0.793 0.86 0 0.005
0.8076 0.08120000000000001 0 0.005
0.796 0.107 0 0.005
0.796 0.192 0 0.005
0.796 0.217 0 0.005
0.7985 0.5015 0 0.005
0.796 0.663 0 0.005
0.796 0.91 0 0.005
0.796 0.992 0 0.005
0.797 0.019 0 0.005
0.797 0.318 0 0.005
0.797 0.695 0 0.005
0.798 0.00434313725490196 0 0.005
0.798 0.174 0 0.005
0.798 0.608 0 0.005
0.798 0.676 0 0.005
0.807 0.9613333333333334 0 0.005
0.799 0.054 0 0.005
0.8015 0.6455 0 0.005
0.799 0.711 0 0.005
0.8 0.152 0 0.005
0.805 0.3295 0 0.005
0.8 0.76 0 0.005
0.801 0.133 0 0.005
0.801 0.235 0 0.005
0.801 0.367 0 0.005
0.801 0.588 0 0.005
0.8065 0.726 0 0.005
0.804 0.8675 0 0.005
0.801 0.886 0 0.005
0.802 0.121 0 0.005
0.8103333333333333 0.4266666666666667 0 0.005
0.802 0.621 0 0.005
0.802 0.819 0 0.005
0.802 0.977 0 0.005
0.803 0.204 0 0.005
0.803 0.382 0 0.005
0.803 0.444 0 0.005
0.803 0.473 0 0.005
0.804 0.85 0 0.005
0.806 0.925 0 0.005
0.807 0.032 0 0.005
0.807 0.1 0 0.005
0.807 0.164 0 0.005
0.807 0.795 0 0.005
0.807 0.834 0 0.005
0.807 0.944 0 0.005
0.808 0.182 0 0.005
0.808 0.524 0 0.005
0.808 0.897 0 0.005
0.809 0.015 0 0.005
0.809 0.508 0 0.005
0.8156611111111112 0.9942722222222222 0 0.005
0.81 0.749 0 0.005
0.814 0.2165 0 0.005
0.811 0.268 0 0.005
0.811 0.311 0 0.005
0.811 0.541 0 0.005
0.811 0.676 0 0.005
0.811 0.713 0 0.005
0.811 0.91 0 0.005
0.812 0.14 0 0.005
0.812 0.243 0 0.005
0.812 0.392 0 0.005
0.812 0.553 0 0.005
0.812 0.608 0 0.005
0.812 0.694 0 0.005
0.813 0.113 0 0.005
0.813 0.662 0 0.005
0.813 0.783 0 0.005
0.814 0.063 0 0.005
0.814 0.338 0 0.005
0.814 0.494 0 0.005
0.814 0.621 0 0.005
0.814 0.806 0 0.005
0.815 0.049 0 0.005
0.815 0.153 0 0.005
0.821 0.19033333333333335 0 0.005
0.815 0.255 0 0.005
0.815 0.286 0 0.005
0.815 0.368 0 0.005
0.815 0.408 0 0.005
0.815 0.482 0 0.005
0.815 0.65 0 0.005
0.815 0.768 0 0.005
0.815 0.823 0 0.005
0.817 0.466 0 0.005
0.817 0.881 0 0.005
0.822 0.1225 0 0.005
0.819 0.452 0 0.005
0.819 0.59 0 0.005
0.819 0.853 0 0.005
0.8245 0.869 0 0.005
0.819 0.952 0 0.005
0.819 0.98 0 0.005
0.82 0.0022833333333333334 0 0.005
0.82 0.302 0 0.005
0.82 0.355 0 0.005
0.821 0.169 0 0.005
0.822 0.322 0 0.005
0.822 0.526 0 0.005
0.822 0.74 0 0.005
0.822 0.754 0 0.005
0.827 0.2205 0 0.005
0.823 0.383 0 0.005
0.827 0.4255 0 0.005
0.824 0.031 0 0.005
0.824 0.548 0 0.005
0.824 0.636 0 0.005
0.824 0.675 0 0.005
0.824 0.687 0 0.005
0.824 0.702 0 0.005
0.824 0.715 0 0.005
0.8265 0.8385 0 0.005
0.825 0.892 0 0.005
0.8293333333333334 0.916 0 0.005
0.825 0.934 0 0.005
0.827 0.057 0 0.005
0.827 0.155 0 0.005
0.832 0.2435 0 0.005
0.827 0.48 0 0.005
0.831 0.4945 0 0.005
0.828 0.012 0 0.005
0.828 0.106 0 0.005
0.8315 0.138 0 0.005
0.828 0.339 0 0.005
0.828 0.511 0 0.005
0.828 0.801 0 0.005
0.832 0.9675 0 0.005
0.829 0.285 0 0.005
0.829 0.365 0 0.005
0.829 0.65 0 0.005
0.829 0.775 0 0.005
0.83 0.789 0 0.005
0.831 0.075 0 0.005
0.831 0.271 0 0.005
0.831 0.451 0 0.005
0.8365 0.596 0 0.005
0.831 0.608 0 0.005
0.832 0.732 0 0.005
0.832 0.813 0 0.005
0.833 0.169 0 0.005
0.8375 0.406 0 0.005
0.833 0.467 0 0.005
0.8423333333333334 0.6203333333333334 0 0.005
0.833 0.666 0 0.005
0.834 0.321 0 0.005
0.834 0.352 0 0.005
0.834 0.749 0 0.005
0.834 0.856 0 0.005
0.835 0.046 0 0.005
0.835 0.259 0 0.005
0.835 0.532 0 0.005
0.836 0.091 0 0.005
0.836 0.684 0 0.005
0.836 0.702 0 0.005
0.8395 0.72 0 0.005
0.837 0.889 0 0.005
0.837 0.944 0 0.005
0.838 0.022 0 0.005
0.838 0.117 0 0.005
0.838 0.181 0 0.005
0.838 0.306 0 0.005
0.838 0.582 0 0.005
0.838 0.831 0 0.005
0.839 0.196 0 0.005
0.839 0.554 0 0.005
0.85 0.7664 0 0.005
0.839 0.99 0 0.005
0.84 0.063 0 0.005
0.84 0.154 0 0.005
0.8503999999999999 0.3424 0 0.005
0.84 0.387 0 0.005
0.84 0.504 0 0.005
0.841 0.227 0 0.005
0.841 0.638 0 0.005
0.841 0.929 0 0.005
0.841 0.959 0 0.005
0.845 0.0995 0 0.005
0.842 0.363 0 0.005
0.842 0.375 0 0.005
0.842 0.794 0 0.005
0.842 0.872 0 0.005
0.843 0.00434313725490196 0 0.005
0.8475 0.655 0 0.005
0.843 0.806 0 0.005
0.843 0.843 0 0.005
0.844 0.076 0 0.005
0.844 0.213 0 0.005
0.848 0.4285 0 0.005
0.844 0.445 0 0.005
0.844 0.458 0 0.005
0.85475 0.52425 0 0.005
0.845 0.166 0 0.005
0.845 0.289 0 0.005
0.845 0.569 0 0.005
0.8515 0.853 0 0.005
0.846 0.898 0 0.005
0.8505 0.049 0 0.005
0.847 0.143 0 0.005
0.847 0.255 0 0.005
0.8575 0.2825 0 0.005
0.8505 0.403 0 0.005
0.848 0.316 0 0.005
0.848 0.474 0 0.005
0.848 0.676 0 0.005
0.848 0.747 0 0.005
0.8505 0.9175 0 0.005
0.849 0.031 0 0.005
0.849 0.241 0 0.005
0.849 0.534 0 0.005
0.849 0.705 0 0.005
0.85 0.015 0 0.005
0.85 0.586 0 0.005
0.851 0.194 0 0.005
0.851 0.688 0 0.005
0.8563333333333334 0.494 0 0.005
0.8555 0.82 0 0.005
0.8656 0.9404 0 0.005
0.852 0.992 0 0.005
0.853 0.547 0 0.005
0.853 0.717 0 0.005
0.854 0.371 0 0.005
0.854 0.785 0 0.005
0.8595147928994082 0.0072603550295857995 0 0.005
0.855 0.11 0 0.005
0.855 0.124 0 0.005
0.855 0.179 0 0.005
0.8595 0.232 0 0.005
0.855 0.265 0 0.005
0.855 0.599 0 0.005
0.855 0.73 0 0.005
0.855 0.838 0 0.005
0.855 0.977 0 0.005
0.856 0.084 0 0.005
0.856 0.152 0 0.005
0.856 0.385 0 0.005
0.857 0.436 0 0.005
0.857 0.562 0 0.005
0.8615 0.067 0 0.005
0.858 0.308 0 0.005
0.858 0.452 0 0.005
0.858 0.628 0 0.005
0.858 0.889 0 0.005
0.859 0.166 0 0.005
0.863 0.9665 0 0.005
0.86 0.136 0 0.005
0.86 0.877 0 0.005
0.8636666666666666 0.032 0 0.005
0.861 0.203 0 0.005
0.861 0.579 0 0.005
0.861 0.909 0 0.005
0.862 0.322 0 0.005
0.862 0.397 0 0.005
0.862 0.468 0 0.005
0.8675 0.794 0 0.005
0.863 0.64 0 0.005
0.8695 0.2515 0 0.005
0.868 0.5115 0 0.005
0.8675 0.62 0 0.005
0.864 0.678 0 0.005
0.8705 0.1015 0 0.005
0.865 0.215 0 0.005
0.865 0.699 0 0.005
0.865 0.722 0 0.005
0.865 0.864 0 0.005
0.866 0.41 0 0.005
0.866 0.652 0 0.005
0.866 0.664 0 0.005
0.867 0.771 0 0.005
0.874 0.8106666666666666 0 0.005
0.8735 0.088 0 0.005
0.868 0.359 0 0.005
0.868 0.548 0 0.005
0.868 0.599 0 0.005
0.868 0.986 0 0.005
0.868 0.9967166666666667 0 0.005
0.869 0.117 0 0.005
0.869 0.188 0 0.005
0.869 0.442 0 0.005
0.87 0.738 0 0.005
0.87 0.837 0 0.005
0.87 0.897 0 0.005
0.87 0.923 0 0.005
0.871 0.885 0 0.005
0.872 0.137 0 0.005
0.872 0.151 0 0.005
0.872 0.287 0 0.005
0.8755 0.462 0 0.005
0.873 0.0022833333333333334 0 0.005
0.873 0.05 0 0.005
0.873 0.346 0 0.005
0.873 0.39 0 0.005
0.873 0.426 0 0.005
0.873 0.486 0 0.005
0.8888571428571429 0.8528571428571429 0 0.005
0.8765 0.1745 0 0.005
0.874 0.226 0 0.005
0.874 0.375 0 0.005
0.874 0.583 0 0.005
0.875 0.688 0 0.005
0.876 0.242 0 0.005
0.876 0.402 0 0.005
0.8795 0.558 0 0.005
0.876 0.609 0 0.005
0.877 0.272 0 0.005
0.877 0.537 0 0.005
0.877 0.714 0 0.005
0.878 0.012 0 0.005
0.878 0.062 0 0.005
0.878 0.206 0 0.005
0.878 0.316 0 0.005
0.878 0.755 0 0.005
0.878 0.874 0 0.005
0.878 0.913 0 0.005
0.879 0.078 0 0.005
0.8815 0.1205 0 0.005
0.879 0.334 0 0.005
0.8877999999999999 0.292 0 0.005
0.88 0.503 0 0.005
0.88 0.727 0 0.005
0.88 0.99 0 0.005
0.881 0.664 0 0.005
0.8855 0.696 0 0.005
0.881 0.955 0 0.005
0.882 0.525 0 0.005
0.882 0.634 0 0.005
0.882 0.741 0 0.005
0.882 0.771 0 0.005
0.882 0.896 0 0.005
0.883 0.442 0 0.005
0.883 0.646 0 0.005
0.884 0.026 0 0.005
0.884 0.147 0 0.005
0.884 0.926 0 0.005
0.885 0.05 0 0.005
0.885 0.366 0 0.005
0.885 0.599 0 0.005
0.885 0.677 0 0.005
0.885 0.791 0 0.005
0.885 0.97 0 0.005
0.886 0.038 0 0.005
0.889 0.6165 0 0.005
0.887 0.579 0 0.005
0.888 0.231 0 0.005
0.888 0.351 0 0.005
0.888 0.4 0 0.005
0.891 0.4215 0 0.005
0.888 0.458 0 0.005
0.888 0.492 0 0.005
0.889 0.099 0 0.005
0.889 0.262 0 0.005
0.889 0.807 0 0.005
0.89 0.0022833333333333334 0 0.005
0.8955 0.0595 0 0.005
0.89 0.166 0 0.005
0.89 0.198 0 0.005
0.8946666666666666 0.542 0 0.005
0.891 0.217 0 0.005
0.8965 0.3345 0 0.005
0.891 0.755 0 0.005
0.892 0.074 0 0.005
0.897 0.3215 0 0.005
0.892 0.378 0 0.005
0.892 0.478 0 0.005
0.892 0.731 0 0.005
0.892 0.879 0 0.005
0.892 0.981 0 0.005
0.892 0.994656862745098 0 0.005
0.893 0.133 0 0.005
0.893 0.25 0 0.005
0.893 0.906 0 0.005
0.904 0.7786666666666666 0 0.005
0.895 0.017 0 0.005
0.895 0.52 0 0.005
0.895 0.639 0 0.005
0.895 0.716 0 0.005
0.896 0.664 0 0.005
0.896 0.955 0 0.005
0.902 0.1235 0 0.005
0.9026666666666666 0.186 0 0.005
0.897 0.39 0 0.005
0.897 0.442 0 0.005
0.897 0.704 0 0.005
0.897 0.743 0 0.005
0.9 0.9195 0 0.005
0.9025 0.966 0 0.005
0.898 0.156 0 0.005
0.899 0.091 0 0.005
0.899 0.565 0 0.005
0.899 0.579 0 0.005
0.899 0.679 0 0.005
0.899 0.892 0 0.005
0.9 0.043 0 0.005
0.9 0.144 0 0.005
0.9 0.207 0 0.005
0.9 0.596 0 0.005
0.9 0.794 0 0.005
0.901 0.104 0 0.005
0.901 0.507 0 0.005
0.901 0.652 0 0.005
0.901 0.823 0 0.005
0.902 0.226 0 0.005
0.902 0.404 0 0.005
0.902 0.692 0 0.005
0.902 0.81 0 0.005
0.903 0.258 0 0.005
0.9117999999999999 0.2834 0 0.005
0.911 0.3753333333333333 0 0.005
0.904 0.353 0 0.005
0.904 0.479 0 0.005
0.9095 0.6065 0 0.005
0.904 0.936 0 0.005
0.904 0.991 0 0.005
0.905 0.077 0 0.005
0.905 0.418 0 0.005
0.9105 0.4685 0 0.005
0.905 0.621 0 0.005
0.905 0.76 0 0.005
0.906 0.029 0 0.005
0.906 0.24 0 0.005
0.907 0.307 0 0.005
0.907 0.637 0 0.005
0.907 0.727 0 0.005
0.907 0.857 0 0.005
0.908 0.007 0 0.005
0.908 0.17 0 0.005
0.908 0.664 0 0.005
0.908 0.841 0 0.005
0.909 0.447 0 0.005
0.909 0.493 0 0.005
0.91 0.552 0 0.005
0.91 0.976 0 0.005
0.911 0.156 0 0.005
0.911 0.216 0 0.005
0.9145 0.514 0 0.005
0.911 0.704 0 0.005
0.9186666666666666 0.9416666666666667 0 0.005
0.912 0.139 0 0.005
0.912 0.9 0 0.005
0.912 0.925 0 0.005
0.917 0.1085 0 0.005
0.913 0.393 0 0.005
0.913 0.793 0 0.005
0.9165 0.0825 0 0.005
0.914 0.343 0 0.005
0.9185 0.537 0 0.005
0.9195 0.677 0 0.005
0.914 0.818 0 0.005
0.915 0.325 0 0.005
0.9223333333333333 0.35133333333333333 0 0.005
0.915 0.592 0 0.005
0.915 0.881 0 0.005
0.916 0.047 0 0.005
0.9205 0.405 0 0.005
0.916 0.577 0 0.005
0.916 0.739 0 0.005
0.916 0.751 0 0.005
0.917 0.228 0 0.005
0.917 0.434 0 0.005
0.917 0.621 0 0.005
0.9235 0.061 0 0.005
0.9235 0.4185 0 0.005
0.918 0.765 0 0.005
0.919 0.125 0 0.005
0.919 0.312 0 0.005
0.919 0.457 0 0.005
0.9225 0.654 0 0.005
0.9245 0.69 0 0.005
0.919 0.805 0 0.005
0.9273333333333333 0.17866666666666667 0 0.005
0.92 0.19 0 0.005
0.92 0.725 0 0.005
0.92 0.9957317073170732 0 0.005
0.921 0.203 0 0.005
0.921 0.635 0 0.005
0.921 0.834 0 0.005
0.922 0.559 0 0.005
0.923 0.006 0 0.005
0.923 0.021 0 0.005
0.923 0.255 0 0.005
0.9275 0.274 0 0.005
0.923 0.493 0 0.005
0.923 0.851 0 0.005
0.923 0.915 0 0.005
0.926 0.9666666666666667 0 0.005
0.924 0.24 0 0.005
0.928 0.7175 0 0.005
0.925 0.037 0 0.005
0.925 0.1 0 0.005
0.925 0.386 0 0.005
0.925 0.866 0 0.005
0.925 0.903 0 0.005
0.926 0.443 0 0.005
0.926 0.481 0 0.005
0.927 0.528 0 0.005
0.927 0.888 0 0.005
0.928 0.086 0 0.005
0.928 0.598 0 0.005
0.9313333333333333 0.785 0 0.005
0.929 0.16 0 0.005
0.9345 0.2175 0 0.005
0.9345 0.2295 0 0.005
0.929 0.429 0 0.005
0.929 0.738 0 0.005
0.9356666666666666 0.829 0 0.005
0.93 0.143 0 0.005
0.93 0.32 0 0.005
0.93 0.469 0 0.005
0.93 0.586 0 0.005
0.931 0.363 0 0.005
0.931 0.457 0 0.005
0.931 0.623 0 0.005
0.937 0.2925 0 0.005
0.9345 0.5565 0 0.005
0.932 0.947 0 0.005
0.932 0.99 0 0.005
0.934 0.116 0 0.005
0.935 0.2 0 0.005
0.935 0.76 0 0.005
0.939 0.4875 0 0.005
0.936 0.609 0 0.005
0.936 0.7 0 0.005
0.936 0.924 0 0.005
0.937 0.027 0 0.005
0.937 0.377 0 0.005
0.9405 0.4 0 0.005
0.937 0.512 0 0.005
0.938 0.015 0 0.005
0.938 0.048 0 0.005
0.938 0.245 0 0.005
0.943 0.3345 0 0.005
0.938 0.575 0 0.005
0.938 0.64 0 0.005
0.938 0.652 0 0.005
0.938 0.676 0 0.005
0.9405 0.7425 0 0.005
0.938 0.813 0 0.005
0.938 0.848 0 0.005
0.938 0.86 0 0.005
0.938 0.872 0 0.005
0.939 0.072 0 0.005
0.939 0.099 0 0.005
0.939 0.133 0 0.005
0.939 0.977 0 0.005
0.94 0.0022833333333333334 0 0.005
0.94 0.085 0 0.005
0.94 0.152 0 0.005
0.941 0.439 0 0.005
0.946 0.5975 0 0.005
0.941 0.9 0 0.005
0.9465 0.9565 0 0.005
0.9442248520710059 0.991094674556213 0 0.005
0.942 0.426 0 0.005
0.942 0.47 0 0.005
0.942 0.713 0 0.005
0.942 0.938 0 0.005
0.943 0.277 0 0.005
0.943 0.305 0 0.005
0.943 0.457 0 0.005
0.944 0.172 0 0.005
0.9465 0.5565 0 0.005
0.949 0.8835 0 0.005
0.945 0.319 0 0.005
0.945 0.539 0 0.005
0.946 0.036 0 0.005
0.9495 0.114 0 0.005
0.946 0.263 0 0.005
0.956 0.7776666666666666 0 0.005
0.946 0.803 0 0.005
0.946 0.916 0 0.005
0.947 0.354 0 0.005
0.948 0.189 0 0.005
0.9533333333333334 0.207 0 0.005
0.948 0.523 0 0.005
0.948 0.618 0 0.005
0.9515 0.656 0 0.005
0.948 0.69 0 0.005
0.948 0.763 0 0.005
0.948 0.79 0 0.005
0.949 0.023 0 0.005
0.949 0.06 0 0.005
0.949 0.383 0 0.005
0.949 0.412 0 0.005
0.95 0.243 0 0.005
0.95 0.368 0 0.005
0.95 0.724 0 0.005
0.951 0.078 0 0.005
0.951 0.586 0 0.005
0.952 0.01 0 0.005
0.9575 0.098 0 0.005
0.952 0.502 0 0.005
0.9556666666666667 0.15266666666666664 0 0.005
0.953 0.228 0 0.005
0.953 0.439 0 0.005
0.958 0.8655 0 0.005
0.954 0.287 0 0.005
0.9585 0.487 0 0.005
0.957 0.8345 0 0.005
0.955 0.453 0 0.005
0.955 0.639 0 0.005
0.955 0.901 0 0.005
0.956 0.701 0 0.005
0.957 0.271 0 0.005
0.962 0.6675 0 0.005
0.9663333333333334 0.9496666666666667 0 0.005
0.958 0.129 0 0.005
0.958 0.254 0 0.005
0.958 0.307 0 0.005
0.958 0.514 0 0.005
0.958 0.75 0 0.005
0.958 0.925 0 0.005
0.9605 0.9685 0 0.005
0.958 0.986 0 0.005
0.958 0.9967166666666667 0 0.005
0.959 0.426 0 0.005
0.959 0.465 0 0.005
0.9635 0.534 0 0.005
0.959 0.812 0 0.005
0.96 0.051 0 0.005
0.96 0.067 0 0.005
0.96 0.346 0 0.005
0.9655 0.55 0 0.005
0.961 0.031 0 0.005
0.961 0.32 0 0.005
0.961 0.383 0 0.005
0.9665 0.5675 0 0.005
0.961 0.684 0 0.005
0.961 0.799 0 0.005
0.962 0.398 0 0.005
0.966 0.4145 0 0.005
0.964 0.181 0 0.005
0.964 0.364 0 0.005
0.9665 0.5855 0 0.005
0.964 0.614 0 0.005
0.964 0.91 0 0.005
0.965 0.221 0 0.005
0.965 0.503 0 0.005
0.965 0.892 0 0.005
0.966 0.0022833333333333334 0 0.005
0.969 0.2855 0 0.005
0.966 0.479 0 0.005
0.971 0.6255 0 0.005
0.966 0.734 0 0.005
0.966 0.856 0 0.005
0.967 0.244 0 0.005
0.967 0.446 0 0.005
0.967 0.646 0 0.005
0.967 0.716 0 0.005
0.968 0.089 0 0.005
0.9715 0.34 0 0.005
0.972 0.7645 0 0.005
0.9725 0.119 0 0.005
0.975 0.15680000000000002 0 0.005
0.969 0.434 0 0.005
0.97 0.017 0 0.005
0.97 0.256 0 0.005
0.97 0.748 0 0.005
0.971 0.936 0 0.005
0.971 0.974 0 0.005
0.972 0.059 0 0.005
0.972 0.075 0 0.005
0.972 0.2 0 0.005
0.972 0.268 0 0.005
0.9775 0.84 0 0.005
0.972 0.881 0 0.005
0.972 0.921 0 0.005
0.973 0.314 0 0.005
0.973 0.518 0 0.005
0.973 0.684 0 0.005
0.973 0.819 0 0.005
0.9751465968586388 0.9901780104712041 0 0.005
0.974 0.405 0 0.005
0.974 0.703 0 0.005
0.9785 0.803 0 0.005
0.975 0.035 0 0.005
0.975 0.386 0 0.005
0.976 0.374 0 0.005
0.9805 0.908 0 0.005
0.977 0.456 0 0.005
0.977 0.469 0 0.005
0.977 0.501 0 0.005
0.977 0.866 0 0.005
0.9867286432160804 0.4986180904522613 0 0.005
0.978 0.61 0 0.005
0.978 0.653 0 0.005
0.979 0.048 0 0.005
0.979 0.361 0 0.005
0.979 0.596 0 0.005
0.9855 0.1045 0 0.005
0.98 0.665 0 0.005
0.98 0.723 0 0.005
0.98 0.787 0 0.005
0.981 0.212 0 0.005
0.981 0.23 0 0.005
0.981 0.738 0 0.005
0.981 0.756 0 0.005
0.981 0.854 0 0.005
0.982 0.088 0 0.005
0.982 0.33 0 0.005
0.9887881136950905 0.4142093023255814 0 0.005
0.983 0.0022833333333333334 0 0.005
0.983 0.136 0 0.005
0.984 0.024 0 0.005
0.984 0.074 0 0.005
0.984 0.19 0 0.005
0.984 0.256 0 0.005
0.984 0.268 0 0.005
0.987 0.5435 0 0.005
0.989 0.9745 0 0.005
0.985 0.28 0 0.005
0.985 0.297 0 0.005
0.985 0.563 0 0.005
0.985 0.579 0 0.005
0.985 0.633 0 0.005
0.986 0.012 0 0.005
0.986 0.394 0 0.005
0.986 0.447 0 0.005
0.986 0.709 0 0.005
0.9901780104712041 0.9404240837696335 0 0.005
0.987 0.875 0 0.005
0.987 0.892 0 0.005
0.988 0.37 0 0.005
0.988 0.526 0 0.005
0.9922338129496403 0.7626474820143885 0 0.005
0.988 0.811 0 0.005
0.991094674556213 0.9218698224852071 0 0.005
0.989 0.243 0 0.005
0.989 0.687 0 0.005
0.9924108910891088 0.32106435643564357 0 0.005
0.99 0.656 0 0.005
0.991 0.058 0 0.005
0.991 0.483 0 0.005
0.991 0.863 0 0.005
0.9936745562130177 0.03644970414201183 0 0.005
0.992 0.16 0 0.005
0.992 0.622 0 0.005
0.992 0.668 0 0.005
0.993 0.608 0 0.005
0.993 0.955 0 0.005
0.994 0.175 0 0.005
0.994 0.643 0 0.005
0.994 0.72 0 0.005
0.9949644970414201 0.8299053254437869 0 0.005
0.994 0.988 0 0.005
0.9946052631578947 0.003328947368421053 0 0.005
0.994656862745098 0.197 0 0.005
0.994656862745098 0.345 0 0.005
0.994656862745098 0.357 0 0.005
0.9952365591397849 0.14 0 0.005
0.9952365591397849 0.209 0 0.005
0.9952365591397849 0.381 0 0.005
0.9952365591397849 0.462 0 0.005
0.9952365591397849 0.55 0 0.005
0.9952365591397849 0.594 0 0.005
0.9952365591397849 0.74 0 0.005
0.9952365591397849 0.784 0 0.005
0.9957317073170732 0.075 0 0.005
0.9957317073170732 0.121 0 0.005
0.9957317073170732 0.226 0 0.005
0.9957317073170732 0.301 0 0.005
0.996225352112676 0.018 0 0.005
0.996225352112676 0.261 0 0.005
0.996225352112676 0.288 0 0.005
0.996225352112676 0.574 0 0.005
0.996225352112676 0.699 0 0.005
0.996225352112676 0.803 0 0.005
0.996225352112676 0.849 0 0.005
0.996225352112676 0.882 0 0.005
0.9967166666666667 0.09 0 0.005
0.9967166666666667 0.274 0 0.005
0.9967166666666667 0.424 0 0.005
0.9967166666666667 0.441 0 0.005
0.9967166666666667 0.517 0 0.005
0.9967166666666667 0.562 0 0.005
0.9967166666666667 0.905 0 0.005
