0.0022833333333333334 0.086 0 0.005
0.005 0.116 0 0.005
0.003763440860215054 0.208 0 0.005
0.0022833333333333334 0.265 0 0.005
0.005 0.313 0 0.005
0.005 0.33 0 0.005
0.00434313725490196 0.421 0 0.005
0.003763440860215054 0.516 0 0.005
0.003268292682926829 0.577 0 0.005
0.003268292682926829 0.619 0 0.005
0.003763440860215054 0.77 0 0.005
0.00434313725490196 0.793 0 0.005
0.006 0.695 0 0.005
0.006 0.813 0 0.005
0.007 0.237 0 0.005
0.008 0.168 0 0.005
0.01 0.659 0 0.005
0.01 0.963 0 0.005
0.011 0.445 0 0.005
0.011 0.857 0 0.005
0.012 0.394 0 0.005
0.012 0.525 0 0.005
0.012 0.727 0 0.005
0.012 0.98 0 0.005
0.015 0.148 0 0.005
0.015 0.54 0 0.005
0.016 0.407 0 0.005
0.016 0.607 0 0.005
0.016 0.739 0 0.005
0.017 0.071 0 0.005
0.018 0.094 0 0.005
0.02 0.369 0 0.005
0.02 0.576 0 0.005
0.02 0.704 0 0.005
0.022 0.005 0 0.005
0.022 0.106 0 0.005
0.022 0.758 0 0.005
0.023 0.564 0 0.005
0.023 0.856 0 0.005
0.023 0.922 0 0.005
0.024 0.353 0 0.005
0.024 0.383 0 0.005
0.025 0.252 0 0.005
0.025 0.958 0 0.005
0.027 0.624 0 0.005
0.028 0.476 0 0.005
0.028 0.502 0 0.005
0.028 0.792 0 0.005
0.03 0.215 0 0.005
0.031 0.589 0 0.005
0.032 0.366 0 0.005
0.032 0.401 0 0.005
0.032 0.45 0 0.005
0.033 0.531 0 0.005
0.034 0.601 0 0.005
0.034 0.87 0 0.005
0.035 0.904 0 0.005
0.037 0.235 0 0.005
0.037 0.731 0 0.005
0.04 0.423 0 0.005
0.04 0.695 0 0.005
0.043 0.3 0 0.005
0.046 0.668 0 0.005
0.05 0.335 0 0.005
0.051 0.18 0 0.005
0.052 0.44 0 0.005
0.054 0.236 0 0.005
0.054 0.842 0 0.005
0.055 0.29 0 0.005
0.056 0.31 0 0.005
0.056 0.542 0 0.005
0.057 0.635 0 0.005
0.057 0.963 0 0.005
0.058 0.482 0 0.005
0.063 0.5245 0 0.005
0.059 0.785 0 0.005
0.059 0.918 0 0.005
0.06 0.349 0 0.005
0.06 0.372 0 0.005
0.061 0.262 0 0.005
0.061 0.564 0 0.005
0.062 0.327 0 0.005
0.062 0.408 0 0.005
0.062 0.6 0 0.005
0.064 0.003763440860215054 0 0.005
0.064 0.646 0 0.005
0.064 0.705 0 0.005
0.064 0.823 0 0.005
0.065 0.086 0 0.005
0.069 0.579 0 0.005
0.069 0.688 0 0.005
0.069 0.849 0 0.005
0.07 0.733 0 0.005
0.071 0.1 0 0.005
0.071 0.156 0 0.005
0.071 0.31 0 0.005
0.072 0.038 0 0.005
0.072 0.621 0 0.005
0.073 0.796 0 0.005
0.074 0.116 0 0.005
0.074 0.749 0 0.005
0.076 0.073 0 0.005
0.076 0.6 0 0.005
0.076 0.653 0 0.005
0.076 0.872 0 0.005
0.077 0.926 0 0.005
0.078 0.245 0 0.005
0.078 0.47 0 0.005
0.079 0.431 0 0.005
0.0845 0.948 0 0.005
0.082 0.267 0 0.005
0.082 0.342 0 0.005
0.083 0.143 0 0.005
0.083 0.319 0 0.005
0.083 0.716 0 0.005
0.084 0.093 0 0.005
0.085 0.787 0 0.005
0.086 0.305 0 0.005
0.087 0.572 0 0.005
0.088 0.491 0 0.005
0.089 0.418 0 0.005
0.09 0.062 0 0.005
0.09 0.124 0 0.005
0.091 0.461 0 0.005
0.092 0.401 0 0.005
0.093 0.365 0 0.005
0.093 0.911 0 0.005
0.094 0.249 0 0.005
0.094 0.531 0 0.005
0.095 0.026 0 0.005
0.095 0.15 0 0.005
0.097 0.324 0 0.005
0.098 0.927 0 0.005
0.099 0.598 0 0.005
0.1 0.811 0 0.005
0.101 0.193 0 0.005
0.101 0.431 0 0.005
0.102 0.074 0 0.005
0.102 0.099 0 0.005
0.103 0.702 0 0.005
0.103 0.972 0 0.005
0.104 0.764 0 0.005
0.105 0.337 0 0.005
0.105 0.615 0 0.005
0.105 0.719 0 0.005
0.106 0.007 0 0.005
0.106 0.677 0 0.005
0.107 0.908 0 0.005
0.108 0.039 0 0.005
0.11 0.549 0 0.005
0.112 0.448 0 0.005
0.112 0.575 0 0.005
0.112 0.599 0 0.005
0.113 0.201 0 0.005
0.113 0.657 0 0.005
0.1175 0.239 0 0.005
0.114 0.644 0 0.005
0.114 0.79 0 0.005
0.114 0.837 0 0.005
0.114 0.884 0 0.005
0.115 0.069 0 0.005
0.116 0.145 0 0.005
0.116 0.294 0 0.005
0.116 0.868 0 0.005
0.117 0.1 0 0.005
0.118 0.39 0 0.005
0.121 0.18 0 0.005
0.121 0.756 0 0.005
0.122 0.327 0 0.005
0.126 0.021 0 0.005
0.127 0.811 0 0.005
0.128 0.7 0 0.005
0.129 0.491 0 0.005
0.132 0.386 0 0.005
0.132 0.96 0 0.005
0.134 0.008 0 0.005
0.134 0.068 0 0.005
0.135 0.278 0 0.005
0.135 0.873 0 0.005
0.136 0.167 0 0.005
0.136 0.266 0 0.005
0.136 0.564 0 0.005
0.138 0.347 0 0.005
0.139 0.989 0 0.005
0.14 0.104 0 0.005
0.14 0.213 0 0.005
0.14 0.735 0 0.005
0.14 0.792 0 0.005
0.141 0.609 0 0.005
0.142 0.812 0 0.005
0.143 0.403 0 0.005
0.144 0.307 0 0.005
0.144 0.685 0 0.005
0.145 0.19 0 0.005
0.145 0.586 0 0.005
0.145 0.846 0 0.005
0.145 0.864 0 0.005
0.146 0.241 0 0.005
0.146 0.416 0 0.005
0.148 0.654 0 0.005
0.149 0.697 0 0.005
0.15 0.263 0 0.005
0.15 0.57 0 0.005
0.151 0.345 0 0.005
0.151 0.553 0 0.005
0.153 0.086 0 0.005
0.153 0.134 0 0.005
0.153 0.224 0 0.005
0.153 0.744 0 0.005
0.154 0.276 0 0.005
0.154 0.766 0 0.005
0.154 0.831 0 0.005
0.156 0.501 0 0.005
0.156 0.518 0 0.005
0.158 0.924 0 0.005
0.159 0.247 0 0.005
0.159 0.601 0 0.005
0.16 0.006 0 0.005
0.16 0.636 0 0.005
0.161 0.44 0 0.005
0.164 0.427 0 0.005
0.165 0.336 0 0.005
0.165 0.725 0 0.005
0.165 0.893 0 0.005
0.166 0.47 0 0.005
0.168 0.185 0 0.005
0.169 0.152 0 0.005
0.169 0.353 0 0.005
0.169 0.799 0 0.005
0.17 0.034 0 0.005
0.17 0.9967166666666667 0 0.005
0.172 0.313 0 0.005
0.173 0.26 0 0.005
0.173 0.931 0 0.005
0.174 0.076 0 0.005
0.174 0.986 0 0.005
0.175 0.904 0 0.005
0.176 0.62 0 0.005
0.176 0.962 0 0.005
0.177 0.23 0 0.005
0.178 0.732 0 0.005
0.18 0.917 0 0.005
0.181 0.197 0 0.005
0.181 0.377 0 0.005
0.181 0.659 0 0.005
0.183 0.673 0 0.005
0.184 0.02 0 0.005
0.184 0.327 0 0.005
0.185 0.137 0 0.005
0.188 0.04 0 0.005
0.188 0.542 0 0.005
0.19 0.311 0 0.005
0.19 0.853 0 0.005
0.191 0.414 0 0.005
0.192 0.096 0 0.005
0.192 0.247 0 0.005
0.192 0.445 0 0.005
0.192 0.582 0 0.005
0.192 0.791 0 0.005
0.193 0.381 0 0.005
0.193 0.644 0 0.005
0.193 0.986 0 0.005
0.194 0.277 0 0.005
0.194 0.346 0 0.005
0.194 0.892 0 0.005
0.195 0.496 0 0.005
0.195 0.747 0 0.005
0.197 0.964 0 0.005
0.199 0.053 0 0.005
0.199 0.922 0 0.005
0.199 0.936 0 0.005
0.2 0.149 0 0.005
0.201 0.227 0 0.005
0.202 0.814 0 0.005
0.204 0.008 0 0.005
0.204 0.041 0 0.005
0.204 0.993 0 0.005
0.205 0.066 0 0.005
0.205 0.078 0 0.005
0.205 0.584 0 0.005
0.207 0.694 0 0.005
0.208 0.945 0 0.005
0.209 0.252 0 0.005
0.209 0.669 0 0.005
0.21 0.974 0 0.005
0.211 0.349 0 0.005
0.211 0.747 0 0.005
0.212 0.463 0 0.005
0.214 0.177 0 0.005
0.215 0.319 0 0.005
0.217 0.883 0 0.005
0.22 0.608 0 0.005
0.221 0.3 0 0.005
0.221 0.902 0 0.005
0.221 0.944 0 0.005
0.221 0.983 0 0.005
0.222 0.082 0 0.005
0.222 0.738 0 0.005
0.222 0.863 0 0.005
0.223 0.209 0 0.005
0.223 0.536 0 0.005
0.224 0.105 0 0.005
0.224 0.244 0 0.005
0.224 0.433 0 0.005
0.224 0.596 0 0.005
0.225 0.68 0 0.005
0.226 0.14 0 0.005
0.226 0.762 0 0.005
0.2305 0.521 0 0.005
0.227 0.795 0 0.005
0.228 0.003268292682926829 0 0.005
0.228 0.417 0 0.005
0.23 0.933 0 0.005
0.231 0.318 0 0.005
0.231 0.459 0 0.005
0.231 0.664 0 0.005
0.231 0.879 0 0.005
0.234 0.291 0 0.005
0.234 0.615 0 0.005
0.235 0.812 0 0.005
0.237 0.169 0 0.005
0.237 0.738 0 0.005
0.238 0.011 0 0.005
0.238 0.087 0 0.005
0.238 0.333 0 0.005
0.238 0.834 0 0.005
0.239 0.024 0 0.005
0.239 0.376 0 0.005
0.239 0.982 0 0.005
0.24 0.128 0 0.005
0.24 0.204 0 0.005
0.241 0.898 0 0.005
0.242 0.111 0 0.005
0.242 0.363 0 0.005
0.243 0.47 0 0.005
0.244 0.236 0 0.005
0.245 0.053 0 0.005
0.245 0.953 0 0.005
0.246 0.552 0 0.005
0.247 0.252 0 0.005
0.247 0.623 0 0.005
0.247 0.636 0 0.005
0.252 0.4305 0 0.005
0.248 0.449 0 0.005
0.249 0.66 0 0.005
0.249 0.819 0 0.005
0.251 0.792 0 0.005
0.2545 0.892 0 0.005
0.252 0.57 0 0.005
0.253 0.483 0 0.005
0.253 0.677 0 0.005
0.254 0.982 0 0.005
0.255 0.856 0 0.005
0.256 0.00434313725490196 0 0.005
0.256 0.9952365591397849 0 0.005
0.258 0.287 0 0.005
0.262 0.022 0 0.005
0.262 0.389 0 0.005
0.262 0.714 0 0.005
0.263 0.101 0 0.005
0.263 0.249 0 0.005
0.264 0.578 0 0.005
0.265 0.377 0 0.005
0.265 0.645 0 0.005
0.266 0.271 0 0.005
0.266 0.783 0 0.005
0.267 0.497 0 0.005
0.268 0.037 0 0.005
0.274 0.4785 0 0.005
0.27 0.169 0 0.005
0.27 0.41 0 0.005
0.27 0.968 0 0.005
0.271 0.308 0 0.005
0.271 0.361 0 0.005
0.271 0.871 0 0.005
0.272 0.122 0 0.005
0.272 0.766 0 0.005
0.272 0.911 0 0.005
0.273 0.24 0 0.005
0.274 0.621 0 0.005
0.276 0.461 0 0.005
0.276 0.883 0 0.005
0.277 0.006 0 0.005
0.277 0.026 0 0.005
0.277 0.383 0 0.005
0.278 0.577 0 0.005
0.279 0.065 0 0.005
0.28 0.212 0 0.005
0.28 0.781 0 0.005
0.28 0.819 0 0.005
0.281 0.197 0 0.005
0.282 0.324 0 0.005
0.282 0.537 0 0.005
0.283 0.869 0 0.005
0.284 0.177 0 0.005
0.286 0.142 0 0.005
0.286 0.607 0 0.005
0.287 0.802 0 0.005
0.288 0.242 0 0.005
0.29 0.717 0 0.005
0.291 0.007 0 0.005
0.291 0.423 0 0.005
0.293 0.069 0 0.005
0.293 0.668 0 0.005
0.293 0.767 0 0.005
0.294 0.437 0 0.005
0.295 0.331 0 0.005
0.295 0.554 0 0.005
0.295 0.653 0 0.005
0.296 0.057 0 0.005
0.296 0.588 0 0.005
0.297 0.692 0 0.005
0.297 0.91 0 0.005
0.298 0.746 0 0.005
0.3 0.177 0 0.005
0.301 0.52 0 0.005
0.302 0.226 0 0.005
0.303 0.61 0 0.005
0.304 0.286 0 0.005
0.304 0.957 0 0.005
0.305 0.835 0 0.005
0.307 0.665 0 0.005
0.308 0.401 0 0.005
0.308 0.447 0 0.005
0.308 0.625 0 0.005
0.309 0.243 0 0.005
0.309 0.821 0 0.005
0.309 0.86 0 0.005
0.31 0.572 0 0.005
0.311 0.64 0 0.005
0.312 0.793 0 0.005
0.313 0.766 0 0.005
0.314 0.273 0 0.005
0.314 0.498 0 0.005
0.315 0.551 0 0.005
0.315 0.677 0 0.005
0.317 0.069 0 0.005
0.317 0.977 0 0.005
0.318 0.19 0 0.005
0.318 0.475 0 0.005
0.32 0.337 0 0.005
0.32 0.461 0 0.005
0.321 0.63 0 0.005
0.322 0.051 0 0.005
0.322 0.809 0 0.005
0.323 0.139 0 0.005
0.323 0.216 0 0.005
0.323 0.717 0 0.005
0.324 0.729 0 0.005
0.326 0.439 0 0.005
0.326 0.689 0 0.005
0.328 0.772 0 0.005
0.332 0.3515 0 0.005
0.329 0.512 0 0.005
0.33 0.243 0 0.005
0.33 0.322 0 0.005
0.33 0.383 0 0.005
0.331 0.536 0 0.005
0.331 0.949 0 0.005
0.332 0.308 0 0.005
0.3385 0.045 0 0.005
0.335 0.452 0 0.005
0.336 0.177 0 0.005
0.336 0.628 0 0.005
0.336 0.734 0 0.005
0.338 0.87 0 0.005
0.339 0.113 0 0.005
0.34 0.212 0 0.005
0.34 0.98 0 0.005
0.341 0.082 0 0.005
0.341 0.128 0 0.005
0.341 0.224 0 0.005
0.341 0.912 0 0.005
0.342 0.665 0 0.005
0.343 0.195 0 0.005
0.343 0.243 0 0.005
0.344 0.93 0 0.005
0.345 0.435 0 0.005
0.346 0.314 0 0.005
0.346 0.367 0 0.005
0.346 0.56 0 0.005
0.348 0.38 0 0.005
0.349 0.41 0 0.005
0.349 0.483 0 0.005
0.349 0.716 0 0.005
0.349 0.996225352112676 0 0.005
0.351 0.105 0 0.005
0.352 0.847 0 0.005
0.354 0.584 0 0.005
0.354 0.961 0 0.005
0.356 0.634 0 0.005
0.356 0.742 0 0.005
0.356 0.885 0 0.005
0.358 0.442 0 0.005
0.359 0.917 0 0.005
0.36 0.364 0 0.005
0.361 0.229 0 0.005
0.361 0.792 0 0.005
0.362 0.646 0 0.005
0.362 0.675 0 0.005
0.363 0.188 0 0.005
0.363 0.314 0 0.005
0.363 0.945 0 0.005
0.365 0.158 0 0.005
0.367 0.625 0 0.005
0.371 0.2895 0 0.005
0.368 0.932 0 0.005
0.369 0.612 0 0.005
0.369 0.664 0 0.005
0.369 0.833 0 0.005
0.369 0.85 0 0.005
0.37 0.12 0 0.005
0.37 0.893 0 0.005
0.371 0.035 0 0.005
0.371 0.967 0 0.005
0.372 0.337 0 0.005
0.373 0.201 0 0.005
0.373 0.723 0 0.005
0.373 0.761 0 0.005
0.374 0.065 0 0.005
0.375 0.739 0 0.005
0.376 0.15 0 0.005
0.376 0.254 0 0.005
0.376 0.501 0 0.005
0.377 0.555 0 0.005
0.378 0.418 0 0.005
0.379 0.051 0 0.005
0.381 0.626 0 0.005
0.381 0.924 0 0.005
0.382 0.477 0 0.005
0.383 0.125 0 0.005
0.383 0.138 0 0.005
0.384 0.694 0 0.005
0.384 0.714 0 0.005
0.385 0.941 0 0.005
0.386 0.514 0 0.005
0.387 0.221 0 0.005
0.387 0.298 0 0.005
0.3915 0.412 0 0.005
0.389 0.369 0 0.005
0.389 0.804 0 0.005
0.39 0.32 0 0.005
0.391 0.112 0 0.005
0.391 0.495 0 0.005
0.391 0.581 0 0.005
0.392 0.26 0 0.005
0.393 0.162 0 0.005
0.393 0.277 0 0.005
0.395 0.238 0 0.005
0.396 0.179 0 0.005
0.396 0.869 0 0.005
0.397 0.535 0 0.005
0.397 0.889 0 0.005
0.398 0.31 0 0.005
0.398 0.697 0 0.005
0.398 0.908 0 0.005
0.399 0.396 0 0.005
0.402 0.727 0 0.005
0.402 0.764 0 0.005
0.403 0.463 0 0.005
0.404 0.21 0 0.005
0.405 0.508 0 0.005
0.405 0.994656862745098 0 0.005
0.407 0.438 0 0.005
0.408 0.823 0 0.005
0.4125 0.539 0 0.005
0.411 0.156 0 0.005
0.412 0.861 0 0.005
0.414 0.066 0 0.005
0.414 0.219 0 0.005
0.414 0.75 0 0.005
0.415 0.619 0 0.005
0.417 0.682 0 0.005
0.4205 0.4715 0 0.005
0.419 0.119 0 0.005
0.419 0.845 0 0.005
0.42 0.305 0 0.005
0.42 0.969 0 0.005
0.421 0.289 0 0.005
0.421 0.324 0 0.005
0.422 0.133 0 0.005
0.423 0.993 0 0.005
0.424 0.799 0 0.005
0.425 0.052 0 0.005
0.425 0.5 0 0.005
0.427 0.742 0 0.005
0.428 0.258 0 0.005
0.428 0.531 0 0.005
0.428 0.631 0 0.005
0.428 0.764 0 0.005
0.429 0.438 0 0.005
0.43 0.378 0 0.005
0.43 0.587 0 0.005
0.43 0.874 0 0.005
0.43 0.955 0 0.005
0.431 0.923 0 0.005
0.433 0.092 0 0.005
0.4375 0.43 0 0.005
0.435 0.469 0 0.005
0.435 0.845 0 0.005
0.436 0.123 0 0.005
0.436 0.17 0 0.005
0.437 0.792 0 0.005
0.437 0.861 0 0.005
0.438 0.011 0 0.005
0.439 0.305 0 0.005
0.439 0.691 0 0.005
0.439 0.884 0 0.005
0.44 0.349 0 0.005
0.44 0.538 0 0.005
0.44 0.833 0 0.005
0.44 0.992 0 0.005
0.442 0.485 0 0.005
0.444 0.213 0 0.005
0.444 0.458 0 0.005
0.444 0.666 0 0.005
0.446 0.19 0 0.005
0.446 0.634 0 0.005
0.447 0.778 0 0.005
0.448 0.678 0 0.005
0.449 0.333 0 0.005
0.451 0.027 0 0.005
0.451 0.805 0 0.005
0.452 0.069 0 0.005
0.452 0.393 0 0.005
0.453 0.084 0 0.005
0.453 0.851 0 0.005
0.455 0.16 0 0.005
0.455 0.996225352112676 0 0.005
0.456 0.311 0 0.005
0.456 0.494 0 0.005
0.457 0.261 0 0.005
0.457 0.591 0 0.005
0.458 0.412 0 0.005
0.459 0.144 0 0.005
0.459 0.191 0 0.005
0.459 0.979 0 0.005
0.46 0.547 0 0.005
0.461 0.38 0 0.005
0.462 0.841 0 0.005
0.463 0.236 0 0.005
0.463 0.464 0 0.005
0.463 0.667 0 0.005
0.464 0.508 0 0.005
0.465 0.926 0 0.005
0.467 0.396 0 0.005
0.467 0.525 0 0.005
0.467 0.572 0 0.005
0.467 0.618 0 0.005
0.468 0.019 0 0.005
0.469 0.264 0 0.005
0.47 0.631 0 0.005
0.471 0.092 0 0.005
0.472 0.976 0 0.005
0.473 0.677 0 0.005
0.473 0.817 0 0.005
0.474 0.443 0 0.005
0.475 0.308 0 0.005
0.478 0.761 0 0.005
0.478 0.836 0 0.005
0.481 0.327 0 0.005
0.481 0.621 0 0.005
0.482 0.784 0 0.005
0.486 0.4345 0 0.005
0.483 0.87 0 0.005
0.484 0.537 0 0.005
0.485 0.186 0 0.005
0.485 0.681 0 0.005
0.485 0.695 0 0.005
0.486 0.116 0 0.005
0.487 0.031 0 0.005
0.487 0.453 0 0.005
0.487 0.93 0 0.005
0.488 0.721 0 0.005
0.488 0.816 0 0.005
0.49 0.495 0 0.005
0.491 0.21 0 0.005
0.492 0.31 0 0.005
0.493 0.951 0 0.005
0.494 0.641 0 0.005
0.495 0.833 0 0.005
0.496 0.411 0 0.005
0.496 0.522 0 0.005
0.496 0.742 0 0.005
0.497 0.468 0 0.005
0.497 0.707 0 0.005
0.498 0.573 0 0.005
0.499 0.076 0 0.005
0.499 0.978 0 0.005
0.5 0.814 0 0.005
0.501 0.296 0 0.005
0.501 0.68 0 0.005
0.505 0.12 0 0.005
0.505 0.186 0 0.005
0.505 0.611 0 0.005
0.507 0.771 0 0.005
0.507 0.853 0 0.005
0.508 0.089 0 0.005
0.508 0.239 0 0.005
0.508 0.264 0 0.005
0.508 0.398 0 0.005
0.508 0.655 0 0.005
0.509 0.211 0 0.005
0.51 0.935 0 0.005
0.513 0.103 0 0.005
0.513 0.482 0 0.005
0.513 0.549 0 0.005
0.514 0.352 0 0.005
0.514 0.454 0 0.005
0.514 0.872 0 0.005
0.516 0.824 0 0.005
0.518 0.605 0 0.005
0.519 0.775 0 0.005
0.5255 0.026 0 0.005
0.521 0.633 0 0.005
0.521 0.857 0 0.005
0.522 0.003268292682926829 0 0.005
0.522 0.182 0 0.005
0.5245 0.6815 0 0.005
0.523 0.066 0 0.005
0.524 0.527 0 0.005
0.524 0.836 0 0.005
0.526 0.13 0 0.005
0.527 0.893 0 0.005
0.528 0.2 0 0.005
0.528 0.787 0 0.005
0.529 0.761 0 0.005
0.529 0.803 0 0.005
0.53 0.489 0 0.005
0.531 0.32 0 0.005
0.531 0.41 0 0.005
0.531 0.703 0 0.005
0.534 0.036 0 0.005
0.535 0.849 0 0.005
0.536 0.234 0 0.005
0.536 0.336 0 0.005
0.539 0.5805 0 0.005
0.538 0.912 0 0.005
0.541 0.54 0 0.005
0.541 0.799 0 0.005
0.542 0.025 0 0.005
0.542 0.971 0 0.005
0.543 0.944 0 0.005
0.544 0.779 0 0.005
0.545 0.173 0 0.005
0.545 0.612 0 0.005
0.545 0.654 0 0.005
0.545 0.858 0 0.005
0.546 0.598 0 0.005
0.547 0.251 0 0.005
0.547 0.819 0 0.005
0.548 0.232 0 0.005
0.551 0.142 0 0.005
0.552 0.895 0 0.005
0.557 0.585 0 0.005
0.558 0.315 0 0.005
0.559 0.294 0 0.005
0.56 0.627 0 0.005
0.561 0.763 0 0.005
0.562 0.484 0 0.005
0.563 0.544 0 0.005
0.564 0.02 0 0.005
0.565 0.9967166666666667 0 0.005
0.567 0.234 0 0.005
0.567 0.42 0 0.005
0.567 0.438 0 0.005
0.567 0.908 0 0.005
0.568 0.133 0 0.005
0.568 0.749 0 0.005
0.569 0.162 0 0.005
0.569 0.884 0 0.005
0.57 0.598 0 0.005
0.572 0.003763440860215054 0 0.005
0.573 0.853 0 0.005
0.574 0.553 0 0.005
0.575 0.675 0 0.005
0.576 0.917 0 0.005
0.577 0.122 0 0.005
0.577 0.766 0 0.005
0.577 0.821 0 0.005
0.578 0.097 0 0.005
0.579 0.296 0 0.005
0.579 0.9 0 0.005
0.58 0.08 0 0.005
0.58 0.337 0 0.005
0.58 0.64 0 0.005
0.581 0.208 0 0.005
0.582 0.273 0 0.005
0.583 0.227 0 0.005
0.583 0.481 0 0.005
0.583 0.711 0 0.005
0.585 0.008 0 0.005
0.585 0.81 0 0.005
0.585 0.87 0 0.005
0.586 0.034 0 0.005
0.588 0.496 0 0.005
0.588 0.605 0 0.005
0.589 0.252 0 0.005
0.591 0.382 0 0.005
0.593 0.447 0 0.005
0.593 0.574 0 0.005
0.596 0.794 0 0.005
0.597 0.31 0 0.005
0.598 0.698 0 0.005
0.6 0.276 0 0.005
0.6 0.461 0 0.005
0.6 0.552 0 0.005
0.6 0.923 0 0.005
0.601 0.892 0 0.005
0.602 0.166 0 0.005
0.602 0.849 0 0.005
0.603 0.142 0 0.005
0.603 0.867 0 0.005
0.604 0.233 0 0.005
0.605 0.375 0 0.005
0.606 0.576 0 0.005
0.606 0.665 0 0.005
0.606 0.756 0 0.005
0.607 0.387 0 0.005
0.607 0.449 0 0.005
0.607 0.776 0 0.005
0.608 0.682 0 0.005
0.613 0.5925 0 0.005
0.61 0.353 0 0.005
0.6125 0.6235 0 0.005
0.611 0.11 0 0.005
0.611 0.742 0 0.005
0.612 0.177 0 0.005
0.612 0.908 0 0.005
0.614 0.641 0 0.005
0.616 0.248 0 0.005
0.616 0.872 0 0.005
0.618 0.021 0 0.005
0.618 0.093 0 0.005
0.618 0.38 0 0.005
0.618 0.852 0 0.005
0.619 0.124 0 0.005
0.619 0.147 0 0.005
0.619 0.553 0 0.005
0.62 0.722 0 0.005
0.62 0.77 0 0.005
0.62 0.791 0 0.005
0.6303333333333334 0.19733333333333333 0 0.005
0.622 0.081 0 0.005
0.622 0.891 0 0.005
0.623 0.408 0 0.005
0.624 0.923 0 0.005
0.625 0.598 0 0.005
0.626 0.109 0 0.005
0.627 0.579 0 0.005
0.628 0.238 0 0.005
0.629 0.756 0 0.005
0.631 0.449 0 0.005
0.632 0.342 0 0.005
0.632 0.39 0 0.005
0.632 0.989 0 0.005
0.633 0.468 0 0.005
0.634 0.064 0 0.005
0.635 0.257 0 0.005
0.635 0.485 0 0.005
0.635 0.964 0 0.005
0.636 0.9 0 0.005
0.637 0.878 0 0.005
0.638 0.121 0 0.005
0.642 0.6825 0 0.005
0.639 0.74 0 0.005
0.641 0.324 0 0.005
0.642 0.794 0 0.005
0.643 0.095 0 0.005
0.644 0.298 0 0.005
0.644 0.82 0 0.005
0.645 0.155 0 0.005
0.645 0.169 0 0.005
0.648 0.076 0 0.005
0.649 0.483 0 0.005
0.651 0.334 0 0.005
0.651 0.859 0 0.005
0.652 0.006 0 0.005
0.652 0.716 0 0.005
0.652 0.778 0 0.005
0.653 0.758 0 0.005
0.654 0.545 0 0.005
0.655 0.286 0 0.005
0.656 0.82 0 0.005
0.658 0.252 0 0.005
0.658 0.974 0 0.005
0.659 0.468 0 0.005
0.661 0.512 0 0.005
0.662 0.105 0 0.005
0.662 0.165 0 0.005
0.663 0.359 0 0.005
0.664 0.732 0 0.005
0.665 0.91 0 0.005
0.666 0.137 0 0.005
0.667 0.582 0 0.005
0.667 0.891 0 0.005
0.668 0.447 0 0.005
0.668 0.796 0 0.005
0.668 0.828 0 0.005
0.669 0.431 0 0.005
0.669 0.747 0 0.005
0.67 0.776 0 0.005
0.671 0.563 0 0.005
0.671 0.661 0 0.005
0.672 0.701 0 0.005
0.672 0.943 0 0.005
0.674 0.024 0 0.005
0.674 0.097 0 0.005
0.675 0.418 0 0.005
0.675 0.494 0 0.005
0.677 0.238 0 0.005
0.677 0.402 0 0.005
0.677 0.635 0 0.005
0.678 0.037 0 0.005
0.678 0.153 0 0.005
0.678 0.272 0 0.005
0.678 0.911 0 0.005
0.679 0.312 0 0.005
0.679 0.789 0 0.005
0.68 0.22 0 0.005
0.68 0.353 0 0.005
0.682 0.808 0 0.005
0.683 0.114 0 0.005
0.683 0.173 0 0.005
0.684 0.609 0 0.005
0.685 0.287 0 0.005
0.685 0.367 0 0.005
0.685 0.982 0 0.005
0.686 0.967 0 0.005
0.687 0.688 0 0.005
0.687 0.706 0 0.005
0.687 0.728 0 0.005
0.687 0.834 0 0.005
0.689 0.797 0 0.005
0.691 0.257 0 0.005
0.692 0.036 0 0.005
0.692 0.904 0 0.005
0.693 0.413 0 0.005
0.693 0.64 0 0.005
0.694 0.141 0 0.005
0.694 0.222 0 0.005
0.694 0.528 0 0.005
0.694 0.86 0 0.005
0.695 0.183 0 0.005
0.695 0.994 0 0.005
0.697 0.623 0 0.005
0.698 0.02 0 0.005
0.698 0.399 0 0.005
0.698 0.889 0 0.005
0.699 0.664 0 0.005
0.7 0.358 0 0.005
0.701 0.075 0 0.005
0.701 0.382 0 0.005
0.701 0.492 0 0.005
0.701 0.696 0 0.005
0.701 0.81 0 0.005
0.703 0.913 0 0.005
0.704 0.341 0 0.005
0.705 0.238 0 0.005
0.706 0.747 0 0.005
0.707 0.853 0 0.005
0.708 0.547 0 0.005
0.708 0.73 0 0.005
0.708 0.779 0 0.005
0.71 0.085 0 0.005
0.71 0.221 0 0.005
0.715 0.4665 0 0.005
0.71 0.505 0 0.005
0.71 0.637 0 0.005
0.711 0.204 0 0.005
0.711 0.273 0 0.005
0.711 0.392 0 0.005
0.712 0.407 0 0.005
0.712 0.427 0 0.005
0.712 0.714 0 0.005
0.714 0.602 0 0.005
0.716 0.688 0 0.005
0.718 0.495 0 0.005
0.719 0.117 0 0.005
0.72 0.193 0 0.005
0.72 0.906 0 0.005
0.721 0.313 0 0.005
0.723 0.343 0 0.005
0.723 0.921 0 0.005
0.724 0.527 0 0.005
0.726 0.72 0 0.005
0.727 0.071 0 0.005
0.727 0.239 0 0.005
0.727 0.854 0 0.005
0.728 0.088 0 0.005
0.728 0.515 0 0.005
0.728 0.891 0 0.005
0.729 0.037 0 0.005
0.729 0.05 0 0.005
0.729 0.137 0 0.005
0.729 0.302 0 0.005
0.73 0.623 0 0.005
0.731 0.003763440860215054 0 0.005
0.732 0.705 0 0.005
0.734 0.608 0 0.005
0.735 0.43 0 0.005
0.735 0.543 0 0.005
0.736 0.113 0 0.005
0.736 0.957 0 0.005
0.737 0.496 0 0.005
0.742 0.6365 0 0.005
0.737 0.751 0 0.005
0.738 0.823 0 0.005
0.739 0.153 0 0.005
0.739 0.409 0 0.005
0.739 0.577 0 0.005
0.741 0.244 0 0.005
0.742 0.196 0 0.005
0.742 0.842 0 0.005
0.744 0.094 0 0.005
0.744 0.781 0 0.005
0.744 0.917 0 0.005
0.745 0.936 0 0.005
0.747 0.385 0 0.005
0.747 0.465 0 0.005
0.747 0.767 0 0.005
0.752 0.256 0 0.005
0.752 0.609 0 0.005
0.752 0.725 0 0.005
0.752 0.948 0 0.005
0.753 0.66 0 0.005
0.754 0.073 0 0.005
0.754 0.494 0 0.005
0.754 0.516 0 0.005
0.754 0.96 0 0.005
0.755 0.17 0 0.005
0.755 0.546 0 0.005
0.757 0.431 0 0.005
0.758 0.834 0 0.005
0.759 0.822 0 0.005
0.759 0.885 0 0.005
0.761 0.113 0 0.005
0.761 0.128 0 0.005
0.761 0.318 0 0.005
0.761 0.855 0 0.005
0.764 0.141 0 0.005
0.765 0.909 0 0.005
0.766 0.013 0 0.005
0.766 0.204 0 0.005
0.766 0.258 0 0.005
0.767 0.066 0 0.005
0.768 0.726 0 0.005
0.77 0.566 0 0.005
0.771 0.355 0 0.005
0.771 0.643 0 0.005
0.773 0.747 0 0.005
0.773 0.793 0 0.005
0.774 0.093 0 0.005
0.774 0.224 0 0.005
0.774 0.879 0 0.005
0.774 0.959 0 0.005
0.775 0.298 0 0.005
0.775 0.407 0 0.005
0.7805 0.595 0 0.005
0.776 0.941 0 0.005
0.778 0.714 0 0.005
0.78 0.831 0 0.005
0.781 0.324 0 0.005
0.782 0.276 0 0.005
0.783 0.618 0 0.005
0.783 0.9952365591397849 0 0.005
0.784 0.493 0 0.005
0.785 0.972 0 0.005
0.786 0.339 0 0.005
0.786 0.744 0 0.005
0.787 0.113 0 0.005
0.787 0.303 0 0.005
0.788 0.254 0 0.005
0.788 0.852 0 0.005
0.789 0.003268292682926829 0 0.005
0.789 0.63 0 0.005
0.789 0.874 0 0.005
0.791 0.038 0 0.005
0.791 0.528 0 0.005
0.792 0.162 0 0.005
0.792 0.19 0 0.005
0.792 0.726 0 0.005
0.793 0.285 0 0.005
0.794 0.565 0 0.005
0.795 0.322 0 0.005
0.795 0.688 0 0.005
0.795 0.906 0 0.005
0.796 0.136 0 0.005
0.796 0.509 0 0.005
0.798 0.211 0 0.005
0.798 0.39 0 0.005
0.798 0.941 0 0.005
0.799 0.362 0 0.005
0.799 0.739 0 0.005
0.8 0.273 0 0.005
0.8 0.597 0 0.005
0.801 0.334 0 0.005
0.801 0.716 0 0.005
0.802 0.072 0 0.005
0.802 0.087 0 0.005
0.802 0.855 0 0.005
0.803 0.804 0 0.005
0.804 0.054 0 0.005
0.805 0.89 0 0.005
0.806 0.528 0 0.005
0.807 0.444 0 0.005
0.808 0.353 0 0.005
0.808 0.457 0 0.005
0.808 0.91 0 0.005
0.809 0.313 0 0.005
0.81 0.773 0 0.005
0.811 0.043 0 0.005
0.811 0.492 0 0.005
0.815 0.279 0 0.005
0.815 0.42 0 0.005
0.816 0.948 0 0.005
0.816 0.968 0 0.005
0.817 0.199 0 0.005
0.817 0.641 0 0.005
0.817 0.664 0 0.005
0.817 0.817 0 0.005
0.8225 0.881 0 0.005
0.818 0.693 0 0.005
0.818 0.759 0 0.005
0.8265 0.108 0 0.005
0.821 0.471 0 0.005
0.822 0.558 0 0.005
0.822 0.62 0 0.005
0.823 0.228 0 0.005
0.825 0.135 0 0.005
0.825 0.331 0 0.005
0.825 0.938 0 0.005
0.826 0.159 0 0.005
0.826 0.705 0 0.005
0.826 0.835 0 0.005
0.827 0.546 0 0.005
0.827 0.78 0 0.005
0.827 0.91 0 0.005
0.827 0.979 0 0.005
0.828 0.372 0 0.005
0.828 0.607 0 0.005
0.831 0.483 0 0.005
0.832 0.067 0 0.005
0.833 0.806 0 0.005
0.834 0.188 0 0.005
0.834 0.29 0 0.005
0.834 0.521 0 0.005
0.834 0.85 0 0.005
0.835 0.753 0 0.005
0.837 0.438 0 0.005
0.837 0.697 0 0.005
0.842 0.5335 0 0.005
0.838 0.629 0 0.005
0.839 0.055 0 0.005
0.839 0.952 0 0.005
0.84 0.672 0 0.005
0.841 0.321 0 0.005
0.841 0.736 0 0.005
0.841 0.926 0 0.005
0.842 0.244 0 0.005
0.843 0.346 0 0.005
0.844 0.03 0 0.005
0.844 0.299 0 0.005
0.844 0.359 0 0.005
0.844 0.659 0 0.005
0.844 0.862 0 0.005
0.845 0.091 0 0.005
0.845 0.222 0 0.005
0.845 0.716 0 0.005
0.846 0.153 0 0.005
0.8515 0.601 0 0.005
0.847 0.076 0 0.005
0.847 0.125 0 0.005
0.848 0.261 0 0.005
0.85 0.631 0 0.005
0.85 0.685 0 0.005
0.851 0.049 0 0.005
0.851 0.482 0 0.005
0.852 0.449 0 0.005
0.853 0.183 0 0.005
0.854 0.89 0 0.005
0.856 0.618 0 0.005
0.858 0.83 0 0.005
0.859 0.505 0 0.005
0.859 0.982 0 0.005
0.865 0.1375 0 0.005
0.861 0.678 0 0.005
0.861 0.771 0 0.005
0.862 0.068 0 0.005
0.863 0.336 0 0.005
0.863 0.486 0 0.005
0.864 0.109 0 0.005
0.864 0.296 0 0.005
0.866 0.559 0 0.005
0.866 0.662 0 0.005
0.867 0.972 0 0.005
0.868 0.576 0 0.005
0.868 0.905 0 0.005
0.869 0.381 0 0.005
0.87 0.433 0 0.005
0.871 0.037 0 0.005
0.871 0.545 0 0.005
0.871 0.785 0 0.005
0.871 0.924 0 0.005
0.872 0.401 0 0.005
0.873 0.446 0 0.005
0.874 0.612 0 0.005
0.874 0.983 0 0.005
0.875 0.947 0 0.005
0.876 0.532 0 0.005
0.879 0.107 0 0.005
0.879 0.336 0 0.005
0.88 0.145 0 0.005
0.88 0.319 0 0.005
0.88 0.52 0 0.005
0.88 0.682 0 0.005
0.88 0.91 0 0.005
0.881 0.014 0 0.005
0.881 0.632 0 0.005
0.884 0.6595 0 0.005
0.882 0.257 0 0.005
0.882 0.387 0 0.005
0.883 0.434 0 0.005
0.883 0.574 0 0.005
0.883 0.767 0 0.005
0.885 0.162 0 0.005
0.886 0.205 0 0.005
0.886 0.721 0 0.005
0.886 0.799 0 0.005
0.888 0.832 0 0.005
0.889 0.051 0 0.005
0.89 0.374 0 0.005
0.891 0.331 0 0.005
0.892 0.192 0 0.005
0.892 0.678 0 0.005
0.893 0.283 0 0.005
0.893 0.523 0 0.005
0.894 0.731 0 0.005
0.895 0.945 0 0.005
0.896 0.499 0 0.005
0.896 0.92 0 0.005
0.897 0.436 0 0.005
0.897 0.654 0 0.005
0.898 0.712 0 0.005
0.899 0.36 0 0.005
0.899 0.612 0 0.005
0.899 0.971 0 0.005
0.9 0.4 0 0.005
0.901 0.1 0 0.005
0.903 0.113 0 0.005
0.903 0.552 0 0.005
0.905 0.139 0 0.005
0.906 0.452 0 0.005
0.907 0.638 0 0.005
0.908 0.751 0 0.005
0.909 0.074 0 0.005
0.91 0.716 0 0.005
0.91 0.913 0 0.005
0.911 0.43 0 0.005
0.912 0.041 0 0.005
0.912 0.271 0 0.005
0.913 0.824 0 0.005
0.9165 0.1755 0 0.005
0.914 0.9952365591397849 0 0.005
0.915 0.691 0 0.005
0.916 0.416 0 0.005
0.918 0.968 0 0.005
0.92 0.634 0 0.005
0.921 0.5 0 0.005
0.921 0.548 0 0.005
0.922 0.104 0 0.005
0.922 0.652 0 0.005
0.924 0.705 0 0.005
0.924 0.75 0 0.005
0.925 0.134 0 0.005
0.926 0.063 0 0.005
0.928 0.157 0 0.005
0.93 0.663 0 0.005
0.931 0.186 0 0.005
0.934 0.53 0 0.005
0.935 0.095 0 0.005
0.935 0.542 0 0.005
0.935 0.968 0 0.005
0.936 0.202 0 0.005
0.937 0.994 0 0.005
0.938 0.846 0 0.005
0.938 0.895 0 0.005
0.941 0.289 0 0.005
0.942 0.034 0 0.005
0.942 0.877 0 0.005
0.942 0.934 0 0.005
0.943 0.175 0 0.005
0.943 0.562 0 0.005
0.944 0.239 0 0.005
0.944 0.318 0 0.005
0.944 0.659 0 0.005
0.945 0.758 0 0.005
0.945 0.861 0 0.005
0.947 0.145 0 0.005
0.947 0.905 0 0.005
0.948 0.12 0 0.005
0.948 0.797 0 0.005
0.949 0.418 0 0.005
0.949 0.976 0 0.005
0.95 0.045 0 0.005
0.951 0.268 0 0.005
0.952 0.488 0 0.005
0.953 0.093 0 0.005
0.955 0.925 0 0.005
0.956 0.94 0 0.005
0.957 0.11 0 0.005
0.957 0.377 0 0.005
0.957 0.856 0 0.005
0.9645 0.989 0 0.005
0.961 0.683 0 0.005
0.961 0.891 0 0.005
0.962 0.005 0 0.005
0.962 0.461 0 0.005
0.962 0.575 0 0.005
0.962 0.955 0 0.005
0.963 0.144 0 0.005
0.963 0.653 0 0.005
0.964 0.079 0 0.005
0.964 0.291 0 0.005
0.964 0.542 0 0.005
0.964 0.785 0 0.005
0.965 0.225 0 0.005
0.965 0.335 0 0.005
0.965 0.667 0 0.005
0.968 0.427 0 0.005
0.968 0.801 0 0.005
0.969 0.255 0 0.005
0.969 0.75 0 0.005
0.969 0.857 0 0.005
0.97 0.022 0 0.005
0.971 0.129 0 0.005
0.972 0.367 0 0.005
0.972 0.482 0 0.005
0.972 0.638 0 0.005
0.9775 0.177 0 0.005
0.973 0.565 0 0.005
0.975 0.313 0 0.005
0.975 0.601 0 0.005
0.976 0.529 0 0.005
0.976 0.788 0 0.005
0.976 0.952 0 0.005
0.978 0.615 0 0.005
0.979 0.193 0 0.005
0.979 0.714 0 0.005
0.983 0.0675 0 0.005
0.981 0.276 0 0.005
0.981 0.647 0 0.005
0.981 0.866 0 0.005
0.982 0.225 0 0.005
0.983 0.254 0 0.005
0.983 0.542 0 0.005
0.985 0.125 0 0.005
0.986 0.63 0 0.005
0.988 0.658 0 0.005
0.988 0.88 0 0.005
0.989 0.971 0 0.005
0.99 0.184 0 0.005
0.99 0.364 0 0.005
0.99 0.756 0 0.005
0.991 0.409 0 0.005
0.991 0.841 0 0.005
0.992 0.196 0 0.005
0.992 0.234 0 0.005
0.992 0.69 0 0.005
0.993 0.337 0 0.005
0.993 0.557 0 0.005
0.993 0.591 0 0.005
0.994 0.039 0 0.005
0.994 0.521 0 0.005
0.994 0.706 0 0.005
0.9957317073170732 0.455 0 0.005
0.9957317073170732 0.933 0 0.005
0.996225352112676 0.544 0 0.005
0.996225352112676 0.862 0 0.005
