0.005 0.01 0 0.005
0.0022833333333333334 0.023 0 0.005
0.003763440860215054 0.035 0 0.005
0.0022833333333333334 0.053 0 0.005
0.007905325443786982 0.0688698224852071 0 0.005
0.003268292682926829 0.099 0 0.005
0.0022833333333333334 0.112 0 0.005
0.003268292682926829 0.125 0 0.005
0.003268292682926829 0.137 0 0.005
0.012156666666666666 0.14936333333333335 0 0.005
0.005 0.177 0 0.005
0.003268292682926829 0.191 0 0.005
0.0022833333333333334 0.214 0 0.005
0.009848341232227489 0.2314170616113744 0 0.005
0.003268292682926829 0.248 0 0.005
0.003268292682926829 0.26 0 0.005
0.003268292682926829 0.286 0 0.005
0.006544444444444444 0.30555 0 0.005
0.0027746478873239434 0.341 0 0.005
0.00434313725490196 0.367 0 0.005
0.0027746478873239434 0.384 0 0.005
0.005 0.412 0 0.005
0.009356401384083045 0.4315882352941176 0 0.005
0.009287128712871287 0.4473019801980198 0 0.005
0.003763440860215054 0.472 0 0.005
0.0027746478873239434 0.503 0 0.005
0.0027746478873239434 0.515 0 0.005
0.0022833333333333334 0.533 0 0.005
0.0101266846361186 0.5546415094339623 0 0.005
0.00434313725490196 0.595 0 0.005
0.0027746478873239434 0.613 0 0.005
0.003268292682926829 0.626 0 0.005
0.0027746478873239434 0.638 0 0.005
0.0022833333333333334 0.651 0 0.005
0.003268292682926829 0.679 0 0.005
0.008821989528795812 0.7108534031413613 0 0.005
0.005933333333333334 0.7276166666666667 0 0.005
0.003763440860215054 0.808 0 0.005
0.003763440860215054 0.82 0 0.005
0.0027746478873239434 0.851 0 0.005
0.007128712871287129 0.8846039603960396 0 0.005
0.01252 0.91027 0 0.005
0.0027746478873239434 0.929 0 0.005
0.0022833333333333334 0.947 0 0.005
0.0022833333333333334 0.989 0 0.005
0.006 0.325 0 0.005
0.006 0.486 0 0.005
0.006 0.768 0 0.005
0.006 0.836 0 0.005
0.006 0.863 0 0.005
0.007 0.086 0 0.005
0.007 0.165 0 0.005
0.007 0.577 0 0.005
0.007 0.666 0 0.005
0.007 0.751 0 0.005
0.007 0.795 0 0.005
0.0125 0.962 0 0.005
0.012333333333333333 0.983 0 0.005
0.009 0.203 0 0.005
0.009 0.273 0 0.005
0.009 0.395 0 0.005
0.013 0.6855 0 0.005
0.01 0.352 0 0.005
0.01 0.781 0 0.005
0.012 0.052 0 0.005
0.013 0.026 0 0.005
0.018 0.8505 0 0.005
0.0185 0.523 0 0.005
0.018 0.6195 0 0.005
0.014 0.652 0 0.005
0.015 0.316 0 0.005
0.015 0.602 0 0.005
0.015 0.814 0 0.005
0.015 0.93 0 0.005
0.015 0.943 0 0.005
0.016 0.284 0 0.005
0.021 0.0145 0 0.005
0.017 0.114 0 0.005
0.017 0.248 0 0.005
0.017 0.26 0 0.005
0.017 0.336 0 0.005
0.017 0.408 0 0.005
0.017 0.458 0 0.005
0.017 0.473 0 0.005
0.017 0.74 0 0.005
0.018 0.102 0 0.005
0.0305 0.212 0 0.005
0.019 0.039 0 0.005
0.019 0.379 0 0.005
0.019 0.485 0 0.005
0.019 0.868 0 0.005
0.0225 0.1325 0 0.005
0.025 0.4995 0 0.005
0.02 0.579 0 0.005
0.02 0.791 0 0.005
0.02 0.893 0 0.005
0.021 0.367 0 0.005
0.0275 0.3015 0 0.005
0.022 0.637 0 0.005
0.023 0.182 0 0.005
0.023 0.563 0 0.005
0.023 0.695 0 0.005
0.023 0.755 0 0.005
0.024 0.055 0 0.005
0.024 0.194 0 0.005
0.0295 0.276 0 0.005
0.024 0.662 0 0.005
0.024 0.767 0 0.005
0.024 0.779 0 0.005
0.029 0.8335 0 0.005
0.025 0.07 0 0.005
0.025 0.594 0 0.005
0.025 0.92 0 0.005
0.032 0.16266666666666665 0 0.005
0.026 0.441 0 0.005
0.026 0.731 0 0.005
0.026 0.994656862745098 0 0.005
0.027 0.089 0 0.005
0.027 0.232 0 0.005
0.035333333333333335 0.4093333333333333 0 0.005
0.027 0.715 0 0.005
0.028 0.0027746478873239434 0 0.005
0.028 0.321 0 0.005
0.028 0.534 0 0.005
0.028 0.818 0 0.005
0.0345 0.2465 0 0.005
0.029 0.678 0 0.005
0.03 0.351 0 0.005
0.0355 0.4745 0 0.005
0.031 0.259 0 0.005
0.031 0.396 0 0.005
0.0335 0.6185 0 0.005
0.031 0.799 0 0.005
0.031 0.884 0 0.005
0.0345 0.0365 0 0.005
0.032 0.106 0 0.005
0.032 0.953 0 0.005
0.0365 0.13 0 0.005
0.034 0.339 0 0.005
0.034 0.371 0 0.005
0.034 0.787 0 0.005
0.034 0.933 0 0.005
0.04375 0.976 0 0.005
0.035 0.177 0 0.005
0.0405 0.4625 0 0.005
0.0415 0.5565 0 0.005
0.035 0.653 0 0.005
0.036 0.19 0 0.005
0.036 0.292 0 0.005
0.036 0.693 0 0.005
0.036 0.749 0 0.005
0.036 0.852 0 0.005
0.037 0.771 0 0.005
0.045 0.9123333333333333 0 0.005
0.038 0.669 0 0.005
0.038 0.731 0 0.005
0.038 0.871 0 0.005
0.042 0.0255 0 0.005
0.039 0.082 0 0.005
0.0425 0.428 0 0.005
0.0435 0.448 0 0.005
0.039 0.516 0 0.005
0.039 0.592 0 0.005
0.044 0.81375 0 0.005
0.039 0.895 0 0.005
0.048938906752411575 0.008836012861736334 0 0.005
0.04 0.604 0 0.005
0.0445 0.703 0 0.005
0.046 0.3145 0 0.005
0.0435 0.3545 0 0.005
0.041 0.385 0 0.005
0.042 0.07 0 0.005
0.042 0.504 0 0.005
0.042 0.58 0 0.005
0.043 0.055 0 0.005
0.0455 0.2665 0 0.005
0.044 0.108 0 0.005
0.044 0.635 0 0.005
0.044 0.681 0 0.005
0.047 0.7645 0 0.005
0.044 0.958 0 0.005
0.045 0.095 0 0.005
0.045 0.945 0 0.005
0.046 0.785 0 0.005
0.047 0.177 0 0.005
0.047 0.21 0 0.005
0.047 0.235 0 0.005
0.047 0.72 0 0.005
0.047 0.993 0 0.005
0.05466666666666666 0.15466666666666665 0 0.005
0.048 0.648 0 0.005
0.049 0.337 0 0.005
0.049 0.619 0 0.005
0.0545 0.416 0 0.005
0.05 0.528 0 0.005
0.05 0.879 0 0.005
0.051 0.541 0 0.005
0.052 0.042 0 0.005
0.052 0.083 0 0.005
0.052 0.25 0 0.005
0.058666666666666666 0.295 0 0.005
0.052 0.493 0 0.005
0.052 0.571 0 0.005
0.052 0.607 0 0.005
0.052 0.831 0 0.005
0.0595 0.362 0 0.005
0.057 0.6645 0 0.005
0.053 0.898 0 0.005
0.054 0.07 0 0.005
0.055 0.057 0 0.005
0.055 0.119 0 0.005
0.055 0.508 0 0.005
0.055 0.744 0 0.005
0.055 0.844 0 0.005
0.055 0.857 0 0.005
0.055 0.925 0 0.005
0.0585 0.1915 0 0.005
0.056 0.224 0 0.005
0.056 0.682 0 0.005
0.0595 0.761 0 0.005
0.061 0.9435 0 0.005
0.058 0.131 0 0.005
0.062 0.3225 0 0.005
0.059 0.385 0 0.005
0.059 0.439 0 0.005
0.059 0.464 0 0.005
0.07614285714285714 0.4794285714285714 0 0.005
0.059 0.592 0 0.005
0.059 0.715 0 0.005
0.0625 0.784 0 0.005
0.059 0.87 0 0.005
0.059 0.99 0 0.005
0.06 0.098 0 0.005
0.06 0.27 0 0.005
0.061 0.023 0 0.005
0.061 0.4 0 0.005
0.061 0.632 0 0.005
0.064 0.7365 0 0.005
0.07166666666666667 0.8003333333333333 0 0.005
0.062 0.145 0 0.005
0.062 0.815 0 0.005
0.0655 0.2035 0 0.005
0.063 0.521 0 0.005
0.063 0.619 0 0.005
0.0685 0.087 0 0.005
0.064 0.534 0 0.005
0.064 0.566 0 0.005
0.064 0.607 0 0.005
0.064 0.96 0 0.005
0.065 0.58 0 0.005
0.065 0.83 0 0.005
0.065 0.893 0 0.005
0.067 0.041 0 0.005
0.067 0.234 0 0.005
0.067 0.25 0 0.005
0.067 0.549 0 0.005
0.067 0.692 0 0.005
0.07 0.852 0 0.005
0.068 0.058 0 0.005
0.068 0.07 0 0.005
0.068 0.338 0 0.005
0.068 0.674 0 0.005
0.07733333333333332 0.7616666666666666 0 0.005
0.073 0.0155 0 0.005
0.0725 0.18 0 0.005
0.069 0.704 0 0.005
0.072 0.9815 0 0.005
0.07 0.9967166666666667 0 0.005
0.071 0.219 0 0.005
0.071 0.438 0 0.005
0.071 0.644 0 0.005
0.071 0.88 0 0.005
0.071 0.921 0 0.005
0.072 0.451 0 0.005
0.072 0.905 0 0.005
0.073 0.114 0 0.005
0.073 0.264 0 0.005
0.073 0.38 0 0.005
0.073 0.59 0 0.005
0.074 0.147 0 0.005
0.074 0.396 0 0.005
0.074 0.413 0 0.005
0.074 0.722 0 0.005
0.075 0.426 0 0.005
0.076 0.132 0 0.005
0.076 0.29 0 0.005
0.076 0.365 0 0.005
0.076 0.507 0 0.005
0.076 0.563 0 0.005
0.076 0.619 0 0.005
0.082 0.2745 0 0.005
0.077 0.308 0 0.005
0.077 0.522 0 0.005
0.082 0.9345 0 0.005
0.077 0.951 0 0.005
0.081 0.9685 0 0.005
0.078 0.241 0 0.005
0.078 0.32 0 0.005
0.078 0.349 0 0.005
0.078 0.867 0 0.005
0.079 0.229 0 0.005
0.079 0.738 0 0.005
0.0855 0.031 0 0.005
0.08 0.078 0 0.005
0.08 0.336 0 0.005
0.08 0.601 0 0.005
0.092 0.104 0 0.005
0.081 0.546 0 0.005
0.0855 0.631 0 0.005
0.081 0.662 0 0.005
0.081 0.82 0 0.005
0.081 0.836 0 0.005
0.085 0.0495 0 0.005
0.082 0.158 0 0.005
0.085 0.6915 0 0.005
0.082 0.9967166666666667 0 0.005
0.083 0.0027746478873239434 0 0.005
0.083 0.577 0 0.005
0.084 0.202 0 0.005
0.08766666666666667 0.449 0 0.005
0.084 0.913 0 0.005
0.085 0.374 0 0.005
0.086 0.142 0 0.005
0.086 0.172 0 0.005
0.086 0.255 0 0.005
0.086 0.395 0 0.005
0.086 0.721 0 0.005
0.086 0.75 0 0.005
0.086 0.781 0 0.005
0.087 0.409 0 0.005
0.087 0.491 0 0.005
0.0895 0.5945 0 0.005
0.09466666666666668 0.6563333333333333 0 0.005
0.0935 0.2955 0 0.005
0.088 0.424 0 0.005
0.088 0.888 0 0.005
0.089 0.091 0 0.005
0.089 0.283 0 0.005
0.092 0.5265 0 0.005
0.098 0.5643333333333334 0 0.005
0.089 0.675 0 0.005
0.089 0.709 0 0.005
0.089 0.901 0 0.005
0.09866666666666667 0.121 0 0.005
0.09 0.188 0 0.005
0.09 0.216 0 0.005
0.09 0.945 0 0.005
0.091 0.229 0 0.005
0.091 0.32 0 0.005
0.091 0.509 0 0.005
0.0965 0.8465 0 0.005
0.092 0.063 0 0.005
0.092 0.359 0 0.005
0.092 0.612 0 0.005
0.101 0.966 0 0.005
0.097 0.0815 0 0.005
0.094 0.812 0 0.005
0.094 0.996225352112676 0 0.005
0.095 0.242 0 0.005
0.10533333333333333 0.3393333333333333 0 0.005
0.095 0.8 0 0.005
0.10266666666666667 0.8706666666666666 0 0.005
0.096 0.0022833333333333334 0 0.005
0.096 0.732 0 0.005
0.096 0.831 0 0.005
0.097 0.013 0 0.005
0.1 0.2065 0 0.005
0.097 0.386 0 0.005
0.097 0.551 0 0.005
0.097 0.919 0 0.005
0.097 0.985 0 0.005
0.098 0.167 0 0.005
0.098 0.374 0 0.005
0.098 0.719 0 0.005
0.098 0.788 0 0.005
0.104 0.1515 0 0.005
0.109 0.248 0 0.005
0.099 0.414 0 0.005
0.099 0.49 0 0.005
0.099 0.645 0 0.005
0.1 0.754 0 0.005
0.1 0.77 0 0.005
0.101 0.432 0 0.005
0.101 0.536 0 0.005
0.101 0.582 0 0.005
0.101 0.678 0 0.005
0.101 0.889 0 0.005
0.101 0.935 0 0.005
0.102 0.037 0 0.005
0.103 0.054 0 0.005
0.103 0.18 0 0.005
0.103 0.226 0 0.005
0.103 0.398 0 0.005
0.1085 0.5005 0 0.005
0.104 0.353 0 0.005
0.104 0.45 0 0.005
0.104 0.604 0 0.005
0.104 0.903 0 0.005
0.105 0.072 0 0.005
0.11166666666666668 0.29133333333333333 0 0.005
0.105 0.308 0 0.005
0.105 0.321 0 0.005
0.105 0.633 0 0.005
0.106 0.704 0 0.005
0.106 0.948 0 0.005
0.112 0.5135 0 0.005
0.108 0.267 0 0.005
0.108 0.78 0 0.005
0.108 0.996225352112676 0 0.005
0.11866666666666667 0.611 0 0.005
0.109 0.691 0 0.005
0.11 0.373 0 0.005
0.11 0.801 0 0.005
0.11 0.813 0 0.005
0.1155 0.857 0 0.005
0.112 0.028 0 0.005
0.112 0.422 0 0.005
0.112 0.722 0 0.005
0.1226 0.1254 0 0.005
0.113 0.17 0 0.005
0.116 0.665 0 0.005
0.113 0.883 0 0.005
0.113 0.915 0 0.005
0.114 0.045 0 0.005
0.1195 0.3875 0 0.005
0.1175 0.0915 0 0.005
0.12 0.2155 0 0.005
0.115 0.41 0 0.005
0.115 0.743 0 0.005
0.115 0.978 0 0.005
0.116 0.006 0 0.005
0.116 0.061 0 0.005
0.116 0.228 0 0.005
0.116 0.444 0 0.005
0.126 0.457 0 0.005
0.116 0.483 0 0.005
0.116 0.529 0 0.005
0.116 0.829 0 0.005
0.119 0.9325 0 0.005
0.1215 0.201 0 0.005
0.117 0.313 0 0.005
0.117 0.326 0 0.005
0.117 0.355 0 0.005
0.117 0.47 0 0.005
0.117 0.592 0 0.005
0.118 0.073 0 0.005
0.118 0.546 0 0.005
0.118 0.561 0 0.005
0.118 0.642 0 0.005
0.118 0.771 0 0.005
0.118 0.788 0 0.005
0.118 0.901 0 0.005
0.119 0.274 0 0.005
0.1245 0.633 0 0.005
0.129 0.7556666666666666 0 0.005
0.119 0.841 0 0.005
0.1225 0.957 0 0.005
0.12 0.432 0 0.005
0.12 0.579 0 0.005
0.121 0.019 0 0.005
0.122 0.713 0 0.005
0.122 0.815 0 0.005
0.123 0.682 0 0.005
0.124 0.177 0 0.005
0.134 0.24783333333333335 0 0.005
0.125 0.165 0 0.005
0.1285 0.798 0 0.005
0.126 0.336 0 0.005
0.126 0.734 0 0.005
0.126 0.994 0 0.005
0.127 0.037 0 0.005
0.127 0.696 0 0.005
0.13633333333333333 0.9173333333333333 0 0.005
0.128 0.974 0 0.005
0.1345 0.099 0 0.005
0.138 0.3606666666666667 0 0.005
0.129 0.512 0 0.005
0.13 0.152 0 0.005
0.13 0.19 0 0.005
0.133 0.4115 0 0.005
0.131 0.069 0 0.005
0.131 0.294 0 0.005
0.131 0.497 0 0.005
0.131 0.531 0 0.005
0.131 0.593 0 0.005
0.131 0.897 0 0.005
0.132 0.056 0 0.005
0.13866666666666666 0.4736666666666667 0 0.005
0.132 0.547 0 0.005
0.1375 0.627 0 0.005
0.1375 0.646 0 0.005
0.132 0.721 0 0.005
0.132 0.777 0 0.005
0.132 0.877 0 0.005
0.133 0.083 0 0.005
0.133 0.834 0 0.005
0.134 0.277 0 0.005
0.134 0.306 0 0.005
0.134 0.815 0 0.005
0.134 0.85 0 0.005
0.134 0.936 0 0.005
0.136 0.677 0 0.005
0.137 0.0027746478873239434 0 0.005
0.137 0.439 0 0.005
0.137 0.954 0 0.005
0.138 0.017 0 0.005
0.138 0.319 0 0.005
0.1405 0.3375 0 0.005
0.138 0.377 0 0.005
0.138 0.566 0 0.005
0.138 0.662 0 0.005
0.138 0.741 0 0.005
0.138 0.865 0 0.005
0.139 0.181 0 0.005
0.139 0.699 0 0.005
0.14 0.037 0 0.005
0.14 0.219 0 0.005
0.14 0.52 0 0.005
0.14 0.578 0 0.005
0.14 0.992 0 0.005
0.141 0.145 0 0.005
0.141 0.614 0 0.005
0.142 0.131 0 0.005
0.147 0.191 0 0.005
0.142 0.389 0 0.005
0.142 0.507 0 0.005
0.142 0.885 0 0.005
0.142 0.977 0 0.005
0.143 0.16 0 0.005
0.143 0.262 0 0.005
0.143 0.597 0 0.005
0.143 0.728 0 0.005
0.143 0.899 0 0.005
0.152 0.43125 0 0.005
0.145 0.493 0 0.005
0.145 0.772 0 0.005
0.146 0.283 0 0.005
0.146 0.943 0 0.005
0.147 0.072 0 0.005
0.15983333333333336 0.8188333333333334 0 0.005
0.15 0.9595 0 0.005
0.1535 0.0545 0 0.005
0.148 0.301 0 0.005
0.1535 0.5285 0 0.005
0.148 0.55 0 0.005
0.148 0.674 0 0.005
0.148 0.798 0 0.005
0.149 0.091 0 0.005
0.149 0.111 0 0.005
0.149 0.784 0 0.005
0.15266666666666664 0.8453333333333334 0 0.005
0.15 0.0027746478873239434 0 0.005
0.15 0.407 0 0.005
0.15 0.477 0 0.005
0.15 0.569 0 0.005
0.15 0.716 0 0.005
0.151 0.348 0 0.005
0.151 0.866 0 0.005
0.152 0.025 0 0.005
0.152 0.221 0 0.005
0.152 0.751 0 0.005
0.152 0.991 0 0.005
0.153 0.588 0 0.005
0.153 0.703 0 0.005
0.158 0.1505 0 0.005
0.154 0.269 0 0.005
0.154 0.609 0 0.005
0.154 0.69 0 0.005
0.154 0.739 0 0.005
0.154 0.884 0 0.005
0.154 0.932 0 0.005
0.155 0.125 0 0.005
0.1575 0.3175 0 0.005
0.155 0.336 0 0.005
0.155 0.512 0 0.005
0.155 0.657 0 0.005
0.156 0.168 0 0.005
0.156 0.257 0 0.005
0.156 0.371 0 0.005
0.156 0.394 0 0.005
0.156 0.975 0 0.005
0.157 0.645 0 0.005
0.157 0.77 0 0.005
0.1605 0.905 0 0.005
0.1635 0.083 0 0.005
0.159 0.294 0 0.005
0.159 0.541 0 0.005
0.16 0.01 0 0.005
0.1625 0.1875 0 0.005
0.16 0.232 0 0.005
0.16 0.244 0 0.005
0.16 0.556 0 0.005
0.16 0.633 0 0.005
0.161 0.041 0 0.005
0.161 0.205 0 0.005
0.161 0.28 0 0.005
0.161 0.621 0 0.005
0.161 0.677 0 0.005
0.161 0.782 0 0.005
0.162 0.463 0 0.005
0.162 0.491 0 0.005
0.162 0.719 0 0.005
0.162 0.922 0 0.005
0.163 0.57 0 0.005
0.163 0.86 0 0.005
0.164 0.479 0 0.005
0.164 0.751 0 0.005
0.164 0.873 0 0.005
0.1695 0.023 0 0.005
0.166 0.098 0 0.005
0.166 0.448 0 0.005
0.166 0.731 0 0.005
0.166 0.994656862745098 0 0.005
0.167 0.334 0 0.005
0.167 0.583 0 0.005
0.168 0.072 0 0.005
0.168 0.356 0 0.005
0.168 0.423 0 0.005
0.168 0.942 0 0.005
0.169 0.123 0 0.005
0.169 0.254 0 0.005
0.169 0.402 0 0.005
0.169 0.436 0 0.005
0.1745 0.5975 0 0.005
0.169 0.956 0 0.005
0.17 0.267 0 0.005
0.17 0.534 0 0.005
0.17 0.973 0 0.005
0.171 0.137 0 0.005
0.171 0.225 0 0.005
0.171 0.288 0 0.005
0.171 0.31 0 0.005
0.171 0.503 0 0.005
0.171 0.515 0 0.005
0.171 0.704 0 0.005
0.172 0.11 0 0.005
0.172 0.237 0 0.005
0.172 0.643 0 0.005
0.172 0.692 0 0.005
0.1855 0.7575 0 0.005
0.172 0.818 0 0.005
0.173 0.00434313725490196 0 0.005
0.173 0.382 0 0.005
0.173 0.556 0 0.005
0.173 0.887 0 0.005
0.174 0.037 0 0.005
0.174 0.204 0 0.005
0.179 0.6625 0 0.005
0.1876 0.6884 0 0.005
0.174 0.911 0 0.005
0.174 0.926 0 0.005
0.175 0.471 0 0.005
0.188 0.1906 0 0.005
0.176 0.613 0 0.005
0.176 0.721 0 0.005
0.176 0.788 0 0.005
0.1815 0.877 0 0.005
0.176 0.899 0 0.005
0.182 0.5675 0 0.005
0.177 0.858 0 0.005
0.178 0.17 0 0.005
0.178 0.366 0 0.005
0.178 0.631 0 0.005
0.178 0.746 0 0.005
0.178 0.989 0 0.005
0.179 0.413 0 0.005
0.18 0.055 0 0.005
0.18 0.152 0 0.005
0.18 0.395 0 0.005
0.18 0.583 0 0.005
0.181 0.255 0 0.005
0.181 0.352 0 0.005
0.181 0.432 0 0.005
0.185 0.4555 0 0.005
0.182 0.087 0 0.005
0.182 0.32 0 0.005
0.182 0.337 0 0.005
0.182 0.523 0 0.005
0.183 0.07 0 0.005
0.183 0.1 0 0.005
0.183 0.51 0 0.005
0.183 0.807 0 0.005
0.184 0.12 0 0.005
0.184 0.213 0 0.005
0.184 0.489 0 0.005
0.184 0.968 0 0.005
0.185 0.239 0 0.005
0.185 0.267 0 0.005
0.185 0.537 0 0.005
0.185 0.552 0 0.005
0.185 0.833 0 0.005
0.19466666666666665 0.01933333333333333 0 0.005
0.186 0.279 0 0.005
0.186 0.65 0 0.005
0.186 0.708 0 0.005
0.1915 0.773 0 0.005
0.186 0.819 0 0.005
0.186 0.922 0 0.005
0.19 0.9463333333333334 0 0.005
0.186 0.9967166666666667 0 0.005
0.187 0.003763440860215054 0 0.005
0.1895 0.2975 0 0.005
0.187 0.892 0 0.005
0.192 0.9035 0 0.005
0.188 0.605 0 0.005
0.188 0.734 0 0.005
0.189 0.405 0 0.005
0.189 0.618 0 0.005
0.189 0.845 0 0.005
0.189 0.86 0 0.005
0.189 0.982 0 0.005
0.19 0.161 0 0.005
0.191 0.036 0 0.005
0.1955 0.052 0 0.005
0.191 0.143 0 0.005
0.191 0.36 0 0.005
0.191 0.372 0 0.005
0.191 0.385 0 0.005
0.191 0.443 0 0.005
0.1945 0.0735 0 0.005
0.192 0.474 0 0.005
0.192 0.789 0 0.005
0.201 0.122 0 0.005
0.193 0.502 0 0.005
0.193 0.722 0 0.005
0.194 0.109 0 0.005
0.194 0.221 0 0.005
0.194 0.426 0 0.005
0.195 0.576 0 0.005
0.196 0.314 0 0.005
0.196 0.49 0 0.005
0.196 0.64 0 0.005
0.196 0.967 0 0.005
0.197 0.528 0 0.005
0.197 0.54 0 0.005
0.201 0.5565 0 0.005
0.197 0.592 0 0.005
0.197 0.835 0 0.005
0.202 0.2365 0 0.005
0.198 0.267 0 0.005
0.198 0.514 0 0.005
0.198 0.817 0 0.005
0.198 0.927 0 0.005
0.199 0.254 0 0.005
0.199 0.279 0 0.005
0.199 0.671 0 0.005
0.199 0.871 0 0.005
0.2 0.34 0 0.005
0.2 0.992 0 0.005
0.205 0.4105 0 0.005
0.201 0.802 0 0.005
0.202 0.328 0 0.005
0.202 0.61 0 0.005
0.205 0.6535 0 0.005
0.202 0.888 0 0.005
0.211 0.916 0 0.005
0.202 0.98 0 0.005
0.203 0.092 0 0.005
0.203 0.145 0 0.005
0.21683333333333335 0.20466666666666666 0 0.005
0.203 0.444 0 0.005
0.2065 0.631 0 0.005
0.204 0.474 0 0.005
0.211 0.7875 0 0.005
0.204 0.849 0 0.005
0.21266666666666667 0.3506666666666667 0 0.005
0.205 0.39 0 0.005
0.206 0.00434313725490196 0 0.005
0.206 0.174 0 0.005
0.206 0.456 0 0.005
0.21533333333333335 0.7286666666666666 0 0.005
0.212 0.1575 0 0.005
0.207 0.711 0 0.005
0.212 0.3765 0 0.005
0.208 0.495 0 0.005
0.208 0.745 0 0.005
0.209 0.067 0 0.005
0.209 0.295 0 0.005
0.209 0.308 0 0.005
0.209 0.546 0 0.005
0.209 0.901 0 0.005
0.209 0.936 0 0.005
0.209 0.963 0 0.005
0.21 0.131 0 0.005
0.21 0.244 0 0.005
0.219 0.422 0 0.005
0.21 0.507 0 0.005
0.21 0.578 0 0.005
0.21 0.949 0 0.005
0.211 0.766 0 0.005
0.211 0.818 0 0.005
0.212 0.04 0 0.005
0.22166666666666665 0.07566666666666667 0 0.005
0.212 0.533 0 0.005
0.212 0.674 0 0.005
0.212 0.687 0 0.005
0.212 0.872 0 0.005
0.213 0.055 0 0.005
0.213 0.273 0 0.005
0.213 0.833 0 0.005
0.214 0.482 0 0.005
0.214 0.889 0 0.005
0.214 0.977 0 0.005
0.2195 0.657 0 0.005
0.215 0.701 0 0.005
0.215 0.859 0 0.005
0.216 0.018 0 0.005
0.216 0.261 0 0.005
0.216 0.331 0 0.005
0.216 0.469 0 0.005
0.216 0.604 0 0.005
0.217 0.103 0 0.005
0.217 0.518 0 0.005
0.2225 0.5605 0 0.005
0.2336258064516129 0.9857225806451613 0 0.005
0.218 0.457 0 0.005
0.218 0.588 0 0.005
0.218 0.617 0 0.005
0.219 0.167 0 0.005
0.219 0.44 0 0.005
0.22 0.236 0 0.005
0.224 0.2795 0 0.005
0.229 0.385 0 0.005
0.22866666666666666 0.9333333333333333 0 0.005
0.221 0.961 0 0.005
0.222 0.121 0 0.005
0.23075 0.24925 0 0.005
0.222 0.301 0 0.005
0.223 0.047 0 0.005
0.2275 0.133 0 0.005
0.2275 0.51 0 0.005
0.224 0.179 0 0.005
0.224 0.314 0 0.005
0.224 0.547 0 0.005
0.224 0.634 0 0.005
0.224 0.677 0 0.005
0.224 0.689 0 0.005
0.224 0.814 0 0.005
0.224 0.871 0 0.005
0.22863333333333333 0.00836111111111111 0 0.005
0.225 0.362 0 0.005
0.225 0.775 0 0.005
0.234 0.909 0 0.005
0.226 0.059 0 0.005
0.226 0.09 0 0.005
0.226 0.492 0 0.005
0.2305 0.706 0 0.005
0.227 0.753 0 0.005
0.227 0.83 0 0.005
0.227 0.889 0 0.005
0.227 0.948 0 0.005
0.228 0.468 0 0.005
0.2335 0.84 0 0.005
0.2315 0.1605 0 0.005
0.2345 0.584 0 0.005
0.229 0.801 0 0.005
0.229 0.856 0 0.005
0.231 0.036 0 0.005
0.231 0.438 0 0.005
0.231 0.48 0 0.005
0.231 0.665 0 0.005
0.231 0.737 0 0.005
0.232 0.024 0 0.005
0.2365 0.405 0 0.005
0.232 0.528 0 0.005
0.232 0.789 0 0.005
0.233 0.107 0 0.005
0.233 0.198 0 0.005
0.233 0.644 0 0.005
0.238 0.9605 0 0.005
0.234 0.3 0 0.005
0.234 0.603 0 0.005
0.235 0.325 0 0.005
0.235 0.425 0 0.005
0.236 0.501 0 0.005
0.2405 0.547 0 0.005
0.236 0.632 0 0.005
0.236 0.677 0 0.005
0.236 0.765 0 0.005
0.24 0.8635 0 0.005
0.2405 0.149 0 0.005
0.237 0.186 0 0.005
0.237 0.45 0 0.005
0.238 0.061 0 0.005
0.238 0.364 0 0.005
0.238 0.777 0 0.005
0.239 0.089 0 0.005
0.239 0.824 0 0.005
0.24 0.221 0 0.005
0.24 0.389 0 0.005
0.24 0.62 0 0.005
0.241 0.344 0 0.005
0.241 0.472 0 0.005
0.241 0.488 0 0.005
0.241 0.75 0 0.005
0.242 0.044 0 0.005
0.242 0.269 0 0.005
0.242 0.575 0 0.005
0.242 0.809 0 0.005
0.243 0.286 0 0.005
0.243 0.688 0 0.005
0.2495 0.1355 0 0.005
0.244 0.439 0 0.005
0.244 0.563 0 0.005
0.245 0.003268292682926829 0 0.005
0.245 0.024 0 0.005
0.25166666666666665 0.204 0 0.005
0.245 0.314 0 0.005
0.2535 0.872 0 0.005
0.246 0.167 0 0.005
0.246 0.515 0 0.005
0.2485 0.6525 0 0.005
0.246 0.717 0 0.005
0.246 0.73 0 0.005
0.246 0.792 0 0.005
0.247 0.105 0 0.005
0.247 0.238 0 0.005
0.247 0.984 0 0.005
0.248 0.069 0 0.005
0.248 0.46 0 0.005
0.2525 0.496 0 0.005
0.248 0.676 0 0.005
0.248 0.761 0 0.005
0.248 0.895 0 0.005
0.2563333333333333 0.948 0 0.005
0.2545 0.329 0 0.005
0.249 0.421 0 0.005
0.249 0.607 0 0.005
0.249 0.701 0 0.005
0.25 0.055 0 0.005
0.25 0.378 0 0.005
0.25 0.778 0 0.005
0.25 0.909 0 0.005
0.251 0.121 0 0.005
0.2545 0.26 0 0.005
0.2541465968586387 0.008821989528795812 0 0.005
0.252 0.185 0 0.005
0.252 0.621 0 0.005
0.263 0.632 0 0.005
0.252 0.842 0 0.005
0.253 0.034 0 0.005
0.2555 0.3575 0 0.005
0.26725 0.518 0 0.005
0.253 0.741 0 0.005
0.254 0.3 0 0.005
0.254 0.4 0 0.005
0.254 0.828 0 0.005
0.255 0.812 0 0.005
0.2585 0.916 0 0.005
0.256 0.095 0 0.005
0.256 0.217 0 0.005
0.261 0.2805 0 0.005
0.256 0.44 0 0.005
0.256 0.592 0 0.005
0.256 0.933 0 0.005
0.257 0.156 0 0.005
0.257 0.976 0 0.005
0.258 0.557 0 0.005
0.259 0.508 0 0.005
0.259 0.545 0 0.005
0.259 0.573 0 0.005
0.264 0.7195 0 0.005
0.26 0.08 0 0.005
0.26 0.467 0 0.005
0.26 0.77 0 0.005
0.2632248520710059 0.991094674556213 0 0.005
0.266 0.0495 0 0.005
0.2665 0.1725 0 0.005
0.261 0.243 0 0.005
0.261 0.48 0 0.005
0.261 0.66 0 0.005
0.261 0.673 0 0.005
0.261 0.701 0 0.005
0.262 0.38 0 0.005
0.262 0.758 0 0.005
0.2675 0.315 0 0.005
0.263 0.414 0 0.005
0.263 0.613 0 0.005
0.264 0.024 0 0.005
0.264 0.068 0 0.005
0.264 0.124 0 0.005
0.264 0.193 0 0.005
0.264 0.426 0 0.005
0.264 0.685 0 0.005
0.264 0.784 0 0.005
0.264 0.799 0 0.005
0.265 0.104 0 0.005
0.265 0.735 0 0.005
0.2755 0.842 0 0.005
0.265 0.874 0 0.005
0.266 0.23 0 0.005
0.266 0.255 0 0.005
0.266 0.4 0 0.005
0.266 0.645 0 0.005
0.267 0.01 0 0.005
0.267 0.454 0 0.005
0.267 0.889 0 0.005
0.2735 0.4385 0 0.005
0.2705 0.5405 0 0.005
0.268 0.811 0 0.005
0.2735 0.968 0 0.005
0.269 0.155 0 0.005
0.27 0.213 0 0.005
0.27 0.267 0 0.005
0.27 0.337 0 0.005
0.27 0.37 0 0.005
0.27 0.494 0 0.005
0.27 0.56 0 0.005
0.271 0.576 0 0.005
0.271 0.823 0 0.005
0.272 0.14 0 0.005
0.272 0.35 0 0.005
0.272 0.603 0 0.005
0.272 0.711 0 0.005
0.2755 0.7535 0 0.005
0.276 0.9285 0 0.005
0.274 0.911 0 0.005
0.275 0.112 0 0.005
0.275 0.467 0 0.005
0.276 0.028 0 0.005
0.276 0.041 0 0.005
0.276 0.192 0 0.005
0.276 0.3 0 0.005
0.2785 0.4185 0 0.005
0.276 0.481 0 0.005
0.276 0.667 0 0.005
0.2815 0.6765 0 0.005
0.276 0.867 0 0.005
0.28 0.0625 0 0.005
0.277 0.241 0 0.005
0.277 0.388 0 0.005
0.277 0.589 0 0.005
0.277 0.795 0 0.005
0.278 0.095 0 0.005
0.278 0.253 0 0.005
0.278 0.621 0 0.005
0.278 0.654 0 0.005
0.278 0.954 0 0.005
0.278 0.985 0 0.005
0.2845 0.7745 0 0.005
0.28 0.204 0 0.005
0.283 0.6935 0 0.005
0.28 0.733 0 0.005
0.281 0.179 0 0.005
0.281 0.28 0 0.005
0.281 0.329 0 0.005
0.281 0.4 0 0.005
0.281 0.449 0 0.005
0.281 0.72 0 0.005
0.281 0.809 0 0.005
0.282 0.081 0 0.005
0.282 0.367 0 0.005
0.282 0.9957317073170732 0 0.005
0.284 0.00434313725490196 0 0.005
0.28733333333333333 0.155 0 0.005
0.289 0.2705 0 0.005
0.2934 0.6126 0 0.005
0.284 0.895 0 0.005
0.285 0.127 0 0.005
0.285 0.316 0 0.005
0.285 0.35 0 0.005
0.285 0.535 0 0.005
0.285 0.55 0 0.005
0.285 0.821 0 0.005
0.286 0.227 0 0.005
0.286 0.58 0 0.005
0.287 0.115 0 0.005
0.287 0.877 0 0.005
0.287 0.921 0 0.005
0.288 0.194 0 0.005
0.288 0.489 0 0.005
0.288 0.521 0 0.005
0.288 0.662 0 0.005
0.289 0.019 0 0.005
0.289 0.638 0 0.005
0.292 0.9495 0 0.005
0.294 0.2545 0 0.005
0.29 0.292 0 0.005
0.29 0.389 0 0.005
0.294 0.4725 0 0.005
0.29 0.711 0 0.005
0.29 0.98 0 0.005
0.291 0.044 0 0.005
0.291 0.377 0 0.005
0.291 0.504 0 0.005
0.291 0.563 0 0.005
0.291 0.906 0 0.005
0.292 0.031 0 0.005
0.292 0.213 0 0.005
0.292 0.967 0 0.005
0.3 0.16733333333333333 0 0.005
0.293 0.331 0 0.005
0.2985 0.437 0 0.005
0.293 0.447 0 0.005
0.2965 0.694 0 0.005
0.294 0.088 0 0.005
0.294 0.729 0 0.005
0.294 0.743 0 0.005
0.294 0.994656862745098 0 0.005
0.295 0.402 0 0.005
0.295 0.791 0 0.005
0.295 0.806 0 0.005
0.301 0.0975 0 0.005
0.3063333333333333 0.29933333333333334 0 0.005
0.296 0.755 0 0.005
0.297 0.076 0 0.005
0.297 0.35 0 0.005
0.3033333333333333 0.645 0 0.005
0.298 0.005 0 0.005
0.298 0.142 0 0.005
0.298 0.236 0 0.005
0.3015 0.423 0 0.005
0.298 0.824 0 0.005
0.298 0.838 0 0.005
0.3005 0.8645 0 0.005
0.299 0.932 0 0.005
0.3 0.061 0 0.005
0.3035 0.185 0 0.005
0.3 0.534 0 0.005
0.3055 0.358 0 0.005
0.304 0.5165 0 0.005
0.301 0.67 0 0.005
0.302 0.288 0 0.005
0.302 0.465 0 0.005
0.302 0.55 0 0.005
0.302 0.715 0 0.005
0.3093333333333333 0.12066666666666667 0 0.005
0.303 0.58 0 0.005
0.303 0.774 0 0.005
0.304 0.207 0 0.005
0.304 0.32 0 0.005
0.3085 0.386 0 0.005
0.3095 0.4935 0 0.005
0.304 0.944 0 0.005
0.305 0.046 0 0.005
0.312 0.22966666666666666 0 0.005
0.305 0.89 0 0.005
0.305 0.917 0 0.005
0.305 0.966 0 0.005
0.305 0.979 0 0.005
0.306 0.605 0 0.005
0.306 0.701 0 0.005
0.307 0.788 0 0.005
0.307 0.847 0 0.005
0.317178391959799 0.9900150753768844 0 0.005
0.308 0.024 0 0.005
0.3115 0.415 0 0.005
0.312 0.4485 0 0.005
0.308 0.568 0 0.005
0.309 0.072 0 0.005
0.3115 0.6655 0 0.005
0.31 0.341 0 0.005
0.31 0.818 0 0.005
0.31 0.833 0 0.005
0.31 0.904 0 0.005
0.3203333333333333 0.27666666666666667 0 0.005
0.311 0.731 0 0.005
0.312 0.249 0 0.005
0.312 0.261 0 0.005
0.312 0.531 0 0.005
0.3165 0.748 0 0.005
0.312 0.761 0 0.005
0.3145 0.9335 0 0.005
0.313 0.8 0 0.005
0.314 0.006 0 0.005
0.314 0.369 0 0.005
0.3195 0.4645 0 0.005
0.32325 0.5555 0 0.005
0.314 0.594 0 0.005
0.314 0.683 0 0.005
0.314 0.718 0 0.005
0.314 0.952 0 0.005
0.315 0.056 0 0.005
0.315 0.148 0 0.005
0.315 0.197 0 0.005
0.315 0.215 0 0.005
0.315 0.31 0 0.005
0.315 0.582 0 0.005
0.315 0.878 0 0.005
0.316 0.395 0 0.005
0.316 0.543 0 0.005
0.316 0.778 0 0.005
0.317 0.039 0 0.005
0.317 0.432 0 0.005
0.317 0.632 0 0.005
0.317 0.861 0 0.005
0.318 0.619 0 0.005
0.318 0.89 0 0.005
0.318 0.969 0 0.005
0.319 0.082 0 0.005
0.319 0.698 0 0.005
0.32 0.328 0 0.005
0.32 0.483 0 0.005
0.32 0.912 0 0.005
0.326 0.1815 0 0.005
0.321 0.849 0 0.005
0.322 0.351 0 0.005
0.322 0.511 0 0.005
0.322 0.836 0 0.005
0.323 0.163 0 0.005
0.327 0.8205 0 0.005
0.332 0.25566666666666665 0 0.005
0.325 0.117 0 0.005
0.3275 0.3765 0 0.005
0.3285 0.0235 0 0.005
0.3295 0.073 0 0.005
0.326 0.67 0 0.005
0.327 0.101 0 0.005
0.327 0.134 0 0.005
0.327 0.408 0 0.005
0.3443333333333333 0.5241666666666667 0 0.005
0.327 0.658 0 0.005
0.327 0.734 0 0.005
0.328 0.054 0 0.005
0.332 0.2355 0 0.005
0.328 0.605 0 0.005
0.328 0.641 0 0.005
0.328 0.719 0 0.005
0.328 0.925 0 0.005
0.329 0.395 0 0.005
0.329 0.44 0 0.005
0.329 0.581 0 0.005
0.329 0.593 0 0.005
0.33725 0.889 0 0.005
0.33 0.622 0 0.005
0.33 0.791 0 0.005
0.33 0.805 0 0.005
0.33 0.866 0 0.005
0.33 0.955 0 0.005
0.334905325443787 0.004035502958579881 0 0.005
0.331 0.762 0 0.005
0.332 0.215 0 0.005
0.337 0.2905 0 0.005
0.332 0.941 0 0.005
0.332 0.97 0 0.005
0.333 0.312 0 0.005
0.333 0.327 0 0.005
0.333 0.492 0 0.005
0.333 0.686 0 0.005
0.3395 0.039 0 0.005
0.334 0.15 0 0.005
0.334 0.202 0 0.005
0.334 0.34 0 0.005
0.334 0.419 0 0.005
0.334 0.51 0 0.005
0.335 0.912 0 0.005
0.336 0.778 0 0.005
0.337 0.7 0 0.005
0.338 0.478 0 0.005
0.339 0.099 0 0.005
0.339 0.165 0 0.005
0.339 0.275 0 0.005
0.339 0.355 0 0.005
0.339 0.386 0 0.005
0.3466666666666667 0.4046666666666667 0 0.005
0.3435 0.427 0 0.005
0.339 0.739 0 0.005
0.339 0.996225352112676 0 0.005
0.34 0.055 0 0.005
0.34 0.116 0 0.005
0.34 0.66 0 0.005
0.34 0.674 0 0.005
0.34 0.751 0 0.005
0.34 0.815 0 0.005
0.3435 0.1965 0 0.005
0.341 0.463 0 0.005
0.341 0.63 0 0.005
0.341 0.848 0 0.005
0.341 0.931 0 0.005
0.342 0.569 0 0.005
0.342 0.6 0 0.005
0.342 0.86 0 0.005
0.342 0.981 0 0.005
0.353 0.632 0 0.005
0.344 0.962 0 0.005
0.345 0.024 0 0.005
0.345 0.077 0 0.005
0.345 0.131 0 0.005
0.345 0.177 0 0.005
0.345 0.3 0 0.005
0.345 0.451 0 0.005
0.355 0.874 0 0.005
0.351 0.2165 0 0.005
0.3505 0.609 0 0.005
0.346 0.796 0 0.005
0.346 0.833 0 0.005
0.347 0.012 0 0.005
0.347 0.326 0 0.005
0.347 0.588 0 0.005
0.347 0.911 0 0.005
0.348 0.312 0 0.005
0.348 0.365 0 0.005
0.35733333333333334 0.5433333333333333 0 0.005
0.3525 0.715 0 0.005
0.348 0.728 0 0.005
0.349 0.259 0 0.005
0.349 0.496 0 0.005
0.349 0.772 0 0.005
0.3515 0.9485 0 0.005
0.3525 0.6915 0 0.005
0.351 0.271 0 0.005
0.351 0.437 0 0.005
0.36233333333333334 0.08866666666666667 0 0.005
0.352 0.157 0 0.005
0.352 0.243 0 0.005
0.352 0.657 0 0.005
0.352 0.754 0 0.005
0.352 0.994656862745098 0 0.005
0.353 0.046 0 0.005
0.353 0.187 0 0.005
0.353 0.382 0 0.005
0.353 0.481 0 0.005
0.3595 0.4605 0 0.005
0.354 0.814 0 0.005
0.354 0.971 0 0.005
0.355 0.0027746478873239434 0 0.005
0.359 0.0705 0 0.005
0.355 0.142 0 0.005
0.355 0.229 0 0.005
0.3616666666666667 0.35233333333333333 0 0.005
0.355 0.742 0 0.005
0.355 0.859 0 0.005
0.356 0.106 0 0.005
0.356 0.12 0 0.005
0.356 0.578 0 0.005
0.356 0.928 0 0.005
0.357 0.289 0 0.005
0.357 0.336 0 0.005
0.357 0.786 0 0.005
0.358 0.032 0 0.005
0.358 0.2 0 0.005
0.358 0.799 0 0.005
0.359 0.303 0 0.005
0.3625 0.499 0 0.005
0.359 0.847 0 0.005
0.359 0.915 0 0.005
0.36 0.668 0 0.005
0.365 0.0125 0 0.005
0.366 0.3205 0 0.005
0.361 0.372 0 0.005
0.361 0.827 0 0.005
0.362 0.446 0 0.005
0.362 0.564 0 0.005
0.362 0.706 0 0.005
0.363 0.642 0 0.005
0.363 0.731 0 0.005
0.363 0.773 0 0.005
0.363 0.981 0 0.005
0.364 0.13 0 0.005
0.364 0.172 0 0.005
0.367 0.4136666666666667 0 0.005
0.364 0.472 0 0.005
0.369 0.5995 0 0.005
0.364 0.938 0 0.005
0.366 0.222 0 0.005
0.366 0.267 0 0.005
0.366 0.693 0 0.005
0.367 0.158 0 0.005
0.367 0.188 0 0.005
0.371 0.7535 0 0.005
0.367 0.905 0 0.005
0.368 0.209 0 0.005
0.368 0.279 0 0.005
0.3815 0.63875 0 0.005
0.368 0.681 0 0.005
0.368 0.966 0 0.005
0.3745 0.2415 0 0.005
0.369 0.553 0 0.005
0.369 0.954 0 0.005
0.369 0.9967166666666667 0 0.005
0.37 0.054 0 0.005
0.371 0.041 0 0.005
0.371 0.253 0 0.005
0.371 0.585 0 0.005
0.371 0.927 0 0.005
0.372 0.066 0 0.005
0.3745 0.1385 0 0.005
0.372 0.292 0 0.005
0.384 0.38675 0 0.005
0.372 0.651 0 0.005
0.372 0.818 0 0.005
0.372 0.891 0 0.005
0.3775 0.509 0 0.005
0.374 0.338 0 0.005
0.375 0.102 0 0.005
0.376 0.022 0 0.005
0.376 0.114 0 0.005
0.3815 0.43 0 0.005
0.376 0.702 0 0.005
0.376 0.773 0 0.005
0.376 0.788 0 0.005
0.3785 0.8325 0 0.005
0.376 0.871 0 0.005
0.377 0.399 0 0.005
0.377 0.543 0 0.005
0.377 0.62 0 0.005
0.377 0.857 0 0.005
0.377 0.975 0 0.005
0.382 0.1835 0 0.005
0.378 0.224 0 0.005
0.378 0.312 0 0.005
0.378 0.458 0 0.005
0.378 0.53 0 0.005
0.378 0.723 0 0.005
0.382 0.7375 0 0.005
0.378 0.805 0 0.005
0.3875 0.9415 0 0.005
0.379 0.365 0 0.005
0.379 0.478 0 0.005
0.379 0.571 0 0.005
0.38 0.2 0 0.005
0.38 0.212 0 0.005
0.38 0.491 0 0.005
0.38 0.962 0 0.005
0.381 0.352 0 0.005
0.381 0.446 0 0.005
0.381 0.902 0 0.005
0.381 0.9957317073170732 0 0.005
0.382 0.008 0 0.005
0.383 0.325 0 0.005
0.383 0.665 0 0.005
0.384 0.264 0 0.005
0.391 0.286 0 0.005
0.388 0.8905 0 0.005
0.385 0.059 0 0.005
0.385 0.072 0 0.005
0.385 0.152 0 0.005
0.385 0.167 0 0.005
0.385 0.59 0 0.005
0.385 0.685 0 0.005
0.385 0.915 0 0.005
0.386 0.338 0 0.005
0.387 0.089 0 0.005
0.387 0.101 0 0.005
0.391 0.0345 0 0.005
0.388 0.232 0 0.005
0.388 0.412 0 0.005
0.388 0.871 0 0.005
0.389 0.782 0 0.005
0.389 0.837 0 0.005
0.39 0.47 0 0.005
0.39 0.549 0 0.005
0.39 0.564 0 0.005
0.39766666666666667 0.11733333333333333 0 0.005
0.391 0.606 0 0.005
0.391 0.62 0 0.005
0.391 0.706 0 0.005
0.391 0.746 0 0.005
0.391 0.763 0 0.005
0.3996 0.1522 0 0.005
0.392 0.245 0 0.005
0.3975 0.519 0 0.005
0.3945 0.5815 0 0.005
0.393 0.209 0 0.005
0.393 0.304 0 0.005
0.393 0.719 0 0.005
0.393 0.822 0 0.005
0.394 0.003763440860215054 0 0.005
0.394 0.015 0 0.005
0.397 0.1835 0 0.005
0.394 0.379 0 0.005
0.394 0.457 0 0.005
0.394 0.483 0 0.005
0.394 0.656 0 0.005
0.394 0.795 0 0.005
0.394 0.808 0 0.005
0.4005 0.4425 0 0.005
0.395 0.496 0 0.005
0.395 0.854 0 0.005
0.4005 0.9625 0 0.005
0.395 0.979 0 0.005
0.395 0.994 0 0.005
0.396 0.327 0 0.005
0.397 0.353 0 0.005
0.397 0.366 0 0.005
0.4005 0.67 0 0.005
0.398 0.062 0 0.005
0.398 0.263 0 0.005
0.398 0.34 0 0.005
0.398 0.879 0 0.005
0.398 0.907 0 0.005
0.399 0.427 0 0.005
0.399 0.69 0 0.005
0.4 0.076 0 0.005
0.4 0.222 0 0.005
0.4 0.731 0 0.005
0.4 0.773 0 0.005
0.401 0.234 0 0.005
0.401 0.536 0 0.005
0.401 0.755 0 0.005
0.401 0.84 0 0.005
0.401 0.928 0 0.005
0.405 0.0335 0 0.005
0.402 0.785 0 0.005
0.403 0.292 0 0.005
0.4065 0.554 0 0.005
0.403 0.704 0 0.005
0.404 0.09 0 0.005
0.405 0.051 0 0.005
0.4095 0.206 0 0.005
0.406 0.136 0 0.005
0.406 0.318 0 0.005
0.406 0.504 0 0.005
0.406 0.633 0 0.005
0.406 0.812 0 0.005
0.406 0.866 0 0.005
0.407 0.407 0 0.005
0.4125 0.568 0 0.005
0.407 0.897 0 0.005
0.408 0.179 0 0.005
0.408 0.378 0 0.005
0.412 0.4745 0 0.005
0.408 0.8 0 0.005
0.4155 0.83625 0 0.005
0.408 0.939 0 0.005
0.409 0.39 0 0.005
0.409 0.457 0 0.005
0.409 0.491 0 0.005
0.409 0.981 0 0.005
0.4125 0.2535 0 0.005
0.41 0.304 0 0.005
0.41 0.33 0 0.005
0.41733333333333333 0.5853333333333334 0 0.005
0.41 0.602 0 0.005
0.41 0.648 0 0.005
0.411 0.614 0 0.005
0.42075 0.09075 0 0.005
0.412 0.921 0 0.005
0.413 0.003763440860215054 0 0.005
0.413 0.015 0 0.005
0.413 0.063 0 0.005
0.413 0.117 0 0.005
0.413 0.354 0 0.005
0.413 0.753 0 0.005
0.413 0.881 0 0.005
0.414 0.219 0 0.005
0.4165 0.4265 0 0.005
0.414 0.677 0 0.005
0.414 0.739 0 0.005
0.414 0.765 0 0.005
0.414 0.786 0 0.005
0.414 0.994 0 0.005
0.415 0.19 0 0.005
0.419 0.2755 0 0.005
0.415 0.291 0 0.005
0.415 0.717 0 0.005
0.416 0.039 0 0.005
0.416 0.521 0 0.005
0.416 0.661 0 0.005
0.416 0.7 0 0.005
0.4215 0.161 0 0.005
0.417 0.341 0 0.005
0.43 0.1386 0 0.005
0.418 0.444 0 0.005
0.418 0.954 0 0.005
0.419 0.407 0 0.005
0.419 0.508 0 0.005
0.419 0.636 0 0.005
0.4274 0.8674 0 0.005
0.419 0.895 0 0.005
0.419 0.907 0 0.005
0.42 0.366 0 0.005
0.4255 0.5365 0 0.005
0.42 0.937 0 0.005
0.421 0.025 0 0.005
0.421 0.384 0 0.005
0.421 0.456 0 0.005
0.421 0.798 0 0.005
0.421 0.812 0 0.005
0.4255 0.303 0 0.005
0.422 0.623 0 0.005
0.424 0.235 0 0.005
0.427 0.9685 0 0.005
0.429 0.1105 0 0.005
0.4346666666666667 0.4643333333333333 0 0.005
0.4285 0.1945 0 0.005
0.426 0.324 0 0.005
0.426 0.68 0 0.005
0.427 0.175 0 0.005
0.427 0.354 0 0.005
0.427 0.486 0 0.005
0.427 0.551 0 0.005
0.427 0.719 0 0.005
0.427 0.759 0 0.005
0.428 0.054 0 0.005
0.428 0.257 0 0.005
0.428 0.498 0 0.005
0.428 0.518 0 0.005
0.4435 0.6648333333333334 0 0.005
0.428 0.732 0 0.005
0.428 0.927 0 0.005
0.428 0.986 0 0.005
0.4325 0.613 0 0.005
0.432 0.7745 0 0.005
0.4335 0.337 0 0.005
0.43 0.42 0 0.005
0.4355 0.591 0 0.005
0.43 0.823 0 0.005
0.431 0.007 0 0.005
0.431 0.039 0 0.005
0.4365 0.0685 0 0.005
0.431 0.217 0 0.005
0.4365 0.438 0 0.005
0.431 0.563 0 0.005
0.431 0.634 0 0.005
0.431 0.706 0 0.005
0.432 0.746 0 0.005
0.433 0.019 0 0.005
0.4365 0.384 0 0.005
0.433 0.648 0 0.005
0.433 0.796 0 0.005
0.433 0.906 0 0.005
0.433 0.94 0 0.005
0.434 0.996225352112676 0 0.005
0.4395 0.694 0 0.005
0.435 0.808 0 0.005
0.436 0.238 0 0.005
0.436 0.401 0 0.005
0.437 0.269 0 0.005
0.437 0.362 0 0.005
0.437 0.843 0 0.005
0.449 0.11666666666666667 0 0.005
0.438 0.574 0 0.005
0.439 0.484 0 0.005
0.439 0.551 0 0.005
0.44 0.053 0 0.005
0.44 0.083 0 0.005
0.44 0.174 0 0.005
0.441 0.226 0 0.005
0.441 0.283 0 0.005
0.441 0.295 0 0.005
0.441 0.506 0 0.005
0.4445 0.921 0 0.005
0.446 0.0365 0 0.005
0.442 0.254 0 0.005
0.442 0.521 0 0.005
0.4445 0.7775 0 0.005
0.4465 0.889 0 0.005
0.442 0.955 0 0.005
0.4455 0.987 0 0.005
0.443 0.186 0 0.005
0.443 0.205 0 0.005
0.443 0.448 0 0.005
0.443 0.758 0 0.005
0.444 0.311 0 0.005
0.444 0.535 0 0.005
0.444 0.725 0 0.005
0.444 0.743 0 0.005
0.4495 0.857 0 0.005
0.445 0.097 0 0.005
0.445 0.162 0 0.005
0.4485 0.838 0 0.005
0.446 0.637 0 0.005
0.446 0.82 0 0.005
0.446 0.969 0 0.005
0.4525 0.3265 0 0.005
0.4525 0.4165 0 0.005
0.447 0.561 0 0.005
0.447 0.604 0 0.005
0.4505 0.62 0 0.005
0.4525 0.7955 0 0.005
0.447 0.872 0 0.005
0.447 0.938 0 0.005
0.448 0.376 0 0.005
0.448 0.711 0 0.005
0.448 0.905 0 0.005
0.449 0.345 0 0.005
0.451 0.012 0 0.005
0.451 0.132 0 0.005
0.451 0.489 0 0.005
0.452 0.0022833333333333334 0 0.005
0.4565 0.053 0 0.005
0.457 0.1515 0 0.005
0.452 0.233 0 0.005
0.452 0.246 0 0.005
0.452 0.363 0 0.005
0.4555 0.568 0 0.005
0.453 0.195 0 0.005
0.453 0.507 0 0.005
0.463 0.5406666666666666 0 0.005
0.454 0.069 0 0.005
0.454 0.274 0 0.005
0.454 0.402 0 0.005
0.454 0.586 0 0.005
0.455 0.082 0 0.005
0.455 0.388 0 0.005
0.455 0.446 0 0.005
0.456 0.025 0 0.005
0.456 0.181 0 0.005
0.456 0.22 0 0.005
0.456 0.747 0 0.005
0.456 0.762 0 0.005
0.4656666666666667 0.8086666666666666 0 0.005
0.457 0.099 0 0.005
0.457 0.208 0 0.005
0.457 0.649 0 0.005
0.46 0.9095 0 0.005
0.458 0.293 0 0.005
0.458 0.433 0 0.005
0.458 0.475 0 0.005
0.458 0.525 0 0.005
0.458 0.694 0 0.005
0.458 0.779 0 0.005
0.458 0.831 0 0.005
0.47 0.31139999999999995 0 0.005
0.459 0.875 0 0.005
0.46 0.169 0 0.005
0.46 0.374 0 0.005
0.46 0.462 0 0.005
0.46 0.732 0 0.005
0.46 0.931 0 0.005
0.46 0.949 0 0.005
0.46 0.962 0 0.005
0.461 0.124 0 0.005
0.461 0.262 0 0.005
0.461 0.635 0 0.005
0.4665 0.683 0 0.005
0.462 0.715 0 0.005
0.462 0.978 0 0.005
0.46726999999999996 0.00925 0 0.005
0.463 0.139 0 0.005
0.463 0.344 0 0.005
0.463 0.489 0 0.005
0.464 0.035 0 0.005
0.464 0.575 0 0.005
0.464 0.992 0 0.005
0.465 0.193 0 0.005
0.465 0.244 0 0.005
0.465 0.512 0 0.005
0.4685 0.2775 0 0.005
0.466 0.82 0 0.005
0.466 0.845 0 0.005
0.47433333333333333 0.8803333333333334 0 0.005
0.467 0.388 0 0.005
0.467 0.6 0 0.005
0.467 0.615 0 0.005
0.468 0.084 0 0.005
0.468 0.226 0 0.005
0.473 0.5505 0 0.005
0.469 0.209 0 0.005
0.469 0.861 0 0.005
0.469 0.917 0 0.005
0.4755 0.061 0 0.005
0.47 0.096 0 0.005
0.477 0.16866666666666666 0 0.005
0.47 0.421 0 0.005
0.47 0.433 0 0.005
0.47 0.656 0 0.005
0.47 0.668 0 0.005
0.471 0.643 0 0.005
0.471 0.742 0 0.005
0.472 0.108 0 0.005
0.472 0.331 0 0.005
0.472 0.445 0 0.005
0.472 0.729 0 0.005
0.4776666666666667 0.7556666666666666 0 0.005
0.473 0.123 0 0.005
0.4755 0.1415 0 0.005
0.473 0.359 0 0.005
0.4785 0.3735 0 0.005
0.478 0.5895 0 0.005
0.473 0.957 0 0.005
0.473 0.971 0 0.005
0.479 0.4125 0 0.005
0.474 0.792 0 0.005
0.475 0.489 0 0.005
0.475 0.504 0 0.005
0.475 0.565 0 0.005
0.475 0.715 0 0.005
0.475 0.777 0 0.005
0.475 0.94 0 0.005
0.476 0.041 0 0.005
0.476 0.994656862745098 0 0.005
0.48533333333333334 0.39366666666666666 0 0.005
0.48975 0.63725 0 0.005
0.478 0.021 0 0.005
0.478 0.075 0 0.005
0.478 0.345 0 0.005
0.478 0.472 0 0.005
0.478 0.608 0 0.005
0.478 0.829 0 0.005
0.478 0.908 0 0.005
0.479 0.285 0 0.005
0.479 0.456 0 0.005
0.479 0.516 0 0.005
0.479 0.698 0 0.005
0.479 0.927 0 0.005
0.48 0.234 0 0.005
0.48 0.25 0 0.005
0.481 0.214 0 0.005
0.481 0.263 0 0.005
0.481 0.844 0 0.005
0.4855 0.889 0 0.005
0.483 0.182 0 0.005
0.483 0.577 0 0.005
0.483 0.736 0 0.005
0.484 0.092 0 0.005
0.484 0.657 0 0.005
0.485 0.334 0 0.005
0.485 0.438 0 0.005
0.4875 0.7185 0 0.005
0.4885 0.944 0 0.005
0.485 0.973 0 0.005
0.486 0.146 0 0.005
0.486 0.194 0 0.005
0.4885 0.3525 0 0.005
0.486 0.961 0 0.005
0.486 0.985 0 0.005
0.487 0.011 0 0.005
0.487 0.12 0 0.005
0.487 0.494 0 0.005
0.487 0.673 0 0.005
0.4905 0.784 0 0.005
0.491 0.8635 0 0.005
0.488 0.9967166666666667 0 0.005
0.489 0.047 0 0.005
0.489 0.506 0 0.005
0.4983333333333333 0.08 0 0.005
0.49 0.224 0 0.005
0.49 0.242 0 0.005
0.49 0.297 0 0.005
0.49 0.479 0 0.005
0.49 0.538 0 0.005
0.49 0.56 0 0.005
0.49 0.802 0 0.005
0.491 0.283 0 0.005
0.491 0.525 0 0.005
0.4955 0.763 0 0.005
0.492 0.035 0 0.005
0.492 0.313 0 0.005
0.4955 0.445 0 0.005
0.492 0.462 0 0.005
0.492 0.687 0 0.005
0.492 0.701 0 0.005
0.493 0.428 0 0.005
0.493 0.832 0 0.005
0.493 0.926 0 0.005
0.494 0.063 0 0.005
0.494 0.103 0 0.005
0.494 0.621 0 0.005
0.495 0.173 0 0.005
0.5005 0.188 0 0.005
0.495 0.741 0 0.005
0.495 0.82 0 0.005
0.495 0.847 0 0.005
0.496 0.412 0 0.005
0.496 0.656 0 0.005
0.496 0.895 0 0.005
0.497 0.0027746478873239434 0 0.005
0.5055 0.3835 0 0.005
0.497 0.911 0 0.005
0.497 0.971 0 0.005
0.498 0.018 0 0.005
0.498 0.152 0 0.005
0.498 0.334 0 0.005
0.5035 0.5705 0 0.005
0.506 0.11 0 0.005
0.499 0.132 0 0.005
0.499 0.202 0 0.005
0.499 0.261 0 0.005
0.499 0.589 0 0.005
0.499 0.604 0 0.005
0.504 0.9825 0 0.005
0.5 0.273 0 0.005
0.501 0.322 0 0.005
0.501 0.51 0 0.005
0.5045 0.787 0 0.005
0.501 0.959 0 0.005
0.502 0.051 0 0.005
0.502 0.882 0 0.005
0.503 0.228 0 0.005
0.503 0.285 0 0.005
0.5085 0.7145 0 0.005
0.504 0.031 0 0.005
0.507 0.4595 0 0.005
0.504 0.526 0 0.005
0.504 0.548 0 0.005
0.5075 0.67 0 0.005
0.505 0.688 0 0.005
0.505 0.729 0 0.005
0.505 0.947 0 0.005
0.511 0.1595 0 0.005
0.506 0.305 0 0.005
0.5115 0.354 0 0.005
0.5085 0.4075 0 0.005
0.506 0.484 0 0.005
0.506 0.498 0 0.005
0.507 0.176 0 0.005
0.507 0.212 0 0.005
0.5136666666666666 0.6186666666666666 0 0.005
0.507 0.919 0 0.005
0.508 0.066 0 0.005
0.508 0.844 0 0.005
0.5125 0.254 0 0.005
0.509 0.425 0 0.005
0.509 0.741 0 0.005
0.5135 0.825 0 0.005
0.51 0.0027746478873239434 0 0.005
0.51 0.755 0 0.005
0.51 0.868 0 0.005
0.51 0.893 0 0.005
0.5145 0.909 0 0.005
0.511 0.017 0 0.005
0.511 0.442 0 0.005
0.511 0.81 0 0.005
0.511 0.856 0 0.005
0.511 0.931 0 0.005
0.5145 0.962 0 0.005
0.511 0.9952365591397849 0 0.005
0.512 0.769 0 0.005
0.522 0.113 0 0.005
0.513 0.275 0 0.005
0.513 0.328 0 0.005
0.5195 0.144 0 0.005
0.514 0.516 0 0.005
0.514 0.594 0 0.005
0.515 0.29 0 0.005
0.515 0.556 0 0.005
0.515 0.646 0 0.005
0.515 0.7 0 0.005
0.516 0.544 0 0.005
0.521 0.7925 0 0.005
0.517 0.235 0 0.005
0.517 0.315 0 0.005
0.518 0.193 0 0.005
0.518 0.493 0 0.005
0.519 0.036 0 0.005
0.519 0.169 0 0.005
0.5245 0.1835 0 0.005
0.519 0.302 0 0.005
0.53375 0.37125 0 0.005
0.519 0.687 0 0.005
0.5245 0.048 0 0.005
0.525 0.07466666666666667 0 0.005
0.52 0.432 0 0.005
0.5245 0.536 0 0.005
0.52 0.576 0 0.005
0.52 0.634 0 0.005
0.521 0.345 0 0.005
0.521 0.481 0 0.005
0.521 0.505 0 0.005
0.522 0.01 0 0.005
0.522 0.209 0 0.005
0.5323333333333333 0.4726666666666667 0 0.005
0.522 0.833 0 0.005
0.522 0.845 0 0.005
0.522 0.885 0 0.005
0.522 0.945 0 0.005
0.523 0.745 0 0.005
0.523 0.777 0 0.005
0.523 0.808 0 0.005
0.523 0.867 0 0.005
0.524 0.41 0 0.005
0.524 0.757 0 0.005
0.524 0.977 0 0.005
0.525 0.024 0 0.005
0.525 0.223 0 0.005
0.525 0.453 0 0.005
0.525 0.719 0 0.005
0.525 0.926 0 0.005
0.526 0.517 0 0.005
0.526 0.591 0 0.005
0.526 0.674 0 0.005
0.526 0.731 0 0.005
0.532 0.6495 0 0.005
0.527 0.99 0 0.005
0.528 0.135 0 0.005
0.5325 0.156 0 0.005
0.528 0.247 0 0.005
0.528 0.259 0 0.005
0.528 0.329 0 0.005
0.529 0.361 0 0.005
0.529 0.901 0 0.005
0.53 0.0022833333333333334 0 0.005
0.53 0.092 0 0.005
0.53 0.496 0 0.005
0.53 0.562 0 0.005
0.531 0.173 0 0.005
0.531 0.199 0 0.005
0.531 0.703 0 0.005
0.531 0.954 0 0.005
0.532 0.295 0 0.005
0.532 0.307 0 0.005
0.532 0.604 0 0.005
0.539 0.6853333333333333 0 0.005
0.533 0.275 0 0.005
0.533 0.422 0 0.005
0.5365 0.3465 0 0.005
0.5395 0.444 0 0.005
0.5375 0.76 0 0.005
0.534 0.801 0 0.005
0.5395 0.118 0 0.005
0.535 0.39 0 0.005
0.535 0.743 0 0.005
0.535 0.815 0 0.005
0.535 0.827 0 0.005
0.536 0.622 0 0.005
0.536 0.859 0 0.005
0.54 0.0255 0 0.005
0.537 0.937 0 0.005
0.538 0.667 0 0.005
0.538 0.727 0 0.005
0.538 0.789 0 0.005
0.538 0.922 0 0.005
0.538 0.978 0 0.005
0.539 0.052 0 0.005
0.539 0.517 0 0.005
0.539 0.634 0 0.005
0.539 0.713 0 0.005
0.539 0.873 0 0.005
0.539 0.889 0 0.005
0.539 0.91 0 0.005
0.539 0.966 0 0.005
0.54 0.137 0 0.005
0.54 0.164 0 0.005
0.54 0.407 0 0.005
0.5425 0.5595 0 0.005
0.5455 0.58 0 0.005
0.545 0.2365 0 0.005
0.541 0.461 0 0.005
0.541 0.529 0 0.005
0.542 0.097 0 0.005
0.542 0.219 0 0.005
0.542 0.996225352112676 0 0.005
0.543 0.178 0 0.005
0.543 0.192 0 0.005
0.543 0.327 0 0.005
0.544 0.009 0 0.005
0.544 0.306 0 0.005
0.544 0.492 0 0.005
0.544 0.841 0 0.005
0.545 0.282 0 0.005
0.548 0.4215 0 0.005
0.5495 0.947 0 0.005
0.546 0.34 0 0.005
0.547 0.066 0 0.005
0.547 0.256 0 0.005
0.5495 0.6115 0 0.005
0.547 0.703 0 0.005
0.548 0.543 0 0.005
0.548 0.594 0 0.005
0.548 0.736 0 0.005
0.548 0.824 0 0.005
0.549 0.268 0 0.005
0.549 0.383 0 0.005
0.549 0.78 0 0.005
0.549 0.902 0 0.005
0.55 0.08 0 0.005
0.554 0.1545 0 0.005
0.55 0.67 0 0.005
0.55 0.8 0 0.005
0.55 0.812 0 0.005
0.551 0.042 0 0.005
0.551 0.21 0 0.005
0.551 0.317 0 0.005
0.551 0.503 0 0.005
0.551 0.722 0 0.005
0.551 0.856 0 0.005
0.552 0.125 0 0.005
0.552 0.137 0 0.005
0.552 0.293 0 0.005
0.5565 0.402 0 0.005
0.552 0.931 0 0.005
0.552 0.973 0 0.005
0.553 0.63 0 0.005
0.556 0.7645 0 0.005
0.556 0.8825 0 0.005
0.554 0.459 0 0.005
0.554 0.516 0 0.005
0.56675 0.915 0 0.005
0.555 0.018 0 0.005
0.555 0.353 0 0.005
0.555 0.439 0 0.005
0.5605 0.4735 0 0.005
0.555 0.658 0 0.005
0.555 0.747 0 0.005
0.5567751479289941 0.991094674556213 0 0.005
0.56 0.17866666666666667 0 0.005
0.556 0.332 0 0.005
0.557 0.097 0 0.005
0.5636666666666666 0.116 0 0.005
0.557 0.532 0 0.005
0.562 0.9545 0 0.005
0.558 0.003763440860215054 0 0.005
0.558 0.223 0 0.005
0.5605 0.8455 0 0.005
0.559 0.365 0 0.005
0.559 0.427 0 0.005
0.5615 0.7085 0 0.005
0.565 0.0515 0 0.005
0.571 0.19133333333333336 0 0.005
0.56 0.607 0 0.005
0.56 0.646 0 0.005
0.561 0.245 0 0.005
0.561 0.282 0 0.005
0.561 0.551 0 0.005
0.561 0.789 0 0.005
0.5665 0.8645 0 0.005
0.562 0.085 0 0.005
0.566 0.4976666666666667 0 0.005
0.562 0.566 0 0.005
0.562 0.594 0 0.005
0.562 0.674 0 0.005
0.562 0.801 0 0.005
0.562 0.903 0 0.005
0.563 0.072 0 0.005
0.563 0.311 0 0.005
0.563 0.449 0 0.005
0.569 0.2535 0 0.005
0.564 0.378 0 0.005
0.564 0.582 0 0.005
0.564 0.977 0 0.005
0.5782 0.6422 0 0.005
0.565 0.737 0 0.005
0.565 0.82 0 0.005
0.566 0.035 0 0.005
0.566 0.299 0 0.005
0.566 0.464 0 0.005
0.566 0.518 0 0.005
0.5705 0.2165 0 0.005
0.568 0.341 0 0.005
0.569 0.022 0 0.005
0.569 0.325 0 0.005
0.569 0.396 0 0.005
0.569 0.693 0 0.005
0.569 0.749 0 0.005
0.569 0.879 0 0.005
0.569 0.936 0 0.005
0.57 0.1 0 0.005
0.57 0.538 0 0.005
0.5758444444444444 0.00715 0 0.005
0.571 0.062 0 0.005
0.571 0.14 0 0.005
0.574 0.2735 0 0.005
0.571 0.771 0 0.005
0.571 0.966 0 0.005
0.572 0.153 0 0.005
0.572 0.235 0 0.005
0.572 0.615 0 0.005
0.572 0.833 0 0.005
0.572 0.9957317073170732 0 0.005
0.576 0.3575 0 0.005
0.573 0.659 0 0.005
0.573 0.705 0 0.005
0.5813333333333334 0.786 0 0.005
0.574 0.085 0 0.005
0.574 0.413 0 0.005
0.5775 0.436 0 0.005
0.587 0.6055 0 0.005
0.575 0.568 0 0.005
0.576 0.166 0 0.005
0.5815 0.7165 0 0.005
0.576 0.892 0 0.005
0.582 0.4815 0 0.005
0.577 0.735 0 0.005
0.577 0.799 0 0.005
0.578 0.291 0 0.005
0.578 0.453 0 0.005
0.5815 0.523 0 0.005
0.5815 0.551 0 0.005
0.578 0.675 0 0.005
0.578 0.924 0 0.005
0.579 0.036 0 0.005
0.5815 0.8215 0 0.005
0.579 0.954 0 0.005
0.579 0.977 0 0.005
0.58 0.072 0 0.005
0.58 0.129 0 0.005
0.58 0.305 0 0.005
0.5855 0.4625 0 0.005
0.5896666666666667 0.5883333333333334 0 0.005
0.5905 0.39 0 0.005
0.582 0.199 0 0.005
0.5916666666666667 0.6913333333333334 0 0.005
0.582 0.756 0 0.005
0.583 0.114 0 0.005
0.583 0.878 0 0.005
0.5875 0.027 0 0.005
0.5885 0.05 0 0.005
0.5895 0.1535 0 0.005
0.584 0.327 0 0.005
0.584 0.504 0 0.005
0.591 0.85225 0 0.005
0.585 0.237 0 0.005
0.585 0.339 0 0.005
0.585 0.368 0 0.005
0.585 0.989 0 0.005
0.587 0.223 0 0.005
0.587 0.567 0 0.005
0.5935 0.0795 0 0.005
0.5903333333333334 0.42 0 0.005
0.588 0.744 0 0.005
0.589 0.0022833333333333334 0 0.005
0.589 0.252 0 0.005
0.589 0.938 0 0.005
0.589 0.966 0 0.005
0.59 0.094 0 0.005
0.59 0.211 0 0.005
0.59 0.266 0 0.005
0.59 0.278 0 0.005
0.59 0.769 0 0.005
0.59 0.806 0 0.005
0.59 0.901 0 0.005
0.59 0.919 0 0.005
0.591 0.629 0 0.005
0.592 0.169 0 0.005
0.592 0.672 0 0.005
0.592 0.726 0 0.005
0.592 0.889 0 0.005
0.593 0.137 0 0.005
0.593 0.448 0 0.005
0.5965 0.487 0 0.005
0.593 0.952 0 0.005
0.594 0.062 0 0.005
0.594 0.536 0 0.005
0.6005 0.288 0 0.005
0.595 0.32 0 0.005
0.595 0.757 0 0.005
0.596 0.109 0 0.005
0.6015 0.12 0 0.005
0.6 0.1855 0 0.005
0.596 0.505 0 0.005
0.596 0.644 0 0.005
0.596 0.83 0 0.005
0.608 0.34075 0 0.005
0.597 0.373 0 0.005
0.597 0.873 0 0.005
0.597 0.988 0 0.005
0.598 0.009 0 0.005
0.598 0.308 0 0.005
0.6013333333333334 0.78 0 0.005
0.6035 0.9785 0 0.005
0.599 0.356 0 0.005
0.599 0.572 0 0.005
0.605 0.9135 0 0.005
0.601 0.704 0 0.005
0.601 0.942 0 0.005
0.602 0.717 0 0.005
0.602 0.928 0 0.005
0.6085 0.0315 0 0.005
0.6055 0.1505 0 0.005
0.603 0.526 0 0.005
0.603 0.558 0 0.005
0.603 0.811 0 0.005
0.603 0.898 0 0.005
0.6136666666666666 0.10633333333333334 0 0.005
0.604 0.235 0 0.005
0.604 0.4 0 0.005
0.6065 0.6345 0 0.005
0.604 0.657 0 0.005
0.604 0.675 0 0.005
0.605 0.02 0 0.005
0.605 0.054 0 0.005
0.609 0.2555 0 0.005
0.6105 0.431 0 0.005
0.6143333333333334 0.45066666666666666 0 0.005
0.605 0.469 0 0.005
0.6136666666666666 0.9466666666666667 0 0.005
0.606 0.132 0 0.005
0.606 0.168 0 0.005
0.606 0.298 0 0.005
0.606 0.414 0 0.005
0.606 0.736 0 0.005
0.607 0.222 0 0.005
0.607 0.967 0 0.005
0.608 0.193 0 0.005
0.608 0.206 0 0.005
0.608 0.864 0 0.005
0.609 0.085 0 0.005
0.609 0.273 0 0.005
0.6115 0.3675 0 0.005
0.609 0.54 0 0.005
0.609 0.749 0 0.005
0.6153960396039604 0.007128712871287129 0 0.005
0.613 0.7745 0 0.005
0.6125 0.8815 0 0.005
0.611 0.568 0 0.005
0.611 0.602 0 0.005
0.612 0.066 0 0.005
0.612 0.311 0 0.005
0.613 0.485 0 0.005
0.613 0.58 0 0.005
0.613 0.704 0 0.005
0.613 0.851 0 0.005
0.613 0.994656862745098 0 0.005
0.6195 0.5125 0 0.005
0.615 0.499 0 0.005
0.615 0.668 0 0.005
0.615 0.822 0 0.005
0.616 0.176 0 0.005
0.616 0.324 0 0.005
0.616 0.622 0 0.005
0.616 0.685 0 0.005
0.617 0.807 0 0.005
0.617 0.837 0 0.005
0.618 0.39 0 0.005
0.618 0.653 0 0.005
0.618 0.794 0 0.005
0.619 0.468 0 0.005
0.619 0.548 0 0.005
0.619 0.903 0 0.005
0.624 0.9635 0 0.005
0.6225 0.0525 0 0.005
0.62 0.128 0 0.005
0.62 0.14 0 0.005
0.62 0.249 0 0.005
0.62 0.287 0 0.005
0.62 0.416 0 0.005
0.62 0.724 0 0.005
0.621 0.091 0 0.005
0.621 0.204 0 0.005
0.621 0.218 0 0.005
0.6235 0.8575 0 0.005
0.6275 0.405 0 0.005
0.622 0.591 0 0.005
0.622 0.781 0 0.005
0.623 0.374 0 0.005
0.623 0.57 0 0.005
0.623 0.641 0 0.005
0.623 0.98 0 0.005
0.624 0.072 0 0.005
0.6333333333333334 0.241 0 0.005
0.624 0.272 0 0.005
0.624 0.523 0 0.005
0.6295 0.7385 0 0.005
0.624 0.752 0 0.005
0.625 0.157 0 0.005
0.625 0.311 0 0.005
0.625 0.992 0 0.005
0.626 0.184 0 0.005
0.626 0.606 0 0.005
0.626 0.875 0 0.005
0.627 0.336 0 0.005
0.628 0.03 0 0.005
0.628 0.172 0 0.005
0.628 0.427 0 0.005
0.628 0.711 0 0.005
0.634 0.7633333333333334 0 0.005
0.628 0.913 0 0.005
0.628 0.925 0 0.005
0.629 0.323 0 0.005
0.629 0.536 0 0.005
0.629 0.683 0 0.005
0.629 0.802 0 0.005
0.634 0.2995 0 0.005
0.63 0.486 0 0.005
0.63 0.84 0 0.005
0.631 0.258 0 0.005
0.631 0.696 0 0.005
0.632 0.141 0 0.005
0.632 0.363 0 0.005
0.6355 0.549 0 0.005
0.632 0.899 0 0.005
0.633 0.018 0 0.005
0.633 0.196 0 0.005
0.633 0.208 0 0.005
0.6355 0.8245 0 0.005
0.634 0.09 0 0.005
0.634 0.121 0 0.005
0.634 0.623 0 0.005
0.638 0.6665 0 0.005
0.634 0.886 0 0.005
0.635 0.05 0 0.005
0.635 0.102 0 0.005
0.635 0.222 0 0.005
0.64 0.4565 0 0.005
0.635 0.472 0 0.005
0.635 0.587 0 0.005
0.635 0.641 0 0.005
0.635 0.722 0 0.005
0.635 0.784 0 0.005
0.6415 0.348 0 0.005
0.636 0.39 0 0.005
0.637 0.075 0 0.005
0.637 0.159 0 0.005
0.637 0.376 0 0.005
0.637 0.867 0 0.005
0.637 0.942 0 0.005
0.637 0.974 0 0.005
0.637 0.996225352112676 0 0.005
0.638 0.00434313725490196 0 0.005
0.638 0.182 0 0.005
0.638 0.439 0 0.005
0.638 0.505 0 0.005
0.638 0.573 0 0.005
0.641 0.062 0 0.005
0.641 0.277 0 0.005
0.642 0.602 0 0.005
0.643 0.332 0 0.005
0.643 0.491 0 0.005
0.643 0.685 0 0.005
0.643 0.703 0 0.005
0.643 0.795 0 0.005
0.643 0.81 0 0.005
0.6475 0.925 0 0.005
0.644 0.137 0 0.005
0.6516666666666666 0.433 0 0.005
0.6485 0.521 0 0.005
0.644 0.907 0 0.005
0.646 0.033 0 0.005
0.646 0.314 0 0.005
0.646 0.412 0 0.005
0.646 0.856 0 0.005
0.647 0.049 0 0.005
0.6533333333333333 0.12533333333333332 0 0.005
0.647 0.167 0 0.005
0.6505 0.479 0 0.005
0.647 0.722 0 0.005
0.647 0.734 0 0.005
0.647 0.986 0 0.005
0.648 0.151 0 0.005
0.648 0.234 0 0.005
0.648 0.295 0 0.005
0.648 0.398 0 0.005
0.648 0.553 0 0.005
0.648 0.642 0 0.005
0.649 0.014 0 0.005
0.652 0.0675 0 0.005
0.649 0.094 0 0.005
0.649 0.191 0 0.005
0.649 0.613 0 0.005
0.649 0.889 0 0.005
0.649 0.943 0 0.005
0.65 0.106 0 0.005
0.65 0.208 0 0.005
0.65 0.357 0 0.005
0.65 0.957 0 0.005
0.6565 0.182 0 0.005
0.651 0.22 0 0.005
0.651 0.269 0 0.005
0.651 0.538 0 0.005
0.651 0.87 0 0.005
0.661 0.00547808764940239 0 0.005
0.6555 0.383 0 0.005
0.652 0.585 0 0.005
0.652 0.657 0 0.005
0.657 0.7425 0 0.005
0.652 0.843 0 0.005
0.6626666666666666 0.5796666666666667 0 0.005
0.653 0.629 0 0.005
0.654 0.256 0 0.005
0.654 0.674 0 0.005
0.654 0.692 0 0.005
0.6575 0.829 0 0.005
0.654 0.975 0 0.005
0.654 0.996225352112676 0 0.005
0.659 0.2775 0 0.005
0.655 0.496 0 0.005
0.655 0.774 0 0.005
0.655 0.805 0 0.005
0.656 0.46 0 0.005
0.656 0.905 0 0.005
0.657 0.761 0 0.005
0.658 0.329 0 0.005
0.658 0.407 0 0.005
0.658 0.793 0 0.005
0.659 0.159 0 0.005
0.659 0.306 0 0.005
0.659 0.426 0 0.005
0.669 0.6053333333333334 0 0.005
0.66 0.343 0 0.005
0.66 0.646 0 0.005
0.66 0.704 0 0.005
0.66 0.854 0 0.005
0.663 0.8745 0 0.005
0.661 0.075 0 0.005
0.661 0.147 0 0.005
0.661 0.234 0 0.005
0.671 0.5363333333333333 0 0.005
0.661 0.615 0 0.005
0.661 0.892 0 0.005
0.662 0.044 0 0.005
0.662 0.562 0 0.005
0.662 0.949 0 0.005
0.664 0.022 0 0.005
0.664 0.09 0 0.005
0.664 0.207 0 0.005
0.664 0.683 0 0.005
0.664 0.721 0 0.005
0.664 0.965 0 0.005
0.665 0.318 0 0.005
0.6733333333333333 0.667 0 0.005
0.6675 0.9855 0 0.005
0.666 0.48 0 0.005
0.667 0.172 0 0.005
0.667 0.219 0 0.005
0.667 0.296 0 0.005
0.67 0.4575 0 0.005
0.667 0.627 0 0.005
0.667 0.917 0 0.005
0.667 0.936 0 0.005
0.6772 0.1038 0 0.005
0.6726666666666666 0.3456666666666667 0 0.005
0.668 0.367 0 0.005
0.6715 0.496 0 0.005
0.668 0.547 0 0.005
0.668 0.751 0 0.005
0.668 0.814 0 0.005
0.67925 0.9035 0 0.005
0.669 0.059 0 0.005
0.669 0.123 0 0.005
0.6735 0.256 0 0.005
0.669 0.513 0 0.005
0.67 0.797 0 0.005
0.676 0.3955 0 0.005
0.671 0.779 0 0.005
0.671 0.826 0 0.005
0.672 0.194 0 0.005
0.672 0.381 0 0.005
0.6755 0.648 0 0.005
0.678 0.0685 0 0.005
0.673 0.764 0 0.005
0.673 0.838 0 0.005
0.673 0.857 0 0.005
0.674 0.154 0 0.005
0.674 0.567 0 0.005
0.674 0.698 0 0.005
0.674 0.739 0 0.005
0.675 0.307 0 0.005
0.675 0.416 0 0.005
0.6775 0.8785 0 0.005
0.676 0.028 0 0.005
0.681 0.2335 0 0.005
0.676 0.281 0 0.005
0.676 0.685 0 0.005
0.676 0.71 0 0.005
0.677 0.041 0 0.005
0.6825 0.445 0 0.005
0.677 0.725 0 0.005
0.677 0.952 0 0.005
0.678 0.136 0 0.005
0.678 0.32 0 0.005
0.6924102564102564 0.9895827505827506 0 0.005
0.6835 0.02 0 0.005
0.68 0.429 0 0.005
0.68 0.627 0 0.005
0.681 0.053 0 0.005
0.681 0.183 0 0.005
0.69 0.213 0 0.005
0.684 0.9265 0 0.005
0.681 0.971 0 0.005
0.682 0.169 0 0.005
0.682 0.511 0 0.005
0.682 0.755 0 0.005
0.683 0.774 0 0.005
0.6936666666666667 0.19033333333333335 0 0.005
0.684 0.334 0 0.005
0.684 0.556 0 0.005
0.684 0.641 0 0.005
0.684 0.811 0 0.005
0.684 0.828 0 0.005
0.684 0.848 0 0.005
0.685 0.365 0 0.005
0.6915 0.1505 0 0.005
0.686 0.299 0 0.005
0.686 0.475 0 0.005
0.686 0.569 0 0.005
0.686 0.6 0 0.005
0.686 0.701 0 0.005
0.687 0.005 0 0.005
0.687 0.493 0 0.005
0.687 0.527 0 0.005
0.687 0.788 0 0.005
0.688 0.312 0 0.005
0.6925 0.374 0 0.005
0.688 0.418 0 0.005
0.688 0.586 0 0.005
0.688 0.739 0 0.005
0.688 0.861 0 0.005
0.6925 0.946 0 0.005
0.69775 0.04775 0 0.005
0.69 0.096 0 0.005
0.69 0.108 0 0.005
0.69 0.135 0 0.005
0.69 0.257 0 0.005
0.69 0.275 0 0.005
0.69 0.287 0 0.005
0.693 0.3515 0 0.005
0.69 0.679 0 0.005
0.691 0.886 0 0.005
0.692 0.406 0 0.005
0.692 0.431 0 0.005
0.692 0.462 0 0.005
0.70075 0.65525 0 0.005
0.693 0.244 0 0.005
0.6955 0.3305 0 0.005
0.693 0.623 0 0.005
0.698 0.8013333333333333 0 0.005
0.695 0.123 0 0.005
0.695 0.719 0 0.005
0.695 0.778 0 0.005
0.696 0.169 0 0.005
0.7025 0.4795 0 0.005
0.697 0.508 0 0.005
0.697 0.543 0 0.005
0.697 0.751 0 0.005
0.697 0.823 0 0.005
0.7 0.8435 0 0.005
0.697 0.966 0 0.005
0.698 0.082 0 0.005
0.698 0.611 0 0.005
0.698 0.766 0 0.005
0.699 0.494 0 0.005
0.704 0.8715 0 0.005
0.7021301775147929 0.007905325443786982 0 0.005
0.7 0.565 0 0.005
0.7035 0.7035 0 0.005
0.7065 0.919 0 0.005
0.7083333333333334 0.12533333333333332 0 0.005
0.702 0.29 0 0.005
0.702 0.523 0 0.005
0.7055 0.63 0 0.005
0.7116666666666667 0.674 0 0.005
0.702 0.736 0 0.005
0.703 0.113 0 0.005
0.703 0.258 0 0.005
0.703 0.317 0 0.005
0.7076666666666667 0.591 0 0.005
0.703 0.888 0 0.005
0.704 0.1 0 0.005
0.704 0.27 0 0.005
0.704 0.393 0 0.005
0.704 0.433 0 0.005
0.705 0.303 0 0.005
0.705 0.381 0 0.005
0.7105 0.226 0 0.005
0.7113333333333334 0.405 0 0.005
0.706 0.464 0 0.005
0.706 0.553 0 0.005
0.706 0.904 0 0.005
0.708 0.778 0 0.005
0.709 0.155 0 0.005
0.7125 0.248 0 0.005
0.709 0.541 0 0.005
0.709 0.687 0 0.005
0.709 0.753 0 0.005
0.709 0.954 0 0.005
0.7156666666666667 0.935 0 0.005
0.711 0.08 0 0.005
0.711 0.354 0 0.005
0.711 0.451 0 0.005
0.711 0.765 0 0.005
0.712 0.199 0 0.005
0.712 0.367 0 0.005
0.712 0.491 0 0.005
0.713 0.024 0 0.005
0.717 0.9705 0 0.005
0.714 0.167 0 0.005
0.714 0.333 0 0.005
0.714 0.806 0 0.005
0.714 0.855 0 0.005
0.715 0.05 0 0.005
0.715 0.7 0 0.005
0.715 0.724 0 0.005
0.715 0.818 0 0.005
0.716 0.095 0 0.005
0.716 0.27 0 0.005
0.716 0.511 0 0.005
0.7195 0.609 0 0.005
0.717 0.037 0 0.005
0.717 0.068 0 0.005
0.717 0.833 0 0.005
0.717 0.895 0 0.005
0.724 0.9926533864541833 0 0.005
0.718 0.01 0 0.005
0.718 0.134 0 0.005
0.722 0.3175 0 0.005
0.719 0.382 0 0.005
0.719 0.427 0 0.005
0.719 0.551 0 0.005
0.719 0.644 0 0.005
0.719 0.883 0 0.005
0.72 0.288 0 0.005
0.72 0.523 0 0.005
0.7245 0.574 0 0.005
0.72 0.712 0 0.005
0.72 0.774 0 0.005
0.721 0.186 0 0.005
0.7423333333333334 0.8023333333333333 0 0.005
0.722 0.154 0 0.005
0.722 0.743 0 0.005
0.723 0.412 0 0.005
0.723 0.451 0 0.005
0.723 0.76 0 0.005
0.723 0.87 0 0.005
0.7265 0.9055 0 0.005
0.74 0.2258 0 0.005
0.73 0.3685 0 0.005
0.7313333333333334 0.655 0 0.005
0.732 0.6933333333333334 0 0.005
0.726 0.0022833333333333334 0 0.005
0.726 0.058 0 0.005
0.729 0.2015 0 0.005
0.726 0.242 0 0.005
0.726 0.338 0 0.005
0.726 0.351 0 0.005
0.7305 0.46 0 0.005
0.726 0.955 0 0.005
0.727 0.024 0 0.005
0.727 0.088 0 0.005
0.727 0.439 0 0.005
0.727 0.539 0 0.005
0.727 0.924 0 0.005
0.7325 0.308 0 0.005
0.7373333333333334 0.47433333333333333 0 0.005
0.728 0.853 0 0.005
0.729 0.176 0 0.005
0.729 0.27 0 0.005
0.73 0.038 0 0.005
0.73 0.07 0 0.005
0.734 0.1065 0 0.005
0.73 0.135 0 0.005
0.73 0.258 0 0.005
0.73 0.495 0 0.005
0.73 0.59 0 0.005
0.7325 0.6165 0 0.005
0.73 0.634 0 0.005
0.73 0.73 0 0.005
0.731 0.401 0 0.005
0.732 0.012 0 0.005
0.732 0.123 0 0.005
0.7375 0.504 0 0.005
0.732 0.52 0 0.005
0.736 0.7175 0 0.005
0.7355 0.779 0 0.005
0.733 0.164 0 0.005
0.733 0.808 0 0.005
0.733 0.884 0 0.005
0.734 0.287 0 0.005
0.734 0.422 0 0.005
0.734 0.944 0 0.005
0.735 0.553 0 0.005
0.735 0.826 0 0.005
0.737 0.15 0 0.005
0.737 0.754 0 0.005
0.737 0.838 0 0.005
0.738 0.328 0 0.005
0.738 0.342 0 0.005
0.738 0.97 0 0.005
0.738 0.986 0 0.005
0.739 0.0027746478873239434 0 0.005
0.739 0.247 0 0.005
0.744 0.4355 0 0.005
0.739 0.57 0 0.005
0.739 0.673 0 0.005
0.739 0.869 0 0.005
0.74 0.046 0 0.005
0.74 0.388 0 0.005
0.7465 0.19925 0 0.005
0.741 0.896 0 0.005
0.742 0.66 0 0.005
0.742 0.857 0 0.005
0.7465 0.305 0 0.005
0.743 0.911 0 0.005
0.744 0.489 0 0.005
0.744 0.621 0 0.005
0.744 0.927 0 0.005
0.744 0.996225352112676 0 0.005
0.7485 0.03 0 0.005
0.745 0.059 0 0.005
0.745 0.086 0 0.005
0.745 0.405 0 0.005
0.745 0.528 0 0.005
0.745 0.958 0 0.005
0.746 0.074 0 0.005
0.7536666666666666 0.2603333333333333 0 0.005
0.7515 0.2895 0 0.005
0.746 0.352 0 0.005
0.746 0.364 0 0.005
0.746 0.516 0 0.005
0.746 0.541 0 0.005
0.75 0.6945 0 0.005
0.746 0.743 0 0.005
0.747 0.594 0 0.005
0.747 0.608 0 0.005
0.747 0.764 0 0.005
0.748 0.111 0 0.005
0.748 0.939 0 0.005
0.749 0.581 0 0.005
0.75 0.133 0 0.005
0.75 0.148 0 0.005
0.75 0.453 0 0.005
0.75 0.561 0 0.005
0.75 0.711 0 0.005
0.75 0.777 0 0.005
0.751 0.169 0 0.005
0.751 0.633 0 0.005
0.751 0.731 0 0.005
0.752 0.392 0 0.005
0.7545 0.6505 0 0.005
0.752 0.789 0 0.005
0.752 0.836 0 0.005
0.753 0.013 0 0.005
0.753 0.047 0 0.005
0.753 0.339 0 0.005
0.753 0.878 0 0.005
0.7554170616113743 0.9891516587677724 0 0.005
0.754 0.185 0 0.005
0.754 0.276 0 0.005
0.754 0.327 0 0.005
0.755 0.094 0 0.005
0.759 0.8535 0 0.005
0.763094674556213 0.004035502958579881 0 0.005
0.756 0.676 0 0.005
0.757 0.379 0 0.005
0.757 0.419 0 0.005
0.757 0.483 0 0.005
0.7595 0.8985 0 0.005
0.761 0.9215 0 0.005
0.757 0.954 0 0.005
0.761 0.0665 0 0.005
0.7635 0.1245 0 0.005
0.7625 0.466 0 0.005
0.758 0.519 0 0.005
0.758 0.539 0 0.005
0.758 0.968 0 0.005
0.759 0.158 0 0.005
0.759 0.498 0 0.005
0.759 0.614 0 0.005
0.759 0.751 0 0.005
0.761 0.402 0 0.005
0.761 0.596 0 0.005
0.764 0.7245 0 0.005
0.762 0.433 0 0.005
0.762 0.552 0 0.005
0.762 0.57 0 0.005
0.762 0.583 0 0.005
0.763 0.449 0 0.005
0.763 0.77 0 0.005
0.7695 0.3155 0 0.005
0.764 0.363 0 0.005
0.764 0.645 0 0.005
0.765 0.017 0 0.005
0.765 0.142 0 0.005
0.765 0.248 0 0.005
0.765 0.626 0 0.005
0.7693333333333334 0.8786666666666666 0 0.005
0.765 0.938 0 0.005
0.765 0.98 0 0.005
0.766 0.35 0 0.005
0.766 0.79 0 0.005
0.767 0.089 0 0.005
0.7725 0.216 0 0.005
0.7735 0.1125 0 0.005
0.768 0.187 0 0.005
0.768 0.332 0 0.005
0.768 0.707 0 0.005
0.768 0.822 0 0.005
0.769 0.032 0 0.005
0.769 0.228 0 0.005
0.769 0.381 0 0.005
0.769 0.664 0 0.005
0.769 0.686 0 0.005
0.77 0.175 0 0.005
0.77 0.29 0 0.005
0.77 0.606 0 0.005
0.77 0.809 0 0.005
0.771 0.046 0 0.005
0.771 0.2 0 0.005
0.771 0.498 0 0.005
0.771 0.759 0 0.005
0.792 0.8458571428571429 0 0.005
0.771 0.963 0 0.005
0.772 0.393 0 0.005
0.772 0.419 0 0.005
0.772 0.512 0 0.005
0.772 0.9967166666666667 0 0.005
0.773 0.074 0 0.005
0.773 0.158 0 0.005
0.773 0.744 0 0.005
0.7785 0.267 0 0.005
0.774 0.302 0 0.005
0.774 0.475 0 0.005
0.774 0.531 0 0.005
0.774 0.902 0 0.005
0.7775 0.5485 0 0.005
0.775 0.781 0 0.005
0.777 0.438 0 0.005
0.78175 0.57825 0 0.005
0.777 0.644 0 0.005
0.777 0.943 0 0.005
0.7815 0.067 0 0.005
0.778 0.453 0 0.005
0.783 0.7905 0 0.005
0.779 0.099 0 0.005
0.796 0.6177999999999999 0 0.005
0.779 0.929 0 0.005
0.78 0.009 0 0.005
0.78 0.185 0 0.005
0.78 0.714 0 0.005
0.78 0.823 0 0.005
0.781 0.244 0 0.005
0.782 0.13 0 0.005
0.7855 0.37 0 0.005
0.782 0.407 0 0.005
0.782 0.674 0 0.005
0.786 0.8105 0 0.005
0.782 0.914 0 0.005
0.783 0.03 0 0.005
0.783 0.203 0 0.005
0.783 0.875 0 0.005
0.783 0.972 0 0.005
0.784 0.331 0 0.005
0.784 0.686 0 0.005
0.784 0.767 0 0.005
0.784 0.887 0 0.005
0.791 0.9493333333333334 0 0.005
0.784 0.985 0 0.005
0.785 0.049 0 0.005
0.785 0.146 0 0.005
0.785 0.422 0 0.005
0.785 0.727 0 0.005
0.786 0.283 0 0.005
0.786 0.311 0 0.005
0.786 0.347 0 0.005
0.786 0.698 0 0.005
0.79 0.7425 0 0.005
0.786 0.9967166666666667 0 0.005
0.7943333333333333 0.4643333333333333 0 0.005
0.787 0.486 0 0.005
0.787 0.532 0 0.005
0.7925 0.6565 0 0.005
0.788 0.158 0 0.005
0.788 0.553 0 0.005
0.788 0.9 0 0.005
0.789 0.088 0 0.005
0.789 0.171 0 0.005
0.789 0.299 0 0.005
0.793 0.4305 0 0.005
0.789 0.502 0 0.005
0.789 0.515 0 0.005
0.79 0.452 0 0.005
0.791 0.233 0 0.005
0.791 0.387 0 0.005
0.7975 0.1875 0 0.005
0.793 0.019 0 0.005
0.793 0.272 0 0.005
0.793 0.631 0 0.005
0.794 0.131 0 0.005
0.794 0.36 0 0.005
0.794 0.671 0 0.005
0.794 0.829 0 0.005
0.795 0.217 0 0.005
0.7975 0.2535 0 0.005
0.8005 0.922 0 0.005
0.8058099999999999 0.011066666666666666 0 0.005
0.796 0.032 0 0.005
0.796 0.057 0 0.005
0.7995 0.808 0 0.005
0.796 0.911 0 0.005
0.796 0.976 0 0.005
0.8 0.0805 0 0.005
0.797 0.105 0 0.005
0.797 0.399 0 0.005
0.797 0.689 0 0.005
0.797 0.762 0 0.005
0.797 0.889 0 0.005
0.797 0.963 0 0.005
0.798 0.119 0 0.005
0.798 0.143 0 0.005
0.798 0.315 0 0.005
0.798 0.563 0 0.005
0.798 0.576 0 0.005
0.798 0.592 0 0.005
0.802 0.8643333333333334 0 0.005
0.8025654450261781 0.9913193717277488 0 0.005
0.799 0.414 0 0.005
0.799 0.546 0 0.005
0.799 0.702 0 0.005
0.799 0.774 0 0.005
0.804 0.4375 0 0.005
0.8035 0.497 0 0.005
0.8 0.788 0 0.005
0.801 0.155 0 0.005
0.801 0.173 0 0.005
0.801 0.329 0 0.005
0.801 0.605 0 0.005
0.8065 0.6395 0 0.005
0.801 0.717 0 0.005
0.8065 0.369 0 0.005
0.806 0.2055 0 0.005
0.803 0.341 0 0.005
0.804 0.229 0 0.005
0.804 0.517 0 0.005
0.805 0.045 0 0.005
0.805 0.299 0 0.005
0.805 0.729 0 0.005
0.806 0.266 0 0.005
0.806 0.285 0 0.005
0.806 0.385 0 0.005
0.806 0.473 0 0.005
0.806 0.532 0 0.005
0.806 0.741 0 0.005
0.806 0.898 0 0.005
0.807 0.064 0 0.005
0.807 0.677 0 0.005
0.808 0.353 0 0.005
0.808 0.976 0 0.005
0.809 0.106 0 0.005
0.809 0.397 0 0.005
0.809 0.753 0 0.005
0.809 0.8 0 0.005
0.809 0.882 0 0.005
0.81 0.146 0 0.005
0.815 0.6595 0 0.005
0.81 0.938 0 0.005
0.811 0.411 0 0.005
0.811 0.952 0 0.005
0.811 0.964 0 0.005
0.812 0.446 0 0.005
0.8196666666666667 0.566 0 0.005
0.8145 0.8305 0 0.005
0.813 0.159 0 0.005
0.813 0.24 0 0.005
0.813 0.489 0 0.005
0.813 0.577 0 0.005
0.813 0.706 0 0.005
0.813 0.784 0 0.005
0.814 0.075 0 0.005
0.814 0.768 0 0.005
0.815 0.12 0 0.005
0.815 0.185 0 0.005
0.815 0.316 0 0.005
0.816 0.033 0 0.005
0.816 0.133 0 0.005
0.816 0.328 0 0.005
0.816 0.515 0 0.005
0.816 0.72 0 0.005
0.817 0.463 0 0.005
0.8312 0.9117999999999999 0 0.005
0.818 0.253 0 0.005
0.8315 0.534 0 0.005
0.818 0.593 0 0.005
0.818 0.694 0 0.005
0.818 0.994 0 0.005
0.8266666666666667 0.058666666666666666 0 0.005
0.819 0.543 0 0.005
0.8285 0.71875 0 0.005
0.819 0.898 0 0.005
0.8255 0.17 0 0.005
0.82 0.285 0 0.005
0.82 0.678 0 0.005
0.821 0.0027746478873239434 0 0.005
0.821 0.301 0 0.005
0.821 0.419 0 0.005
0.821 0.478 0 0.005
0.8235 0.4975 0 0.005
0.83225 0.866 0 0.005
0.822 0.094 0 0.005
0.822 0.228 0 0.005
0.822 0.378 0 0.005
0.822 0.396 0 0.005
0.822 0.876 0 0.005
0.823 0.198 0 0.005
0.823 0.273 0 0.005
0.823 0.646 0 0.005
0.826 0.7505 0 0.005
0.823 0.811 0 0.005
0.824 0.213 0 0.005
0.827 0.3495 0 0.005
0.824 0.969 0 0.005
0.825 0.146 0 0.005
0.825 0.932 0 0.005
0.8285 0.4355 0 0.005
0.827 0.017 0 0.005
0.8305 0.103 0 0.005
0.827 0.785 0 0.005
0.827 0.797 0 0.005
0.828 0.042 0 0.005
0.828 0.077 0 0.005
0.8335 0.18 0 0.005
0.828 0.453 0 0.005
0.828 0.518 0 0.005
0.828 0.609 0 0.005
0.828 0.984 0 0.005
0.8345 0.9515 0 0.005
0.83 0.128 0 0.005
0.83 0.244 0 0.005
0.83 0.317 0 0.005
0.83 0.624 0 0.005
0.83 0.9967166666666667 0 0.005
0.831 0.257 0 0.005
0.831 0.887 0 0.005
0.832 0.331 0 0.005
0.832 0.558 0 0.005
0.832 0.593 0 0.005
0.832 0.672 0 0.005
0.833 0.00434313725490196 0 0.005
0.833 0.37 0 0.005
0.833 0.418 0 0.005
0.833 0.505 0 0.005
0.833 0.821 0 0.005
0.834 0.299 0 0.005
0.835 0.274 0 0.005
0.835 0.406 0 0.005
0.8395 0.656 0 0.005
0.835 0.766 0 0.005
0.836 0.029 0 0.005
0.836 0.155 0 0.005
0.836 0.197 0 0.005
0.836 0.286 0 0.005
0.836 0.467 0 0.005
0.8395 0.687 0 0.005
0.837 0.383 0 0.005
0.837 0.48 0 0.005
0.837 0.841 0 0.005
0.838 0.212 0 0.005
0.838 0.579 0 0.005
0.838 0.968 0 0.005
0.843 0.2285 0 0.005
0.84 0.341 0 0.005
0.84 0.64 0 0.005
0.84 0.78 0 0.005
0.84 0.936 0 0.005
0.84 0.982 0 0.005
0.841 0.015 0 0.005
0.841 0.12 0 0.005
0.841 0.731 0 0.005
0.842 0.453 0 0.005
0.842 0.623 0 0.005
0.842 0.9957317073170732 0 0.005
0.8483333333333334 0.246 0 0.005
0.843 0.439 0 0.005
0.847 0.5175 0 0.005
0.843 0.746 0 0.005
0.844 0.498 0 0.005
0.845 0.074 0 0.005
0.846 0.047 0 0.005
0.846 0.308 0 0.005
0.846 0.322 0 0.005
0.8495 0.606 0 0.005
0.846 0.669 0 0.005
0.846 0.806 0 0.005
0.846 0.879 0 0.005
0.8545427631578947 0.007269736842105263 0 0.005
0.847 0.099 0 0.005
0.847 0.137 0 0.005
0.847 0.356 0 0.005
0.848 0.086 0 0.005
0.8515 0.203 0 0.005
0.848 0.286 0 0.005
0.8556666666666666 0.399 0 0.005
0.848 0.768 0 0.005
0.848 0.792 0 0.005
0.848 0.826 0 0.005
0.849 0.272 0 0.005
0.8515 0.4685 0 0.005
0.849 0.55 0 0.005
0.849 0.562 0 0.005
0.849 0.838 0 0.005
0.85 0.025 0 0.005
0.85 0.059 0 0.005
0.85 0.374 0 0.005
0.85 0.419 0 0.005
0.85 0.709 0 0.005
0.85 0.963 0 0.005
0.8555 0.752 0 0.005
0.851 0.85 0 0.005
0.852 0.574 0 0.005
0.852 0.636 0 0.005
0.852 0.908 0 0.005
0.852 0.929 0 0.005
0.853 0.152 0 0.005
0.853 0.34 0 0.005
0.853 0.488 0 0.005
0.853 0.586 0 0.005
0.8593333333333334 0.7276666666666667 0 0.005
0.853 0.896 0 0.005
0.853 0.945 0 0.005
0.8565 0.1065 0 0.005
0.8575 0.169 0 0.005
0.854 0.432 0 0.005
0.854 0.447 0 0.005
0.854 0.693 0 0.005
0.854 0.977 0 0.005
0.8656666666666666 0.5133333333333334 0 0.005
0.855 0.681 0 0.005
0.855 0.863 0 0.005
0.856 0.99 0 0.005
0.857 0.188 0 0.005
0.857 0.262 0 0.005
0.857 0.535 0 0.005
0.857 0.816 0 0.005
0.858 0.22 0 0.005
0.858 0.295 0 0.005
0.864 0.1215 0 0.005
0.86 0.089 0 0.005
0.865 0.7785 0 0.005
0.86 0.803 0 0.005
0.861 0.316 0 0.005
0.8656666666666666 0.5546666666666666 0 0.005
0.861 0.766 0 0.005
0.862 0.28 0 0.005
0.862 0.371 0 0.005
0.862 0.413 0 0.005
0.862 0.479 0 0.005
0.862 0.626 0 0.005
0.8675 0.641 0 0.005
0.862 0.668 0 0.005
0.862 0.961 0 0.005
0.8675 0.018 0 0.005
0.863 0.357 0 0.005
0.863 0.6 0 0.005
0.863 0.832 0 0.005
0.863 0.884 0 0.005
0.864 0.077 0 0.005
0.874 0.033 0 0.005
0.865 0.498 0 0.005
0.865 0.584 0 0.005
0.865 0.703 0 0.005
0.865 0.934 0 0.005
0.8705 0.949 0 0.005
0.866 0.06 0 0.005
0.8733333333333334 0.13133333333333333 0 0.005
0.866 0.656 0 0.005
0.867 0.236 0 0.005
0.867 0.332 0 0.005
0.867 0.425 0 0.005
0.867 0.869 0 0.005
0.868 0.456 0 0.005
0.868 0.902 0 0.005
0.868 0.917 0 0.005
0.868 0.994 0 0.005
0.869 0.197 0 0.005
0.869 0.344 0 0.005
0.869 0.442 0 0.005
0.869 0.794 0 0.005
0.8725 0.84 0 0.005
0.8816 0.2044 0 0.005
0.8736666666666666 0.678 0 0.005
0.87 0.975 0 0.005
0.8765 0.25 0 0.005
0.882 0.26466666666666666 0 0.005
0.871 0.301 0 0.005
0.871 0.533 0 0.005
0.8745 0.575 0 0.005
0.872 0.09 0 0.005
0.872 0.155 0 0.005
0.872 0.471 0 0.005
0.879 0.3823333333333333 0 0.005
0.873 0.762 0 0.005
0.873 0.806 0 0.005
0.874 0.003268292682926829 0 0.005
0.874 0.104 0 0.005
0.874 0.175 0 0.005
0.878 0.6045 0 0.005
0.874 0.749 0 0.005
0.874 0.858 0 0.005
0.8785 0.318 0 0.005
0.875 0.363 0 0.005
0.8795 0.487 0 0.005
0.875 0.626 0 0.005
0.876 0.505 0 0.005
0.876 0.737 0 0.005
0.876 0.822 0 0.005
0.877 0.413 0 0.005
0.877 0.711 0 0.005
0.878 0.066 0 0.005
0.878 0.281 0 0.005
0.883 0.9325 0 0.005
0.879 0.425 0 0.005
0.88 0.047 0 0.005
0.88 0.655 0 0.005
0.88 0.723 0 0.005
0.88 0.881 0 0.005
0.881 0.344 0 0.005
0.881 0.547 0 0.005
0.881 0.968 0 0.005
0.881 0.982 0 0.005
0.882 0.14 0 0.005
0.882 0.462 0 0.005
0.887 0.9185 0 0.005
0.883 0.398 0 0.005
0.883 0.903 0 0.005
0.884 0.086 0 0.005
0.884 0.155 0 0.005
0.8895 0.4445 0 0.005
0.884 0.7 0 0.005
0.884 0.785 0 0.005
0.884 0.994 0 0.005
0.885 0.303 0 0.005
0.885 0.678 0 0.005
0.8923333333333334 0.847 0 0.005
0.886 0.226 0 0.005
0.886 0.642 0 0.005
0.886 0.757 0 0.005
0.886 0.772 0 0.005
0.886 0.862 0 0.005
0.887 0.36 0 0.005
0.89 0.6125 0 0.005
0.887 0.809 0 0.005
0.892 0.5395 0 0.005
0.9088571428571429 0.8352857142857143 0 0.005
0.888 0.952 0 0.005
0.8935 0.077 0 0.005
0.889 0.17 0 0.005
0.889 0.517 0 0.005
0.89 0.008 0 0.005
0.8925 0.1085 0 0.005
0.9 0.738 0 0.005
0.891 0.569 0 0.005
0.895 0.2325 0 0.005
0.90175 0.316 0 0.005
0.89975 0.4735 0 0.005
0.892 0.661 0 0.005
0.893 0.557 0 0.005
0.894 0.054 0 0.005
0.894 0.798 0 0.005
0.894 0.966 0 0.005
0.8964170616113744 0.9891516587677724 0 0.005
0.895 0.13 0 0.005
0.895 0.148 0 0.005
0.898 0.5885 0 0.005
0.895 0.716 0 0.005
0.9005 0.034 0 0.005
0.896 0.285 0 0.005
0.901 0.3475 0 0.005
0.896 0.631 0 0.005
0.896 0.689 0 0.005
0.897 0.273 0 0.005
0.897 0.301 0 0.005
0.897 0.39 0 0.005
0.897 0.501 0 0.005
0.897 0.649 0 0.005
0.897 0.704 0 0.005
0.897 0.886 0 0.005
0.902 0.0975 0 0.005
0.898 0.161 0 0.005
0.898 0.423 0 0.005
0.899 0.374 0 0.005
0.899 0.41 0 0.005
0.899 0.869 0 0.005
0.9086666666666666 0.17066666666666666 0 0.005
0.9 0.435 0 0.005
0.9 0.947 0 0.005
0.901 0.215 0 0.005
0.901 0.9 0 0.005
0.902 0.018 0 0.005
0.9076666666666666 0.247 0 0.005
0.902 0.758 0 0.005
0.902 0.914 0 0.005
0.903 0.201 0 0.005
0.903 0.519 0 0.005
0.9085 0.933 0 0.005
0.904 0.619 0 0.005
0.915 0.6653333333333333 0 0.005
0.904 0.672 0 0.005
0.904 0.813 0 0.005
0.912 0.005956331877729258 0 0.005
0.905 0.047 0 0.005
0.905 0.332 0 0.005
0.905 0.607 0 0.005
0.906 0.779 0 0.005
0.9095 0.0715 0 0.005
0.907 0.146 0 0.005
0.907 0.364 0 0.005
0.907 0.985 0 0.005
0.908 0.266 0 0.005
0.908 0.534 0 0.005
0.908 0.634 0 0.005
0.909 0.132 0 0.005
0.909 0.648 0 0.005
0.918 0.7156666666666667 0 0.005
0.91 0.09 0 0.005
0.91 0.118 0 0.005
0.91 0.888 0 0.005
0.91 0.967 0 0.005
0.911 0.685 0 0.005
0.911 0.792 0 0.005
0.912 0.183 0 0.005
0.912 0.285 0 0.005
0.912 0.436 0 0.005
0.913 0.223 0 0.005
0.913 0.548 0 0.005
0.913 0.562 0 0.005
0.913 0.575 0 0.005
0.914 0.872 0 0.005
0.9198047337278107 0.9930295857988166 0 0.005
0.915 0.382 0 0.005
0.9176666666666666 0.481 0 0.005
0.915 0.765 0 0.005
0.916 0.395 0 0.005
0.916 0.589 0 0.005
0.916 0.62 0 0.005
0.916 0.701 0 0.005
0.916 0.923 0 0.005
0.917 0.415 0 0.005
0.917 0.605 0 0.005
0.917 0.751 0 0.005
0.918 0.507 0 0.005
0.918 0.814 0 0.005
0.921 0.9055 0 0.005
0.919 0.022 0 0.005
0.919 0.063 0 0.005
0.919 0.143 0 0.005
0.919 0.318 0 0.005
0.919 0.354 0 0.005
0.919 0.448 0 0.005
0.919 0.802 0 0.005
0.92 0.042 0 0.005
0.92 0.367 0 0.005
0.92 0.52 0 0.005
0.92 0.95 0 0.005
0.921 0.213 0 0.005
0.921 0.636 0 0.005
0.93625 0.6615 0 0.005
0.921 0.979 0 0.005
0.9275 0.178 0 0.005
0.922 0.193 0 0.005
0.922 0.267 0 0.005
0.922 0.888 0 0.005
0.923 0.115 0 0.005
0.923 0.131 0 0.005
0.9285 0.6835 0 0.005
0.923 0.854 0 0.005
0.924 0.738 0 0.005
0.925 0.095 0 0.005
0.925 0.253 0 0.005
0.925 0.337 0 0.005
0.925 0.534 0 0.005
0.926 0.232 0 0.005
0.926 0.284 0 0.005
0.926 0.436 0 0.005
0.9418 0.5892000000000001 0 0.005
0.926 0.787 0 0.005
0.927 0.3 0 0.005
0.927 0.466 0 0.005
0.9305 0.555 0 0.005
0.927 0.762 0 0.005
0.927 0.774 0 0.005
0.927 0.869 0 0.005
0.928 0.155 0 0.005
0.928 0.386 0 0.005
0.928 0.496 0 0.005
0.928 0.7 0 0.005
0.928 0.927 0 0.005
0.928 0.966 0 0.005
0.93 0.032 0 0.005
0.93 0.081 0 0.005
0.9335 0.4 0 0.005
0.93 0.898 0 0.005
0.93 0.942 0 0.005
0.931 0.013 0 0.005
0.931 0.141 0 0.005
0.931 0.322 0 0.005
0.931 0.812 0 0.005
0.932 0.616 0 0.005
0.932 0.954 0 0.005
0.933 0.374 0 0.005
0.933 0.521 0 0.005
0.933 0.596 0 0.005
0.934 0.056 0 0.005
0.934 0.104 0 0.005
0.934 0.274 0 0.005
0.934 0.426 0 0.005
0.9395 0.631 0 0.005
0.934 0.824 0 0.005
0.934 0.983 0 0.005
0.9395 0.125 0 0.005
0.935 0.262 0 0.005
0.935 0.729 0 0.005
0.936 0.456 0 0.005
0.936 0.486 0 0.005
0.936 0.643 0 0.005
0.936 0.798 0 0.005
0.936 0.911 0 0.005
0.936 0.996225352112676 0 0.005
0.94 0.2975 0 0.005
0.938 0.044 0 0.005
0.938 0.069 0 0.005
0.941 0.1685 0 0.005
0.938 0.225 0 0.005
0.938 0.244 0 0.005
0.938 0.333 0 0.005
0.938 0.356 0 0.005
0.938 0.505 0 0.005
0.939 0.202 0 0.005
0.939 0.443 0 0.005
0.9415 0.7765 0 0.005
0.939 0.846 0 0.005
0.939 0.888 0 0.005
0.94 0.566 0 0.005
0.944 0.7545 0 0.005
0.9435 0.975 0 0.005
0.941 0.003268292682926829 0 0.005
0.945 0.4075 0 0.005
0.9455 0.691 0 0.005
0.9465 0.88 0 0.005
0.943 0.141 0 0.005
0.943 0.708 0 0.005
0.943 0.811 0 0.005
0.944 0.531 0 0.005
0.944 0.834 0 0.005
0.9495 0.863 0 0.005
0.945 0.376 0 0.005
0.9584 0.4654 0 0.005
0.945 0.62 0 0.005
0.95 0.6565 0 0.005
0.945 0.928 0 0.005
0.948 0.9475 0 0.005
0.9503333333333334 0.099 0 0.005
0.95 0.5565 0 0.005
0.947 0.081 0 0.005
0.947 0.284 0 0.005
0.947 0.316 0 0.005
0.948 0.024 0 0.005
0.948 0.434 0 0.005
0.948 0.479 0 0.005
0.9563333333333334 0.739 0 0.005
0.948 0.91 0 0.005
0.949 0.257 0 0.005
0.9535 0.418 0 0.005
0.949 0.493 0 0.005
0.949 0.512 0 0.005
0.9545 0.5785 0 0.005
0.949 0.797 0 0.005
0.949 0.992 0 0.005
0.95 0.272 0 0.005
0.956 0.0325 0 0.005
0.951 0.063 0 0.005
0.951 0.196 0 0.005
0.951 0.447 0 0.005
0.952 0.009 0 0.005
0.9565 0.208 0 0.005
0.9575 0.3275 0 0.005
0.9575 0.116 0 0.005
0.956 0.3485 0 0.005
0.953 0.897 0 0.005
0.96425 0.05875 0 0.005
0.954 0.152 0 0.005
0.954 0.238 0 0.005
0.954 0.391 0 0.005
0.955 0.368 0 0.005
0.955 0.543 0 0.005
0.955 0.724 0 0.005
0.955 0.812 0 0.005
0.955 0.827 0 0.005
0.955 0.849 0 0.005
0.956 0.224 0 0.005
0.957 0.637 0 0.005
0.9793519206939282 0.16819702602230485 0 0.005
0.958 0.183 0 0.005
0.963 0.5255 0 0.005
0.958 0.615 0 0.005
0.958 0.698 0 0.005
0.958 0.775 0 0.005
0.958 0.787 0 0.005
0.959 0.137 0 0.005
0.959 0.299 0 0.005
0.959 0.502 0 0.005
0.959 0.981 0 0.005
0.9715 0.27375 0 0.005
0.961 0.92 0 0.005
0.962 0.313 0 0.005
0.962 0.712 0 0.005
0.962 0.965 0 0.005
0.962 0.996225352112676 0 0.005
0.964 0.082 0 0.005
0.964 0.252 0 0.005
0.964 0.552 0 0.005
0.9695 0.908 0 0.005
0.965 0.338 0 0.005
0.965 0.378 0 0.005
0.965 0.428 0 0.005
0.965 0.758 0 0.005
0.965 0.841 0 0.005
0.965 0.876 0 0.005
0.965 0.95 0 0.005
0.966 0.216 0 0.005
0.966 0.39 0 0.005
0.966 0.671 0 0.005
0.966 0.89 0 0.005
0.967 0.0022833333333333334 0 0.005
0.967 0.237 0 0.005
0.972 0.4365 0 0.005
0.967 0.685 0 0.005
0.968 0.797 0 0.005
0.968 0.857 0 0.005
0.968 0.936 0 0.005
0.969 0.097 0 0.005
0.9765 0.15075 0 0.005
0.9715 0.4125 0 0.005
0.969 0.64 0 0.005
0.97775 0.6595 0 0.005
0.97 0.54 0 0.005
0.97 0.619 0 0.005
0.97 0.7 0 0.005
0.97 0.828 0 0.005
0.971 0.021 0 0.005
0.9735 0.0395 0 0.005
0.971 0.134 0 0.005
0.971 0.196 0 0.005
0.971 0.289 0 0.005
0.971 0.363 0 0.005
0.971 0.496 0 0.005
0.971 0.813 0 0.005
0.9765 0.979 0 0.005
0.972 0.301 0 0.005
0.9786666666666666 0.5523333333333333 0 0.005
0.972 0.77 0 0.005
0.98456330749354 0.7844521963824289 0 0.005
0.9850195599022005 0.6084669926650367 0 0.005
0.974 0.923 0 0.005
0.974 0.994 0 0.005
0.975 0.35 0 0.005
0.975 0.511 0 0.005
0.975 0.583 0 0.005
0.975 0.746 0 0.005
0.98 0.9615 0 0.005
0.977 0.376 0 0.005
0.977 0.948 0 0.005
0.978 0.01 0 0.005
0.978 0.079 0 0.005
0.978 0.218 0 0.005
0.978 0.251 0 0.005
0.978 0.89 0 0.005
0.979 0.116 0 0.005
0.979 0.313 0 0.005
0.979 0.486 0 0.005
0.979 0.632 0 0.005
0.984 0.737 0 0.005
0.9845 0.85 0 0.005
0.979 0.869 0 0.005
0.981 0.093 0 0.005
0.981 0.332 0 0.005
0.981 0.466 0 0.005
0.981 0.69 0 0.005
0.9865 0.297 0 0.005
0.983 0.707 0 0.005
0.9891516587677724 0.1304170616113744 0 0.005
0.984 0.237 0 0.005
0.990121875 0.522528125 0 0.005
0.984 0.569 0 0.005
0.985 0.194 0 0.005
0.985 0.206 0 0.005
0.985 0.388 0 0.005
0.985 0.4 0 0.005
0.985 0.802 0 0.005
0.988411575562701 0.823700964630225 0 0.005
0.985 0.902 0 0.005
0.985 0.935 0 0.005
0.986 0.415 0 0.005
0.9906654676258992 0.4494712230215827 0 0.005
0.986 0.502 0 0.005
0.986 0.595 0 0.005
0.986 0.762 0 0.005
0.9895 0.0555 0 0.005
0.987 0.105 0 0.005
0.987 0.368 0 0.005
0.988 0.022 0 0.005
0.989 0.556 0 0.005
0.993038062283737 0.23762283737024223 0 0.005
0.991 0.725 0 0.005
0.991 0.987 0 0.005
0.992 0.351 0 0.005
0.9936745562130177 0.48455029585798814 0 0.005
0.992 0.633 0 0.005
0.993 0.865 0 0.005
0.994 0.077 0 0.005
0.994 0.117 0 0.005
0.994 0.43 0 0.005
0.994 0.583 0 0.005
0.994 0.916 0 0.005
0.994656862745098 0.095 0 0.005
0.994656862745098 0.214 0 0.005
0.994656862745098 0.466 0 0.005
0.994656862745098 0.68 0 0.005
0.994656862745098 0.894 0 0.005
0.994656862745098 0.969 0 0.005
0.9946428571428572 0.9966607142857143 0 0.005
0.9952365591397849 0.951 0 0.005
0.9957111111111111 0.0023555555555555556 0 0.005
0.9957317073170732 0.192 0 0.005
0.9957317073170732 0.318 0 0.005
0.9957317073170732 0.335 0 0.005
0.9957317073170732 0.382 0 0.005
0.9957317073170732 0.652 0 0.005
0.9957317073170732 0.694 0 0.005
0.9957317073170732 0.711 0 0.005
0.9957317073170732 0.738 0 0.005
0.9957317073170732 0.808 0 0.005
0.996225352112676 0.032 0 0.005
0.996225352112676 0.268 0 0.005
0.996225352112676 0.397 0 0.005
0.996225352112676 0.412 0 0.005
0.996225352112676 0.503 0 0.005
0.996225352112676 0.568 0 0.005
0.996225352112676 0.776 0 0.005
0.996225352112676 0.881 0 0.005
0.996225352112676 0.934 0 0.005
0.9967166666666667 0.014 0 0.005
0.9967166666666667 0.045 0 0.005
0.9967166666666667 0.285 0 0.005
0.9967166666666667 0.37 0 0.005
0.9967166666666667 0.544 0 0.005
0.9967166666666667 0.597 0 0.005
0.9967166666666667 0.665 0 0.005
0.9967166666666667 0.756 0 0.005
0.9967166666666667 0.844 0 0.005
