0.01 0.321 0 0.005
0.014 0.309 0 0.005
0.014 0.958 0 0.005
0.018 0.878 0 0.005
0.023 0.432 0 0.005
0.024 0.466 0 0.005
0.035 0.923 0 0.005
0.044 0.239 0 0.005
0.045 0.003268292682926829 0 0.005
0.048 0.848 0 0.005
0.053 0.922 0 0.005
0.06 0.334 0 0.005
0.08 0.326 0 0.005
0.084 0.434 0 0.005
0.087 0.72 0 0.005
0.1 0.879 0 0.005
0.105 0.949 0 0.005
0.107 0.581 0 0.005
0.111 0.098 0 0.005
0.111 0.718 0 0.005
0.116 0.063 0 0.005
0.118 0.835 0 0.005
0.133 0.975 0 0.005
0.142 0.063 0 0.005
0.142 0.116 0 0.005
0.152 0.902 0 0.005
0.154 0.587 0 0.005
0.17 0.632 0 0.005
0.172 0.156 0 0.005
0.174 0.948 0 0.005
0.178 0.54 0 0.005
0.183 0.039 0 0.005
0.191 0.733 0 0.005
0.203 0.245 0 0.005
0.212 0.093 0 0.005
0.213 0.288 0 0.005
0.218 0.566 0 0.005
0.234 0.0022833333333333334 0 0.005
0.236 0.175 0 0.005
0.238 0.917 0 0.005
0.239 0.358 0 0.005
0.245 0.809 0 0.005
0.251 0.075 0 0.005
0.252 0.511 0 0.005
0.258 0.454 0 0.005
0.261 0.658 0 0.005
0.273 0.464 0 0.005
0.278 0.049 0 0.005
0.281 0.838 0 0.005
0.288 0.986 0 0.005
0.294 0.175 0 0.005
0.295 0.278 0 0.005
0.296 0.585 0 0.005
0.31 0.335 0 0.005
0.332 0.847 0 0.005
0.334 0.513 0 0.005
0.349 0.052 0 0.005
0.352 0.187 0 0.005
0.354 0.603 0 0.005
0.356 0.786 0 0.005
0.371 0.138 0 0.005
0.383 0.781 0 0.005
0.392 0.14 0 0.005
0.392 0.399 0 0.005
0.396 0.754 0 0.005
0.397 0.916 0 0.005
0.4 0.522 0 0.005
0.404 0.287 0 0.005
0.404 0.539 0 0.005
0.409 0.631 0 0.005
0.413 0.242 0 0.005
0.415 0.653 0 0.005
0.423 0.935 0 0.005
0.429 0.641 0 0.005
0.433 0.606 0 0.005
0.434 0.4 0 0.005
0.436 0.763 0 0.005
0.437 0.782 0 0.005
0.439 0.072 0 0.005
0.441 0.337 0 0.005
0.449 0.622 0 0.005
0.459 0.237 0 0.005
0.466 0.656 0 0.005
0.471 0.432 0 0.005
0.476 0.361 0 0.005
0.478 0.836 0 0.005
0.48 0.754 0 0.005
0.488 0.299 0 0.005
0.492 0.763 0 0.005
0.497 0.195 0 0.005
0.508 0.974 0 0.005
0.511 0.684 0 0.005
0.516 0.052 0 0.005
0.516 0.731 0 0.005
0.519 0.661 0 0.005
0.521 0.11 0 0.005
0.538 0.361 0 0.005
0.54 0.927 0 0.005
0.543 0.144 0 0.005
0.545 0.706 0 0.005
0.546 0.665 0 0.005
0.553 0.798 0 0.005
0.555 0.514 0 0.005
0.557 0.489 0 0.005
0.558 0.155 0 0.005
0.559 0.829 0 0.005
0.561 0.476 0 0.005
0.564 0.609 0 0.005
0.567 0.883 0 0.005
0.577 0.515 0 0.005
0.591 0.589 0 0.005
0.606 0.007 0 0.005
0.606 0.817 0 0.005
0.615 0.726 0 0.005
0.617 0.683 0 0.005
0.62 0.104 0 0.005
0.64 0.564 0 0.005
0.644 0.184 0 0.005
0.645 0.892 0 0.005
0.662 0.603 0 0.005
0.667 0.78 0 0.005
0.67 0.746 0 0.005
0.675 0.135 0 0.005
0.685 0.617 0 0.005
0.685 0.801 0 0.005
0.686 0.114 0 0.005
0.688 0.57 0 0.005
0.707 0.239 0 0.005
0.71 0.206 0 0.005
0.717 0.47 0 0.005
0.72 0.365 0 0.005
0.725 0.554 0 0.005
0.727 0.444 0 0.005
0.73 0.9957317073170732 0 0.005
0.735 0.015 0 0.005
0.744 0.435 0 0.005
0.745 0.491 0 0.005
0.746 0.897 0 0.005
0.75 0.74 0 0.005
0.768 0.359 0 0.005
0.768 0.661 0 0.005
0.774 0.904 0 0.005
0.781 0.362 0 0.005
0.808 0.524 0 0.005
0.812 0.729 0 0.005
0.824 0.636 0 0.005
0.828 0.106 0 0.005
0.834 0.321 0 0.005
0.84 0.154 0 0.005
0.842 0.375 0 0.005
0.844 0.626 0 0.005
0.847 0.398 0 0.005
0.857 0.562 0 0.005
0.866 0.664 0 0.005
0.875 0.254 0 0.005
0.875 0.688 0 0.005
0.888 0.4 0 0.005
0.899 0.892 0 0.005
0.906 0.24 0 0.005
0.907 0.307 0 0.005
0.916 0.751 0 0.005
0.925 0.674 0 0.005
0.931 0.623 0 0.005
0.944 0.887 0 0.005
0.948 0.523 0 0.005
0.958 0.925 0 0.005
0.961 0.32 0 0.005
0.961 0.799 0 0.005
0.969 0.434 0 0.005
0.972 0.921 0 0.005
0.974 0.147 0 0.005
0.975 0.035 0 0.005
0.976 0.622 0 0.005
0.976 0.769 0 0.005
0.983 0.136 0 0.005
0.986 0.943 0 0.005
0.988 0.924 0 0.005
