0.005 0.083 0 0.005
0.003763440860215054 0.148 0 0.005
0.00434313725490196 0.784 0 0.005
0.009 0.914 0 0.005
0.013 0.435 0 0.005
0.017 0.405 0 0.005
0.018 0.191 0 0.005
0.023 0.858 0 0.005
0.028 0.133 0 0.005
0.036 0.873 0 0.005
0.04 0.239 0 0.005
0.043 0.681 0 0.005
0.051 0.978 0 0.005
0.059 0.331 0 0.005
0.06 0.014 0 0.005
0.074 0.737 0 0.005
0.092 0.479 0 0.005
0.097 0.24 0 0.005
0.105 0.756 0 0.005
0.112 0.179 0 0.005
0.124 0.389 0 0.005
0.125 0.125 0 0.005
0.133 0.764 0 0.005
0.136 0.598 0 0.005
0.138 0.315 0 0.005
0.141 0.781 0 0.005
0.142 0.256 0 0.005
0.145 0.174 0 0.005
0.145 0.935 0 0.005
0.148 0.838 0 0.005
0.153 0.124 0 0.005
0.155 0.974 0 0.005
0.157 0.486 0 0.005
0.159 0.346 0 0.005
0.162 0.698 0 0.005
0.163 0.546 0 0.005
0.165 0.468 0 0.005
0.169 0.625 0 0.005
0.178 0.348 0 0.005
0.181 0.512 0 0.005
0.186 0.652 0 0.005
0.191 0.681 0 0.005
0.195 0.949 0 0.005
0.201 0.643 0 0.005
0.201 0.81 0 0.005
0.212 0.125 0 0.005
0.238 0.318 0 0.005
0.25 0.704 0 0.005
0.255 0.807 0 0.005
0.256 0.929 0 0.005
0.259 0.625 0 0.005
0.271 0.564 0 0.005
0.277 0.426 0 0.005
0.286 0.954 0 0.005
0.29 0.772 0 0.005
0.293 0.419 0 0.005
0.307 0.049 0 0.005
0.308 0.003268292682926829 0 0.005
0.314 0.22 0 0.005
0.322 0.68 0 0.005
0.322 0.893 0 0.005
0.329 0.307 0 0.005
0.337 0.218 0 0.005
0.349 0.465 0 0.005
0.356 0.482 0 0.005
0.358 0.348 0 0.005
0.36 0.852 0 0.005
0.363 0.303 0 0.005
0.373 0.68 0 0.005
0.382 0.537 0 0.005
0.383 0.298 0 0.005
0.385 0.175 0 0.005
0.39 0.445 0 0.005
0.392 0.642 0 0.005
0.402 0.326 0 0.005
0.416 0.709 0 0.005
0.418 0.847 0 0.005
0.419 0.663 0 0.005
0.421 0.633 0 0.005
0.437 0.793 0 0.005
0.438 0.239 0 0.005
0.44 0.421 0 0.005
0.446 0.319 0 0.005
0.456 0.377 0 0.005
0.457 0.217 0 0.005
0.458 0.656 0 0.005
0.478 0.683 0 0.005
0.492 0.885 0 0.005
0.493 0.91 0 0.005
0.497 0.064 0 0.005
0.497 0.813 0 0.005
0.501 0.582 0 0.005
0.502 0.55 0 0.005
0.515 0.647 0 0.005
0.524 0.146 0 0.005
0.528 0.41 0 0.005
0.532 0.557 0 0.005
0.534 0.585 0 0.005
0.54 0.121 0 0.005
0.544 0.897 0 0.005
0.548 0.437 0 0.005
0.548 0.741 0 0.005
0.553 0.592 0 0.005
0.553 0.867 0 0.005
0.554 0.108 0 0.005
0.559 0.009 0 0.005
0.564 0.286 0 0.005
0.568 0.238 0 0.005
0.57 0.778 0 0.005
0.573 0.035 0 0.005
0.575 0.694 0 0.005
0.579 0.198 0 0.005
0.585 0.796 0 0.005
0.595 0.922 0 0.005
0.597 0.298 0 0.005
0.599 0.632 0 0.005
0.607 0.235 0 0.005
0.611 0.05 0 0.005
0.632 0.979 0 0.005
0.641 0.24 0 0.005
0.655 0.144 0 0.005
0.657 0.732 0 0.005
0.662 0.647 0 0.005
0.669 0.821 0 0.005
0.674 0.026 0 0.005
0.679 0.569 0 0.005
0.681 0.479 0 0.005
0.689 0.61 0 0.005
0.694 0.399 0 0.005
0.709 0.157 0 0.005
0.71 0.268 0 0.005
0.71 0.974 0 0.005
0.715 0.937 0 0.005
0.716 0.611 0 0.005
0.719 0.314 0 0.005
0.721 0.448 0 0.005
0.724 0.162 0 0.005
0.726 0.011 0 0.005
0.735 0.309 0 0.005
0.742 0.279 0 0.005
0.759 0.217 0 0.005
0.762 0.587 0 0.005
0.763 0.86 0 0.005
0.765 0.932 0 0.005
0.771 0.201 0 0.005
0.771 0.9952365591397849 0 0.005
0.773 0.658 0 0.005
0.786 0.683 0 0.005
0.791 0.146 0 0.005
0.792 0.262 0 0.005
0.793 0.493 0 0.005
0.795 0.576 0 0.005
0.808 0.908 0 0.005
0.811 0.986 0 0.005
0.827 0.619 0 0.005
0.827 0.727 0 0.005
0.831 0.563 0 0.005
0.87 0.436 0 0.005
0.87 0.895 0 0.005
0.873 0.932 0 0.005
0.88 0.364 0 0.005
0.89 0.053 0 0.005
0.891 0.781 0 0.005
0.898 0.681 0 0.005
0.903 0.881 0 0.005
0.911 0.098 0 0.005
0.919 0.756 0 0.005
0.924 0.228 0 0.005
0.928 0.28 0 0.005
0.936 0.421 0 0.005
0.939 0.939 0 0.005
0.949 0.318 0 0.005
0.972 0.839 0 0.005
0.989 0.751 0 0.005
0.993 0.834 0 0.005
0.994 0.593 0 0.005
0.9957317073170732 0.036 0 0.005
