0.0027746478873239434 0.39 0 0.005
0.003268292682926829 0.521 0 0.005
0.00434313725490196 0.701 0 0.005
0.007 0.454 0 0.005
0.009 0.132 0 0.005
0.01 0.665 0 0.005
0.02 0.259 0 0.005
0.02 0.412 0 0.005
0.023 0.63 0 0.005
0.023 0.798 0 0.005
0.029 0.571 0 0.005
0.035 0.633 0 0.005
0.035 0.739 0 0.005
0.036 0.015 0 0.005
0.037 0.852 0 0.005
0.037 0.864 0 0.005
0.037 0.922 0 0.005
0.046 0.805 0 0.005
0.048 0.242 0 0.005
0.053 0.46 0 0.005
0.055 0.3 0 0.005
0.056 0.037 0 0.005
0.06 0.832 0 0.005
0.065 0.188 0 0.005
0.065 0.541 0 0.005
0.068 0.361 0 0.005
0.071 0.428 0 0.005
0.073 0.171 0 0.005
0.075 0.239 0 0.005
0.076 0.41 0 0.005
0.082 0.677 0 0.005
0.083 0.195 0 0.005
0.088 0.115 0 0.005
0.092 0.844 0 0.005
0.093 0.738 0 0.005
0.094 0.598 0 0.005
0.097 0.33 0 0.005
0.098 0.986 0 0.005
0.101 0.428 0 0.005
0.11 0.357 0 0.005
0.11 0.898 0 0.005
0.112 0.585 0 0.005
0.116 0.397 0 0.005
0.118 0.49 0 0.005
0.122 0.377 0 0.005
0.133 0.705 0 0.005
0.134 0.765 0 0.005
0.135 0.443 0 0.005
0.137 0.727 0 0.005
0.144 0.599 0 0.005
0.146 0.425 0 0.005
0.147 0.183 0 0.005
0.147 0.354 0 0.005
0.147 0.954 0 0.005
0.153 0.644 0 0.005
0.16 0.35 0 0.005
0.16 0.408 0 0.005
0.163 0.06 0 0.005
0.164 0.165 0 0.005
0.166 0.527 0 0.005
0.168 0.759 0 0.005
0.168 0.838 0 0.005
0.172 0.12 0 0.005
0.174 0.516 0 0.005
0.178 0.71 0 0.005
0.185 0.424 0 0.005
0.186 0.965 0 0.005
0.188 0.391 0 0.005
0.188 0.469 0 0.005
0.19 0.182 0 0.005
0.191 0.212 0 0.005
0.196 0.02 0 0.005
0.198 0.108 0 0.005
0.199 0.528 0 0.005
0.204 0.774 0 0.005
0.204 0.962 0 0.005
0.207 0.47 0 0.005
0.207 0.573 0 0.005
0.211 0.834 0 0.005
0.212 0.15 0 0.005
0.213 0.922 0 0.005
0.215 0.387 0 0.005
0.218 0.668 0 0.005
0.22 0.329 0 0.005
0.226 0.955 0 0.005
0.227 0.939 0 0.005
0.229 0.055 0 0.005
0.231 0.139 0 0.005
0.234 0.041 0 0.005
0.235 0.206 0 0.005
0.239 0.126 0 0.005
0.239 0.875 0 0.005
0.241 0.226 0 0.005
0.244 0.924 0 0.005
0.248 0.266 0 0.005
0.257 0.617 0 0.005
0.258 0.388 0 0.005
0.258 0.497 0 0.005
0.263 0.44 0 0.005
0.263 0.659 0 0.005
0.264 0.919 0 0.005
0.264 0.95 0 0.005
0.272 0.289 0 0.005
0.274 0.325 0 0.005
0.274 0.544 0 0.005
0.277 0.091 0 0.005
0.279 0.437 0 0.005
0.279 0.882 0 0.005
0.288 0.583 0 0.005
0.29 0.419 0 0.005
0.291 0.869 0 0.005
0.292 0.477 0 0.005
0.293 0.352 0 0.005
0.293 0.881 0 0.005
0.296 0.909 0 0.005
0.305 0.931 0 0.005
0.306 0.503 0 0.005
0.308 0.171 0 0.005
0.309 0.396 0 0.005
0.311 0.043 0 0.005
0.313 0.656 0 0.005
0.316 0.761 0 0.005
0.323 0.13 0 0.005
0.323 0.354 0 0.005
0.325 0.974 0 0.005
0.327 0.986 0 0.005
0.328 0.273 0 0.005
0.337 0.85 0 0.005
0.339 0.674 0 0.005
0.34 0.53 0 0.005
0.346 0.726 0 0.005
0.347 0.943 0 0.005
0.352 0.291 0 0.005
0.352 0.994656862745098 0 0.005
0.356 0.543 0 0.005
0.36 0.0115 0 0.005
0.358 0.274 0 0.005
0.362 0.452 0 0.005
0.372 0.027 0 0.005
0.373 0.547 0 0.005
0.375 0.151 0 0.005
0.377 0.449 0 0.005
0.381 0.575 0 0.005
0.381 0.829 0 0.005
0.383 0.092 0 0.005
0.384 0.435 0 0.005
0.386 0.522 0 0.005
0.388 0.366 0 0.005
0.392 0.945 0 0.005
0.393 0.482 0 0.005
0.399 0.806 0 0.005
0.404 0.12 0 0.005
0.406 0.528 0 0.005
0.406 0.775 0 0.005
0.407 0.865 0 0.005
0.41 0.434 0 0.005
0.411 0.72 0 0.005
0.415 0.472 0 0.005
0.419 0.21 0 0.005
0.421 0.145 0 0.005
0.422 0.27 0 0.005
0.423 0.753 0 0.005
0.427 0.096 0 0.005
0.43 0.973 0 0.005
0.438 0.434 0 0.005
0.442 0.127 0 0.005
0.442 0.53 0 0.005
0.443 0.365 0 0.005
0.446 0.341 0 0.005
0.447 0.068 0 0.005
0.464 0.447 0 0.005
0.469 0.074 0 0.005
0.471 0.414 0 0.005
0.476 0.372 0 0.005
0.478 0.037 0 0.005
0.48 0.168 0 0.005
0.486 0.575 0 0.005
0.489 0.119 0 0.005
0.49 0.069 0 0.005
0.494 0.437 0 0.005
0.496 0.228 0 0.005
0.503 0.271 0 0.005
0.506 0.925 0 0.005
0.507 0.062 0 0.005
0.507 0.516 0 0.005
0.517 0.738 0 0.005
0.517 0.936 0 0.005
0.521 0.507 0 0.005
0.521 0.821 0 0.005
0.523 0.794 0 0.005
0.525 0.637 0 0.005
0.527 0.756 0 0.005
0.533 0.188 0 0.005
0.534 0.376 0 0.005
0.534 0.481 0 0.005
0.534 0.895 0 0.005
0.537 0.677 0 0.005
0.544 0.875 0 0.005
0.545 0.147 0 0.005
0.548 0.399 0 0.005
0.549 0.825 0 0.005
0.551 0.445 0 0.005
0.551 0.657 0 0.005
0.556 0.064 0 0.005
0.557 0.876 0 0.005
0.558 0.091 0 0.005
0.56 0.361 0 0.005
0.562 0.128 0 0.005
0.563 0.169 0 0.005
0.568 0.342 0 0.005
0.571 0.711 0 0.005
0.572 0.194 0 0.005
0.577 0.836 0 0.005
0.579 0.318 0 0.005
0.58 0.524 0 0.005
0.591 0.875 0 0.005
0.592 0.103 0 0.005
0.595 0.491 0 0.005
0.598 0.21 0 0.005
0.598 0.542 0 0.005
0.598 0.632 0 0.005
0.6 0.663 0 0.005
0.601 0.427 0 0.005
0.602 0.151 0 0.005
0.604 0.681 0 0.005
0.607 0.645 0 0.005
0.61 0.73 0 0.005
0.611 0.185 0 0.005
0.614 0.137 0 0.005
0.616 0.412 0 0.005
0.618 0.349 0 0.005
0.623 0.97 0 0.005
0.625 0.437 0 0.005
0.633 0.669 0 0.005
0.633 0.701 0 0.005
0.634 0.165 0 0.005
0.634 0.527 0 0.005
0.643 0.399 0 0.005
0.643 0.479 0 0.005
0.654 0.127 0 0.005
0.66 0.02 0 0.005
0.662 0.746 0 0.005
0.666 0.409 0 0.005
0.666 0.717 0 0.005
0.667 0.703 0 0.005
0.667 0.849 0 0.005
0.668 0.949 0 0.005
0.67 0.637 0 0.005
0.673 0.326 0 0.005
0.673 0.901 0 0.005
0.675 0.278 0 0.005
0.676 0.781 0 0.005
0.68 0.615 0 0.005
0.681 0.015 0 0.005
0.682 0.514 0 0.005
0.685 0.449 0 0.005
0.687 0.604 0 0.005
0.691 0.675 0 0.005
0.692 0.407 0 0.005
0.692 0.704 0 0.005
0.694 0.335 0 0.005
0.694 0.644 0 0.005
0.698 0.732 0 0.005
0.698 0.828 0 0.005
0.702 0.293 0 0.005
0.702 0.613 0 0.005
0.703 0.926 0 0.005
0.704 0.263 0 0.005
0.705 0.219 0 0.005
0.706 0.488 0 0.005
0.71 0.097 0 0.005
0.711 0.351 0 0.005
0.712 0.459 0 0.005
0.714 0.685 0 0.005
0.715 0.617 0 0.005
0.717 0.65 0 0.005
0.721 0.205 0 0.005
0.735 0.91 0 0.005
0.737 0.967 0 0.005
0.738 0.185 0 0.005
0.742 0.867 0 0.005
0.744 0.204 0 0.005
0.744 0.273 0 0.005
0.748 0.06 0 0.005
0.749 0.078 0 0.005
0.75 0.475 0 0.005
0.754 0.931 0 0.005
0.758 0.553 0 0.005
0.759 0.142 0 0.005
0.766 0.078 0 0.005
0.767 0.032 0 0.005
0.77 0.872 0 0.005
0.773 0.794 0 0.005
0.774 0.275 0 0.005
0.781 0.675 0 0.005
0.785 0.124 0 0.005
0.785 0.706 0 0.005
0.792 0.774 0 0.005
0.792 0.809 0 0.005
0.792 0.94 0 0.005
0.793 0.97 0 0.005
0.81 0.884 0 0.005
0.811 0.239 0 0.005
0.813 0.181 0 0.005
0.813 0.259 0 0.005
0.821 0.58 0 0.005
0.822 0.479 0 0.005
0.825 0.652 0 0.005
0.833 0.83 0 0.005
0.836 0.897 0 0.005
0.847 0.298 0 0.005
0.847 0.457 0 0.005
0.851 0.225 0 0.005
0.853 0.209 0 0.005
0.853 0.677 0 0.005
0.856 0.016 0 0.005
0.856 0.425 0 0.005
0.86 0.408 0 0.005
0.86 0.932 0 0.005
0.876 0.415 0 0.005
0.881 0.518 0 0.005
0.888 0.895 0 0.005
0.89 0.936 0 0.005
0.895 0.01 0 0.005
0.897 0.952 0 0.005
0.899 0.345 0 0.005
0.9 0.475 0 0.005
0.913 0.411 0 0.005
0.913 0.692 0 0.005
0.917 0.211 0 0.005
0.919 0.796 0 0.005
0.923 0.086 0 0.005
0.925 0.007 0 0.005
0.925 0.041 0 0.005
0.929 0.294 0 0.005
0.93 0.983 0 0.005
0.932 0.068 0 0.005
0.935 0.315 0 0.005
0.937 0.949 0 0.005
0.939 0.741 0 0.005
0.946 0.075 0 0.005
0.948 0.228 0 0.005
0.951 0.315 0 0.005
0.953 0.098 0 0.005
0.961 0.362 0 0.005
0.967 0.065 0 0.005
0.972 0.398 0 0.005
0.978 0.539 0 0.005
0.986 0.938 0 0.005
0.987 0.569 0 0.005
0.989 0.143 0 0.005
0.994 0.529 0 0.005
0.996225352112676 0.007 0 0.005
