0.0022833333333333334 0.013 0 0.005
0.003763440860215054 0.082 0 0.005
0.00434313725490196 0.134 0 0.005
0.0027746478873239434 0.194 0 0.005
0.0027746478873239434 0.242 0 0.005
0.0027746478873239434 0.444 0 0.005
0.00434313725490196 0.474 0 0.005
0.00434313725490196 0.704 0 0.005
0.008821989528795812 0.7928534031413612 0 0.005
0.0022833333333333334 0.843 0 0.005
0.0022833333333333334 0.899 0 0.005
0.005 0.979 0 0.005
0.006 0.03 0 0.005
0.006 0.256 0 0.005
0.006 0.519 0 0.005
0.006 0.753 0 0.005
0.007 0.428 0 0.005
0.007 0.495 0 0.005
0.007 0.624 0 0.005
0.009 0.18 0 0.005
0.009 0.354 0 0.005
0.009 0.962 0 0.005
0.011 0.284 0 0.005
0.011 0.655 0 0.005
0.012 0.727 0 0.005
0.013 0.778 0 0.005
0.014 0.81 0 0.005
0.014 0.947 0 0.005
0.015 0.058 0 0.005
0.015 0.097 0 0.005
0.015 0.765 0 0.005
0.015 0.99 0 0.005
0.016 0.312 0 0.005
0.016 0.48 0 0.005
0.016 0.612 0 0.005
0.017 0.151 0 0.005
0.017 0.824 0 0.005
0.018 0.298 0 0.005
0.018 0.508 0 0.005
0.019 0.397 0 0.005
0.021 0.88 0 0.005
0.021 0.962 0 0.005
0.022 0.122 0 0.005
0.023 0.922 0 0.005
0.024 0.14 0 0.005
0.024 0.18 0 0.005
0.024 0.533 0 0.005
0.024 0.558 0 0.005
0.026 0.94 0 0.005
0.027 0.657 0 0.005
0.028 0.795 0 0.005
0.029 0.109 0 0.005
0.029 0.747 0 0.005
0.029 0.775 0 0.005
0.032 0.297 0 0.005
0.032 0.639 0 0.005
0.032 0.689 0 0.005
0.033 0.165 0 0.005
0.033 0.489 0 0.005
0.034 0.702 0 0.005
0.035 0.036 0 0.005
0.035 0.094 0 0.005
0.035 0.581 0 0.005
0.035 0.624 0 0.005
0.037 0.91 0 0.005
0.0415 0.46 0 0.005
0.038 0.855 0 0.005
0.038 0.974 0 0.005
0.039 0.506 0 0.005
0.039 0.596 0 0.005
0.04 0.072 0 0.005
0.04 0.384 0 0.005
0.04 0.534 0 0.005
0.04 0.669 0 0.005
0.041 0.567 0 0.005
0.042 0.75 0 0.005
0.043 0.427 0 0.005
0.043 0.94 0 0.005
0.046 0.123 0 0.005
0.047 0.139 0 0.005
0.047 0.585 0 0.005
0.047 0.647 0 0.005
0.047 0.867 0 0.005
0.048 0.251 0 0.005
0.048 0.304 0 0.005
0.048 0.984 0 0.005
0.049 0.195 0 0.005
0.049 0.27 0 0.005
0.053 0.3535 0 0.005
0.05 0.961 0 0.005
0.051 0.095 0 0.005
0.051 0.9967166666666667 0 0.005
0.052 0.217 0 0.005
0.053 0.811 0 0.005
0.054 0.282 0 0.005
0.0595 0.6015 0 0.005
0.054 0.794 0 0.005
0.055 0.658 0 0.005
0.055 0.689 0 0.005
0.056 0.824 0 0.005
0.057 0.622 0 0.005
0.057 0.849 0 0.005
0.058 0.326 0 0.005
0.058 0.375 0 0.005
0.058 0.458 0 0.005
0.058 0.546 0 0.005
0.058 0.767 0 0.005
0.058 0.889 0 0.005
0.06 0.443 0 0.005
0.061 0.527 0 0.005
0.061 0.75 0 0.005
0.061 0.933 0 0.005
0.062 0.016 0 0.005
0.063 0.587 0 0.005
0.064 0.273 0 0.005
0.064 0.415 0 0.005
0.067 0.7165 0 0.005
0.065 0.575 0 0.005
0.065 0.949 0 0.005
0.066 0.257 0 0.005
0.067 0.16 0 0.005
0.068 0.387 0 0.005
0.069 0.09 0 0.005
0.069 0.191 0 0.005
0.069 0.207 0 0.005
0.069 0.558 0 0.005
0.07 0.466 0 0.005
0.071 0.057 0 0.005
0.074 0.3305 0 0.005
0.072 0.005 0 0.005
0.072 0.041 0 0.005
0.0775 0.796 0 0.005
0.074 0.699 0 0.005
0.075 0.225 0 0.005
0.075 0.527 0 0.005
0.076 0.413 0 0.005
0.076 0.436 0 0.005
0.0795 0.1835 0 0.005
0.0805 0.868 0 0.005
0.078 0.491 0 0.005
0.078 0.766 0 0.005
0.078 0.851 0 0.005
0.08 0.896 0 0.005
0.08 0.99 0 0.005
0.081 0.391 0 0.005
0.081 0.599 0 0.005
0.081 0.674 0 0.005
0.082 0.066 0 0.005
0.082 0.129 0 0.005
0.084 0.618 0 0.005
0.086 0.633 0 0.005
0.087 0.039 0 0.005
0.089 0.151 0 0.005
0.089 0.91 0 0.005
0.09 0.171 0 0.005
0.09 0.306 0 0.005
0.09 0.723 0 0.005
0.09 0.779 0 0.005
0.09 0.941 0 0.005
0.091 0.237 0 0.005
0.091 0.357 0 0.005
0.092 0.214 0 0.005
0.092 0.833 0 0.005
0.093 0.108 0 0.005
0.093 0.607 0 0.005
0.094 0.815 0 0.005
0.095 0.051 0 0.005
0.095 0.322 0 0.005
0.095 0.591 0 0.005
0.096 0.194 0 0.005
0.096 0.279 0 0.005
0.097 0.379 0 0.005
0.097 0.405 0 0.005
0.097 0.541 0 0.005
0.1025 0.678 0 0.005
0.097 0.922 0 0.005
0.097 0.99 0 0.005
0.098 0.524 0 0.005
0.099 0.065 0 0.005
0.1 0.265 0 0.005
0.101 0.019 0 0.005
0.101 0.419 0 0.005
0.102 0.879 0 0.005
0.103 0.45 0 0.005
0.103 0.618 0 0.005
0.103 0.701 0 0.005
0.103 0.908 0 0.005
0.104 0.144 0 0.005
0.104 0.505 0 0.005
0.105 0.828 0 0.005
0.109 0.9745 0 0.005
0.106 0.23 0 0.005
0.106 0.49 0 0.005
0.106 0.565 0 0.005
0.106 0.769 0 0.005
0.107 0.055 0 0.005
0.108 0.213 0 0.005
0.108 0.599 0 0.005
0.108 0.718 0 0.005
0.108 0.786 0 0.005
0.108 0.865 0 0.005
0.109 0.111 0 0.005
0.11 0.033 0 0.005
0.11 0.55 0 0.005
0.11 0.664 0 0.005
0.1155 0.729 0 0.005
0.111 0.275 0 0.005
0.111 0.342 0 0.005
0.111 0.65 0 0.005
0.112 0.08 0 0.005
0.112 0.842 0 0.005
0.113 0.005 0 0.005
0.113 0.383 0 0.005
0.113 0.634 0 0.005
0.114 0.297 0 0.005
0.114 0.891 0 0.005
0.115 0.371 0 0.005
0.119 0.4725 0 0.005
0.118 0.223 0 0.005
0.119 0.587 0 0.005
0.119 0.697 0 0.005
0.119 0.827 0 0.005
0.12 0.16 0 0.005
0.12 0.201 0 0.005
0.12 0.436 0 0.005
0.12 0.743 0 0.005
0.121 0.539 0 0.005
0.121 0.781 0 0.005
0.122 0.018 0 0.005
0.123 0.489 0 0.005
0.123 0.657 0 0.005
0.123 0.672 0 0.005
0.123 0.955 0 0.005
0.124 0.244 0 0.005
0.124 0.52 0 0.005
0.125 0.035 0 0.005
0.125 0.115 0 0.005
0.125 0.145 0 0.005
0.125 0.347 0 0.005
0.125 0.387 0 0.005
0.125 0.795 0 0.005
0.126 0.862 0 0.005
0.127 0.074 0 0.005
0.127 0.404 0 0.005
0.127 0.501 0 0.005
0.127 0.94 0 0.005
0.128 0.422 0 0.005
0.129 0.884 0 0.005
0.13 0.359 0 0.005
0.131 0.00434313725490196 0 0.005
0.131 0.052 0 0.005
0.131 0.222 0 0.005
0.131 0.255 0 0.005
0.131 0.985 0 0.005
0.132 0.287 0 0.005
0.132 0.646 0 0.005
0.133 0.703 0 0.005
0.133 0.81 0 0.005
0.134 0.925 0 0.005
0.137 0.665 0 0.005
0.137 0.691 0 0.005
0.137 0.873 0 0.005
0.138 0.194 0 0.005
0.138 0.536 0 0.005
0.1435 0.79 0 0.005
0.139 0.072 0 0.005
0.139 0.52 0 0.005
0.143 0.5825 0 0.005
0.139 0.608 0 0.005
0.139 0.734 0 0.005
0.14 0.119 0 0.005
0.14 0.309 0 0.005
0.14 0.846 0 0.005
0.141 0.272 0 0.005
0.141 0.504 0 0.005
0.142 0.755 0 0.005
0.143 0.818 0 0.005
0.143 0.952 0 0.005
0.144 0.177 0 0.005
0.145 0.098 0 0.005
0.145 0.223 0 0.005
0.145 0.548 0 0.005
0.145 0.655 0 0.005
0.146 0.63 0 0.005
0.147 0.046 0 0.005
0.147 0.417 0 0.005
0.148 0.711 0 0.005
0.149 0.021 0 0.005
0.149 0.391 0 0.005
0.149 0.489 0 0.005
0.149 0.769 0 0.005
0.15 0.034 0 0.005
0.15 0.968 0 0.005
0.15 0.983 0 0.005
0.151 0.157 0 0.005
0.151 0.437 0 0.005
0.152 0.306 0 0.005
0.152 0.612 0 0.005
0.152 0.736 0 0.005
0.154 0.119 0 0.005
0.154 0.844 0 0.005
0.155 0.0022833333333333334 0 0.005
0.155 0.193 0 0.005
0.155 0.469 0 0.005
0.158 0.634 0 0.005
0.159 0.423 0 0.005
0.16 0.054 0 0.005
0.16 0.1 0 0.005
0.161 0.073 0 0.005
0.161 0.284 0 0.005
0.1655 0.583 0 0.005
0.162 0.726 0 0.005
0.163 0.239 0 0.005
0.163 0.27 0 0.005
0.163 0.451 0 0.005
0.164 0.34 0 0.005
0.164 0.825 0 0.005
0.167 0.198 0 0.005
0.167 0.952 0 0.005
0.168 0.302 0 0.005
0.168 0.318 0 0.005
0.168 0.911 0 0.005
0.171 0.569 0 0.005
0.171 0.804 0 0.005
0.172 0.674 0 0.005
0.172 0.934 0 0.005
0.173 0.117 0 0.005
0.173 0.285 0 0.005
0.174 0.498 0 0.005
0.174 0.639 0 0.005
0.175 0.092 0 0.005
0.175 0.227 0 0.005
0.175 0.257 0 0.005
0.176 0.339 0 0.005
0.176 0.477 0 0.005
0.176 0.767 0 0.005
0.176 0.921 0 0.005
0.177 0.034 0 0.005
0.178 0.172 0 0.005
0.179 0.862 0 0.005
0.1835 0.151 0 0.005
0.18 0.782 0 0.005
0.186 0.8965 0 0.005
0.182 0.692 0 0.005
0.182 0.742 0 0.005
0.182 0.944 0 0.005
0.184 0.079 0 0.005
0.185 0.247 0 0.005
0.185 0.577 0 0.005
0.185 0.992 0 0.005
0.186 0.362 0 0.005
0.186 0.515 0 0.005
0.186 0.634 0 0.005
0.187 0.23 0 0.005
0.187 0.374 0 0.005
0.1935 0.8235 0 0.005
0.189 0.007 0 0.005
0.19 0.094 0 0.005
0.19 0.218 0 0.005
0.19 0.327 0 0.005
0.191 0.556 0 0.005
0.192 0.589 0 0.005
0.193 0.02 0 0.005
0.193 0.273 0 0.005
0.193 0.65 0 0.005
0.194 0.173 0 0.005
0.194 0.402 0 0.005
0.194 0.607 0 0.005
0.196 0.848 0 0.005
0.197 0.125 0 0.005
0.197 0.912 0 0.005
0.198 0.744 0 0.005
0.199 0.465 0 0.005
0.2 0.075 0 0.005
0.202 0.392 0 0.005
0.202 0.453 0 0.005
0.202 0.795 0 0.005
0.203 0.774 0 0.005
0.204 0.709 0 0.005
0.204 0.876 0 0.005
0.205 0.535 0 0.005
0.205 0.575 0 0.005
0.205 0.889 0 0.005
0.209 0.0465 0 0.005
0.206 0.229 0 0.005
0.207 0.101 0 0.005
0.207 0.315 0 0.005
0.207 0.333 0 0.005
0.207 0.363 0 0.005
0.207 0.406 0 0.005
0.207 0.553 0 0.005
0.207 0.677 0 0.005
0.208 0.251 0 0.005
0.208 0.425 0 0.005
0.209 0.345 0 0.005
0.209 0.631 0 0.005
0.21 0.005 0 0.005
0.21 0.173 0 0.005
0.21 0.19 0 0.005
0.21 0.521 0 0.005
0.212 0.665 0 0.005
0.212 0.906 0 0.005
0.212 0.954 0 0.005
0.213 0.691 0 0.005
0.214 0.139 0 0.005
0.215 0.287 0 0.005
0.215 0.378 0 0.005
0.215 0.449 0 0.005
0.216 0.114 0 0.005
0.216 0.39 0 0.005
0.217 0.474 0 0.005
0.217 0.653 0 0.005
0.217 0.939 0 0.005
0.219 0.306 0 0.005
0.22633333333333333 0.17066666666666666 0 0.005
0.221 0.358 0 0.005
0.221 0.534 0 0.005
0.221 0.572 0 0.005
0.221 0.71 0 0.005
0.221 0.775 0 0.005
0.222 0.078 0 0.005
0.222 0.594 0 0.005
0.222 0.884 0 0.005
0.222 0.973 0 0.005
0.224 0.035 0 0.005
0.225 0.99 0 0.005
0.226 0.058 0 0.005
0.226 0.199 0 0.005
0.226 0.417 0 0.005
0.226 0.439 0 0.005
0.227 0.258 0 0.005
0.227 0.745 0 0.005
0.227 0.915 0 0.005
0.228 0.338 0 0.005
0.2325 0.45 0 0.005
0.229 0.232 0 0.005
0.229 0.793 0 0.005
0.23 0.626 0 0.005
0.231 0.391 0 0.005
0.231 0.557 0 0.005
0.231 0.873 0 0.005
0.233 0.495 0 0.005
0.233 0.71 0 0.005
0.233 0.727 0 0.005
0.233 0.946 0 0.005
0.234 0.47 0 0.005
0.234 0.683 0 0.005
0.235 0.219 0 0.005
0.235 0.531 0 0.005
0.235 0.658 0 0.005
0.235 0.67 0 0.005
0.236 0.093 0 0.005
0.236 0.181 0 0.005
0.236 0.371 0 0.005
0.237 0.147 0 0.005
0.237 0.764 0 0.005
0.238 0.698 0 0.005
0.24 0.068 0 0.005
0.24 0.819 0 0.005
0.241 0.316 0 0.005
0.242 0.407 0 0.005
0.243 0.293 0 0.005
0.243 0.341 0 0.005
0.244 0.512 0 0.005
0.245 0.045 0 0.005
0.245 0.273 0 0.005
0.245 0.924 0 0.005
0.247 0.016 0 0.005
0.247 0.196 0 0.005
0.247 0.236 0 0.005
0.248 0.748 0 0.005
0.248 0.982 0 0.005
0.249 0.681 0 0.005
0.25 0.098 0 0.005
0.25 0.128 0 0.005
0.25 0.218 0 0.005
0.251 0.354 0 0.005
0.251 0.544 0 0.005
0.252 0.496 0 0.005
0.253 0.639 0 0.005
0.254 0.112 0 0.005
0.254 0.527 0 0.005
0.255 0.173 0 0.005
0.255 0.455 0 0.005
0.255 0.94 0 0.005
0.256 0.416 0 0.005
0.26 0.8805 0 0.005
0.257 0.144 0 0.005
0.257 0.845 0 0.005
0.257 0.994656862745098 0 0.005
0.2635 0.158 0 0.005
0.258 0.265 0 0.005
0.258 0.375 0 0.005
0.264 0.9055 0 0.005
0.261 0.335 0 0.005
0.261 0.733 0 0.005
0.263 0.253 0 0.005
0.263 0.569 0 0.005
0.263 0.755 0 0.005
0.264 0.223 0 0.005
0.266 0.662 0 0.005
0.267 0.056 0 0.005
0.267 0.599 0 0.005
0.267 0.624 0 0.005
0.267 0.683 0 0.005
0.267 0.929 0 0.005
0.268 0.235 0 0.005
0.268 0.299 0 0.005
0.268 0.456 0 0.005
0.268 0.586 0 0.005
0.268 0.695 0 0.005
0.268 0.775 0 0.005
0.268 0.858 0 0.005
0.27 0.984 0 0.005
0.272 0.108 0 0.005
0.2755 0.1805 0 0.005
0.273 0.53 0 0.005
0.275 0.347 0 0.005
0.275 0.543 0 0.005
0.276 0.426 0 0.005
0.276 0.834 0 0.005
0.277 0.361 0 0.005
0.277 0.482 0 0.005
0.277 0.82 0 0.005
0.278 0.209 0 0.005
0.278 0.744 0 0.005
0.279 0.33 0 0.005
0.279 0.399 0 0.005
0.279 0.766 0 0.005
0.28 0.133 0 0.005
0.28 0.618 0 0.005
0.2842248520710059 0.991094674556213 0 0.005
0.282 0.23 0 0.005
0.282 0.651 0 0.005
0.283 0.976 0 0.005
0.284 0.1 0 0.005
0.284 0.449 0 0.005
0.285 0.112 0 0.005
0.285 0.31 0 0.005
0.287 0.782 0 0.005
0.288 0.263 0 0.005
0.288 0.693 0 0.005
0.289 0.407 0 0.005
0.29 0.281 0 0.005
0.29 0.55 0 0.005
0.2935 0.713 0 0.005
0.291 0.74 0 0.005
0.292 0.423 0 0.005
0.293 0.472 0 0.005
0.293 0.588 0 0.005
0.2985 0.6265 0 0.005
0.296 0.188 0 0.005
0.296 0.485 0 0.005
0.296 0.564 0 0.005
0.296 0.639 0 0.005
0.296 0.961 0 0.005
0.297 0.138 0 0.005
0.297 0.812 0 0.005
0.298 0.85 0 0.005
0.299 0.054 0 0.005
0.299 0.123 0 0.005
0.299 0.217 0 0.005
0.299 0.607 0 0.005
0.299 0.68 0 0.005
0.299 0.979 0 0.005
0.3 0.074 0 0.005
0.3 0.203 0 0.005
0.3 0.774 0 0.005
0.301 0.153 0 0.005
0.301 0.382 0 0.005
0.303 0.028 0 0.005
0.304 0.825 0 0.005
0.305 0.306 0 0.005
0.305 0.503 0 0.005
0.305 0.541 0 0.005
0.306 0.88 0 0.005
0.307 0.451 0 0.005
0.308 0.271 0 0.005
0.309 0.694 0 0.005
0.309 0.803 0 0.005
0.31 0.594 0 0.005
0.31 0.738 0 0.005
0.311 0.474 0 0.005
0.312 0.524 0 0.005
0.312 0.989 0 0.005
0.313 0.289 0 0.005
0.3195 0.401 0 0.005
0.315 0.067 0 0.005
0.315 0.217 0 0.005
0.317 0.137 0 0.005
0.317 0.327 0 0.005
0.317 0.435 0 0.005
0.32 0.079 0 0.005
0.32 0.781 0 0.005
0.321 0.241 0 0.005
0.321 0.276 0 0.005
0.322 0.0022833333333333334 0 0.005
0.322 0.379 0 0.005
0.322 0.71 0 0.005
0.322 0.817 0 0.005
0.322 0.859 0 0.005
0.323 0.874 0 0.005
0.324 0.228 0 0.005
0.324 0.57 0 0.005
0.325 0.103 0 0.005
0.325 0.262 0 0.005
0.325 0.643 0 0.005
0.326 0.203 0 0.005
0.326 0.308 0 0.005
0.326 0.54 0 0.005
0.326 0.766 0 0.005
0.327 0.05 0 0.005
0.327 0.191 0 0.005
0.327 0.343 0 0.005
0.327 0.685 0 0.005
0.33 0.7335 0 0.005
0.327 0.971 0 0.005
0.329 0.928 0 0.005
0.33 0.326 0 0.005
0.33 0.582 0 0.005
0.332 0.024 0 0.005
0.333 0.356 0 0.005
0.333 0.701 0 0.005
0.333 0.803 0 0.005
0.334 0.128 0 0.005
0.334 0.171 0 0.005
0.334 0.513 0 0.005
0.334 0.526 0 0.005
0.334 0.99 0 0.005
0.336 0.417 0 0.005
0.337 0.958 0 0.005
0.338 0.287 0 0.005
0.338 0.672 0 0.005
0.339 0.646 0 0.005
0.34 0.068 0 0.005
0.34 0.594 0 0.005
0.34 0.833 0 0.005
0.341 0.388 0 0.005
0.341 0.89 0 0.005
0.343 0.5 0 0.005
0.344 0.153 0 0.005
0.344 0.324 0 0.005
0.344 0.555 0 0.005
0.344 0.759 0 0.005
0.345 0.084 0 0.005
0.345 0.406 0 0.005
0.346 0.463 0 0.005
0.346 0.483 0 0.005
0.3515 0.5325 0 0.005
0.346 0.942 0 0.005
0.347 0.517 0 0.005
0.347 0.612 0 0.005
0.348 0.101 0 0.005
0.348 0.437 0 0.005
0.349 0.174 0 0.005
0.3525 0.723 0 0.005
0.35 0.115 0 0.005
0.35 0.822 0 0.005
0.351 0.99 0 0.005
0.352 0.683 0 0.005
0.353 0.925 0 0.005
0.354 0.572 0 0.005
0.354 0.769 0 0.005
0.355 0.878 0 0.005
0.356 0.053 0 0.005
0.356 0.342 0 0.005
0.357 0.378 0 0.005
0.357 0.451 0 0.005
0.358 0.465 0 0.005
0.359 0.136 0 0.005
0.359 0.151 0 0.005
0.361 0.61 0 0.005
0.361 0.633 0 0.005
0.362 0.066 0 0.005
0.362 0.269 0 0.005
0.363 0.645 0 0.005
0.3665 0.781 0 0.005
0.364 0.971 0 0.005
0.365 0.314 0 0.005
0.365 0.937 0 0.005
0.366 0.199 0 0.005
0.366 0.845 0 0.005
0.366 0.87 0 0.005
0.366 0.994656862745098 0 0.005
0.367 0.103 0 0.005
0.367 0.697 0 0.005
0.368 0.3 0 0.005
0.368 0.344 0 0.005
0.368 0.416 0 0.005
0.368 0.523 0 0.005
0.37 0.901 0 0.005
0.371 0.037 0 0.005
0.371 0.36 0 0.005
0.372 0.005 0 0.005
0.372 0.251 0 0.005
0.373 0.09 0 0.005
0.373 0.664 0 0.005
0.373 0.726 0 0.005
0.374 0.078 0 0.005
0.374 0.155 0 0.005
0.374 0.185 0 0.005
0.374 0.443 0 0.005
0.374 0.86 0 0.005
0.375 0.929 0 0.005
0.377 0.327 0 0.005
0.377 0.478 0 0.005
0.377 0.629 0 0.005
0.378 0.118 0 0.005
0.378 0.816 0 0.005
0.379 0.749 0 0.005
0.38 0.054 0 0.005
0.38 0.491 0 0.005
0.381 0.597 0 0.005
0.381 0.996225352112676 0 0.005
0.382 0.686 0 0.005
0.382 0.784 0 0.005
0.382 0.985 0 0.005
0.384 0.315 0 0.005
0.385 0.241 0 0.005
0.385 0.618 0 0.005
0.39 0.2865 0 0.005
0.386 0.503 0 0.005
0.386 0.901 0 0.005
0.387 0.085 0 0.005
0.387 0.227 0 0.005
0.387 0.439 0 0.005
0.387 0.566 0 0.005
0.387 0.727 0 0.005
0.387 0.828 0 0.005
0.387 0.877 0 0.005
0.387 0.972 0 0.005
0.389 0.386 0 0.005
0.389 0.922 0 0.005
0.39 0.207 0 0.005
0.391 0.263 0 0.005
0.391 0.633 0 0.005
0.391 0.696 0 0.005
0.392 0.131 0 0.005
0.393 0.675 0 0.005
0.394 0.817 0 0.005
0.395 0.053 0 0.005
0.395 0.164 0 0.005
0.395 0.42 0 0.005
0.395 0.449 0 0.005
0.396 0.4 0 0.005
0.396 0.717 0 0.005
0.401 0.9375 0 0.005
0.397 0.991 0 0.005
0.398 0.01 0 0.005
0.398 0.341 0 0.005
0.398 0.359 0 0.005
0.398 0.845 0 0.005
0.399 0.733 0 0.005
0.401 0.433 0 0.005
0.402 0.2 0 0.005
0.402 0.753 0 0.005
0.403 0.122 0 0.005
0.403 0.463 0 0.005
0.403 0.592 0 0.005
0.4095 0.0995 0 0.005
0.404 0.248 0 0.005
0.404 0.701 0 0.005
0.405 0.085 0 0.005
0.4095 0.48 0 0.005
0.4105 0.293 0 0.005
0.407 0.276 0 0.005
0.407 0.377 0 0.005
0.4115 0.512 0 0.005
0.407 0.552 0 0.005
0.407 0.958 0 0.005
0.408 0.138 0 0.005
0.409 0.021 0 0.005
0.409 0.151 0 0.005
0.409 0.88 0 0.005
0.41 0.00434313725490196 0 0.005
0.41 0.574 0 0.005
0.41 0.972 0 0.005
0.411 0.322 0 0.005
0.411 0.625 0 0.005
0.413 0.071 0 0.005
0.413 0.214 0 0.005
0.413 0.334 0 0.005
0.414 0.496 0 0.005
0.415 0.453 0 0.005
0.416 0.589 0 0.005
0.417 0.241 0 0.005
0.418 0.83 0 0.005
0.419 0.559 0 0.005
0.419 0.797 0 0.005
0.419 0.948 0 0.005
0.42 0.373 0 0.005
0.421 0.269 0 0.005
0.422 0.06 0 0.005
0.422 0.125 0 0.005
0.422 0.31 0 0.005
0.422 0.658 0 0.005
0.422 0.724 0 0.005
0.423 0.146 0 0.005
0.423 0.439 0 0.005
0.424 0.086 0 0.005
0.424 0.627 0 0.005
0.425 0.992 0 0.005
0.426 0.187 0 0.005
0.426 0.351 0 0.005
0.426 0.578 0 0.005
0.427 0.222 0 0.005
0.427 0.402 0 0.005
0.427 0.639 0 0.005
0.427 0.89 0 0.005
0.428 0.542 0 0.005
0.428 0.685 0 0.005
0.428 0.781 0 0.005
0.428 0.859 0 0.005
0.428 0.961 0 0.005
0.429 0.479 0 0.005
0.43 0.935 0 0.005
0.431 0.156 0 0.005
0.431 0.911 0 0.005
0.432 0.363 0 0.005
0.432 0.981 0 0.005
0.433 0.319 0 0.005
0.433 0.749 0 0.005
0.434 0.023 0 0.005
0.434 0.837 0 0.005
0.435 0.812 0 0.005
0.436 0.392 0 0.005
0.436 0.797 0 0.005
0.437 0.243 0 0.005
0.437 0.412 0 0.005
0.439 0.573 0 0.005
0.44 0.287 0 0.005
0.44 0.339 0 0.005
0.4455 0.6805 0 0.005
0.44 0.698 0 0.005
0.441 0.892 0 0.005
0.442 0.879 0 0.005
0.443 0.053 0 0.005
0.444 0.593 0 0.005
0.445 0.322 0 0.005
0.445 0.516 0 0.005
0.445 0.711 0 0.005
0.447 0.259 0 0.005
0.447 0.618 0 0.005
0.447 0.922 0 0.005
0.448 0.363 0 0.005
0.448 0.747 0 0.005
0.448 0.938 0 0.005
0.449 0.831 0 0.005
0.449 0.961 0 0.005
0.451 0.981 0 0.005
0.452 0.345 0 0.005
0.454 0.216 0 0.005
0.455 0.488 0 0.005
0.455 0.568 0 0.005
0.456 0.288 0 0.005
0.456 0.657 0 0.005
0.457 0.187 0 0.005
0.457 0.394 0 0.005
0.457 0.759 0 0.005
0.458 0.446 0 0.005
0.459 0.17 0 0.005
0.46 0.409 0 0.005
0.46 0.79 0 0.005
0.46 0.904 0 0.005
0.461 0.696 0 0.005
0.462 0.056 0 0.005
0.462 0.129 0 0.005
0.462 0.545 0 0.005
0.462 0.595 0 0.005
0.463 0.143 0 0.005
0.463 0.524 0 0.005
0.465 0.345 0 0.005
0.465 0.462 0 0.005
0.466 0.714 0 0.005
0.467 0.632 0 0.005
0.469 0.486 0 0.005
0.469 0.764 0 0.005
0.469 0.8 0 0.005
0.469 0.963 0 0.005
0.47 0.227 0 0.005
0.471 0.239 0 0.005
0.471 0.289 0 0.005
0.471 0.554 0 0.005
0.472 0.276 0 0.005
0.472 0.655 0 0.005
0.472 0.787 0 0.005
0.472 0.832 0 0.005
0.473 0.019 0 0.005
0.473 0.094 0 0.005
0.473 0.859 0 0.005
0.474 0.059 0 0.005
0.474 0.166 0 0.005
0.474 0.256 0 0.005
0.475 0.005 0 0.005
0.475 0.907 0 0.005
0.476 0.185 0 0.005
0.476 0.207 0 0.005
0.476 0.9957317073170732 0 0.005
0.4805 0.077 0 0.005
0.477 0.402 0 0.005
0.477 0.527 0 0.005
0.477 0.745 0 0.005
0.478 0.368 0 0.005
0.479 0.683 0 0.005
0.48 0.605 0 0.005
0.48 0.627 0 0.005
0.481 0.384 0 0.005
0.482 0.885 0 0.005
0.483 0.143 0 0.005
0.483 0.349 0 0.005
0.483 0.473 0 0.005
0.484 0.851 0 0.005
0.485 0.239 0 0.005
0.486 0.489 0 0.005
0.487 0.438 0 0.005
0.487 0.827 0 0.005
0.487 0.926 0 0.005
0.489 0.218 0 0.005
0.489 0.562 0 0.005
0.489 0.754 0 0.005
0.49 0.308 0 0.005
0.491 0.456 0 0.005
0.492 0.704 0 0.005
0.493 0.971 0 0.005
0.493 0.984 0 0.005
0.494 0.064 0 0.005
0.494 0.113 0 0.005
0.495 0.003763440860215054 0 0.005
0.496 0.248 0 0.005
0.496 0.772 0 0.005
0.496 0.788 0 0.005
0.497 0.394 0 0.005
0.497 0.519 0 0.005
0.498 0.093 0 0.005
0.498 0.332 0 0.005
0.498 0.637 0 0.005
0.499 0.412 0 0.005
0.5 0.142 0 0.005
0.5 0.805 0 0.005
0.501 0.128 0 0.005
0.501 0.2 0 0.005
0.501 0.291 0 0.005
0.501 0.863 0 0.005
0.502 0.675 0 0.005
0.502 0.72 0 0.005
0.5075 0.8865 0 0.005
0.507 0.3205 0 0.005
0.504 0.575 0 0.005
0.504 0.875 0 0.005
0.505 0.231 0 0.005
0.505 0.837 0 0.005
0.506 0.07 0 0.005
0.506 0.381 0 0.005
0.506 0.604 0 0.005
0.506 0.742 0 0.005
0.507 0.041 0 0.005
0.507 0.546 0 0.005
0.507 0.619 0 0.005
0.508 0.279 0 0.005
0.509 0.016 0 0.005
0.509 0.265 0 0.005
0.509 0.764 0 0.005
0.509 0.98 0 0.005
0.51 0.151 0 0.005
0.51 0.459 0 0.005
0.511 0.058 0 0.005
0.511 0.491 0 0.005
0.511 0.941 0 0.005
0.512 0.303 0 0.005
0.516 0.6415 0 0.005
0.514 0.41 0 0.005
0.514 0.592 0 0.005
0.515 0.174 0 0.005
0.516 0.348 0 0.005
0.516 0.716 0 0.005
0.517 0.127 0 0.005
0.517 0.904 0 0.005
0.518 0.255 0 0.005
0.519 0.443 0 0.005
0.5245 0.6635 0 0.005
0.519 0.852 0 0.005
0.52 0.922 0 0.005
0.521 0.765 0 0.005
0.523 0.871 0 0.005
0.524 0.334 0 0.005
0.524 0.488 0 0.005
0.525 0.023 0 0.005
0.525 0.232 0 0.005
0.525 0.545 0 0.005
0.526 0.052 0 0.005
0.526 0.286 0 0.005
0.526 0.629 0 0.005
0.526 0.683 0 0.005
0.526 0.806 0 0.005
0.526 0.996225352112676 0 0.005
0.527 0.839 0 0.005
0.528 0.557 0 0.005
0.528 0.942 0 0.005
0.529 0.142 0 0.005
0.529 0.46 0 0.005
0.532 0.511 0 0.005
0.533 0.093 0 0.005
0.533 0.421 0 0.005
0.533 0.703 0 0.005
0.534 0.85 0 0.005
0.535 0.324 0 0.005
0.536 0.034 0 0.005
0.536 0.897 0 0.005
0.537 0.61 0 0.005
0.538 0.204 0 0.005
0.538 0.222 0 0.005
0.538 0.917 0 0.005
0.539 0.128 0 0.005
0.539 0.258 0 0.005
0.539 0.336 0 0.005
0.539 0.358 0 0.005
0.539 0.63 0 0.005
0.539 0.769 0 0.005
0.54 0.49 0 0.005
0.54 0.784 0 0.005
0.541 0.44 0 0.005
0.541 0.839 0 0.005
0.542 0.072 0 0.005
0.542 0.546 0 0.005
0.542 0.583 0 0.005
0.542 0.753 0 0.005
0.543 0.177 0 0.005
0.543 0.559 0 0.005
0.545 0.115 0 0.005
0.545 0.518 0 0.005
0.545 0.957 0 0.005
0.547 0.461 0 0.005
0.548 0.375 0 0.005
0.548 0.67 0 0.005
0.549 0.009 0 0.005
0.549 0.051 0 0.005
0.5515 0.8095 0 0.005
0.55 0.228 0 0.005
0.551 0.037 0 0.005
0.551 0.647 0 0.005
0.552 0.243 0 0.005
0.552 0.39 0 0.005
0.552 0.429 0 0.005
0.553 0.41 0 0.005
0.553 0.99 0 0.005
0.554 0.105 0 0.005
0.554 0.602 0 0.005
0.554 0.851 0 0.005
0.555 0.077 0 0.005
0.555 0.145 0 0.005
0.555 0.56 0 0.005
0.555 0.871 0 0.005
0.557 0.322 0 0.005
0.558 0.26 0 0.005
0.559 0.637 0 0.005
0.559 0.712 0 0.005
0.56 0.576 0 0.005
0.564 0.4605 0 0.005
0.561 0.685 0 0.005
0.562 0.161 0 0.005
0.562 0.789 0 0.005
0.562 0.91 0 0.005
0.563 0.342 0 0.005
0.563 0.356 0 0.005
0.564 0.18 0 0.005
0.564 0.963 0 0.005
0.565 0.204 0 0.005
0.565 0.272 0 0.005
0.565 0.776 0 0.005
0.566 0.932 0 0.005
0.566 0.977 0 0.005
0.567 0.075 0 0.005
0.567 0.756 0 0.005
0.567 0.839 0 0.005
0.568 0.408 0 0.005
0.569 0.422 0 0.005
0.569 0.549 0 0.005
0.569 0.721 0 0.005
0.57 0.483 0 0.005
0.572 0.734 0 0.005
0.573 0.289 0 0.005
0.573 0.571 0 0.005
0.573 0.668 0 0.005
0.574 0.049 0 0.005
0.574 0.089 0 0.005
0.574 0.106 0 0.005
0.574 0.134 0 0.005
0.574 0.313 0 0.005
0.574 0.857 0 0.005
0.575 0.626 0 0.005
0.576 0.018 0 0.005
0.576 0.645 0 0.005
0.576 0.703 0 0.005
0.576 0.961 0 0.005
0.577 0.034 0 0.005
0.577 0.226 0 0.005
0.577 0.814 0 0.005
0.577 0.946 0 0.005
0.578 0.168 0 0.005
0.578 0.976 0 0.005
0.579 0.374 0 0.005
0.58 0.182 0 0.005
0.58 0.757 0 0.005
0.58 0.829 0 0.005
0.581 0.341 0 0.005
0.581 0.353 0 0.005
0.581 0.499 0 0.005
0.582 0.207 0 0.005
0.583 0.304 0 0.005
0.583 0.478 0 0.005
0.583 0.872 0 0.005
0.583 0.892 0 0.005
0.584 0.408 0 0.005
0.584 0.424 0 0.005
0.584 0.66 0 0.005
0.585 0.327 0 0.005
0.585 0.574 0 0.005
0.586 0.609 0 0.005
0.586 0.719 0 0.005
0.587 0.391 0 0.005
0.587 0.692 0 0.005
0.588 0.153 0 0.005
0.588 0.261 0 0.005
0.588 0.594 0 0.005
0.588 0.859 0 0.005
0.589 0.225 0 0.005
0.589 0.673 0 0.005
0.589 0.748 0 0.005
0.59 0.545 0 0.005
0.591 0.04 0 0.005
0.591 0.954 0 0.005
0.591 0.996225352112676 0 0.005
0.592 0.064 0 0.005
0.593 0.29 0 0.005
0.594 0.371 0 0.005
0.595 0.44 0 0.005
0.595 0.527 0 0.005
0.596 0.01 0 0.005
0.596 0.565 0 0.005
0.596 0.931 0 0.005
0.597 0.346 0 0.005
0.597 0.731 0 0.005
0.598 0.051 0 0.005
0.6025 0.241 0 0.005
0.6 0.272 0 0.005
0.601 0.075 0 0.005
0.601 0.258 0 0.005
0.601 0.321 0 0.005
0.601 0.657 0 0.005
0.602 0.813 0 0.005
0.602 0.943 0 0.005
0.603 0.677 0 0.005
0.608 0.7215 0 0.005
0.604 0.973 0 0.005
0.605 0.705 0 0.005
0.605 0.876 0 0.005
0.605 0.996225352112676 0 0.005
0.606 0.202 0 0.005
0.606 0.855 0 0.005
0.607 0.378 0 0.005
0.607 0.457 0 0.005
0.608 0.115 0 0.005
0.608 0.607 0 0.005
0.609 0.63 0 0.005
0.609 0.692 0 0.005
0.61 0.155 0 0.005
0.611 0.666 0 0.005
0.611 0.785 0 0.005
0.611 0.955 0 0.005
0.613 0.328 0 0.005
0.613 0.361 0 0.005
0.613 0.418 0 0.005
0.613 0.749 0 0.005
0.613 0.829 0 0.005
0.613 0.926 0 0.005
0.6233333333333334 0.7636666666666666 0 0.005
0.614 0.81 0 0.005
0.615 0.651 0 0.005
0.616 0.054 0 0.005
0.616 0.301 0 0.005
0.617 0.019 0 0.005
0.617 0.224 0 0.005
0.617 0.34 0 0.005
0.618 0.172 0 0.005
0.618 0.209 0 0.005
0.618 0.498 0 0.005
0.619 0.195 0 0.005
0.619 0.471 0 0.005
0.6255 0.8575 0 0.005
0.621 0.533 0 0.005
0.621 0.602 0 0.005
0.621 0.707 0 0.005
0.622 0.457 0 0.005
0.622 0.885 0 0.005
0.623 0.153 0 0.005
0.623 0.586 0 0.005
0.625 0.082 0 0.005
0.625 0.12 0 0.005
0.625 0.389 0 0.005
0.625 0.436 0 0.005
0.625 0.569 0 0.005
0.626 0.548 0 0.005
0.627 0.323 0 0.005
0.627 0.659 0 0.005
0.628 0.488 0 0.005
0.628 0.807 0 0.005
0.629 0.688 0 0.005
0.63 0.401 0 0.005
0.63 0.73 0 0.005
0.634 0.9885 0 0.005
0.631 0.419 0 0.005
0.632 0.258 0 0.005
0.632 0.302 0 0.005
0.632 0.503 0 0.005
0.633 0.202 0 0.005
0.633 0.919 0 0.005
0.634 0.231 0 0.005
0.634 0.63 0 0.005
0.634 0.704 0 0.005
0.635 0.051 0 0.005
0.636 0.286 0 0.005
0.6395 0.6085 0 0.005
0.637 0.675 0 0.005
0.637 0.872 0 0.005
0.638 0.37 0 0.005
0.638 0.963 0 0.005
0.639 0.0027746478873239434 0 0.005
0.639 0.179 0 0.005
0.639 0.326 0 0.005
0.6445 0.5765 0 0.005
0.639 0.662 0 0.005
0.64 0.031 0 0.005
0.64 0.163 0 0.005
0.64 0.351 0 0.005
0.64 0.552 0 0.005
0.642 0.721 0 0.005
0.642 0.94 0 0.005
0.643 0.076 0 0.005
0.644 0.694 0 0.005
0.648 0.8253333333333334 0 0.005
0.645 0.276 0 0.005
0.645 0.751 0 0.005
0.646 0.114 0 0.005
0.646 0.15 0 0.005
0.647 0.421 0 0.005
0.647 0.438 0 0.005
0.648 0.38 0 0.005
0.648 0.401 0 0.005
0.651 0.064 0 0.005
0.651 0.187 0 0.005
0.651 0.33 0 0.005
0.651 0.516 0 0.005
0.651 0.633 0 0.005
0.653 0.161 0 0.005
0.653 0.175 0 0.005
0.653 0.917 0 0.005
0.654 0.686 0 0.005
0.654 0.851 0 0.005
0.654 0.992 0 0.005
0.655 0.312 0 0.005
0.656 0.221 0 0.005
0.656 0.669 0 0.005
0.657 0.603 0 0.005
0.658 0.786 0 0.005
0.659 0.393 0 0.005
0.659 0.474 0 0.005
0.66 0.206 0 0.005
0.66 0.498 0 0.005
0.661 0.104 0 0.005
0.6636666666666666 0.763 0 0.005
0.662 0.529 0 0.005
0.663 0.09 0 0.005
0.663 0.138 0 0.005
0.663 0.422 0 0.005
0.663 0.836 0 0.005
0.665 0.065 0 0.005
0.665 0.291 0 0.005
0.665 0.983 0 0.005
0.666 0.121 0 0.005
0.666 0.953 0 0.005
0.667 0.804 0 0.005
0.668 0.039 0 0.005
0.668 0.349 0 0.005
0.668 0.562 0 0.005
0.668 0.639 0 0.005
0.668 0.687 0 0.005
0.669 0.232 0 0.005
0.67 0.436 0 0.005
0.67 0.626 0 0.005
0.672 0.022 0 0.005
0.672 0.155 0 0.005
0.672 0.61 0 0.005
0.672 0.85 0 0.005
0.672 0.928 0 0.005
0.673 0.332 0 0.005
0.673 0.661 0 0.005
0.675 0.174 0 0.005
0.675 0.478 0 0.005
0.675 0.733 0 0.005
0.676 0.373 0 0.005
0.676 0.392 0 0.005
0.676 0.584 0 0.005
0.678 0.096 0 0.005
0.678 0.109 0 0.005
0.678 0.7 0 0.005
0.678 0.941 0 0.005
0.68 0.29 0 0.005
0.68 0.508 0 0.005
0.6845 0.686 0 0.005
0.68 0.798 0 0.005
0.681 0.886 0 0.005
0.683 0.184 0 0.005
0.683 0.309 0 0.005
0.683 0.454 0 0.005
0.684 0.596 0 0.005
0.684 0.769 0 0.005
0.684 0.869 0 0.005
0.684 0.908 0 0.005
0.685 0.018 0 0.005
0.685 0.426 0 0.005
0.685 0.65 0 0.005
0.686 0.141 0 0.005
0.686 0.339 0 0.005
0.686 0.67 0 0.005
0.686 0.811 0 0.005
0.689 0.076 0 0.005
0.689 0.229 0 0.005
0.689 0.616 0 0.005
0.689 0.628 0 0.005
0.689 0.956 0 0.005
0.69 0.031 0 0.005
0.69 0.322 0 0.005
0.691 0.046 0 0.005
0.692 0.154 0 0.005
0.692 0.922 0 0.005
0.693 0.369 0 0.005
0.693 0.526 0 0.005
0.693 0.942 0 0.005
0.694 0.008 0 0.005
0.694 0.728 0 0.005
0.695 0.096 0 0.005
0.695 0.839 0 0.005
0.696 0.862 0 0.005
0.7025 0.3015 0 0.005
0.697 0.774 0 0.005
0.698 0.484 0 0.005
0.699 0.065 0 0.005
0.703 0.2375 0 0.005
0.699 0.875 0 0.005
0.699 0.964 0 0.005
0.7 0.337 0 0.005
0.7 0.419 0 0.005
0.7 0.436 0 0.005
0.7 0.98 0 0.005
0.701 0.024 0 0.005
0.701 0.286 0 0.005
0.702 0.201 0 0.005
0.702 0.631 0 0.005
0.704 0.646 0 0.005
0.704 0.699 0 0.005
0.704 0.822 0 0.005
0.705 0.404 0 0.005
0.705 0.683 0 0.005
0.706 0.086 0 0.005
0.707 0.91 0 0.005
0.708 0.153 0 0.005
0.708 0.166 0 0.005
0.708 0.268 0 0.005
0.7115 0.383 0 0.005
0.708 0.896 0 0.005
0.708 0.953 0 0.005
0.709 0.596 0 0.005
0.71 0.252 0 0.005
0.71 0.473 0 0.005
0.71 0.614 0 0.005
0.711 0.487 0 0.005
0.711 0.521 0 0.005
0.711 0.717 0 0.005
0.712 0.984 0 0.005
0.715 0.885 0 0.005
0.715 0.932 0 0.005
0.716 0.047 0 0.005
0.716 0.096 0 0.005
0.716 0.741 0 0.005
0.716 0.787 0 0.005
0.716 0.852 0 0.005
0.717 0.564 0 0.005
0.719 0.37 0 0.005
0.7245 0.4325 0 0.005
0.719 0.836 0 0.005
0.721 0.282 0 0.005
0.721 0.624 0 0.005
0.721 0.684 0 0.005
0.722 0.199 0 0.005
0.722 0.767 0 0.005
0.722 0.816 0 0.005
0.722 0.992 0 0.005
0.7275 0.335 0 0.005
0.723 0.961 0 0.005
0.724 0.976 0 0.005
0.725 0.034 0 0.005
0.725 0.124 0 0.005
0.725 0.261 0 0.005
0.727 0.413 0 0.005
0.727 0.487 0 0.005
0.727 0.6 0 0.005
0.727 0.659 0 0.005
0.727 0.905 0 0.005
0.728 0.468 0 0.005
0.728 0.546 0 0.005
0.729 0.244 0 0.005
0.729 0.558 0 0.005
0.73 0.675 0 0.005
0.73 0.725 0 0.005
0.73 0.853 0 0.005
0.735 0.9215 0 0.005
0.732 0.691 0 0.005
0.733 0.141 0 0.005
0.733 0.389 0 0.005
0.734 0.447 0 0.005
0.734 0.586 0 0.005
0.735 0.079 0 0.005
0.735 0.754 0 0.005
0.736 0.202 0 0.005
0.736 0.773 0 0.005
0.737 0.224 0 0.005
0.738 0.89 0 0.005
0.739 0.067 0 0.005
0.739 0.31 0 0.005
0.739 0.414 0 0.005
0.739 0.662 0 0.005
0.739 0.963 0 0.005
0.741 0.938 0 0.005
0.742 0.544 0 0.005
0.742 0.71 0 0.005
0.7445 0.8005 0 0.005
0.743 0.298 0 0.005
0.743 0.567 0 0.005
0.743 0.743 0 0.005
0.743 0.989 0 0.005
0.745 0.375 0 0.005
0.747 0.401 0 0.005
0.748 0.261 0 0.005
0.749 0.621 0 0.005
0.75 0.475 0 0.005
0.753 0.7295 0 0.005
0.75 0.952 0 0.005
0.752 0.531 0 0.005
0.753 0.329 0 0.005
0.753 0.582 0 0.005
0.754 0.249 0 0.005
0.754 0.352 0 0.005
0.754 0.686 0 0.005
0.754 0.809 0 0.005
0.755 0.914 0 0.005
0.756 0.159 0 0.005
0.756 0.225 0 0.005
0.756 0.762 0 0.005
0.756 0.926 0 0.005
0.757 0.711 0 0.005
0.758 0.829 0 0.005
0.7615 0.0755 0 0.005
0.759 0.465 0 0.005
0.762 0.8845 0 0.005
0.76 0.209 0 0.005
0.76 0.42 0 0.005
0.7629004739336493 0.9891516587677724 0 0.005
0.763 0.261 0 0.005
0.763 0.943 0 0.005
0.764 0.145 0 0.005
0.765 0.115 0 0.005
0.765 0.366 0 0.005
0.765 0.394 0 0.005
0.766 0.052 0 0.005
0.766 0.237 0 0.005
0.766 0.585 0 0.005
0.766 0.787 0 0.005
0.767 0.479 0 0.005
0.768 0.454 0 0.005
0.769 0.196 0 0.005
0.769 0.281 0 0.005
0.769 0.96 0 0.005
0.771 0.835 0 0.005
0.773 0.033 0 0.005
0.774 0.294 0 0.005
0.774 0.869 0 0.005
0.775 0.09 0 0.005
0.775 0.622 0 0.005
0.776 0.073 0 0.005
0.776 0.256 0 0.005
0.776 0.503 0 0.005
0.778 0.186 0 0.005
0.778 0.403 0 0.005
0.778 0.469 0 0.005
0.778 0.822 0 0.005
0.779 0.44 0 0.005
0.78 0.135 0 0.005
0.78 0.156 0 0.005
0.78 0.649 0 0.005
0.78 0.684 0 0.005
0.78 0.74 0 0.005
0.78 0.847 0 0.005
0.782 0.781 0 0.005
0.782 0.9957317073170732 0 0.005
0.783 0.062 0 0.005
0.784 0.897 0 0.005
0.785 0.026 0 0.005
0.786 0.21 0 0.005
0.786 0.312 0 0.005
0.787 0.559 0 0.005
0.787 0.97 0 0.005
0.788 0.223 0 0.005
0.788 0.45 0 0.005
0.788 0.947 0 0.005
0.789 0.616 0 0.005
0.789 0.724 0 0.005
0.79 0.804 0 0.005
0.791 0.105 0 0.005
0.791 0.193 0 0.005
0.791 0.27 0 0.005
0.791 0.479 0 0.005
0.792 0.5 0 0.005
0.792 0.822 0 0.005
0.793 0.092 0 0.005
0.793 0.131 0 0.005
0.793 0.174 0 0.005
0.793 0.414 0 0.005
0.793 0.687 0 0.005
0.794 0.332 0 0.005
0.794 0.387 0 0.005
0.795 0.007 0 0.005
0.795 0.254 0 0.005
0.795 0.839 0 0.005
0.798 0.29 0 0.005
0.798 0.311 0 0.005
0.799 0.156 0 0.005
0.799 0.758 0 0.005
0.8 0.527 0 0.005
0.8 0.92 0 0.005
0.801 0.43 0 0.005
0.804 0.234 0 0.005
0.804 0.348 0 0.005
0.805 0.105 0 0.005
0.805 0.847 0 0.005
0.805 0.98 0 0.005
0.806 0.407 0 0.005
0.808 0.249 0 0.005
0.808 0.942 0 0.005
0.809 0.275 0 0.005
0.809 0.676 0 0.005
0.809 0.729 0 0.005
0.809 0.77 0 0.005
0.809 0.966 0 0.005
0.81 0.059 0 0.005
0.81 0.462 0 0.005
0.81 0.535 0 0.005
0.81 0.623 0 0.005
0.81 0.811 0 0.005
0.812 0.378 0 0.005
0.813 0.013 0 0.005
0.813 0.32 0 0.005
0.813 0.715 0 0.005
0.814 0.577 0 0.005
0.814 0.792 0 0.005
0.814 0.901 0 0.005
0.816 0.178 0 0.005
0.816 0.203 0 0.005
0.817 0.04 0 0.005
0.82 0.1505 0 0.005
0.817 0.336 0 0.005
0.818 0.116 0 0.005
0.819 0.564 0 0.005
0.819 0.853 0 0.005
0.82 0.091 0 0.005
0.82 0.543 0 0.005
0.821 0.253 0 0.005
0.821 0.777 0 0.005
0.822 0.223 0 0.005
0.822 0.73 0 0.005
0.822 0.922 0 0.005
0.823 0.644 0 0.005
0.823 0.763 0 0.005
0.826 0.977 0 0.005
0.827 0.125 0 0.005
0.828 0.033 0 0.005
0.828 0.289 0 0.005
0.828 0.586 0 0.005
0.828 0.807 0 0.005
0.829 0.003268292682926829 0 0.005
0.829 0.528 0 0.005
0.8345 0.7905 0 0.005
0.829 0.863 0 0.005
0.83 0.463 0 0.005
0.8345 0.483 0 0.005
0.83 0.509 0 0.005
0.831 0.272 0 0.005
0.832 0.316 0 0.005
0.833 0.415 0 0.005
0.834 0.226 0 0.005
0.834 0.95 0 0.005
0.835 0.9952365591397849 0 0.005
0.836 0.561 0 0.005
0.836 0.622 0 0.005
0.836 0.649 0 0.005
0.836 0.722 0 0.005
0.836 0.876 0 0.005
0.837 0.171 0 0.005
0.837 0.209 0 0.005
0.837 0.549 0 0.005
0.837 0.668 0 0.005
0.838 0.013 0 0.005
0.838 0.938 0 0.005
0.839 0.123 0 0.005
0.839 0.392 0 0.005
0.839 0.776 0 0.005
0.841 0.691 0 0.005
0.841 0.892 0 0.005
0.842 0.147 0 0.005
0.843 0.093 0 0.005
0.843 0.611 0 0.005
0.844 0.052 0 0.005
0.844 0.578 0 0.005
0.844 0.707 0 0.005
0.845 0.188 0 0.005
0.845 0.42 0 0.005
0.846 0.288 0 0.005
0.846 0.326 0 0.005
0.846 0.916 0 0.005
0.846 0.967 0 0.005
0.847 0.107 0 0.005
0.848 0.463 0 0.005
0.85 0.025 0 0.005
0.854 0.0725 0 0.005
0.85 0.229 0 0.005
0.851 0.35 0 0.005
0.8565 0.528 0 0.005
0.852 0.932 0 0.005
0.853 0.751 0 0.005
0.855 0.907 0 0.005
0.856 0.311 0 0.005
0.856 0.593 0 0.005
0.856 0.985 0 0.005
0.857 0.508 0 0.005
0.859 0.167 0 0.005
0.8635 0.634 0 0.005
0.86 0.363 0 0.005
0.86 0.868 0 0.005
0.861 0.34 0 0.005
0.861 0.382 0 0.005
0.862 0.097 0 0.005
0.862 0.206 0 0.005
0.862 0.812 0 0.005
0.863 0.265 0 0.005
0.863 0.396 0 0.005
0.863 0.469 0 0.005
0.863 0.618 0 0.005
0.863 0.773 0 0.005
0.863 0.797 0 0.005
0.863 0.824 0 0.005
0.864 0.125 0 0.005
0.864 0.688 0 0.005
0.864 0.727 0 0.005
0.864 0.897 0 0.005
0.865 0.012 0 0.005
0.865 0.025 0 0.005
0.865 0.96 0 0.005
0.866 0.184 0 0.005
0.866 0.739 0 0.005
0.867 0.048 0 0.005
0.867 0.978 0 0.005
0.869 0.933 0 0.005
0.87 0.227 0 0.005
0.871 0.142 0 0.005
0.871 0.245 0 0.005
0.871 0.672 0 0.005
0.872 0.459 0 0.005
0.874 0.159 0 0.005
0.874 0.293 0 0.005
0.874 0.494 0 0.005
0.875 0.615 0 0.005
0.876 0.269 0 0.005
0.876 0.555 0 0.005
0.876 0.833 0 0.005
0.877 0.358 0 0.005
0.877 0.542 0 0.005
0.877 0.866 0 0.005
0.877 0.967 0 0.005
0.878 0.041 0 0.005
0.878 0.438 0 0.005
0.879 0.172 0 0.005
0.879 0.189 0 0.005
0.879 0.319 0 0.005
0.879 0.952 0 0.005
0.88 0.091 0 0.005
0.881 0.576 0 0.005
0.881 0.69 0 0.005
0.882 0.13 0 0.005
0.883 0.673 0 0.005
0.884 0.652 0 0.005
0.885 0.564 0 0.005
0.886 0.342 0 0.005
0.886 0.396 0 0.005
0.886 0.497 0 0.005
0.887 0.422 0 0.005
0.887 0.934 0 0.005
0.888 0.117 0 0.005
0.888 0.268 0 0.005
0.888 0.472 0 0.005
0.889 0.209 0 0.005
0.891 0.165 0 0.005
0.891 0.315 0 0.005
0.891 0.631 0 0.005
0.891 0.872 0 0.005
0.8935 0.8945 0 0.005
0.892 0.003268292682926829 0 0.005
0.892 0.084 0 0.005
0.892 0.247 0 0.005
0.892 0.73 0 0.005
0.892 0.98 0 0.005
0.894 0.015 0 0.005
0.894 0.54 0 0.005
0.895 0.452 0 0.005
0.895 0.917 0 0.005
0.896 0.055 0 0.005
0.896 0.133 0 0.005
0.896 0.357 0 0.005
0.897 0.593 0 0.005
0.898 0.147 0 0.005
0.898 0.668 0 0.005
0.899 0.506 0 0.005
0.899 0.552 0 0.005
0.9 0.403 0 0.005
0.901 0.298 0 0.005
0.901 0.769 0 0.005
0.902 0.186 0 0.005
0.902 0.937 0 0.005
0.903 0.044 0 0.005
0.904 0.717 0 0.005
0.904 0.834 0 0.005
0.91 0.8045 0 0.005
0.905 0.959 0 0.005
0.906 0.46 0 0.005
0.906 0.633 0 0.005
0.906 0.741 0 0.005
0.907 0.264 0 0.005
0.907 0.989 0 0.005
0.908 0.076 0 0.005
0.908 0.202 0 0.005
0.908 0.379 0 0.005
0.908 0.754 0 0.005
0.909 0.013 0 0.005
0.909 0.235 0 0.005
0.909 0.287 0 0.005
0.909 0.34 0 0.005
0.909 0.423 0 0.005
0.909 0.534 0 0.005
0.909 0.659 0 0.005
0.909 0.786 0 0.005
0.911 0.106 0 0.005
0.911 0.393 0 0.005
0.911 0.472 0 0.005
0.911 0.684 0 0.005
0.912 0.089 0 0.005
0.912 0.706 0 0.005
0.913 0.846 0 0.005
0.914 0.31 0 0.005
0.9205 0.957 0 0.005
0.918 0.557 0 0.005
0.918 0.734 0 0.005
0.919 0.359 0 0.005
0.92 0.151 0 0.005
0.92 0.262 0 0.005
0.92 0.581 0 0.005
0.92 0.826 0 0.005
0.922 0.225 0 0.005
0.922 0.79 0 0.005
0.923 0.071 0 0.005
0.923 0.379 0 0.005
0.924 0.129 0 0.005
0.9295 0.664 0 0.005
0.925 0.319 0 0.005
0.925 0.533 0 0.005
0.926 0.206 0 0.005
0.926 0.338 0 0.005
0.926 0.908 0 0.005
0.928 0.012 0 0.005
0.928 0.086 0 0.005
0.928 0.937 0 0.005
0.929 0.298 0 0.005
0.929 0.404 0 0.005
0.929 0.496 0 0.005
0.929 0.637 0 0.005
0.929 0.985 0 0.005
0.93 0.187 0 0.005
0.93 0.811 0 0.005
0.93 0.886 0 0.005
0.931 0.392 0 0.005
0.931 0.693 0 0.005
0.931 0.864 0 0.005
0.932 0.433 0 0.005
0.933 0.048 0 0.005
0.933 0.274 0 0.005
0.933 0.587 0 0.005
0.935 0.449 0 0.005
0.936 0.467 0 0.005
0.936 0.652 0 0.005
0.937 0.62 0 0.005
0.938 0.317 0 0.005
0.938 0.976 0 0.005
0.939 0.681 0 0.005
0.939 0.777 0 0.005
0.94 0.066 0 0.005
0.94 0.734 0 0.005
0.941 0.712 0 0.005
0.942 0.221 0 0.005
0.942 0.355 0 0.005
0.942 0.792 0 0.005
0.942 0.871 0 0.005
0.942 0.931 0 0.005
0.943 0.034 0 0.005
0.946 0.8505 0 0.005
0.943 0.9957317073170732 0 0.005
0.945 0.178 0 0.005
0.945 0.49 0 0.005
0.946 0.122 0 0.005
0.947 0.103 0 0.005
0.947 0.374 0 0.005
0.947 0.556 0 0.005
0.947 0.817 0 0.005
0.948 0.534 0 0.005
0.949 0.262 0 0.005
0.95 0.607 0 0.005
0.95 0.653 0 0.005
0.951 0.136 0 0.005
0.951 0.769 0 0.005
0.952 0.162 0 0.005
0.954 0.204 0 0.005
0.954 0.329 0 0.005
0.954 0.703 0 0.005
0.954 0.968 0 0.005
0.955 0.075 0 0.005
0.955 0.317 0 0.005
0.955 0.844 0 0.005
0.955 0.935 0 0.005
0.957 0.634 0 0.005
0.958 0.498 0 0.005
0.959 0.272 0 0.005
0.959 0.381 0 0.005
0.959 0.525 0 0.005
0.959 0.812 0 0.005
0.96 0.022 0 0.005
0.96 0.916 0 0.005
0.961 0.442 0 0.005
0.9665 0.589 0 0.005
0.961 0.788 0 0.005
0.962 0.245 0 0.005
0.962 0.47 0 0.005
0.962 0.562 0 0.005
0.962 0.658 0 0.005
0.962 0.983 0 0.005
0.963 0.19 0 0.005
0.963 0.354 0 0.005
0.963 0.401 0 0.005
0.963 0.68 0 0.005
0.964 0.156 0 0.005
0.964 0.736 0 0.005
0.965 0.611 0 0.005
0.966 0.204 0 0.005
0.966 0.413 0 0.005
0.967 0.841 0 0.005
0.967 0.88 0 0.005
0.968 0.216 0 0.005
0.968 0.325 0 0.005
0.968 0.536 0 0.005
0.968 0.714 0 0.005
0.968 0.75 0 0.005
0.969 0.106 0 0.005
0.97 0.894 0 0.005
0.971 0.133 0 0.005
0.972 0.262 0 0.005
0.978 0.481 0 0.005
0.972 0.633 0 0.005
0.973 0.078 0 0.005
0.973 0.726 0 0.005
0.974 0.039 0 0.005
0.974 0.561 0 0.005
0.975 0.248 0 0.005
0.976 0.738 0 0.005
0.977 0.054 0 0.005
0.977 0.187 0 0.005
0.977 0.791 0 0.005
0.977 0.858 0 0.005
0.978 0.403 0 0.005
0.9825 0.436 0 0.005
0.978 0.51 0 0.005
0.979 0.00434313725490196 0 0.005
0.979 0.291 0 0.005
0.979 0.662 0 0.005
0.98 0.687 0 0.005
0.98 0.81 0 0.005
0.98 0.874 0 0.005
0.98 0.944 0 0.005
0.98 0.986 0 0.005
0.981 0.231 0 0.005
0.981 0.367 0 0.005
0.983 0.379 0 0.005
0.983 0.749 0 0.005
0.983 0.824 0 0.005
0.983 0.903 0 0.005
0.987 0.078 0 0.005
0.987 0.255 0 0.005
0.9905 0.273 0 0.005
0.987 0.6 0 0.005
0.987 0.917 0 0.005
0.988 0.342 0 0.005
0.988 0.549 0 0.005
0.989 0.122 0 0.005
0.99 0.024 0 0.005
0.99 0.428 0 0.005
0.991 0.15 0 0.005
0.992 0.055 0 0.005
0.992 0.203 0 0.005
0.992 0.483 0 0.005
0.992 0.768 0 0.005
0.993 0.19 0 0.005
0.993 0.676 0 0.005
0.993 0.732 0 0.005
0.993 0.936 0 0.005
0.993 0.965 0 0.005
0.993 0.994656862745098 0 0.005
0.994 0.329 0 0.005
0.994 0.366 0 0.005
0.994 0.524 0 0.005
0.994 0.795 0 0.005
0.994656862745098 0.007 0 0.005
0.994656862745098 0.623 0 0.005
0.994656862745098 0.901 0 0.005
0.9952365591397849 0.5 0 0.005
0.9952365591397849 0.565 0 0.005
0.9957317073170732 0.068 0 0.005
0.9957317073170732 0.138 0 0.005
0.996225352112676 0.248 0 0.005
0.996225352112676 0.418 0 0.005
0.996225352112676 0.641 0 0.005
0.9967166666666667 0.402 0 0.005
