0.0027948717948717947 0.0023333333333333335 0 0.005
0.003763440860215054 0.051 0 0.005
0.0022833333333333334 0.084 0 0.005
0.003763440860215054 0.098 0 0.005
0.00836111111111111 0.13202777777777777 0 0.005
0.0022833333333333334 0.191 0 0.005
0.0022833333333333334 0.209 0 0.005
0.0027746478873239434 0.247 0 0.005
0.003268292682926829 0.265 0 0.005
0.0022833333333333334 0.288 0 0.005
0.003268292682926829 0.331 0 0.005
0.00434313725490196 0.344 0 0.005
0.005 0.381 0 0.005
0.00434313725490196 0.43 0 0.005
0.00434313725490196 0.444 0 0.005
0.0027746478873239434 0.477 0 0.005
0.0105 0.4865 0 0.005
0.008815165876777251 0.503867298578199 0 0.005
0.0027746478873239434 0.523 0 0.005
0.005 0.54 0 0.005
0.005 0.654 0 0.005
0.005 0.713 0 0.005
0.003268292682926829 0.746 0 0.005
0.0022833333333333334 0.782 0 0.005
0.003268292682926829 0.814 0 0.005
0.003268292682926829 0.833 0 0.005
0.006589108910891089 0.8510643564356436 0 0.005
0.00434313725490196 0.873 0 0.005
0.0027746478873239434 0.888 0 0.005
0.003268292682926829 0.911 0 0.005
0.015 0.93 0 0.005
0.003763440860215054 0.952 0 0.005
0.005970414201183431 0.9708047337278107 0 0.005
0.006 0.4 0 0.005
0.006 0.598 0 0.005
0.006 0.621 0 0.005
0.007 0.113 0 0.005
0.007 0.566 0 0.005
0.007 0.581 0 0.005
0.007 0.734 0 0.005
0.009 0.153 0 0.005
0.0145 0.1785 0 0.005
0.009 0.311 0 0.005
0.009 0.366 0 0.005
0.009 0.676 0 0.005
0.009 0.798 0 0.005
0.01 0.02 0 0.005
0.0155 0.0645 0 0.005
0.014 0.6995 0 0.005
0.011 0.237 0 0.005
0.011 0.465 0 0.005
0.011 0.99 0 0.005
0.012 0.086 0 0.005
0.013 0.277 0 0.005
0.013 0.518 0 0.005
0.013 0.9 0 0.005
0.015 0.216 0 0.005
0.015 0.818 0 0.005
0.0215 0.029 0 0.005
0.016 0.045 0 0.005
0.016 0.165 0 0.005
0.016 0.295 0 0.005
0.016 0.333 0 0.005
0.017 0.197 0 0.005
0.017 0.722 0 0.005
0.017 0.835 0 0.005
0.018 0.009 0 0.005
0.018 0.101 0 0.005
0.018 0.776 0 0.005
0.022 0.8685 0 0.005
0.019 0.253 0 0.005
0.019 0.532 0 0.005
0.019 0.549 0 0.005
0.019 0.66 0 0.005
0.02 0.403 0 0.005
0.02 0.805 0 0.005
0.02 0.953 0 0.005
0.021 0.734 0 0.005
0.022 0.078 0 0.005
0.022 0.448 0 0.005
0.023 0.571 0 0.005
0.023 0.617 0 0.005
0.025 0.268 0 0.005
0.025 0.37 0 0.005
0.025 0.424 0 0.005
0.025 0.474 0 0.005
0.026 0.135 0 0.005
0.035666666666666666 0.591 0 0.005
0.026 0.601 0 0.005
0.029 0.6465 0 0.005
0.026 0.75 0 0.005
0.026 0.763 0 0.005
0.026 0.787 0 0.005
0.027 0.114 0 0.005
0.027 0.229 0 0.005
0.028 0.498 0 0.005
0.028 0.52 0 0.005
0.028 0.684 0 0.005
0.03 0.099 0 0.005
0.03 0.153 0 0.005
0.03 0.217 0 0.005
0.03 0.822 0 0.005
0.03 0.845 0 0.005
0.0465 0.15825 0 0.005
0.031 0.287 0 0.005
0.031 0.328 0 0.005
0.031 0.699 0 0.005
0.032 0.302 0 0.005
0.032 0.716 0 0.005
0.032 0.804 0 0.005
0.032 0.906 0 0.005
0.032 0.968 0 0.005
0.033 0.195 0 0.005
0.033 0.314 0 0.005
0.033 0.948 0 0.005
0.033 0.986 0 0.005
0.034 0.051 0 0.005
0.0385 0.543 0 0.005
0.034 0.886 0 0.005
0.035 0.359 0 0.005
0.03866666666666666 0.565 0 0.005
0.036 0.341 0 0.005
0.04 0.4345 0 0.005
0.039 0.4765 0 0.005
0.036 0.613 0 0.005
0.037 0.412 0 0.005
0.037 0.511 0 0.005
0.037 0.667 0 0.005
0.038 0.085 0 0.005
0.038 0.256 0 0.005
0.042424083769633504 0.008821989528795812 0 0.005
0.039 0.457 0 0.005
0.039 0.732 0 0.005
0.039 0.744 0 0.005
0.039 0.871 0 0.005
0.04 0.123 0 0.005
0.04 0.384 0 0.005
0.04 0.626 0 0.005
0.041 0.025 0 0.005
0.041 0.271 0 0.005
0.041 0.92 0 0.005
0.042 0.76 0 0.005
0.042 0.994656862745098 0 0.005
0.043 0.103 0 0.005
0.043 0.644 0 0.005
0.043 0.682 0 0.005
0.046 0.7845 0 0.005
0.043 0.859 0 0.005
0.044 0.07 0 0.005
0.045 0.189 0 0.005
0.045 0.286 0 0.005
0.045 0.702 0 0.005
0.045 0.941 0 0.005
0.049 0.2505 0 0.005
0.046 0.812 0 0.005
0.046 0.846 0 0.005
0.047 0.045 0 0.005
0.047 0.719 0 0.005
0.047 0.953 0 0.005
0.052 0.1325 0 0.005
0.048 0.401 0 0.005
0.048 0.83 0 0.005
0.051 0.8895 0 0.005
0.059 0.963 0 0.005
0.049 0.484 0 0.005
0.049 0.91 0 0.005
0.05 0.204 0 0.005
0.05 0.232 0 0.005
0.05 0.444 0 0.005
0.051 0.33 0 0.005
0.051 0.345 0 0.005
0.051 0.415 0 0.005
0.051 0.582 0 0.005
0.051 0.613 0 0.005
0.052 0.174 0 0.005
0.052 0.37 0 0.005
0.052 0.523 0 0.005
0.053 0.302 0 0.005
0.053 0.654 0 0.005
0.053 0.744 0 0.005
0.053 0.979 0 0.005
0.054 0.003763440860215054 0 0.005
0.054 0.358 0 0.005
0.055 0.083 0 0.005
0.055 0.775 0 0.005
0.055 0.867 0 0.005
0.056 0.732 0 0.005
0.057 0.07 0 0.005
0.057 0.116 0 0.005
0.057 0.315 0 0.005
0.057 0.854 0 0.005
0.059 0.692 0 0.005
0.06 0.029 0 0.005
0.06 0.278 0 0.005
0.06 0.599 0 0.005
0.06 0.899 0 0.005
0.061 0.39 0 0.005
0.061 0.403 0 0.005
0.061 0.508 0 0.005
0.0665 0.792 0 0.005
0.061 0.996225352112676 0 0.005
0.062 0.191 0 0.005
0.062 0.213 0 0.005
0.0665 0.552 0 0.005
0.0665 0.676 0 0.005
0.062 0.813 0 0.005
0.062 0.829 0 0.005
0.063 0.055 0 0.005
0.063 0.094 0 0.005
0.063 0.266 0 0.005
0.063 0.581 0 0.005
0.063 0.634 0 0.005
0.063 0.757 0 0.005
0.0685 0.838 0 0.005
0.063 0.933 0 0.005
0.07 0.2865 0 0.005
0.065 0.478 0 0.005
0.065 0.535 0 0.005
0.065 0.621 0 0.005
0.065 0.946 0 0.005
0.066 0.231 0 0.005
0.066 0.341 0 0.005
0.067 0.137 0 0.005
0.067 0.52 0 0.005
0.068 0.459 0 0.005
0.068 0.702 0 0.005
0.068 0.742 0 0.005
0.068 0.773 0 0.005
0.068 0.888 0 0.005
0.068 0.987 0 0.005
0.069 0.081 0 0.005
0.069 0.309 0 0.005
0.069 0.329 0 0.005
0.069 0.418 0 0.005
0.07 0.069 0 0.005
0.07 0.355 0 0.005
0.0725 0.8695 0 0.005
0.07 0.919 0 0.005
0.071 0.167 0 0.005
0.071 0.243 0 0.005
0.075 0.0175 0 0.005
0.072 0.181 0 0.005
0.0785 0.113 0 0.005
0.07966666666666668 0.39066666666666666 0 0.005
0.073 0.442 0 0.005
0.073 0.849 0 0.005
0.074 0.126 0 0.005
0.074 0.658 0 0.005
0.074 0.725 0 0.005
0.074 0.808 0 0.005
0.075 0.055 0 0.005
0.075 0.206 0 0.005
0.075 0.6 0 0.005
0.075 0.644 0 0.005
0.076 0.267 0 0.005
0.076 0.371 0 0.005
0.077 0.573 0 0.005
0.077 0.821 0 0.005
0.077 0.936 0 0.005
0.078 0.318 0 0.005
0.078 0.975 0 0.005
0.079 0.499 0 0.005
0.079 0.761 0 0.005
0.079 0.955 0 0.005
0.08 0.429 0 0.005
0.08 0.511 0 0.005
0.084 0.6265 0 0.005
0.081 0.696 0 0.005
0.082 0.091 0 0.005
0.082 0.148 0 0.005
0.082 0.252 0 0.005
0.082 0.34 0 0.005
0.082 0.417 0 0.005
0.091 0.47 0 0.005
0.082 0.589 0 0.005
0.082 0.779 0 0.005
0.083 0.076 0 0.005
0.083 0.544 0 0.005
0.083 0.61 0 0.005
0.083 0.911 0 0.005
0.084 0.178 0 0.005
0.084 0.239 0 0.005
0.084 0.894 0 0.005
0.084 0.994 0 0.005
0.085 0.038 0 0.005
0.085 0.529 0 0.005
0.09188129496402878 0.01029496402877698 0 0.005
0.0915 0.194 0 0.005
0.086 0.221 0 0.005
0.086 0.558 0 0.005
0.086 0.83 0 0.005
0.087 0.164 0 0.005
0.087 0.209 0 0.005
0.087 0.274 0 0.005
0.087 0.286 0 0.005
0.087 0.643 0 0.005
0.09333333333333332 0.717 0 0.005
0.087 0.859 0 0.005
0.088 0.327 0 0.005
0.088 0.452 0 0.005
0.092 0.6635 0 0.005
0.088 0.871 0 0.005
0.089 0.405 0 0.005
0.089 0.965 0 0.005
0.09 0.051 0 0.005
0.09 0.57 0 0.005
0.09 0.743 0 0.005
0.091 0.936 0 0.005
0.0975 0.102 0 0.005
0.0945 0.1325 0 0.005
0.096 0.4375 0 0.005
0.092 0.953 0 0.005
0.093 0.312 0 0.005
0.093 0.493 0 0.005
0.10525 0.257 0 0.005
0.094 0.807 0 0.005
0.094 0.984 0 0.005
0.095 0.296 0 0.005
0.095 0.538 0 0.005
0.096 0.76 0 0.005
0.097 0.609 0 0.005
0.097 0.684 0 0.005
0.097 0.697 0 0.005
0.097 0.9967166666666667 0 0.005
0.098 0.174 0 0.005
0.098 0.788 0 0.005
0.099 0.643 0 0.005
0.099 0.857 0 0.005
0.1 0.078 0 0.005
0.1 0.873 0 0.005
0.1 0.911 0 0.005
0.101 0.238 0 0.005
0.101 0.555 0 0.005
0.101 0.623 0 0.005
0.102 0.06 0 0.005
0.102 0.152 0 0.005
0.102 0.381 0 0.005
0.102 0.523 0 0.005
0.102 0.567 0 0.005
0.102 0.579 0 0.005
0.102 0.738 0 0.005
0.103 0.35 0 0.005
0.103 0.365 0 0.005
0.108 0.4535 0 0.005
0.103 0.945 0 0.005
0.104 0.285 0 0.005
0.104 0.305 0 0.005
0.104 0.957 0 0.005
0.105 0.224 0 0.005
0.105 0.844 0 0.005
0.105 0.889 0 0.005
0.106 0.202 0 0.005
0.106 0.337 0 0.005
0.1095 0.401 0 0.005
0.106 0.429 0 0.005
0.107 0.027 0 0.005
0.107 0.675 0 0.005
0.108 0.013 0 0.005
0.108 0.49 0 0.005
0.108 0.508 0 0.005
0.108 0.592 0 0.005
0.108 0.926 0 0.005
0.109 0.113 0 0.005
0.109 0.189 0 0.005
0.109 0.607 0 0.005
0.11 0.321 0 0.005
0.11 0.696 0 0.005
0.11 0.762 0 0.005
0.11 0.783 0 0.005
0.11 0.979 0 0.005
0.111 0.039 0 0.005
0.111 0.089 0 0.005
0.111 0.828 0 0.005
0.111 0.9967166666666667 0 0.005
0.112 0.0022833333333333334 0 0.005
0.112 0.072 0 0.005
0.112 0.169 0 0.005
0.112 0.662 0 0.005
0.1145 0.7305 0 0.005
0.113 0.544 0 0.005
0.113 0.748 0 0.005
0.114 0.379 0 0.005
0.114 0.565 0 0.005
0.115 0.528 0 0.005
0.115 0.65 0 0.005
0.115 0.806 0 0.005
0.115 0.94 0 0.005
0.116 0.126 0 0.005
0.116 0.231 0 0.005
0.116 0.361 0 0.005
0.116 0.955 0 0.005
0.117 0.478 0 0.005
0.117 0.582 0 0.005
0.117 0.635 0 0.005
0.117 0.709 0 0.005
0.118 0.152 0 0.005
0.118 0.898 0 0.005
0.119 0.334 0 0.005
0.12 0.206 0 0.005
0.12 0.621 0 0.005
0.12 0.792 0 0.005
0.12 0.849 0 0.005
0.121 0.191 0 0.005
0.121 0.291 0 0.005
0.121 0.462 0 0.005
0.121 0.882 0 0.005
0.122 0.058 0 0.005
0.1275 0.4305 0 0.005
0.122 0.607 0 0.005
0.122 0.694 0 0.005
0.122 0.929 0 0.005
0.123 0.114 0 0.005
0.123 0.303 0 0.005
0.123 0.996225352112676 0 0.005
0.124 0.669 0 0.005
0.1275 0.764 0 0.005
0.124 0.973 0 0.005
0.125 0.221 0 0.005
0.126 0.045 0 0.005
0.126 0.086 0 0.005
0.126 0.413 0 0.005
0.127 0.347 0 0.005
0.127 0.399 0 0.005
0.127 0.503 0 0.005
0.127 0.657 0 0.005
0.127 0.941 0 0.005
0.128 0.162 0 0.005
0.128 0.575 0 0.005
0.128 0.595 0 0.005
0.129 0.098 0 0.005
0.129 0.139 0 0.005
0.129 0.452 0 0.005
0.129 0.542 0 0.005
0.129 0.562 0 0.005
0.129 0.641 0 0.005
0.129 0.801 0 0.005
0.13 0.519 0 0.005
0.13 0.74 0 0.005
0.1365 0.3235 0 0.005
0.131 0.867 0 0.005
0.131 0.895 0 0.005
0.132 0.005 0 0.005
0.132 0.023 0 0.005
0.132 0.628 0 0.005
0.1365 0.688 0 0.005
0.133 0.49 0 0.005
0.133 0.705 0 0.005
0.133 0.842 0 0.005
0.134 0.189 0 0.005
0.134 0.609 0 0.005
0.134 0.828 0 0.005
0.134 0.955 0 0.005
0.135 0.074 0 0.005
0.135 0.367 0 0.005
0.135 0.9967166666666667 0 0.005
0.136 0.266 0 0.005
0.136 0.306 0 0.005
0.136 0.975 0 0.005
0.137 0.203 0 0.005
0.138 0.059 0 0.005
0.138 0.29 0 0.005
0.138 0.721 0 0.005
0.142 0.8185 0 0.005
0.139 0.347 0 0.005
0.139 0.473 0 0.005
0.139 0.529 0 0.005
0.139 0.791 0 0.005
0.139 0.884 0 0.005
0.1435 0.942 0 0.005
0.1425 0.4375 0 0.005
0.145 0.9205 0 0.005
0.141 0.175 0 0.005
0.1455 0.396 0 0.005
0.1475 0.6175 0 0.005
0.143 0.593 0 0.005
0.144 0.029 0 0.005
0.144 0.115 0 0.005
0.144 0.458 0 0.005
0.144 0.75 0 0.005
0.145 0.515 0 0.005
0.145 0.769 0 0.005
0.146 0.008 0 0.005
0.146 0.131 0 0.005
0.146 0.673 0 0.005
0.146 0.803 0 0.005
0.1495 0.1485 0 0.005
0.1525 0.489 0 0.005
0.147 0.559 0 0.005
0.147 0.905 0 0.005
0.147 0.959 0 0.005
0.148 0.046 0 0.005
0.148 0.078 0 0.005
0.148 0.233 0 0.005
0.148 0.416 0 0.005
0.15 0.649 0 0.005
0.149 0.221 0 0.005
0.149 0.315 0 0.005
0.15 0.062 0 0.005
0.15 0.199 0 0.005
0.15 0.376 0 0.005
0.15 0.704 0 0.005
0.15 0.985 0 0.005
0.151 0.099 0 0.005
0.151 0.299 0 0.005
0.151 0.842 0 0.005
0.152 0.34 0 0.005
0.152 0.735 0 0.005
0.1575 0.7845 0 0.005
0.152 0.934 0 0.005
0.153 0.246 0 0.005
0.153 0.474 0 0.005
0.153 0.531 0 0.005
0.153 0.577 0 0.005
0.153 0.856 0 0.005
0.154 0.019 0 0.005
0.154 0.9967166666666667 0 0.005
0.155 0.17 0 0.005
0.155 0.692 0 0.005
0.156 0.277 0 0.005
0.156 0.879 0 0.005
0.157 0.26 0 0.005
0.158 0.126 0 0.005
0.158 0.719 0 0.005
0.159 0.038 0 0.005
0.159 0.453 0 0.005
0.16 0.548 0 0.005
0.16 0.635 0 0.005
0.161 0.005 0 0.005
0.161 0.324 0 0.005
0.161 0.924 0 0.005
0.162 0.067 0 0.005
0.162 0.11 0 0.005
0.162 0.184 0 0.005
0.162 0.35 0 0.005
0.162 0.665 0 0.005
0.162 0.75 0 0.005
0.1645 0.8975 0 0.005
0.163 0.159 0 0.005
0.163 0.564 0 0.005
0.163 0.599 0 0.005
0.163 0.966 0 0.005
0.164 0.143 0 0.005
0.164 0.825 0 0.005
0.164 0.863 0 0.005
0.165 0.052 0 0.005
0.1705 0.2105 0 0.005
0.165 0.312 0 0.005
0.165 0.337 0 0.005
0.165 0.807 0 0.005
0.166 0.233 0 0.005
0.166 0.513 0 0.005
0.167 0.407 0 0.005
0.172 0.4785 0 0.005
0.167 0.704 0 0.005
0.167 0.982 0 0.005
0.168 0.018 0 0.005
0.168 0.373 0 0.005
0.168 0.652 0 0.005
0.168 0.848 0 0.005
0.1735 0.276 0 0.005
0.169 0.431 0 0.005
0.17 0.583 0 0.005
0.171 0.122 0 0.005
0.171 0.731 0 0.005
0.171 0.766 0 0.005
0.171 0.954 0 0.005
0.172 0.255 0 0.005
0.1785 0.1925 0 0.005
0.173 0.293 0 0.005
0.173 0.39 0 0.005
0.173 0.612 0 0.005
0.173 0.69 0 0.005
0.174 0.006 0 0.005
0.174 0.355 0 0.005
0.174 0.498 0 0.005
0.185 0.23 0 0.005
0.175 0.464 0 0.005
0.175 0.836 0 0.005
0.175 0.937 0 0.005
0.175 0.9957317073170732 0 0.005
0.176 0.166 0 0.005
0.176 0.527 0 0.005
0.176 0.551 0 0.005
0.176 0.63 0 0.005
0.1815 0.756 0 0.005
0.176 0.861 0 0.005
0.177 0.028 0 0.005
0.177 0.417 0 0.005
0.177 0.801 0 0.005
0.1815 0.877 0 0.005
0.178 0.046 0 0.005
0.178 0.336 0 0.005
0.178 0.441 0 0.005
0.178 0.565 0 0.005
0.178 0.786 0 0.005
0.179 0.093 0 0.005
0.179 0.321 0 0.005
0.179 0.513 0 0.005
0.18 0.376 0 0.005
0.18 0.658 0 0.005
0.182 0.304 0 0.005
0.187 0.5775 0 0.005
0.182 0.712 0 0.005
0.183 0.117 0 0.005
0.183 0.15 0 0.005
0.183 0.901 0 0.005
0.184 0.673 0 0.005
0.185 0.971 0 0.005
0.1915 0.0705 0 0.005
0.186 0.248 0 0.005
0.186 0.349 0 0.005
0.186 0.473 0 0.005
0.186 0.493 0 0.005
0.186 0.917 0 0.005
0.186 0.952 0 0.005
0.188 0.857 0 0.005
0.189 0.208 0 0.005
0.189 0.262 0 0.005
0.189 0.637 0 0.005
0.19 0.085 0 0.005
0.19 0.177 0 0.005
0.19 0.596 0 0.005
0.19 0.689 0 0.005
0.19 0.828 0 0.005
0.19 0.938 0 0.005
0.19 0.989 0 0.005
0.191 0.022 0 0.005
0.191 0.042 0 0.005
0.191 0.099 0 0.005
0.191 0.139 0 0.005
0.191 0.391 0 0.005
0.191 0.523 0 0.005
0.192 0.288 0 0.005
0.192 0.442 0 0.005
0.192 0.653 0 0.005
0.192 0.703 0 0.005
0.193 0.003268292682926829 0 0.005
0.193 0.547 0 0.005
0.193 0.618 0 0.005
0.1965 0.769 0 0.005
0.193 0.806 0 0.005
0.194 0.794 0 0.005
0.195 0.127 0 0.005
0.195 0.725 0 0.005
0.196 0.332 0 0.005
0.196 0.426 0 0.005
0.196 0.886 0 0.005
0.198 0.199 0 0.005
0.198 0.366 0 0.005
0.198 0.46 0 0.005
0.198 0.916 0 0.005
0.199 0.159 0 0.005
0.199 0.317 0 0.005
0.203 0.2145 0 0.005
0.2055 0.4915 0 0.005
0.2 0.514 0 0.005
0.2 0.563 0 0.005
0.202 0.985 0 0.005
0.203 0.403 0 0.005
0.203 0.582 0 0.005
0.2085 0.741 0 0.005
0.203 0.899 0 0.005
0.203 0.957 0 0.005
0.2065 0.1415 0 0.005
0.204 0.527 0 0.005
0.204 0.813 0 0.005
0.205 0.116 0 0.005
0.205 0.303 0 0.005
0.205 0.345 0 0.005
0.205 0.624 0 0.005
0.205 0.786 0 0.005
0.205 0.829 0 0.005
0.206 0.047 0 0.005
0.206 0.083 0 0.005
0.206 0.27 0 0.005
0.206 0.546 0 0.005
0.206 0.708 0 0.005
0.206 0.851 0 0.005
0.207 0.652 0 0.005
0.207 0.664 0 0.005
0.208 0.284 0 0.005
0.208 0.327 0 0.005
0.208 0.424 0 0.005
0.208 0.476 0 0.005
0.208 0.722 0 0.005
0.209 0.009 0 0.005
0.209 0.177 0 0.005
0.209 0.441 0 0.005
0.209 0.872 0 0.005
0.209 0.887 0 0.005
0.21 0.028 0 0.005
0.21 0.968 0 0.005
0.211 0.359 0 0.005
0.211 0.938 0 0.005
0.212 0.394 0 0.005
0.212 0.506 0 0.005
0.212 0.57 0 0.005
0.212 0.9957317073170732 0 0.005
0.213 0.464 0 0.005
0.213 0.754 0 0.005
0.213 0.766 0 0.005
0.214 0.128 0 0.005
0.219 0.2595 0 0.005
0.214 0.519 0 0.005
0.214 0.676 0 0.005
0.215 0.093 0 0.005
0.215 0.195 0 0.005
0.215 0.237 0 0.005
0.215 0.407 0 0.005
0.215 0.558 0 0.005
0.215 0.609 0 0.005
0.215 0.795 0 0.005
0.216 0.07 0 0.005
0.216 0.223 0 0.005
0.217 0.301 0 0.005
0.217 0.926 0 0.005
0.2235 0.3445 0 0.005
0.218 0.833 0 0.005
0.218 0.912 0 0.005
0.219 0.164 0 0.005
0.219 0.541 0 0.005
0.219 0.635 0 0.005
0.219 0.82 0 0.005
0.22 0.055 0 0.005
0.22 0.698 0 0.005
0.221 0.475 0 0.005
0.221 0.597 0 0.005
0.221 0.858 0 0.005
0.222 0.036 0 0.005
0.222 0.728 0 0.005
0.223 0.15 0 0.005
0.228 0.2795 0 0.005
0.223 0.379 0 0.005
0.223 0.456 0 0.005
0.223 0.805 0 0.005
0.223 0.88 0 0.005
0.223 0.892 0 0.005
0.224 0.511 0 0.005
0.224 0.952 0 0.005
0.225 0.021 0 0.005
0.2295 0.438 0 0.005
0.225 0.57 0 0.005
0.225 0.987 0 0.005
0.226 0.128 0 0.005
0.226 0.395 0 0.005
0.227 0.245 0 0.005
0.228 0.1 0 0.005
0.228 0.174 0 0.005
0.228 0.325 0 0.005
0.229 0.114 0 0.005
0.229 0.551 0 0.005
0.23 0.216 0 0.005
0.23 0.233 0 0.005
0.23 0.491 0 0.005
0.234 0.5335 0 0.005
0.23 0.766 0 0.005
0.23 0.849 0 0.005
0.23 0.934 0 0.005
0.23 0.975 0 0.005
0.231 0.66 0 0.005
0.231 0.869 0 0.005
0.232 0.675 0 0.005
0.233 0.467 0 0.005
0.233 0.591 0 0.005
0.233 0.608 0 0.005
0.234 0.033 0 0.005
0.234 0.311 0 0.005
0.234 0.747 0 0.005
0.2375 0.1795 0 0.005
0.235 0.299 0 0.005
0.236 0.007 0 0.005
0.236 0.059 0 0.005
0.236 0.271 0 0.005
0.236 0.362 0 0.005
0.236 0.409 0 0.005
0.236 0.648 0 0.005
0.2415 0.733 0 0.005
0.236 0.784 0 0.005
0.236 0.817 0 0.005
0.237 0.045 0 0.005
0.237 0.254 0 0.005
0.237 0.628 0 0.005
0.237 0.716 0 0.005
0.237 0.889 0 0.005
0.237 0.901 0 0.005
0.238 0.518 0 0.005
0.238 0.691 0 0.005
0.238 0.835 0 0.005
0.238 0.951 0 0.005
0.239 0.146 0 0.005
0.239 0.162 0 0.005
0.239 0.378 0 0.005
0.239 0.577 0 0.005
0.24 0.207 0 0.005
0.24 0.323 0 0.005
0.2465 0.1145 0 0.005
0.241 0.801 0 0.005
0.243 0.101 0 0.005
0.243 0.228 0 0.005
0.244 0.021 0 0.005
0.244 0.477 0 0.005
0.244 0.921 0 0.005
0.245 0.133 0 0.005
0.245 0.241 0 0.005
0.2505 0.497 0 0.005
0.245 0.854 0 0.005
0.252 0.9613333333333334 0 0.005
0.245 0.982 0 0.005
0.246 0.352 0 0.005
0.246 0.417 0 0.005
0.246 0.94 0 0.005
0.25533333333333336 0.45366666666666666 0 0.005
0.247 0.663 0 0.005
0.247 0.703 0 0.005
0.247 0.763 0 0.005
0.247 0.777 0 0.005
0.248 0.003763440860215054 0 0.005
0.248 0.443 0 0.005
0.248 0.563 0 0.005
0.248 0.638 0 0.005
0.249 0.275 0 0.005
0.249 0.301 0 0.005
0.252 0.3975 0 0.005
0.249 0.891 0 0.005
0.25 0.078 0 0.005
0.25 0.154 0 0.005
0.25 0.263 0 0.005
0.25 0.517 0 0.005
0.25 0.61 0 0.005
0.25 0.826 0 0.005
0.251 0.72 0 0.005
0.252 0.219 0 0.005
0.263 0.3273333333333333 0 0.005
0.252 0.531 0 0.005
0.252 0.587 0 0.005
0.252 0.685 0 0.005
0.252 0.79 0 0.005
0.253 0.038 0 0.005
0.253 0.17 0 0.005
0.255 0.366 0 0.005
0.255 0.804 0 0.005
0.255 0.866 0 0.005
0.256 0.013 0 0.005
0.256 0.05 0 0.005
0.2593333333333333 0.133 0 0.005
0.256 0.482 0 0.005
0.257 0.428 0 0.005
0.257 0.625 0 0.005
0.257 0.912 0 0.005
0.258 0.187 0 0.005
0.258 0.31 0 0.005
0.258 0.983 0 0.005
0.259 0.343 0 0.005
0.259 0.38 0 0.005
0.259 0.411 0 0.005
0.259 0.755 0 0.005
0.26 0.837 0 0.005
0.261 0.204 0 0.005
0.261 0.231 0 0.005
0.261 0.64 0 0.005
0.261 0.729 0 0.005
0.262 0.161 0 0.005
0.262 0.565 0 0.005
0.262 0.851 0 0.005
0.263 0.068 0 0.005
0.2675 0.086 0 0.005
0.263 0.578 0 0.005
0.263 0.888 0 0.005
0.264 0.003268292682926829 0 0.005
0.264 0.249 0 0.005
0.264 0.524 0 0.005
0.264 0.669 0 0.005
0.264 0.82 0 0.005
0.264 0.926 0 0.005
0.265 0.504 0 0.005
0.266 0.174 0 0.005
0.266 0.286 0 0.005
0.266 0.55 0 0.005
0.266 0.601 0 0.005
0.266 0.654 0 0.005
0.266 0.994656862745098 0 0.005
0.267 0.949 0 0.005
0.268 0.022 0 0.005
0.268 0.042 0 0.005
0.268 0.782 0 0.005
0.268 0.794 0 0.005
0.268 0.807 0 0.005
0.274 0.2955 0 0.005
0.269 0.913 0 0.005
0.27 0.105 0 0.005
0.27 0.472 0 0.005
0.27 0.629 0 0.005
0.27 0.768 0 0.005
0.271 0.261 0 0.005
0.271 0.391 0 0.005
0.271 0.43 0 0.005
0.272 0.356 0 0.005
0.272 0.679 0 0.005
0.273 0.06 0 0.005
0.273 0.377 0 0.005
0.274 0.516 0 0.005
0.274 0.699 0 0.005
0.275 0.121 0 0.005
0.275 0.412 0 0.005
0.275 0.537 0 0.005
0.275 0.866 0 0.005
0.276 0.458 0 0.005
0.276 0.667 0 0.005
0.276 0.838 0 0.005
0.276 0.939 0 0.005
0.276 0.959 0 0.005
0.277 0.204 0 0.005
0.28 0.2355 0 0.005
0.277 0.563 0 0.005
0.278 0.276 0 0.005
0.278 0.316 0 0.005
0.279 0.014 0 0.005
0.279 0.487 0 0.005
0.279 0.581 0 0.005
0.279 0.972 0 0.005
0.28 0.151 0 0.005
0.28 0.5 0 0.005
0.28 0.605 0 0.005
0.28 0.725 0 0.005
0.2835 0.4325 0 0.005
0.281 0.648 0 0.005
0.281 0.794 0 0.005
0.281 0.882 0 0.005
0.281 0.92 0 0.005
0.282 0.104 0 0.005
0.282 0.347 0 0.005
0.2855 0.553 0 0.005
0.282 0.709 0 0.005
0.282 0.902 0 0.005
0.283 0.032 0 0.005
0.283 0.163 0 0.005
0.283 0.184 0 0.005
0.2865 0.984 0 0.005
0.2895 0.75 0 0.005
0.284 0.827 0 0.005
0.285 0.044 0 0.005
0.287 0.335 0 0.005
0.287 0.378 0 0.005
0.287 0.531 0 0.005
0.287 0.766 0 0.005
0.2925 0.805 0 0.005
0.2905 0.875 0 0.005
0.288 0.949 0 0.005
0.289 0.077 0 0.005
0.289 0.254 0 0.005
0.289 0.41 0 0.005
0.289 0.454 0 0.005
0.29 0.092 0 0.005
0.29 0.302 0 0.005
0.29 0.66 0 0.005
0.29 0.784 0 0.005
0.29 0.962 0 0.005
0.291 0.122 0 0.005
0.291 0.315 0 0.005
0.291 0.356 0 0.005
0.291 0.692 0 0.005
0.292 0.02 0 0.005
0.292 0.223 0 0.005
0.292 0.27 0 0.005
0.292 0.594 0 0.005
0.292 0.625 0 0.005
0.292 0.723 0 0.005
0.293 0.134 0 0.005
0.294 0.672 0 0.005
0.3036666666666667 0.056666666666666664 0 0.005
0.3005 0.152 0 0.005
0.295 0.204 0 0.005
0.295 0.492 0 0.005
0.295 0.52 0 0.005
0.295 0.582 0 0.005
0.295 0.84 0 0.005
0.302 0.9406666666666667 0 0.005
0.296 0.24 0 0.005
0.296 0.466 0 0.005
0.296 0.826 0 0.005
0.296 0.855 0 0.005
0.297 0.443 0 0.005
0.297 0.92 0 0.005
0.298 0.19 0 0.005
0.298 0.568 0 0.005
0.298 0.892 0 0.005
0.299 0.341 0 0.005
0.299 0.478 0 0.005
0.299 0.868 0 0.005
0.3 0.009 0 0.005
0.3 0.033 0 0.005
0.3 0.104 0 0.005
0.3 0.175 0 0.005
0.3 0.375 0 0.005
0.3 0.431 0 0.005
0.3 0.615 0 0.005
0.301 0.711 0 0.005
0.302 0.291 0 0.005
0.302 0.325 0 0.005
0.302 0.39 0 0.005
0.3075 0.411 0 0.005
0.3063333333333333 0.639 0 0.005
0.302 0.682 0 0.005
0.302 0.739 0 0.005
0.303 0.311 0 0.005
0.3075 0.548 0 0.005
0.306 0.7585 0 0.005
0.303 0.907 0 0.005
0.304 0.254 0 0.005
0.304 0.694 0 0.005
0.31375 0.77825 0 0.005
0.304 0.976 0 0.005
0.3105 0.089 0 0.005
0.305 0.222 0 0.005
0.307 0.135 0 0.005
0.307 0.512 0 0.005
0.307 0.524 0 0.005
0.307 0.837 0 0.005
0.307 0.928 0 0.005
0.309 0.115 0 0.005
0.309 0.809 0 0.005
0.309 0.9967166666666667 0 0.005
0.31 0.021 0 0.005
0.31 0.194 0 0.005
0.31 0.363 0 0.005
0.3155 0.6655 0 0.005
0.31 0.853 0 0.005
0.311 0.28 0 0.005
0.312 0.173 0 0.005
0.312 0.238 0 0.005
0.312 0.477 0 0.005
0.312 0.609 0 0.005
0.312 0.953 0 0.005
0.313 0.379 0 0.005
0.313 0.705 0 0.005
0.314 0.348 0 0.005
0.314 0.458 0 0.005
0.314 0.68 0 0.005
0.315 0.007 0 0.005
0.315 0.074 0 0.005
0.315 0.32 0 0.005
0.315 0.536 0 0.005
0.315 0.622 0 0.005
0.316 0.3 0 0.005
0.316 0.874 0 0.005
0.319 0.9185 0 0.005
0.317 0.126 0 0.005
0.317 0.221 0 0.005
0.317 0.49 0 0.005
0.317 0.568 0 0.005
0.317 0.596 0 0.005
0.317 0.733 0 0.005
0.319 0.042 0 0.005
0.319 0.426 0 0.005
0.319 0.718 0 0.005
0.32 0.972 0 0.005
0.321 0.108 0 0.005
0.321 0.203 0 0.005
0.321 0.754 0 0.005
0.322 0.027 0 0.005
0.322 0.263 0 0.005
0.3255 0.865 0 0.005
0.322 0.992 0 0.005
0.323 0.189 0 0.005
0.323 0.522 0 0.005
0.3275 0.651 0 0.005
0.323 0.798 0 0.005
0.323 0.812 0 0.005
0.323 0.899 0 0.005
0.324 0.14 0 0.005
0.324 0.948 0 0.005
0.325 0.066 0 0.005
0.325 0.248 0 0.005
0.325 0.341 0 0.005
0.325 0.394 0 0.005
0.326 0.276 0 0.005
0.327 0.373 0 0.005
0.327 0.828 0 0.005
0.328 0.452 0 0.005
0.328 0.685 0 0.005
0.329 0.089 0 0.005
0.329 0.702 0 0.005
0.33 0.236 0 0.005
0.33 0.416 0 0.005
0.33 0.847 0 0.005
0.335 0.5115 0 0.005
0.331 0.884 0 0.005
0.332 0.119 0 0.005
0.332 0.155 0 0.005
0.332 0.317 0 0.005
0.335 0.5605 0 0.005
0.337 0.7675 0 0.005
0.332 0.97 0 0.005
0.333 0.003763440860215054 0 0.005
0.333 0.305 0 0.005
0.333 0.957 0 0.005
0.334 0.023 0 0.005
0.334 0.038 0 0.005
0.3436666666666667 0.47433333333333333 0 0.005
0.334 0.494 0 0.005
0.334 0.75 0 0.005
0.336 0.22 0 0.005
0.3415 0.6055 0 0.005
0.336 0.911 0 0.005
0.336 0.931 0 0.005
0.337 0.142 0 0.005
0.337 0.177 0 0.005
0.337 0.205 0 0.005
0.3425 0.2945 0 0.005
0.337 0.354 0 0.005
0.337 0.537 0 0.005
0.338 0.057 0 0.005
0.338 0.331 0 0.005
0.338 0.399 0 0.005
0.338 0.586 0 0.005
0.35075 0.85225 0 0.005
0.3433333333333333 0.096 0 0.005
0.339 0.459 0 0.005
0.34 0.628 0 0.005
0.34 0.736 0 0.005
0.341 0.19 0 0.005
0.341 0.257 0 0.005
0.341 0.269 0 0.005
0.341 0.373 0 0.005
0.342 0.709 0 0.005
0.342 0.835 0 0.005
0.343 0.069 0 0.005
0.343 0.435 0 0.005
0.343 0.676 0 0.005
0.343 0.988 0 0.005
0.344 0.416 0 0.005
0.344 0.802 0 0.005
0.344 0.893 0 0.005
0.346 0.014 0 0.005
0.347 0.88 0 0.005
0.347 0.967 0 0.005
0.348 0.132 0 0.005
0.348 0.217 0 0.005
0.348 0.232 0 0.005
0.348 0.312 0 0.005
0.352 0.4515 0 0.005
0.348 0.492 0 0.005
0.348 0.638 0 0.005
0.349 0.034 0 0.005
0.349 0.113 0 0.005
0.349 0.688 0 0.005
0.35 0.05 0 0.005
0.35 0.334 0 0.005
0.35 0.359 0 0.005
0.3525 0.3815 0 0.005
0.35 0.817 0 0.005
0.35 0.867 0 0.005
0.351 0.149 0 0.005
0.351 0.916 0 0.005
0.352 0.505 0 0.005
0.352 0.537 0 0.005
0.352 0.667 0 0.005
0.353 0.272 0 0.005
0.353 0.521 0 0.005
0.362 0.6203333333333334 0 0.005
0.354 0.161 0 0.005
0.354 0.346 0 0.005
0.354 0.653 0 0.005
0.359 0.4285 0 0.005
0.358 0.7625 0 0.005
0.355 0.83 0 0.005
0.355 0.938 0 0.005
0.356 0.00434313725490196 0 0.005
0.356 0.702 0 0.005
0.356 0.896 0 0.005
0.357 0.024 0 0.005
0.357 0.569 0 0.005
0.357 0.781 0 0.005
0.3656666666666667 0.083 0 0.005
0.359 0.195 0 0.005
0.359 0.88 0 0.005
0.359 0.981 0 0.005
0.36 0.1 0 0.005
0.36 0.139 0 0.005
0.36 0.398 0 0.005
0.36 0.727 0 0.005
0.361 0.036 0 0.005
0.361 0.285 0 0.005
0.362 0.18 0 0.005
0.362 0.23 0 0.005
0.362 0.243 0 0.005
0.3645 0.3665 0 0.005
0.362 0.64 0 0.005
0.363 0.59 0 0.005
0.363 0.742 0 0.005
0.366 0.7995 0 0.005
0.363 0.953 0 0.005
0.364 0.386 0 0.005
0.364 0.916 0 0.005
0.364 0.9952365591397849 0 0.005
0.365 0.314 0 0.005
0.365 0.51 0 0.005
0.365 0.693 0 0.005
0.366 0.55 0 0.005
0.366 0.68 0 0.005
0.366 0.817 0 0.005
0.367 0.49 0 0.005
0.367 0.664 0 0.005
0.368 0.118 0 0.005
0.368 0.712 0 0.005
0.369 0.047 0 0.005
0.369 0.061 0 0.005
0.369 0.203 0 0.005
0.369 0.472 0 0.005
0.369 0.929 0 0.005
0.37 0.331 0 0.005
0.37 0.439 0 0.005
0.371 0.534 0 0.005
0.372 0.165 0 0.005
0.3755 0.3 0 0.005
0.372 0.753 0 0.005
0.373 0.727 0 0.005
0.373 0.828 0 0.005
0.373 0.98 0 0.005
0.374 0.267 0 0.005
0.374 0.893 0 0.005
0.375 0.237 0 0.005
0.375 0.402 0 0.005
0.375 0.561 0 0.005
0.375 0.65 0 0.005
0.375 0.861 0 0.005
0.375 0.944 0 0.005
0.376 0.6 0 0.005
0.376 0.778 0 0.005
0.377 0.00434313725490196 0 0.005
0.377 0.573 0 0.005
0.377 0.84 0 0.005
0.377 0.881 0 0.005
0.377 0.905 0 0.005
0.3805 0.6755 0 0.005
0.3845 0.1 0 0.005
0.39 0.1395 0 0.005
0.379 0.217 0 0.005
0.379 0.354 0 0.005
0.379 0.373 0 0.005
0.379 0.462 0 0.005
0.379 0.499 0 0.005
0.379 0.92 0 0.005
0.38 0.024 0 0.005
0.38 0.511 0 0.005
0.38 0.763 0 0.005
0.381 0.057 0 0.005
0.381 0.792 0 0.005
0.381 0.815 0 0.005
0.381 0.962 0 0.005
0.382 0.183 0 0.005
0.382 0.335 0 0.005
0.382 0.933 0 0.005
0.382 0.993 0 0.005
0.383 0.199 0 0.005
0.383 0.588 0 0.005
0.383 0.711 0 0.005
0.384 0.443 0 0.005
0.385 0.317 0 0.005
0.385 0.415 0 0.005
0.385 0.479 0 0.005
0.385 0.739 0 0.005
0.386 0.076 0 0.005
0.386 0.166 0 0.005
0.386 0.639 0 0.005
0.386 0.83 0 0.005
0.387 0.248 0 0.005
0.387 0.287 0 0.005
0.387 0.619 0 0.005
0.388 0.034 0 0.005
0.388 0.231 0 0.005
0.388 0.657 0 0.005
0.389 0.751 0 0.005
0.3935 0.979 0 0.005
0.39 0.536 0 0.005
0.39 0.724 0 0.005
0.391 0.355 0 0.005
0.391 0.947 0 0.005
0.392 0.003763440860215054 0 0.005
0.392 0.302 0 0.005
0.392 0.369 0 0.005
0.392 0.381 0 0.005
0.396 0.5005 0 0.005
0.3975 0.867 0 0.005
0.393 0.11 0 0.005
0.4026666666666667 0.26966666666666667 0 0.005
0.394 0.064 0 0.005
0.399 0.5695 0 0.005
0.394 0.679 0 0.005
0.394 0.818 0 0.005
0.395 0.187 0 0.005
0.4015 0.2045 0 0.005
0.396 0.434 0 0.005
0.396 0.591 0 0.005
0.399 0.8415 0 0.005
0.396 0.931 0 0.005
0.396 0.962 0 0.005
0.398 0.257 0 0.005
0.398 0.453 0 0.005
0.398 0.517 0 0.005
0.398 0.626 0 0.005
0.398 0.692 0 0.005
0.4025 0.777 0 0.005
0.4035 0.796 0 0.005
0.402 0.0275 0 0.005
0.4 0.317 0 0.005
0.4 0.331 0 0.005
0.4 0.552 0 0.005
0.4 0.645 0 0.005
0.4 0.903 0 0.005
0.4 0.994656862745098 0 0.005
0.401 0.155 0 0.005
0.401 0.168 0 0.005
0.401 0.226 0 0.005
0.401 0.888 0 0.005
0.402 0.487 0 0.005
0.403 0.612 0 0.005
0.404 0.534 0 0.005
0.404 0.658 0 0.005
0.405 0.113 0 0.005
0.405 0.472 0 0.005
0.405 0.714 0 0.005
0.406 0.086 0 0.005
0.4105 0.3085 0 0.005
0.4125 0.445 0 0.005
0.409 0.237 0 0.005
0.409 0.364 0 0.005
0.4125 0.421 0 0.005
0.409 0.677 0 0.005
0.41 0.053 0 0.005
0.41 0.587 0 0.005
0.4135 0.3905 0 0.005
0.411 0.63 0 0.005
0.411 0.693 0 0.005
0.411 0.747 0 0.005
0.412 0.073 0 0.005
0.412 0.646 0 0.005
0.412 0.925 0 0.005
0.412 0.937 0 0.005
0.412 0.982 0 0.005
0.413 0.544 0 0.005
0.413 0.847 0 0.005
0.413 0.895 0 0.005
0.414 0.003763440860215054 0 0.005
0.414 0.327 0 0.005
0.414 0.834 0 0.005
0.414 0.909 0 0.005
0.415 0.015 0 0.005
0.415 0.464 0 0.005
0.415 0.729 0 0.005
0.416 0.278 0 0.005
0.416 0.344 0 0.005
0.416 0.666 0 0.005
0.416 0.766 0 0.005
0.416 0.822 0 0.005
0.417 0.176 0 0.005
0.417 0.226 0 0.005
0.417 0.52 0 0.005
0.418 0.562 0 0.005
0.419 0.603 0 0.005
0.419 0.965 0 0.005
0.42 0.298 0 0.005
0.42 0.481 0 0.005
0.421 0.045 0 0.005
0.421 0.116 0 0.005
0.421 0.157 0 0.005
0.421 0.495 0 0.005
0.4235 0.6885 0 0.005
0.421 0.715 0 0.005
0.421 0.779 0 0.005
0.421 0.864 0 0.005
0.421 0.9957317073170732 0 0.005
0.422 0.139 0 0.005
0.422 0.203 0 0.005
0.422 0.878 0 0.005
0.423 0.415 0 0.005
0.424 0.087 0 0.005
0.424 0.437 0 0.005
0.424 0.979 0 0.005
0.425 0.244 0 0.005
0.425 0.59 0 0.005
0.4295 0.733 0 0.005
0.426 0.099 0 0.005
0.4323333333333333 0.899 0 0.005
0.427 0.032 0 0.005
0.427 0.057 0 0.005
0.427 0.509 0 0.005
0.427 0.809 0 0.005
0.427 0.947 0 0.005
0.428 0.219 0 0.005
0.428 0.269 0 0.005
0.428 0.328 0 0.005
0.428 0.471 0 0.005
0.428 0.537 0 0.005
0.429 0.128 0 0.005
0.429 0.192 0 0.005
0.429 0.455 0 0.005
0.429 0.551 0 0.005
0.43 0.763 0 0.005
0.43 0.793 0 0.005
0.4335 0.932 0 0.005
0.431 0.349 0 0.005
0.431 0.367 0 0.005
0.431 0.749 0 0.005
0.432 0.172 0 0.005
0.432 0.3 0 0.005
0.432 0.316 0 0.005
0.433 0.016 0 0.005
0.433 0.385 0 0.005
0.433 0.426 0 0.005
0.433 0.57 0 0.005
0.433 0.646 0 0.005
0.433 0.715 0 0.005
0.434 0.408 0 0.005
0.434 0.521 0 0.005
0.434 0.624 0 0.005
0.434 0.676 0 0.005
0.435 0.159 0 0.005
0.435 0.606 0 0.005
0.435 0.821 0 0.005
0.436 0.851 0 0.005
0.447 0.5973333333333334 0 0.005
0.437 0.993 0 0.005
0.438 0.259 0 0.005
0.438 0.968 0 0.005
0.439 0.049 0 0.005
0.44 0.068 0 0.005
0.44 0.08 0 0.005
0.44 0.11 0 0.005
0.44 0.145 0 0.005
0.443 0.2235 0 0.005
0.44 0.283 0 0.005
0.44 0.801 0 0.005
0.44 0.868 0 0.005
0.44 0.91 0 0.005
0.441 0.094 0 0.005
0.441 0.125 0 0.005
0.441 0.664 0 0.005
0.441 0.78 0 0.005
0.442 0.739 0 0.005
0.443 0.006 0 0.005
0.443 0.198 0 0.005
0.443 0.558 0 0.005
0.443 0.951 0 0.005
0.444 0.452 0 0.005
0.444 0.488 0 0.005
0.4485 0.761 0 0.005
0.445 0.296 0 0.005
0.445 0.347 0 0.005
0.445 0.39 0 0.005
0.445 0.545 0 0.005
0.445 0.638 0 0.005
0.445 0.699 0 0.005
0.445 0.922 0 0.005
0.446 0.17 0 0.005
0.447 0.019 0 0.005
0.4525 0.5255 0 0.005
0.448 0.377 0 0.005
0.448 0.827 0 0.005
0.454 0.4195 0 0.005
0.449 0.502 0 0.005
0.45 0.185 0 0.005
0.45 0.407 0 0.005
0.45 0.475 0 0.005
0.45 0.815 0 0.005
0.451 0.362 0 0.005
0.451 0.683 0 0.005
0.451 0.793 0 0.005
0.451 0.843 0 0.005
0.4575 0.0695 0 0.005
0.452 0.211 0 0.005
0.452 0.725 0 0.005
0.452 0.889 0 0.005
0.452 0.983 0 0.005
0.452 0.9957317073170732 0 0.005
0.4623333333333333 0.09933333333333333 0 0.005
0.453 0.115 0 0.005
0.454 0.647 0 0.005
0.455 0.659 0 0.005
0.455 0.742 0 0.005
0.455 0.968 0 0.005
0.456 0.711 0 0.005
0.456 0.932 0 0.005
0.457 0.321 0 0.005
0.457 0.622 0 0.005
0.457 0.772 0 0.005
0.457 0.952 0 0.005
0.458 0.011 0 0.005
0.458 0.153 0 0.005
0.458 0.292 0 0.005
0.458 0.486 0 0.005
0.461 0.5685 0 0.005
0.458 0.908 0 0.005
0.46 0.054 0 0.005
0.46 0.141 0 0.005
0.46 0.262 0 0.005
0.46 0.338 0 0.005
0.4655 0.4435 0 0.005
0.461 0.307 0 0.005
0.461 0.878 0 0.005
0.462 0.125 0 0.005
0.462 0.637 0 0.005
0.462 0.821 0 0.005
0.463 0.244 0 0.005
0.463 0.365 0 0.005
0.463 0.46 0 0.005
0.464 0.729 0 0.005
0.465 0.032 0 0.005
0.465 0.39 0 0.005
0.465 0.807 0 0.005
0.4695 0.84 0 0.005
0.466 0.209 0 0.005
0.466 0.513 0 0.005
0.466 0.788 0 0.005
0.466 0.984 0 0.005
0.467 0.591 0 0.005
0.467 0.668 0 0.005
0.473 0.2235 0 0.005
0.469 0.617 0 0.005
0.469 0.744 0 0.005
0.475 0.1595 0 0.005
0.47 0.187 0 0.005
0.47 0.547 0 0.005
0.47 0.655 0 0.005
0.471 0.019 0 0.005
0.471 0.696 0 0.005
0.471 0.95 0 0.005
0.471 0.97 0 0.005
0.472 0.494 0 0.005
0.4775 0.531 0 0.005
0.472 0.907 0 0.005
0.473 0.078 0 0.005
0.473 0.275 0 0.005
0.473 0.603 0 0.005
0.473 0.684 0 0.005
0.474 0.259 0 0.005
0.474 0.434 0 0.005
0.474 0.576 0 0.005
0.4795 0.711 0 0.005
0.475 0.144 0 0.005
0.475 0.993 0 0.005
0.476 0.091 0 0.005
0.4805 0.306 0 0.005
0.476 0.328 0 0.005
0.476 0.77 0 0.005
0.476 0.814 0 0.005
0.476 0.874 0 0.005
0.476 0.924 0 0.005
0.4825 0.356 0 0.005
0.477 0.463 0 0.005
0.478 0.205 0 0.005
0.478 0.419 0 0.005
0.478 0.73 0 0.005
0.479 0.114 0 0.005
0.479 0.56 0 0.005
0.479 0.64 0 0.005
0.48 0.174 0 0.005
0.48 0.482 0 0.005
0.481 0.046 0 0.005
0.481 0.614 0 0.005
0.481 0.83 0 0.005
0.4855 0.933 0 0.005
0.482 0.186 0 0.005
0.482 0.381 0 0.005
0.482 0.507 0 0.005
0.483 0.009 0 0.005
0.483 0.058 0 0.005
0.483 0.245 0 0.005
0.483 0.548 0 0.005
0.484 0.403 0 0.005
0.484 0.855 0 0.005
0.485 0.034 0 0.005
0.485 0.792 0 0.005
0.485 0.972 0 0.005
0.486 0.131 0 0.005
0.486 0.262 0 0.005
0.486 0.288 0 0.005
0.487 0.593 0 0.005
0.488 0.088 0 0.005
0.488 0.439 0 0.005
0.4925 0.75 0 0.005
0.488 0.766 0 0.005
0.488 0.874 0 0.005
0.488 0.917 0 0.005
0.489 0.323 0 0.005
0.489 0.955 0 0.005
0.49 0.209 0 0.005
0.49 0.458 0 0.005
0.49 0.576 0 0.005
0.491 0.235 0 0.005
0.491 0.686 0 0.005
0.491 0.699 0 0.005
0.491 0.9 0 0.005
0.491 0.992 0 0.005
0.492 0.166 0 0.005
0.492 0.629 0 0.005
0.493 0.076 0 0.005
0.493 0.105 0 0.005
0.493 0.337 0 0.005
0.494 0.117 0 0.005
0.494 0.221 0 0.005
0.494 0.426 0 0.005
0.494 0.66 0 0.005
0.494 0.809 0 0.005
0.494 0.84 0 0.005
0.495 0.059 0 0.005
0.495 0.148 0 0.005
0.495 0.298 0 0.005
0.495 0.562 0 0.005
0.496 0.368 0 0.005
0.5 0.7275 0 0.005
0.497 0.254 0 0.005
0.497 0.407 0 0.005
0.497 0.471 0 0.005
0.497 0.824 0 0.005
0.498 0.041 0 0.005
0.498 0.866 0 0.005
0.499 0.285 0 0.005
0.499 0.64 0 0.005
0.5 0.518 0 0.005
0.5 0.596 0 0.005
0.5 0.973 0 0.005
0.501 0.385 0 0.005
0.501 0.851 0 0.005
0.502 0.455 0 0.005
0.502 0.764 0 0.005
0.502 0.956 0 0.005
0.503 0.326 0 0.005
0.504 0.133 0 0.005
0.504 0.17 0 0.005
0.504 0.19 0 0.005
0.504 0.545 0 0.005
0.504 0.572 0 0.005
0.504 0.798 0 0.005
0.505 0.025 0 0.005
0.505 0.156 0 0.005
0.505 0.338 0 0.005
0.505 0.489 0 0.005
0.505 0.584 0 0.005
0.505 0.685 0 0.005
0.505 0.878 0 0.005
0.506 0.0027746478873239434 0 0.005
0.506 0.618 0 0.005
0.506 0.656 0 0.005
0.506 0.784 0 0.005
0.507 0.264 0 0.005
0.507 0.312 0 0.005
0.507 0.716 0 0.005
0.507 0.941 0 0.005
0.509 0.246 0 0.005
0.509 0.407 0 0.005
0.509 0.632 0 0.005
0.509 0.914 0 0.005
0.51 0.085 0 0.005
0.51 0.468 0 0.005
0.51 0.754 0 0.005
0.51 0.831 0 0.005
0.51 0.862 0 0.005
0.511 0.049 0 0.005
0.511 0.103 0 0.005
0.511 0.226 0 0.005
0.511 0.393 0 0.005
0.511 0.556 0 0.005
0.511 0.704 0 0.005
0.512 0.35 0 0.005
0.512 0.507 0 0.005
0.5145 0.7365 0 0.005
0.512 0.902 0 0.005
0.512 0.9957317073170732 0 0.005
0.513 0.773 0 0.005
0.513 0.982 0 0.005
0.514 0.202 0 0.005
0.514 0.669 0 0.005
0.515 0.011 0 0.005
0.515 0.362 0 0.005
0.515 0.646 0 0.005
0.515 0.805 0 0.005
0.515 0.844 0 0.005
0.515 0.928 0 0.005
0.515 0.955 0 0.005
0.516 0.298 0 0.005
0.516 0.428 0 0.005
0.517 0.124 0 0.005
0.517 0.332 0 0.005
0.517 0.495 0 0.005
0.517 0.576 0 0.005
0.518 0.272 0 0.005
0.518 0.543 0 0.005
0.518 0.885 0 0.005
0.519 0.376 0 0.005
0.52 0.685 0 0.005
0.521 0.317 0 0.005
0.521 0.409 0 0.005
0.522 0.083 0 0.005
0.5275 0.2505 0 0.005
0.522 0.618 0 0.005
0.522 0.631 0 0.005
0.522 0.697 0 0.005
0.522 0.867 0 0.005
0.523 0.388 0 0.005
0.523 0.45 0 0.005
0.523 0.528 0 0.005
0.523 0.601 0 0.005
0.523 0.713 0 0.005
0.524 0.036 0 0.005
0.524 0.068 0 0.005
0.524 0.138 0 0.005
0.524 0.162 0 0.005
0.5275 0.186 0 0.005
0.524 0.791 0 0.005
0.525 0.23 0 0.005
0.525 0.284 0 0.005
0.525 0.853 0 0.005
0.526 0.05 0 0.005
0.526 0.777 0 0.005
0.527 0.008 0 0.005
0.527 0.829 0 0.005
0.5315 0.212 0 0.005
0.528 0.484 0 0.005
0.528 0.747 0 0.005
0.528 0.968 0 0.005
0.529 0.55 0 0.005
0.53 0.265 0 0.005
0.53 0.564 0 0.005
0.53 0.762 0 0.005
0.5355 0.803 0 0.005
0.53 0.912 0 0.005
0.531 0.11 0 0.005
0.5353333333333333 0.307 0 0.005
0.531 0.374 0 0.005
0.532 0.506 0 0.005
0.532 0.664 0 0.005
0.532 0.939 0 0.005
0.542 0.5356666666666666 0 0.005
0.533 0.843 0 0.005
0.533 0.874 0 0.005
0.534 0.345 0 0.005
0.534 0.587 0 0.005
0.534 0.894 0 0.005
0.535 0.359 0 0.005
0.535 0.683 0 0.005
0.536 0.032 0 0.005
0.536 0.861 0 0.005
0.536 0.993 0 0.005
0.537 0.068 0 0.005
0.537 0.084 0 0.005
0.537 0.418 0 0.005
0.537 0.433 0 0.005
0.537 0.704 0 0.005
0.538 0.098 0 0.005
0.538 0.154 0 0.005
0.538 0.519 0 0.005
0.5435 0.9565 0 0.005
0.538 0.981 0 0.005
0.54 0.138 0 0.005
0.5445 0.178 0 0.005
0.54 0.473 0 0.005
0.54 0.724 0 0.005
0.541 0.277 0 0.005
0.5435 0.4035 0 0.005
0.541 0.601 0 0.005
0.541 0.633 0 0.005
0.542 0.613 0 0.005
0.542 0.652 0 0.005
0.543 0.006 0 0.005
0.544 0.124 0 0.005
0.544 0.196 0 0.005
0.544 0.665 0 0.005
0.544 0.786 0 0.005
0.544 0.823 0 0.005
0.5495 0.9155 0 0.005
0.549 0.2135 0 0.005
0.546 0.021 0 0.005
0.546 0.368 0 0.005
0.546 0.506 0 0.005
0.547 0.05 0 0.005
0.547 0.233 0 0.005
0.5495 0.7185 0 0.005
0.547 0.944 0 0.005
0.548 0.566 0 0.005
0.548 0.58 0 0.005
0.548 0.74 0 0.005
0.548 0.882 0 0.005
0.548 0.93 0 0.005
0.549 0.486 0 0.005
0.549 0.766 0 0.005
0.549 0.847 0 0.005
0.549 0.988 0 0.005
0.55 0.033 0 0.005
0.55 0.297 0 0.005
0.55 0.87 0 0.005
0.55 0.972 0 0.005
0.551 0.352 0 0.005
0.551 0.436 0 0.005
0.551 0.689 0 0.005
0.556 0.3845 0 0.005
0.553 0.45 0 0.005
0.553 0.605 0 0.005
0.553 0.64 0 0.005
0.553 0.894 0 0.005
0.554 0.09 0 0.005
0.554 0.256 0 0.005
0.554 0.277 0 0.005
0.554 0.333 0 0.005
0.554 0.655 0 0.005
0.556 0.111 0 0.005
0.556 0.139 0 0.005
0.56 0.6225 0 0.005
0.556 0.822 0 0.005
0.5615 0.32 0 0.005
0.558 0.169 0 0.005
0.558 0.367 0 0.005
0.558 0.547 0 0.005
0.558 0.672 0 0.005
0.559 0.9952365591397849 0 0.005
0.56 0.025 0 0.005
0.56 0.072 0 0.005
0.56 0.413 0 0.005
0.56 0.569 0 0.005
0.561 0.958 0 0.005
0.562 0.511 0 0.005
0.562 0.703 0 0.005
0.562 0.734 0 0.005
0.562 0.767 0 0.005
0.562 0.984 0 0.005
0.563 0.152 0 0.005
0.563 0.243 0 0.005
0.563 0.487 0 0.005
0.563 0.78 0 0.005
0.563 0.878 0 0.005
0.563 0.936 0 0.005
0.564 0.193 0 0.005
0.564 0.465 0 0.005
0.572 0.529 0 0.005
0.564 0.59 0 0.005
0.564 0.718 0 0.005
0.564 0.749 0 0.005
0.565 0.0027746478873239434 0 0.005
0.565 0.302 0 0.005
0.5695 0.348 0 0.005
0.565 0.401 0 0.005
0.565 0.836 0 0.005
0.565 0.864 0 0.005
0.566 0.044 0 0.005
0.566 0.288 0 0.005
0.566 0.636 0 0.005
0.567 0.13 0 0.005
0.568 0.447 0 0.005
0.568 0.602 0 0.005
0.57 0.094 0 0.005
0.5745 0.175 0 0.005
0.5766666666666667 0.6566666666666666 0 0.005
0.571 0.216 0 0.005
0.571 0.268 0 0.005
0.571 0.906 0 0.005
0.5775 0.0255 0 0.005
0.572 0.43 0 0.005
0.572 0.57 0 0.005
0.572 0.685 0 0.005
0.572 0.893 0 0.005
0.572 0.925 0 0.005
0.573 0.479 0 0.005
0.573 0.794 0 0.005
0.574 0.081 0 0.005
0.574 0.495 0 0.005
0.574 0.76 0 0.005
0.574 0.981 0 0.005
0.575 0.053 0 0.005
0.575 0.373 0 0.005
0.575 0.733 0 0.005
0.5795 0.947 0 0.005
0.575 0.964 0 0.005
0.576 0.144 0 0.005
0.576 0.311 0 0.005
0.576 0.745 0 0.005
0.576 0.779 0 0.005
0.576 0.843 0 0.005
0.577 0.297 0 0.005
0.577 0.338 0 0.005
0.577 0.395 0 0.005
0.577 0.466 0 0.005
0.578 0.0027746478873239434 0 0.005
0.5835 0.0645 0 0.005
0.578 0.252 0 0.005
0.578 0.811 0 0.005
0.579 0.11 0 0.005
0.5825 0.1975 0 0.005
0.58 0.325 0 0.005
0.58 0.631 0 0.005
0.58 0.825 0 0.005
0.581 0.224 0 0.005
0.581 0.237 0 0.005
0.581 0.87 0 0.005
0.582 0.605 0 0.005
0.583 0.671 0 0.005
0.584 0.129 0 0.005
0.584 0.27 0 0.005
0.584 0.699 0 0.005
0.588 0.8915 0 0.005
0.584 0.908 0 0.005
0.585 0.438 0 0.005
0.585 0.504 0 0.005
0.585 0.989 0 0.005
0.586 0.16 0 0.005
0.586 0.41 0 0.005
0.591 0.9375 0 0.005
0.587 0.455 0 0.005
0.587 0.685 0 0.005
0.587 0.789 0 0.005
0.588 0.315 0 0.005
0.588 0.491 0 0.005
0.588 0.551 0 0.005
0.588 0.713 0 0.005
0.588 0.733 0 0.005
0.5925 0.841 0 0.005
0.589 0.422 0 0.005
0.589 0.771 0 0.005
0.59 0.043 0 0.005
0.59 0.076 0 0.005
0.59 0.291 0 0.005
0.59 0.565 0 0.005
0.59 0.616 0 0.005
0.591 0.088 0 0.005
0.591 0.332 0 0.005
0.591 0.366 0 0.005
0.591 0.746 0 0.005
0.591 0.805 0 0.005
0.592 0.003268292682926829 0 0.005
0.592 0.105 0 0.005
0.592 0.378 0 0.005
0.592 0.478 0 0.005
0.592 0.587 0 0.005
0.593 0.256 0 0.005
0.594 0.873 0 0.005
0.594 0.919 0 0.005
0.5995 0.965 0 0.005
0.595 0.024 0 0.005
0.596 0.524 0 0.005
0.596 0.538 0 0.005
0.597 0.134 0 0.005
0.597 0.149 0 0.005
0.597 0.351 0 0.005
0.597 0.6 0 0.005
0.597 0.982 0 0.005
0.598 0.205 0 0.005
0.598 0.233 0 0.005
0.603 0.4625 0 0.005
0.598 0.508 0 0.005
0.6045 0.6395 0 0.005
0.6 0.186 0 0.005
0.6 0.712 0 0.005
0.601 0.246 0 0.005
0.601 0.623 0 0.005
0.601 0.655 0 0.005
0.601 0.9952365591397849 0 0.005
0.602 0.275 0 0.005
0.602 0.759 0 0.005
0.602 0.857 0 0.005
0.605 0.9135 0 0.005
0.611 0.21266666666666667 0 0.005
0.603 0.4 0 0.005
0.603 0.569 0 0.005
0.603 0.724 0 0.005
0.603 0.737 0 0.005
0.604 0.08 0 0.005
0.604 0.094 0 0.005
0.604 0.172 0 0.005
0.604 0.441 0 0.005
0.6133333333333334 0.668 0 0.005
0.604 0.775 0 0.005
0.605 0.056 0 0.005
0.605 0.289 0 0.005
0.605 0.881 0 0.005
0.606 0.26 0 0.005
0.606 0.307 0 0.005
0.606 0.487 0 0.005
0.606 0.822 0 0.005
0.607 0.0022833333333333334 0 0.005
0.607 0.701 0 0.005
0.608 0.415 0 0.005
0.608 0.527 0 0.005
0.608 0.54 0 0.005
0.609 0.369 0 0.005
0.61 0.027 0 0.005
0.61 0.327 0 0.005
0.6155 0.3465 0 0.005
0.61 0.808 0 0.005
0.61 0.941 0 0.005
0.621 0.15266666666666664 0 0.005
0.611 0.384 0 0.005
0.611 0.687 0 0.005
0.612 0.185 0 0.005
0.612 0.605 0 0.005
0.612 0.989 0 0.005
0.613 0.504 0 0.005
0.613 0.841 0 0.005
0.614 0.014 0 0.005
0.614 0.587 0 0.005
0.614 0.89 0 0.005
0.6205 0.424 0 0.005
0.615 0.574 0 0.005
0.615 0.714 0 0.005
0.615 0.729 0 0.005
0.615 0.742 0 0.005
0.616 0.558 0 0.005
0.617 0.048 0 0.005
0.617 0.873 0 0.005
0.618 0.098 0 0.005
0.6215 0.828 0 0.005
0.619 0.0022833333333333334 0 0.005
0.619 0.036 0 0.005
0.619 0.132 0 0.005
0.619 0.306 0 0.005
0.619 0.79 0 0.005
0.619 0.97 0 0.005
0.62 0.242 0 0.005
0.62 0.279 0 0.005
0.62 0.293 0 0.005
0.623 0.4675 0 0.005
0.62 0.515 0 0.005
0.62 0.953 0 0.005
0.621 0.335 0 0.005
0.622 0.069 0 0.005
0.622 0.625 0 0.005
0.6255 0.706 0 0.005
0.623 0.92 0 0.005
0.624 0.542 0 0.005
0.624 0.649 0 0.005
0.625 0.116 0 0.005
0.625 0.385 0 0.005
0.629 0.8515 0 0.005
0.625 0.985 0 0.005
0.626 0.02 0 0.005
0.626 0.191 0 0.005
0.626 0.226 0 0.005
0.626 0.594 0 0.005
0.627 0.443 0 0.005
0.627 0.488 0 0.005
0.627 0.772 0 0.005
0.632 0.8915 0 0.005
0.631 0.0825 0 0.005
0.629 0.261 0 0.005
0.629 0.813 0 0.005
0.631 0.171 0 0.005
0.631 0.754 0 0.005
0.631 0.933 0 0.005
0.632 0.058 0 0.005
0.641 0.5566666666666666 0 0.005
0.632 0.681 0 0.005
0.632 0.798 0 0.005
0.6416666666666666 0.974 0 0.005
0.633 0.007 0 0.005
0.633 0.103 0 0.005
0.633 0.211 0 0.005
0.633 0.319 0 0.005
0.633 0.371 0 0.005
0.633 0.407 0 0.005
0.633 0.577 0 0.005
0.633 0.613 0 0.005
0.633 0.909 0 0.005
0.634 0.249 0 0.005
0.635 0.045 0 0.005
0.636 0.139 0 0.005
0.636 0.528 0 0.005
0.636 0.665 0 0.005
0.637 0.337 0 0.005
0.637 0.51 0 0.005
0.638 0.029 0 0.005
0.638 0.635 0 0.005
0.638 0.881 0 0.005
0.639 0.276 0 0.005
0.639 0.391 0 0.005
0.639 0.476 0 0.005
0.6435 0.119 0 0.005
0.641 0.192 0 0.005
0.641 0.263 0 0.005
0.641 0.294 0 0.005
0.641 0.652 0 0.005
0.641 0.706 0 0.005
0.641 0.825 0 0.005
0.6516666666666666 0.09766666666666667 0 0.005
0.642 0.231 0 0.005
0.642 0.718 0 0.005
0.642 0.81 0 0.005
0.642 0.923 0 0.005
0.642 0.993 0 0.005
0.643 0.307 0 0.005
0.643 0.733 0 0.005
0.644 0.54 0 0.005
0.6475 0.949 0 0.005
0.645 0.376 0 0.005
0.645 0.837 0 0.005
0.645 0.854 0 0.005
0.646 0.061 0 0.005
0.646 0.463 0 0.005
0.646 0.779 0 0.005
0.647 0.154 0 0.005
0.647 0.428 0 0.005
0.647 0.45 0 0.005
0.647 0.872 0 0.005
0.648 0.407 0 0.005
0.648 0.747 0 0.005
0.648 0.762 0 0.005
0.648 0.908 0 0.005
0.649 0.497 0 0.005
0.649 0.625 0 0.005
0.649 0.89 0 0.005
0.65 0.21 0 0.005
0.65 0.244 0 0.005
0.65 0.594 0 0.005
0.651 0.573 0 0.005
0.651 0.611 0 0.005
0.651 0.688 0 0.005
0.652 0.008 0 0.005
0.652 0.073 0 0.005
0.6603333333333333 0.326 0 0.005
0.652 0.66 0 0.005
0.653 0.259 0 0.005
0.653 0.356 0 0.005
0.654 0.039 0 0.005
0.654 0.193 0 0.005
0.654 0.394 0 0.005
0.654 0.704 0 0.005
0.654 0.801 0 0.005
0.655 0.344 0 0.005
0.655 0.674 0 0.005
0.661 0.1735 0 0.005
0.656 0.437 0 0.005
0.656 0.518 0 0.005
0.656 0.726 0 0.005
0.661 0.2985 0 0.005
0.662 0.6375 0 0.005
0.658 0.133 0 0.005
0.658 0.229 0 0.005
0.6625 0.061 0 0.005
0.659 0.486 0 0.005
0.66 0.149 0 0.005
0.66 0.858 0 0.005
0.66 0.915 0 0.005
0.661 0.756 0 0.005
0.661 0.956 0 0.005
0.662 0.083 0 0.005
0.662 0.246 0 0.005
0.662 0.873 0 0.005
0.671 0.263 0 0.005
0.663 0.531 0 0.005
0.663 0.622 0 0.005
0.664 0.118 0 0.005
0.664 0.203 0 0.005
0.664 0.384 0 0.005
0.664 0.416 0 0.005
0.664 0.503 0 0.005
0.664 0.688 0 0.005
0.664 0.768 0 0.005
0.665 0.785 0 0.005
0.666 0.801 0 0.005
0.667 0.095 0 0.005
0.667 0.35 0 0.005
0.667 0.458 0 0.005
0.667 0.59 0 0.005
0.667 0.815 0 0.005
0.667 0.968 0 0.005
0.668 0.732 0 0.005
0.668 0.745 0 0.005
0.669 0.015 0 0.005
0.67 0.033 0 0.005
0.67 0.569 0 0.005
0.67 0.658 0 0.005
0.67 0.676 0 0.005
0.67 0.703 0 0.005
0.67 0.846 0 0.005
0.671 0.544 0 0.005
0.671 0.897 0 0.005
0.671 0.994 0 0.005
0.672 0.83 0 0.005
0.673 0.0022833333333333334 0 0.005
0.673 0.186 0 0.005
0.673 0.373 0 0.005
0.673 0.924 0 0.005
0.6795 0.212 0 0.005
0.674 0.232 0 0.005
0.674 0.719 0 0.005
0.675 0.133 0 0.005
0.675 0.528 0 0.005
0.676 0.074 0 0.005
0.676 0.435 0 0.005
0.676 0.468 0 0.005
0.676 0.485 0 0.005
0.676 0.497 0 0.005
0.676 0.622 0 0.005
0.676 0.773 0 0.005
0.677 0.288 0 0.005
0.677 0.308 0 0.005
0.6833333333333333 0.10633333333333334 0 0.005
0.678 0.415 0 0.005
0.678 0.607 0 0.005
0.678 0.946 0 0.005
0.679 0.05 0 0.005
0.679 0.334 0 0.005
0.679 0.451 0 0.005
0.679 0.516 0 0.005
0.679 0.814 0 0.005
0.68 0.387 0 0.005
0.6825 0.8825 0 0.005
0.681 0.346 0 0.005
0.681 0.934 0 0.005
0.681 0.98 0 0.005
0.682 0.028 0 0.005
0.682 0.559 0 0.005
0.682 0.858 0 0.005
0.683 0.147 0 0.005
0.683 0.168 0 0.005
0.683 0.363 0 0.005
0.683 0.967 0 0.005
0.684 0.729 0 0.005
0.685 0.682 0 0.005
0.685 0.746 0 0.005
0.685 0.793 0 0.005
0.686 0.698 0 0.005
0.687 0.003763440860215054 0 0.005
0.687 0.298 0 0.005
0.688 0.472 0 0.005
0.688 0.489 0 0.005
0.688 0.574 0 0.005
0.688 0.647 0 0.005
0.688 0.713 0 0.005
0.691 0.8995 0 0.005
0.688 0.992 0 0.005
0.689 0.133 0 0.005
0.689 0.228 0 0.005
0.689 0.378 0 0.005
0.689 0.437 0 0.005
0.689 0.459 0 0.005
0.689 0.525 0 0.005
0.6915 0.8515 0 0.005
0.69 0.064 0 0.005
0.694 0.0805 0 0.005
0.69 0.589 0 0.005
0.691 0.55 0 0.005
0.691 0.666 0 0.005
0.691 0.778 0 0.005
0.692 0.259 0 0.005
0.692 0.611 0 0.005
0.692 0.819 0 0.005
0.693 0.19 0 0.005
0.6975 0.404 0 0.005
0.6975 0.507 0 0.005
0.6975 0.92 0 0.005
0.694 0.043 0 0.005
0.694 0.275 0 0.005
0.694 0.937 0 0.005
0.695 0.971 0 0.005
0.696 0.105 0 0.005
0.696 0.625 0 0.005
0.696 0.738 0 0.005
0.696 0.802 0 0.005
0.697 0.031 0 0.005
0.697 0.834 0 0.005
0.698 0.014 0 0.005
0.698 0.368 0 0.005
0.698 0.566 0 0.005
0.699 0.117 0 0.005
0.699 0.299 0 0.005
0.699 0.322 0 0.005
0.699 0.424 0 0.005
0.7 0.699 0 0.005
0.701 0.003268292682926829 0 0.005
0.701 0.237 0 0.005
0.701 0.382 0 0.005
0.701 0.873 0 0.005
0.701 0.956 0 0.005
0.701 0.9952365591397849 0 0.005
0.702 0.525 0 0.005
0.702 0.59 0 0.005
0.702 0.603 0 0.005
0.702 0.651 0 0.005
0.703 0.18 0 0.005
0.703 0.206 0 0.005
0.703 0.484 0 0.005
0.703 0.639 0 0.005
0.704 0.062 0 0.005
0.704 0.263 0 0.005
0.704 0.44 0 0.005
0.704 0.461 0 0.005
0.704 0.752 0 0.005
0.705 0.147 0 0.005
0.705 0.162 0 0.005
0.7085 0.351 0 0.005
0.709 0.5565 0 0.005
0.706 0.72 0 0.005
0.707 0.097 0 0.005
0.707 0.219 0 0.005
0.707 0.277 0 0.005
0.707 0.577 0 0.005
0.707 0.773 0 0.005
0.707 0.822 0 0.005
0.707 0.891 0 0.005
0.709 0.33 0 0.005
0.709 0.684 0 0.005
0.71 0.627 0 0.005
0.71 0.946 0 0.005
0.711 0.019 0 0.005
0.711 0.669 0 0.005
0.711 0.904 0 0.005
0.712 0.613 0 0.005
0.717 0.2275 0 0.005
0.713 0.378 0 0.005
0.713 0.874 0 0.005
0.714 0.077 0 0.005
0.714 0.393 0 0.005
0.714 0.52 0 0.005
0.714 0.589 0 0.005
0.714 0.744 0 0.005
0.714 0.799 0 0.005
0.715 0.485 0 0.005
0.715 0.842 0 0.005
0.715 0.856 0 0.005
0.716 0.031 0 0.005
0.716 0.124 0 0.005
0.716 0.137 0 0.005
0.716 0.415 0 0.005
0.716 0.933 0 0.005
0.717 0.294 0 0.005
0.718 0.244 0 0.005
0.718 0.447 0 0.005
0.718 0.651 0 0.005
0.718 0.986 0 0.005
0.719 0.461 0 0.005
0.719 0.543 0 0.005
0.724 0.0605 0 0.005
0.72 0.316 0 0.005
0.72 0.954 0 0.005
0.721 0.008 0 0.005
0.721 0.173 0 0.005
0.721 0.272 0 0.005
0.721 0.501 0 0.005
0.721 0.693 0 0.005
0.721 0.824 0 0.005
0.721 0.919 0 0.005
0.722 0.346 0 0.005
0.723 0.02 0 0.005
0.723 0.092 0 0.005
0.723 0.573 0 0.005
0.723 0.707 0 0.005
0.724 0.106 0 0.005
0.724 0.26 0 0.005
0.724 0.672 0 0.005
0.725 0.158 0 0.005
0.725 0.555 0 0.005
0.725 0.616 0 0.005
0.725 0.974 0 0.005
0.726 0.042 0 0.005
0.726 0.196 0 0.005
0.726 0.211 0 0.005
0.726 0.382 0 0.005
0.726 0.595 0 0.005
0.726 0.727 0 0.005
0.726 0.739 0 0.005
0.727 0.781 0 0.005
0.7305 0.88 0 0.005
0.728 0.809 0 0.005
0.728 0.907 0 0.005
0.729 0.4 0 0.005
0.729 0.768 0 0.005
0.73 0.145 0 0.005
0.73 0.427 0 0.005
0.73 0.988 0 0.005
0.731 0.079 0 0.005
0.731 0.512 0 0.005
0.731 0.638 0 0.005
0.731 0.755 0 0.005
0.731 0.946 0 0.005
0.732 0.181 0 0.005
0.732 0.482 0 0.005
0.732 0.533 0 0.005
0.732 0.657 0 0.005
0.732 0.836 0 0.005
0.733 0.00434313725490196 0 0.005
0.733 0.123 0 0.005
0.733 0.821 0 0.005
0.734 0.288 0 0.005
0.734 0.605 0 0.005
0.735 0.92 0 0.005
0.736 0.227 0 0.005
0.736 0.239 0 0.005
0.737 0.253 0 0.005
0.737 0.314 0 0.005
0.737 0.375 0 0.005
0.737 0.547 0 0.005
0.737 0.625 0 0.005
0.737 0.712 0 0.005
0.738 0.348 0 0.005
0.738 0.496 0 0.005
0.7415 0.938 0 0.005
0.738 0.97 0 0.005
0.739 0.459 0 0.005
0.739 0.734 0 0.005
0.739 0.868 0 0.005
0.74 0.033 0 0.005
0.74 0.387 0 0.005
0.74 0.582 0 0.005
0.74 0.853 0 0.005
0.741 0.2 0 0.005
0.741 0.559 0 0.005
0.741 0.785 0 0.005
0.742 0.673 0 0.005
0.742 0.773 0 0.005
0.742 0.905 0 0.005
0.742 0.956 0 0.005
0.7455 0.2955 0 0.005
0.743 0.509 0 0.005
0.743 0.643 0 0.005
0.744 0.137 0 0.005
0.744 0.149 0 0.005
0.744 0.188 0 0.005
0.744 0.276 0 0.005
0.744 0.414 0 0.005
0.7516666666666666 0.7003333333333334 0 0.005
0.744 0.761 0 0.005
0.7565262096774193 0.9866370967741935 0 0.005
0.745 0.095 0 0.005
0.745 0.171 0 0.005
0.745 0.4 0 0.005
0.745 0.483 0 0.005
0.745 0.746 0 0.005
0.746 0.53 0 0.005
0.747 0.822 0 0.005
0.748 0.01 0 0.005
0.749 0.051 0 0.005
0.749 0.22 0 0.005
0.749 0.237 0 0.005
0.749 0.437 0 0.005
0.749 0.66 0 0.005
0.749 0.721 0 0.005
0.749 0.892 0 0.005
0.75 0.803 0 0.005
0.751 0.023 0 0.005
0.751 0.083 0 0.005
0.751 0.835 0 0.005
0.752 0.257 0 0.005
0.752 0.336 0 0.005
0.752 0.582 0 0.005
0.753 0.107 0 0.005
0.753 0.551 0 0.005
0.753 0.925 0 0.005
0.754 0.039 0 0.005
0.755 0.563 0 0.005
0.755 0.624 0 0.005
0.756 0.12 0 0.005
0.756 0.193 0 0.005
0.756 0.387 0 0.005
0.756 0.499 0 0.005
0.757 0.142 0 0.005
0.757 0.324 0 0.005
0.757 0.36 0 0.005
0.7595 0.4075 0 0.005
0.757 0.472 0 0.005
0.757 0.638 0 0.005
0.757 0.853 0 0.005
0.757 0.938 0 0.005
0.758 0.095 0 0.005
0.758 0.769 0 0.005
0.7656666666666666 0.884 0 0.005
0.7645 0.285 0 0.005
0.759 0.451 0 0.005
0.759 0.521 0 0.005
0.759 0.599 0 0.005
0.759 0.748 0 0.005
0.7615 0.9075 0 0.005
0.759 0.952 0 0.005
0.76 0.065 0 0.005
0.76 0.374 0 0.005
0.76 0.486 0 0.005
0.76 0.534 0 0.005
0.761 0.346 0 0.005
0.7665 0.608 0 0.005
0.761 0.659 0 0.005
0.761 0.683 0 0.005
0.762 0.215 0 0.005
0.762 0.797 0 0.005
0.7665 0.149 0 0.005
0.763 0.232 0 0.005
0.763 0.31 0 0.005
0.763 0.427 0 0.005
0.764 0.016 0 0.005
0.764 0.816 0 0.005
0.765 0.829 0 0.005
0.766 0.51 0 0.005
0.766 0.671 0 0.005
0.766 0.737 0 0.005
0.766 0.869 0 0.005
0.768 0.104 0 0.005
0.768 0.2 0 0.005
0.768 0.262 0 0.005
0.773 0.9685 0 0.005
0.769 0.124 0 0.005
0.769 0.166 0 0.005
0.769 0.857 0 0.005
0.77 0.245 0 0.005
0.77 0.441 0 0.005
0.771 0.548 0 0.005
0.771 0.784 0 0.005
0.772 0.041 0 0.005
0.7765 0.486 0 0.005
0.772 0.704 0 0.005
0.777 0.9385 0 0.005
0.773 0.077 0 0.005
0.773 0.592 0 0.005
0.774 0.343 0 0.005
0.777 0.5685 0 0.005
0.774 0.692 0 0.005
0.7805 0.0085 0 0.005
0.775 0.33 0 0.005
0.7805 0.3655 0 0.005
0.776 0.527 0 0.005
0.776 0.637 0 0.005
0.776 0.917 0 0.005
0.777 0.062 0 0.005
0.777 0.181 0 0.005
0.777 0.809 0 0.005
0.778 0.38 0 0.005
0.7835 0.395 0 0.005
0.778 0.451 0 0.005
0.778 0.75 0 0.005
0.778 0.956 0 0.005
0.779 0.211 0 0.005
0.779 0.769 0 0.005
0.78 0.136 0 0.005
0.78 0.157 0 0.005
0.78 0.615 0 0.005
0.78 0.836 0 0.005
0.78 0.994 0 0.005
0.781 0.467 0 0.005
0.781 0.513 0 0.005
0.781 0.895 0 0.005
0.786 0.1045 0 0.005
0.782 0.734 0 0.005
0.782 0.791 0 0.005
0.783 0.121 0 0.005
0.783 0.303 0 0.005
0.783 0.438 0 0.005
0.783 0.539 0 0.005
0.783 0.855 0 0.005
0.784 0.582 0 0.005
0.784 0.668 0 0.005
0.786 0.28 0 0.005
0.786 0.323 0 0.005
0.787 0.257 0 0.005
0.787 0.346 0 0.005
0.787 0.689 0 0.005
0.787 0.924 0 0.005
0.788 0.226 0 0.005
0.789 0.635 0 0.005
0.7955 0.0775 0 0.005
0.79 0.912 0 0.005
0.791 0.191 0 0.005
0.796 0.7185 0 0.005
0.791 0.865 0 0.005
0.797 0.0255 0 0.005
0.792 0.045 0 0.005
0.792 0.413 0 0.005
0.7975 0.6555 0 0.005
0.792 0.809 0 0.005
0.792 0.885 0 0.005
0.793 0.241 0 0.005
0.793 0.495 0 0.005
0.798 0.5315 0 0.005
0.793 0.984 0 0.005
0.794 0.461 0 0.005
0.794 0.478 0 0.005
0.795 0.6 0 0.005
0.8026666666666666 0.9443333333333334 0 0.005
0.796 0.097 0 0.005
0.796 0.179 0 0.005
0.796 0.308 0 0.005
0.8025 0.581 0 0.005
0.8 0.7555 0 0.005
0.797 0.787 0 0.005
0.797 0.971 0 0.005
0.798 0.554 0 0.005
0.798 0.703 0 0.005
0.8035 0.845 0 0.005
0.799 0.061 0 0.005
0.799 0.278 0 0.005
0.799 0.327 0 0.005
0.8 0.154 0 0.005
0.8 0.292 0 0.005
0.8 0.92 0 0.005
0.8065 0.1215 0 0.005
0.801 0.362 0 0.005
0.8035 0.4235 0 0.005
0.801 0.615 0 0.005
0.801 0.826 0 0.005
0.801 0.9 0 0.005
0.802 0.377 0 0.005
0.802 0.9957317073170732 0 0.005
0.803 0.514 0 0.005
0.803 0.68 0 0.005
0.804 0.136 0 0.005
0.804 0.444 0 0.005
0.804 0.566 0 0.005
0.804 0.865 0 0.005
0.805 0.087 0 0.005
0.805 0.256 0 0.005
0.805 0.799 0 0.005
0.811 0.0435 0 0.005
0.8125 0.4 0 0.005
0.808 0.211 0 0.005
0.808 0.495 0 0.005
0.808 0.964 0 0.005
0.809 0.195 0 0.005
0.809 0.764 0 0.005
0.8145 0.224 0 0.005
0.81 0.335 0 0.005
0.81 0.91 0 0.005
0.811 0.479 0 0.005
0.811 0.554 0 0.005
0.811 0.601 0 0.005
0.812 0.104 0 0.005
0.8145 0.7255 0 0.005
0.812 0.833 0 0.005
0.812 0.93 0 0.005
0.813 0.015 0 0.005
0.813 0.171 0 0.005
0.813 0.288 0 0.005
0.813 0.349 0 0.005
0.813 0.614 0 0.005
0.813 0.893 0 0.005
0.814 0.521 0 0.005
0.814 0.878 0 0.005
0.815 0.316 0 0.005
0.815 0.436 0 0.005
0.815 0.632 0 0.005
0.815 0.686 0 0.005
0.815 0.743 0 0.005
0.816 0.067 0 0.005
0.817 0.088 0 0.005
0.817 0.146 0 0.005
0.818 0.651 0 0.005
0.819 0.664 0 0.005
0.819 0.698 0 0.005
0.819 0.773 0 0.005
0.819 0.811 0 0.005
0.819 0.9967166666666667 0 0.005
0.82 0.244 0 0.005
0.823 0.3785 0 0.005
0.82 0.858 0 0.005
0.821 0.266 0 0.005
0.822 0.232 0 0.005
0.822 0.41 0 0.005
0.822 0.496 0 0.005
0.822 0.54 0 0.005
0.822 0.975 0 0.005
0.823 0.026 0 0.005
0.823 0.19 0 0.005
0.823 0.484 0 0.005
0.823 0.562 0 0.005
0.8285 0.599 0 0.005
0.8265 0.954 0 0.005
0.824 0.00434313725490196 0 0.005
0.824 0.16 0 0.005
0.824 0.208 0 0.005
0.824 0.579 0 0.005
0.824 0.732 0 0.005
0.824 0.914 0 0.005
0.825 0.13 0 0.005
0.825 0.33 0 0.005
0.825 0.346 0 0.005
0.8305 0.7615 0 0.005
0.825 0.796 0 0.005
0.826 0.425 0 0.005
0.826 0.445 0 0.005
0.8315 0.4605 0 0.005
0.826 0.509 0 0.005
0.826 0.93 0 0.005
0.827 0.472 0 0.005
0.829 0.278 0 0.005
0.829 0.626 0 0.005
0.829 0.686 0 0.005
0.829 0.884 0 0.005
0.83 0.04 0 0.005
0.83 0.53 0 0.005
0.83 0.782 0 0.005
0.831 0.257 0 0.005
0.831 0.745 0 0.005
0.831 0.901 0 0.005
0.832 0.224 0 0.005
0.833 0.095 0 0.005
0.833 0.857 0 0.005
0.834 0.068 0 0.005
0.834 0.2 0 0.005
0.834 0.298 0 0.005
0.834 0.396 0 0.005
0.835 0.028 0 0.005
0.835 0.175 0 0.005
0.835 0.317 0 0.005
0.835 0.409 0 0.005
0.835 0.642 0 0.005
0.835 0.663 0 0.005
0.835 0.712 0 0.005
0.836 0.831 0 0.005
0.84 0.1175 0 0.005
0.837 0.239 0 0.005
0.837 0.922 0 0.005
0.838 0.356 0 0.005
0.838 0.972 0 0.005
0.84 0.081 0 0.005
0.84 0.135 0 0.005
0.84 0.384 0 0.005
0.84 0.539 0 0.005
0.84 0.562 0 0.005
0.84 0.818 0 0.005
0.841 0.612 0 0.005
0.842 0.332 0 0.005
0.843 0.865 0 0.005
0.844 0.149 0 0.005
0.844 0.282 0 0.005
0.844 0.452 0 0.005
0.844 0.477 0 0.005
0.844 0.507 0 0.005
0.844 0.582 0 0.005
0.844 0.703 0 0.005
0.845 0.671 0 0.005
0.845 0.777 0 0.005
0.845 0.9967166666666667 0 0.005
0.846 0.095 0 0.005
0.846 0.631 0 0.005
0.846 0.653 0 0.005
0.846 0.683 0 0.005
0.846 0.736 0 0.005
0.846 0.804 0 0.005
0.847 0.184 0 0.005
0.847 0.21 0 0.005
0.847 0.372 0 0.005
0.847 0.427 0 0.005
0.848 0.55 0 0.005
0.848 0.716 0 0.005
0.848 0.838 0 0.005
0.848 0.899 0 0.005
0.849 0.168 0 0.005
0.849 0.982 0 0.005
0.85 0.229 0 0.005
0.85 0.413 0 0.005
0.85 0.922 0 0.005
0.8525 0.9485 0 0.005
0.8535 0.2645 0 0.005
0.851 0.31 0 0.005
0.851 0.394 0 0.005
0.852 0.322 0 0.005
0.852 0.496 0 0.005
0.853 0.032 0 0.005
0.853 0.759 0 0.005
0.8625 0.234 0 0.005
0.854 0.786 0 0.005
0.854 0.85 0 0.005
0.855 0.442 0 0.005
0.855 0.567 0 0.005
0.855 0.824 0 0.005
0.856 0.157 0 0.005
0.856 0.478 0 0.005
0.856 0.523 0 0.005
0.8585 0.6505 0 0.005
0.857 0.008 0 0.005
0.857 0.465 0 0.005
0.857 0.51 0 0.005
0.857 0.579 0 0.005
0.857 0.598 0 0.005
0.858 0.058 0 0.005
0.858 0.336 0 0.005
0.858 0.673 0 0.005
0.858 0.733 0 0.005
0.859 0.114 0 0.005
0.859 0.708 0 0.005
0.859 0.805 0 0.005
0.86 0.299 0 0.005
0.864 0.3765 0 0.005
0.865 0.5475 0 0.005
0.86 0.745 0 0.005
0.861 0.075 0 0.005
0.861 0.171 0 0.005
0.862 0.023 0 0.005
0.862 0.042 0 0.005
0.863 0.139 0 0.005
0.863 0.258 0 0.005
0.868 0.4495 0 0.005
0.863 0.686 0 0.005
0.863 0.926 0 0.005
0.863 0.94 0 0.005
0.863 0.975 0 0.005
0.863 0.991 0 0.005
0.864 0.497 0 0.005
0.864 0.87 0 0.005
0.864 0.884 0 0.005
0.864 0.912 0 0.005
0.865 0.188 0 0.005
0.865 0.354 0 0.005
0.865 0.396 0 0.005
0.865 0.414 0 0.005
0.865 0.428 0 0.005
0.865 0.608 0 0.005
0.865 0.62 0 0.005
0.866 0.2 0 0.005
0.866 0.784 0 0.005
0.867 0.087 0 0.005
0.867 0.765 0 0.005
0.87 0.124 0 0.005
0.87 0.574 0 0.005
0.87 0.84 0 0.005
0.871 0.003763440860215054 0 0.005
0.871 0.11 0 0.005
0.871 0.315 0 0.005
0.871 0.73 0 0.005
0.871 0.753 0 0.005
0.872 0.524 0 0.005
0.872 0.561 0 0.005
0.872 0.713 0 0.005
0.872 0.856 0 0.005
0.872 0.961 0 0.005
0.873 0.03 0 0.005
0.873 0.301 0 0.005
0.873 0.329 0 0.005
0.873 0.632 0 0.005
0.873 0.652 0 0.005
0.874 0.283 0 0.005
0.874 0.593 0 0.005
0.875 0.154 0 0.005
0.875 0.806 0 0.005
0.876 0.077 0 0.005
0.876 0.366 0 0.005
0.876 0.461 0 0.005
0.876 0.476 0 0.005
0.876 0.934 0 0.005
0.877 0.433 0 0.005
0.878 0.184 0 0.005
0.878 0.491 0 0.005
0.8843333333333334 0.6673333333333333 0 0.005
0.88 0.019 0 0.005
0.88 0.2 0 0.005
0.8855 0.346 0 0.005
0.88 0.792 0 0.005
0.88 0.902 0 0.005
0.88 0.9967166666666667 0 0.005
0.881 0.054 0 0.005
0.881 0.102 0 0.005
0.881 0.513 0 0.005
0.881 0.604 0 0.005
0.882 0.378 0 0.005
0.882 0.687 0 0.005
0.882 0.775 0 0.005
0.882 0.832 0 0.005
0.882 0.87 0 0.005
0.883 0.987 0 0.005
0.884 0.042 0 0.005
0.8895 0.1625 0 0.005
0.884 0.707 0 0.005
0.884 0.725 0 0.005
0.885 0.746 0 0.005
0.8905 0.13 0 0.005
0.886 0.219 0 0.005
0.886 0.268 0 0.005
0.886 0.317 0 0.005
0.886 0.965 0 0.005
0.887 0.405 0 0.005
0.8966666666666666 0.8506666666666667 0 0.005
0.888 0.634 0 0.005
0.8905 0.9195 0 0.005
0.889 0.542 0 0.005
0.889 0.582 0 0.005
0.889 0.621 0 0.005
0.889 0.804 0 0.005
0.889 0.859 0 0.005
0.889 0.952 0 0.005
0.89 0.03 0 0.005
0.8945 0.244 0 0.005
0.89 0.291 0 0.005
0.89 0.45 0 0.005
0.891 0.072 0 0.005
0.891 0.332 0 0.005
0.891 0.646 0 0.005
0.891 0.82 0 0.005
0.892 0.01 0 0.005
0.892 0.2 0 0.005
0.892 0.361 0 0.005
0.9063333333333333 0.42083333333333334 0 0.005
0.892 0.48 0 0.005
0.892 0.9967166666666667 0 0.005
0.893 0.88 0 0.005
0.894 0.175 0 0.005
0.894 0.468 0 0.005
0.894 0.736 0 0.005
0.895 0.109 0 0.005
0.895 0.602 0 0.005
0.895 0.768 0 0.005
0.896 0.227 0 0.005
0.896 0.556 0 0.005
0.896 0.94 0 0.005
0.897 0.088 0 0.005
0.898 0.14 0 0.005
0.898 0.314 0 0.005
0.898 0.376 0 0.005
0.898 0.518 0 0.005
0.898 0.718 0 0.005
0.9015 0.749 0 0.005
0.898 0.898 0 0.005
0.899 0.439 0 0.005
0.899 0.671 0 0.005
0.899 0.693 0 0.005
0.899 0.796 0 0.005
0.9 0.063 0 0.005
0.9 0.389 0 0.005
0.9 0.783 0 0.005
0.9 0.925 0 0.005
0.901 0.492 0 0.005
0.901 0.589 0 0.005
0.902 0.277 0 0.005
0.902 0.293 0 0.005
0.902 0.658 0 0.005
0.906 0.9875 0 0.005
0.904 0.216 0 0.005
0.905 0.02 0 0.005
0.905 0.203 0 0.005
0.905 0.263 0 0.005
0.905 0.547 0 0.005
0.905 0.619 0 0.005
0.905 0.834 0 0.005
0.905 0.958 0 0.005
0.906 0.45 0 0.005
0.906 0.633 0 0.005
0.906 0.971 0 0.005
0.907 0.159 0 0.005
0.907 0.238 0 0.005
0.907 0.305 0 0.005
0.907 0.346 0 0.005
0.907 0.367 0 0.005
0.907 0.576 0 0.005
0.9105 0.0395 0 0.005
0.908 0.075 0 0.005
0.909 0.097 0 0.005
0.909 0.331 0 0.005
0.909 0.475 0 0.005
0.909 0.507 0 0.005
0.909 0.764 0 0.005
0.909 0.812 0 0.005
0.91 0.944 0 0.005
0.911 0.007 0 0.005
0.911 0.173 0 0.005
0.912 0.057 0 0.005
0.912 0.186 0 0.005
0.912 0.379 0 0.005
0.912 0.729 0 0.005
0.913 0.927 0 0.005
0.9175 0.246 0 0.005
0.914 0.597 0 0.005
0.914 0.788 0 0.005
0.915 0.395 0 0.005
0.915 0.912 0 0.005
0.916 0.284 0 0.005
0.916 0.539 0 0.005
0.916 0.557 0 0.005
0.916 0.645 0 0.005
0.916 0.899 0 0.005
0.917 0.122 0 0.005
0.917 0.144 0 0.005
0.917 0.527 0 0.005
0.917 0.664 0 0.005
0.917 0.742 0 0.005
0.918 0.229 0 0.005
0.918 0.454 0 0.005
0.918 0.801 0 0.005
0.919 0.021 0 0.005
0.919 0.32 0 0.005
0.919 0.714 0 0.005
0.919 0.887 0 0.005
0.919 0.976 0 0.005
0.92 0.266 0 0.005
0.92 0.488 0 0.005
0.92 0.569 0 0.005
0.9225 0.8575 0 0.005
0.921 0.211 0 0.005
0.921 0.7 0 0.005
0.922 0.352 0 0.005
0.922 0.822 0 0.005
0.922 0.836 0 0.005
0.9275 0.959 0 0.005
0.923 0.093 0 0.005
0.923 0.197 0 0.005
0.923 0.297 0 0.005
0.923 0.509 0 0.005
0.923 0.682 0 0.005
0.923 0.989 0 0.005
0.924 0.158 0 0.005
0.925 0.105 0 0.005
0.925 0.474 0 0.005
0.925 0.611 0 0.005
0.925 0.624 0 0.005
0.926 0.058 0 0.005
0.926 0.789 0 0.005
0.926 0.945 0 0.005
0.927 0.173 0 0.005
0.927 0.338 0 0.005
0.9295 0.7465 0 0.005
0.928 0.0022833333333333334 0 0.005
0.928 0.072 0 0.005
0.928 0.559 0 0.005
0.928 0.585 0 0.005
0.928 0.729 0 0.005
0.928 0.764 0 0.005
0.929 0.129 0 0.005
0.929 0.141 0 0.005
0.929 0.406 0 0.005
0.929 0.541 0 0.005
0.93 0.035 0 0.005
0.93 0.432 0 0.005
0.93 0.652 0 0.005
0.942 0.011 0 0.005
0.936 0.1135 0 0.005
0.931 0.378 0 0.005
0.931 0.874 0 0.005
0.932 0.25 0 0.005
0.932 0.444 0 0.005
0.932 0.664 0 0.005
0.932 0.717 0 0.005
0.932 0.806 0 0.005
0.934 0.318 0 0.005
0.934 0.597 0 0.005
0.935 0.493 0 0.005
0.935 0.7 0 0.005
0.9375 0.8255 0 0.005
0.936 0.186 0 0.005
0.936 0.2 0 0.005
0.9415 0.282 0 0.005
0.936 0.86 0 0.005
0.937 0.085 0 0.005
0.937 0.46 0 0.005
0.937 0.473 0 0.005
0.937 0.613 0 0.005
0.937 0.889 0 0.005
0.937 0.905 0 0.005
0.937 0.923 0 0.005
0.938 0.419 0 0.005
0.939 0.935 0 0.005
0.94 0.515 0 0.005
0.94 0.674 0 0.005
0.94 0.969 0 0.005
0.941 0.025 0 0.005
0.941 0.043 0 0.005
0.941 0.097 0 0.005
0.941 0.301 0 0.005
0.941 0.342 0 0.005
0.941 0.778 0 0.005
0.943 0.534 0 0.005
0.9485 0.984 0 0.005
0.944 0.235 0 0.005
0.944 0.36 0 0.005
0.944 0.579 0 0.005
0.944 0.636 0 0.005
0.945 0.213 0 0.005
0.945 0.402 0 0.005
0.945 0.792 0 0.005
0.946 0.063 0 0.005
0.951 0.2655 0 0.005
0.946 0.376 0 0.005
0.946 0.482 0 0.005
0.951 0.9565 0 0.005
0.947 0.16 0 0.005
0.947 0.6 0 0.005
0.948 0.076 0 0.005
0.948 0.556 0 0.005
0.948 0.761 0 0.005
0.949 0.147 0 0.005
0.949 0.618 0 0.005
0.95 0.496 0 0.005
0.95 0.736 0 0.005
0.951 0.453 0 0.005
0.951 0.871 0 0.005
0.952 0.425 0 0.005
0.952 0.819 0 0.005
0.952 0.92 0 0.005
0.952 0.936 0 0.005
0.953 0.226 0 0.005
0.953 0.69 0 0.005
0.953 0.724 0 0.005
0.954 0.103 0 0.005
0.954 0.653 0 0.005
0.954 0.833 0 0.005
0.955 0.045 0 0.005
0.955 0.326 0 0.005
0.955 0.803 0 0.005
0.955 0.907 0 0.005
0.956 0.175 0 0.005
0.956 0.29 0 0.005
0.956 0.392 0 0.005
0.956 0.853 0 0.005
0.9625 0.117 0 0.005
0.957 0.209 0 0.005
0.957 0.407 0 0.005
0.957 0.539 0 0.005
0.958 0.057 0 0.005
0.958 0.303 0 0.005
0.958 0.571 0 0.005
0.958 0.591 0 0.005
0.962 0.7045 0 0.005
0.959 0.025 0 0.005
0.959 0.346 0 0.005
0.959 0.375 0 0.005
0.959 0.671 0 0.005
0.959 0.887 0 0.005
0.96 0.086 0 0.005
0.96 0.157 0 0.005
0.96 0.243 0 0.005
0.96 0.765 0 0.005
0.961 0.255 0 0.005
0.961 0.47 0 0.005
0.961 0.612 0 0.005
0.962 0.069 0 0.005
0.962 0.132 0 0.005
0.962 0.625 0 0.005
0.962 0.777 0 0.005
0.9675 0.363 0 0.005
0.963 0.449 0 0.005
0.963 0.87 0 0.005
0.964 0.514 0 0.005
0.964 0.526 0 0.005
0.9695 0.927 0 0.005
0.966 0.006 0 0.005
0.966 0.145 0 0.005
0.966 0.19 0 0.005
0.966 0.789 0 0.005
0.967 0.322 0 0.005
0.968 0.099 0 0.005
0.968 0.176 0 0.005
0.968 0.486 0 0.005
0.968 0.682 0 0.005
0.969 0.036 0 0.005
0.969 0.413 0 0.005
0.969 0.896 0 0.005
0.97 0.541 0 0.005
0.97 0.838 0 0.005
0.97 0.851 0 0.005
0.97 0.969 0 0.005
0.97 0.984 0 0.005
0.97 0.996225352112676 0 0.005
0.971 0.216 0 0.005
0.971 0.558 0 0.005
0.971 0.651 0 0.005
0.971 0.735 0 0.005
0.972 0.381 0 0.005
0.972 0.95 0 0.005
0.9826666666666666 0.2596666666666667 0 0.005
0.973 0.471 0 0.005
0.974 0.241 0 0.005
0.974 0.572 0 0.005
0.974 0.598 0 0.005
0.974 0.814 0 0.005
0.974 0.882 0 0.005
0.975 0.02 0 0.005
0.975 0.073 0 0.005
0.975 0.35 0 0.005
0.976 0.061 0 0.005
0.976 0.154 0 0.005
0.976 0.499 0 0.005
0.976 0.514 0 0.005
0.977 0.87 0 0.005
0.978 0.129 0 0.005
0.978 0.628 0 0.005
0.978 0.664 0 0.005
0.979 0.205 0 0.005
0.979 0.29 0 0.005
0.979 0.433 0 0.005
0.979 0.724 0 0.005
0.979 0.793 0 0.005
0.98 0.183 0 0.005
0.98 0.306 0 0.005
0.983 0.3865 0 0.005
0.98 0.765 0 0.005
0.98 0.961 0 0.005
0.981 0.75 0 0.005
0.981 0.977 0 0.005
0.982 0.009 0 0.005
0.982 0.033 0 0.005
0.982 0.421 0 0.005
0.982 0.609 0 0.005
0.982 0.688 0 0.005
0.982 0.938 0 0.005
0.982 0.993 0 0.005
0.983 0.32 0 0.005
0.988 0.4785 0 0.005
0.983 0.7 0 0.005
0.983 0.853 0 0.005
0.984 0.085 0 0.005
0.984 0.529 0 0.005
0.985 0.46 0 0.005
0.985 0.584 0 0.005
0.986 0.342 0 0.005
0.986 0.884 0 0.005
0.986 0.91 0 0.005
0.987 0.099 0 0.005
0.987 0.555 0 0.005
0.988 0.368 0 0.005
0.988 0.813 0 0.005
0.989 0.278 0 0.005
0.989 0.567 0 0.005
0.99 0.169 0 0.005
0.99 0.192 0 0.005
0.991 0.231 0 0.005
0.991 0.355 0 0.005
0.991 0.411 0 0.005
0.991 0.439 0 0.005
0.991 0.773 0 0.005
0.991 0.828 0 0.005
0.991 0.95 0 0.005
0.992 0.502 0 0.005
0.992 0.864 0 0.005
0.992 0.965 0 0.005
0.993 0.141 0 0.005
0.993 0.656 0 0.005
0.994 0.00434313725490196 0 0.005
0.994 0.12 0 0.005
0.994 0.691 0 0.005
0.994 0.71 0 0.005
0.994656862745098 0.072 0 0.005
0.994656862745098 0.296 0 0.005
0.994656862745098 0.395 0 0.005
0.994656862745098 0.673 0 0.005
0.9952365591397849 0.017 0 0.005
0.9952365591397849 0.155 0 0.005
0.9952365591397849 0.204 0 0.005
0.9952365591397849 0.328 0 0.005
0.9952365591397849 0.601 0 0.005
0.9952365591397849 0.614 0 0.005
0.9952365591397849 0.747 0 0.005
0.9952365591397849 0.759 0 0.005
0.9952365591397849 0.803 0 0.005
0.9952365591397849 0.992 0 0.005
0.9957317073170732 0.058 0 0.005
0.9957317073170732 0.088 0 0.005
0.9957317073170732 0.316 0 0.005
0.9957317073170732 0.458 0 0.005
0.9957317073170732 0.487 0 0.005
0.9957317073170732 0.523 0 0.005
0.9957317073170732 0.578 0 0.005
0.9957317073170732 0.732 0 0.005
0.9957317073170732 0.786 0 0.005
0.9957317073170732 0.919 0 0.005
0.996225352112676 0.642 0 0.005
0.996225352112676 0.883 0 0.005
0.9967166666666667 0.108 0 0.005
0.9967166666666667 0.626 0 0.005
0.9967166666666667 0.853 0 0.005
0.9967166666666667 0.938 0 0.005
