0.028 0.178 0 0.005
0.038 0.744 0 0.005
0.061 0.214 0 0.005
0.091 0.566 0 0.005
0.103 0.952 0 0.005
0.105 0.595 0 0.005
0.108 0.445 0 0.005
0.14 0.296 0 0.005
0.147 0.5 0 0.005
0.18 0.463 0 0.005
0.194 0.00434313725490196 0 0.005
0.197 0.767 0 0.005
0.203 0.671 0 0.005
0.204 0.893 0 0.005
0.212 0.659 0 0.005
0.213 0.622 0 0.005
0.213 0.645 0 0.005
0.216 0.594 0 0.005
0.245 0.156 0 0.005
0.263 0.51 0 0.005
0.271 0.724 0 0.005
0.274 0.445 0 0.005
0.278 0.385 0 0.005
0.292 0.235 0 0.005
0.297 0.566 0 0.005
0.299 0.741 0 0.005
0.321 0.942 0 0.005
0.324 0.808 0 0.005
0.335 0.03 0 0.005
0.335 0.241 0 0.005
0.344 0.473 0 0.005
0.345 0.353 0 0.005
0.387 0.143 0 0.005
0.391 0.711 0 0.005
0.4 0.115 0 0.005
0.408 0.65 0 0.005
0.425 0.505 0 0.005
0.443 0.712 0 0.005
0.47 0.07 0 0.005
0.474 0.565 0 0.005
0.474 0.976 0 0.005
0.519 0.531 0 0.005
0.531 0.578 0 0.005
0.533 0.66 0 0.005
0.545 0.163 0 0.005
0.549 0.66 0 0.005
0.549 0.838 0 0.005
0.573 0.723 0 0.005
0.575 0.883 0 0.005
0.603 0.825 0 0.005
0.617 0.841 0 0.005
0.619 0.736 0 0.005
0.633 0.122 0 0.005
0.663 0.641 0 0.005
0.69 0.821 0 0.005
0.692 0.06 0 0.005
0.699 0.128 0 0.005
0.699 0.856 0 0.005
0.71 0.912 0 0.005
0.73 0.93 0 0.005
0.745 0.316 0 0.005
0.752 0.106 0 0.005
0.756 0.364 0 0.005
0.76 0.957 0 0.005
0.761 0.153 0 0.005
0.785 0.054 0 0.005
0.795 0.721 0 0.005
0.804 0.336 0 0.005
0.822 0.616 0 0.005
0.838 0.394 0 0.005
0.839 0.0022833333333333334 0 0.005
0.84 0.036 0 0.005
0.853 0.796 0 0.005
0.865 0.948 0 0.005
0.87 0.404 0 0.005
0.88 0.68 0 0.005
0.881 0.167 0 0.005
0.892 0.248 0 0.005
0.897 0.101 0 0.005
0.927 0.705 0 0.005
0.932 0.312 0 0.005
0.946 0.253 0 0.005
0.95 0.846 0 0.005
0.957 0.217 0 0.005
0.96 0.506 0 0.005
0.964 0.979 0 0.005
0.985 0.142 0 0.005
0.993 0.782 0 0.005
