0.0027746478873239434 0.063 0 0.005
0.00434313725490196 0.142 0 0.005
0.0022833333333333334 0.322 0 0.005
0.005 0.388 0 0.005
0.0022833333333333334 0.494 0 0.005
0.003763440860215054 0.543 0 0.005
0.0027746478873239434 0.663 0 0.005
0.0022833333333333334 0.676 0 0.005
0.0027746478873239434 0.712 0 0.005
0.0027746478873239434 0.801 0 0.005
0.005 0.826 0 0.005
0.006 0.17 0 0.005
0.006 0.858 0 0.005
0.006 0.963 0 0.005
0.007 0.22 0 0.005
0.007 0.619 0 0.005
0.007 0.98 0 0.005
0.008 0.47 0 0.005
0.009 0.195 0 0.005
0.009 0.84 0 0.005
0.014 0.4325 0 0.005
0.01 0.57 0 0.005
0.011 0.076 0 0.005
0.011 0.752 0 0.005
0.011 0.878 0 0.005
0.012 0.341 0 0.005
0.012 0.705 0 0.005
0.013 0.022 0 0.005
0.013 0.249 0 0.005
0.013 0.768 0 0.005
0.014 0.799 0 0.005
0.014 0.929 0 0.005
0.015 0.311 0 0.005
0.016 0.054 0 0.005
0.016 0.527 0 0.005
0.017 0.365 0 0.005
0.017 0.386 0 0.005
0.018 0.234 0 0.005
0.019 0.501 0 0.005
0.019 0.588 0 0.005
0.021 0.401 0 0.005
0.021 0.954 0 0.005
0.022 0.039 0 0.005
0.022 0.607 0 0.005
0.022 0.632 0 0.005
0.0285 0.1765 0 0.005
0.023 0.968 0 0.005
0.024 0.542 0 0.005
0.024 0.699 0 0.005
0.025 0.193 0 0.005
0.026 0.252 0 0.005
0.026 0.877 0 0.005
0.027 0.711 0 0.005
0.028 0.089 0 0.005
0.028 0.153 0 0.005
0.028 0.774 0 0.005
0.029 0.383 0 0.005
0.0335 0.8 0 0.005
0.029 0.85 0 0.005
0.032 0.9155 0 0.005
0.03 0.122 0 0.005
0.031 0.326 0 0.005
0.032 0.067 0 0.005
0.033 0.267 0 0.005
0.033 0.462 0 0.005
0.033 0.864 0 0.005
0.033 0.956 0 0.005
0.034 0.827 0 0.005
0.035 0.208 0 0.005
0.035 0.413 0 0.005
0.035 0.483 0 0.005
0.035 0.576 0 0.005
0.035 0.66 0 0.005
0.038 0.6785 0 0.005
0.035 0.726 0 0.005
0.035 0.746 0 0.005
0.037 0.888 0 0.005
0.038 0.339 0 0.005
0.039 0.109 0 0.005
0.039 0.251 0 0.005
0.039 0.356 0 0.005
0.039 0.609 0 0.005
0.04 0.017 0 0.005
0.04 0.527 0 0.005
0.04 0.708 0 0.005
0.042 0.192 0 0.005
0.042 0.839 0 0.005
0.043 0.942 0 0.005
0.044 0.231 0 0.005
0.045 0.9967166666666667 0 0.005
0.046 0.155 0 0.005
0.046 0.18 0 0.005
0.047 0.209 0 0.005
0.051 0.8195 0 0.005
0.048 0.031 0 0.005
0.049 0.068 0 0.005
0.049 0.265 0 0.005
0.049 0.324 0 0.005
0.05 0.393 0 0.005
0.051 0.434 0 0.005
0.051 0.518 0 0.005
0.051 0.639 0 0.005
0.051 0.653 0 0.005
0.051 0.931 0 0.005
0.052 0.53 0 0.005
0.055 0.7045 0 0.005
0.054 0.907 0 0.005
0.055 0.045 0 0.005
0.055 0.123 0 0.005
0.056 0.895 0 0.005
0.057 0.362 0 0.005
0.057 0.732 0 0.005
0.057 0.944 0 0.005
0.058 0.499 0 0.005
0.058 0.777 0 0.005
0.059 0.168 0 0.005
0.062 0.386 0 0.005
0.062 0.862 0 0.005
0.063 0.273 0 0.005
0.063 0.296 0 0.005
0.063 0.312 0 0.005
0.064 0.015 0 0.005
0.064 0.2 0 0.005
0.065 0.527 0 0.005
0.065 0.97 0 0.005
0.066 0.141 0 0.005
0.066 0.456 0 0.005
0.066 0.748 0 0.005
0.066 0.808 0 0.005
0.067 0.407 0 0.005
0.069 0.027 0 0.005
0.069 0.368 0 0.005
0.0725 0.791 0 0.005
0.07 0.079 0 0.005
0.07 0.592 0 0.005
0.07 0.761 0 0.005
0.07 0.944 0 0.005
0.072 0.433 0 0.005
0.072 0.58 0 0.005
0.072 0.645 0 0.005
0.072 0.693 0 0.005
0.073 0.611 0 0.005
0.074 0.178 0 0.005
0.074 0.981 0 0.005
0.075 0.192 0 0.005
0.076 0.389 0 0.005
0.076 0.929 0 0.005
0.077 0.064 0 0.005
0.077 0.092 0 0.005
0.077 0.421 0 0.005
0.077 0.558 0 0.005
0.077 0.843 0 0.005
0.0825 0.147 0 0.005
0.078 0.261 0 0.005
0.078 0.445 0 0.005
0.079 0.495 0 0.005
0.079 0.517 0 0.005
0.079 0.956 0 0.005
0.08 0.227 0 0.005
0.081 0.323 0 0.005
0.081 0.539 0 0.005
0.082 0.684 0 0.005
0.083 0.0022833333333333334 0 0.005
0.083 0.306 0 0.005
0.0865 0.789 0 0.005
0.083 0.861 0 0.005
0.084 0.831 0 0.005
0.085 0.405 0 0.005
0.085 0.431 0 0.005
0.085 0.744 0 0.005
0.086 0.102 0 0.005
0.086 0.63 0 0.005
0.086 0.713 0 0.005
0.087 0.013 0 0.005
0.087 0.114 0 0.005
0.087 0.353 0 0.005
0.089 0.485 0 0.005
0.09 0.06 0 0.005
0.09 0.077 0 0.005
0.09 0.208 0 0.005
0.09 0.696 0 0.005
0.091 0.129 0 0.005
0.091 0.373 0 0.005
0.092 0.568 0 0.005
0.092 0.896 0 0.005
0.093 0.641 0 0.005
0.093 0.994 0 0.005
0.094 0.031 0 0.005
0.094 0.656 0 0.005
0.094 0.869 0 0.005
0.095 0.415 0 0.005
0.096 0.322 0 0.005
0.096 0.51 0 0.005
0.096 0.856 0 0.005
0.097 0.538 0 0.005
0.099 0.245 0 0.005
0.099 0.289 0 0.005
0.099 0.395 0 0.005
0.099 0.675 0 0.005
0.1 0.923 0 0.005
0.101 0.218 0 0.005
0.101 0.26 0 0.005
0.101 0.606 0 0.005
0.101 0.754 0 0.005
0.101 0.882 0 0.005
0.102 0.153 0 0.005
0.102 0.472 0 0.005
0.102 0.785 0 0.005
0.103 0.019 0 0.005
0.103 0.345 0 0.005
0.103 0.377 0 0.005
0.103 0.943 0 0.005
0.104 0.091 0 0.005
0.104 0.193 0 0.005
0.104 0.977 0 0.005
0.105 0.812 0 0.005
0.106 0.427 0 0.005
0.106 0.639 0 0.005
0.108 0.078 0 0.005
0.108 0.991 0 0.005
0.109 0.052 0 0.005
0.111 0.0022833333333333334 0 0.005
0.111 0.898 0 0.005
0.112 0.319 0 0.005
0.112 0.536 0 0.005
0.112 0.745 0 0.005
0.113 0.661 0 0.005
0.114 0.71 0 0.005
0.114 0.78 0 0.005
0.115 0.297 0 0.005
0.115 0.365 0 0.005
0.115 0.648 0 0.005
0.115 0.722 0 0.005
0.116 0.443 0 0.005
0.117 0.107 0 0.005
0.117 0.692 0 0.005
0.119 0.229 0 0.005
0.119 0.421 0 0.005
0.119 0.552 0 0.005
0.119 0.796 0 0.005
0.12 0.126 0 0.005
0.12 0.163 0 0.005
0.12 0.187 0 0.005
0.12 0.986 0 0.005
0.121 0.079 0 0.005
0.122 0.249 0 0.005
0.123 0.045 0 0.005
0.124 0.33 0 0.005
0.124 0.838 0 0.005
0.126 0.576 0 0.005
0.126 0.702 0 0.005
0.1285 0.9215 0 0.005
0.128 0.011 0 0.005
0.128 0.51 0 0.005
0.129 0.463 0 0.005
0.131 0.291 0 0.005
0.131 0.424 0 0.005
0.132 0.116 0 0.005
0.132 0.764 0 0.005
0.133 0.137 0 0.005
0.133 0.27 0 0.005
0.133 0.776 0 0.005
0.133 0.944 0 0.005
0.134 0.823 0 0.005
0.135 0.885 0 0.005
0.1435 0.4465 0 0.005
0.139 0.342 0 0.005
0.139 0.436 0 0.005
0.139 0.485 0 0.005
0.14 0.159 0 0.005
0.14 0.354 0 0.005
0.14 0.397 0 0.005
0.14 0.665 0 0.005
0.141 0.805 0 0.005
0.142 0.188 0 0.005
0.143 0.558 0 0.005
0.144 0.501 0 0.005
0.145 0.268 0 0.005
0.145 0.863 0 0.005
0.146 0.097 0 0.005
0.146 0.366 0 0.005
0.146 0.693 0 0.005
0.146 0.936 0 0.005
0.147 0.063 0 0.005
0.148 0.407 0 0.005
0.148 0.619 0 0.005
0.148 0.886 0 0.005
0.148 0.976 0 0.005
0.149 0.013 0 0.005
0.15 0.114 0 0.005
0.15 0.539 0 0.005
0.15 0.674 0 0.005
0.15 0.761 0 0.005
0.151 0.28 0 0.005
0.1565 0.316 0 0.005
0.151 0.921 0 0.005
0.152 0.38 0 0.005
0.152 0.479 0 0.005
0.152 0.57 0 0.005
0.153 0.456 0 0.005
0.153 0.749 0 0.005
0.155 0.141 0 0.005
0.156 0.208 0 0.005
0.156 0.25 0 0.005
0.156 0.904 0 0.005
0.157 0.725 0 0.005
0.157 0.845 0 0.005
0.157 0.9967166666666667 0 0.005
0.158 0.424 0 0.005
0.158 0.55 0 0.005
0.158 0.781 0 0.005
0.158 0.941 0 0.005
0.159 0.954 0 0.005
0.16 0.195 0 0.005
0.161 0.71 0 0.005
0.162 0.236 0 0.005
0.1655 0.0265 0 0.005
0.163 0.307 0 0.005
0.163 0.655 0 0.005
0.164 0.511 0 0.005
0.165 0.12 0 0.005
0.1695 0.345 0 0.005
0.166 0.159 0 0.005
0.167 0.052 0 0.005
0.167 0.763 0 0.005
0.168 0.078 0 0.005
0.168 0.438 0 0.005
0.168 0.572 0 0.005
0.169 0.283 0 0.005
0.17 0.492 0 0.005
0.171 0.261 0 0.005
0.1765 0.54 0 0.005
0.171 0.879 0 0.005
0.172 0.891 0 0.005
0.173 0.178 0 0.005
0.173 0.588 0 0.005
0.173 0.745 0 0.005
0.174 0.242 0 0.005
0.174 0.666 0 0.005
0.176 0.519 0 0.005
0.176 0.968 0 0.005
0.177 0.689 0 0.005
0.178 0.0027746478873239434 0 0.005
0.178 0.648 0 0.005
0.179 0.559 0 0.005
0.18 0.458 0 0.005
0.18 0.47 0 0.005
0.181 0.715 0 0.005
0.182 0.105 0 0.005
0.183 0.019 0 0.005
0.184 0.195 0 0.005
0.185 0.591 0 0.005
0.186 0.152 0 0.005
0.186 0.292 0 0.005
0.186 0.387 0 0.005
0.186 0.628 0 0.005
0.186 0.741 0 0.005
0.186 0.865 0 0.005
0.187 0.031 0 0.005
0.187 0.052 0 0.005
0.188 0.27 0 0.005
0.188 0.696 0 0.005
0.189 0.242 0 0.005
0.189 0.606 0 0.005
0.189 0.786 0 0.005
0.19 0.177 0 0.005
0.19 0.225 0 0.005
0.19 0.572 0 0.005
0.191 0.131 0 0.005
0.195 0.4445 0 0.005
0.193 0.882 0 0.005
0.194 0.109 0 0.005
0.194 0.516 0 0.005
0.194 0.81 0 0.005
0.194 0.911 0 0.005
0.194 0.962 0 0.005
0.195 0.014 0 0.005
0.196 0.095 0 0.005
0.196 0.715 0 0.005
0.197 0.317 0 0.005
0.197 0.486 0 0.005
0.199 0.301 0 0.005
0.199 0.645 0 0.005
0.199 0.833 0 0.005
0.2 0.282 0 0.005
0.2 0.56 0 0.005
0.201 0.411 0 0.005
0.201 0.59 0 0.005
0.2055 0.049 0 0.005
0.202 0.258 0 0.005
0.202 0.363 0 0.005
0.202 0.383 0 0.005
0.202 0.866 0 0.005
0.204 0.21 0 0.005
0.204 0.426 0 0.005
0.204 0.675 0 0.005
0.205 0.542 0 0.005
0.205 0.847 0 0.005
0.206 0.159 0 0.005
0.206 0.327 0 0.005
0.206 0.949 0 0.005
0.207 0.448 0 0.005
0.208 0.747 0 0.005
0.208 0.978 0 0.005
0.21 0.814 0 0.005
0.212 0.771 0 0.005
0.213 0.137 0 0.005
0.213 0.291 0 0.005
0.2185 0.4655 0 0.005
0.213 0.641 0 0.005
0.214 0.042 0 0.005
0.214 0.499 0 0.005
0.214 0.616 0 0.005
0.216 0.276 0 0.005
0.216 0.399 0 0.005
0.216 0.919 0 0.005
0.217 0.085 0 0.005
0.217 0.584 0 0.005
0.217 0.672 0 0.005
0.217 0.718 0 0.005
0.218 0.217 0 0.005
0.218 0.303 0 0.005
0.222 0.5065 0 0.005
0.219 0.007 0 0.005
0.22 0.37 0 0.005
0.22 0.9957317073170732 0 0.005
0.221 0.416 0 0.005
0.221 0.48 0 0.005
0.221 0.958 0 0.005
0.223 0.15 0 0.005
0.223 0.739 0 0.005
0.224 0.86 0 0.005
0.225 0.113 0 0.005
0.225 0.755 0 0.005
0.225 0.786 0 0.005
0.225 0.827 0 0.005
0.228 0.522 0 0.005
0.228 0.537 0 0.005
0.228 0.802 0 0.005
0.228 0.983 0 0.005
0.229 0.193 0 0.005
0.229 0.67 0 0.005
0.23 0.178 0 0.005
0.231 0.313 0 0.005
0.232 0.129 0 0.005
0.232 0.221 0 0.005
0.232 0.242 0 0.005
0.232 0.443 0 0.005
0.2365 0.891 0 0.005
0.233 0.039 0 0.005
0.233 0.558 0 0.005
0.234 0.941 0 0.005
0.235 0.079 0 0.005
0.235 0.763 0 0.005
0.236 0.402 0 0.005
0.236 0.457 0 0.005
0.236 0.696 0 0.005
0.237 0.371 0 0.005
0.2425 0.472 0 0.005
0.237 0.639 0 0.005
0.237 0.954 0 0.005
0.237 0.968 0 0.005
0.238 0.922 0 0.005
0.239 0.166 0 0.005
0.239 0.718 0 0.005
0.24 0.145 0 0.005
0.24 0.545 0 0.005
0.241 0.118 0 0.005
0.241 0.504 0 0.005
0.242 0.255 0 0.005
0.243 0.193 0 0.005
0.243 0.582 0 0.005
0.243 0.82 0 0.005
0.243 0.992 0 0.005
0.244 0.848 0 0.005
0.244 0.867 0 0.005
0.247 0.133 0 0.005
0.247 0.739 0 0.005
0.248 0.534 0 0.005
0.249 0.086 0 0.005
0.251 0.032 0 0.005
0.251 0.205 0 0.005
0.252 0.388 0 0.005
0.252 0.68 0 0.005
0.252 0.785 0 0.005
0.253 0.116 0 0.005
0.253 0.284 0 0.005
0.253 0.712 0 0.005
0.254 0.898 0 0.005
0.255 0.007 0 0.005
0.255 0.245 0 0.005
0.255 0.93 0 0.005
0.256 0.045 0 0.005
0.256 0.147 0 0.005
0.256 0.27 0 0.005
0.256 0.77 0 0.005
0.257 0.314 0 0.005
0.257 0.457 0 0.005
0.258 0.222 0 0.005
0.258 0.372 0 0.005
0.259 0.87 0 0.005
0.26 0.623 0 0.005
0.26 0.641 0 0.005
0.26 0.727 0 0.005
0.261 0.445 0 0.005
0.262 0.061 0 0.005
0.262 0.089 0 0.005
0.263 0.2 0 0.005
0.263 0.355 0 0.005
0.263 0.558 0 0.005
0.264 0.419 0 0.005
0.265 0.485 0 0.005
0.265 0.996225352112676 0 0.005
0.266 0.511 0 0.005
0.267 0.115 0 0.005
0.267 0.833 0 0.005
0.267 0.939 0 0.005
0.268 0.154 0 0.005
0.268 0.973 0 0.005
0.269 0.749 0 0.005
0.269 0.911 0 0.005
0.271 0.139 0 0.005
0.272 0.005 0 0.005
0.272 0.239 0 0.005
0.272 0.406 0 0.005
0.272 0.499 0 0.005
0.272 0.883 0 0.005
0.273 0.024 0 0.005
0.2795 0.0615 0 0.005
0.274 0.457 0 0.005
0.274 0.819 0 0.005
0.275 0.305 0 0.005
0.275 0.77 0 0.005
0.275 0.797 0 0.005
0.276 0.366 0 0.005
0.276 0.382 0 0.005
0.276 0.672 0 0.005
0.277 0.038 0 0.005
0.278 0.188 0 0.005
0.278 0.428 0 0.005
0.278 0.927 0 0.005
0.279 0.586 0 0.005
0.279 0.638 0 0.005
0.279 0.705 0 0.005
0.281 0.168 0 0.005
0.282 0.32 0 0.005
0.282 0.475 0 0.005
0.2875 0.951 0 0.005
0.283 0.287 0 0.005
0.283 0.94 0 0.005
0.284 0.091 0 0.005
0.287 0.207 0 0.005
0.287 0.527 0 0.005
0.287 0.663 0 0.005
0.288 0.735 0 0.005
0.289 0.0022833333333333334 0 0.005
0.289 0.268 0 0.005
0.289 0.685 0 0.005
0.289 0.833 0 0.005
0.29 0.547 0 0.005
0.29 0.802 0 0.005
0.291 0.186 0 0.005
0.291 0.37 0 0.005
0.291 0.714 0 0.005
0.292 0.347 0 0.005
0.292 0.425 0 0.005
0.292 0.9952365591397849 0 0.005
0.293 0.646 0 0.005
0.294 0.382 0 0.005
0.295 0.133 0 0.005
0.296 0.154 0 0.005
0.296 0.561 0 0.005
0.296 0.746 0 0.005
0.296 0.873 0 0.005
0.297 0.03 0 0.005
0.2995 0.2485 0 0.005
0.297 0.284 0 0.005
0.297 0.308 0 0.005
0.297 0.609 0 0.005
0.297 0.924 0 0.005
0.3045 0.49 0 0.005
0.299 0.782 0 0.005
0.299 0.82 0 0.005
0.3 0.695 0 0.005
0.3 0.849 0 0.005
0.3 0.961 0 0.005
0.302 0.448 0 0.005
0.302 0.508 0 0.005
0.302 0.656 0 0.005
0.304 0.219 0 0.005
0.304 0.627 0 0.005
0.304 0.883 0 0.005
0.305 0.186 0 0.005
0.305 0.433 0 0.005
0.3115 0.386 0 0.005
0.306 0.977 0 0.005
0.307 0.064 0 0.005
0.307 0.338 0 0.005
0.307 0.358 0 0.005
0.307 0.677 0 0.005
0.307 0.734 0 0.005
0.309 0.011 0 0.005
0.309 0.277 0 0.005
0.309 0.934 0 0.005
0.31 0.319 0 0.005
0.311 0.996225352112676 0 0.005
0.312 0.46 0 0.005
0.313 0.59 0 0.005
0.314 0.163 0 0.005
0.314 0.518 0 0.005
0.315 0.1 0 0.005
0.316 0.294 0 0.005
0.316 0.638 0 0.005
0.317 0.685 0 0.005
0.317 0.804 0 0.005
0.3215 0.145 0 0.005
0.3215 0.616 0 0.005
0.318 0.709 0 0.005
0.32 0.003763440860215054 0 0.005
0.32 0.203 0 0.005
0.32 0.821 0 0.005
0.322 0.22 0 0.005
0.323 0.665 0 0.005
0.323 0.885 0 0.005
0.324 0.046 0 0.005
0.324 0.408 0 0.005
0.324 0.871 0 0.005
0.325 0.261 0 0.005
0.325 0.652 0 0.005
0.325 0.9957317073170732 0 0.005
0.326 0.306 0 0.005
0.326 0.915 0 0.005
0.327 0.348 0 0.005
0.327 0.534 0 0.005
0.328 0.16 0 0.005
0.328 0.729 0 0.005
0.328 0.744 0 0.005
0.329 0.093 0 0.005
0.329 0.972 0 0.005
0.3335 0.121 0 0.005
0.33 0.293 0 0.005
0.33 0.548 0 0.005
0.331 0.519 0 0.005
0.332 0.711 0 0.005
0.334 0.385 0 0.005
0.334 0.791 0 0.005
0.335 0.186 0 0.005
0.3375 0.6265 0 0.005
0.335 0.905 0 0.005
0.336 0.326 0 0.005
0.337 0.25 0 0.005
0.337 0.645 0 0.005
0.337 0.884 0 0.005
0.338 0.17 0 0.005
0.338 0.819 0 0.005
0.339 0.026 0 0.005
0.339 0.856 0 0.005
0.34 0.08 0 0.005
0.34 0.461 0 0.005
0.341 0.209 0 0.005
0.341 0.227 0 0.005
0.345 0.4135 0 0.005
0.342 0.559 0 0.005
0.343 0.266 0 0.005
0.343 0.523 0 0.005
0.343 0.776 0 0.005
0.344 0.754 0 0.005
0.345 0.279 0 0.005
0.345 0.607 0 0.005
0.345 0.963 0 0.005
0.346 0.068 0 0.005
0.346 0.699 0 0.005
0.347 0.042 0 0.005
0.347 0.595 0 0.005
0.347 0.728 0 0.005
0.348 0.0022833333333333334 0 0.005
0.348 0.662 0 0.005
0.348 0.977 0 0.005
0.349 0.243 0 0.005
0.349 0.51 0 0.005
0.349 0.88 0 0.005
0.351 0.909 0 0.005
0.352 0.197 0 0.005
0.352 0.93 0 0.005
0.353 0.153 0 0.005
0.353 0.477 0 0.005
0.353 0.541 0 0.005
0.353 0.573 0 0.005
0.354 0.228 0 0.005
0.354 0.641 0 0.005
0.355 0.025 0 0.005
0.355 0.1 0 0.005
0.356 0.987 0 0.005
0.357 0.12 0 0.005
0.357 0.177 0 0.005
0.358 0.262 0 0.005
0.358 0.499 0 0.005
0.358 0.555 0 0.005
0.358 0.616 0 0.005
0.359 0.826 0 0.005
0.359 0.865 0 0.005
0.36 0.524 0 0.005
0.361 0.375 0 0.005
0.361 0.408 0 0.005
0.361 0.434 0 0.005
0.362 0.077 0 0.005
0.362 0.215 0 0.005
0.362 0.239 0 0.005
0.362 0.286 0 0.005
0.362 0.322 0 0.005
0.362 0.717 0 0.005
0.363 0.511 0 0.005
0.364 0.161 0 0.005
0.364 0.389 0 0.005
0.364 0.963 0 0.005
0.365 0.655 0 0.005
0.366 0.191 0 0.005
0.366 0.597 0 0.005
0.367 0.102 0 0.005
0.368 0.36 0 0.005
0.3745 0.4895 0 0.005
0.371 0.583 0 0.005
0.371 0.619 0 0.005
0.371 0.631 0 0.005
0.371 0.851 0 0.005
0.372 0.003763440860215054 0 0.005
0.372 0.54 0 0.005
0.372 0.939 0 0.005
0.373 0.783 0 0.005
0.373 0.893 0 0.005
0.374 0.284 0 0.005
0.374 0.921 0 0.005
0.375 0.201 0 0.005
0.375 0.321 0 0.005
0.376 0.707 0 0.005
0.376 0.719 0 0.005
0.376 0.974 0 0.005
0.377 0.179 0 0.005
0.378 0.424 0 0.005
0.378 0.863 0 0.005
0.379 0.244 0 0.005
0.379 0.344 0 0.005
0.3845 0.5685 0 0.005
0.379 0.676 0 0.005
0.3855 0.554 0 0.005
0.381 0.411 0 0.005
0.382 0.374 0 0.005
0.382 0.803 0 0.005
0.384 0.06 0 0.005
0.384 0.211 0 0.005
0.385 0.515 0 0.005
0.386 0.113 0 0.005
0.386 0.267 0 0.005
0.386 0.302 0 0.005
0.387 0.454 0 0.005
0.387 0.896 0 0.005
0.388 0.757 0 0.005
0.389 0.035 0 0.005
0.389 0.132 0 0.005
0.389 0.583 0 0.005
0.3935 0.353 0 0.005
0.391 0.335 0 0.005
0.391 0.745 0 0.005
0.392 0.02 0 0.005
0.392 0.603 0 0.005
0.392 0.627 0 0.005
0.392 0.914 0 0.005
0.392 0.938 0 0.005
0.393 0.431 0 0.005
0.393 0.7 0 0.005
0.394 0.224 0 0.005
0.395 0.994 0 0.005
0.396 0.373 0 0.005
0.396 0.444 0 0.005
0.3995 0.2735 0 0.005
0.397 0.976 0 0.005
0.398 0.396 0 0.005
0.398 0.517 0 0.005
0.4045 0.308 0 0.005
0.399 0.728 0 0.005
0.399 0.852 0 0.005
0.4 0.46 0 0.005
0.4 0.866 0 0.005
0.401 0.00434313725490196 0 0.005
0.401 0.17 0 0.005
0.401 0.326 0 0.005
0.406 0.7845 0 0.005
0.401 0.818 0 0.005
0.402 0.194 0 0.005
0.402 0.898 0 0.005
0.409 0.4785 0 0.005
0.404 0.927 0 0.005
0.405 0.658 0 0.005
0.406 0.613 0 0.005
0.406 0.88 0 0.005
0.406 0.954 0 0.005
0.407 0.383 0 0.005
0.408 0.098 0 0.005
0.408 0.113 0 0.005
0.408 0.677 0 0.005
0.409 0.048 0 0.005
0.409 0.501 0 0.005
0.41 0.127 0 0.005
0.411 0.452 0 0.005
0.412 0.576 0 0.005
0.414 0.354 0 0.005
0.414 0.908 0 0.005
0.415 0.087 0 0.005
0.415 0.42 0 0.005
0.415 0.862 0 0.005
0.416 0.01 0 0.005
0.416 0.158 0 0.005
0.416 0.243 0 0.005
0.416 0.895 0 0.005
0.417 0.228 0 0.005
0.417 0.626 0 0.005
0.417 0.649 0 0.005
0.418 0.338 0 0.005
0.419 0.594 0 0.005
0.42 0.369 0 0.005
0.42 0.849 0 0.005
0.421 0.145 0 0.005
0.422 0.404 0 0.005
0.422 0.436 0 0.005
0.422 0.519 0 0.005
0.423 0.284 0 0.005
0.4255 0.7525 0 0.005
0.424 0.131 0 0.005
0.424 0.217 0 0.005
0.428 0.57 0 0.005
0.428 0.705 0 0.005
0.428 0.828 0 0.005
0.428 0.951 0 0.005
0.429 0.021 0 0.005
0.429 0.668 0 0.005
0.43 0.068 0 0.005
0.43 0.247 0 0.005
0.43 0.309 0 0.005
0.431 0.792 0 0.005
0.432 0.374 0 0.005
0.432 0.412 0 0.005
0.4375 0.69 0 0.005
0.433 0.814 0 0.005
0.435 0.357 0 0.005
0.435 0.87 0 0.005
0.436 0.005 0 0.005
0.436 0.479 0 0.005
0.437 0.231 0 0.005
0.438 0.427 0 0.005
0.438 0.852 0 0.005
0.439 0.144 0 0.005
0.439 0.537 0 0.005
0.44 0.057 0 0.005
0.44 0.294 0 0.005
0.44 0.743 0 0.005
0.441 0.037 0 0.005
0.441 0.13 0 0.005
0.441 0.21 0 0.005
0.441 0.839 0 0.005
0.442 0.625 0 0.005
0.442 0.766 0 0.005
0.442 0.932 0 0.005
0.443 0.182 0 0.005
0.444 0.448 0 0.005
0.45 0.6735 0 0.005
0.445 0.827 0 0.005
0.446 0.197 0 0.005
0.447 0.071 0 0.005
0.447 0.812 0 0.005
0.447 0.888 0 0.005
0.448 0.306 0 0.005
0.448 0.518 0 0.005
0.45 0.249 0 0.005
0.45 0.501 0 0.005
0.451 0.276 0 0.005
0.451 0.379 0 0.005
0.451 0.65 0 0.005
0.451 0.787 0 0.005
0.451 0.916 0 0.005
0.453 0.094 0 0.005
0.454 0.938 0 0.005
0.455 0.114 0 0.005
0.455 0.152 0 0.005
0.455 0.638 0 0.005
0.455 0.695 0 0.005
0.456 0.043 0 0.005
0.456 0.055 0 0.005
0.456 0.135 0 0.005
0.456 0.234 0 0.005
0.456 0.348 0 0.005
0.457 0.395 0 0.005
0.457 0.555 0 0.005
0.458 0.491 0 0.005
0.459 0.168 0 0.005
0.459 0.333 0 0.005
0.459 0.577 0 0.005
0.46 0.951 0 0.005
0.461 0.41 0 0.005
0.461 0.75 0 0.005
0.465 0.9025 0 0.005
0.461 0.98 0 0.005
0.462 0.266 0 0.005
0.462 0.712 0 0.005
0.463 0.026 0 0.005
0.463 0.427 0 0.005
0.463 0.838 0 0.005
0.464 0.075 0 0.005
0.464 0.681 0 0.005
0.464 0.816 0 0.005
0.465 0.189 0 0.005
0.466 0.446 0 0.005
0.468 0.291 0 0.005
0.469 0.502 0 0.005
0.469 0.514 0 0.005
0.469 0.773 0 0.005
0.47 0.242 0 0.005
0.4745 0.321 0 0.005
0.471 0.37 0 0.005
0.473 0.625 0 0.005
0.473 0.699 0 0.005
0.473 0.926 0 0.005
0.474 0.598 0 0.005
0.475 0.832 0 0.005
0.476 0.845 0 0.005
0.476 0.988 0 0.005
0.477 0.068 0 0.005
0.477 0.175 0 0.005
0.477 0.453 0 0.005
0.478 0.04 0 0.005
0.478 0.39 0 0.005
0.479 0.211 0 0.005
0.479 0.27 0 0.005
0.479 0.406 0 0.005
0.479 0.964 0 0.005
0.48 0.683 0 0.005
0.481 0.191 0 0.005
0.486 0.2855 0 0.005
0.482 0.423 0 0.005
0.482 0.873 0 0.005
0.483 0.055 0 0.005
0.483 0.912 0 0.005
0.483 0.947 0 0.005
0.484 0.81 0 0.005
0.485 0.142 0 0.005
0.485 0.336 0 0.005
0.485 0.552 0 0.005
0.485 0.658 0 0.005
0.4885 0.728 0 0.005
0.486 0.241 0 0.005
0.486 0.644 0 0.005
0.487 0.113 0 0.005
0.488 0.46 0 0.005
0.49 0.02 0 0.005
0.49 0.066 0 0.005
0.49 0.604 0 0.005
0.491 0.532 0 0.005
0.493 0.258 0 0.005
0.493 0.366 0 0.005
0.493 0.444 0 0.005
0.493 0.629 0 0.005
0.493 0.886 0 0.005
0.495 0.509 0 0.005
0.495 0.704 0 0.005
0.496 0.791 0 0.005
0.496 0.817 0 0.005
0.497 0.324 0 0.005
0.497 0.676 0 0.005
0.498 0.489 0 0.005
0.499 0.083 0 0.005
0.499 0.647 0 0.005
0.499 0.746 0 0.005
0.5035 0.906 0 0.005
0.5 0.162 0 0.005
0.5 0.933 0 0.005
0.501 0.031 0 0.005
0.501 0.767 0 0.005
0.501 0.855 0 0.005
0.502 0.236 0 0.005
0.502 0.688 0 0.005
0.503 0.417 0 0.005
0.504 0.099 0 0.005
0.5105 0.018 0 0.005
0.505 0.188 0 0.005
0.505 0.288 0 0.005
0.506 0.519 0 0.005
0.507 0.718 0 0.005
0.508 0.439 0 0.005
0.508 0.882 0 0.005
0.5135 0.197 0 0.005
0.509 0.251 0 0.005
0.509 0.548 0 0.005
0.51 0.057 0 0.005
0.51 0.117 0 0.005
0.51 0.378 0 0.005
0.515 0.9305 0 0.005
0.512 0.333 0 0.005
0.512 0.486 0 0.005
0.512 0.834 0 0.005
0.513 0.304 0 0.005
0.513 0.463 0 0.005
0.514 0.036 0 0.005
0.514 0.171 0 0.005
0.514 0.508 0 0.005
0.514 0.603 0 0.005
0.514 0.754 0 0.005
0.514 0.972 0 0.005
0.517 0.81 0 0.005
0.518 0.071 0 0.005
0.5215 0.6165 0 0.005
0.52 0.428 0 0.005
0.52 0.523 0 0.005
0.52 0.96 0 0.005
0.521 0.089 0 0.005
0.521 0.789 0 0.005
0.521 0.876 0 0.005
0.522 0.157 0 0.005
0.522 0.638 0 0.005
0.524 0.77 0 0.005
0.525 0.986 0 0.005
0.526 0.271 0 0.005
0.526 0.406 0 0.005
0.526 0.551 0 0.005
0.527 0.66 0 0.005
0.528 0.244 0 0.005
0.528 0.445 0 0.005
0.528 0.906 0 0.005
0.529 0.359 0 0.005
0.531 0.754 0 0.005
0.532 0.124 0 0.005
0.532 0.19 0 0.005
0.532 0.592 0 0.005
0.532 0.958 0 0.005
0.533 0.024 0 0.005
0.533 0.076 0 0.005
0.533 0.421 0 0.005
0.535 0.806 0 0.005
0.536 0.465 0 0.005
0.536 0.706 0 0.005
0.537 0.16 0 0.005
0.537 0.786 0 0.005
0.538 0.288 0 0.005
0.538 0.987 0 0.005
0.539 0.343 0 0.005
0.539 0.479 0 0.005
0.539 0.508 0 0.005
0.539 0.894 0 0.005
0.54 0.251 0 0.005
0.54 0.385 0 0.005
0.541 0.732 0 0.005
0.541 0.973 0 0.005
0.544 0.149 0 0.005
0.544 0.527 0 0.005
0.544 0.583 0 0.005
0.549 0.6665 0 0.005
0.545 0.065 0 0.005
0.545 0.561 0 0.005
0.546 0.086 0 0.005
0.546 0.134 0 0.005
0.546 0.491 0 0.005
0.547 0.43 0 0.005
0.547 0.632 0 0.005
0.547 0.774 0 0.005
0.548 0.026 0 0.005
0.549 0.24 0 0.005
0.55 0.396 0 0.005
0.55 0.869 0 0.005
0.551 0.119 0 0.005
0.551 0.93 0 0.005
0.552 0.651 0 0.005
0.552 0.744 0 0.005
0.552 0.796 0 0.005
0.553 0.282 0 0.005
0.553 0.831 0 0.005
0.553 0.945 0 0.005
0.554 0.331 0 0.005
0.554 0.415 0 0.005
0.554 0.699 0 0.005
0.554 0.968 0 0.005
0.556 0.898 0 0.005
0.557 0.565 0 0.005
0.558 0.156 0 0.005
0.558 0.881 0 0.005
0.559 0.466 0 0.005
0.559 0.765 0 0.005
0.56 0.168 0 0.005
0.56 0.725 0 0.005
0.56 0.777 0 0.005
0.561 0.052 0 0.005
0.561 0.233 0 0.005
0.561 0.263 0 0.005
0.561 0.512 0 0.005
0.562 0.25 0 0.005
0.562 0.481 0 0.005
0.563 0.006 0 0.005
0.563 0.107 0 0.005
0.563 0.293 0 0.005
0.564 0.033 0 0.005
0.565 0.195 0 0.005
0.565 0.593 0 0.005
0.565 0.681 0 0.005
0.566 0.216 0 0.005
0.566 0.817 0 0.005
0.567 0.335 0 0.005
0.567 0.362 0 0.005
0.568 0.638 0 0.005
0.569 0.499 0 0.005
0.57 0.092 0 0.005
0.57 0.445 0 0.005
0.57 0.533 0 0.005
0.572 0.065 0 0.005
0.572 0.149 0 0.005
0.572 0.624 0 0.005
0.572 0.727 0 0.005
0.573 0.77 0 0.005
0.574 0.177 0 0.005
0.574 0.395 0 0.005
0.575 0.558 0 0.005
0.575 0.659 0 0.005
0.576 0.609 0 0.005
0.576 0.855 0 0.005
0.5795 0.902 0 0.005
0.576 0.986 0 0.005
0.577 0.467 0 0.005
0.578 0.223 0 0.005
0.578 0.951 0 0.005
0.58 0.75 0 0.005
0.58 0.797 0 0.005
0.581 0.43 0 0.005
0.583 0.077 0 0.005
0.583 0.497 0 0.005
0.584 0.314 0 0.005
0.584 0.444 0 0.005
0.585 0.291 0 0.005
0.587 0.126 0 0.005
0.587 0.41 0 0.005
0.587 0.728 0 0.005
0.587 0.843 0 0.005
0.587 0.87 0 0.005
0.587 0.974 0 0.005
0.5933333333333334 0.03833333333333334 0 0.005
0.588 0.771 0 0.005
0.589 0.233 0 0.005
0.589 0.656 0 0.005
0.59 0.509 0 0.005
0.591 0.161 0 0.005
0.591 0.266 0 0.005
0.591 0.331 0 0.005
0.592 0.088 0 0.005
0.592 0.884 0 0.005
0.594 0.538 0 0.005
0.594 0.681 0 0.005
0.595 0.584 0 0.005
0.595 0.928 0 0.005
0.596 0.064 0 0.005
0.596 0.635 0 0.005
0.597 0.803 0 0.005
0.598 0.959 0 0.005
0.599 0.298 0 0.005
0.599 0.561 0 0.005
0.6 0.142 0 0.005
0.601 0.316 0 0.005
0.601 0.875 0 0.005
0.602 0.763 0 0.005
0.602 0.863 0 0.005
0.603 0.165 0 0.005
0.603 0.24 0 0.005
0.603 0.485 0 0.005
0.605 0.109 0 0.005
0.605 0.408 0 0.005
0.606 0.333 0 0.005
0.607 0.074 0 0.005
0.607 0.181 0 0.005
0.607 0.911 0 0.005
0.608 0.61 0 0.005
0.608 0.72 0 0.005
0.608 0.791 0 0.005
0.608 0.891 0 0.005
0.609 0.124 0 0.005
0.611 0.961 0 0.005
0.612 0.017 0 0.005
0.612 0.226 0 0.005
0.612 0.393 0 0.005
0.613 0.281 0 0.005
0.619 0.3585 0 0.005
0.614 0.738 0 0.005
0.614 0.777 0 0.005
0.614 0.816 0 0.005
0.614 0.932 0 0.005
0.615 0.632 0 0.005
0.62 0.8755 0 0.005
0.616 0.341 0 0.005
0.616 0.579 0 0.005
0.616 0.664 0 0.005
0.617 0.056 0 0.005
0.617 0.159 0 0.005
0.618 0.3 0 0.005
0.618 0.497 0 0.005
0.618 0.844 0 0.005
0.619 0.194 0 0.005
0.619 0.412 0 0.005
0.619 0.683 0 0.005
0.621 0.465 0 0.005
0.6258564356435644 0.9913316831683169 0 0.005
0.622 0.097 0 0.005
0.622 0.329 0 0.005
0.622 0.537 0 0.005
0.624 0.245 0 0.005
0.624 0.378 0 0.005
0.625 0.135 0 0.005
0.629 0.7655 0 0.005
0.631 0.0325 0 0.005
0.628 0.224 0 0.005
0.629 0.12 0 0.005
0.629 0.4 0 0.005
0.629 0.819 0 0.005
0.63 0.317 0 0.005
0.631 0.843 0 0.005
0.631 0.921 0 0.005
0.631 0.954 0 0.005
0.632 0.158 0 0.005
0.632 0.177 0 0.005
0.632 0.682 0 0.005
0.632 0.896 0 0.005
0.633 0.462 0 0.005
0.633 0.57 0 0.005
0.633 0.63 0 0.005
0.633 0.883 0 0.005
0.6375 0.797 0 0.005
0.636 0.243 0 0.005
0.636 0.526 0 0.005
0.637 0.514 0 0.005
0.637 0.553 0 0.005
0.638 0.011 0 0.005
0.638 0.54 0 0.005
0.638 0.75 0 0.005
0.639 0.26 0 0.005
0.639 0.861 0 0.005
0.64 0.206 0 0.005
0.64 0.996225352112676 0 0.005
0.641 0.086 0 0.005
0.641 0.617 0 0.005
0.641 0.73 0 0.005
0.644 0.33 0 0.005
0.644 0.397 0 0.005
0.644 0.45 0 0.005
0.645 0.166 0 0.005
0.645 0.467 0 0.005
0.645 0.944 0 0.005
0.646 0.229 0 0.005
0.646 0.428 0 0.005
0.647 0.485 0 0.005
0.647 0.814 0 0.005
0.647 0.83 0 0.005
0.649 0.354 0 0.005
0.65 0.971 0 0.005
0.651 0.257 0 0.005
0.651 0.605 0 0.005
0.651 0.905 0 0.005
0.652 0.317 0 0.005
0.652 0.653 0 0.005
0.652 0.713 0 0.005
0.652 0.785 0 0.005
0.652 0.991 0 0.005
0.653 0.126 0 0.005
0.653 0.587 0 0.005
0.653 0.923 0 0.005
0.654 0.507 0 0.005
0.654 0.878 0 0.005
0.655 0.735 0 0.005
0.656 0.624 0 0.005
0.657 0.674 0 0.005
0.659 0.173 0 0.005
0.66 0.238 0 0.005
0.66 0.801 0 0.005
0.66 0.894 0 0.005
0.661 0.33 0 0.005
0.661 0.448 0 0.005
0.661 0.764 0 0.005
0.662 0.033 0 0.005
0.662 0.104 0 0.005
0.662 0.188 0 0.005
0.662 0.975 0 0.005
0.663 0.289 0 0.005
0.663 0.387 0 0.005
0.663 0.482 0 0.005
0.663 0.777 0 0.005
0.665 0.314 0 0.005
0.665 0.813 0 0.005
0.666 0.21 0 0.005
0.666 0.951 0 0.005
0.667 0.36 0 0.005
0.667 0.617 0 0.005
0.667 0.719 0 0.005
0.667 0.837 0 0.005
0.668 0.753 0 0.005
0.668 0.853 0 0.005
0.669 0.26 0 0.005
0.669 0.738 0 0.005
0.67 0.668 0 0.005
0.671 0.7 0 0.005
0.672 0.407 0 0.005
0.672 0.464 0 0.005
0.672 0.647 0 0.005
0.6785 0.0575 0 0.005
0.673 0.14 0 0.005
0.673 0.88 0 0.005
0.674 0.011 0 0.005
0.674 0.072 0 0.005
0.674 0.335 0 0.005
0.6785 0.524 0 0.005
0.674 0.632 0 0.005
0.675 0.791 0 0.005
0.675 0.961 0 0.005
0.676 0.301 0 0.005
0.677 0.226 0 0.005
0.677 0.382 0 0.005
0.677 0.777 0 0.005
0.6835 0.8045 0 0.005
0.679 0.59 0 0.005
0.68 0.611 0 0.005
0.68 0.892 0 0.005
0.681 0.913 0 0.005
0.682 0.095 0 0.005
0.682 0.553 0 0.005
0.685 0.7645 0 0.005
0.682 0.865 0 0.005
0.686 0.148 0 0.005
0.687 0.161 0 0.005
0.687 0.286 0 0.005
0.688 0.218 0 0.005
0.688 0.266 0 0.005
0.689 0.022 0 0.005
0.698 0.4563333333333333 0 0.005
0.689 0.567 0 0.005
0.689 0.728 0 0.005
0.69 0.644 0 0.005
0.69 0.745 0 0.005
0.691 0.625 0 0.005
0.692 0.709 0 0.005
0.692 0.934 0 0.005
0.693 0.326 0 0.005
0.693 0.676 0 0.005
0.694 0.551 0 0.005
0.694 0.613 0 0.005
0.695 0.078 0 0.005
0.695 0.11 0 0.005
0.695 0.411 0 0.005
0.696 0.172 0 0.005
0.696 0.245 0 0.005
0.696 0.871 0 0.005
0.696 0.991 0 0.005
0.697 0.389 0 0.005
0.697 0.501 0 0.005
0.698 0.851 0 0.005
0.699 0.14 0 0.005
0.7035 0.16 0 0.005
0.699 0.909 0 0.005
0.7 0.53 0 0.005
0.7 0.664 0 0.005
0.701 0.066 0 0.005
0.701 0.956 0 0.005
0.702 0.582 0 0.005
0.702 0.742 0 0.005
0.704 0.375 0 0.005
0.704 0.688 0 0.005
0.705 0.516 0 0.005
0.705 0.706 0 0.005
0.706 0.939 0 0.005
0.706 0.973 0 0.005
0.707 0.401 0 0.005
0.707 0.641 0 0.005
0.7115 0.766 0 0.005
0.709 0.721 0 0.005
0.709 0.836 0 0.005
0.7135 0.207 0 0.005
0.71 0.547 0 0.005
0.71 0.605 0 0.005
0.711 0.435 0 0.005
0.711 0.805 0 0.005
0.712 0.276 0 0.005
0.712 0.31 0 0.005
0.713 0.038 0 0.005
0.713 0.053 0 0.005
0.714 0.088 0 0.005
0.714 0.257 0 0.005
0.714 0.489 0 0.005
0.716 0.581 0 0.005
0.7205 0.915 0 0.005
0.717 0.018 0 0.005
0.717 0.119 0 0.005
0.717 0.235 0 0.005
0.717 0.65 0 0.005
0.718 0.87 0 0.005
0.719 0.321 0 0.005
0.719 0.944 0 0.005
0.725 0.3436666666666667 0 0.005
0.72 0.536 0 0.005
0.722 0.468 0 0.005
0.723 0.167 0 0.005
0.723 0.631 0 0.005
0.724 0.455 0 0.005
0.724 0.554 0 0.005
0.725 0.373 0 0.005
0.725 0.956 0 0.005
0.726 0.107 0 0.005
0.726 0.28 0 0.005
0.726 0.724 0 0.005
0.727 0.029 0 0.005
0.727 0.505 0 0.005
0.727 0.573 0 0.005
0.727 0.804 0 0.005
0.727 0.844 0 0.005
0.728 0.987 0 0.005
0.729 0.97 0 0.005
0.731 0.6 0 0.005
0.732 0.069 0 0.005
0.732 0.423 0 0.005
0.732 0.874 0 0.005
0.733 0.444 0 0.005
0.734 0.123 0 0.005
0.734 0.139 0 0.005
0.734 0.27 0 0.005
0.734 0.294 0 0.005
0.735 0.041 0 0.005
0.735 0.167 0 0.005
0.737 0.227 0 0.005
0.737 0.47 0 0.005
0.737 0.52 0 0.005
0.737 0.76 0 0.005
0.737 0.836 0 0.005
0.738 0.668 0 0.005
0.739 0.089 0 0.005
0.739 0.307 0 0.005
0.739 0.802 0 0.005
0.739 0.862 0 0.005
0.741 0.103 0 0.005
0.741 0.588 0 0.005
0.742 0.003268292682926829 0 0.005
0.742 0.03 0 0.005
0.742 0.573 0 0.005
0.742 0.924 0 0.005
0.748 0.4035 0 0.005
0.743 0.644 0 0.005
0.743 0.656 0 0.005
0.743 0.994656862745098 0 0.005
0.744 0.176 0 0.005
0.744 0.333 0 0.005
0.744 0.502 0 0.005
0.7465 0.6875 0 0.005
0.7495 0.247 0 0.005
0.745 0.538 0 0.005
0.746 0.065 0 0.005
0.7485 0.1315 0 0.005
0.746 0.157 0 0.005
0.746 0.201 0 0.005
0.749 0.598 0 0.005
0.749 0.939 0 0.005
0.75 0.287 0 0.005
0.751 0.187 0 0.005
0.755 0.7255 0 0.005
0.7555 0.89 0 0.005
0.752 0.913 0 0.005
0.753 0.226 0 0.005
0.753 0.436 0 0.005
0.753 0.558 0 0.005
0.754 0.366 0 0.005
0.754 0.631 0 0.005
0.756 0.314 0 0.005
0.756 0.953 0 0.005
0.76 0.0455 0 0.005
0.757 0.349 0 0.005
0.757 0.781 0 0.005
0.757 0.843 0 0.005
0.758 0.028 0 0.005
0.758 0.967 0 0.005
0.761 0.105 0 0.005
0.761 0.334 0 0.005
0.762 0.275 0 0.005
0.762 0.293 0 0.005
0.767 0.8125 0 0.005
0.763 0.881 0 0.005
0.764 0.139 0 0.005
0.765 0.214 0 0.005
0.765 0.479 0 0.005
0.765 0.547 0 0.005
0.766 0.68 0 0.005
0.767 0.382 0 0.005
0.767 0.491 0 0.005
0.767 0.504 0 0.005
0.767 0.744 0 0.005
0.768 0.454 0 0.005
0.768 0.866 0 0.005
0.769 0.398 0 0.005
0.771 0.015 0 0.005
0.771 0.315 0 0.005
0.771 0.592 0 0.005
0.772 0.721 0 0.005
0.773 0.52 0 0.005
0.773 0.902 0 0.005
0.774 0.849 0 0.005
0.775 0.128 0 0.005
0.775 0.235 0 0.005
0.775 0.914 0 0.005
0.775 0.994 0 0.005
0.776 0.299 0 0.005
0.776 0.358 0 0.005
0.776 0.884 0 0.005
0.777 0.168 0 0.005
0.777 0.793 0 0.005
0.778 0.267 0 0.005
0.778 0.412 0 0.005
0.778 0.705 0 0.005
0.778 0.773 0 0.005
0.779 0.488 0 0.005
0.779 0.577 0 0.005
0.779 0.66 0 0.005
0.78 0.041 0 0.005
0.782 0.391 0 0.005
0.783 0.029 0 0.005
0.784 0.861 0 0.005
0.785 0.139 0 0.005
0.785 0.939 0 0.005
0.786 0.825 0 0.005
0.787 0.106 0 0.005
0.788 0.197 0 0.005
0.788 0.363 0 0.005
0.788 0.549 0 0.005
0.788 0.812 0 0.005
0.789 0.343 0 0.005
0.789 0.758 0 0.005
0.79 0.377 0 0.005
0.79 0.563 0 0.005
0.791 0.072 0 0.005
0.791 0.226 0 0.005
0.791 0.625 0 0.005
0.793 0.248 0 0.005
0.793 0.669 0 0.005
0.794 0.012 0 0.005
0.794 0.056 0 0.005
0.794 0.508 0 0.005
0.7995 0.6085 0 0.005
0.795 0.162 0 0.005
0.795 0.718 0 0.005
0.795 0.955 0 0.005
0.796 0.486 0 0.005
0.7985 0.8815 0 0.005
0.797 0.271 0 0.005
0.797 0.316 0 0.005
0.797 0.414 0 0.005
0.797 0.587 0 0.005
0.798 0.212 0 0.005
0.8 0.12 0 0.005
0.8 0.184 0 0.005
0.8 0.462 0 0.005
0.8 0.704 0 0.005
0.8 0.864 0 0.005
0.8 0.993 0 0.005
0.801 0.738 0 0.005
0.801 0.752 0 0.005
0.801 0.842 0 0.005
0.802 0.148 0 0.005
0.802 0.375 0 0.005
0.802 0.567 0 0.005
0.802 0.78 0 0.005
0.802 0.823 0 0.005
0.802 0.924 0 0.005
0.803 0.634 0 0.005
0.804 0.553 0 0.005
0.806 0.289 0 0.005
0.806 0.81 0 0.005
0.807 0.33 0 0.005
0.808 0.974 0 0.005
0.809 0.444 0 0.005
0.811 0.476 0 0.005
0.811 0.496 0 0.005
0.812 0.391 0 0.005
0.812 0.85 0 0.005
0.813 0.104 0 0.005
0.813 0.209 0 0.005
0.813 0.343 0 0.005
0.814 0.261 0 0.005
0.814 0.766 0 0.005
0.815 0.656 0 0.005
0.815 0.778 0 0.005
0.817 0.147 0 0.005
0.817 0.318 0 0.005
0.817 0.906 0 0.005
0.818 0.28 0 0.005
0.818 0.508 0 0.005
0.818 0.984 0 0.005
0.819 0.132 0 0.005
0.819 0.38 0 0.005
0.819 0.415 0 0.005
0.819 0.54 0 0.005
0.82 0.583 0 0.005
0.821 0.967 0 0.005
0.822 0.304 0 0.005
0.8255 0.0195 0 0.005
0.823 0.071 0 0.005
0.823 0.996225352112676 0 0.005
0.824 0.435 0 0.005
0.824 0.933 0 0.005
0.825 0.24 0 0.005
0.825 0.481 0 0.005
0.825 0.622 0 0.005
0.825 0.829 0 0.005
0.826 0.105 0 0.005
0.826 0.364 0 0.005
0.827 0.195 0 0.005
0.827 0.519 0 0.005
0.829 0.396 0 0.005
0.829 0.754 0 0.005
0.829 0.883 0 0.005
0.831 0.22 0 0.005
0.832 0.454 0 0.005
0.832 0.566 0 0.005
0.833 0.776 0 0.005
0.833 0.869 0 0.005
0.834 0.271 0 0.005
0.834 0.911 0 0.005
0.835 0.502 0 0.005
0.836 0.249 0 0.005
0.836 0.301 0 0.005
0.836 0.322 0 0.005
0.836 0.414 0 0.005
0.836 0.631 0 0.005
0.836 0.737 0 0.005
0.836 0.9957317073170732 0 0.005
0.842 0.1095 0 0.005
0.839 0.338 0 0.005
0.839 0.53 0 0.005
0.839 0.721 0 0.005
0.839 0.836 0 0.005
0.84 0.688 0 0.005
0.84 0.8 0 0.005
0.84 0.983 0 0.005
0.843 0.824 0 0.005
0.844 0.079 0 0.005
0.844 0.893 0 0.005
0.845 0.579 0 0.005
0.845 0.648 0 0.005
0.845 0.66 0 0.005
0.845 0.873 0 0.005
0.846 0.173 0 0.005
0.847 0.421 0 0.005
0.8495 0.7115 0 0.005
0.848 0.128 0 0.005
0.848 0.141 0 0.005
0.848 0.454 0 0.005
0.8535 0.6805 0 0.005
0.849 0.187 0 0.005
0.849 0.293 0 0.005
0.849 0.472 0 0.005
0.849 0.751 0 0.005
0.851 0.513 0 0.005
0.851 0.555 0 0.005
0.853 0.528 0 0.005
0.854 0.242 0 0.005
0.855 0.272 0 0.005
0.855 0.355 0 0.005
0.855 0.494 0 0.005
0.855 0.926 0 0.005
0.855 0.987 0 0.005
0.856 0.908 0 0.005
0.857 0.119 0 0.005
0.858 0.162 0 0.005
0.858 0.948 0 0.005
0.859 0.03 0 0.005
0.863 0.1005 0 0.005
0.86 0.38 0 0.005
0.86 0.783 0 0.005
0.861 0.303 0 0.005
0.861 0.475 0 0.005
0.862 0.058 0 0.005
0.862 0.699 0 0.005
0.863 0.668 0 0.005
0.864 0.315 0 0.005
0.865 0.525 0 0.005
0.865 0.581 0 0.005
0.865 0.731 0 0.005
0.866 0.408 0 0.005
0.866 0.876 0 0.005
0.867 0.263 0 0.005
0.867 0.565 0 0.005
0.868 0.631 0 0.005
0.868 0.834 0 0.005
0.87 0.763 0 0.005
0.871 0.071 0 0.005
0.871 0.947 0 0.005
0.873 0.126 0 0.005
0.873 0.396 0 0.005
0.874 0.744 0 0.005
0.875 0.2 0 0.005
0.875 0.295 0 0.005
0.875 0.975 0 0.005
0.876 0.494 0 0.005
0.876 0.532 0 0.005
0.876 0.81 0 0.005
0.876 0.886 0 0.005
0.876 0.906 0 0.005
0.877 0.253 0 0.005
0.878 0.506 0 0.005
0.878 0.622 0 0.005
0.88 0.0022833333333333334 0 0.005
0.88 0.111 0 0.005
0.88 0.674 0 0.005
0.881 0.043 0 0.005
0.881 0.653 0 0.005
0.882 0.084 0 0.005
0.883 0.156 0 0.005
0.883 0.315 0 0.005
0.883 0.712 0 0.005
0.883 0.834 0 0.005
0.883 0.933 0 0.005
0.884 0.354 0 0.005
0.884 0.55 0 0.005
0.884 0.58 0 0.005
0.885 0.39 0 0.005
0.885 0.877 0 0.005
0.887 0.376 0 0.005
0.888 0.015 0 0.005
0.888 0.608 0 0.005
0.889 0.448 0 0.005
0.8925 0.4705 0 0.005
0.89 0.491 0 0.005
0.89 0.738 0 0.005
0.891 0.862 0 0.005
0.892 0.291 0 0.005
0.893 0.257 0 0.005
0.893 0.332 0 0.005
0.893 0.59 0 0.005
0.893 0.641 0 0.005
0.894 0.507 0 0.005
0.894 0.724 0 0.005
0.895 0.52 0 0.005
0.895 0.572 0 0.005
0.895 0.778 0 0.005
0.896 0.275 0 0.005
0.896 0.665 0 0.005
0.896 0.976 0 0.005
0.897 0.834 0 0.005
0.899 0.173 0 0.005
0.899 0.212 0 0.005
0.899 0.368 0 0.005
0.9 0.034 0 0.005
0.9 0.194 0 0.005
0.9 0.552 0 0.005
0.903 0.6325 0 0.005
0.9 0.819 0 0.005
0.901 0.159 0 0.005
0.901 0.225 0 0.005
0.902 0.078 0 0.005
0.902 0.911 0 0.005
0.903 0.24 0 0.005
0.903 0.324 0 0.005
0.903 0.958 0 0.005
0.904 0.612 0 0.005
0.9085 0.425 0 0.005
0.905 0.681 0 0.005
0.906 0.098 0 0.005
0.906 0.263 0 0.005
0.906 0.703 0 0.005
0.906 0.731 0 0.005
0.906 0.938 0 0.005
0.908 0.006 0 0.005
0.909 0.405 0 0.005
0.909 0.487 0 0.005
0.909 0.876 0 0.005
0.91 0.285 0 0.005
0.91 0.595 0 0.005
0.911 0.357 0 0.005
0.911 0.743 0 0.005
0.911 0.9 0 0.005
0.912 0.37 0 0.005
0.913 0.446 0 0.005
0.913 0.86 0 0.005
0.914 0.074 0 0.005
0.914 0.157 0 0.005
0.914 0.666 0 0.005
0.916 0.114 0 0.005
0.916 0.951 0 0.005
0.917 0.219 0 0.005
0.918 0.169 0 0.005
0.919 0.145 0 0.005
0.919 0.97 0 0.005
0.921 0.395 0 0.005
0.921 0.503 0 0.005
0.921 0.877 0 0.005
0.922 0.061 0 0.005
0.922 0.383 0 0.005
0.922 0.699 0 0.005
0.923 0.336 0 0.005
0.927 0.4693333333333333 0 0.005
0.923 0.733 0 0.005
0.924 0.248 0 0.005
0.925 0.304 0 0.005
0.925 0.925 0 0.005
0.926 0.755 0 0.005
0.927 0.181 0 0.005
0.927 0.205 0 0.005
0.927 0.322 0 0.005
0.927 0.943 0 0.005
0.928 0.618 0 0.005
0.928 0.814 0 0.005
0.929 0.122 0 0.005
0.929 0.634 0 0.005
0.93 0.269 0 0.005
0.93 0.584 0 0.005
0.931 0.019 0 0.005
0.931 0.1 0 0.005
0.932 0.53 0 0.005
0.934 0.222 0 0.005
0.934 0.282 0 0.005
0.934 0.974 0 0.005
0.935 0.171 0 0.005
0.935 0.24 0 0.005
0.935 0.836 0 0.005
0.935 0.863 0 0.005
0.936 0.046 0 0.005
0.936 0.375 0 0.005
0.936 0.446 0 0.005
0.937 0.421 0 0.005
0.938 0.547 0 0.005
0.938 0.893 0 0.005
0.939 0.684 0 0.005
0.939 0.715 0 0.005
0.94 0.518 0 0.005
0.94 0.668 0 0.005
0.942 0.785 0 0.005
0.943 0.269 0 0.005
0.944 0.193 0 0.005
0.944 0.399 0 0.005
0.9495 0.746 0 0.005
0.946 0.311 0 0.005
0.946 0.332 0 0.005
0.947 0.915 0 0.005
0.948 0.172 0 0.005
0.948 0.295 0 0.005
0.948 0.481 0 0.005
0.948 0.614 0 0.005
0.95 0.227 0 0.005
0.951 0.159 0 0.005
0.951 0.424 0 0.005
0.951 0.973 0 0.005
0.9575 0.3515 0 0.005
0.953 0.251 0 0.005
0.953 0.442 0 0.005
0.953 0.498 0 0.005
0.953 0.626 0 0.005
0.954 0.807 0 0.005
0.955 0.933 0 0.005
0.956 0.708 0 0.005
0.956 0.827 0 0.005
0.956 0.856 0 0.005
0.958 0.328 0 0.005
0.961 0.287 0 0.005
0.961 0.636 0 0.005
0.961 0.666 0 0.005
0.962 0.918 0 0.005
0.963 0.586 0 0.005
0.964 0.075 0 0.005
0.9706666666666667 0.5463333333333333 0 0.005
0.964 0.607 0 0.005
0.964 0.886 0 0.005
0.965 0.008 0 0.005
0.965 0.683 0 0.005
0.966 0.178 0 0.005
0.966 0.39 0 0.005
0.967 0.373 0 0.005
0.967 0.41 0 0.005
0.968 0.43 0 0.005
0.969 0.099 0 0.005
0.969 0.266 0 0.005
0.97 0.029 0 0.005
0.97 0.152 0 0.005
0.97 0.3 0 0.005
0.971 0.361 0 0.005
0.971 0.519 0 0.005
0.971 0.932 0 0.005
0.971 0.951 0 0.005
0.974 0.969 0 0.005
0.975 0.134 0 0.005
0.976 0.05 0 0.005
0.976 0.251 0 0.005
0.976 0.59 0 0.005
0.976 0.794 0 0.005
0.976 0.984 0 0.005
0.9825 0.0805 0 0.005
0.9805 0.478 0 0.005
0.977 0.639 0 0.005
0.978 0.565 0 0.005
0.979 0.912 0 0.005
0.98 0.898 0 0.005
0.981 0.325 0 0.005
0.981 0.387 0 0.005
0.982 0.006 0 0.005
0.982 0.095 0 0.005
0.982 0.674 0 0.005
0.982 0.826 0 0.005
0.984 0.862 0 0.005
0.986 0.399 0 0.005
0.987 0.279 0 0.005
0.987 0.781 0 0.005
0.988 0.16 0 0.005
0.988 0.728 0 0.005
0.989 0.258 0 0.005
0.989 0.376 0 0.005
0.989 0.699 0 0.005
0.99 0.048 0 0.005
0.99 0.117 0 0.005
0.99 0.234 0 0.005
0.99 0.576 0 0.005
0.991 0.428 0 0.005
0.991 0.915 0 0.005
0.991 0.93 0 0.005
0.992 0.444 0 0.005
0.993 0.3 0 0.005
0.993 0.617 0 0.005
0.993 0.634 0 0.005
0.994656862745098 0.186 0 0.005
0.994656862745098 0.337 0 0.005
0.994656862745098 0.811 0 0.005
0.9952365591397849 0.835 0 0.005
0.9957317073170732 0.065 0 0.005
0.9957317073170732 0.592 0 0.005
0.9962051282051282 0.0023333333333333335 0 0.005
0.996225352112676 0.866 0 0.005
0.996225352112676 0.974 0 0.005
0.9967166666666667 0.039 0 0.005
0.9967166666666667 0.134 0 0.005
0.9967166666666667 0.458 0 0.005
0.9967166666666667 0.691 0 0.005
0.9967166666666667 0.89 0 0.005
0.9967166666666667 0.951 0 0.005
