0.003763440860215054 0.271 0 0.005
0.00434313725490196 0.308 0 0.005
0.003763440860215054 0.61 0 0.005
0.0027746478873239434 0.697 0 0.005
0.003268292682926829 0.71 0 0.005
0.00434313725490196 0.73 0 0.005
0.00434313725490196 0.874 0 0.005
0.005938888888888889 0.8999444444444444 0 0.005
0.0022833333333333334 0.951 0 0.005
0.006 0.003763440860215054 0 0.005
0.006 0.081 0 0.005
0.006 0.419 0 0.005
0.007 0.459 0 0.005
0.007 0.777 0 0.005
0.008 0.496 0 0.005
0.009 0.039 0 0.005
0.009 0.765 0 0.005
0.01 0.227 0 0.005
0.01 0.833 0 0.005
0.011 0.4 0 0.005
0.011 0.572 0 0.005
0.011 0.964 0 0.005
0.012 0.18 0 0.005
0.012 0.366 0 0.005
0.013 0.134 0 0.005
0.013 0.557 0 0.005
0.014 0.06 0 0.005
0.015 0.47 0 0.005
0.015 0.666 0 0.005
0.015 0.885 0 0.005
0.015 0.937 0 0.005
0.017 0.387 0 0.005
0.017 0.9957317073170732 0 0.005
0.018 0.122 0 0.005
0.018 0.686 0 0.005
0.019 0.428 0 0.005
0.019 0.607 0 0.005
0.0255 0.0265 0 0.005
0.02 0.443 0 0.005
0.02 0.488 0 0.005
0.02 0.621 0 0.005
0.02 0.918 0 0.005
0.021 0.105 0 0.005
0.022 0.543 0 0.005
0.023 0.238 0 0.005
0.023 0.585 0 0.005
0.023 0.725 0 0.005
0.023 0.857 0 0.005
0.024 0.279 0 0.005
0.024 0.298 0 0.005
0.024 0.643 0 0.005
0.024 0.834 0 0.005
0.025 0.148 0 0.005
0.025 0.781 0 0.005
0.026 0.062 0 0.005
0.026 0.341 0 0.005
0.026 0.743 0 0.005
0.028 0.076 0 0.005
0.028 0.212 0 0.005
0.028 0.38 0 0.005
0.028 0.461 0 0.005
0.028 0.955 0 0.005
0.029 0.18 0 0.005
0.031 0.25 0 0.005
0.031 0.797 0 0.005
0.032 0.401 0 0.005
0.033 0.554 0 0.005
0.034 0.605 0 0.005
0.034 0.718 0 0.005
0.034 0.872 0 0.005
0.034 0.905 0 0.005
0.035 0.114 0 0.005
0.035 0.619 0 0.005
0.036 0.51 0 0.005
0.036 0.819 0 0.005
0.037 0.662 0 0.005
0.037 0.777 0 0.005
0.038 0.47 0 0.005
0.039 0.233 0 0.005
0.04 0.266 0 0.005
0.04 0.361 0 0.005
0.04 0.487 0 0.005
0.041 0.308 0 0.005
0.041 0.332 0 0.005
0.041 0.65 0 0.005
0.042 0.295 0 0.005
0.042 0.541 0 0.005
0.042 0.592 0 0.005
0.047 0.7515 0 0.005
0.042 0.84 0 0.005
0.043 0.436 0 0.005
0.044 0.184 0 0.005
0.046 0.86 0 0.005
0.048 0.565 0 0.005
0.049 0.159 0 0.005
0.049 0.708 0 0.005
0.049 0.88 0 0.005
0.0545 0.664 0 0.005
0.05 0.913 0 0.005
0.051 0.105 0 0.005
0.051 0.602 0 0.005
0.052 0.24 0 0.005
0.0555 0.343 0 0.005
0.053 0.373 0 0.005
0.054 0.218 0 0.005
0.054 0.981 0 0.005
0.055 0.083 0 0.005
0.055 0.457 0 0.005
0.056 0.257 0 0.005
0.056 0.811 0 0.005
0.056 0.839 0 0.005
0.057 0.824 0 0.005
0.058 0.79 0 0.005
0.059 0.9952365591397849 0 0.005
0.06 0.053 0 0.005
0.062 0.143 0 0.005
0.062 0.736 0 0.005
0.063 0.018 0 0.005
0.063 0.435 0 0.005
0.064 0.07 0 0.005
0.064 0.209 0 0.005
0.064 0.64 0 0.005
0.064 0.883 0 0.005
0.064 0.956 0 0.005
0.065 0.602 0 0.005
0.065 0.769 0 0.005
0.065 0.869 0 0.005
0.065 0.899 0 0.005
0.066 0.394 0 0.005
0.067 0.127 0 0.005
0.067 0.509 0 0.005
0.067 0.682 0 0.005
0.069 0.111 0 0.005
0.069 0.187 0 0.005
0.069 0.555 0 0.005
0.069 0.581 0 0.005
0.07 0.33 0 0.005
0.0755 0.414 0 0.005
0.071 0.53 0 0.005
0.072 0.724 0 0.005
0.072 0.842 0 0.005
0.072 0.9952365591397849 0 0.005
0.074 0.166 0 0.005
0.074 0.224 0 0.005
0.074 0.276 0 0.005
0.075 0.247 0 0.005
0.075 0.315 0 0.005
0.076 0.295 0 0.005
0.076 0.781 0 0.005
0.076 0.971 0 0.005
0.081 0.6945 0 0.005
0.077 0.899 0 0.005
0.0815 0.036 0 0.005
0.078 0.078 0 0.005
0.078 0.358 0 0.005
0.078 0.49 0 0.005
0.078 0.958 0 0.005
0.079 0.14 0 0.005
0.081 0.571 0 0.005
0.081 0.763 0 0.005
0.081 0.871 0 0.005
0.083 0.441 0 0.005
0.083 0.747 0 0.005
0.084 0.009 0 0.005
0.084 0.557 0 0.005
0.084 0.663 0 0.005
0.085 0.179 0 0.005
0.085 0.935 0 0.005
0.086 0.382 0 0.005
0.087 0.606 0 0.005
0.087 0.838 0 0.005
0.087 0.993 0 0.005
0.088 0.236 0 0.005
0.089 0.059 0 0.005
0.089 0.593 0 0.005
0.09 0.527 0 0.005
0.091 0.145 0 0.005
0.091 0.396 0 0.005
0.092 0.132 0 0.005
0.092 0.462 0 0.005
0.092 0.646 0 0.005
0.092 0.884 0 0.005
0.092 0.915 0 0.005
0.093 0.491 0 0.005
0.093 0.503 0 0.005
0.096 0.21 0 0.005
0.096 0.815 0 0.005
0.097 0.249 0 0.005
0.097 0.305 0 0.005
0.097 0.432 0 0.005
0.097 0.662 0 0.005
0.098 0.169 0 0.005
0.098 0.272 0 0.005
0.098 0.288 0 0.005
0.099 0.071 0 0.005
0.1 0.718 0 0.005
0.101 0.445 0 0.005
0.101 0.633 0 0.005
0.102 0.41 0 0.005
0.102 0.768 0 0.005
0.103 0.23 0 0.005
0.103 0.951 0 0.005
0.104 0.9952365591397849 0 0.005
0.105 0.386 0 0.005
0.105 0.613 0 0.005
0.105 0.842 0 0.005
0.106 0.596 0 0.005
0.108 0.023 0 0.005
0.109 0.059 0 0.005
0.109 0.695 0 0.005
0.11 0.047 0 0.005
0.11 0.293 0 0.005
0.11 0.42 0 0.005
0.11 0.709 0 0.005
0.11 0.975 0 0.005
0.111 0.187 0 0.005
0.111 0.345 0 0.005
0.111 0.479 0 0.005
0.112 0.148 0 0.005
0.112 0.21 0 0.005
0.112 0.253 0 0.005
0.112 0.9 0 0.005
0.114 0.135 0 0.005
0.114 0.328 0 0.005
0.114 0.794 0 0.005
0.121 0.5005 0 0.005
0.116 0.759 0 0.005
0.116 0.83 0 0.005
0.117 0.23 0 0.005
0.117 0.642 0 0.005
0.118 0.451 0 0.005
0.119 0.561 0 0.005
0.119 0.725 0 0.005
0.12 0.576 0 0.005
0.121 0.399 0 0.005
0.121 0.778 0 0.005
0.121 0.964 0 0.005
0.122 0.872 0 0.005
0.123 0.531 0 0.005
0.123 0.602 0 0.005
0.124 0.209 0 0.005
0.125 0.093 0 0.005
0.125 0.349 0 0.005
0.125 0.659 0 0.005
0.125 0.888 0 0.005
0.126 0.07 0 0.005
0.126 0.305 0 0.005
0.126 0.428 0 0.005
0.127 0.166 0 0.005
0.128 0.992 0 0.005
0.129 0.249 0 0.005
0.129 0.788 0 0.005
0.131 0.125 0 0.005
0.131 0.291 0 0.005
0.131 0.323 0 0.005
0.131 0.75 0 0.005
0.131 0.838 0 0.005
0.132 0.414 0 0.005
0.133 0.484 0 0.005
0.134 0.571 0 0.005
0.134 0.734 0 0.005
0.1405 0.14 0 0.005
0.135 0.178 0 0.005
0.136 0.597 0 0.005
0.136 0.97 0 0.005
0.137 0.229 0 0.005
0.137 0.652 0 0.005
0.138 0.051 0 0.005
0.138 0.463 0 0.005
0.138 0.821 0 0.005
0.139 0.006 0 0.005
0.139 0.164 0 0.005
0.139 0.535 0 0.005
0.139 0.699 0 0.005
0.139 0.937 0 0.005
0.14 0.2 0 0.005
0.14 0.619 0 0.005
0.141 0.034 0 0.005
0.141 0.895 0 0.005
0.141 0.982 0 0.005
0.142 0.256 0 0.005
0.142 0.558 0 0.005
0.143 0.495 0 0.005
0.143 0.851 0 0.005
0.144 0.283 0 0.005
0.1465 0.3395 0 0.005
0.144 0.379 0 0.005
0.144 0.808 0 0.005
0.144 0.883 0 0.005
0.145 0.219 0 0.005
0.145 0.959 0 0.005
0.146 0.27 0 0.005
0.147 0.395 0 0.005
0.147 0.415 0 0.005
0.147 0.761 0 0.005
0.147 0.924 0 0.005
0.148 0.471 0 0.005
0.148 0.604 0 0.005
0.148 0.676 0 0.005
0.149 0.304 0 0.005
0.15 0.078 0 0.005
0.151 0.43 0 0.005
0.151 0.653 0 0.005
0.151 0.946 0 0.005
0.152 0.585 0 0.005
0.152 0.782 0 0.005
0.153 0.636 0 0.005
0.154 0.046 0 0.005
0.154 0.17 0 0.005
0.154 0.843 0 0.005
0.154 0.98 0 0.005
0.158 0.5585 0 0.005
0.156 0.244 0 0.005
0.1615 0.067 0 0.005
0.157 0.451 0 0.005
0.157 0.505 0 0.005
0.157 0.731 0 0.005
0.158 0.617 0 0.005
0.158 0.879 0 0.005
0.159 0.323 0 0.005
0.159 0.743 0 0.005
0.16 0.42 0 0.005
0.161 0.377 0 0.005
0.162 0.205 0 0.005
0.162 0.594 0 0.005
0.162 0.794 0 0.005
0.162 0.866 0 0.005
0.162 0.957 0 0.005
0.164 0.0027746478873239434 0 0.005
0.164 0.766 0 0.005
0.164 0.941 0 0.005
0.165 0.655 0 0.005
0.167 0.182 0 0.005
0.167 0.684 0 0.005
0.168 0.235 0 0.005
0.169 0.543 0 0.005
0.17 0.612 0 0.005
0.17 0.911 0 0.005
0.17 0.924 0 0.005
0.171 0.388 0 0.005
0.1735 0.5835 0 0.005
0.171 0.624 0 0.005
0.171 0.722 0 0.005
0.172 0.024 0 0.005
0.179 0.13866666666666666 0 0.005
0.173 0.748 0 0.005
0.174 0.168 0 0.005
0.174 0.354 0 0.005
0.174 0.565 0 0.005
0.1795 0.012 0 0.005
0.175 0.506 0 0.005
0.175 0.983 0 0.005
0.176 0.221 0 0.005
0.176 0.7 0 0.005
0.176 0.734 0 0.005
0.177 0.092 0 0.005
0.177 0.204 0 0.005
0.177 0.468 0 0.005
0.177 0.487 0 0.005
0.178 0.85 0 0.005
0.178 0.947 0 0.005
0.179 0.307 0 0.005
0.179 0.636 0 0.005
0.18 0.235 0 0.005
0.18 0.833 0 0.005
0.181 0.678 0 0.005
0.182 0.53 0 0.005
0.182 0.871 0 0.005
0.183 0.109 0 0.005
0.183 0.338 0 0.005
0.184 0.992 0 0.005
0.185 0.604 0 0.005
0.185 0.807 0 0.005
0.187 0.409 0 0.005
0.1935 0.587 0 0.005
0.188 0.715 0 0.005
0.189 0.191 0 0.005
0.19 0.087 0 0.005
0.192 0.099 0 0.005
0.192 0.172 0 0.005
0.192 0.289 0 0.005
0.1965 0.471 0 0.005
0.193 0.552 0 0.005
0.194 0.038 0 0.005
0.194 0.31 0 0.005
0.194 0.492 0 0.005
0.194 0.571 0 0.005
0.194 0.867 0 0.005
0.195 0.85 0 0.005
0.196 0.006 0 0.005
0.196 0.275 0 0.005
0.196 0.366 0 0.005
0.202 0.4336666666666667 0 0.005
0.196 0.652 0 0.005
0.196 0.935 0 0.005
0.197 0.246 0 0.005
0.197 0.73 0 0.005
0.197 0.918 0 0.005
0.198 0.055 0 0.005
0.199 0.791 0 0.005
0.199 0.951 0 0.005
0.2 0.63 0 0.005
0.202 0.028 0 0.005
0.202 0.332 0 0.005
0.202 0.672 0 0.005
0.203 0.15 0 0.005
0.203 0.258 0 0.005
0.203 0.395 0 0.005
0.204 0.12 0 0.005
0.205 0.074 0 0.005
0.205 0.184 0 0.005
0.205 0.84 0 0.005
0.206 0.962 0 0.005
0.207 0.136 0 0.005
0.207 0.982 0 0.005
0.208 0.087 0 0.005
0.208 0.856 0 0.005
0.209 0.282 0 0.005
0.209 0.452 0 0.005
0.209 0.902 0 0.005
0.21 0.621 0 0.005
0.21 0.721 0 0.005
0.21 0.877 0 0.005
0.211 0.9957317073170732 0 0.005
0.212 0.038 0 0.005
0.212 0.305 0 0.005
0.212 0.608 0 0.005
0.213 0.006 0 0.005
0.215 0.103 0 0.005
0.215 0.345 0 0.005
0.215 0.699 0 0.005
0.216 0.789 0 0.005
0.217 0.554 0 0.005
0.217 0.657 0 0.005
0.217 0.834 0 0.005
0.217 0.948 0 0.005
0.218 0.766 0 0.005
0.218 0.803 0 0.005
0.22 0.542 0 0.005
0.22 0.644 0 0.005
0.221 0.579 0 0.005
0.223 0.475 0 0.005
0.223 0.895 0 0.005
0.224 0.418 0 0.005
0.224 0.935 0 0.005
0.225 0.04 0 0.005
0.225 0.604 0 0.005
0.226 0.223 0 0.005
0.226 0.382 0 0.005
0.226 0.494 0 0.005
0.232 0.0145 0 0.005
0.227 0.093 0 0.005
0.228 0.705 0 0.005
0.229 0.126 0 0.005
0.23 0.456 0 0.005
0.23 0.678 0 0.005
0.231 0.188 0 0.005
0.232 0.519 0 0.005
0.233 0.059 0 0.005
0.234 0.327 0 0.005
0.234 0.727 0 0.005
0.234 0.944 0 0.005
0.234 0.9952365591397849 0 0.005
0.235 0.106 0 0.005
0.235 0.397 0 0.005
0.236 0.2 0 0.005
0.236 0.546 0 0.005
0.237 0.426 0 0.005
0.237 0.816 0 0.005
0.237 0.839 0 0.005
0.238 0.295 0 0.005
0.239 0.467 0 0.005
0.239 0.768 0 0.005
0.24 0.307 0 0.005
0.24 0.664 0 0.005
0.24 0.692 0 0.005
0.24 0.789 0 0.005
0.24 0.855 0 0.005
0.24 0.956 0 0.005
0.241 0.157 0 0.005
0.241 0.529 0 0.005
0.241 0.62 0 0.005
0.242 0.219 0 0.005
0.243 0.888 0 0.005
0.245 0.255 0 0.005
0.245 0.927 0 0.005
0.246 0.096 0 0.005
0.247 0.32 0 0.005
0.247 0.376 0 0.005
0.247 0.479 0 0.005
0.247 0.83 0 0.005
0.248 0.551 0 0.005
0.249 0.905 0 0.005
0.25 0.231 0 0.005
0.25 0.629 0 0.005
0.251 0.022 0 0.005
0.251 0.034 0 0.005
0.251 0.134 0 0.005
0.254 0.5145 0 0.005
0.254 0.296 0 0.005
0.254 0.401 0 0.005
0.254 0.534 0 0.005
0.254 0.796 0 0.005
0.254 0.848 0 0.005
0.255 0.273 0 0.005
0.255 0.605 0 0.005
0.255 0.666 0 0.005
0.257 0.9957317073170732 0 0.005
0.258 0.06 0 0.005
0.258 0.466 0 0.005
0.259 0.242 0 0.005
0.26 0.917 0 0.005
0.261 0.686 0 0.005
0.261 0.731 0 0.005
0.2635 0.8675 0 0.005
0.262 0.421 0 0.005
0.262 0.818 0 0.005
0.263 0.163 0 0.005
0.264 0.104 0 0.005
0.264 0.835 0 0.005
0.265 0.044 0 0.005
0.265 0.637 0 0.005
0.268 0.7615 0 0.005
0.265 0.952 0 0.005
0.266 0.189 0 0.005
0.2715 0.4045 0 0.005
0.266 0.785 0 0.005
0.267 0.028 0 0.005
0.267 0.076 0 0.005
0.267 0.344 0 0.005
0.269 0.657 0 0.005
0.271 0.365 0 0.005
0.271 0.381 0 0.005
0.271 0.508 0 0.005
0.271 0.979 0 0.005
0.272 0.602 0 0.005
0.273 0.466 0 0.005
0.273 0.557 0 0.005
0.273 0.966 0 0.005
0.274 0.172 0 0.005
0.275 0.438 0 0.005
0.275 0.816 0 0.005
0.276 0.288 0 0.005
0.276 0.415 0 0.005
0.276 0.687 0 0.005
0.276 0.871 0 0.005
0.277 0.144 0 0.005
0.278 0.253 0 0.005
0.278 0.626 0 0.005
0.278 0.718 0 0.005
0.279 0.012 0 0.005
0.279 0.924 0 0.005
0.28 0.079 0 0.005
0.281 0.21 0 0.005
0.281 0.324 0 0.005
0.282 0.197 0 0.005
0.282 0.587 0 0.005
0.282 0.73 0 0.005
0.283 0.272 0 0.005
0.283 0.483 0 0.005
0.284 0.298 0 0.005
0.284 0.55 0 0.005
0.285 0.183 0 0.005
0.285 0.79 0 0.005
0.286 0.091 0 0.005
0.286 0.46 0 0.005
0.286 0.962 0 0.005
0.287 0.046 0 0.005
0.287 0.342 0 0.005
0.287 0.602 0 0.005
0.287 0.806 0 0.005
0.288 0.171 0 0.005
0.289 0.518 0 0.005
0.289 0.858 0 0.005
0.29 0.416 0 0.005
0.29 0.993 0 0.005
0.291 0.5 0 0.005
0.292 0.253 0 0.005
0.292 0.533 0 0.005
0.292 0.67 0 0.005
0.293 0.059 0 0.005
0.293 0.633 0 0.005
0.293 0.65 0 0.005
0.293 0.827 0 0.005
0.293 0.874 0 0.005
0.295 0.206 0 0.005
0.295 0.396 0 0.005
0.295 0.98 0 0.005
0.296 0.026 0 0.005
0.296 0.159 0 0.005
0.296 0.559 0 0.005
0.296 0.726 0 0.005
0.297 0.081 0 0.005
0.298 0.01 0 0.005
0.298 0.484 0 0.005
0.298 0.757 0 0.005
0.298 0.934 0 0.005
0.299 0.847 0 0.005
0.3 0.443 0 0.005
0.303 0.217 0 0.005
0.303 0.334 0 0.005
0.303 0.587 0 0.005
0.303 0.991 0 0.005
0.304 0.745 0 0.005
0.305 0.649 0 0.005
0.305 0.682 0 0.005
0.306 0.064 0 0.005
0.3115 0.1145 0 0.005
0.307 0.921 0 0.005
0.307 0.976 0 0.005
0.308 0.666 0 0.005
0.309 0.397 0 0.005
0.309 0.504 0 0.005
0.31 0.051 0 0.005
0.311 0.429 0 0.005
0.312 0.008 0 0.005
0.312 0.168 0 0.005
0.315 0.03 0 0.005
0.315 0.154 0 0.005
0.315 0.524 0 0.005
0.316 0.226 0 0.005
0.316 0.54 0 0.005
0.316 0.608 0 0.005
0.316 0.777 0 0.005
0.316 0.961 0 0.005
0.317 0.088 0 0.005
0.317 0.442 0 0.005
0.317 0.809 0 0.005
0.318 0.134 0 0.005
0.318 0.293 0 0.005
0.318 0.308 0 0.005
0.318 0.636 0 0.005
0.319 0.352 0 0.005
0.319 0.932 0 0.005
0.32 0.733 0 0.005
0.321 0.177 0 0.005
0.321 0.324 0 0.005
0.321 0.656 0 0.005
0.322 0.046 0 0.005
0.322 0.594 0 0.005
0.322 0.693 0 0.005
0.322 0.825 0 0.005
0.323 0.073 0 0.005
0.324 0.203 0 0.005
0.324 0.87 0 0.005
0.326 0.261 0 0.005
0.326 0.366 0 0.005
0.326 0.681 0 0.005
0.327 0.562 0 0.005
0.327 0.622 0 0.005
0.329 0.392 0 0.005
0.329 0.847 0 0.005
0.331 0.668 0 0.005
0.331 0.947 0 0.005
0.332 0.141 0 0.005
0.332 0.463 0 0.005
0.333 0.122 0 0.005
0.333 0.274 0 0.005
0.333 0.771 0 0.005
0.333 0.884 0 0.005
0.333 0.914 0 0.005
0.334 0.105 0 0.005
0.334 0.237 0 0.005
0.334 0.825 0 0.005
0.334 0.967 0 0.005
0.336 0.302 0 0.005
0.336 0.342 0 0.005
0.336 0.519 0 0.005
0.336 0.802 0 0.005
0.337 0.438 0 0.005
0.338 0.055 0 0.005
0.34 0.01 0 0.005
0.34 0.553 0 0.005
0.34 0.748 0 0.005
0.341 0.076 0 0.005
0.341 0.594 0 0.005
0.341 0.696 0 0.005
0.342 0.321 0 0.005
0.343 0.426 0 0.005
0.344 0.375 0 0.005
0.344 0.736 0 0.005
0.344 0.93 0 0.005
0.345 0.502 0 0.005
0.345 0.912 0 0.005
0.346 0.103 0 0.005
0.346 0.662 0 0.005
0.347 0.294 0 0.005
0.347 0.461 0 0.005
0.347 0.645 0 0.005
0.349 0.449 0 0.005
0.349 0.779 0 0.005
0.349 0.805 0 0.005
0.349 0.877 0 0.005
0.35 0.859 0 0.005
0.351 0.036 0 0.005
0.351 0.056 0 0.005
0.351 0.126 0 0.005
0.351 0.529 0 0.005
0.352 0.717 0 0.005
0.352 0.969 0 0.005
0.353 0.013 0 0.005
0.353 0.674 0 0.005
0.354 0.687 0 0.005
0.355 0.182 0 0.005
0.355 0.234 0 0.005
0.355 0.402 0 0.005
0.356 0.153 0 0.005
0.356 0.209 0 0.005
0.356 0.387 0 0.005
0.357 0.281 0 0.005
0.359 0.433 0 0.005
0.359 0.623 0 0.005
0.36 0.106 0 0.005
0.36 0.313 0 0.005
0.361 0.554 0 0.005
0.361 0.807 0 0.005
0.361 0.982 0 0.005
0.362 0.661 0 0.005
0.362 0.731 0 0.005
0.362 0.757 0 0.005
0.363 0.071 0 0.005
0.364 0.142 0 0.005
0.364 0.488 0 0.005
0.365 0.644 0 0.005
0.365 0.708 0 0.005
0.366 0.023 0 0.005
0.366 0.245 0 0.005
0.366 0.848 0 0.005
0.367 0.045 0 0.005
0.367 0.509 0 0.005
0.367 0.61 0 0.005
0.367 0.682 0 0.005
0.368 0.521 0 0.005
0.368 0.535 0 0.005
0.368 0.581 0 0.005
0.368 0.949 0 0.005
0.369 0.198 0 0.005
0.37 0.384 0 0.005
0.37 0.445 0 0.005
0.37 0.768 0 0.005
0.371 0.118 0 0.005
0.371 0.215 0 0.005
0.372 0.259 0 0.005
0.372 0.326 0 0.005
0.373 0.917 0 0.005
0.374 0.311 0 0.005
0.374 0.598 0 0.005
0.375 0.424 0 0.005
0.375 0.63 0 0.005
0.377 0.707 0 0.005
0.377 0.816 0 0.005
0.378 0.086 0 0.005
0.378 0.233 0 0.005
0.378 0.277 0 0.005
0.378 0.357 0 0.005
0.379 0.4 0 0.005
0.379 0.564 0 0.005
0.38 0.576 0 0.005
0.38 0.611 0 0.005
0.38 0.845 0 0.005
0.381 0.436 0 0.005
0.381 0.721 0 0.005
0.382 0.523 0 0.005
0.383 0.335 0 0.005
0.383 0.37 0 0.005
0.383 0.798 0 0.005
0.384 0.042 0 0.005
0.384 0.114 0 0.005
0.385 0.548 0 0.005
0.386 0.102 0 0.005
0.386 0.881 0 0.005
0.388 0.029 0 0.005
0.388 0.964 0 0.005
0.388 0.994 0 0.005
0.389 0.016 0 0.005
0.389 0.063 0 0.005
0.389 0.152 0 0.005
0.389 0.214 0 0.005
0.389 0.465 0 0.005
0.3915 0.5055 0 0.005
0.389 0.621 0 0.005
0.389 0.651 0 0.005
0.39 0.634 0 0.005
0.3945 0.079 0 0.005
0.391 0.562 0 0.005
0.391 0.767 0 0.005
0.392 0.169 0 0.005
0.392 0.95 0 0.005
0.394 0.274 0 0.005
0.394 0.915 0 0.005
0.395 0.437 0 0.005
0.395 0.697 0 0.005
0.396 0.68 0 0.005
0.397 0.376 0 0.005
0.397 0.735 0 0.005
0.397 0.901 0 0.005
0.398 0.814 0 0.005
0.399 0.0022833333333333334 0 0.005
0.399 0.198 0 0.005
0.4 0.362 0 0.005
0.4 0.864 0 0.005
0.401 0.237 0 0.005
0.401 0.25 0 0.005
0.401 0.988 0 0.005
0.402 0.41 0 0.005
0.402 0.774 0 0.005
0.405 0.04 0 0.005
0.405 0.745 0 0.005
0.405 0.936 0 0.005
0.406 0.488 0 0.005
0.407 0.467 0 0.005
0.407 0.522 0 0.005
0.407 0.848 0 0.005
0.408 0.053 0 0.005
0.4105 0.6075 0 0.005
0.408 0.65 0 0.005
0.408 0.967 0 0.005
0.409 0.684 0 0.005
0.409 0.827 0 0.005
0.41 0.372 0 0.005
0.41 0.899 0 0.005
0.411 0.448 0 0.005
0.412 0.507 0 0.005
0.412 0.869 0 0.005
0.413 0.328 0 0.005
0.414 0.726 0 0.005
0.415 0.0027746478873239434 0 0.005
0.415 0.289 0 0.005
0.415 0.42 0 0.005
0.416 0.098 0 0.005
0.416 0.123 0 0.005
0.416 0.211 0 0.005
0.416 0.761 0 0.005
0.417 0.352 0 0.005
0.417 0.745 0 0.005
0.417 0.922 0 0.005
0.418 0.578 0 0.005
0.418 0.888 0 0.005
0.419 0.551 0 0.005
0.419 0.564 0 0.005
0.42 0.439 0 0.005
0.4245 0.602 0 0.005
0.42 0.712 0 0.005
0.421 0.194 0 0.005
0.421 0.308 0 0.005
0.421 0.934 0 0.005
0.422 0.663 0 0.005
0.422 0.697 0 0.005
0.422 0.832 0 0.005
0.423 0.149 0 0.005
0.424 0.279 0 0.005
0.424 0.635 0 0.005
0.425 0.981 0 0.005
0.426 0.509 0 0.005
0.426 0.815 0 0.005
0.426 0.954 0 0.005
0.428 0.009 0 0.005
0.428 0.373 0 0.005
0.428 0.769 0 0.005
0.429 0.489 0 0.005
0.43 0.124 0 0.005
0.431 0.079 0 0.005
0.431 0.403 0 0.005
0.431 0.471 0 0.005
0.436 0.5586666666666666 0 0.005
0.432 0.172 0 0.005
0.432 0.323 0 0.005
0.432 0.893 0 0.005
0.4385 0.419 0 0.005
0.433 0.625 0 0.005
0.433 0.74 0 0.005
0.433 0.803 0 0.005
0.433 0.991 0 0.005
0.434 0.688 0 0.005
0.435 0.04 0 0.005
0.436 0.583 0 0.005
0.436 0.93 0 0.005
0.437 0.349 0 0.005
0.437 0.839 0 0.005
0.438 0.287 0 0.005
0.439 0.024 0 0.005
0.439 0.881 0 0.005
0.44 0.195 0 0.005
0.441 0.869 0 0.005
0.444 0.073 0 0.005
0.444 0.383 0 0.005
0.444 0.448 0 0.005
0.445 0.06 0 0.005
0.445 0.403 0 0.005
0.445 0.466 0 0.005
0.446 0.242 0 0.005
0.447 0.732 0 0.005
0.447 0.988 0 0.005
0.448 0.006 0 0.005
0.448 0.206 0 0.005
0.448 0.508 0 0.005
0.449 0.124 0 0.005
0.45 0.112 0 0.005
0.45 0.595 0 0.005
0.45 0.889 0 0.005
0.4565 0.475 0 0.005
0.452 0.227 0 0.005
0.452 0.794 0 0.005
0.453 0.538 0 0.005
0.453 0.695 0 0.005
0.453 0.707 0 0.005
0.454 0.343 0 0.005
0.454 0.909 0 0.005
0.455 0.257 0 0.005
0.455 0.44 0 0.005
0.455 0.521 0 0.005
0.456 0.022 0 0.005
0.456 0.053 0 0.005
0.456 0.867 0 0.005
0.457 0.309 0 0.005
0.457 0.758 0 0.005
0.457 0.78 0 0.005
0.458 0.374 0 0.005
0.458 0.653 0 0.005
0.458 0.72 0 0.005
0.458 0.832 0 0.005
0.459 0.142 0 0.005
0.46 0.16 0 0.005
0.46 0.565 0 0.005
0.46 0.956 0 0.005
0.461 0.034 0 0.005
0.461 0.619 0 0.005
0.461 0.844 0 0.005
0.462 0.326 0 0.005
0.463 0.13 0 0.005
0.464 0.236 0 0.005
0.464 0.511 0 0.005
0.465 0.102 0 0.005
0.465 0.669 0 0.005
0.465 0.808 0 0.005
0.465 0.898 0 0.005
0.466 0.416 0 0.005
0.466 0.93 0 0.005
0.469 0.018 0 0.005
0.469 0.206 0 0.005
0.469 0.386 0 0.005
0.47 0.279 0 0.005
0.471 0.534 0 0.005
0.48033333333333333 0.7 0 0.005
0.471 0.756 0 0.005
0.472 0.118 0 0.005
0.472 0.184 0 0.005
0.472 0.581 0 0.005
0.473 0.063 0 0.005
0.473 0.3 0 0.005
0.474 0.859 0 0.005
0.475 0.133 0 0.005
0.475 0.219 0 0.005
0.475 0.942 0 0.005
0.476 0.16 0 0.005
0.476 0.845 0 0.005
0.477 0.916 0 0.005
0.478 0.257 0 0.005
0.479 0.599 0 0.005
0.479 0.652 0 0.005
0.479 0.891 0 0.005
0.48 0.719 0 0.005
0.4865 0.984 0 0.005
0.482 0.285 0 0.005
0.482 0.376 0 0.005
0.483 0.804 0 0.005
0.484 0.344 0 0.005
0.484 0.482 0 0.005
0.484 0.963 0 0.005
0.485 0.356 0 0.005
0.486 0.618 0 0.005
0.486 0.745 0 0.005
0.487 0.171 0 0.005
0.487 0.786 0 0.005
0.489 0.528 0 0.005
0.49 0.421 0 0.005
0.49 0.916 0 0.005
0.491 0.252 0 0.005
0.492 0.119 0 0.005
0.492 0.159 0 0.005
0.492 0.185 0 0.005
0.492 0.314 0 0.005
0.492 0.333 0 0.005
0.493 0.6 0 0.005
0.493 0.646 0 0.005
0.494 0.0027746478873239434 0 0.005
0.494 0.224 0 0.005
0.494 0.294 0 0.005
0.495 0.883 0 0.005
0.496 0.516 0 0.005
0.496 0.547 0 0.005
0.496 0.684 0 0.005
0.496 0.796 0 0.005
0.496 0.9967166666666667 0 0.005
0.497 0.402 0 0.005
0.497 0.48 0 0.005
0.498 0.102 0 0.005
0.498 0.277 0 0.005
0.498 0.375 0 0.005
0.498 0.431 0 0.005
0.499 0.631 0 0.005
0.499 0.726 0 0.005
0.499 0.772 0 0.005
0.501 0.24 0 0.005
0.502 0.07 0 0.005
0.502 0.496 0 0.005
0.502 0.739 0 0.005
0.503 0.954 0 0.005
0.504 0.347 0 0.005
0.505 0.029 0 0.005
0.506 0.045 0 0.005
0.506 0.158 0 0.005
0.507 0.311 0 0.005
0.508 0.688 0 0.005
0.508 0.847 0 0.005
0.512 0.2265 0 0.005
0.509 0.588 0 0.005
0.509 0.802 0 0.005
0.509 0.821 0 0.005
0.51 0.432 0 0.005
0.511 0.265 0 0.005
0.511 0.51 0 0.005
0.511 0.748 0 0.005
0.512 0.552 0 0.005
0.513 0.005 0 0.005
0.513 0.295 0 0.005
0.513 0.564 0 0.005
0.515 0.361 0 0.005
0.515 0.485 0 0.005
0.515 0.993 0 0.005
0.517 0.699 0 0.005
0.518 0.087 0 0.005
0.518 0.17 0 0.005
0.518 0.393 0 0.005
0.518 0.672 0 0.005
0.518 0.975 0 0.005
0.519 0.42 0 0.005
0.52 0.472 0 0.005
0.521 0.784 0 0.005
0.522 0.759 0 0.005
0.522 0.856 0 0.005
0.522 0.87 0 0.005
0.523 0.194 0 0.005
0.524 0.105 0 0.005
0.524 0.449 0 0.005
0.525 0.005 0 0.005
0.5305 0.3135 0 0.005
0.525 0.586 0 0.005
0.525 0.808 0 0.005
0.525 0.842 0 0.005
0.526 0.348 0 0.005
0.527 0.523 0 0.005
0.527 0.937 0 0.005
0.527 0.989 0 0.005
0.528 0.018 0 0.005
0.528 0.888 0 0.005
0.528 0.96 0 0.005
0.529 0.901 0 0.005
0.53 0.072 0 0.005
0.53 0.29 0 0.005
0.53 0.39 0 0.005
0.53 0.495 0 0.005
0.53 0.683 0 0.005
0.53 0.717 0 0.005
0.532 0.054 0 0.005
0.532 0.535 0 0.005
0.535 0.184 0 0.005
0.5403333333333333 0.556 0 0.005
0.536 0.735 0 0.005
0.537 0.402 0 0.005
0.537 0.64 0 0.005
0.538 0.301 0 0.005
0.538 0.602 0 0.005
0.538 0.921 0 0.005
0.538 0.972 0 0.005
0.539 0.09 0 0.005
0.539 0.268 0 0.005
0.539 0.475 0 0.005
0.54 0.031 0 0.005
0.54 0.112 0 0.005
0.541 0.337 0 0.005
0.541 0.668 0 0.005
0.542 0.454 0 0.005
0.542 0.943 0 0.005
0.543 0.227 0 0.005
0.544 0.054 0 0.005
0.544 0.432 0 0.005
0.545 0.248 0 0.005
0.546 0.073 0 0.005
0.546 0.985 0 0.005
0.547 0.208 0 0.005
0.547 0.516 0 0.005
0.548 0.011 0 0.005
0.55 0.54 0 0.005
0.55 0.804 0 0.005
0.551 0.097 0 0.005
0.551 0.119 0 0.005
0.551 0.165 0 0.005
0.552 0.661 0 0.005
0.553 0.381 0 0.005
0.553 0.767 0 0.005
0.554 0.649 0 0.005
0.554 0.722 0 0.005
0.555 0.352 0 0.005
0.555 0.622 0 0.005
0.556 0.024 0 0.005
0.5605 0.964 0 0.005
0.558 0.003763440860215054 0 0.005
0.558 0.304 0 0.005
0.558 0.9 0 0.005
0.559 0.29 0 0.005
0.56 0.565 0 0.005
0.561 0.195 0 0.005
0.561 0.582 0 0.005
0.561 0.942 0 0.005
0.562 0.394 0 0.005
0.563 0.262 0 0.005
0.563 0.498 0 0.005
0.563 0.514 0 0.005
0.564 0.736 0 0.005
0.565 0.161 0 0.005
0.566 0.046 0 0.005
0.566 0.48 0 0.005
0.5695 0.861 0 0.005
0.5705 0.217 0 0.005
0.567 0.779 0 0.005
0.567 0.819 0 0.005
0.567 0.996225352112676 0 0.005
0.568 0.356 0 0.005
0.568 0.889 0 0.005
0.569 0.628 0 0.005
0.57 0.533 0 0.005
0.57 0.643 0 0.005
0.571 0.309 0 0.005
0.572 0.344 0 0.005
0.573 0.324 0 0.005
0.573 0.806 0 0.005
0.574 0.085 0 0.005
0.574 0.66 0 0.005
0.575 0.012 0 0.005
0.575 0.604 0 0.005
0.575 0.68 0 0.005
0.576 0.76 0 0.005
0.577 0.139 0 0.005
0.577 0.375 0 0.005
0.579 0.049 0 0.005
0.58 0.232 0 0.005
0.58 0.501 0 0.005
0.58 0.887 0 0.005
0.582 0.582 0 0.005
0.583 0.622 0 0.005
0.584 0.16 0 0.005
0.584 0.285 0 0.005
0.584 0.412 0 0.005
0.584 0.902 0 0.005
0.584 0.935 0 0.005
0.585 0.39 0 0.005
0.585 0.781 0 0.005
0.586 0.201 0 0.005
0.586 0.215 0 0.005
0.587 0.67 0 0.005
0.588 0.444 0 0.005
0.589 0.475 0 0.005
0.589 0.55 0 0.005
0.589 0.693 0 0.005
0.589 0.856 0 0.005
0.592 0.316 0 0.005
0.592 0.563 0 0.005
0.592 0.811 0 0.005
0.5975 0.8295 0 0.005
0.593 0.967 0 0.005
0.5985 0.043 0 0.005
0.595 0.143 0 0.005
0.595 0.715 0 0.005
0.595 0.925 0 0.005
0.596 0.082 0 0.005
0.596 0.193 0 0.005
0.596 0.262 0 0.005
0.596 0.278 0 0.005
0.596 0.589 0 0.005
0.596 0.648 0 0.005
0.597 0.368 0 0.005
0.597 0.879 0 0.005
0.597 0.944 0 0.005
0.599 0.435 0 0.005
0.6 0.17 0 0.005
0.6 0.463 0 0.005
0.603 0.6765 0 0.005
0.6 0.799 0 0.005
0.601 0.337 0 0.005
0.601 0.899 0 0.005
0.602 0.157 0 0.005
0.602 0.404 0 0.005
0.603 0.778 0 0.005
0.604 0.475 0 0.005
0.604 0.724 0 0.005
0.605 0.304 0 0.005
0.605 0.487 0 0.005
0.605 0.861 0 0.005
0.606 0.697 0 0.005
0.607 0.012 0 0.005
0.607 0.068 0 0.005
0.607 0.117 0 0.005
0.608 0.267 0 0.005
0.608 0.418 0 0.005
0.608 0.559 0 0.005
0.608 0.952 0 0.005
0.6125 0.205 0 0.005
0.609 0.627 0 0.005
0.61 0.28 0 0.005
0.61 0.538 0 0.005
0.611 0.177 0 0.005
0.611 0.228 0 0.005
0.612 0.37 0 0.005
0.613 0.137 0 0.005
0.613 0.644 0 0.005
0.613 0.763 0 0.005
0.613 0.791 0 0.005
0.614 0.314 0 0.005
0.614 0.574 0 0.005
0.614 0.596 0 0.005
0.615 0.713 0 0.005
0.615 0.739 0 0.005
0.615 0.845 0 0.005
0.616 0.257 0 0.005
0.616 0.994656862745098 0 0.005
0.617 0.023 0 0.005
0.617 0.106 0 0.005
0.619 0.921 0 0.005
0.62 0.472 0 0.005
0.62 0.553 0 0.005
0.621 0.191 0 0.005
0.621 0.522 0 0.005
0.622 0.057 0 0.005
0.622 0.666 0 0.005
0.623 0.498 0 0.005
0.624 0.09 0 0.005
0.624 0.284 0 0.005
0.624 0.384 0 0.005
0.624 0.823 0 0.005
0.625 0.335 0 0.005
0.628 0.4425 0 0.005
0.629 0.5845 0 0.005
0.628 0.511 0 0.005
0.628 0.716 0 0.005
0.628 0.778 0 0.005
0.628 0.858 0 0.005
0.628 0.963 0 0.005
0.629 0.155 0 0.005
0.629 0.364 0 0.005
0.629 0.734 0 0.005
0.63 0.171 0 0.005
0.63 0.949 0 0.005
0.631 0.026 0 0.005
0.631 0.626 0 0.005
0.632 0.14 0 0.005
0.632 0.489 0 0.005
0.632 0.908 0 0.005
0.633 0.184 0 0.005
0.634 0.235 0 0.005
0.635 0.798 0 0.005
0.636 0.98 0 0.005
0.637 0.9952365591397849 0 0.005
0.638 0.261 0 0.005
0.638 0.604 0 0.005
0.64 0.67 0 0.005
0.64 0.755 0 0.005
0.641 0.465 0 0.005
0.644 0.111 0 0.005
0.644 0.541 0 0.005
0.644 0.56 0 0.005
0.645 0.326 0 0.005
0.645 0.387 0 0.005
0.645 0.488 0 0.005
0.645 0.657 0 0.005
0.646 0.096 0 0.005
0.647 0.181 0 0.005
0.647 0.278 0 0.005
0.647 0.858 0 0.005
0.648 0.352 0 0.005
0.648 0.919 0 0.005
0.649 0.507 0 0.005
0.649 0.619 0 0.005
0.649 0.699 0 0.005
0.65 0.06 0 0.005
0.65 0.22 0 0.005
0.65 0.371 0 0.005
0.65 0.883 0 0.005
0.651 0.009 0 0.005
0.652 0.266 0 0.005
0.653 0.729 0 0.005
0.654 0.12 0 0.005
0.654 0.869 0 0.005
0.655 0.16 0 0.005
0.66 0.7145 0 0.005
0.656 0.682 0 0.005
0.657 0.079 0 0.005
0.658 0.049 0 0.005
0.658 0.65 0 0.005
0.659 0.098 0 0.005
0.659 0.825 0 0.005
0.659 0.951 0 0.005
0.66 0.788 0 0.005
0.661 0.134 0 0.005
0.662 0.017 0 0.005
0.6665 0.5855 0 0.005
0.664 0.738 0 0.005
0.664 0.757 0 0.005
0.665 0.182 0 0.005
0.665 0.27 0 0.005
0.665 0.925 0 0.005
0.665 0.963 0 0.005
0.666 0.399 0 0.005
0.666 0.553 0 0.005
0.667 0.202 0 0.005
0.667 0.617 0 0.005
0.668 0.642 0 0.005
0.669 0.16 0 0.005
0.669 0.227 0 0.005
0.669 0.567 0 0.005
0.67 0.358 0 0.005
0.67 0.513 0 0.005
0.671 0.419 0 0.005
0.671 0.687 0 0.005
0.671 0.7 0 0.005
0.672 0.006 0 0.005
0.672 0.541 0 0.005
0.672 0.996225352112676 0 0.005
0.673 0.892 0 0.005
0.674 0.032 0 0.005
0.674 0.852 0 0.005
0.675 0.121 0 0.005
0.676 0.058 0 0.005
0.676 0.099 0 0.005
0.677 0.604 0 0.005
0.677 0.79 0 0.005
0.678 0.408 0 0.005
0.679 0.171 0 0.005
0.679 0.291 0 0.005
0.679 0.832 0 0.005
0.68 0.242 0 0.005
0.68 0.767 0 0.005
0.68 0.814 0 0.005
0.681 0.62 0 0.005
0.682 0.958 0 0.005
0.683 0.319 0 0.005
0.683 0.689 0 0.005
0.683 0.742 0 0.005
0.684 0.223 0 0.005
0.684 0.466 0 0.005
0.684 0.538 0 0.005
0.684 0.861 0 0.005
0.688 0.144 0 0.005
0.688 0.511 0 0.005
0.689 0.364 0 0.005
0.689 0.706 0 0.005
0.689 0.719 0 0.005
0.69 0.427 0 0.005
0.691 0.342 0 0.005
0.691 0.603 0 0.005
0.691 0.949 0 0.005
0.692 0.578 0 0.005
0.6965 0.051 0 0.005
0.693 0.302 0 0.005
0.693 0.681 0 0.005
0.693 0.774 0 0.005
0.694 0.003268292682926829 0 0.005
0.694 0.161 0 0.005
0.695 0.082 0 0.005
0.695 0.317 0 0.005
0.695 0.473 0 0.005
0.695 0.522 0 0.005
0.7005 0.2 0 0.005
0.696 0.537 0 0.005
0.696 0.76 0 0.005
0.697 0.257 0 0.005
0.697 0.845 0 0.005
0.699 0.375 0 0.005
0.7 0.867 0 0.005
0.701 0.028 0 0.005
0.701 0.9 0 0.005
0.702 0.642 0 0.005
0.702 0.734 0 0.005
0.704 0.338 0 0.005
0.704 0.356 0 0.005
0.704 0.621 0 0.005
0.704 0.827 0 0.005
0.705 0.279 0 0.005
0.706 0.464 0 0.005
0.706 0.948 0 0.005
0.707 0.322 0 0.005
0.707 0.792 0 0.005
0.708 0.22 0 0.005
0.709 0.074 0 0.005
0.71 0.172 0 0.005
0.71 0.257 0 0.005
0.71 0.505 0 0.005
0.712 0.558 0 0.005
0.712 0.753 0 0.005
0.712 0.964 0 0.005
0.713 0.484 0 0.005
0.714 0.637 0 0.005
0.715 0.44 0 0.005
0.716 0.541 0 0.005
0.716 0.688 0 0.005
0.717 0.137 0 0.005
0.717 0.359 0 0.005
0.717 0.528 0 0.005
0.7225 0.655 0 0.005
0.717 0.929 0 0.005
0.718 0.015 0 0.005
0.718 0.188 0 0.005
0.719 0.311 0 0.005
0.719 0.766 0 0.005
0.719 0.907 0 0.005
0.72 0.033 0 0.005
0.72 0.405 0 0.005
0.721 0.423 0 0.005
0.721 0.723 0 0.005
0.721 0.817 0 0.005
0.722 0.246 0 0.005
0.722 0.584 0 0.005
0.723 0.057 0 0.005
0.723 0.083 0 0.005
0.723 0.884 0 0.005
0.724 0.785 0 0.005
0.725 0.069 0 0.005
0.725 0.954 0 0.005
0.726 0.75 0 0.005
0.727 0.377 0 0.005
0.728 0.568 0 0.005
0.729 0.439 0 0.005
0.729 0.975 0 0.005
0.73 0.006 0 0.005
0.73 0.501 0 0.005
0.73 0.521 0 0.005
0.73 0.9952365591397849 0 0.005
0.731 0.353 0 0.005
0.733 0.408 0 0.005
0.733 0.834 0 0.005
0.735 0.083 0 0.005
0.735 0.281 0 0.005
0.735 0.796 0 0.005
0.736 0.152 0 0.005
0.736 0.556 0 0.005
0.736 0.88 0 0.005
0.738 0.323 0 0.005
0.738 0.598 0 0.005
0.738 0.817 0 0.005
0.739 0.18 0 0.005
0.74 0.635 0 0.005
0.74 0.757 0 0.005
0.74 0.946 0 0.005
0.741 0.537 0 0.005
0.742 0.059 0 0.005
0.742 0.368 0 0.005
0.742 0.895 0 0.005
0.742 0.97 0 0.005
0.743 0.444 0 0.005
0.743 0.739 0 0.005
0.744 0.474 0 0.005
0.745 0.021 0 0.005
0.745 0.925 0 0.005
0.746 0.096 0 0.005
0.746 0.116 0 0.005
0.746 0.228 0 0.005
0.746 0.91 0 0.005
0.747 0.776 0 0.005
0.748 0.4 0 0.005
0.7545 0.2755 0 0.005
0.749 0.314 0 0.005
0.749 0.612 0 0.005
0.75 0.669 0 0.005
0.751 0.419 0 0.005
0.751 0.503 0 0.005
0.752 0.151 0 0.005
0.752 0.69 0 0.005
0.753 0.009 0 0.005
0.753 0.795 0 0.005
0.753 0.941 0 0.005
0.754 0.045 0 0.005
0.754 0.369 0 0.005
0.754 0.816 0 0.005
0.754 0.855 0 0.005
0.755 0.572 0 0.005
0.755 0.896 0 0.005
0.756 0.172 0 0.005
0.757 0.658 0 0.005
0.758 0.222 0 0.005
0.758 0.439 0 0.005
0.759 0.757 0 0.005
0.76 0.08 0 0.005
0.76 0.841 0 0.005
0.76 0.966 0 0.005
0.761 0.555 0 0.005
0.761 0.605 0 0.005
0.762 0.592 0 0.005
0.763 0.498 0 0.005
0.764 0.316 0 0.005
0.764 0.469 0 0.005
0.765 0.02 0 0.005
0.765 0.691 0 0.005
0.766 0.297 0 0.005
0.766 0.935 0 0.005
0.766 0.95 0 0.005
0.768 0.519 0 0.005
0.768 0.912 0 0.005
0.769 0.098 0 0.005
0.769 0.198 0 0.005
0.769 0.725 0 0.005
0.769 0.767 0 0.005
0.77 0.42 0 0.005
0.77 0.865 0 0.005
0.772 0.0027746478873239434 0 0.005
0.772 0.083 0 0.005
0.772 0.116 0 0.005
0.772 0.17 0 0.005
0.772 0.231 0 0.005
0.772 0.785 0 0.005
0.773 0.276 0 0.005
0.773 0.442 0 0.005
0.773 0.603 0 0.005
0.775 0.373 0 0.005
0.776 0.21 0 0.005
0.776 0.702 0 0.005
0.777 0.667 0 0.005
0.778 0.499 0 0.005
0.778 0.537 0 0.005
0.779 0.574 0 0.005
0.779 0.82 0 0.005
0.78 0.469 0 0.005
0.781 0.019 0 0.005
0.781 0.098 0 0.005
0.787 0.2945 0 0.005
0.782 0.732 0 0.005
0.783 0.184 0 0.005
0.783 0.348 0 0.005
0.783 0.588 0 0.005
0.783 0.833 0 0.005
0.784 0.61 0 0.005
0.784 0.713 0 0.005
0.785 0.141 0 0.005
0.785 0.644 0 0.005
0.786 0.409 0 0.005
0.786 0.622 0 0.005
0.786 0.874 0 0.005
0.787 0.771 0 0.005
0.787 0.858 0 0.005
0.788 0.255 0 0.005
0.788 0.794 0 0.005
0.789 0.276 0 0.005
0.79 0.32 0 0.005
0.791 0.008 0 0.005
0.792 0.552 0 0.005
0.793 0.023 0 0.005
0.793 0.203 0 0.005
0.793 0.692 0 0.005
0.794 0.067 0 0.005
0.794 0.119 0 0.005
0.794 0.358 0 0.005
0.794 0.421 0 0.005
0.794 0.599 0 0.005
0.794 0.728 0 0.005
0.794 0.915 0 0.005
0.796 0.184 0 0.005
0.798 0.812 0 0.005
0.798 0.898 0 0.005
0.798 0.977 0 0.005
0.799 0.305 0 0.005
0.799 0.459 0 0.005
0.799 0.782 0 0.005
0.8 0.156 0 0.005
0.8 0.228 0 0.005
0.8 0.942 0 0.005
0.801 0.041 0 0.005
0.801 0.635 0 0.005
0.802 0.478 0 0.005
0.802 0.751 0 0.005
0.803 0.57 0 0.005
0.804 0.246 0 0.005
0.806 0.133 0 0.005
0.806 0.603 0 0.005
0.806 0.725 0 0.005
0.807 0.088 0 0.005
0.808 0.268 0 0.005
0.808 0.616 0 0.005
0.81 0.668 0 0.005
0.81 0.912 0 0.005
0.81 0.926 0 0.005
0.811 0.321 0 0.005
0.811 0.356 0 0.005
0.811 0.491 0 0.005
0.82 0.528 0 0.005
0.812 0.558 0 0.005
0.813 0.156 0 0.005
0.815 0.435 0 0.005
0.816 0.239 0 0.005
0.82 0.7635 0 0.005
0.816 0.824 0 0.005
0.816 0.949 0 0.005
0.817 0.098 0 0.005
0.817 0.343 0 0.005
0.817 0.691 0 0.005
0.817 0.746 0 0.005
0.817 0.9952365591397849 0 0.005
0.818 0.037 0 0.005
0.818 0.186 0 0.005
0.818 0.395 0 0.005
0.818 0.474 0 0.005
0.819 0.507 0 0.005
0.819 0.859 0 0.005
0.82 0.968 0 0.005
0.821 0.448 0 0.005
0.8255 0.714 0 0.005
0.822 0.872 0 0.005
0.823 0.415 0 0.005
0.823 0.734 0 0.005
0.824 0.983 0 0.005
0.826 0.134 0 0.005
0.826 0.285 0 0.005
0.827 0.211 0 0.005
0.827 0.26 0 0.005
0.833 0.6025 0 0.005
0.829 0.9967166666666667 0 0.005
0.83 0.315 0 0.005
0.83 0.372 0 0.005
0.831 0.247 0 0.005
0.831 0.856 0 0.005
0.831 0.938 0 0.005
0.833 0.453 0 0.005
0.833 0.806 0 0.005
0.833 0.923 0 0.005
0.834 0.043 0 0.005
0.834 0.747 0 0.005
0.835 0.35 0 0.005
0.835 0.399 0 0.005
0.839 0.068 0 0.005
0.839 0.694 0 0.005
0.839 0.775 0 0.005
0.84 0.006 0 0.005
0.84 0.135 0 0.005
0.84 0.418 0 0.005
0.84 0.846 0 0.005
0.841 0.736 0 0.005
0.841 0.818 0 0.005
0.842 0.053 0 0.005
0.842 0.286 0 0.005
0.842 0.323 0 0.005
0.843 0.761 0 0.005
0.844 0.936 0 0.005
0.845 0.096 0 0.005
0.845 0.886 0 0.005
0.847 0.542 0 0.005
0.847 0.679 0 0.005
0.848 0.217 0 0.005
0.848 0.586 0 0.005
0.849 0.015 0 0.005
0.849 0.192 0 0.005
0.849 0.446 0 0.005
0.85 0.112 0 0.005
0.852 0.304 0 0.005
0.852 0.47 0 0.005
0.852 0.701 0 0.005
0.852 0.966 0 0.005
0.853 0.031 0 0.005
0.853 0.506 0 0.005
0.853 0.753 0 0.005
0.854 0.362 0 0.005
0.854 0.483 0 0.005
0.854 0.923 0 0.005
0.855 0.322 0 0.005
0.855 0.522 0 0.005
0.855 0.651 0 0.005
0.855 0.872 0 0.005
0.857 0.05 0 0.005
0.858 0.432 0 0.005
0.858 0.836 0 0.005
0.864 0.6205 0 0.005
0.86 0.413 0 0.005
0.86 0.455 0 0.005
0.86 0.742 0 0.005
0.861 0.788 0 0.005
0.862 0.352 0 0.005
0.863 0.233 0 0.005
0.863 0.385 0 0.005
0.863 0.595 0 0.005
0.864 0.288 0 0.005
0.864 0.897 0 0.005
0.864 0.9952365591397849 0 0.005
0.865 0.825 0 0.005
0.866 0.161 0 0.005
0.866 0.333 0 0.005
0.866 0.488 0 0.005
0.866 0.983 0 0.005
0.867 0.116 0 0.005
0.867 0.476 0 0.005
0.868 0.247 0 0.005
0.868 0.695 0 0.005
0.87 0.198 0 0.005
0.87 0.563 0 0.005
0.87 0.875 0 0.005
0.871 0.724 0 0.005
0.871 0.776 0 0.005
0.872 0.028 0 0.005
0.872 0.082 0 0.005
0.872 0.511 0 0.005
0.872 0.812 0 0.005
0.874 0.008 0 0.005
0.874 0.363 0 0.005
0.875 0.658 0 0.005
0.875 0.942 0 0.005
0.876 0.68 0 0.005
0.876 0.92 0 0.005
0.877 0.234 0 0.005
0.877 0.378 0 0.005
0.8825 0.528 0 0.005
0.877 0.84 0 0.005
0.877 0.974 0 0.005
0.883 0.9035 0 0.005
0.879 0.3 0 0.005
0.879 0.335 0 0.005
0.88 0.639 0 0.005
0.881 0.482 0 0.005
0.882 0.059 0 0.005
0.882 0.121 0 0.005
0.882 0.19 0 0.005
0.882 0.45 0 0.005
0.882 0.714 0 0.005
0.883 0.62 0 0.005
0.885 0.137 0 0.005
0.885 0.391 0 0.005
0.886 0.494 0 0.005
0.886 0.984 0 0.005
0.887 0.596 0 0.005
0.887 0.663 0 0.005
0.887 0.816 0 0.005
0.888 0.024 0 0.005
0.888 0.368 0 0.005
0.888 0.675 0 0.005
0.889 0.045 0 0.005
0.889 0.956 0 0.005
0.89 0.745 0 0.005
0.891 0.838 0 0.005
0.892 0.148 0 0.005
0.892 0.642 0 0.005
0.894 0.005 0 0.005
0.894 0.121 0 0.005
0.894 0.178 0 0.005
0.894 0.321 0 0.005
0.894 0.57 0 0.005
0.894 0.86 0 0.005
0.895 0.105 0 0.005
0.896 0.353 0 0.005
0.896 0.936 0 0.005
0.897 0.162 0 0.005
0.897 0.333 0 0.005
0.9 0.723 0 0.005
0.902 0.403 0 0.005
0.902 0.431 0 0.005
0.902 0.548 0 0.005
0.902 0.604 0 0.005
0.902 0.711 0 0.005
0.902 0.881 0 0.005
0.902 0.971 0 0.005
0.903 0.201 0 0.005
0.903 0.987 0 0.005
0.904 0.796 0 0.005
0.906 0.666 0 0.005
0.906 0.769 0 0.005
0.907 0.045 0 0.005
0.907 0.443 0 0.005
0.908 0.092 0 0.005
0.908 0.247 0 0.005
0.908 0.938 0 0.005
0.909 0.628 0 0.005
0.91 0.019 0 0.005
0.91 0.588 0 0.005
0.91 0.746 0 0.005
0.911 0.116 0 0.005
0.911 0.958 0 0.005
0.912 0.289 0 0.005
0.912 0.559 0 0.005
0.912 0.866 0 0.005
0.913 0.15 0 0.005
0.913 0.301 0 0.005
0.913 0.922 0 0.005
0.914 0.363 0 0.005
0.914 0.472 0 0.005
0.914 0.68 0 0.005
0.915 0.388 0 0.005
0.916 0.332 0 0.005
0.916 0.782 0 0.005
0.917 0.065 0 0.005
0.917 0.318 0 0.005
0.917 0.501 0 0.005
0.918 0.03 0 0.005
0.918 0.404 0 0.005
0.919 0.257 0 0.005
0.919 0.44 0 0.005
0.919 0.804 0 0.005
0.92 0.193 0 0.005
0.92 0.665 0 0.005
0.921 0.107 0 0.005
0.926 0.2655 0 0.005
0.921 0.707 0 0.005
0.921 0.9957317073170732 0 0.005
0.922 0.539 0 0.005
0.923 0.141 0 0.005
0.923 0.349 0 0.005
0.924 0.694 0 0.005
0.925 0.005 0 0.005
0.925 0.217 0 0.005
0.925 0.631 0 0.005
0.925 0.743 0 0.005
0.925 0.878 0 0.005
0.926 0.915 0 0.005
0.928 0.606 0 0.005
0.929 0.863 0 0.005
0.93 0.121 0 0.005
0.93 0.295 0 0.005
0.93 0.982 0 0.005
0.931 0.083 0 0.005
0.932 0.338 0 0.005
0.933 0.179 0 0.005
0.933 0.65 0 0.005
0.933 0.774 0 0.005
0.933 0.838 0 0.005
0.934 0.413 0 0.005
0.934 0.89 0 0.005
0.934 0.905 0 0.005
0.935 0.52 0 0.005
0.935 0.545 0 0.005
0.935 0.9952365591397849 0 0.005
0.936 0.823 0 0.005
0.937 0.464 0 0.005
0.937 0.711 0 0.005
0.938 0.207 0 0.005
0.938 0.591 0 0.005
0.939 0.157 0 0.005
0.939 0.225 0 0.005
0.939 0.667 0 0.005
0.939 0.679 0 0.005
0.94 0.811 0 0.005
0.941 0.637 0 0.005
0.942 0.17 0 0.005
0.942 0.869 0 0.005
0.943 0.045 0 0.005
0.943 0.194 0 0.005
0.943 0.345 0 0.005
0.943 0.433 0 0.005
0.944 0.283 0 0.005
0.944 0.401 0 0.005
0.944 0.755 0 0.005
0.945 0.723 0 0.005
0.946 0.253 0 0.005
0.946 0.308 0 0.005
0.946 0.363 0 0.005
0.946 0.969 0 0.005
0.947 0.133 0 0.005
0.947 0.491 0 0.005
0.947 0.573 0 0.005
0.947 0.65 0 0.005
0.947 0.942 0 0.005
0.9535 0.529 0 0.005
0.949 0.027 0 0.005
0.949 0.613 0 0.005
0.95 0.07 0 0.005
0.95 0.548 0 0.005
0.95 0.993 0 0.005
0.951 0.224 0 0.005
0.951 0.744 0 0.005
0.952 0.413 0 0.005
0.953 0.0027746478873239434 0 0.005
0.953 0.512 0 0.005
0.953 0.852 0 0.005
0.955 0.18 0 0.005
0.955 0.378 0 0.005
0.956 0.295 0 0.005
0.956 0.442 0 0.005
0.957 0.096 0 0.005
0.957 0.926 0 0.005
0.959 0.196 0 0.005
0.959 0.666 0 0.005
0.959 0.894 0 0.005
0.96 0.253 0 0.005
0.96 0.786 0 0.005
0.961 0.318 0 0.005
0.961 0.827 0 0.005
0.962 0.21 0 0.005
0.962 0.715 0 0.005
0.963 0.7 0 0.005
0.965 0.077 0 0.005
0.966 0.044 0 0.005
0.968 0.424 0 0.005
0.968 0.511 0 0.005
0.968 0.936 0 0.005
0.9715 0.1015 0 0.005
0.9715 0.1855 0 0.005
0.97 0.009 0 0.005
0.97 0.137 0 0.005
0.97 0.22 0 0.005
0.97 0.806 0 0.005
0.971 0.03 0 0.005
0.971 0.478 0 0.005
0.972 0.153 0 0.005
0.972 0.739 0 0.005
0.972 0.989 0 0.005
0.973 0.406 0 0.005
0.973 0.579 0 0.005
0.973 0.64 0 0.005
0.973 0.83 0 0.005
0.974 0.54 0 0.005
0.974 0.792 0 0.005
0.975 0.761 0 0.005
0.975 0.882 0 0.005
0.978 0.593 0 0.005
0.978 0.69 0 0.005
0.979 0.04 0 0.005
0.979 0.919 0 0.005
0.98 0.129 0 0.005
0.98 0.205 0 0.005
0.98 0.243 0 0.005
0.984 0.5065 0 0.005
0.98 0.558 0 0.005
0.98 0.957 0 0.005
0.981 0.613 0 0.005
0.981 0.996225352112676 0 0.005
0.982 0.257 0 0.005
0.982 0.382 0 0.005
0.982 0.977 0 0.005
0.983 0.722 0 0.005
0.983 0.807 0 0.005
0.985 0.625 0 0.005
0.985 0.75 0 0.005
0.985 0.819 0 0.005
0.985 0.846 0 0.005
0.986 0.324 0 0.005
0.986 0.438 0 0.005
0.987 0.859 0 0.005
0.988 0.017 0 0.005
0.988 0.406 0 0.005
0.988 0.645 0 0.005
0.989 0.062 0 0.005
0.989 0.098 0 0.005
0.99 0.463 0 0.005
0.991 0.711 0 0.005
0.991 0.889 0 0.005
0.991 0.909 0 0.005
0.993 0.372 0 0.005
0.994 0.763 0 0.005
0.994656862745098 0.268 0 0.005
0.994656862745098 0.495 0 0.005
0.9952365591397849 0.206 0 0.005
0.9952365591397849 0.475 0 0.005
0.9952365591397849 0.833 0 0.005
0.9957317073170732 0.552 0 0.005
0.9957317073170732 0.78 0 0.005
0.996225352112676 0.438 0 0.005
0.9967166666666667 0.084 0 0.005
0.9967166666666667 0.145 0 0.005
0.9967166666666667 0.613 0 0.005
0.9967166666666667 0.699 0 0.005
0.9967166666666667 0.731 0 0.005
