0.0004166666666666667 0.099 0 0.005
0.0017435897435897436 0.185 0 0.005
0.0004166666666666667 0.21 0 0.005
0.0012666666666666666 0.316 0 0.005
0.0033125 0.37 0 0.005
0.004 0.445 0 0.005
0.002719298245614035 0.469 0 0.005
0.0017435897435897436 0.491 0 0.005
0.0004166666666666667 0.534 0 0.005
0.0 0.62 0 0.005
0.0004166666666666667 0.785 0 0.005
0.0008095238095238096 0.876 0 0.005
0.0033125 0.954 0 0.005
0.005 0.218 0 0.005
0.006 0.882 0 0.005
0.007 0.333 0 0.005
0.008 0.524 0 0.005
0.008 0.662 0 0.005
0.008 0.73 0 0.005
0.01 0.105 0 0.005
0.01 0.697 0 0.005
0.011 0.839 0 0.005
0.013 0.008 0 0.005
0.013 0.255 0 0.005
0.013 0.364 0 0.005
0.014 0.812 0 0.005
0.016 0.234 0 0.005
0.016 0.381 0 0.005
0.018 0.19 0 0.005
0.018 0.894 0 0.005
0.019 0.43 0 0.005
0.019 0.585 0 0.005
0.019 0.776 0 0.005
0.02 0.143 0 0.005
0.02 0.449 0 0.005
0.02 0.875 0 0.005
0.021 0.3 0 0.005
0.021 0.673 0 0.005
0.023 0.469 0 0.005
0.023 0.655 0 0.005
0.024 0.029 0 0.005
0.024 0.091 0 0.005
0.024 0.321 0 0.005
0.026 0.519 0 0.005
0.026 0.723 0 0.005
0.026 0.76 0 0.005
0.026 0.864 0 0.005
0.026 0.96 0 0.005
0.027 0.05 0 0.005
0.027 0.887 0 0.005
0.028 0.208 0 0.005
0.029 0.82 0 0.005
0.03 0.547 0 0.005
0.03 0.597 0 0.005
0.032 0.239 0 0.005
0.032 0.441 0 0.005
0.032 0.64 0 0.005
0.035 0.226 0 0.005
0.037 0.087 0 0.005
0.037 0.422 0 0.005
0.038 0.791 0 0.005
0.039 0.453 0 0.005
0.039 0.587 0 0.005
0.04 0.857 0 0.005
0.041 0.029 0 0.005
0.041 0.649 0 0.005
0.041 0.731 0 0.005
0.041 0.839 0 0.005
0.042 0.926 0 0.005
0.044 0.052 0 0.005
0.043 0.0 0 0.005
0.045 0.121 0 0.005
0.045 0.369 0 0.005
0.045 0.636 0 0.005
0.046 0.078 0 0.005
0.046 0.568 0 0.005
0.049 0.668 0 0.005
0.049 0.879 0 0.005
0.054 0.222 0 0.005
0.054 0.557 0 0.005
0.054 0.837 0 0.005
0.056 0.974 0 0.005
0.058 0.646 0 0.005
0.058 0.911 0 0.005
0.059 0.121 0 0.005
0.059 0.332 0 0.005
0.06 0.069 0 0.005
0.06 0.418 0 0.005
0.06 0.929 0 0.005
0.062 0.009 0 0.005
0.063 0.947 0 0.005
0.064 0.055 0 0.005
0.064 0.407 0 0.005
0.065 0.759 0 0.005
0.066 0.705 0 0.005
0.068 0.687 0 0.005
0.069 0.593 0 0.005
0.069 0.645 0 0.005
0.07 0.272 0 0.005
0.07 0.453 0 0.005
0.071 0.626 0 0.005
0.071 0.897 0 0.005
0.071 0.993 0 0.005
0.073 0.005 0 0.005
0.073 0.193 0 0.005
0.073 0.666 0 0.005
0.073 0.925 0 0.005
0.074 0.504 0 0.005
0.074 0.871 0 0.005
0.075 0.31 0 0.005
0.075 0.374 0 0.005
0.075 0.564 0 0.005
0.076 0.398 0 0.005
0.076 0.442 0 0.005
0.077 0.414 0 0.005
0.078 0.284 0 0.005
0.079 0.547 0 0.005
0.079 0.843 0 0.005
0.08 0.322 0 0.005
0.08 0.463 0 0.005
0.08 0.885 0 0.005
0.081 0.26 0 0.005
0.081 0.913 0 0.005
0.082 0.78 0 0.005
0.083 0.727 0 0.005
0.084 0.168 0 0.005
0.086 0.19 0 0.005
0.088 0.668 0 0.005
0.089 0.438 0 0.005
0.09 0.117 0 0.005
0.09 0.348 0 0.005
0.09 0.575 0 0.005
0.091 0.147 0 0.005
0.091 0.409 0 0.005
0.092 0.066 0 0.005
0.095 0.423 0 0.005
0.095 0.716 0 0.005
0.094 0.0 0 0.005
0.096 0.157 0 0.005
0.098 0.374 0 0.005
0.098 0.596 0 0.005
0.099 0.892 0 0.005
0.1 0.308 0 0.005
0.101 0.122 0 0.005
0.101 0.221 0 0.005
0.101 0.524 0 0.005
0.101 0.915 0 0.005
0.102 0.207 0 0.005
0.102 0.79 0 0.005
0.103 0.585 0 0.005
0.103 0.618 0 0.005
0.104 0.016 0 0.005
0.104 0.361 0 0.005
0.104 0.762 0 0.005
0.105 0.731 0 0.005
0.105 0.78 0 0.005
0.106 0.927 0 0.005
0.107 0.069 0 0.005
0.107 0.383 0 0.005
0.107 0.632 0 0.005
0.11 0.69 0 0.005
0.111 0.416 0 0.005
0.111 0.497 0 0.005
0.112 0.206 0 0.005
0.112 0.33 0 0.005
0.112 0.553 0 0.005
0.113 0.184 0 0.005
0.113 0.313 0 0.005
0.113 0.4 0 0.005
0.113 0.9956875 0 0.005
0.114 0.968 0 0.005
0.115 0.273 0 0.005
0.115 0.353 0 0.005
0.116 0.131 0 0.005
0.116 0.659 0 0.005
0.117 0.783 0 0.005
0.118 0.159 0 0.005
0.118 0.172 0 0.005
0.119 0.525 0 0.005
0.119 0.61 0 0.005
0.12 0.717 0 0.005
0.121 0.57 0 0.005
0.122 0.554 0 0.005
0.123 0.032 0 0.005
0.123 0.143 0 0.005
0.123 0.196 0 0.005
0.123 0.21 0 0.005
0.125 0.454 0 0.005
0.126 0.275 0 0.005
0.127 0.022 0 0.005
0.127 0.05 0 0.005
0.127 0.739 0 0.005
0.128 0.249 0 0.005
0.13 0.376 0 0.005
0.13 0.839 0 0.005
0.131 0.78 0 0.005
0.132 0.081 0 0.005
0.132 0.112 0 0.005
0.132 0.962 0 0.005
0.133 0.917 0 0.005
0.134 0.422 0 0.005
0.136 0.181 0 0.005
0.137 0.763 0 0.005
0.138 0.145 0 0.005
0.138 0.573 0 0.005
0.138 0.677 0 0.005
0.138 0.695 0 0.005
0.139 0.264 0 0.005
0.139 0.799 0 0.005
0.14 0.275 0 0.005
0.141 0.13 0 0.005
0.141 0.525 0 0.005
0.142 0.556 0 0.005
0.143 0.0008095238095238096 0 0.005
0.144 0.996280701754386 0 0.005
0.145 0.157 0 0.005
0.146 0.769 0 0.005
0.147 0.22 0 0.005
0.147 0.301 0 0.005
0.148 0.094 0 0.005
0.15 0.277 0 0.005
0.151 0.421 0 0.005
0.153 0.817 0 0.005
0.154 0.033 0 0.005
0.154 0.185 0 0.005
0.154 0.366 0 0.005
0.154 0.479 0 0.005
0.154 0.966 0 0.005
0.155 0.085 0 0.005
0.155 0.135 0 0.005
0.156 0.458 0 0.005
0.157 0.506 0 0.005
0.158 0.05 0 0.005
0.158 0.404 0 0.005
0.159 0.061 0 0.005
0.159 0.554 0 0.005
0.159 0.692 0 0.005
0.16 0.598 0 0.005
0.16 0.803 0 0.005
0.161 0.259 0 0.005
0.161 0.848 0 0.005
0.163 0.217 0 0.005
0.163 0.764 0 0.005
0.164 0.18 0 0.005
0.166 0.447 0 0.005
0.166 0.902 0 0.005
0.17 0.582 0 0.005
0.171 0.685 0 0.005
0.173 0.014 0 0.005
0.173 0.783 0 0.005
0.174 0.09 0 0.005
0.174 0.202 0 0.005
0.174 0.24 0 0.005
0.174 0.313 0 0.005
0.174 0.814 0 0.005
0.175 0.106 0 0.005
0.175 0.435 0 0.005
0.175 0.542 0 0.005
0.177 0.268 0 0.005
0.177 0.704 0 0.005
0.178 0.343 0 0.005
0.178 0.462 0 0.005
0.179 0.157 0 0.005
0.182 0.126 0 0.005
0.182 0.55 0 0.005
0.183 0.168 0 0.005
0.184 0.51 0 0.005
0.184 0.734 0 0.005
0.184 0.934 0 0.005
0.185 0.314 0 0.005
0.186 0.709 0 0.005
0.188 0.348 0 0.005
0.188 0.808 0 0.005
0.188 0.87 0 0.005
0.189 0.337 0 0.005
0.189 0.48 0 0.005
0.189 0.676 0 0.005
0.19 0.051 0 0.005
0.19 0.883 0 0.005
0.191 0.526 0 0.005
0.192 0.094 0 0.005
0.192 0.293 0 0.005
0.192 0.429 0 0.005
0.192 0.569 0 0.005
0.193 0.016 0 0.005
0.194 0.106 0 0.005
0.194 0.319 0 0.005
0.196 0.366 0 0.005
0.196 0.666 0 0.005
0.198 0.776 0 0.005
0.198 0.993 0 0.005
0.199 0.061 0 0.005
0.199 0.221 0 0.005
0.199 0.677 0 0.005
0.2 0.272 0 0.005
0.2 0.595 0 0.005
0.2 0.741 0 0.005
0.201 0.254 0 0.005
0.201 0.462 0 0.005
0.201 0.891 0 0.005
0.202 0.821 0 0.005
0.202 0.937 0 0.005
0.202 0.972 0 0.005
0.204 0.113 0 0.005
0.204 0.45 0 0.005
0.204 0.541 0 0.005
0.204 0.91 0 0.005
0.206 0.324 0 0.005
0.208 0.157 0 0.005
0.21 0.565 0 0.005
0.21 0.686 0 0.005
0.21 0.984 0 0.005
0.213 0.014 0 0.005
0.213 0.425 0 0.005
0.215 0.446 0 0.005
0.216 0.372 0 0.005
0.218 0.868 0 0.005
0.218 0.916 0 0.005
0.219 0.096 0 0.005
0.219 0.12 0 0.005
0.219 0.295 0 0.005
0.219 0.607 0 0.005
0.219 0.627 0 0.005
0.219 0.731 0 0.005
0.22 0.141 0 0.005
0.22 0.475 0 0.005
0.22 0.82 0 0.005
0.22 0.992 0 0.005
0.221 0.052 0 0.005
0.222 0.494 0 0.005
0.223 0.406 0 0.005
0.224 0.081 0 0.005
0.224 0.581 0 0.005
0.225 0.019 0 0.005
0.225 0.366 0 0.005
0.225 0.518 0 0.005
0.224 0.9985833333333334 0 0.005
0.226 0.556 0 0.005
0.228 0.164 0 0.005
0.228 0.861 0 0.005
0.23 0.092 0 0.005
0.231 0.841 0 0.005
0.231 0.94 0 0.005
0.232 0.746 0 0.005
0.232 0.79 0 0.005
0.233 0.532 0 0.005
0.233 0.821 0 0.005
0.234 0.417 0 0.005
0.235 0.504 0 0.005
0.236 0.224 0 0.005
0.236 0.351 0 0.005
0.238 0.131 0 0.005
0.238 0.244 0 0.005
0.239 0.798 0 0.005
0.239 0.917 0 0.005
0.238 0.9985833333333334 0 0.005
0.241 0.271 0 0.005
0.241 0.713 0 0.005
0.242 0.359 0 0.005
0.242 0.476 0 0.005
0.243 0.296 0 0.005
0.244 0.085 0 0.005
0.244 0.498 0 0.005
0.244 0.823 0 0.005
0.245 0.114 0 0.005
0.245 0.516 0 0.005
0.245 0.946 0 0.005
0.246 0.177 0 0.005
0.247 0.217 0 0.005
0.248 0.804 0 0.005
0.249 0.16 0 0.005
0.25 0.781 0 0.005
0.251 0.387 0 0.005
0.252 0.452 0 0.005
0.252 0.976 0 0.005
0.253 0.231 0 0.005
0.253 0.729 0 0.005
0.254 0.614 0 0.005
0.257 0.112 0 0.005
0.257 0.322 0 0.005
0.258 0.709 0 0.005
0.258 0.74 0 0.005
0.258 0.769 0 0.005
0.259 0.291 0 0.005
0.26 0.166 0 0.005
0.261 0.5 0 0.005
0.262 0.47 0 0.005
0.263 0.147 0 0.005
0.263 0.38 0 0.005
0.263 0.927 0 0.005
0.264 0.367 0 0.005
0.265 0.252 0 0.005
0.266 0.788 0 0.005
0.267 0.656 0 0.005
0.268 0.265 0 0.005
0.268 0.562 0 0.005
0.268 0.91 0 0.005
0.269 0.033 0 0.005
0.27 0.828 0 0.005
0.271 0.816 0 0.005
0.271 0.863 0 0.005
0.271 0.875 0 0.005
0.272 0.422 0 0.005
0.273 0.111 0 0.005
0.273 0.159 0 0.005
0.275 0.023 0 0.005
0.275 0.458 0 0.005
0.275 0.992 0 0.005
0.276 0.316 0 0.005
0.277 0.194 0 0.005
0.277 0.48 0 0.005
0.277 0.545 0 0.005
0.277 0.652 0 0.005
0.28 0.947 0 0.005
0.281 0.638 0 0.005
0.283 0.271 0 0.005
0.283 0.397 0 0.005
0.283 0.594 0 0.005
0.284 0.495 0 0.005
0.285 0.434 0 0.005
0.286 0.183 0 0.005
0.286 0.893 0 0.005
0.287 0.134 0 0.005
0.287 0.335 0 0.005
0.288 0.625 0 0.005
0.288 0.996280701754386 0 0.005
0.291 0.102 0 0.005
0.291 0.415 0 0.005
0.292 0.0033125 0 0.005
0.292 0.297 0 0.005
0.294 0.501 0 0.005
0.294 0.808 0 0.005
0.295 0.777 0 0.005
0.296 0.164 0 0.005
0.297 0.138 0 0.005
0.297 0.445 0 0.005
0.297 0.716 0 0.005
0.298 0.039 0 0.005
0.299 0.219 0 0.005
0.3 0.253 0 0.005
0.3 0.327 0 0.005
0.301 0.398 0 0.005
0.302 0.976 0 0.005
0.304 0.907 0 0.005
0.306 0.359 0 0.005
0.307 0.518 0 0.005
0.308 0.644 0 0.005
0.309 0.296 0 0.005
0.31 0.437 0 0.005
0.31 0.748 0 0.005
0.31 0.953 0 0.005
0.311 0.252 0 0.005
0.313 0.916 0 0.005
0.317 0.28 0 0.005
0.317 0.896 0 0.005
0.318 0.057 0 0.005
0.318 0.099 0 0.005
0.318 0.138 0 0.005
0.322 0.59 0 0.005
0.322 0.657 0 0.005
0.323 0.0012666666666666666 0 0.005
0.323 0.64 0 0.005
0.325 0.226 0 0.005
0.325 0.418 0 0.005
0.325 0.99 0 0.005
0.326 0.375 0 0.005
0.327 0.028 0 0.005
0.329 0.325 0 0.005
0.329 0.39 0 0.005
0.33 0.122 0 0.005
0.33 0.312 0 0.005
0.331 0.436 0 0.005
0.331 0.843 0 0.005
0.332 0.4 0 0.005
0.332 0.715 0 0.005
0.332 0.731 0 0.005
0.334 0.352 0 0.005
0.334 0.705 0 0.005
0.333 0.9985833333333334 0 0.005
0.335 0.879 0 0.005
0.336 0.163 0 0.005
0.336 0.198 0 0.005
0.336 0.516 0 0.005
0.337 0.618 0 0.005
0.338 0.579 0 0.005
0.339 0.071 0 0.005
0.339 0.961 0 0.005
0.34 0.797 0 0.005
0.341 0.6 0 0.005
0.343 0.298 0 0.005
0.344 0.23 0 0.005
0.345 0.247 0 0.005
0.347 0.336 0 0.005
0.347 0.555 0 0.005
0.35 0.352 0 0.005
0.35 0.674 0 0.005
0.35 0.8 0 0.005
0.351 0.849 0 0.005
0.352 0.325 0 0.005
0.352 0.632 0 0.005
0.353 0.144 0 0.005
0.354 0.589 0 0.005
0.355 0.277 0 0.005
0.356 0.313 0 0.005
0.356 0.884 0 0.005
0.357 0.42 0 0.005
0.357 0.864 0 0.005
0.358 0.443 0 0.005
0.358 0.607 0 0.005
0.358 0.699 0 0.005
0.359 0.394 0 0.005
0.359 0.535 0 0.005
0.36 0.105 0 0.005
0.36 0.118 0 0.005
0.36 0.211 0 0.005
0.361 0.246 0 0.005
0.361 0.333 0 0.005
0.361 0.432 0 0.005
0.361 0.819 0 0.005
0.361 0.971 0 0.005
0.362 0.625 0 0.005
0.363 0.006 0 0.005
0.363 0.063 0 0.005
0.363 0.305 0 0.005
0.364 0.369 0 0.005
0.364 0.489 0 0.005
0.364 0.584 0 0.005
0.364 0.784 0 0.005
0.364 0.806 0 0.005
0.366 0.6 0 0.005
0.366 0.691 0 0.005
0.368 0.381 0 0.005
0.369 0.847 0 0.005
0.369 0.962 0 0.005
0.37 0.164 0 0.005
0.37 0.321 0 0.005
0.37 0.513 0 0.005
0.37 0.651 0 0.005
0.37 0.676 0 0.005
0.371 0.262 0 0.005
0.371 0.722 0 0.005
0.372 0.089 0 0.005
0.372 0.101 0 0.005
0.372 0.114 0 0.005
0.374 0.036 0 0.005
0.374 0.373 0 0.005
0.374 0.925 0 0.005
0.375 0.9967708333333334 0 0.005
0.377 0.815 0 0.005
0.378 0.533 0 0.005
0.38 0.403 0 0.005
0.38 0.451 0 0.005
0.381 0.852 0 0.005
0.383 0.023 0 0.005
0.383 0.968 0 0.005
0.386 0.098 0 0.005
0.386 0.559 0 0.005
0.386 0.892 0 0.005
0.387 0.208 0 0.005
0.387 0.661 0 0.005
0.387 0.706 0 0.005
0.388 0.724 0 0.005
0.389 0.755 0 0.005
0.389 0.77 0 0.005
0.391 0.084 0 0.005
0.392 0.973 0 0.005
0.393 0.266 0 0.005
0.393 0.58 0 0.005
0.394 0.9956875 0 0.005
0.395 0.366 0 0.005
0.395 0.867 0 0.005
0.396 0.474 0 0.005
0.396 0.673 0 0.005
0.396 0.815 0 0.005
0.397 0.494 0 0.005
0.397 0.522 0 0.005
0.398 0.191 0 0.005
0.399 0.35 0 0.005
0.399 0.688 0 0.005
0.4 0.071 0 0.005
0.4 0.289 0 0.005
0.401 0.161 0 0.005
0.401 0.608 0 0.005
0.401 0.912 0 0.005
0.402 0.778 0 0.005
0.403 0.405 0 0.005
0.403 0.71 0 0.005
0.404 0.083 0 0.005
0.404 0.227 0 0.005
0.404 0.386 0 0.005
0.404 0.441 0 0.005
0.404 0.766 0 0.005
0.405 0.15 0 0.005
0.405 0.852 0 0.005
0.406 0.277 0 0.005
0.409 0.489 0 0.005
0.409 0.526 0 0.005
0.409 0.631 0 0.005
0.409 0.81 0 0.005
0.41 0.451 0 0.005
0.41 0.965 0 0.005
0.411 0.327 0 0.005
0.411 0.574 0 0.005
0.412 0.262 0 0.005
0.412 0.392 0 0.005
0.412 0.55 0 0.005
0.412 0.641 0 0.005
0.414 0.218 0 0.005
0.414 0.515 0 0.005
0.415 0.72 0 0.005
0.415 0.992 0 0.005
0.417 0.176 0 0.005
0.417 0.66 0 0.005
0.418 0.031 0 0.005
0.418 0.207 0 0.005
0.42 0.632 0 0.005
0.421 0.525 0 0.005
0.421 0.804 0 0.005
0.422 0.469 0 0.005
0.423 0.189 0 0.005
0.425 0.081 0 0.005
0.425 0.424 0 0.005
0.425 0.705 0 0.005
0.426 0.116 0 0.005
0.426 0.945 0 0.005
0.427 0.384 0 0.005
0.427 0.508 0 0.005
0.427 0.835 0 0.005
0.427 0.862 0 0.005
0.428 0.173 0 0.005
0.429 0.131 0 0.005
0.429 0.394 0 0.005
0.43 0.365 0 0.005
0.432 0.676 0 0.005
0.432 0.985 0 0.005
0.433 0.35 0 0.005
0.433 0.59 0 0.005
0.433 0.907 0 0.005
0.434 0.448 0 0.005
0.433 0.9985833333333334 0 0.005
0.436 0.612 0 0.005
0.438 0.693 0 0.005
0.439 0.034 0 0.005
0.44 0.009 0 0.005
0.441 0.398 0 0.005
0.442 0.853 0 0.005
0.442 0.864 0 0.005
0.443 0.814 0 0.005
0.443 0.902 0 0.005
0.445 0.12 0 0.005
0.446 0.274 0 0.005
0.446 0.367 0 0.005
0.446 0.753 0 0.005
0.448 0.99 0 0.005
0.449 0.261 0 0.005
0.449 0.421 0 0.005
0.449 0.435 0 0.005
0.449 0.487 0 0.005
0.45 0.841 0 0.005
0.451 0.006 0 0.005
0.451 0.802 0 0.005
0.451 0.978 0 0.005
0.453 0.7 0 0.005
0.454 0.337 0 0.005
0.455 0.765 0 0.005
0.456 0.174 0 0.005
0.458 0.091 0 0.005
0.459 0.777 0 0.005
0.46 0.355 0 0.005
0.46 0.482 0 0.005
0.46 0.831 0 0.005
0.461 0.591 0 0.005
0.462 0.995 0 0.005
0.464 0.951 0 0.005
0.466 0.465 0 0.005
0.467 0.25 0 0.005
0.467 0.407 0 0.005
0.467 0.532 0 0.005
0.467 0.869 0 0.005
0.468 0.309 0 0.005
0.468 0.423 0 0.005
0.468 0.578 0 0.005
0.469 0.547 0 0.005
0.469 0.617 0 0.005
0.47 0.762 0 0.005
0.47 0.817 0 0.005
0.47 0.903 0 0.005
0.471 0.704 0 0.005
0.474 0.069 0 0.005
0.474 0.741 0 0.005
0.474 0.795 0 0.005
0.475 0.925 0 0.005
0.476 0.28 0 0.005
0.477 0.091 0 0.005
0.477 0.523 0 0.005
0.477 0.567 0 0.005
0.477 0.942 0 0.005
0.478 0.64 0 0.005
0.478 0.721 0 0.005
0.478 0.857 0 0.005
0.479 0.055 0 0.005
0.479 0.385 0 0.005
0.481 0.022 0 0.005
0.481 0.772 0 0.005
0.482 0.272 0 0.005
0.483 0.171 0 0.005
0.483 0.396 0 0.005
0.484 0.294 0 0.005
0.484 0.972 0 0.005
0.485 0.334 0 0.005
0.486 0.047 0 0.005
0.486 0.198 0 0.005
0.488 0.533 0 0.005
0.49 0.872 0 0.005
0.49 0.909 0 0.005
0.491 0.85 0 0.005
0.491 0.982 0 0.005
0.492 0.076 0 0.005
0.492 0.446 0 0.005
0.492 0.615 0 0.005
0.492 0.786 0 0.005
0.494 0.592 0 0.005
0.494 0.661 0 0.005
0.495 0.561 0 0.005
0.496 0.0017435897435897436 0 0.005
0.496 0.377 0 0.005
0.496 0.493 0 0.005
0.497 0.06 0 0.005
0.497 0.466 0 0.005
0.498 0.204 0 0.005
0.498 0.713 0 0.005
0.498 0.818 0 0.005
0.501 0.77 0 0.005
0.502 0.249 0 0.005
0.502 0.626 0 0.005
0.503 0.079 0 0.005
0.503 0.195 0 0.005
0.503 0.347 0 0.005
0.503 0.518 0 0.005
0.507 0.319 0 0.005
0.508 0.854 0 0.005
0.508 0.935 0 0.005
0.509 0.105 0 0.005
0.509 0.762 0 0.005
0.51 0.663 0 0.005
0.51 0.952 0 0.005
0.511 0.494 0 0.005
0.511 0.881 0 0.005
0.511 0.904 0 0.005
0.513 0.118 0 0.005
0.513 0.383 0 0.005
0.516 0.25 0 0.005
0.516 0.693 0 0.005
0.517 0.778 0 0.005
0.518 0.263 0 0.005
0.518 0.328 0 0.005
0.518 0.748 0 0.005
0.519 0.62 0 0.005
0.52 0.534 0 0.005
0.52 0.606 0 0.005
0.521 0.09 0 0.005
0.521 0.102 0 0.005
0.521 0.848 0 0.005
0.522 0.294 0 0.005
0.522 0.34 0 0.005
0.522 0.825 0 0.005
0.523 0.668 0 0.005
0.524 0.197 0 0.005
0.524 0.244 0 0.005
0.525 0.157 0 0.005
0.525 0.445 0 0.005
0.526 0.005 0 0.005
0.526 0.08 0 0.005
0.526 0.882 0 0.005
0.527 0.127 0 0.005
0.527 0.557 0 0.005
0.527 0.686 0 0.005
0.529 0.304 0 0.005
0.529 0.315 0 0.005
0.529 0.419 0 0.005
0.529 0.459 0 0.005
0.529 0.482 0 0.005
0.53 0.77 0 0.005
0.53 0.91 0 0.005
0.531 0.047 0 0.005
0.532 0.996280701754386 0 0.005
0.534 0.219 0 0.005
0.534 0.343 0 0.005
0.536 0.097 0 0.005
0.537 0.45 0 0.005
0.537 0.841 0 0.005
0.538 0.622 0 0.005
0.538 0.712 0 0.005
0.539 0.871 0 0.005
0.541 0.756 0 0.005
0.543 0.027 0 0.005
0.543 0.974 0 0.005
0.544 0.155 0 0.005
0.545 0.058 0 0.005
0.545 0.362 0 0.005
0.545 0.503 0 0.005
0.546 0.991 0 0.005
0.547 0.804 0 0.005
0.549 0.094 0 0.005
0.549 0.261 0 0.005
0.549 0.832 0 0.005
0.55 0.25 0 0.005
0.55 0.9 0 0.005
0.549 0.9985833333333334 0 0.005
0.551 0.326 0 0.005
0.553 0.727 0 0.005
0.553 0.885 0 0.005
0.557 0.121 0 0.005
0.557 0.943 0 0.005
0.558 0.034 0 0.005
0.558 0.782 0 0.005
0.56 0.178 0 0.005
0.56 0.407 0 0.005
0.56 0.426 0 0.005
0.56 0.632 0 0.005
0.56 0.829 0 0.005
0.56 0.976 0 0.005
0.561 0.9981904761904762 0 0.005
0.562 0.275 0 0.005
0.562 0.844 0 0.005
0.562 0.862 0 0.005
0.563 0.31 0 0.005
0.563 0.346 0 0.005
0.563 0.818 0 0.005
0.563 0.963 0 0.005
0.564 0.901 0 0.005
0.566 0.329 0 0.005
0.567 0.016 0 0.005
0.567 0.129 0 0.005
0.567 0.581 0 0.005
0.567 0.775 0 0.005
0.567 0.878 0 0.005
0.568 0.211 0 0.005
0.569 0.384 0 0.005
0.57 0.173 0 0.005
0.57 0.363 0 0.005
0.571 0.033 0 0.005
0.571 0.143 0 0.005
0.571 0.289 0 0.005
0.573 0.054 0 0.005
0.574 0.0033125 0 0.005
0.575 0.104 0 0.005
0.575 0.557 0 0.005
0.578 0.493 0 0.005
0.578 0.656 0 0.005
0.578 0.981 0 0.005
0.58 0.093 0 0.005
0.58 0.167 0 0.005
0.58 0.9956875 0 0.005
0.582 0.151 0 0.005
0.582 0.228 0 0.005
0.583 0.54 0 0.005
0.584 0.19 0 0.005
0.584 0.816 0 0.005
0.585 0.886 0 0.005
0.586 0.622 0 0.005
0.587 0.316 0 0.005
0.587 0.446 0 0.005
0.588 0.762 0 0.005
0.589 0.132 0 0.005
0.59 0.916 0 0.005
0.593 0.341 0 0.005
0.594 0.906 0 0.005
0.595 0.098 0 0.005
0.595 0.238 0 0.005
0.595 0.471 0 0.005
0.597 0.207 0 0.005
0.598 0.088 0 0.005
0.599 0.628 0 0.005
0.6 0.034 0 0.005
0.6 0.13 0 0.005
0.601 0.007 0 0.005
0.601 0.696 0 0.005
0.602 0.93 0 0.005
0.602 0.975 0 0.005
0.605 0.864 0 0.005
0.605 0.883 0 0.005
0.607 0.765 0 0.005
0.608 0.43 0 0.005
0.608 0.846 0 0.005
0.609 0.16 0 0.005
0.609 0.231 0 0.005
0.609 0.389 0 0.005
0.61 0.271 0 0.005
0.61 0.995 0 0.005
0.611 0.124 0 0.005
0.611 0.357 0 0.005
0.613 0.202 0 0.005
0.613 0.684 0 0.005
0.615 0.725 0 0.005
0.616 0.915 0 0.005
0.617 0.403 0 0.005
0.617 0.488 0 0.005
0.618 0.036 0 0.005
0.618 0.262 0 0.005
0.618 0.314 0 0.005
0.618 0.474 0 0.005
0.618 0.933 0 0.005
0.619 0.504 0 0.005
0.62 0.551 0 0.005
0.62 0.794 0 0.005
0.621 0.634 0 0.005
0.622 0.837 0 0.005
0.623 0.602 0 0.005
0.623 0.709 0 0.005
0.623 0.74 0 0.005
0.624 0.007 0 0.005
0.624 0.366 0 0.005
0.625 0.327 0 0.005
0.626 0.224 0 0.005
0.626 0.381 0 0.005
0.626 0.439 0 0.005
0.627 0.24 0 0.005
0.627 0.903 0 0.005
0.628 0.09 0 0.005
0.628 0.174 0 0.005
0.628 0.482 0 0.005
0.629 0.751 0 0.005
0.63 0.857 0 0.005
0.631 0.683 0 0.005
0.631 0.768 0 0.005
0.632 0.552 0 0.005
0.634 0.71 0 0.005
0.634 0.955 0 0.005
0.635 0.424 0 0.005
0.635 0.537 0 0.005
0.637 0.057 0 0.005
0.639 0.936 0 0.005
0.641 0.866 0 0.005
0.643 0.344 0 0.005
0.644 0.472 0 0.005
0.645 0.969 0 0.005
0.646 0.14 0 0.005
0.646 0.41 0 0.005
0.646 0.501 0 0.005
0.647 0.601 0 0.005
0.647 0.745 0 0.005
0.648 0.785 0 0.005
0.65 0.923 0 0.005
0.651 0.158 0 0.005
0.651 0.527 0 0.005
0.652 0.4 0 0.005
0.654 0.364 0 0.005
0.654 0.611 0 0.005
0.655 0.05 0 0.005
0.655 0.333 0 0.005
0.656 0.322 0 0.005
0.657 0.106 0 0.005
0.657 0.209 0 0.005
0.657 0.776 0 0.005
0.658 0.469 0 0.005
0.658 0.485 0 0.005
0.658 0.66 0 0.005
0.658 0.674 0 0.005
0.66 0.964 0 0.005
0.661 0.742 0 0.005
0.662 0.387 0 0.005
0.663 0.199 0 0.005
0.663 0.554 0 0.005
0.663 0.761 0 0.005
0.664 0.0004166666666666667 0 0.005
0.666 0.228 0 0.005
0.666 0.701 0 0.005
0.666 0.838 0 0.005
0.667 0.442 0 0.005
0.669 0.132 0 0.005
0.669 0.424 0 0.005
0.669 0.6 0 0.005
0.671 0.053 0 0.005
0.671 0.354 0 0.005
0.671 0.637 0 0.005
0.672 0.898 0 0.005
0.672 0.915 0 0.005
0.673 0.819 0 0.005
0.675 0.665 0 0.005
0.675 0.721 0 0.005
0.675 0.775 0 0.005
0.675 0.809 0 0.005
0.676 0.147 0 0.005
0.677 0.567 0 0.005
0.679 0.258 0 0.005
0.679 0.272 0 0.005
0.679 0.523 0 0.005
0.679 0.743 0 0.005
0.68 0.133 0 0.005
0.68 0.467 0 0.005
0.681 0.058 0 0.005
0.681 0.692 0 0.005
0.681 0.996280701754386 0 0.005
0.682 0.636 0 0.005
0.682 0.953 0 0.005
0.683 0.159 0 0.005
0.683 0.386 0 0.005
0.683 0.502 0 0.005
0.684 0.615 0 0.005
0.685 0.076 0 0.005
0.685 0.199 0 0.005
0.687 0.243 0 0.005
0.687 0.32 0 0.005
0.687 0.684 0 0.005
0.69 0.273 0 0.005
0.692 0.727 0 0.005
0.693 0.432 0 0.005
0.693 0.483 0 0.005
0.693 0.982 0 0.005
0.694 0.56 0 0.005
0.694 0.623 0 0.005
0.695 0.402 0 0.005
0.698 0.095 0 0.005
0.698 0.344 0 0.005
0.699 0.163 0 0.005
0.699 0.314 0 0.005
0.699 0.388 0 0.005
0.699 0.666 0 0.005
0.702 0.733 0 0.005
0.704 0.826 0 0.005
0.706 0.197 0 0.005
0.706 0.899 0 0.005
0.707 0.748 0 0.005
0.708 0.265 0 0.005
0.708 0.911 0 0.005
0.71 0.332 0 0.005
0.71 0.49 0 0.005
0.71 0.512 0 0.005
0.711 0.214 0 0.005
0.711 0.282 0 0.005
0.711 0.64 0 0.005
0.712 0.735 0 0.005
0.713 0.035 0 0.005
0.714 0.19 0 0.005
0.714 0.714 0 0.005
0.715 0.863 0 0.005
0.717 0.42 0 0.005
0.718 0.365 0 0.005
0.718 0.502 0 0.005
0.718 0.601 0 0.005
0.719 0.573 0 0.005
0.719 0.841 0 0.005
0.72 0.544 0 0.005
0.722 0.761 0 0.005
0.723 0.49 0 0.005
0.725 0.153 0 0.005
0.725 0.798 0 0.005
0.726 0.443 0 0.005
0.726 0.476 0 0.005
0.727 0.048 0 0.005
0.729 0.299 0 0.005
0.729 0.418 0 0.005
0.729 0.908 0 0.005
0.729 0.9981904761904762 0 0.005
0.731 0.139 0 0.005
0.731 0.286 0 0.005
0.732 0.316 0 0.005
0.732 0.973 0 0.005
0.733 0.577 0 0.005
0.733 0.743 0 0.005
0.734 0.353 0 0.005
0.737 0.125 0 0.005
0.738 0.192 0 0.005
0.738 0.703 0 0.005
0.738 0.716 0 0.005
0.739 0.829 0 0.005
0.74 0.333 0 0.005
0.741 0.093 0 0.005
0.742 0.957 0 0.005
0.743 0.11 0 0.005
0.745 0.541 0 0.005
0.75 0.135 0 0.005
0.75 0.204 0 0.005
0.751 0.525 0 0.005
0.751 0.723 0 0.005
0.752 0.168 0 0.005
0.753 0.93 0 0.005
0.754 0.226 0 0.005
0.754 0.268 0 0.005
0.755 0.468 0 0.005
0.756 0.124 0 0.005
0.757 0.452 0 0.005
0.757 0.98 0 0.005
0.758 0.418 0 0.005
0.758 0.97 0 0.005
0.759 0.318 0 0.005
0.759 0.909 0 0.005
0.76 0.05 0 0.005
0.761 0.243 0 0.005
0.761 0.996280701754386 0 0.005
0.762 0.332 0 0.005
0.762 0.588 0 0.005
0.765 0.6 0 0.005
0.766 0.035 0 0.005
0.766 0.801 0 0.005
0.767 0.37 0 0.005
0.769 0.112 0 0.005
0.769 0.18 0 0.005
0.77 0.915 0 0.005
0.771 0.048 0 0.005
0.772 0.469 0 0.005
0.772 0.905 0 0.005
0.773 0.139 0 0.005
0.775 0.433 0 0.005
0.775 0.848 0 0.005
0.776 0.413 0 0.005
0.776 0.655 0 0.005
0.776 0.757 0 0.005
0.777 0.226 0 0.005
0.777 0.574 0 0.005
0.779 0.241 0 0.005
0.779 0.714 0 0.005
0.78 0.316 0 0.005
0.78 0.393 0 0.005
0.781 0.601 0 0.005
0.783 0.676 0 0.005
0.781 0.999 0 0.005
0.784 0.129 0 0.005
0.784 0.74 0 0.005
0.784 0.895 0 0.005
0.785 0.66 0 0.005
0.786 0.265 0 0.005
0.786 0.774 0 0.005
0.786 0.922 0 0.005
0.787 0.195 0 0.005
0.787 0.827 0 0.005
0.788 0.279 0 0.005
0.789 0.067 0 0.005
0.789 0.991 0 0.005
0.791 0.314 0 0.005
0.791 0.34 0 0.005
0.793 0.288 0 0.005
0.793 0.39 0 0.005
0.794 0.94 0 0.005
0.795 0.0017435897435897436 0 0.005
0.795 0.952 0 0.005
0.796 0.215 0 0.005
0.797 0.156 0 0.005
0.798 0.138 0 0.005
0.798 0.768 0 0.005
0.799 0.072 0 0.005
0.799 0.19 0 0.005
0.799 0.332 0 0.005
0.799 0.849 0 0.005
0.802 0.984 0 0.005
0.804 0.384 0 0.005
0.804 0.549 0 0.005
0.804 0.562 0 0.005
0.805 0.116 0 0.005
0.805 0.661 0 0.005
0.806 0.024 0 0.005
0.806 0.466 0 0.005
0.806 0.714 0 0.005
0.807 0.595 0 0.005
0.808 0.272 0 0.005
0.808 0.452 0 0.005
0.808 0.64 0 0.005
0.809 0.65 0 0.005
0.81 0.197 0 0.005
0.81 0.625 0 0.005
0.811 0.222 0 0.005
0.813 0.009 0 0.005
0.813 0.316 0 0.005
0.813 0.9981904761904762 0 0.005
0.814 0.603 0 0.005
0.814 0.939 0 0.005
0.816 0.88 0 0.005
0.818 0.841 0 0.005
0.819 0.061 0 0.005
0.819 0.302 0 0.005
0.819 0.893 0 0.005
0.82 0.964 0 0.005
0.821 0.39 0 0.005
0.821 0.489 0 0.005
0.822 0.14 0 0.005
0.822 0.268 0 0.005
0.822 0.368 0 0.005
0.822 0.801 0 0.005
0.822 0.851 0 0.005
0.822 0.91 0 0.005
0.823 0.577 0 0.005
0.825 0.044 0 0.005
0.825 0.249 0 0.005
0.825 0.833 0 0.005
0.828 0.631 0 0.005
0.829 0.323 0 0.005
0.829 0.455 0 0.005
0.83 0.119 0 0.005
0.83 0.656 0 0.005
0.83 0.934 0 0.005
0.831 0.22 0 0.005
0.831 0.344 0 0.005
0.832 0.533 0 0.005
0.832 0.752 0 0.005
0.833 0.014 0 0.005
0.833 0.501 0 0.005
0.834 0.199 0 0.005
0.834 0.419 0 0.005
0.834 0.718 0 0.005
0.834 0.973 0 0.005
0.835 0.77 0 0.005
0.836 0.429 0 0.005
0.836 0.828 0 0.005
0.836 0.884 0 0.005
0.837 0.238 0 0.005
0.837 0.99 0 0.005
0.838 0.16 0 0.005
0.838 0.313 0 0.005
0.839 0.674 0 0.005
0.84 0.527 0 0.005
0.84 0.62 0 0.005
0.841 0.592 0 0.005
0.845 0.206 0 0.005
0.845 0.876 0 0.005
0.846 0.284 0 0.005
0.846 0.561 0 0.005
0.846 0.821 0 0.005
0.848 0.848 0 0.005
0.849 0.255 0 0.005
0.849 0.458 0 0.005
0.85 0.096 0 0.005
0.85 0.342 0 0.005
0.85 0.433 0 0.005
0.85 0.661 0 0.005
0.853 0.134 0 0.005
0.853 0.218 0 0.005
0.854 0.229 0 0.005
0.854 0.531 0 0.005
0.856 0.69 0 0.005
0.856 0.942 0 0.005
0.857 0.015 0 0.005
0.859 0.249 0 0.005
0.86 0.448 0 0.005
0.861 0.563 0 0.005
0.862 0.519 0 0.005
0.863 0.409 0 0.005
0.865 0.701 0 0.005
0.866 0.301 0 0.005
0.867 0.544 0 0.005
0.867 0.733 0 0.005
0.868 0.004 0 0.005
0.868 0.226 0 0.005
0.868 0.974 0 0.005
0.869 0.914 0 0.005
0.87 0.125 0 0.005
0.871 0.397 0 0.005
0.871 0.646 0 0.005
0.871 0.861 0 0.005
0.871 0.904 0 0.005
0.872 0.693 0 0.005
0.873 0.506 0 0.005
0.873 0.525 0 0.005
0.873 0.835 0 0.005
0.873 0.928 0 0.005
0.874 0.536 0 0.005
0.875 0.872 0 0.005
0.876 0.113 0 0.005
0.876 0.481 0 0.005
0.876 0.955 0 0.005
0.877 0.22 0 0.005
0.877 0.247 0 0.005
0.878 0.165 0 0.005
0.88 0.655 0 0.005
0.881 0.006 0 0.005
0.881 0.491 0 0.005
0.881 0.622 0 0.005
0.882 0.783 0 0.005
0.883 0.278 0 0.005
0.884 0.042 0 0.005
0.885 0.353 0 0.005
0.885 0.862 0 0.005
0.886 0.32 0 0.005
0.886 0.439 0 0.005
0.886 0.91 0 0.005
0.886 0.952 0 0.005
0.889 0.026 0 0.005
0.89 0.223 0 0.005
0.89 0.331 0 0.005
0.89 0.562 0 0.005
0.89 0.842 0 0.005
0.891 0.249 0 0.005
0.891 0.724 0 0.005
0.891 0.941 0 0.005
0.893 0.577 0 0.005
0.894 0.099 0 0.005
0.896 0.373 0 0.005
0.896 0.684 0 0.005
0.897 0.26 0 0.005
0.897 0.284 0 0.005
0.897 0.987 0 0.005
0.898 0.5 0 0.005
0.898 0.525 0 0.005
0.898 0.966 0 0.005
0.899 0.191 0 0.005
0.899 0.404 0 0.005
0.899 0.717 0 0.005
0.902 0.418 0 0.005
0.905 0.492 0 0.005
0.907 0.295 0 0.005
0.908 0.798 0 0.005
0.909 0.7 0 0.005
0.91 0.676 0 0.005
0.91 0.765 0 0.005
0.911 0.743 0 0.005
0.913 0.608 0 0.005
0.914 0.452 0 0.005
0.914 0.898 0 0.005
0.915 0.481 0 0.005
0.916 0.057 0 0.005
0.916 0.562 0 0.005
0.916 0.721 0 0.005
0.917 0.912 0 0.005
0.917 0.943 0 0.005
0.918 0.627 0 0.005
0.922 0.767 0 0.005
0.924 0.595 0 0.005
0.924 0.713 0 0.005
0.925 0.473 0 0.005
0.926 0.013 0 0.005
0.926 0.648 0 0.005
0.926 0.964 0 0.005
0.927 0.335 0 0.005
0.927 0.486 0 0.005
0.928 0.215 0 0.005
0.929 0.507 0 0.005
0.929 0.7 0 0.005
0.929 0.742 0 0.005
0.929 0.853 0 0.005
0.931 0.054 0 0.005
0.931 0.302 0 0.005
0.931 0.392 0 0.005
0.931 0.607 0 0.005
0.931 0.754 0 0.005
0.933 0.03 0 0.005
0.933 0.126 0 0.005
0.934 0.36 0 0.005
0.935 0.878 0 0.005
0.935 0.954 0 0.005
0.936 0.89 0 0.005
0.938 0.501 0 0.005
0.938 0.777 0 0.005
0.94 0.686 0 0.005
0.941 0.463 0 0.005
0.942 0.043 0 0.005
0.942 0.656 0 0.005
0.943 0.317 0 0.005
0.943 0.382 0 0.005
0.945 0.08 0 0.005
0.945 0.849 0 0.005
0.946 0.276 0 0.005
0.946 0.814 0 0.005
0.947 0.369 0 0.005
0.949 0.199 0 0.005
0.949 0.413 0 0.005
0.951 0.922 0 0.005
0.953 0.009 0 0.005
0.953 0.313 0 0.005
0.953 0.36 0 0.005
0.954 0.114 0 0.005
0.955 0.535 0 0.005
0.956 0.044 0 0.005
0.956 0.462 0 0.005
0.956 0.996280701754386 0 0.005
0.957 0.984 0 0.005
0.958 0.495 0 0.005
0.958 0.571 0 0.005
0.96 0.138 0 0.005
0.96 0.352 0 0.005
0.96 0.67 0 0.005
0.96 0.802 0 0.005
0.961 0.971 0 0.005
0.963 0.817 0 0.005
0.964 0.406 0 0.005
0.964 0.418 0 0.005
0.965 0.396 0 0.005
0.965 0.926 0 0.005
0.967 0.428 0 0.005
0.967 0.722 0 0.005
0.968 0.518 0 0.005
0.968 0.548 0 0.005
0.969 0.644 0 0.005
0.969 0.859 0 0.005
0.97 0.007 0 0.005
0.97 0.327 0 0.005
0.97 0.503 0 0.005
0.971 0.166 0 0.005
0.971 0.37 0 0.005
0.971 0.458 0 0.005
0.971 0.871 0 0.005
0.973 0.654 0 0.005
0.973 0.695 0 0.005
0.974 0.353 0 0.005
0.977 0.223 0 0.005
0.977 0.561 0 0.005
0.978 0.382 0 0.005
0.978 0.816 0 0.005
0.979 0.529 0 0.005
0.979 0.71 0 0.005
0.979 0.742 0 0.005
0.979 0.889 0 0.005
0.98 0.331 0 0.005
0.98 0.799 0 0.005
0.982 0.771 0 0.005
0.983 0.478 0 0.005
0.983 0.592 0 0.005
0.985 0.253 0 0.005
0.986 0.317 0 0.005
0.986 0.358 0 0.005
0.987 0.342 0 0.005
0.987 0.616 0 0.005
0.987 0.642 0 0.005
0.987 0.734 0 0.005
0.988 0.955 0 0.005
0.989 0.603 0 0.005
0.989 0.82 0 0.005
0.99 0.66 0 0.005
0.99 0.902 0 0.005
0.991 0.408 0 0.005
0.991 0.939 0 0.005
0.992 0.039 0 0.005
0.992 0.761 0 0.005
0.992 0.975 0 0.005
0.993 0.246 0 0.005
0.993 0.99 0 0.005
0.995 0.716 0 0.005
0.995 0.778 0 0.005
0.9956875 0.127 0 0.005
0.9956875 0.368 0 0.005
0.9956875 0.459 0 0.005
0.996280701754386 0.195 0 0.005
0.996280701754386 0.74 0 0.005
0.9967708333333334 0.141 0 0.005
0.9967708333333334 0.526 0 0.005
0.9967708333333334 0.729 0 0.005
0.9981904761904762 0.058 0 0.005
0.9981904761904762 0.668 0 0.005
0.9985833333333334 0.238 0 0.005
0.9985833333333334 0.611 0 0.005
0.9985833333333334 0.84 0 0.005
0.999 0.596 0 0.005
0.999 0.821 0 0.005
