0.0022833333333333334 0.018 0 0.005
0.006615384615384615 0.038840236686390535 0 0.005
0.003763440860215054 0.063 0 0.005
0.0022833333333333334 0.144 0 0.005
0.00434313725490196 0.156 0 0.005
0.003268292682926829 0.221 0 0.005
0.0022833333333333334 0.233 0 0.005
0.0027746478873239434 0.253 0 0.005
0.0027746478873239434 0.285 0 0.005
0.005 0.303 0 0.005
0.0027746478873239434 0.361 0 0.005
0.003268292682926829 0.377 0 0.005
0.005 0.391 0 0.005
0.003268292682926829 0.419 0 0.005
0.005 0.459 0 0.005
0.0022833333333333334 0.513 0 0.005
0.0022833333333333334 0.545 0 0.005
0.0022833333333333334 0.632 0 0.005
0.0027746478873239434 0.684 0 0.005
0.003268292682926829 0.739 0 0.005
0.005 0.751 0 0.005
0.0027746478873239434 0.863 0 0.005
0.006 0.563 0 0.005
0.006 0.615 0 0.005
0.006 0.802 0 0.005
0.008 0.474 0 0.005
0.01 0.12 0 0.005
0.011 0.205 0 0.005
0.014 0.072 0 0.005
0.014 0.176 0 0.005
0.014 0.765 0 0.005
0.015 0.225 0 0.005
0.015 0.668 0 0.005
0.015 0.866 0 0.005
0.016 0.331 0 0.005
0.016 0.425 0 0.005
0.017 0.281 0 0.005
0.017 0.913 0 0.005
0.017 0.973 0 0.005
0.018 0.296 0 0.005
0.018 0.501 0 0.005
0.018 0.638 0 0.005
0.018 0.945 0 0.005
0.019 0.157 0 0.005
0.019 0.462 0 0.005
0.019 0.692 0 0.005
0.02 0.397 0 0.005
0.0225 0.5315 0 0.005
0.021 0.015 0 0.005
0.021 0.41 0 0.005
0.021 0.44 0 0.005
0.022 0.552 0 0.005
0.022 0.595 0 0.005
0.023 0.932 0 0.005
0.024 0.03 0 0.005
0.024 0.055 0 0.005
0.024 0.245 0 0.005
0.024 0.817 0 0.005
0.024 0.889 0 0.005
0.025 0.832 0 0.005
0.026 0.32 0 0.005
0.027 0.114 0 0.005
0.028 0.069 0 0.005
0.028 0.268 0 0.005
0.028 0.573 0 0.005
0.028 0.63 0 0.005
0.031 0.7445 0 0.005
0.029 0.423 0 0.005
0.03 0.149 0 0.005
0.03 0.862 0 0.005
0.031 0.805 0 0.005
0.034 0.377 0 0.005
0.034 0.46 0 0.005
0.041666666666666664 0.6573333333333333 0 0.005
0.035 0.494 0 0.005
0.036 0.212 0 0.005
0.037 0.521 0 0.005
0.038 0.341 0 0.005
0.038 0.561 0 0.005
0.038 0.581 0 0.005
0.038 0.9 0 0.005
0.039 0.687 0 0.005
0.045 0.0855 0 0.005
0.04 0.613 0 0.005
0.041 0.03 0 0.005
0.041 0.312 0 0.005
0.041 0.542 0 0.005
0.042 0.119 0 0.005
0.043 0.003268292682926829 0 0.005
0.043 0.192 0 0.005
0.044 0.706 0 0.005
0.044 0.837 0 0.005
0.044 0.87 0 0.005
0.048 0.2335 0 0.005
0.048 0.2565 0 0.005
0.045 0.479 0 0.005
0.045 0.728 0 0.005
0.046 0.066 0 0.005
0.046 0.324 0 0.005
0.046 0.367 0 0.005
0.046 0.783 0 0.005
0.047 0.292 0 0.005
0.048 0.986 0 0.005
0.049 0.385 0 0.005
0.049 0.972 0 0.005
0.05 0.565 0 0.005
0.05 0.883 0 0.005
0.051 0.162 0 0.005
0.051 0.354 0 0.005
0.052 0.05 0 0.005
0.052 0.597 0 0.005
0.052 0.742 0 0.005
0.054 0.951 0 0.005
0.055 0.464 0 0.005
0.055 0.55 0 0.005
0.055 0.698 0 0.005
0.055 0.793 0 0.005
0.056 0.397 0 0.005
0.056 0.509 0 0.005
0.056 0.811 0 0.005
0.057 0.276 0 0.005
0.057 0.905 0 0.005
0.058 0.424 0 0.005
0.06 0.118 0 0.005
0.06 0.221 0 0.005
0.061 0.331 0 0.005
0.061 0.991 0 0.005
0.062 0.539 0 0.005
0.063 0.209 0 0.005
0.064 0.315 0 0.005
0.064 0.568 0 0.005
0.064 0.881 0 0.005
0.065 0.478 0 0.005
0.066 0.094 0 0.005
0.066 0.382 0 0.005
0.066 0.867 0 0.005
0.067 0.648 0 0.005
0.068 0.082 0 0.005
0.068 0.412 0 0.005
0.068 0.611 0 0.005
0.068 0.772 0 0.005
0.069 0.755 0 0.005
0.07 0.003763440860215054 0 0.005
0.07 0.054 0 0.005
0.071 0.723 0 0.005
0.072 0.152 0 0.005
0.072 0.578 0 0.005
0.072 0.798 0 0.005
0.073 0.192 0 0.005
0.073 0.983 0 0.005
0.074 0.286 0 0.005
0.074 0.557 0 0.005
0.074 0.659 0 0.005
0.074 0.785 0 0.005
0.0795 0.024 0 0.005
0.075 0.205 0 0.005
0.075 0.354 0 0.005
0.076 0.508 0 0.005
0.076 0.858 0 0.005
0.076 0.944 0 0.005
0.077 0.102 0 0.005
0.077 0.247 0 0.005
0.078 0.526 0 0.005
0.079 0.04 0 0.005
0.079 0.219 0 0.005
0.079 0.49 0 0.005
0.08 0.454 0 0.005
0.08 0.82 0 0.005
0.08 0.958 0 0.005
0.081 0.31 0 0.005
0.081 0.386 0 0.005
0.081 0.612 0 0.005
0.081 0.711 0 0.005
0.082 0.674 0 0.005
0.083 0.545 0 0.005
0.085 0.119 0 0.005
0.085 0.869 0 0.005
0.085 0.928 0 0.005
0.086 0.161 0 0.005
0.086 0.471 0 0.005
0.086 0.838 0 0.005
0.087 0.053 0 0.005
0.087 0.568 0 0.005
0.088 0.091 0 0.005
0.088 0.757 0 0.005
0.088 0.776 0 0.005
0.089 0.2 0 0.005
0.089 0.327 0 0.005
0.089 0.415 0 0.005
0.089 0.9967166666666667 0 0.005
0.09 0.078 0 0.005
0.09 0.798 0 0.005
0.092 0.227 0 0.005
0.092 0.49 0 0.005
0.092 0.959 0 0.005
0.093 0.103 0 0.005
0.093 0.587 0 0.005
0.093 0.662 0 0.005
0.094 0.346 0 0.005
0.094 0.88 0 0.005
0.095 0.008 0 0.005
0.095 0.516 0 0.005
0.096 0.438 0 0.005
0.097 0.426 0 0.005
0.097 0.73 0 0.005
0.097 0.897 0 0.005
0.097 0.983 0 0.005
0.098 0.023 0 0.005
0.10666666666666667 0.4623333333333333 0 0.005
0.099 0.045 0 0.005
0.099 0.551 0 0.005
0.099 0.829 0 0.005
0.1 0.303 0 0.005
0.1 0.374 0 0.005
0.1 0.617 0 0.005
0.1 0.692 0 0.005
0.101 0.088 0 0.005
0.101 0.675 0 0.005
0.102 0.066 0 0.005
0.102 0.268 0 0.005
0.102 0.765 0 0.005
0.103 0.138 0 0.005
0.103 0.914 0 0.005
0.103 0.9967166666666667 0 0.005
0.104 0.187 0 0.005
0.104 0.207 0 0.005
0.104 0.846 0 0.005
0.105 0.94 0 0.005
0.106 0.579 0 0.005
0.107 0.322 0 0.005
0.108 0.123 0 0.005
0.1115 0.232 0 0.005
0.108 0.35 0 0.005
0.108 0.394 0 0.005
0.109 0.662 0 0.005
0.109 0.703 0 0.005
0.109 0.795 0 0.005
0.111 0.487 0 0.005
0.111 0.733 0 0.005
0.115 0.9795 0 0.005
0.112 0.149 0 0.005
0.112 0.286 0 0.005
0.112 0.811 0 0.005
0.114 0.958 0 0.005
0.115 0.371 0 0.005
0.116 0.505 0 0.005
0.116 0.633 0 0.005
0.117 0.038 0 0.005
0.117 0.076 0 0.005
0.117 0.173 0 0.005
0.117 0.212 0 0.005
0.117 0.543 0 0.005
0.117 0.557 0 0.005
0.119 0.249 0 0.005
0.119 0.721 0 0.005
0.12 0.684 0 0.005
0.121 0.316 0 0.005
0.121 0.652 0 0.005
0.122 0.304 0 0.005
0.122 0.343 0 0.005
0.122 0.479 0 0.005
0.122 0.787 0 0.005
0.123 0.267 0 0.005
0.123 0.931 0 0.005
0.124 0.007 0 0.005
0.124 0.44 0 0.005
0.124 0.605 0 0.005
0.125 0.022 0 0.005
0.125 0.82 0 0.005
0.126 0.063 0 0.005
0.126 0.152 0 0.005
0.127 0.098 0 0.005
0.127 0.871 0 0.005
0.128 0.224 0 0.005
0.128 0.53 0 0.005
0.128 0.961 0 0.005
0.129 0.408 0 0.005
0.129 0.841 0 0.005
0.13 0.086 0 0.005
0.13 0.508 0 0.005
0.13 0.732 0 0.005
0.131 0.194 0 0.005
0.131 0.289 0 0.005
0.131 0.986 0 0.005
0.132 0.133 0 0.005
0.132 0.744 0 0.005
0.132 0.779 0 0.005
0.133 0.039 0 0.005
0.134 0.392 0 0.005
0.135 0.894 0 0.005
0.136 0.494 0 0.005
0.137 0.246 0 0.005
0.137 0.811 0 0.005
0.137 0.974 0 0.005
0.138 0.018 0 0.005
0.138 0.264 0 0.005
0.138 0.417 0 0.005
0.138 0.56 0 0.005
0.143 0.7085 0 0.005
0.139 0.349 0 0.005
0.139 0.666 0 0.005
0.139 0.911 0 0.005
0.142 0.316 0 0.005
0.142 0.337 0 0.005
0.143 0.089 0 0.005
0.143 0.171 0 0.005
0.143 0.361 0 0.005
0.143 0.459 0 0.005
0.143 0.729 0 0.005
0.143 0.851 0 0.005
0.1455 0.9885 0 0.005
0.144 0.146 0 0.005
0.144 0.158 0 0.005
0.144 0.952 0 0.005
0.145 0.05 0 0.005
0.146 0.512 0 0.005
0.147 0.007 0 0.005
0.147 0.548 0 0.005
0.148 0.072 0 0.005
0.148 0.494 0 0.005
0.148 0.578 0 0.005
0.149 0.836 0 0.005
0.15 0.603 0 0.005
0.15 0.754 0 0.005
0.151 0.431 0 0.005
0.151 0.652 0 0.005
0.154 0.135 0 0.005
0.154 0.921 0 0.005
0.155 0.107 0 0.005
0.155 0.241 0 0.005
0.155 0.26 0 0.005
0.155 0.803 0 0.005
0.156 0.178 0 0.005
0.156 0.878 0 0.005
0.157 0.121 0 0.005
0.157 0.288 0 0.005
0.158 0.506 0 0.005
0.158 0.539 0 0.005
0.158 0.854 0 0.005
0.159 0.634 0 0.005
0.16 0.444 0 0.005
0.161 0.393 0 0.005
0.162 0.343 0 0.005
0.162 0.405 0 0.005
0.162 0.563 0 0.005
0.162 0.585 0 0.005
0.162 0.602 0 0.005
0.164 0.032 0 0.005
0.164 0.092 0 0.005
0.164 0.275 0 0.005
0.164 0.428 0 0.005
0.168 0.7555 0 0.005
0.164 0.832 0 0.005
0.165 0.695 0 0.005
0.166 0.299 0 0.005
0.166 0.943 0 0.005
0.167 0.551 0 0.005
0.1695 0.7825 0 0.005
0.168 0.196 0 0.005
0.168 0.245 0 0.005
0.1735 0.319 0 0.005
0.168 0.876 0 0.005
0.168 0.904 0 0.005
0.169 0.98 0 0.005
0.17 0.457 0 0.005
0.171 0.183 0 0.005
0.171 0.627 0 0.005
0.172 0.073 0 0.005
0.172 0.482 0 0.005
0.173 0.661 0 0.005
0.173 0.842 0 0.005
0.174 0.41 0 0.005
0.174 0.596 0 0.005
0.175 0.14 0 0.005
0.175 0.683 0 0.005
0.176 0.256 0 0.005
0.176 0.705 0 0.005
0.177 0.013 0 0.005
0.177 0.042 0 0.005
0.177 0.352 0 0.005
0.178 0.096 0 0.005
0.178 0.304 0 0.005
0.178 0.582 0 0.005
0.179 0.108 0 0.005
0.183 0.2095 0 0.005
0.179 0.776 0 0.005
0.179 0.815 0 0.005
0.18 0.726 0 0.005
0.181 0.867 0 0.005
0.182 0.083 0 0.005
0.182 0.535 0 0.005
0.182 0.563 0 0.005
0.182 0.854 0 0.005
0.182 0.988 0 0.005
0.183 0.438 0 0.005
0.184 0.227 0 0.005
0.1895 0.3395 0 0.005
0.184 0.4 0 0.005
0.185 0.06 0 0.005
0.185 0.899 0 0.005
0.186 0.739 0 0.005
0.187 0.683 0 0.005
0.188 0.387 0 0.005
0.188 0.953 0 0.005
0.189 0.637 0 0.005
0.189 0.65 0 0.005
0.189 0.968 0 0.005
0.19 0.012 0 0.005
0.19 0.45 0 0.005
0.191 0.105 0 0.005
0.191 0.252 0 0.005
0.191 0.925 0 0.005
0.192 0.121 0 0.005
0.192 0.189 0 0.005
0.192 0.487 0 0.005
0.193 0.759 0 0.005
0.193 0.862 0 0.005
0.195 0.301 0 0.005
0.195 0.473 0 0.005
0.195 0.831 0 0.005
0.196 0.075 0 0.005
0.197 0.042 0 0.005
0.197 0.429 0 0.005
0.198 0.587 0 0.005
0.198 0.672 0 0.005
0.198 0.715 0 0.005
0.199 0.143 0 0.005
0.199 0.555 0 0.005
0.199 0.601 0 0.005
0.199 0.846 0 0.005
0.2 0.269 0 0.005
0.2 0.507 0 0.005
0.2 0.628 0 0.005
0.202 0.781 0 0.005
0.2045 0.8655 0 0.005
0.202 0.957 0 0.005
0.203 0.209 0 0.005
0.205 0.023 0 0.005
0.205 0.353 0 0.005
0.205 0.736 0 0.005
0.206 0.166 0 0.005
0.206 0.418 0 0.005
0.206 0.526 0 0.005
0.206 0.689 0 0.005
0.207 0.236 0 0.005
0.2095 0.4875 0 0.005
0.209 0.121 0 0.005
0.209 0.811 0 0.005
0.21 0.567 0 0.005
0.21 0.655 0 0.005
0.21 0.899 0 0.005
0.21 0.919 0 0.005
0.211 0.036 0 0.005
0.211 0.15 0 0.005
0.211 0.462 0 0.005
0.212 0.512 0 0.005
0.212 0.978 0 0.005
0.213 0.395 0 0.005
0.214 0.079 0 0.005
0.214 0.103 0 0.005
0.214 0.798 0 0.005
0.214 0.847 0 0.005
0.215 0.338 0 0.005
0.215 0.939 0 0.005
0.216 0.551 0 0.005
0.217 0.59 0 0.005
0.218 0.867 0 0.005
0.219 0.701 0 0.005
0.22 0.412 0 0.005
0.221 0.127 0 0.005
0.221 0.318 0 0.005
0.221 0.756 0 0.005
0.221 0.816 0 0.005
0.222 0.528 0 0.005
0.223 0.618 0 0.005
0.223 0.685 0 0.005
0.2265 0.955 0 0.005
0.224 0.834 0 0.005
0.224 0.929 0 0.005
0.225 0.0022833333333333334 0 0.005
0.225 0.159 0 0.005
0.225 0.272 0 0.005
0.225 0.473 0 0.005
0.225 0.723 0 0.005
0.226 0.184 0 0.005
0.227 0.21 0 0.005
0.227 0.57 0 0.005
0.227 0.63 0 0.005
0.228 0.356 0 0.005
0.228 0.4 0 0.005
0.228 0.438 0 0.005
0.229 0.898 0 0.005
0.23 0.545 0 0.005
0.231 0.256 0 0.005
0.231 0.603 0 0.005
0.231 0.646 0 0.005
0.232 0.879 0 0.005
0.233 0.049 0 0.005
0.234 0.799 0 0.005
0.234 0.992 0 0.005
0.235 0.307 0 0.005
0.236 0.087 0 0.005
0.236 0.97 0 0.005
0.237 0.678 0 0.005
0.237 0.851 0 0.005
0.238 0.163 0 0.005
0.238 0.182 0 0.005
0.238 0.49 0 0.005
0.238 0.765 0 0.005
0.239 0.2 0 0.005
0.239 0.422 0 0.005
0.239 0.664 0 0.005
0.24 0.361 0 0.005
0.241 0.007 0 0.005
0.241 0.867 0 0.005
0.241 0.937 0 0.005
0.245 0.145 0 0.005
0.245 0.573 0 0.005
0.245 0.958 0 0.005
0.246 0.049 0 0.005
0.246 0.072 0 0.005
0.246 0.211 0 0.005
0.246 0.981 0 0.005
0.248 0.293 0 0.005
0.248 0.347 0 0.005
0.248 0.909 0 0.005
0.249 0.023 0 0.005
0.249 0.313 0 0.005
0.249 0.893 0 0.005
0.25 0.61 0 0.005
0.25 0.709 0 0.005
0.252 0.131 0 0.005
0.252 0.43 0 0.005
0.252 0.648 0 0.005
0.2565 0.681 0 0.005
0.252 0.787 0 0.005
0.252 0.93 0 0.005
0.253 0.115 0 0.005
0.253 0.535 0 0.005
0.254 0.457 0 0.005
0.255 0.094 0 0.005
0.257 0.573 0 0.005
0.257 0.723 0 0.005
0.258 0.47 0 0.005
0.258 0.522 0 0.005
0.258 0.846 0 0.005
0.264 0.1915 0 0.005
0.26 0.159 0 0.005
0.26 0.275 0 0.005
0.261 0.349 0 0.005
0.261 0.662 0 0.005
0.262 0.421 0 0.005
0.262 0.912 0 0.005
0.263 0.883 0 0.005
0.263 0.99 0 0.005
0.264 0.313 0 0.005
0.265 0.631 0 0.005
0.267 0.104 0 0.005
0.267 0.929 0 0.005
0.268 0.224 0 0.005
0.268 0.965 0 0.005
0.269 0.399 0 0.005
0.269 0.618 0 0.005
0.269 0.789 0 0.005
0.269 0.857 0 0.005
0.27 0.588 0 0.005
0.27 0.765 0 0.005
0.271 0.012 0 0.005
0.271 0.14 0 0.005
0.271 0.697 0 0.005
0.271 0.901 0 0.005
0.272 0.051 0 0.005
0.272 0.26 0 0.005
0.272 0.753 0 0.005
0.273 0.166 0 0.005
0.273 0.576 0 0.005
0.273 0.844 0 0.005
0.2785 0.085 0 0.005
0.274 0.448 0 0.005
0.2795 0.4845 0 0.005
0.275 0.515 0 0.005
0.275 0.544 0 0.005
0.2785 0.595 0 0.005
0.276 0.558 0 0.005
0.276 0.8 0 0.005
0.278 0.029 0 0.005
0.279 0.284 0 0.005
0.279 0.681 0 0.005
0.279 0.867 0 0.005
0.279 0.937 0 0.005
0.28 0.814 0 0.005
0.281 0.07 0 0.005
0.2845 0.344 0 0.005
0.282 0.123 0 0.005
0.282 0.272 0 0.005
0.282 0.306 0 0.005
0.282 0.32 0 0.005
0.282 0.389 0 0.005
0.282 0.704 0 0.005
0.283 0.665 0 0.005
0.287 0.7925 0 0.005
0.284 0.246 0 0.005
0.284 0.952 0 0.005
0.284 0.985 0 0.005
0.285 0.146 0 0.005
0.285 0.648 0 0.005
0.285 0.901 0 0.005
0.287 0.367 0 0.005
0.287 0.521 0 0.005
0.287 0.618 0 0.005
0.287 0.844 0 0.005
0.288 0.021 0 0.005
0.288 0.416 0 0.005
0.289 0.037 0 0.005
0.29 0.17 0 0.005
0.29 0.214 0 0.005
0.29 0.563 0 0.005
0.291 0.19 0 0.005
0.291 0.634 0 0.005
0.291 0.737 0 0.005
0.291 0.758 0 0.005
0.291 0.777 0 0.005
0.291 0.967 0 0.005
0.293 0.713 0 0.005
0.294 0.457 0 0.005
0.294 0.91 0 0.005
0.295 0.996225352112676 0 0.005
0.297 0.394 0 0.005
0.297 0.444 0 0.005
0.297 0.602 0 0.005
0.297 0.827 0 0.005
0.298 0.0022833333333333334 0 0.005
0.298 0.084 0 0.005
0.298 0.156 0 0.005
0.299 0.693 0 0.005
0.299 0.948 0 0.005
0.3 0.578 0 0.005
0.301 0.875 0 0.005
0.302 0.425 0 0.005
0.3075 0.4695 0 0.005
0.303 0.544 0 0.005
0.304 0.034 0 0.005
0.304 0.116 0 0.005
0.304 0.847 0 0.005
0.304 0.888 0 0.005
0.305 0.051 0 0.005
0.305 0.308 0 0.005
0.305 0.804 0 0.005
0.306 0.021 0 0.005
0.306 0.556 0 0.005
0.307 0.073 0 0.005
0.307 0.128 0 0.005
0.307 0.294 0 0.005
0.309 0.198 0 0.005
0.309 0.931 0 0.005
0.31 0.087 0 0.005
0.31 0.517 0 0.005
0.312 0.712 0 0.005
0.3175 0.984 0 0.005
0.318 0.1625 0 0.005
0.314 0.606 0 0.005
0.314 0.632 0 0.005
0.315 0.432 0 0.005
0.315 0.812 0 0.005
0.317 0.178 0 0.005
0.317 0.227 0 0.005
0.317 0.444 0 0.005
0.318 0.145 0 0.005
0.319 0.066 0 0.005
0.319 0.364 0 0.005
0.319 0.57 0 0.005
0.319 0.794 0 0.005
0.319 0.896 0 0.005
0.32 0.507 0 0.005
0.32 0.947 0 0.005
0.322 0.11 0 0.005
0.322 0.913 0 0.005
0.322 0.932 0 0.005
0.323 0.094 0 0.005
0.323 0.419 0 0.005
0.324 0.192 0 0.005
0.325 0.054 0 0.005
0.325 0.62 0 0.005
0.325 0.687 0 0.005
0.325 0.746 0 0.005
0.326 0.469 0 0.005
0.326 0.699 0 0.005
0.327 0.262 0 0.005
0.327 0.717 0 0.005
0.327 0.761 0 0.005
0.328 0.0022833333333333334 0 0.005
0.328 0.645 0 0.005
0.329 0.282 0 0.005
0.329 0.535 0 0.005
0.329 0.993 0 0.005
0.33 0.593 0 0.005
0.3355 0.859 0 0.005
0.332 0.304 0 0.005
0.333 0.074 0 0.005
0.333 0.142 0 0.005
0.333 0.23 0 0.005
0.334 0.559 0 0.005
0.334 0.631 0 0.005
0.335 0.163 0 0.005
0.335 0.396 0 0.005
0.335 0.507 0 0.005
0.335 0.662 0 0.005
0.335 0.772 0 0.005
0.335 0.946 0 0.005
0.335 0.966 0 0.005
0.336 0.477 0 0.005
0.336 0.925 0 0.005
0.339 0.619 0 0.005
0.339 0.879 0 0.005
0.34 0.259 0 0.005
0.342 0.586 0 0.005
0.343 0.195 0 0.005
0.344 0.054 0 0.005
0.344 0.709 0 0.005
0.344 0.842 0 0.005
0.344 0.989 0 0.005
0.345 0.304 0 0.005
0.346 0.011 0 0.005
0.346 0.35 0 0.005
0.346 0.808 0 0.005
0.347 0.396 0 0.005
0.347 0.893 0 0.005
0.347 0.912 0 0.005
0.348 0.112 0 0.005
0.348 0.173 0 0.005
0.348 0.437 0 0.005
0.351 0.8285 0 0.005
0.349 0.384 0 0.005
0.349 0.737 0 0.005
0.35 0.086 0 0.005
0.351 0.148 0 0.005
0.3555 0.222 0 0.005
0.351 0.368 0 0.005
0.351 0.467 0 0.005
0.351 0.648 0 0.005
0.351 0.697 0 0.005
0.351 0.871 0 0.005
0.352 0.569 0 0.005
0.352 0.768 0 0.005
0.3575 0.128 0 0.005
0.353 0.245 0 0.005
0.353 0.633 0 0.005
0.354 0.313 0 0.005
0.356 0.059 0 0.005
0.357 0.16 0 0.005
0.357 0.499 0 0.005
0.357 0.601 0 0.005
0.357 0.793 0 0.005
0.357 0.93 0 0.005
0.358 0.942 0 0.005
0.359 0.286 0 0.005
0.359 0.407 0 0.005
0.36 0.012 0 0.005
0.36 0.109 0 0.005
0.36 0.514 0 0.005
0.363 0.043 0 0.005
0.363 0.761 0 0.005
0.363 0.896 0 0.005
0.364 0.211 0 0.005
0.365 0.457 0 0.005
0.365 0.969 0 0.005
0.366 0.097 0 0.005
0.366 0.182 0 0.005
0.366 0.749 0 0.005
0.367 0.268 0 0.005
0.367 0.353 0 0.005
0.367 0.419 0 0.005
0.367 0.655 0 0.005
0.368 0.367 0 0.005
0.369 0.834 0 0.005
0.371 0.028 0 0.005
0.371 0.882 0 0.005
0.371 0.918 0 0.005
0.371 0.944 0 0.005
0.372 0.611 0 0.005
0.372 0.674 0 0.005
0.373 0.141 0 0.005
0.373 0.331 0 0.005
0.373 0.39 0 0.005
0.378 0.4935 0 0.005
0.375 0.164 0 0.005
0.375 0.568 0 0.005
0.375 0.697 0 0.005
0.375 0.78 0 0.005
0.376 0.003268292682926829 0 0.005
0.376 0.895 0 0.005
0.377 0.549 0 0.005
0.377 0.972 0 0.005
0.378 0.404 0 0.005
0.378 0.758 0 0.005
0.379 0.229 0 0.005
0.379 0.45 0 0.005
0.379 0.996225352112676 0 0.005
0.38 0.303 0 0.005
0.38 0.473 0 0.005
0.381 0.722 0 0.005
0.382 0.366 0 0.005
0.3845 0.8055 0 0.005
0.383 0.194 0 0.005
0.383 0.379 0 0.005
0.383 0.635 0 0.005
0.384 0.06 0 0.005
0.384 0.52 0 0.005
0.384 0.618 0 0.005
0.384 0.746 0 0.005
0.384 0.855 0 0.005
0.385 0.042 0 0.005
0.385 0.08 0 0.005
0.385 0.178 0 0.005
0.386 0.335 0 0.005
0.386 0.939 0 0.005
0.387 0.882 0 0.005
0.388 0.118 0 0.005
0.388 0.418 0 0.005
0.388 0.662 0 0.005
0.389 0.209 0 0.005
0.39 0.353 0 0.005
0.39 0.579 0 0.005
0.3945 0.831 0 0.005
0.391 0.0022833333333333334 0 0.005
0.392 0.561 0 0.005
0.393 0.982 0 0.005
0.394 0.051 0 0.005
0.394 0.07 0 0.005
0.394 0.235 0 0.005
0.394 0.497 0 0.005
0.394 0.591 0 0.005
0.394 0.79 0 0.005
0.395 0.535 0 0.005
0.395 0.848 0 0.005
0.396 0.396 0 0.005
0.396 0.435 0 0.005
0.397 0.254 0 0.005
0.399 0.46 0 0.005
0.399 0.611 0 0.005
0.403 0.9536666666666667 0 0.005
0.4 0.021 0 0.005
0.4 0.186 0 0.005
0.4 0.29 0 0.005
0.4 0.343 0 0.005
0.4 0.729 0 0.005
0.401 0.715 0 0.005
0.402 0.155 0 0.005
0.402 0.303 0 0.005
0.403 0.214 0 0.005
0.404 0.896 0 0.005
0.405 0.632 0 0.005
0.405 0.862 0 0.005
0.406 0.044 0 0.005
0.407 0.009 0 0.005
0.407 0.244 0 0.005
0.407 0.264 0 0.005
0.407 0.881 0 0.005
0.408 0.394 0 0.005
0.408 0.687 0 0.005
0.41 0.14 0 0.005
0.41 0.521 0 0.005
0.41 0.652 0 0.005
0.41 0.737 0 0.005
0.411 0.417 0 0.005
0.411 0.46 0 0.005
0.411 0.705 0 0.005
0.412 0.079 0 0.005
0.412 0.168 0 0.005
0.413 0.062 0 0.005
0.414 0.189 0 0.005
0.414 0.486 0 0.005
0.414 0.61 0 0.005
0.414 0.623 0 0.005
0.415 0.772 0 0.005
0.417 0.593 0 0.005
0.417 0.917 0 0.005
0.418 0.542 0 0.005
0.418 0.792 0 0.005
0.4235 0.987 0 0.005
0.42 0.329 0 0.005
0.42 0.717 0 0.005
0.421 0.349 0 0.005
0.421 0.68 0 0.005
0.421 0.697 0 0.005
0.421 0.881 0 0.005
0.422 0.092 0 0.005
0.422 0.139 0 0.005
0.422 0.222 0 0.005
0.422 0.834 0 0.005
0.422 0.93 0 0.005
0.423 0.272 0 0.005
0.423 0.292 0 0.005
0.423 0.664 0 0.005
0.4275 0.636 0 0.005
0.425 0.181 0 0.005
0.426 0.42 0 0.005
0.427 0.604 0 0.005
0.428 0.126 0 0.005
0.428 0.21 0 0.005
0.429 0.00434313725490196 0 0.005
0.431 0.478 0 0.005
0.431 0.912 0 0.005
0.432 0.027 0 0.005
0.432 0.376 0 0.005
0.432 0.894 0 0.005
0.433 0.059 0 0.005
0.433 0.312 0 0.005
0.433 0.343 0 0.005
0.433 0.516 0 0.005
0.433 0.545 0 0.005
0.434 0.281 0 0.005
0.434 0.391 0 0.005
0.434 0.45 0 0.005
0.435 0.15 0 0.005
0.435 0.951 0 0.005
0.436 0.015 0 0.005
0.436 0.165 0 0.005
0.436 0.261 0 0.005
0.436 0.709 0 0.005
0.436 0.938 0 0.005
0.437 0.696 0 0.005
0.438 0.081 0 0.005
0.438 0.177 0 0.005
0.438 0.198 0 0.005
0.438 0.647 0 0.005
0.438 0.68 0 0.005
0.439 0.36 0 0.005
0.439 0.411 0 0.005
0.44 0.733 0 0.005
0.441 0.112 0 0.005
0.441 0.827 0 0.005
0.441 0.925 0 0.005
0.442 0.235 0 0.005
0.443 0.532 0 0.005
0.443 0.562 0 0.005
0.443 0.626 0 0.005
0.444 0.334 0 0.005
0.444 0.458 0 0.005
0.444 0.785 0 0.005
0.444 0.804 0 0.005
0.445 0.301 0 0.005
0.445 0.317 0 0.005
0.445 0.59 0 0.005
0.445 0.603 0 0.005
0.446 0.13 0 0.005
0.446 0.482 0 0.005
0.447 0.394 0 0.005
0.448 0.67 0 0.005
0.448 0.752 0 0.005
0.4515 0.9645 0 0.005
0.45 0.034 0 0.005
0.45 0.204 0 0.005
0.4545 0.221 0 0.005
0.451 0.42 0 0.005
0.452 0.689 0 0.005
0.452 0.818 0 0.005
0.452 0.987 0 0.005
0.453 0.64 0 0.005
0.454 0.25 0 0.005
0.454 0.857 0 0.005
0.455 0.006 0 0.005
0.455 0.053 0 0.005
0.455 0.085 0 0.005
0.456 0.265 0 0.005
0.456 0.887 0 0.005
0.457 0.355 0 0.005
0.457 0.925 0 0.005
0.458 0.443 0 0.005
0.458 0.707 0 0.005
0.458 0.83 0 0.005
0.46 0.578 0 0.005
0.4655 0.321 0 0.005
0.461 0.47 0 0.005
0.462 0.135 0 0.005
0.462 0.234 0 0.005
0.462 0.506 0 0.005
0.462 0.734 0 0.005
0.463 0.747 0 0.005
0.463 0.846 0 0.005
0.463 0.969 0 0.005
0.464 0.395 0 0.005
0.465 0.065 0 0.005
0.466 0.62 0 0.005
0.466 0.805 0 0.005
0.467 0.106 0 0.005
0.4725 0.146 0 0.005
0.467 0.274 0 0.005
0.467 0.656 0 0.005
0.467 0.674 0 0.005
0.467 0.951 0 0.005
0.468 0.123 0 0.005
0.469 0.023 0 0.005
0.469 0.643 0 0.005
0.469 0.994656862745098 0 0.005
0.47 0.419 0 0.005
0.47 0.546 0 0.005
0.47 0.774 0 0.005
0.471 0.0022833333333333334 0 0.005
0.471 0.71 0 0.005
0.472 0.084 0 0.005
0.472 0.201 0 0.005
0.473 0.584 0 0.005
0.473 0.864 0 0.005
0.474 0.494 0 0.005
0.475 0.629 0 0.005
0.475 0.83 0 0.005
0.4785 0.2185 0 0.005
0.476 0.971 0 0.005
0.477 0.297 0 0.005
0.477 0.474 0 0.005
0.478 0.257 0 0.005
0.478 0.345 0 0.005
0.479 0.281 0 0.005
0.479 0.879 0 0.005
0.48 0.181 0 0.005
0.48 0.433 0 0.005
0.48 0.722 0 0.005
0.481 0.101 0 0.005
0.481 0.852 0 0.005
0.482 0.039 0 0.005
0.483 0.419 0 0.005
0.483 0.983 0 0.005
0.484 0.84 0 0.005
0.486 0.161 0 0.005
0.486 0.358 0 0.005
0.486 0.736 0 0.005
0.487 0.065 0 0.005
0.487 0.386 0 0.005
0.487 0.461 0 0.005
0.4915 0.494 0 0.005
0.487 0.669 0 0.005
0.487 0.688 0 0.005
0.488 0.865 0 0.005
0.489 0.531 0 0.005
0.491 0.401 0 0.005
0.491 0.705 0 0.005
0.491 0.918 0 0.005
0.492 0.656 0 0.005
0.493 0.091 0 0.005
0.493 0.245 0 0.005
0.4985 0.478 0 0.005
0.494 0.03 0 0.005
0.494 0.819 0 0.005
0.494 0.939 0 0.005
0.494 0.964 0 0.005
0.495 0.141 0 0.005
0.495 0.179 0 0.005
0.495 0.776 0 0.005
0.495 0.996225352112676 0 0.005
0.496 0.22 0 0.005
0.498 0.889 0 0.005
0.5 0.205 0 0.005
0.5 0.417 0 0.005
0.501 0.524 0 0.005
0.501 0.549 0 0.005
0.502 0.642 0 0.005
0.502 0.664 0 0.005
0.502 0.875 0 0.005
0.503 0.041 0 0.005
0.503 0.065 0 0.005
0.503 0.302 0 0.005
0.503 0.802 0 0.005
0.503 0.856 0 0.005
0.504 0.284 0 0.005
0.504 0.318 0 0.005
0.504 0.751 0 0.005
0.505 0.585 0 0.005
0.506 0.124 0 0.005
0.506 0.613 0 0.005
0.506 0.79 0 0.005
0.507 0.92 0 0.005
0.508 0.992 0 0.005
0.509 0.568 0 0.005
0.509 0.686 0 0.005
0.509 0.908 0 0.005
0.51 0.109 0 0.005
0.51 0.342 0 0.005
0.51 0.735 0 0.005
0.511 0.021 0 0.005
0.511 0.39 0 0.005
0.511 0.467 0 0.005
0.511 0.72 0 0.005
0.512 0.155 0 0.005
0.513 0.05 0 0.005
0.513 0.233 0 0.005
0.513 0.673 0 0.005
0.513 0.699 0 0.005
0.513 0.934 0 0.005
0.514 0.274 0 0.005
0.514 0.5 0 0.005
0.514 0.651 0 0.005
0.514 0.949 0 0.005
0.515 0.035 0 0.005
0.515 0.426 0 0.005
0.516 0.00434313725490196 0 0.005
0.516 0.075 0 0.005
0.516 0.635 0 0.005
0.517 0.481 0 0.005
0.517 0.822 0 0.005
0.518 0.582 0 0.005
0.518 0.863 0 0.005
0.52 0.377 0 0.005
0.52 0.88 0 0.005
0.52 0.994656862745098 0 0.005
0.521 0.092 0 0.005
0.521 0.293 0 0.005
0.522 0.762 0 0.005
0.522 0.969 0 0.005
0.523 0.925 0 0.005
0.524 0.659 0 0.005
0.524 0.912 0 0.005
0.525 0.712 0 0.005
0.526 0.053 0 0.005
0.526 0.128 0 0.005
0.526 0.204 0 0.005
0.526 0.506 0 0.005
0.526 0.555 0 0.005
0.526 0.594 0 0.005
0.526 0.686 0 0.005
0.526 0.791 0 0.005
0.527 0.425 0 0.005
0.528 0.952 0 0.005
0.529 0.066 0 0.005
0.529 0.477 0 0.005
0.53 0.25 0 0.005
0.53 0.413 0 0.005
0.5335 0.741 0 0.005
0.531 0.08 0 0.005
0.531 0.639 0 0.005
0.533 0.092 0 0.005
0.533 0.176 0 0.005
0.5375 0.451 0 0.005
0.533 0.52 0 0.005
0.534 0.341 0 0.005
0.534 0.624 0 0.005
0.534 0.721 0 0.005
0.536 0.006 0 0.005
0.541 0.2815 0 0.005
0.54 0.5975 0 0.005
0.537 0.849 0 0.005
0.538 0.056 0 0.005
0.538 0.129 0 0.005
0.538 0.15 0 0.005
0.538 0.543 0 0.005
0.538 0.991 0 0.005
0.539 0.664 0 0.005
0.539 0.82 0 0.005
0.539 0.919 0 0.005
0.54 0.297 0 0.005
0.54 0.694 0 0.005
0.54 0.865 0 0.005
0.54 0.883 0 0.005
0.541 0.111 0 0.005
0.541 0.71 0 0.005
0.541 0.907 0 0.005
0.542 0.832 0 0.005
0.543 0.193 0 0.005
0.543 0.379 0 0.005
0.543 0.474 0 0.005
0.543 0.767 0 0.005
0.543 0.797 0 0.005
0.543 0.952 0 0.005
0.544 0.23 0 0.005
0.544 0.751 0 0.005
0.545 0.437 0 0.005
0.546 0.622 0 0.005
0.547 0.215 0 0.005
0.547 0.324 0 0.005
0.547 0.562 0 0.005
0.547 0.641 0 0.005
0.548 0.047 0 0.005
0.548 0.5 0 0.005
0.549 0.406 0 0.005
0.55 0.852 0 0.005
0.55 0.968 0 0.005
0.55 0.986 0 0.005
0.552 0.365 0 0.005
0.552 0.74 0 0.005
0.553 0.14 0 0.005
0.555 0.006 0 0.005
0.555 0.605 0 0.005
0.556 0.312 0 0.005
0.556 0.535 0 0.005
0.557 0.244 0 0.005
0.557 0.699 0 0.005
0.558 0.088 0 0.005
0.559 0.485 0 0.005
0.56 0.173 0 0.005
0.56 0.558 0 0.005
0.56 0.617 0 0.005
0.561 0.041 0 0.005
0.561 0.157 0 0.005
0.561 0.635 0 0.005
0.562 0.264 0 0.005
0.562 0.378 0 0.005
0.562 0.433 0 0.005
0.562 0.79 0 0.005
0.562 0.958 0 0.005
0.563 0.075 0 0.005
0.563 0.504 0 0.005
0.564 0.186 0 0.005
0.564 0.464 0 0.005
0.564 0.573 0 0.005
0.565 0.023 0 0.005
0.565 0.776 0 0.005
0.566 0.359 0 0.005
0.566 0.899 0 0.005
0.566 0.927 0 0.005
0.567 0.347 0 0.005
0.567 0.753 0 0.005
0.567 0.821 0 0.005
0.569 0.217 0 0.005
0.569 0.244 0 0.005
0.569 0.604 0 0.005
0.57 0.725 0 0.005
0.571 0.445 0 0.005
0.572 0.862 0 0.005
0.573 0.138 0 0.005
0.574 0.065 0 0.005
0.574 0.153 0 0.005
0.574 0.302 0 0.005
0.574 0.673 0 0.005
0.575 0.265 0 0.005
0.575 0.584 0 0.005
0.576 0.112 0 0.005
0.577 0.196 0 0.005
0.577 0.479 0 0.005
0.577 0.846 0 0.005
0.578 0.635 0 0.005
0.578 0.784 0 0.005
0.578 0.946 0 0.005
0.579 0.034 0 0.005
0.58 0.569 0 0.005
0.581 0.252 0 0.005
0.582 0.43 0 0.005
0.582 0.659 0 0.005
0.582 0.731 0 0.005
0.583 0.288 0 0.005
0.583 0.342 0 0.005
0.583 0.382 0 0.005
0.583 0.981 0 0.005
0.584 0.929 0 0.005
0.585 0.403 0 0.005
0.585 0.821 0 0.005
0.586 0.534 0 0.005
0.586 0.609 0 0.005
0.586 0.857 0 0.005
0.587 0.188 0 0.005
0.587 0.646 0 0.005
0.587 0.803 0 0.005
0.588 0.154 0 0.005
0.589 0.271 0 0.005
0.5945 0.5145 0 0.005
0.59 0.081 0 0.005
0.591 0.204 0 0.005
0.591 0.579 0 0.005
0.591 0.673 0 0.005
0.591 0.751 0 0.005
0.591 0.949 0 0.005
0.592 0.025 0 0.005
0.592 0.687 0 0.005
0.593 0.44 0 0.005
0.593 0.722 0 0.005
0.594 0.113 0 0.005
0.594 0.126 0 0.005
0.594 0.242 0 0.005
0.594 0.84 0 0.005
0.595 0.984 0 0.005
0.596 0.333 0 0.005
0.6005 0.3045 0 0.005
0.599 0.482 0 0.005
0.599 0.609 0 0.005
0.599 0.904 0 0.005
0.6 0.064 0 0.005
0.6 0.453 0 0.005
0.601 0.372 0 0.005
0.601 0.4 0 0.005
0.601 0.593 0 0.005
0.601 0.763 0 0.005
0.601 0.784 0 0.005
0.602 0.551 0 0.005
0.603 0.648 0 0.005
0.603 0.972 0 0.005
0.604 0.196 0 0.005
0.604 0.739 0 0.005
0.605 0.876 0 0.005
0.606 0.077 0 0.005
0.606 0.159 0 0.005
0.606 0.5 0 0.005
0.606 0.825 0 0.005
0.607 0.18 0 0.005
0.608 0.027 0 0.005
0.608 0.232 0 0.005
0.608 0.261 0 0.005
0.608 0.346 0 0.005
0.609 0.133 0 0.005
0.609 0.444 0 0.005
0.61 0.465 0 0.005
0.61 0.695 0 0.005
0.61 0.812 0 0.005
0.611 0.359 0 0.005
0.611 0.721 0 0.005
0.611 0.925 0 0.005
0.612 0.309 0 0.005
0.612 0.586 0 0.005
0.613 0.41 0 0.005
0.613 0.887 0 0.005
0.614 0.993 0 0.005
0.615 0.665 0 0.005
0.615 0.852 0 0.005
0.616 0.11 0 0.005
0.621 0.4295 0 0.005
0.617 0.488 0 0.005
0.617 0.745 0 0.005
0.618 0.293 0 0.005
0.618 0.519 0 0.005
0.618 0.868 0 0.005
0.619 0.38 0 0.005
0.619 0.631 0 0.005
0.621 0.605 0 0.005
0.622 0.0027746478873239434 0 0.005
0.622 0.273 0 0.005
0.623 0.03 0 0.005
0.624 0.081 0 0.005
0.627 0.1705 0 0.005
0.624 0.256 0 0.005
0.624 0.685 0 0.005
0.625 0.235 0 0.005
0.625 0.714 0 0.005
0.625 0.817 0 0.005
0.626 0.137 0 0.005
0.627 0.305 0 0.005
0.627 0.359 0 0.005
0.631 0.5025 0 0.005
0.627 0.536 0 0.005
0.628 0.12 0 0.005
0.63 0.096 0 0.005
0.63 0.209 0 0.005
0.63 0.408 0 0.005
0.631 0.056 0 0.005
0.631 0.588 0 0.005
0.631 0.852 0 0.005
0.631 0.946 0 0.005
0.631 0.969 0 0.005
0.632 0.014 0 0.005
0.632 0.468 0 0.005
0.632 0.831 0 0.005
0.633 0.286 0 0.005
0.633 0.323 0 0.005
0.633 0.55 0 0.005
0.633 0.801 0 0.005
0.633 0.912 0 0.005
0.635 0.657 0 0.005
0.636 0.788 0 0.005
0.637 0.452 0 0.005
0.637 0.614 0 0.005
0.637 0.9952365591397849 0 0.005
0.638 0.147 0 0.005
0.638 0.816 0 0.005
0.639 0.378 0 0.005
0.641 0.111 0 0.005
0.641 0.739 0 0.005
0.6475 0.1765 0 0.005
0.642 0.772 0 0.005
0.642 0.86 0 0.005
0.643 0.983 0 0.005
0.644 0.163 0 0.005
0.644 0.263 0 0.005
0.644 0.366 0 0.005
0.644 0.705 0 0.005
0.645 0.205 0 0.005
0.645 0.297 0 0.005
0.645 0.53 0 0.005
0.645 0.904 0 0.005
0.647 0.017 0 0.005
0.647 0.348 0 0.005
0.647 0.653 0 0.005
0.647 0.753 0 0.005
0.647 0.932 0 0.005
0.647 0.958 0 0.005
0.648 0.544 0 0.005
0.649 0.085 0 0.005
0.649 0.631 0 0.005
0.65 0.043 0 0.005
0.651 0.513 0 0.005
0.651 0.601 0 0.005
0.652 0.384 0 0.005
0.652 0.732 0 0.005
0.652 0.795 0 0.005
0.653 0.501 0 0.005
0.654 0.411 0 0.005
0.655 0.226 0 0.005
0.656 0.098 0 0.005
0.656 0.363 0 0.005
0.656 0.572 0 0.005
0.656 0.671 0 0.005
0.657 0.645 0 0.005
0.657 0.867 0 0.005
0.658 0.451 0 0.005
0.659 0.343 0 0.005
0.659 0.617 0 0.005
0.659 0.98 0 0.005
0.66 0.127 0 0.005
0.66 0.475 0 0.005
0.66 0.851 0 0.005
0.66 0.88 0 0.005
0.661 0.702 0 0.005
0.661 0.754 0 0.005
0.661 0.814 0 0.005
0.662 0.313 0 0.005
0.662 0.899 0 0.005
0.663 0.241 0 0.005
0.663 0.253 0 0.005
0.663 0.778 0 0.005
0.663 0.828 0 0.005
0.663 0.945 0 0.005
0.664 0.595 0 0.005
0.666 0.39 0 0.005
0.666 0.426 0 0.005
0.667 0.495 0 0.005
0.667 0.731 0 0.005
0.668 0.089 0 0.005
0.668 0.137 0 0.005
0.668 0.155 0 0.005
0.668 0.199 0 0.005
0.668 0.374 0 0.005
0.669 0.795 0 0.005
0.67 0.029 0 0.005
0.671 0.274 0 0.005
0.671 0.679 0 0.005
0.673 0.871 0 0.005
0.674 0.994 0 0.005
0.6775 0.0435 0 0.005
0.675 0.524 0 0.005
0.676 0.069 0 0.005
0.676 0.657 0 0.005
0.679 0.6995 0 0.005
0.676 0.782 0 0.005
0.676 0.813 0 0.005
0.678 0.007 0 0.005
0.678 0.208 0 0.005
0.678 0.756 0 0.005
0.679 0.467 0 0.005
0.679 0.559 0 0.005
0.679 0.911 0 0.005
0.68 0.147 0 0.005
0.68 0.325 0 0.005
0.682 0.426 0 0.005
0.683 0.088 0 0.005
0.684 0.862 0 0.005
0.684 0.983 0 0.005
0.685 0.667 0 0.005
0.685 0.718 0 0.005
0.685 0.844 0 0.005
0.686 0.254 0 0.005
0.686 0.482 0 0.005
0.686 0.823 0 0.005
0.688 0.226 0 0.005
0.688 0.282 0 0.005
0.688 0.384 0 0.005
0.688 0.396 0 0.005
0.688 0.543 0 0.005
0.689 0.494 0 0.005
0.69 0.132 0 0.005
0.69 0.198 0 0.005
0.691 0.51 0 0.005
0.692 0.06 0 0.005
0.692 0.439 0 0.005
0.693 0.324 0 0.005
0.693 0.451 0 0.005
0.693 0.571 0 0.005
0.694 0.077 0 0.005
0.694 0.351 0 0.005
0.694 0.597 0 0.005
0.694 0.647 0 0.005
0.6975 0.84 0 0.005
0.694 0.971 0 0.005
0.695 0.309 0 0.005
0.695 0.912 0 0.005
0.696 0.166 0 0.005
0.696 0.779 0 0.005
0.697 0.414 0 0.005
0.697 0.741 0 0.005
0.699 0.104 0 0.005
0.699 0.258 0 0.005
0.699 0.522 0 0.005
0.699 0.681 0 0.005
0.699 0.885 0 0.005
0.7 0.545 0 0.005
0.701 0.928 0 0.005
0.702 0.361 0 0.005
0.702 0.621 0 0.005
0.702 0.857 0 0.005
0.703 0.134 0 0.005
0.703 0.337 0 0.005
0.703 0.763 0 0.005
0.704 0.182 0 0.005
0.704 0.227 0 0.005
0.704 0.507 0 0.005
0.705 0.572 0 0.005
0.705 0.705 0 0.005
0.705 0.717 0 0.005
0.707 0.003268292682926829 0 0.005
0.708 0.475 0 0.005
0.708 0.67 0 0.005
0.708 0.899 0 0.005
0.708 0.967 0 0.005
0.708 0.994 0 0.005
0.709 0.038 0 0.005
0.709 0.163 0 0.005
0.709 0.656 0 0.005
0.71 0.814 0 0.005
0.711 0.199 0 0.005
0.711 0.24 0 0.005
0.711 0.401 0 0.005
0.712 0.29 0 0.005
0.713 0.211 0 0.005
0.713 0.27 0 0.005
0.714 0.117 0 0.005
0.715 0.944 0 0.005
0.717 0.139 0 0.005
0.717 0.531 0 0.005
0.717 0.757 0 0.005
0.719 0.00434313725490196 0 0.005
0.719 0.176 0 0.005
0.719 0.322 0 0.005
0.719 0.439 0 0.005
0.719 0.494 0 0.005
0.719 0.599 0 0.005
0.719 0.871 0 0.005
0.719 0.985 0 0.005
0.721 0.054 0 0.005
0.721 0.096 0 0.005
0.721 0.375 0 0.005
0.722 0.846 0 0.005
0.722 0.897 0 0.005
0.723 0.462 0 0.005
0.723 0.704 0 0.005
0.723 0.962 0 0.005
0.724 0.811 0 0.005
0.725 0.216 0 0.005
0.725 0.302 0 0.005
0.725 0.427 0 0.005
0.725 0.63 0 0.005
0.726 0.069 0 0.005
0.726 0.351 0 0.005
0.726 0.772 0 0.005
0.727 0.278 0 0.005
0.727 0.403 0 0.005
0.728 0.583 0 0.005
0.728 0.786 0 0.005
0.73 0.257 0 0.005
0.73 0.924 0 0.005
0.731 0.125 0 0.005
0.7365 0.1385 0 0.005
0.731 0.66 0 0.005
0.732 0.085 0 0.005
0.732 0.51 0 0.005
0.732 0.563 0 0.005
0.732 0.597 0 0.005
0.733 0.473 0 0.005
0.733 0.642 0 0.005
0.734 0.155 0 0.005
0.735 0.197 0 0.005
0.735 0.938 0 0.005
0.736 0.0022833333333333334 0 0.005
0.736 0.238 0 0.005
0.736 0.54 0 0.005
0.736 0.816 0 0.005
0.736 0.9967166666666667 0 0.005
0.737 0.175 0 0.005
0.738 0.03 0 0.005
0.738 0.306 0 0.005
0.7445 0.69 0 0.005
0.741 0.015 0 0.005
0.741 0.114 0 0.005
0.741 0.337 0 0.005
0.741 0.744 0 0.005
0.742 0.789 0 0.005
0.742 0.949 0 0.005
0.742 0.968 0 0.005
0.744 0.403 0 0.005
0.744 0.443 0 0.005
0.744 0.603 0 0.005
0.744 0.707 0 0.005
0.744 0.802 0 0.005
0.745 0.508 0 0.005
0.745 0.615 0 0.005
0.746 0.353 0 0.005
0.747 0.38 0 0.005
0.748 0.273 0 0.005
0.748 0.416 0 0.005
0.75 0.077 0 0.005
0.7555 0.2185 0 0.005
0.75 0.46 0 0.005
0.753 0.7775 0 0.005
0.751 0.029 0 0.005
0.752 0.182 0 0.005
0.752 0.888 0 0.005
0.753 0.052 0 0.005
0.755 0.333 0 0.005
0.755 0.75 0 0.005
0.756 0.635 0 0.005
0.756 0.71 0 0.005
0.756 0.732 0 0.005
0.756 0.849 0 0.005
0.757 0.312 0 0.005
0.757 0.584 0 0.005
0.757 0.863 0 0.005
0.758 0.487 0 0.005
0.758 0.531 0 0.005
0.758 0.931 0 0.005
0.76 0.159 0 0.005
0.76 0.377 0 0.005
0.76 0.973 0 0.005
0.761 0.091 0 0.005
0.761 0.145 0 0.005
0.761 0.611 0 0.005
0.761 0.662 0 0.005
0.762 0.989 0 0.005
0.764 0.235 0 0.005
0.764 0.248 0 0.005
0.764 0.688 0 0.005
0.765 0.116 0 0.005
0.765 0.271 0 0.005
0.7685 0.815 0 0.005
0.771 0.0165 0 0.005
0.766 0.943 0 0.005
0.767 0.449 0 0.005
0.767 0.597 0 0.005
0.768 0.189 0 0.005
0.768 0.394 0 0.005
0.77 0.319 0 0.005
0.77 0.338 0 0.005
0.771 0.074 0 0.005
0.772 0.358 0 0.005
0.772 0.426 0 0.005
0.773 0.486 0 0.005
0.773 0.967 0 0.005
0.774 0.174 0 0.005
0.774 0.258 0 0.005
0.774 0.54 0 0.005
0.774 0.559 0 0.005
0.774 0.953 0 0.005
0.775 0.738 0 0.005
0.776 0.147 0 0.005
0.776 0.642 0 0.005
0.776 0.689 0 0.005
0.777 0.706 0 0.005
0.777 0.979 0 0.005
0.778 0.104 0 0.005
0.778 0.836 0 0.005
0.778 0.879 0 0.005
0.778 0.92 0 0.005
0.779 0.005 0 0.005
0.779 0.518 0 0.005
0.78 0.161 0 0.005
0.78 0.9957317073170732 0 0.005
0.781 0.049 0 0.005
0.781 0.066 0 0.005
0.781 0.118 0 0.005
0.781 0.592 0 0.005
0.782 0.318 0 0.005
0.782 0.66 0 0.005
0.782 0.75 0 0.005
0.783 0.292 0 0.005
0.783 0.574 0 0.005
0.784 0.241 0 0.005
0.785 0.081 0 0.005
0.785 0.473 0 0.005
0.785 0.502 0 0.005
0.786 0.415 0 0.005
0.787 0.348 0 0.005
0.787 0.911 0 0.005
0.788 0.36 0 0.005
0.788 0.643 0 0.005
0.788 0.804 0 0.005
0.79 0.544 0 0.005
0.79 0.61 0 0.005
0.79 0.892 0 0.005
0.794 0.0325 0 0.005
0.791 0.489 0 0.005
0.791 0.628 0 0.005
0.791 0.77 0 0.005
0.793 0.325 0 0.005
0.793 0.864 0 0.005
0.794 0.463 0 0.005
0.794 0.924 0 0.005
0.795 0.098 0 0.005
0.795 0.31 0 0.005
0.795 0.388 0 0.005
0.795 0.559 0 0.005
0.795 0.783 0 0.005
0.795 0.834 0 0.005
0.795 0.946 0 0.005
0.796 0.578 0 0.005
0.796 0.986 0 0.005
0.797 0.202 0 0.005
0.797 0.232 0 0.005
0.797 0.846 0 0.005
0.797 0.962 0 0.005
0.798 0.686 0 0.005
0.8 0.007 0 0.005
0.8 0.264 0 0.005
0.8055 0.4025 0 0.005
0.8 0.719 0 0.005
0.801 0.433 0 0.005
0.801 0.905 0 0.005
0.802 0.068 0 0.005
0.802 0.377 0 0.005
0.802 0.414 0 0.005
0.803 0.474 0 0.005
0.803 0.996225352112676 0 0.005
0.804 0.152 0 0.005
0.804 0.51 0 0.005
0.804 0.671 0 0.005
0.804 0.705 0 0.005
0.804 0.77 0 0.005
0.805 0.126 0 0.005
0.805 0.806 0 0.005
0.805 0.934 0 0.005
0.806 0.286 0 0.005
0.808 0.557 0 0.005
0.808 0.976 0 0.005
0.809 0.083 0 0.005
0.809 0.181 0 0.005
0.809 0.209 0 0.005
0.81 0.544 0 0.005
0.811 0.237 0 0.005
0.811 0.324 0 0.005
0.811 0.34 0 0.005
0.812 0.613 0 0.005
0.812 0.891 0 0.005
0.813 0.421 0 0.005
0.813 0.687 0 0.005
0.814 0.787 0 0.005
0.815 0.376 0 0.005
0.816 0.355 0 0.005
0.816 0.724 0 0.005
0.816 0.838 0 0.005
0.817 0.749 0 0.005
0.819 0.491 0 0.005
0.82 0.254 0 0.005
0.82 0.97 0 0.005
0.821 0.062 0 0.005
0.821 0.479 0 0.005
0.821 0.536 0 0.005
0.823 0.559 0 0.005
0.823 0.592 0 0.005
0.823 0.671 0 0.005
0.823 0.943 0 0.005
0.823 0.958 0 0.005
0.824 0.579 0 0.005
0.824 0.655 0 0.005
0.826 0.623 0 0.005
0.826 0.847 0 0.005
0.826 0.895 0 0.005
0.827 0.04 0 0.005
0.827 0.267 0 0.005
0.827 0.284 0 0.005
0.827 0.369 0 0.005
0.827 0.927 0 0.005
0.828 0.166 0 0.005
0.828 0.832 0 0.005
0.829 0.0022833333333333334 0 0.005
0.829 0.316 0 0.005
0.829 0.419 0 0.005
0.83 0.443 0 0.005
0.831 0.137 0 0.005
0.832 0.385 0 0.005
0.832 0.406 0 0.005
0.833 0.239 0 0.005
0.833 0.746 0 0.005
0.834 0.116 0 0.005
0.834 0.911 0 0.005
0.835 0.711 0 0.005
0.835 0.821 0 0.005
0.835 0.964 0 0.005
0.836 0.497 0 0.005
0.837 0.609 0 0.005
0.838 0.985 0 0.005
0.839 0.016 0 0.005
0.839 0.15 0 0.005
0.839 0.338 0 0.005
0.839 0.358 0 0.005
0.839 0.478 0 0.005
0.839 0.557 0 0.005
0.84 0.27 0 0.005
0.84 0.572 0 0.005
0.841 0.293 0 0.005
0.841 0.539 0 0.005
0.842 0.446 0 0.005
0.843 0.511 0 0.005
0.845 0.647 0 0.005
0.845 0.866 0 0.005
0.845 0.897 0 0.005
0.846 0.389 0 0.005
0.846 0.409 0 0.005
0.846 0.429 0 0.005
0.848 0.085 0 0.005
0.848 0.205 0 0.005
0.8515 0.591 0 0.005
0.848 0.722 0 0.005
0.849 0.325 0 0.005
0.849 0.625 0 0.005
0.85 0.135 0 0.005
0.85 0.745 0 0.005
0.85 0.759 0 0.005
0.85 0.962 0 0.005
0.851 0.035 0 0.005
0.851 0.064 0 0.005
0.851 0.233 0 0.005
0.851 0.474 0 0.005
0.851 0.613 0 0.005
0.851 0.922 0 0.005
0.852 0.273 0 0.005
0.853 0.052 0 0.005
0.853 0.46 0 0.005
0.854 0.162 0 0.005
0.855 0.018 0 0.005
0.855 0.546 0 0.005
0.855 0.661 0 0.005
0.855 0.698 0 0.005
0.855 0.989 0 0.005
0.857 0.104 0 0.005
0.857 0.71 0 0.005
0.857 0.934 0 0.005
0.858 0.287 0 0.005
0.858 0.377 0 0.005
0.858 0.786 0 0.005
0.858 0.902 0 0.005
0.859 0.5 0 0.005
0.861 0.68 0 0.005
0.862 0.117 0 0.005
0.862 0.84 0 0.005
0.8685 0.0405 0 0.005
0.863 0.084 0 0.005
0.863 0.535 0 0.005
0.863 0.74 0 0.005
0.8695 0.3275 0 0.005
0.865 0.3 0 0.005
0.865 0.561 0 0.005
0.865 0.618 0 0.005
0.865 0.643 0 0.005
0.866 0.265 0 0.005
0.867 0.875 0 0.005
0.8725 0.479 0 0.005
0.868 0.812 0 0.005
0.869 0.006 0 0.005
0.869 0.169 0 0.005
0.869 0.237 0 0.005
0.87 0.709 0 0.005
0.87 0.776 0 0.005
0.871 0.136 0 0.005
0.871 0.377 0 0.005
0.871 0.421 0 0.005
0.871 0.442 0 0.005
0.871 0.758 0 0.005
0.872 0.462 0 0.005
0.873 0.021 0 0.005
0.873 0.289 0 0.005
0.874 0.655 0 0.005
0.874 0.952 0 0.005
0.875 0.551 0 0.005
0.875 0.674 0 0.005
0.876 0.537 0 0.005
0.876 0.599 0 0.005
0.877 0.787 0 0.005
0.877 0.89 0 0.005
0.877 0.973 0 0.005
0.8805 0.1175 0 0.005
0.878 0.626 0 0.005
0.879 0.87 0 0.005
0.88 0.195 0 0.005
0.88 0.35 0 0.005
0.88 0.511 0 0.005
0.88 0.749 0 0.005
0.881 0.183 0 0.005
0.882 0.24 0 0.005
0.883 0.38 0 0.005
0.883 0.402 0 0.005
0.883 0.717 0 0.005
0.883 0.932 0 0.005
0.884 0.686 0 0.005
0.885 0.905 0 0.005
0.885 0.9957317073170732 0 0.005
0.886 0.152 0 0.005
0.887 0.046 0 0.005
0.887 0.44 0 0.005
0.887 0.493 0 0.005
0.888 0.616 0 0.005
0.889 0.02 0 0.005
0.889 0.089 0 0.005
0.8925 0.135 0 0.005
0.89 0.072 0 0.005
0.891 0.391 0 0.005
0.891 0.738 0 0.005
0.893 0.204 0 0.005
0.893 0.632 0 0.005
0.894 0.327 0 0.005
0.895 0.253 0 0.005
0.895 0.31 0 0.005
0.895 0.776 0 0.005
0.899 0.8133333333333334 0 0.005
0.895 0.894 0 0.005
0.896 0.672 0 0.005
0.896 0.882 0 0.005
0.898 0.649 0 0.005
0.9015 0.4215 0 0.005
0.899 0.461 0 0.005
0.9 0.166 0 0.005
0.901 0.188 0 0.005
0.901 0.267 0 0.005
0.901 0.481 0 0.005
0.9065 0.713 0 0.005
0.903 0.098 0 0.005
0.903 0.747 0 0.005
0.905 0.578 0 0.005
0.905 0.734 0 0.005
0.905 0.787 0 0.005
0.907 0.608 0 0.005
0.908 0.358 0 0.005
0.9115 0.401 0 0.005
0.914 0.0735 0 0.005
0.909 0.315 0 0.005
0.909 0.848 0 0.005
0.91 0.209 0 0.005
0.91 0.518 0 0.005
0.91 0.535 0 0.005
0.911 0.149 0 0.005
0.911 0.681 0 0.005
0.912 0.088 0 0.005
0.912 0.449 0 0.005
0.913 0.551 0 0.005
0.913 0.823 0 0.005
0.914 0.023 0 0.005
0.916 0.971 0 0.005
0.917 0.258 0 0.005
0.917 0.594 0 0.005
0.918 0.008 0 0.005
0.918 0.229 0 0.005
0.918 0.662 0 0.005
0.918 0.803 0 0.005
0.919 0.301 0 0.005
0.921 0.607 0 0.005
0.922 0.035 0 0.005
0.922 0.119 0 0.005
0.923 0.211 0 0.005
0.923 0.497 0 0.005
0.923 0.543 0 0.005
0.924 0.878 0 0.005
0.925 0.285 0 0.005
0.925 0.371 0 0.005
0.9275 0.4465 0 0.005
0.925 0.904 0 0.005
0.926 0.474 0 0.005
0.926 0.629 0 0.005
0.926 0.749 0 0.005
0.926 0.775 0 0.005
0.927 0.383 0 0.005
0.928 0.146 0 0.005
0.928 0.327 0 0.005
0.928 0.959 0 0.005
0.929 0.237 0 0.005
0.929 0.7 0 0.005
0.93 0.068 0 0.005
0.93 0.524 0 0.005
0.93 0.562 0 0.005
0.9335 0.848 0 0.005
0.931 0.594 0 0.005
0.931 0.653 0 0.005
0.932 0.087 0 0.005
0.933 0.187 0 0.005
0.933 0.339 0 0.005
0.934 0.103 0 0.005
0.934 0.265 0 0.005
0.938 0.9435 0 0.005
0.935 0.047 0 0.005
0.935 0.668 0 0.005
0.936 0.869 0 0.005
0.937 0.488 0 0.005
0.937 0.996225352112676 0 0.005
0.938 0.316 0 0.005
0.938 0.402 0 0.005
0.938 0.579 0 0.005
0.938 0.709 0 0.005
0.94 0.736 0 0.005
0.94 0.833 0 0.005
0.941 0.14 0 0.005
0.941 0.174 0 0.005
0.941 0.282 0 0.005
0.941 0.888 0 0.005
0.942 0.294 0 0.005
0.942 0.921 0 0.005
0.943 0.439 0 0.005
0.945 0.202 0 0.005
0.945 0.253 0 0.005
0.945 0.419 0 0.005
0.946 0.451 0 0.005
0.946 0.799 0 0.005
0.947 0.096 0 0.005
0.947 0.231 0 0.005
0.948 0.372 0 0.005
0.949 0.469 0 0.005
0.949 0.986 0 0.005
0.95 0.159 0 0.005
0.95 0.853 0 0.005
0.951 0.012 0 0.005
0.951 0.513 0 0.005
0.951 0.526 0 0.005
0.952 0.122 0 0.005
0.952 0.218 0 0.005
0.953 0.545 0 0.005
0.954 0.392 0 0.005
0.954 0.72 0 0.005
0.954 0.897 0 0.005
0.956 0.297 0 0.005
0.956 0.778 0 0.005
0.956 0.963 0 0.005
0.957 0.077 0 0.005
0.957 0.681 0 0.005
0.958 0.064 0 0.005
0.958 0.327 0 0.005
0.958 0.663 0 0.005
0.958 0.871 0 0.005
0.958 0.915 0 0.005
0.959 0.183 0 0.005
0.959 0.264 0 0.005
0.961 0.407 0 0.005
0.961 0.645 0 0.005
0.962 0.432 0 0.005
0.962 0.757 0 0.005
0.962 0.799 0 0.005
0.963 0.343 0 0.005
0.963 0.605 0 0.005
0.963 0.84 0 0.005
0.965 0.00434313725490196 0 0.005
0.965 0.108 0 0.005
0.965 0.159 0 0.005
0.965 0.226 0 0.005
0.965 0.282 0 0.005
0.965 0.512 0 0.005
0.966 0.052 0 0.005
0.966 0.555 0 0.005
0.968 0.717 0 0.005
0.968 0.732 0 0.005
0.969 0.863 0 0.005
0.97 0.9967166666666667 0 0.005
0.971 0.249 0 0.005
0.975 0.3125 0 0.005
0.971 0.418 0 0.005
0.976 0.8955 0 0.005
0.973 0.746 0 0.005
0.974 0.272 0 0.005
0.974 0.431 0 0.005
0.979 0.5375 0 0.005
0.974 0.662 0 0.005
0.9785 0.69 0 0.005
0.974 0.829 0 0.005
0.974 0.851 0 0.005
0.975 0.444 0 0.005
0.975 0.647 0 0.005
0.976 0.375 0 0.005
0.9795 0.408 0 0.005
0.977 0.567 0 0.005
0.977 0.814 0 0.005
0.9815 0.037 0 0.005
0.978 0.103 0 0.005
0.978 0.469 0 0.005
0.978 0.625 0 0.005
0.979 0.968 0 0.005
0.98 0.336 0 0.005
0.981 0.055 0 0.005
0.982 0.489 0 0.005
0.982 0.9952365591397849 0 0.005
0.983 0.525 0 0.005
0.983 0.876 0 0.005
0.984 0.761 0 0.005
0.984 0.982 0 0.005
0.985 0.292 0 0.005
0.985 0.503 0 0.005
0.985 0.95 0 0.005
0.986 0.081 0 0.005
0.9901780104712041 0.12042408376963351 0 0.005
0.986 0.746 0 0.005
0.988 0.71 0 0.005
0.988 0.854 0 0.005
0.989 0.588 0 0.005
0.99 0.392 0 0.005
0.99 0.667 0 0.005
0.991 0.155 0 0.005
0.991 0.937 0 0.005
0.992 0.554 0 0.005
0.992 0.627 0 0.005
0.993 0.348 0 0.005
0.993 0.917 0 0.005
0.994 0.258 0 0.005
0.994 0.301 0 0.005
0.994 0.814 0 0.005
0.994656862745098 0.008 0 0.005
0.994656862745098 0.899 0 0.005
0.9952365591397849 0.315 0 0.005
0.9952365591397849 0.731 0 0.005
0.9952365591397849 0.844 0 0.005
0.9957317073170732 0.781 0 0.005
0.9957317073170732 0.799 0 0.005
0.996225352112676 0.031 0 0.005
0.996225352112676 0.196 0 0.005
0.996225352112676 0.883 0 0.005
0.9967166666666667 0.085 0 0.005
0.9967166666666667 0.173 0 0.005
0.9967166666666667 0.246 0 0.005
0.9967166666666667 0.279 0 0.005
0.9967166666666667 0.527 0 0.005
0.9967166666666667 0.986 0 0.005
