0.002719298245614035 0.079 0 0.005
0.0033125 0.101 0 0.005
0.0 0.134 0 0.005
0.002719298245614035 0.158 0 0.005
0.0017435897435897436 0.221 0 0.005
0.0008095238095238096 0.281 0 0.005
0.002719298245614035 0.381 0 0.005
0.0008095238095238096 0.449 0 0.005
0.002719298245614035 0.466 0 0.005
0.0004166666666666667 0.497 0 0.005
0.0012666666666666666 0.516 0 0.005
0.0004166666666666667 0.535 0 0.005
0.0 0.569 0 0.005
0.0004166666666666667 0.579 0 0.005
0.002719298245614035 0.605 0 0.005
0.0 0.642 0 0.005
0.0004166666666666667 0.656 0 0.005
0.0022291666666666666 0.706 0 0.005
0.0017435897435897436 0.717 0 0.005
0.0022291666666666666 0.729 0 0.005
0.002719298245614035 0.739 0 0.005
0.0017435897435897436 0.776 0 0.005
0.0008095238095238096 0.799 0 0.005
0.0012666666666666666 0.82 0 0.005
0.0 0.838 0 0.005
0.0017435897435897436 0.871 0 0.005
0.0012666666666666666 0.915 0 0.005
0.005 0.019 0 0.005
0.005 0.205 0 0.005
0.005 0.239 0 0.005
0.005 0.625 0 0.005
0.005 0.944 0 0.005
0.006 0.987 0 0.005
0.007 0.412 0 0.005
0.007 0.592 0 0.005
0.007 0.754 0 0.005
0.008 0.038 0 0.005
0.008 0.188 0 0.005
0.008 0.577 0 0.005
0.009 0.056 0 0.005
0.009 0.29 0 0.005
0.009 0.477 0 0.005
0.009 0.561 0 0.005
0.009 0.793 0 0.005
0.009 0.967 0 0.005
0.01 0.11 0 0.005
0.01 0.3 0 0.005
0.01 0.519 0 0.005
0.011 0.5 0 0.005
0.011 0.615 0 0.005
0.012 0.078 0 0.005
0.012 0.32 0 0.005
0.012 0.49 0 0.005
0.012 0.782 0 0.005
0.012 0.9977333333333334 0 0.005
0.013 0.338 0 0.005
0.014 0.0022291666666666666 0 0.005
0.014 0.821 0 0.005
0.015 0.026 0 0.005
0.015 0.167 0 0.005
0.017 0.595 0 0.005
0.017 0.629 0 0.005
0.017 0.906 0 0.005
0.017 0.987 0 0.005
0.018 0.181 0 0.005
0.018 0.973 0 0.005
0.019 0.07 0 0.005
0.019 0.218 0 0.005
0.019 0.477 0 0.005
0.019 0.584 0 0.005
0.02 0.135 0 0.005
0.02 0.258 0 0.005
0.02 0.348 0 0.005
0.021 0.047 0 0.005
0.021 0.106 0 0.005
0.021 0.282 0 0.005
0.021 0.33 0 0.005
0.022 0.446 0 0.005
0.022 0.711 0 0.005
0.022 0.79 0 0.005
0.023 0.308 0 0.005
0.023 0.734 0 0.005
0.024 0.161 0 0.005
0.024 0.9967708333333334 0 0.005
0.025 0.292 0 0.005
0.025 0.407 0 0.005
0.025 0.667 0 0.005
0.025 0.678 0 0.005
0.025 0.887 0 0.005
0.026 0.0022291666666666666 0 0.005
0.026 0.382 0 0.005
0.026 0.421 0 0.005
0.026 0.542 0 0.005
0.026 0.695 0 0.005
0.026 0.75 0 0.005
0.027 0.235 0 0.005
0.027 0.461 0 0.005
0.027 0.874 0 0.005
0.028 0.022 0 0.005
0.028 0.934 0 0.005
0.029 0.569 0 0.005
0.029 0.818 0 0.005
0.03 0.502 0 0.005
0.03 0.516 0 0.005
0.031 0.323 0 0.005
0.032 0.777 0 0.005
0.033 0.529 0 0.005
0.034 0.061 0 0.005
0.034 0.279 0 0.005
0.034 0.364 0 0.005
0.034 0.398 0 0.005
0.034 0.76 0 0.005
0.034 0.827 0 0.005
0.035 0.167 0 0.005
0.035 0.309 0 0.005
0.035 0.588 0 0.005
0.035 0.64 0 0.005
0.035 0.958 0 0.005
0.036 0.13 0 0.005
0.036 0.34 0 0.005
0.036 0.619 0 0.005
0.036 0.859 0 0.005
0.037 0.155 0 0.005
0.038 0.382 0 0.005
0.038 0.923 0 0.005
0.038 0.994 0 0.005
0.039 0.408 0 0.005
0.039 0.692 0 0.005
0.039 0.737 0 0.005
0.039 0.786 0 0.005
0.039 0.905 0 0.005
0.04 0.194 0 0.005
0.041 0.219 0 0.005
0.042 0.03 0 0.005
0.042 0.5 0 0.005
0.042 0.818 0 0.005
0.043 0.011 0 0.005
0.043 0.984 0 0.005
0.044 0.397 0 0.005
0.044 0.439 0 0.005
0.044 0.631 0 0.005
0.044 0.758 0 0.005
0.044 0.808 0 0.005
0.044 0.873 0 0.005
0.045 0.061 0 0.005
0.046 0.483 0 0.005
0.046 0.521 0 0.005
0.046 0.598 0 0.005
0.046 0.72 0 0.005
0.046 0.837 0 0.005
0.047 0.0022291666666666666 0 0.005
0.047 0.122 0 0.005
0.047 0.621 0 0.005
0.047 0.768 0 0.005
0.047 0.798 0 0.005
0.048 0.157 0 0.005
0.048 0.248 0 0.005
0.048 0.344 0 0.005
0.048 0.546 0 0.005
0.048 0.859 0 0.005
0.049 0.332 0 0.005
0.049 0.826 0 0.005
0.05 0.076 0 0.005
0.05 0.471 0 0.005
0.051 0.354 0 0.005
0.051 0.705 0 0.005
0.052 0.432 0 0.005
0.052 0.648 0 0.005
0.052 0.89 0 0.005
0.053 0.042 0 0.005
0.053 0.738 0 0.005
0.053 0.946 0 0.005
0.054 0.491 0 0.005
0.056 0.228 0 0.005
0.056 0.414 0 0.005
0.056 0.446 0 0.005
0.056 0.691 0 0.005
0.057 0.067 0 0.005
0.057 0.458 0 0.005
0.057 0.503 0 0.005
0.057 0.914 0 0.005
0.058 0.269 0 0.005
0.058 0.295 0 0.005
0.058 0.365 0 0.005
0.058 0.385 0 0.005
0.058 0.63 0 0.005
0.059 0.33 0 0.005
0.059 0.773 0 0.005
0.059 0.865 0 0.005
0.06 0.09 0 0.005
0.06 0.837 0 0.005
0.061 0.052 0 0.005
0.061 0.316 0 0.005
0.061 0.607 0 0.005
0.062 0.1 0 0.005
0.064 0.525 0 0.005
0.064 0.9 0 0.005
0.065 0.784 0 0.005
0.065 0.828 0 0.005
0.065 0.846 0 0.005
0.065 0.874 0 0.005
0.065 0.988 0 0.005
0.066 0.158 0 0.005
0.066 0.857 0 0.005
0.066 0.933 0 0.005
0.067 0.91 0 0.005
0.067 0.974 0 0.005
0.068 0.393 0 0.005
0.068 0.535 0 0.005
0.068 0.674 0 0.005
0.068 0.685 0 0.005
0.068 0.708 0 0.005
0.068 0.718 0 0.005
0.069 0.286 0 0.005
0.069 0.38 0 0.005
0.069 0.798 0 0.005
0.07 0.005 0 0.005
0.07 0.426 0 0.005
0.07 0.446 0 0.005
0.07 0.486 0 0.005
0.07 0.515 0 0.005
0.07 0.626 0 0.005
0.071 0.109 0 0.005
0.071 0.172 0 0.005
0.071 0.21 0 0.005
0.071 0.472 0 0.005
0.072 0.232 0 0.005
0.072 0.269 0 0.005
0.072 0.568 0 0.005
0.073 0.042 0 0.005
0.073 0.549 0 0.005
0.073 0.593 0 0.005
0.073 0.644 0 0.005
0.073 0.769 0 0.005
0.074 0.459 0 0.005
0.074 0.966 0 0.005
0.075 0.188 0 0.005
0.075 0.747 0 0.005
0.075 0.95 0 0.005
0.075 0.991 0 0.005
0.076 0.303 0 0.005
0.077 0.062 0 0.005
0.077 0.731 0 0.005
0.077 0.919 0 0.005
0.078 0.893 0 0.005
0.079 0.098 0 0.005
0.079 0.347 0 0.005
0.079 0.508 0 0.005
0.08 0.224 0 0.005
0.08 0.358 0 0.005
0.081 0.246 0 0.005
0.081 0.436 0 0.005
0.081 0.559 0 0.005
0.081 0.676 0 0.005
0.081 0.775 0 0.005
0.082 0.369 0 0.005
0.082 0.702 0 0.005
0.082 0.798 0 0.005
0.083 0.029 0 0.005
0.083 0.664 0 0.005
0.083 0.758 0 0.005
0.083 0.974 0 0.005
0.084 0.811 0 0.005
0.084 0.882 0 0.005
0.085 0.191 0 0.005
0.085 0.448 0 0.005
0.085 0.48 0 0.005
0.086 0.338 0 0.005
0.086 0.542 0 0.005
0.086 0.634 0 0.005
0.087 0.165 0 0.005
0.087 0.278 0 0.005
0.087 0.323 0 0.005
0.087 0.381 0 0.005
0.087 0.575 0 0.005
0.087 0.587 0 0.005
0.087 0.688 0 0.005
0.087 0.958 0 0.005
0.088 0.057 0 0.005
0.088 0.103 0 0.005
0.088 0.216 0 0.005
0.088 0.291 0 0.005
0.088 0.837 0 0.005
0.088 0.917 0 0.005
0.089 0.0008095238095238096 0 0.005
0.09 0.083 0 0.005
0.09 0.256 0 0.005
0.09 0.61 0 0.005
0.09 0.711 0 0.005
0.09 0.827 0 0.005
0.091 0.893 0 0.005
0.092 0.147 0 0.005
0.093 0.236 0 0.005
0.094 0.391 0 0.005
0.095 0.418 0 0.005
0.095 0.503 0 0.005
0.095 0.666 0 0.005
0.095 0.877 0 0.005
0.096 0.521 0 0.005
0.096 0.63 0 0.005
0.096 0.693 0 0.005
0.096 0.926 0 0.005
0.096 0.9977333333333334 0 0.005
0.097 0.124 0 0.005
0.097 0.472 0 0.005
0.097 0.531 0 0.005
0.097 0.73 0 0.005
0.097 0.778 0 0.005
0.097 0.818 0 0.005
0.099 0.032 0 0.005
0.099 0.172 0 0.005
0.099 0.407 0 0.005
0.099 0.751 0 0.005
0.1 0.295 0 0.005
0.1 0.319 0 0.005
0.1 0.383 0 0.005
0.1 0.594 0 0.005
0.1 0.678 0 0.005
0.101 0.076 0 0.005
0.101 0.939 0 0.005
0.101 0.956 0 0.005
0.102 0.101 0 0.005
0.102 0.195 0 0.005
0.102 0.622 0 0.005
0.102 0.827 0 0.005
0.103 0.087 0 0.005
0.103 0.143 0 0.005
0.103 0.51 0 0.005
0.104 0.272 0 0.005
0.104 0.905 0 0.005
0.105 0.044 0 0.005
0.105 0.182 0 0.005
0.105 0.346 0 0.005
0.105 0.369 0 0.005
0.105 0.664 0 0.005
0.106 0.016 0 0.005
0.106 0.336 0 0.005
0.106 0.711 0 0.005
0.106 0.771 0 0.005
0.106 0.852 0 0.005
0.106 0.98 0 0.005
0.107 0.399 0 0.005
0.107 0.492 0 0.005
0.107 0.701 0 0.005
0.108 0.111 0 0.005
0.108 0.415 0 0.005
0.109 0.786 0 0.005
0.109 0.868 0 0.005
0.107 0.999 0 0.005
0.11 0.131 0 0.005
0.11 0.221 0 0.005
0.11 0.244 0 0.005
0.11 0.382 0 0.005
0.11 0.948 0 0.005
0.111 0.737 0 0.005
0.112 0.052 0 0.005
0.112 0.082 0 0.005
0.112 0.816 0 0.005
0.113 0.145 0 0.005
0.113 0.284 0 0.005
0.113 0.463 0 0.005
0.113 0.592 0 0.005
0.115 0.158 0 0.005
0.115 0.444 0 0.005
0.115 0.554 0 0.005
0.116 0.01 0 0.005
0.116 0.316 0 0.005
0.116 0.509 0 0.005
0.116 0.68 0 0.005
0.116 0.831 0 0.005
0.117 0.627 0 0.005
0.117 0.881 0 0.005
0.118 0.031 0 0.005
0.118 0.8 0 0.005
0.118 0.971 0 0.005
0.119 0.402 0 0.005
0.119 0.522 0 0.005
0.12 0.364 0 0.005
0.12 0.67 0 0.005
0.121 0.126 0 0.005
0.121 0.601 0 0.005
0.121 0.766 0 0.005
0.122 0.254 0 0.005
0.122 0.329 0 0.005
0.122 0.477 0 0.005
0.122 0.782 0 0.005
0.123 0.066 0 0.005
0.123 0.216 0 0.005
0.123 0.707 0 0.005
0.123 0.839 0 0.005
0.124 0.194 0 0.005
0.124 0.287 0 0.005
0.124 0.659 0 0.005
0.124 0.722 0 0.005
0.125 0.265 0 0.005
0.125 0.427 0 0.005
0.125 0.849 0 0.005
0.126 0.0012666666666666666 0 0.005
0.127 0.348 0 0.005
0.127 0.91 0 0.005
0.127 0.947 0 0.005
0.128 0.226 0 0.005
0.128 0.502 0 0.005
0.128 0.613 0 0.005
0.129 0.278 0 0.005
0.129 0.378 0 0.005
0.129 0.444 0 0.005
0.13 0.174 0 0.005
0.131 0.457 0 0.005
0.131 0.588 0 0.005
0.132 0.038 0 0.005
0.132 0.052 0 0.005
0.132 0.529 0 0.005
0.132 0.644 0 0.005
0.133 0.092 0 0.005
0.133 0.33 0 0.005
0.133 0.577 0 0.005
0.133 0.707 0 0.005
0.134 0.469 0 0.005
0.134 0.889 0 0.005
0.133 0.9985833333333334 0 0.005
0.135 0.904 0 0.005
0.136 0.367 0 0.005
0.136 0.734 0 0.005
0.136 0.806 0 0.005
0.137 0.068 0 0.005
0.137 0.145 0 0.005
0.137 0.388 0 0.005
0.138 0.112 0 0.005
0.138 0.296 0 0.005
0.138 0.496 0 0.005
0.138 0.795 0 0.005
0.138 0.823 0 0.005
0.138 0.924 0 0.005
0.139 0.197 0 0.005
0.14 0.511 0 0.005
0.141 0.231 0 0.005
0.141 0.861 0 0.005
0.142 0.689 0 0.005
0.142 0.758 0 0.005
0.143 0.017 0 0.005
0.143 0.221 0 0.005
0.143 0.536 0 0.005
0.144 0.002719298245614035 0 0.005
0.144 0.322 0 0.005
0.146 0.079 0 0.005
0.146 0.12 0 0.005
0.146 0.626 0 0.005
0.146 0.67 0 0.005
0.147 0.135 0 0.005
0.147 0.899 0 0.005
0.148 0.243 0 0.005
0.148 0.438 0 0.005
0.148 0.497 0 0.005
0.148 0.964 0 0.005
0.149 0.263 0 0.005
0.149 0.28 0 0.005
0.149 0.362 0 0.005
0.149 0.557 0 0.005
0.149 0.649 0 0.005
0.149 0.829 0 0.005
0.149 0.944 0 0.005
0.15 0.681 0 0.005
0.15 0.771 0 0.005
0.151 0.184 0 0.005
0.151 0.457 0 0.005
0.152 0.482 0 0.005
0.152 0.528 0 0.005
0.152 0.612 0 0.005
0.152 0.793 0 0.005
0.153 0.415 0 0.005
0.153 0.988 0 0.005
0.154 0.097 0 0.005
0.154 0.11 0 0.005
0.154 0.875 0 0.005
0.155 0.379 0 0.005
0.155 0.59 0 0.005
0.155 0.602 0 0.005
0.155 0.663 0 0.005
0.155 0.742 0 0.005
0.156 0.149 0 0.005
0.156 0.326 0 0.005
0.156 0.58 0 0.005
0.157 0.397 0 0.005
0.157 0.54 0 0.005
0.158 0.215 0 0.005
0.158 0.823 0 0.005
0.158 0.858 0 0.005
0.158 0.951 0 0.005
0.159 0.443 0 0.005
0.159 0.496 0 0.005
0.159 0.846 0 0.005
0.16 0.132 0 0.005
0.16 0.515 0 0.005
0.16 0.924 0 0.005
0.161 0.335 0 0.005
0.161 0.464 0 0.005
0.162 0.044 0 0.005
0.162 0.371 0 0.005
0.163 0.278 0 0.005
0.163 0.306 0 0.005
0.163 0.485 0 0.005
0.164 0.633 0 0.005
0.165 0.096 0 0.005
0.165 0.899 0 0.005
0.166 0.029 0 0.005
0.166 0.578 0 0.005
0.167 0.396 0 0.005
0.167 0.976 0 0.005
0.168 0.019 0 0.005
0.169 0.441 0 0.005
0.169 0.471 0 0.005
0.17 0.772 0 0.005
0.17 0.924 0 0.005
0.171 0.291 0 0.005
0.171 0.679 0 0.005
0.172 0.658 0 0.005
0.173 0.044 0 0.005
0.173 0.106 0 0.005
0.173 0.128 0 0.005
0.173 0.274 0 0.005
0.173 0.529 0 0.005
0.173 0.809 0 0.005
0.173 0.835 0 0.005
0.174 0.0022291666666666666 0 0.005
0.174 0.07 0 0.005
0.174 0.549 0 0.005
0.175 0.327 0 0.005
0.175 0.415 0 0.005
0.175 0.7 0 0.005
0.176 0.623 0 0.005
0.176 0.913 0 0.005
0.177 0.372 0 0.005
0.177 0.397 0 0.005
0.177 0.606 0 0.005
0.177 0.668 0 0.005
0.177 0.784 0 0.005
0.177 0.986 0 0.005
0.178 0.738 0 0.005
0.179 0.012 0 0.005
0.179 0.119 0 0.005
0.179 0.934 0 0.005
0.18 0.353 0 0.005
0.18 0.48 0 0.005
0.18 0.494 0 0.005
0.18 0.685 0 0.005
0.181 0.29 0 0.005
0.181 0.709 0 0.005
0.181 0.756 0 0.005
0.181 0.858 0 0.005
0.181 0.898 0 0.005
0.182 0.615 0 0.005
0.183 0.207 0 0.005
0.183 0.533 0 0.005
0.183 0.766 0 0.005
0.184 0.023 0 0.005
0.184 0.168 0 0.005
0.184 0.332 0 0.005
0.184 0.567 0 0.005
0.184 0.971 0 0.005
0.185 0.068 0 0.005
0.185 0.078 0 0.005
0.185 0.52 0 0.005
0.185 0.659 0 0.005
0.186 0.054 0 0.005
0.186 0.184 0 0.005
0.186 0.256 0 0.005
0.187 0.305 0 0.005
0.187 0.505 0 0.005
0.187 0.597 0 0.005
0.188 0.135 0 0.005
0.188 0.992 0 0.005
0.189 0.0017435897435897436 0 0.005
0.191 0.223 0 0.005
0.191 0.235 0 0.005
0.191 0.637 0 0.005
0.191 0.888 0 0.005
0.193 0.911 0 0.005
0.194 0.194 0 0.005
0.194 0.246 0 0.005
0.194 0.438 0 0.005
0.194 0.75 0 0.005
0.194 0.763 0 0.005
0.194 0.773 0 0.005
0.194 0.928 0 0.005
0.195 0.064 0 0.005
0.195 0.552 0 0.005
0.195 0.822 0 0.005
0.196 0.584 0 0.005
0.196 0.672 0 0.005
0.196 0.975 0 0.005
0.197 0.471 0 0.005
0.197 0.864 0 0.005
0.197 0.898 0 0.005
0.198 0.021 0 0.005
0.198 0.607 0 0.005
0.198 0.649 0 0.005
0.198 0.958 0 0.005
0.199 0.261 0 0.005
0.199 0.345 0 0.005
0.199 0.387 0 0.005
0.199 0.786 0 0.005
0.2 0.077 0 0.005
0.2 0.942 0 0.005
0.201 0.323 0 0.005
0.201 0.713 0 0.005
0.201 0.81 0 0.005
0.202 0.561 0 0.005
0.203 0.096 0 0.005
0.203 0.288 0 0.005
0.203 0.377 0 0.005
0.203 0.914 0 0.005
0.204 0.453 0 0.005
0.204 0.728 0 0.005
0.205 0.047 0 0.005
0.205 0.195 0 0.005
0.205 0.237 0 0.005
0.205 0.435 0 0.005
0.205 0.641 0 0.005
0.207 0.145 0 0.005
0.207 0.476 0 0.005
0.207 0.63 0 0.005
0.208 0.061 0 0.005
0.208 0.272 0 0.005
0.208 0.313 0 0.005
0.208 0.365 0 0.005
0.208 0.52 0 0.005
0.208 0.667 0 0.005
0.209 0.11 0 0.005
0.209 0.167 0 0.005
0.209 0.746 0 0.005
0.21 0.411 0 0.005
0.21 0.819 0 0.005
0.21 0.898 0 0.005
0.21 0.982 0 0.005
0.211 0.007 0 0.005
0.213 0.084 0 0.005
0.213 0.204 0 0.005
0.213 0.34 0 0.005
0.213 0.559 0 0.005
0.213 0.972 0 0.005
0.214 0.176 0 0.005
0.214 0.187 0 0.005
0.214 0.386 0 0.005
0.214 0.681 0 0.005
0.215 0.398 0 0.005
0.216 0.138 0 0.005
0.216 0.926 0 0.005
0.217 0.289 0 0.005
0.218 0.0012666666666666666 0 0.005
0.218 0.051 0 0.005
0.218 0.48 0 0.005
0.218 0.506 0 0.005
0.218 0.844 0 0.005
0.219 0.438 0 0.005
0.219 0.776 0 0.005
0.219 0.786 0 0.005
0.22 0.324 0 0.005
0.22 0.627 0 0.005
0.221 0.063 0 0.005
0.221 0.53 0 0.005
0.221 0.856 0 0.005
0.222 0.945 0 0.005
0.223 0.246 0 0.005
0.223 0.577 0 0.005
0.223 0.591 0 0.005
0.223 0.601 0 0.005
0.223 0.712 0 0.005
0.224 0.148 0 0.005
0.224 0.262 0 0.005
0.225 0.283 0 0.005
0.225 0.453 0 0.005
0.226 0.023 0 0.005
0.226 0.492 0 0.005
0.226 0.89 0 0.005
0.226 0.927 0 0.005
0.227 0.369 0 0.005
0.227 0.564 0 0.005
0.226 0.9985833333333334 0 0.005
0.228 0.294 0 0.005
0.228 0.633 0 0.005
0.228 0.764 0 0.005
0.228 0.825 0 0.005
0.229 0.225 0 0.005
0.23 0.168 0 0.005
0.23 0.345 0 0.005
0.23 0.386 0 0.005
0.232 0.399 0 0.005
0.232 0.512 0 0.005
0.232 0.662 0 0.005
0.233 0.359 0 0.005
0.233 0.462 0 0.005
0.233 0.472 0 0.005
0.233 0.553 0 0.005
0.234 0.037 0 0.005
0.234 0.062 0 0.005
0.234 0.422 0 0.005
0.234 0.605 0 0.005
0.234 0.698 0 0.005
0.234 0.838 0 0.005
0.234 0.97 0 0.005
0.235 0.051 0 0.005
0.235 0.074 0 0.005
0.235 0.089 0 0.005
0.236 0.945 0 0.005
0.237 0.266 0 0.005
0.237 0.452 0 0.005
0.237 0.742 0 0.005
0.238 0.191 0 0.005
0.238 0.533 0 0.005
0.239 0.027 0 0.005
0.239 0.255 0 0.005
0.239 0.31 0 0.005
0.239 0.772 0 0.005
0.24 0.148 0 0.005
0.24 0.324 0 0.005
0.24 0.672 0 0.005
0.24 0.759 0 0.005
0.24 0.851 0 0.005
0.24 0.916 0 0.005
0.24 0.934 0 0.005
0.241 0.211 0 0.005
0.241 0.522 0 0.005
0.241 0.627 0 0.005
0.241 0.807 0 0.005
0.242 0.129 0 0.005
0.242 0.238 0 0.005
0.242 0.563 0 0.005
0.243 0.352 0 0.005
0.243 0.438 0 0.005
0.243 0.956 0 0.005
0.244 0.549 0 0.005
0.245 0.088 0 0.005
0.245 0.2 0 0.005
0.245 0.405 0 0.005
0.245 0.489 0 0.005
0.246 0.053 0 0.005
0.246 0.113 0 0.005
0.246 0.639 0 0.005
0.247 0.872 0 0.005
0.248 0.009 0 0.005
0.248 0.14 0 0.005
0.248 0.816 0 0.005
0.249 0.23 0 0.005
0.25 0.187 0 0.005
0.25 0.255 0 0.005
0.25 0.73 0 0.005
0.25 0.831 0 0.005
0.25 0.853 0 0.005
0.251 0.36 0 0.005
0.251 0.983 0 0.005
0.252 0.62 0 0.005
0.253 0.689 0 0.005
0.254 0.276 0 0.005
0.254 0.583 0 0.005
0.254 0.715 0 0.005
0.255 0.09 0 0.005
0.255 0.532 0 0.005
0.255 0.789 0 0.005
0.256 0.315 0 0.005
0.256 0.765 0 0.005
0.256 0.778 0 0.005
0.257 0.019 0 0.005
0.257 0.127 0 0.005
0.257 0.559 0 0.005
0.257 0.673 0 0.005
0.257 0.877 0 0.005
0.257 0.945 0 0.005
0.258 0.2 0 0.005
0.258 0.44 0 0.005
0.258 0.45 0 0.005
0.258 0.491 0 0.005
0.258 0.512 0 0.005
0.258 0.6 0 0.005
0.259 0.235 0 0.005
0.259 0.407 0 0.005
0.259 0.697 0 0.005
0.259 0.9 0 0.005
0.26 0.286 0 0.005
0.26 0.955 0 0.005
0.261 0.111 0 0.005
0.261 0.152 0 0.005
0.262 0.141 0 0.005
0.262 0.261 0 0.005
0.262 0.741 0 0.005
0.262 0.826 0 0.005
0.262 0.862 0 0.005
0.262 0.933 0 0.005
0.263 0.07 0 0.005
0.263 0.247 0 0.005
0.263 0.392 0 0.005
0.263 0.472 0 0.005
0.264 0.05 0 0.005
0.264 0.714 0 0.005
0.265 0.553 0 0.005
0.266 0.008 0 0.005
0.266 0.296 0 0.005
0.266 0.58 0 0.005
0.267 0.08 0 0.005
0.267 0.18 0 0.005
0.268 0.691 0 0.005
0.268 0.804 0 0.005
0.269 0.024 0 0.005
0.269 0.204 0 0.005
0.269 0.788 0 0.005
0.269 0.876 0 0.005
0.27 0.634 0 0.005
0.27 0.728 0 0.005
0.269 0.9985833333333334 0 0.005
0.271 0.849 0 0.005
0.272 0.361 0 0.005
0.272 0.465 0 0.005
0.272 0.531 0 0.005
0.273 0.385 0 0.005
0.273 0.446 0 0.005
0.274 0.339 0 0.005
0.274 0.983 0 0.005
0.275 0.416 0 0.005
0.275 0.512 0 0.005
0.275 0.678 0 0.005
0.276 0.219 0 0.005
0.276 0.61 0 0.005
0.276 0.771 0 0.005
0.278 0.059 0 0.005
0.278 0.097 0 0.005
0.278 0.353 0 0.005
0.279 0.691 0 0.005
0.28 0.483 0 0.005
0.28 0.565 0 0.005
0.28 0.715 0 0.005
0.281 0.457 0 0.005
0.281 0.502 0 0.005
0.281 0.76 0 0.005
0.281 0.865 0 0.005
0.282 0.538 0 0.005
0.283 0.303 0 0.005
0.283 0.325 0 0.005
0.283 0.889 0 0.005
0.284 0.079 0 0.005
0.284 0.292 0 0.005
0.284 0.83 0 0.005
0.286 0.264 0 0.005
0.286 0.672 0 0.005
0.286 0.817 0 0.005
0.286 0.936 0 0.005
0.287 0.58 0 0.005
0.287 0.965 0 0.005
0.288 0.344 0 0.005
0.29 0.108 0 0.005
0.29 0.464 0 0.005
0.291 0.531 0 0.005
0.291 0.644 0 0.005
0.291 0.7 0 0.005
0.292 0.285 0 0.005
0.292 0.862 0 0.005
0.291 0.0 0 0.005
0.293 0.215 0 0.005
0.293 0.434 0 0.005
0.293 0.493 0 0.005
0.293 0.973 0 0.005
0.294 0.239 0 0.005
0.294 0.886 0 0.005
0.295 0.06 0 0.005
0.295 0.227 0 0.005
0.295 0.517 0 0.005
0.295 0.544 0 0.005
0.295 0.851 0 0.005
0.296 0.095 0 0.005
0.296 0.136 0 0.005
0.296 0.414 0 0.005
0.296 0.573 0 0.005
0.296 0.609 0 0.005
0.296 0.941 0 0.005
0.297 0.199 0 0.005
0.297 0.381 0 0.005
0.297 0.636 0 0.005
0.297 0.903 0 0.005
0.298 0.085 0 0.005
0.298 0.771 0 0.005
0.299 0.123 0 0.005
0.299 0.559 0 0.005
0.299 0.797 0 0.005
0.299 0.983 0 0.005
0.3 0.029 0 0.005
0.3 0.253 0 0.005
0.3 0.306 0 0.005
0.3 0.587 0 0.005
0.3 0.813 0 0.005
0.298 0.999 0 0.005
0.303 0.113 0 0.005
0.303 0.234 0 0.005
0.303 0.294 0 0.005
0.303 0.843 0 0.005
0.303 0.859 0 0.005
0.304 0.428 0 0.005
0.304 0.739 0 0.005
0.304 0.911 0 0.005
0.305 0.0008095238095238096 0 0.005
0.305 0.224 0 0.005
0.306 0.144 0 0.005
0.306 0.412 0 0.005
0.306 0.642 0 0.005
0.306 0.894 0 0.005
0.307 0.365 0 0.005
0.308 0.078 0 0.005
0.308 0.498 0 0.005
0.308 0.624 0 0.005
0.309 0.729 0 0.005
0.309 0.767 0 0.005
0.31 0.713 0 0.005
0.31 0.785 0 0.005
0.311 0.051 0 0.005
0.311 0.268 0 0.005
0.311 0.665 0 0.005
0.312 0.157 0 0.005
0.312 0.402 0 0.005
0.312 0.475 0 0.005
0.312 0.927 0 0.005
0.313 0.032 0 0.005
0.313 0.422 0 0.005
0.313 0.518 0 0.005
0.313 0.558 0 0.005
0.313 0.681 0 0.005
0.313 0.852 0 0.005
0.313 0.944 0 0.005
0.313 0.971 0 0.005
0.314 0.291 0 0.005
0.314 0.437 0 0.005
0.314 0.571 0 0.005
0.314 0.632 0 0.005
0.314 0.756 0 0.005
0.315 0.528 0 0.005
0.315 0.612 0 0.005
0.315 0.984 0 0.005
0.316 0.54 0 0.005
0.316 0.915 0 0.005
0.318 0.457 0 0.005
0.318 0.49 0 0.005
0.318 0.826 0 0.005
0.319 0.147 0 0.005
0.319 0.187 0 0.005
0.319 0.211 0 0.005
0.319 0.343 0 0.005
0.319 0.725 0 0.005
0.32 0.301 0 0.005
0.32 0.697 0 0.005
0.321 0.0012666666666666666 0 0.005
0.321 0.888 0 0.005
0.321 0.996280701754386 0 0.005
0.322 0.661 0 0.005
0.322 0.762 0 0.005
0.323 0.593 0 0.005
0.323 0.686 0 0.005
0.324 0.329 0 0.005
0.324 0.41 0 0.005
0.324 0.499 0 0.005
0.324 0.931 0 0.005
0.325 0.046 0 0.005
0.325 0.075 0 0.005
0.325 0.136 0 0.005
0.325 0.963 0 0.005
0.326 0.711 0 0.005
0.327 0.015 0 0.005
0.327 0.03 0 0.005
0.327 0.233 0 0.005
0.327 0.642 0 0.005
0.327 0.859 0 0.005
0.329 0.252 0 0.005
0.329 0.274 0 0.005
0.329 0.354 0 0.005
0.329 0.427 0 0.005
0.331 0.307 0 0.005
0.331 0.399 0 0.005
0.331 0.739 0 0.005
0.332 0.163 0 0.005
0.332 0.824 0 0.005
0.332 0.903 0 0.005
0.333 0.06 0 0.005
0.333 0.106 0 0.005
0.333 0.549 0 0.005
0.333 0.589 0 0.005
0.334 0.629 0 0.005
0.335 0.473 0 0.005
0.335 0.487 0 0.005
0.336 0.049 0 0.005
0.336 0.13 0 0.005
0.336 0.866 0 0.005
0.336 0.94 0 0.005
0.336 0.9956875 0 0.005
0.337 0.033 0 0.005
0.337 0.261 0 0.005
0.337 0.802 0 0.005
0.337 0.886 0 0.005
0.338 0.752 0 0.005
0.338 0.915 0 0.005
0.339 0.141 0 0.005
0.339 0.318 0 0.005
0.339 0.361 0 0.005
0.339 0.419 0 0.005
0.339 0.445 0 0.005
0.339 0.53 0 0.005
0.339 0.845 0 0.005
0.34 0.276 0 0.005
0.34 0.563 0 0.005
0.341 0.225 0 0.005
0.341 0.954 0 0.005
0.342 0.069 0 0.005
0.342 0.157 0 0.005
0.342 0.611 0 0.005
0.342 0.721 0 0.005
0.344 0.586 0 0.005
0.345 0.024 0 0.005
0.345 0.117 0 0.005
0.345 0.697 0 0.005
0.345 0.898 0 0.005
0.345 0.928 0 0.005
0.346 0.048 0 0.005
0.346 0.179 0 0.005
0.346 0.659 0 0.005
0.346 0.855 0 0.005
0.347 0.649 0 0.005
0.347 0.787 0 0.005
0.347 0.835 0 0.005
0.347 0.975 0 0.005
0.348 0.207 0 0.005
0.348 0.432 0 0.005
0.348 0.9956875 0 0.005
0.35 0.146 0 0.005
0.35 0.302 0 0.005
0.35 0.546 0 0.005
0.35 0.766 0 0.005
0.35 0.808 0 0.005
0.351 0.133 0 0.005
0.351 0.376 0 0.005
0.351 0.687 0 0.005
0.352 0.188 0 0.005
0.353 0.079 0 0.005
0.353 0.225 0 0.005
0.354 0.903 0 0.005
0.354 0.986 0 0.005
0.355 0.508 0 0.005
0.355 0.615 0 0.005
0.355 0.728 0 0.005
0.355 0.924 0 0.005
0.355 0.943 0 0.005
0.356 0.25 0 0.005
0.356 0.397 0 0.005
0.356 0.584 0 0.005
0.356 0.673 0 0.005
0.356 0.873 0 0.005
0.357 0.319 0 0.005
0.357 0.411 0 0.005
0.357 0.774 0 0.005
0.358 0.009 0 0.005
0.358 0.814 0 0.005
0.359 0.091 0 0.005
0.359 0.209 0 0.005
0.359 0.339 0 0.005
0.359 0.537 0 0.005
0.359 0.802 0 0.005
0.359 0.853 0 0.005
0.36 0.155 0 0.005
0.36 0.479 0 0.005
0.361 0.263 0 0.005
0.361 0.467 0 0.005
0.361 0.959 0 0.005
0.362 0.194 0 0.005
0.362 0.296 0 0.005
0.362 0.568 0 0.005
0.362 0.662 0 0.005
0.363 0.553 0 0.005
0.364 0.018 0 0.005
0.364 0.11 0 0.005
0.364 0.753 0 0.005
0.365 0.712 0 0.005
0.365 0.981 0 0.005
0.366 0.366 0 0.005
0.366 0.784 0 0.005
0.367 0.386 0 0.005
0.367 0.49 0 0.005
0.367 0.767 0 0.005
0.367 0.97 0 0.005
0.368 0.435 0 0.005
0.368 0.447 0 0.005
0.368 0.579 0 0.005
0.368 0.621 0 0.005
0.368 0.939 0 0.005
0.369 0.234 0 0.005
0.37 0.069 0 0.005
0.37 0.167 0 0.005
0.37 0.22 0 0.005
0.37 0.952 0 0.005
0.371 0.007 0 0.005
0.372 0.311 0 0.005
0.372 0.519 0 0.005
0.373 0.669 0 0.005
0.373 0.903 0 0.005
0.373 0.921 0 0.005
0.374 0.019 0 0.005
0.374 0.634 0 0.005
0.374 0.82 0 0.005
0.374 0.88 0 0.005
0.376 0.159 0 0.005
0.376 0.196 0 0.005
0.376 0.418 0 0.005
0.376 0.793 0 0.005
0.377 0.121 0 0.005
0.377 0.47 0 0.005
0.377 0.762 0 0.005
0.377 0.81 0 0.005
0.378 0.108 0 0.005
0.378 0.558 0 0.005
0.378 0.852 0 0.005
0.379 0.062 0 0.005
0.379 0.144 0 0.005
0.379 0.366 0 0.005
0.38 0.709 0 0.005
0.38 0.751 0 0.005
0.38 0.892 0 0.005
0.381 0.086 0 0.005
0.381 0.541 0 0.005
0.381 0.688 0 0.005
0.382 0.306 0 0.005
0.382 0.644 0 0.005
0.382 0.827 0 0.005
0.383 0.242 0 0.005
0.383 0.426 0 0.005
0.383 0.459 0 0.005
0.383 0.607 0 0.005
0.383 0.942 0 0.005
0.384 0.043 0 0.005
0.384 0.398 0 0.005
0.384 0.507 0 0.005
0.384 0.529 0 0.005
0.385 0.989 0 0.005
0.386 0.153 0 0.005
0.386 0.591 0 0.005
0.386 0.901 0 0.005
0.384 0.999 0 0.005
0.387 0.197 0 0.005
0.387 0.973 0 0.005
0.388 0.071 0 0.005
0.388 0.292 0 0.005
0.388 0.62 0 0.005
0.388 0.811 0 0.005
0.389 0.019 0 0.005
0.389 0.377 0 0.005
0.39 0.266 0 0.005
0.39 0.477 0 0.005
0.39 0.732 0 0.005
0.39 0.788 0 0.005
0.392 0.135 0 0.005
0.392 0.498 0 0.005
0.392 0.567 0 0.005
0.393 0.0017435897435897436 0 0.005
0.393 0.256 0 0.005
0.395 0.217 0 0.005
0.396 0.046 0 0.005
0.396 0.357 0 0.005
0.396 0.458 0 0.005
0.396 0.77 0 0.005
0.397 0.095 0 0.005
0.397 0.107 0 0.005
0.397 0.39 0 0.005
0.397 0.628 0 0.005
0.397 0.753 0 0.005
0.397 0.905 0 0.005
0.397 0.92 0 0.005
0.398 0.34 0 0.005
0.399 0.876 0 0.005
0.4 0.168 0 0.005
0.4 0.438 0 0.005
0.4 0.946 0 0.005
0.401 0.129 0 0.005
0.401 0.404 0 0.005
0.402 0.322 0 0.005
0.402 0.59 0 0.005
0.402 0.603 0 0.005
0.402 0.823 0 0.005
0.402 0.895 0 0.005
0.403 0.371 0 0.005
0.403 0.684 0 0.005
0.403 0.703 0 0.005
0.403 0.721 0 0.005
0.403 0.806 0 0.005
0.403 0.963 0 0.005
0.404 0.29 0 0.005
0.404 0.521 0 0.005
0.404 0.542 0 0.005
0.405 0.217 0 0.005
0.406 0.733 0 0.005
0.407 0.019 0 0.005
0.407 0.184 0 0.005
0.407 0.246 0 0.005
0.407 0.417 0 0.005
0.407 0.448 0 0.005
0.409 0.26 0 0.005
0.409 0.632 0 0.005
0.409 0.761 0 0.005
0.409 0.878 0 0.005
0.41 0.27 0 0.005
0.41 0.61 0 0.005
0.41 0.93 0 0.005
0.411 0.031 0 0.005
0.411 0.101 0 0.005
0.411 0.576 0 0.005
0.411 0.742 0 0.005
0.411 0.785 0 0.005
0.411 0.832 0 0.005
0.411 0.912 0 0.005
0.412 0.0022291666666666666 0 0.005
0.412 0.307 0 0.005
0.412 0.323 0 0.005
0.412 0.435 0 0.005
0.412 0.658 0 0.005
0.412 0.674 0 0.005
0.412 0.986 0 0.005
0.414 0.356 0 0.005
0.415 0.144 0 0.005
0.415 0.176 0 0.005
0.415 0.207 0 0.005
0.415 0.467 0 0.005
0.416 0.862 0 0.005
0.416 0.9977333333333334 0 0.005
0.417 0.297 0 0.005
0.417 0.894 0 0.005
0.418 0.192 0 0.005
0.418 0.243 0 0.005
0.418 0.534 0 0.005
0.419 0.014 0 0.005
0.419 0.561 0 0.005
0.42 0.276 0 0.005
0.42 0.481 0 0.005
0.42 0.801 0 0.005
0.42 0.929 0 0.005
0.421 0.025 0 0.005
0.421 0.613 0 0.005
0.422 0.365 0 0.005
0.422 0.814 0 0.005
0.422 0.977 0 0.005
0.423 0.077 0 0.005
0.423 0.154 0 0.005
0.424 0.714 0 0.005
0.424 0.766 0 0.005
0.425 0.468 0 0.005
0.425 0.832 0 0.005
0.425 0.872 0 0.005
0.426 0.041 0 0.005
0.426 0.217 0 0.005
0.426 0.291 0 0.005
0.427 0.541 0 0.005
0.428 0.004 0 0.005
0.428 0.109 0 0.005
0.428 0.991 0 0.005
0.429 0.167 0 0.005
0.429 0.316 0 0.005
0.429 0.448 0 0.005
0.43 0.639 0 0.005
0.43 0.884 0 0.005
0.431 0.016 0 0.005
0.431 0.07 0 0.005
0.431 0.096 0 0.005
0.431 0.276 0 0.005
0.431 0.377 0 0.005
0.432 0.414 0 0.005
0.432 0.59 0 0.005
0.433 0.058 0 0.005
0.433 0.483 0 0.005
0.433 0.497 0 0.005
0.433 0.896 0 0.005
0.434 0.532 0 0.005
0.434 0.602 0 0.005
0.435 0.23 0 0.005
0.435 0.354 0 0.005
0.436 0.573 0 0.005
0.436 0.679 0 0.005
0.436 0.742 0 0.005
0.437 0.15 0 0.005
0.437 0.821 0 0.005
0.438 0.191 0 0.005
0.438 0.468 0 0.005
0.438 0.792 0 0.005
0.438 0.857 0 0.005
0.439 0.622 0 0.005
0.44 0.76 0 0.005
0.44 0.9981904761904762 0 0.005
0.441 0.91 0 0.005
0.441 0.989 0 0.005
0.442 0.004 0 0.005
0.443 0.026 0 0.005
0.443 0.284 0 0.005
0.443 0.646 0 0.005
0.443 0.671 0 0.005
0.444 0.077 0 0.005
0.444 0.103 0 0.005
0.444 0.136 0 0.005
0.444 0.169 0 0.005
0.444 0.262 0 0.005
0.444 0.452 0 0.005
0.444 0.775 0 0.005
0.444 0.8 0 0.005
0.444 0.867 0 0.005
0.445 0.118 0 0.005
0.445 0.439 0 0.005
0.445 0.56 0 0.005
0.445 0.588 0 0.005
0.446 0.699 0 0.005
0.447 0.049 0 0.005
0.447 0.358 0 0.005
0.447 0.682 0 0.005
0.447 0.888 0 0.005
0.448 0.245 0 0.005
0.448 0.531 0 0.005
0.448 0.74 0 0.005
0.448 0.978 0 0.005
0.449 0.16 0 0.005
0.449 0.832 0 0.005
0.449 0.857 0 0.005
0.45 0.933 0 0.005
0.451 0.063 0 0.005
0.451 0.425 0 0.005
0.451 0.52 0 0.005
0.451 0.725 0 0.005
0.452 0.879 0 0.005
0.452 0.899 0 0.005
0.453 0.232 0 0.005
0.453 0.542 0 0.005
0.454 0.326 0 0.005
0.455 0.007 0 0.005
0.455 0.384 0 0.005
0.456 0.995 0 0.005
0.457 0.096 0 0.005
0.457 0.456 0 0.005
0.457 0.619 0 0.005
0.457 0.748 0 0.005
0.458 0.787 0 0.005
0.459 0.135 0 0.005
0.459 0.568 0 0.005
0.46 0.297 0 0.005
0.46 0.353 0 0.005
0.46 0.403 0 0.005
0.46 0.692 0 0.005
0.46 0.982 0 0.005
0.461 0.309 0 0.005
0.461 0.653 0 0.005
0.461 0.965 0 0.005
0.462 0.079 0 0.005
0.463 0.109 0 0.005
0.463 0.188 0 0.005
0.463 0.221 0 0.005
0.463 0.241 0 0.005
0.463 0.531 0 0.005
0.463 0.796 0 0.005
0.464 0.541 0 0.005
0.465 0.06 0 0.005
0.467 0.029 0 0.005
0.467 0.51 0 0.005
0.467 0.577 0 0.005
0.467 0.881 0 0.005
0.467 0.935 0 0.005
0.468 0.141 0 0.005
0.468 0.338 0 0.005
0.468 0.475 0 0.005
0.468 0.857 0 0.005
0.469 0.385 0 0.005
0.469 0.497 0 0.005
0.47 0.366 0 0.005
0.47 0.615 0 0.005
0.47 0.645 0 0.005
0.47 0.956 0 0.005
0.471 0.01 0 0.005
0.471 0.153 0 0.005
0.471 0.265 0 0.005
0.471 0.295 0 0.005
0.472 0.128 0 0.005
0.472 0.352 0 0.005
0.472 0.406 0 0.005
0.472 0.596 0 0.005
0.473 0.178 0 0.005
0.473 0.231 0 0.005
0.473 0.676 0 0.005
0.473 0.711 0 0.005
0.473 0.822 0 0.005
0.473 0.838 0 0.005
0.474 0.436 0 0.005
0.474 0.568 0 0.005
0.474 0.689 0 0.005
0.475 0.321 0 0.005
0.474 0.9985833333333334 0 0.005
0.476 0.055 0 0.005
0.476 0.086 0 0.005
0.476 0.256 0 0.005
0.477 0.393 0 0.005
0.477 0.518 0 0.005
0.477 0.805 0 0.005
0.477 0.866 0 0.005
0.477 0.986 0 0.005
0.478 0.303 0 0.005
0.478 0.556 0 0.005
0.479 0.02 0 0.005
0.479 0.147 0 0.005
0.479 0.333 0 0.005
0.479 0.632 0 0.005
0.479 0.897 0 0.005
0.48 0.609 0 0.005
0.48 0.952 0 0.005
0.481 0.361 0 0.005
0.481 0.928 0 0.005
0.482 0.974 0 0.005
0.483 0.158 0 0.005
0.483 0.281 0 0.005
0.483 0.421 0 0.005
0.483 0.666 0 0.005
0.483 0.819 0 0.005
0.484 0.733 0 0.005
0.485 0.067 0 0.005
0.486 0.028 0 0.005
0.486 0.371 0 0.005
0.486 0.649 0 0.005
0.487 0.116 0 0.005
0.488 0.104 0 0.005
0.488 0.189 0 0.005
0.488 0.837 0 0.005
0.489 0.543 0 0.005
0.489 0.677 0 0.005
0.489 0.691 0 0.005
0.489 0.703 0 0.005
0.49 0.004 0 0.005
0.49 0.247 0 0.005
0.49 0.265 0 0.005
0.49 0.344 0 0.005
0.49 0.443 0 0.005
0.491 0.085 0 0.005
0.491 0.793 0 0.005
0.492 0.205 0 0.005
0.493 0.74 0 0.005
0.493 0.863 0 0.005
0.494 0.224 0 0.005
0.494 0.277 0 0.005
0.494 0.403 0 0.005
0.494 0.459 0 0.005
0.494 0.517 0 0.005
0.494 0.951 0 0.005
0.495 0.145 0 0.005
0.495 0.828 0 0.005
0.495 0.894 0 0.005
0.496 0.172 0 0.005
0.496 0.322 0 0.005
0.496 0.807 0 0.005
0.497 0.035 0 0.005
0.497 0.048 0 0.005
0.497 0.563 0 0.005
0.498 0.584 0 0.005
0.499 0.242 0 0.005
0.499 0.302 0 0.005
0.499 0.42 0 0.005
0.499 0.671 0 0.005
0.5 0.015 0 0.005
0.5 0.06 0 0.005
0.5 0.437 0 0.005
0.5 0.607 0 0.005
0.5 0.684 0 0.005
0.501 0.211 0 0.005
0.501 0.363 0 0.005
0.501 0.622 0 0.005
0.502 0.071 0 0.005
0.502 0.106 0 0.005
0.502 0.162 0 0.005
0.502 0.48 0 0.005
0.502 0.526 0 0.005
0.502 0.731 0 0.005
0.503 0.23 0 0.005
0.503 0.381 0 0.005
0.503 0.507 0 0.005
0.503 0.773 0 0.005
0.503 0.92 0 0.005
0.504 0.313 0 0.005
0.504 0.633 0 0.005
0.504 0.879 0 0.005
0.504 0.944 0 0.005
0.505 0.704 0 0.005
0.506 0.464 0 0.005
0.506 0.796 0 0.005
0.507 0.134 0 0.005
0.507 0.174 0 0.005
0.507 0.565 0 0.005
0.507 0.9981904761904762 0 0.005
0.508 0.028 0 0.005
0.508 0.277 0 0.005
0.508 0.339 0 0.005
0.508 0.405 0 0.005
0.508 0.545 0 0.005
0.509 0.3 0 0.005
0.509 0.649 0 0.005
0.509 0.969 0 0.005
0.51 0.718 0 0.005
0.51 0.818 0 0.005
0.511 0.441 0 0.005
0.511 0.594 0 0.005
0.511 0.611 0 0.005
0.511 0.665 0 0.005
0.512 0.085 0 0.005
0.512 0.096 0 0.005
0.512 0.184 0 0.005
0.513 0.754 0 0.005
0.513 0.831 0 0.005
0.514 0.037 0 0.005
0.514 0.38 0 0.005
0.515 0.64 0 0.005
0.515 0.768 0 0.005
0.515 0.979 0 0.005
0.517 0.013 0 0.005
0.517 0.352 0 0.005
0.517 0.475 0 0.005
0.517 0.499 0 0.005
0.517 0.7 0 0.005
0.518 0.198 0 0.005
0.518 0.217 0 0.005
0.519 0.688 0 0.005
0.519 0.917 0 0.005
0.52 0.131 0 0.005
0.52 0.337 0 0.005
0.52 0.527 0 0.005
0.521 0.049 0 0.005
0.521 0.144 0 0.005
0.521 0.178 0 0.005
0.521 0.274 0 0.005
0.521 0.415 0 0.005
0.521 0.867 0 0.005
0.522 0.092 0 0.005
0.522 0.892 0 0.005
0.523 0.444 0 0.005
0.524 0.552 0 0.005
0.524 0.968 0 0.005
0.525 0.26 0 0.005
0.525 0.403 0 0.005
0.525 0.596 0 0.005
0.525 0.663 0 0.005
0.525 0.75 0 0.005
0.526 0.029 0 0.005
0.527 0.241 0 0.005
0.528 0.504 0 0.005
0.528 0.677 0 0.005
0.529 0.0008095238095238096 0 0.005
0.529 0.061 0 0.005
0.53 0.132 0 0.005
0.53 0.375 0 0.005
0.53 0.389 0 0.005
0.53 0.804 0 0.005
0.53 0.905 0 0.005
0.53 0.951 0 0.005
0.531 0.1 0 0.005
0.531 0.46 0 0.005
0.531 0.629 0 0.005
0.532 0.047 0 0.005
0.532 0.213 0 0.005
0.532 0.709 0 0.005
0.533 0.83 0 0.005
0.534 0.071 0 0.005
0.534 0.568 0 0.005
0.534 0.72 0 0.005
0.535 0.306 0 0.005
0.535 0.4 0 0.005
0.535 0.547 0 0.005
0.536 0.082 0 0.005
0.536 0.226 0 0.005
0.536 0.326 0 0.005
0.536 0.497 0 0.005
0.536 0.843 0 0.005
0.537 0.292 0 0.005
0.537 0.348 0 0.005
0.537 0.48 0 0.005
0.537 0.886 0 0.005
0.538 0.123 0 0.005
0.538 0.649 0 0.005
0.538 0.867 0 0.005
0.538 0.92 0 0.005
0.539 0.778 0 0.005
0.54 0.255 0 0.005
0.54 0.521 0 0.005
0.54 0.536 0 0.005
0.54 0.595 0 0.005
0.541 0.036 0 0.005
0.541 0.42 0 0.005
0.541 0.989 0 0.005
0.542 0.558 0 0.005
0.542 0.752 0 0.005
0.543 0.195 0 0.005
0.543 0.834 0 0.005
0.544 0.957 0 0.005
0.545 0.511 0 0.005
0.546 0.129 0 0.005
0.546 0.327 0 0.005
0.546 0.379 0 0.005
0.546 0.695 0 0.005
0.546 0.906 0 0.005
0.548 0.485 0 0.005
0.549 0.672 0 0.005
0.549 0.713 0 0.005
0.549 0.874 0 0.005
0.55 0.106 0 0.005
0.55 0.729 0 0.005
0.55 0.744 0 0.005
0.55 0.854 0 0.005
0.551 0.116 0 0.005
0.551 0.152 0 0.005
0.551 0.232 0 0.005
0.551 0.313 0 0.005
0.551 0.35 0 0.005
0.551 0.475 0 0.005
0.551 0.966 0 0.005
0.552 0.008 0 0.005
0.552 0.048 0 0.005
0.552 0.543 0 0.005
0.552 0.642 0 0.005
0.553 0.079 0 0.005
0.553 0.895 0 0.005
0.554 0.605 0 0.005
0.555 0.398 0 0.005
0.555 0.618 0 0.005
0.555 0.629 0 0.005
0.555 0.805 0 0.005
0.557 0.495 0 0.005
0.557 0.518 0 0.005
0.557 0.785 0 0.005
0.558 0.061 0 0.005
0.558 0.378 0 0.005
0.559 0.021 0 0.005
0.559 0.289 0 0.005
0.559 0.958 0 0.005
0.561 0.307 0 0.005
0.561 0.559 0 0.005
0.561 0.699 0 0.005
0.561 0.854 0 0.005
0.562 0.637 0 0.005
0.562 0.926 0 0.005
0.563 0.221 0 0.005
0.563 0.317 0 0.005
0.563 0.767 0 0.005
0.564 0.18 0 0.005
0.564 0.246 0 0.005
0.564 0.545 0 0.005
0.564 0.842 0 0.005
0.565 0.461 0 0.005
0.565 0.72 0 0.005
0.566 0.234 0 0.005
0.566 0.363 0 0.005
0.566 0.451 0 0.005
0.566 0.898 0 0.005
0.567 0.154 0 0.005
0.567 0.201 0 0.005
0.568 0.105 0 0.005
0.568 0.256 0 0.005
0.568 0.947 0 0.005
0.569 0.0022291666666666666 0 0.005
0.569 0.273 0 0.005
0.569 0.495 0 0.005
0.57 0.343 0 0.005
0.57 0.918 0 0.005
0.571 0.021 0 0.005
0.571 0.056 0 0.005
0.571 0.778 0 0.005
0.572 0.115 0 0.005
0.572 0.506 0 0.005
0.572 0.532 0 0.005
0.572 0.68 0 0.005
0.573 0.04 0 0.005
0.573 0.419 0 0.005
0.573 0.858 0 0.005
0.574 0.482 0 0.005
0.575 0.094 0 0.005
0.575 0.472 0 0.005
0.575 0.576 0 0.005
0.575 0.648 0 0.005
0.576 0.622 0 0.005
0.576 0.761 0 0.005
0.576 0.842 0 0.005
0.576 0.891 0 0.005
0.577 0.19 0 0.005
0.578 0.179 0 0.005
0.578 0.912 0 0.005
0.579 0.158 0 0.005
0.579 0.357 0 0.005
0.58 0.272 0 0.005
0.58 0.492 0 0.005
0.58 0.876 0 0.005
0.58 0.967 0 0.005
0.581 0.012 0 0.005
0.581 0.233 0 0.005
0.581 0.559 0 0.005
0.581 0.793 0 0.005
0.581 0.929 0 0.005
0.582 0.126 0 0.005
0.582 0.315 0 0.005
0.582 0.597 0 0.005
0.583 0.102 0 0.005
0.584 0.056 0 0.005
0.584 0.087 0 0.005
0.584 0.426 0 0.005
0.584 0.683 0 0.005
0.584 0.751 0 0.005
0.585 0.115 0 0.005
0.585 0.3 0 0.005
0.585 0.368 0 0.005
0.586 0.173 0 0.005
0.586 0.257 0 0.005
0.586 0.28 0 0.005
0.586 0.614 0 0.005
0.587 0.031 0 0.005
0.587 0.414 0 0.005
0.587 0.438 0 0.005
0.587 0.525 0 0.005
0.587 0.768 0 0.005
0.588 0.204 0 0.005
0.589 0.537 0 0.005
0.59 0.703 0 0.005
0.591 0.384 0 0.005
0.591 0.943 0 0.005
0.592 0.189 0 0.005
0.592 0.449 0 0.005
0.592 0.5 0 0.005
0.592 0.855 0 0.005
0.592 0.888 0 0.005
0.592 0.988 0 0.005
0.593 0.145 0 0.005
0.593 0.214 0 0.005
0.593 0.723 0 0.005
0.593 0.926 0 0.005
0.593 0.9967708333333334 0 0.005
0.594 0.061 0 0.005
0.594 0.128 0 0.005
0.594 0.307 0 0.005
0.594 0.48 0 0.005
0.594 0.591 0 0.005
0.596 0.425 0 0.005
0.596 0.608 0 0.005
0.596 0.658 0 0.005
0.596 0.902 0 0.005
0.597 0.0012666666666666666 0 0.005
0.597 0.252 0 0.005
0.597 0.373 0 0.005
0.598 0.64 0 0.005
0.598 0.684 0 0.005
0.599 0.346 0 0.005
0.599 0.835 0 0.005
0.6 0.083 0 0.005
0.6 0.267 0 0.005
0.6 0.492 0 0.005
0.6 0.697 0 0.005
0.6 0.872 0 0.005
0.6 0.913 0 0.005
0.601 0.573 0 0.005
0.601 0.71 0 0.005
0.602 0.107 0 0.005
0.602 0.168 0 0.005
0.602 0.74 0 0.005
0.603 0.314 0 0.005
0.603 0.411 0 0.005
0.604 0.385 0 0.005
0.604 0.794 0 0.005
0.604 0.822 0 0.005
0.604 0.986 0 0.005
0.605 0.856 0 0.005
0.606 0.093 0 0.005
0.608 0.305 0 0.005
0.608 0.367 0 0.005
0.608 0.43 0 0.005
0.608 0.725 0 0.005
0.608 0.899 0 0.005
0.609 0.466 0 0.005
0.609 0.684 0 0.005
0.609 0.81 0 0.005
0.609 0.881 0 0.005
0.61 0.234 0 0.005
0.61 0.6 0 0.005
0.61 0.774 0 0.005
0.611 0.045 0 0.005
0.611 0.057 0 0.005
0.611 0.083 0 0.005
0.611 0.616 0 0.005
0.611 0.653 0 0.005
0.611 0.695 0 0.005
0.612 0.153 0 0.005
0.612 0.995 0 0.005
0.613 0.275 0 0.005
0.614 0.245 0 0.005
0.614 0.744 0 0.005
0.614 0.84 0 0.005
0.614 0.941 0 0.005
0.615 0.014 0 0.005
0.615 0.122 0 0.005
0.615 0.487 0 0.005
0.615 0.756 0 0.005
0.615 0.918 0 0.005
0.615 0.952 0 0.005
0.616 0.295 0 0.005
0.616 0.791 0 0.005
0.617 0.317 0 0.005
0.618 0.343 0 0.005
0.618 0.508 0 0.005
0.619 0.072 0 0.005
0.619 0.857 0 0.005
0.62 0.23 0 0.005
0.62 0.399 0 0.005
0.62 0.722 0 0.005
0.621 0.651 0 0.005
0.621 0.766 0 0.005
0.622 0.596 0 0.005
0.623 0.551 0 0.005
0.623 0.573 0 0.005
0.624 0.521 0 0.005
0.624 0.866 0 0.005
0.624 0.965 0 0.005
0.625 0.351 0 0.005
0.625 0.489 0 0.005
0.625 0.755 0 0.005
0.626 0.146 0 0.005
0.626 0.31 0 0.005
0.626 0.376 0 0.005
0.626 0.412 0 0.005
0.626 0.706 0 0.005
0.626 0.814 0 0.005
0.626 0.994 0 0.005
0.627 0.096 0 0.005
0.627 0.21 0 0.005
0.627 0.253 0 0.005
0.627 0.439 0 0.005
0.627 0.5 0 0.005
0.627 0.792 0 0.005
0.627 0.948 0 0.005
0.628 0.082 0 0.005
0.628 0.609 0 0.005
0.629 0.909 0 0.005
0.63 0.114 0 0.005
0.63 0.642 0 0.005
0.63 0.845 0 0.005
0.63 0.898 0 0.005
0.631 0.275 0 0.005
0.631 0.472 0 0.005
0.631 0.736 0 0.005
0.631 0.78 0 0.005
0.632 0.191 0 0.005
0.633 0.365 0 0.005
0.632 0.0 0 0.005
0.634 0.24 0 0.005
0.634 0.453 0 0.005
0.634 0.934 0 0.005
0.635 0.304 0 0.005
0.635 0.53 0 0.005
0.635 0.58 0 0.005
0.635 0.67 0 0.005
0.635 0.824 0 0.005
0.635 0.889 0 0.005
0.636 0.062 0 0.005
0.637 0.13 0 0.005
0.638 0.263 0 0.005
0.639 0.507 0 0.005
0.639 0.658 0 0.005
0.64 0.098 0 0.005
0.64 0.925 0 0.005
0.64 0.964 0 0.005
0.641 0.047 0 0.005
0.641 0.111 0 0.005
0.643 0.346 0 0.005
0.643 0.443 0 0.005
0.643 0.468 0 0.005
0.643 0.598 0 0.005
0.643 0.74 0 0.005
0.643 0.773 0 0.005
0.644 0.786 0 0.005
0.645 0.227 0 0.005
0.645 0.544 0 0.005
0.645 0.693 0 0.005
0.645 0.808 0 0.005
0.646 0.153 0 0.005
0.646 0.2 0 0.005
0.646 0.242 0 0.005
0.647 0.556 0 0.005
0.648 0.273 0 0.005
0.648 0.831 0 0.005
0.648 0.951 0 0.005
0.649 0.308 0 0.005
0.649 0.41 0 0.005
0.65 0.178 0 0.005
0.65 0.93 0 0.005
0.651 0.353 0 0.005
0.651 0.728 0 0.005
0.651 0.855 0 0.005
0.652 0.082 0 0.005
0.652 0.113 0 0.005
0.652 0.134 0 0.005
0.652 0.498 0 0.005
0.652 0.907 0 0.005
0.652 0.92 0 0.005
0.652 0.0004166666666666667 0 0.005
0.653 0.578 0 0.005
0.654 0.124 0 0.005
0.654 0.334 0 0.005
0.654 0.787 0 0.005
0.654 0.965 0 0.005
0.655 0.012 0 0.005
0.656 0.054 0 0.005
0.656 0.162 0 0.005
0.657 0.227 0 0.005
0.657 0.558 0 0.005
0.657 0.654 0 0.005
0.658 0.424 0 0.005
0.658 0.544 0 0.005
0.658 0.704 0 0.005
0.658 0.87 0 0.005
0.659 0.679 0 0.005
0.66 0.239 0 0.005
0.66 0.454 0 0.005
0.66 0.947 0 0.005
0.661 0.625 0 0.005
0.661 0.93 0 0.005
0.662 0.768 0 0.005
0.663 0.193 0 0.005
0.663 0.273 0 0.005
0.663 0.317 0 0.005
0.663 0.81 0 0.005
0.664 0.029 0 0.005
0.664 0.119 0 0.005
0.664 0.475 0 0.005
0.664 0.757 0 0.005
0.664 0.849 0 0.005
0.665 0.084 0 0.005
0.665 0.439 0 0.005
0.665 0.902 0 0.005
0.668 0.21 0 0.005
0.668 0.303 0 0.005
0.668 0.52 0 0.005
0.668 0.562 0 0.005
0.669 0.0012666666666666666 0 0.005
0.669 0.226 0 0.005
0.669 0.531 0 0.005
0.669 0.745 0 0.005
0.67 0.367 0 0.005
0.67 0.798 0 0.005
0.671 0.015 0 0.005
0.671 0.583 0 0.005
0.671 0.652 0 0.005
0.671 0.7 0 0.005
0.672 0.241 0 0.005
0.672 0.408 0 0.005
0.672 0.991 0 0.005
0.673 0.501 0 0.005
0.674 0.131 0 0.005
0.674 0.663 0 0.005
0.675 0.114 0 0.005
0.675 0.197 0 0.005
0.676 0.166 0 0.005
0.676 0.934 0 0.005
0.676 0.946 0 0.005
0.677 0.055 0 0.005
0.677 0.643 0 0.005
0.677 0.833 0 0.005
0.678 0.475 0 0.005
0.678 0.56 0 0.005
0.679 0.233 0 0.005
0.679 0.361 0 0.005
0.679 0.488 0 0.005
0.679 0.51 0 0.005
0.679 0.858 0 0.005
0.679 0.922 0 0.005
0.68 0.147 0 0.005
0.68 0.574 0 0.005
0.681 0.076 0 0.005
0.681 0.261 0 0.005
0.681 0.614 0 0.005
0.681 0.653 0 0.005
0.683 0.289 0 0.005
0.683 0.309 0 0.005
0.683 0.884 0 0.005
0.684 0.816 0 0.005
0.684 0.873 0 0.005
0.685 0.048 0 0.005
0.685 0.321 0 0.005
0.685 0.456 0 0.005
0.685 0.735 0 0.005
0.686 0.346 0 0.005
0.686 0.387 0 0.005
0.686 0.552 0 0.005
0.686 0.626 0 0.005
0.686 0.791 0 0.005
0.687 0.194 0 0.005
0.688 0.3 0 0.005
0.688 0.671 0 0.005
0.688 0.843 0 0.005
0.688 0.917 0 0.005
0.69 0.902 0 0.005
0.691 0.105 0 0.005
0.691 0.128 0 0.005
0.691 0.175 0 0.005
0.691 0.721 0 0.005
0.691 0.957 0 0.005
0.692 0.09 0 0.005
0.692 0.364 0 0.005
0.692 0.659 0 0.005
0.692 0.779 0 0.005
0.692 0.801 0 0.005
0.692 0.935 0 0.005
0.693 0.033 0 0.005
0.693 0.065 0 0.005
0.693 0.116 0 0.005
0.693 0.483 0 0.005
0.694 0.277 0 0.005
0.694 0.424 0 0.005
0.694 0.9956875 0 0.005
0.696 0.328 0 0.005
0.696 0.709 0 0.005
0.697 0.571 0 0.005
0.697 0.742 0 0.005
0.698 0.356 0 0.005
0.698 0.529 0 0.005
0.698 0.867 0 0.005
0.699 0.824 0 0.005
0.7 0.305 0 0.005
0.7 0.381 0 0.005
0.7 0.641 0 0.005
0.701 0.017 0 0.005
0.701 0.044 0 0.005
0.701 0.622 0 0.005
0.701 0.896 0 0.005
0.701 0.966 0 0.005
0.702 0.168 0 0.005
0.702 0.271 0 0.005
0.702 0.441 0 0.005
0.702 0.787 0 0.005
0.703 0.344 0 0.005
0.704 0.49 0 0.005
0.704 0.719 0 0.005
0.704 0.733 0 0.005
0.704 0.859 0 0.005
0.705 0.106 0 0.005
0.705 0.589 0 0.005
0.705 0.931 0 0.005
0.706 0.034 0 0.005
0.706 0.237 0 0.005
0.706 0.402 0 0.005
0.707 0.756 0 0.005
0.707 0.945 0 0.005
0.708 0.367 0 0.005
0.708 0.607 0 0.005
0.708 0.957 0 0.005
0.71 0.189 0 0.005
0.71 0.255 0 0.005
0.71 0.697 0 0.005
0.71 0.711 0 0.005
0.71 0.77 0 0.005
0.71 0.974 0 0.005
0.712 0.411 0 0.005
0.712 0.575 0 0.005
0.713 0.017 0 0.005
0.713 0.64 0 0.005
0.714 0.058 0 0.005
0.715 0.792 0 0.005
0.715 0.858 0 0.005
0.716 0.153 0 0.005
0.717 0.245 0 0.005
0.717 0.525 0 0.005
0.717 0.897 0 0.005
0.718 0.131 0 0.005
0.718 0.323 0 0.005
0.718 0.354 0 0.005
0.718 0.423 0 0.005
0.719 0.263 0 0.005
0.719 0.48 0 0.005
0.719 0.507 0 0.005
0.719 0.874 0 0.005
0.72 0.178 0 0.005
0.72 0.65 0 0.005
0.721 0.696 0 0.005
0.721 0.736 0 0.005
0.721 0.762 0 0.005
0.722 0.047 0 0.005
0.722 0.538 0 0.005
0.722 0.555 0 0.005
0.722 0.612 0 0.005
0.722 0.67 0 0.005
0.722 0.823 0 0.005
0.722 0.843 0 0.005
0.723 0.191 0 0.005
0.723 0.214 0 0.005
0.723 0.232 0 0.005
0.724 0.41 0 0.005
0.724 0.586 0 0.005
0.724 0.625 0 0.005
0.724 0.639 0 0.005
0.724 0.889 0 0.005
0.725 0.111 0 0.005
0.725 0.858 0 0.005
0.725 0.977 0 0.005
0.726 0.03 0 0.005
0.726 0.166 0 0.005
0.726 0.305 0 0.005
0.726 0.746 0 0.005
0.726 0.914 0 0.005
0.727 0.08 0 0.005
0.727 0.124 0 0.005
0.727 0.346 0 0.005
0.727 0.397 0 0.005
0.727 0.687 0 0.005
0.728 0.963 0 0.005
0.729 0.004 0 0.005
0.729 0.372 0 0.005
0.729 0.875 0 0.005
0.73 0.138 0 0.005
0.73 0.478 0 0.005
0.73 0.498 0 0.005
0.73 0.768 0 0.005
0.73 0.897 0 0.005
0.731 0.73 0 0.005
0.732 0.176 0 0.005
0.732 0.423 0 0.005
0.733 0.255 0 0.005
0.734 0.359 0 0.005
0.734 0.544 0 0.005
0.734 0.662 0 0.005
0.735 0.114 0 0.005
0.736 0.692 0 0.005
0.737 0.093 0 0.005
0.737 0.196 0 0.005
0.738 0.074 0 0.005
0.738 0.447 0 0.005
0.739 0.124 0 0.005
0.739 0.282 0 0.005
0.739 0.56 0 0.005
0.739 0.751 0 0.005
0.74 0.739 0 0.005
0.74 0.804 0 0.005
0.74 0.819 0 0.005
0.74 0.834 0 0.005
0.74 0.976 0 0.005
0.741 0.472 0 0.005
0.741 0.9981904761904762 0 0.005
0.742 0.5 0 0.005
0.742 0.647 0 0.005
0.742 0.708 0 0.005
0.743 0.146 0 0.005
0.743 0.231 0 0.005
0.743 0.347 0 0.005
0.743 0.965 0 0.005
0.744 0.217 0 0.005
0.744 0.987 0 0.005
0.745 0.014 0 0.005
0.745 0.172 0 0.005
0.745 0.249 0 0.005
0.745 0.598 0 0.005
0.745 0.785 0 0.005
0.746 0.028 0 0.005
0.746 0.518 0 0.005
0.746 0.633 0 0.005
0.746 0.847 0 0.005
0.747 0.424 0 0.005
0.747 0.612 0 0.005
0.747 0.0004166666666666667 0 0.005
0.748 0.198 0 0.005
0.748 0.492 0 0.005
0.748 0.554 0 0.005
0.748 0.568 0 0.005
0.749 0.316 0 0.005
0.749 0.4 0 0.005
0.75 0.187 0 0.005
0.75 0.363 0 0.005
0.75 0.673 0 0.005
0.75 0.864 0 0.005
0.75 0.949 0 0.005
0.751 0.385 0 0.005
0.751 0.581 0 0.005
0.752 0.061 0 0.005
0.752 0.749 0 0.005
0.753 0.079 0 0.005
0.753 0.282 0 0.005
0.753 0.442 0 0.005
0.753 0.476 0 0.005
0.755 0.266 0 0.005
0.755 0.345 0 0.005
0.755 0.787 0 0.005
0.755 0.891 0 0.005
0.756 0.112 0 0.005
0.756 0.297 0 0.005
0.756 0.804 0 0.005
0.758 0.321 0 0.005
0.758 0.409 0 0.005
0.758 0.986 0 0.005
0.759 0.044 0 0.005
0.759 0.231 0 0.005
0.759 0.502 0 0.005
0.759 0.561 0 0.005
0.759 0.614 0 0.005
0.759 0.722 0 0.005
0.759 0.766 0 0.005
0.759 0.921 0 0.005
0.759 0.965 0 0.005
0.759 0.9967708333333334 0 0.005
0.76 0.245 0 0.005
0.76 0.42 0 0.005
0.76 0.905 0 0.005
0.761 0.054 0 0.005
0.761 0.126 0 0.005
0.761 0.364 0 0.005
0.761 0.598 0 0.005
0.761 0.69 0 0.005
0.762 0.026 0 0.005
0.762 0.579 0 0.005
0.763 0.08 0 0.005
0.763 0.826 0 0.005
0.763 0.848 0 0.005
0.766 0.51 0 0.005
0.766 0.777 0 0.005
0.766 0.94 0 0.005
0.767 0.135 0 0.005
0.767 0.76 0 0.005
0.768 0.161 0 0.005
0.768 0.301 0 0.005
0.769 0.409 0 0.005
0.769 0.543 0 0.005
0.769 0.629 0 0.005
0.769 0.708 0 0.005
0.769 0.744 0 0.005
0.769 0.805 0 0.005
0.77 0.149 0 0.005
0.77 0.182 0 0.005
0.77 0.287 0 0.005
0.771 0.033 0 0.005
0.771 0.093 0 0.005
0.771 0.371 0 0.005
0.771 0.481 0 0.005
0.771 0.791 0 0.005
0.771 0.95 0 0.005
0.771 0.976 0 0.005
0.773 0.264 0 0.005
0.773 0.586 0 0.005
0.773 0.842 0 0.005
0.773 0.858 0 0.005
0.774 0.341 0 0.005
0.774 0.562 0 0.005
0.774 0.648 0 0.005
0.774 0.672 0 0.005
0.775 0.604 0 0.005
0.775 0.721 0 0.005
0.775 0.899 0 0.005
0.776 0.198 0 0.005
0.776 0.381 0 0.005
0.776 0.692 0 0.005
0.777 0.083 0 0.005
0.777 0.125 0 0.005
0.777 0.426 0 0.005
0.777 0.505 0 0.005
0.777 0.77 0 0.005
0.777 0.0004166666666666667 0 0.005
0.779 0.409 0 0.005
0.779 0.799 0 0.005
0.78 0.292 0 0.005
0.78 0.9981904761904762 0 0.005
0.781 0.07 0 0.005
0.781 0.575 0 0.005
0.781 0.889 0 0.005
0.782 0.105 0 0.005
0.782 0.218 0 0.005
0.782 0.464 0 0.005
0.782 0.616 0 0.005
0.783 0.053 0 0.005
0.783 0.162 0 0.005
0.783 0.859 0 0.005
0.784 0.266 0 0.005
0.784 0.366 0 0.005
0.784 0.45 0 0.005
0.784 0.699 0 0.005
0.784 0.737 0 0.005
0.784 0.826 0 0.005
0.785 0.912 0 0.005
0.785 0.956 0 0.005
0.786 0.172 0 0.005
0.786 0.606 0 0.005
0.786 0.776 0 0.005
0.787 0.284 0 0.005
0.787 0.318 0 0.005
0.787 0.481 0 0.005
0.787 0.644 0 0.005
0.787 0.928 0 0.005
0.788 0.431 0 0.005
0.788 0.634 0 0.005
0.789 0.038 0 0.005
0.789 0.247 0 0.005
0.79 0.201 0 0.005
0.79 0.397 0 0.005
0.79 0.943 0 0.005
0.791 0.376 0 0.005
0.792 0.123 0 0.005
0.792 0.837 0 0.005
0.793 0.966 0 0.005
0.794 0.495 0 0.005
0.794 0.53 0 0.005
0.794 0.55 0 0.005
0.794 0.801 0 0.005
0.795 0.439 0 0.005
0.795 0.575 0 0.005
0.795 0.687 0 0.005
0.795 0.977 0 0.005
0.795 0.99 0 0.005
0.796 0.306 0 0.005
0.797 0.294 0 0.005
0.797 0.706 0 0.005
0.797 0.735 0 0.005
0.797 0.852 0 0.005
0.798 0.279 0 0.005
0.798 0.33 0 0.005
0.798 0.595 0 0.005
0.798 0.956 0 0.005
0.799 0.014 0 0.005
0.799 0.04 0 0.005
0.799 0.232 0 0.005
0.799 0.653 0 0.005
0.8 0.079 0 0.005
0.8 0.242 0 0.005
0.8 0.267 0 0.005
0.8 0.343 0 0.005
0.8 0.616 0 0.005
0.801 0.429 0 0.005
0.801 0.809 0 0.005
0.802 0.401 0 0.005
0.802 0.417 0 0.005
0.803 0.173 0 0.005
0.803 0.746 0 0.005
0.803 0.79 0 0.005
0.804 0.494 0 0.005
0.804 0.569 0 0.005
0.805 0.715 0 0.005
0.806 0.206 0 0.005
0.806 0.882 0 0.005
0.807 0.671 0 0.005
0.807 0.832 0 0.005
0.807 0.961 0 0.005
0.808 0.187 0 0.005
0.808 0.311 0 0.005
0.808 0.849 0 0.005
0.809 0.045 0 0.005
0.809 0.165 0 0.005
0.81 0.011 0 0.005
0.81 0.225 0 0.005
0.81 0.698 0 0.005
0.811 0.389 0 0.005
0.812 0.772 0 0.005
0.812 0.906 0 0.005
0.813 0.371 0 0.005
0.813 0.468 0 0.005
0.813 0.649 0 0.005
0.813 0.752 0 0.005
0.814 0.118 0 0.005
0.814 0.253 0 0.005
0.814 0.283 0 0.005
0.814 0.328 0 0.005
0.814 0.928 0 0.005
0.816 0.033 0 0.005
0.816 0.133 0 0.005
0.817 0.07 0 0.005
0.818 0.305 0 0.005
0.818 0.423 0 0.005
0.818 0.796 0 0.005
0.819 0.266 0 0.005
0.819 0.294 0 0.005
0.819 0.525 0 0.005
0.819 0.676 0 0.005
0.819 0.806 0 0.005
0.82 0.191 0 0.005
0.82 0.717 0 0.005
0.82 0.737 0 0.005
0.82 0.778 0 0.005
0.82 0.966 0 0.005
0.821 0.089 0 0.005
0.821 0.214 0 0.005
0.822 0.229 0 0.005
0.822 0.872 0 0.005
0.823 0.51 0 0.005
0.823 0.83 0 0.005
0.824 0.917 0 0.005
0.825 0.379 0 0.005
0.825 0.623 0 0.005
0.825 0.698 0 0.005
0.825 0.886 0 0.005
0.826 0.246 0 0.005
0.827 0.344 0 0.005
0.827 0.638 0 0.005
0.827 0.708 0 0.005
0.828 0.441 0 0.005
0.828 0.461 0 0.005
0.828 0.763 0 0.005
0.829 0.163 0 0.005
0.829 0.496 0 0.005
0.829 0.577 0 0.005
0.829 0.808 0 0.005
0.829 0.995 0 0.005
0.83 0.718 0 0.005
0.83 0.903 0 0.005
0.831 0.048 0 0.005
0.831 0.671 0 0.005
0.832 0.124 0 0.005
0.832 0.177 0 0.005
0.832 0.255 0 0.005
0.832 0.789 0 0.005
0.833 0.266 0 0.005
0.833 0.477 0 0.005
0.833 0.774 0 0.005
0.834 0.103 0 0.005
0.834 0.233 0 0.005
0.834 0.401 0 0.005
0.835 0.005 0 0.005
0.835 0.376 0 0.005
0.835 0.753 0 0.005
0.836 0.6 0 0.005
0.836 0.621 0 0.005
0.836 0.934 0 0.005
0.836 0.967 0 0.005
0.837 0.316 0 0.005
0.837 0.852 0 0.005
0.838 0.038 0 0.005
0.838 0.338 0 0.005
0.838 0.527 0 0.005
0.838 0.881 0 0.005
0.839 0.14 0 0.005
0.839 0.207 0 0.005
0.84 0.9967708333333334 0 0.005
0.841 0.496 0 0.005
0.841 0.512 0 0.005
0.841 0.828 0 0.005
0.842 0.689 0 0.005
0.843 0.024 0 0.005
0.844 0.248 0 0.005
0.845 0.172 0 0.005
0.845 0.226 0 0.005
0.845 0.46 0 0.005
0.846 0.126 0 0.005
0.846 0.331 0 0.005
0.846 0.603 0 0.005
0.846 0.72 0 0.005
0.847 0.11 0 0.005
0.847 0.157 0 0.005
0.847 0.657 0 0.005
0.847 0.7 0 0.005
0.847 0.738 0 0.005
0.849 0.141 0 0.005
0.849 0.549 0 0.005
0.849 0.794 0 0.005
0.849 0.82 0 0.005
0.849 0.901 0 0.005
0.85 0.531 0 0.005
0.851 0.35 0 0.005
0.852 0.092 0 0.005
0.852 0.269 0 0.005
0.852 0.416 0 0.005
0.852 0.611 0 0.005
0.852 0.683 0 0.005
0.853 0.0033125 0 0.005
0.853 0.209 0 0.005
0.853 0.879 0 0.005
0.853 0.912 0 0.005
0.854 0.476 0 0.005
0.854 0.853 0 0.005
0.854 0.864 0 0.005
0.855 0.031 0 0.005
0.855 0.595 0 0.005
0.855 0.832 0 0.005
0.855 0.9972564102564103 0 0.005
0.856 0.225 0 0.005
0.856 0.326 0 0.005
0.856 0.776 0 0.005
0.856 0.944 0 0.005
0.856 0.958 0 0.005
0.857 0.014 0 0.005
0.857 0.297 0 0.005
0.857 0.465 0 0.005
0.857 0.573 0 0.005
0.858 0.124 0 0.005
0.858 0.338 0 0.005
0.858 0.524 0 0.005
0.858 0.735 0 0.005
0.858 0.888 0 0.005
0.859 0.054 0 0.005
0.859 0.664 0 0.005
0.859 0.699 0 0.005
0.86 0.189 0 0.005
0.86 0.71 0 0.005
0.861 0.256 0 0.005
0.861 0.762 0 0.005
0.862 0.11 0 0.005
0.862 0.421 0 0.005
0.862 0.82 0 0.005
0.863 0.379 0 0.005
0.864 0.494 0 0.005
0.864 0.783 0 0.005
0.865 0.268 0 0.005
0.865 0.561 0 0.005
0.865 0.802 0 0.005
0.865 0.87 0 0.005
0.865 0.919 0 0.005
0.866 0.483 0 0.005
0.866 0.685 0 0.005
0.866 0.88 0 0.005
0.866 0.966 0 0.005
0.867 0.64 0 0.005
0.868 0.021 0 0.005
0.868 0.139 0 0.005
0.868 0.179 0 0.005
0.868 0.292 0 0.005
0.868 0.316 0 0.005
0.868 0.43 0 0.005
0.868 0.543 0 0.005
0.868 0.622 0 0.005
0.868 0.738 0 0.005
0.868 0.89 0 0.005
0.869 0.726 0 0.005
0.869 0.844 0 0.005
0.871 0.056 0 0.005
0.872 0.112 0 0.005
0.872 0.947 0 0.005
0.873 0.814 0 0.005
0.873 0.927 0 0.005
0.874 0.195 0 0.005
0.874 0.335 0 0.005
0.874 0.372 0 0.005
0.874 0.91 0 0.005
0.874 0.978 0 0.005
0.875 0.249 0 0.005
0.875 0.347 0 0.005
0.875 0.389 0 0.005
0.875 0.509 0 0.005
0.875 0.699 0 0.005
0.876 0.042 0 0.005
0.876 0.154 0 0.005
0.876 0.452 0 0.005
0.876 0.877 0 0.005
0.877 0.525 0 0.005
0.877 0.582 0 0.005
0.878 0.277 0 0.005
0.878 0.792 0 0.005
0.879 0.753 0 0.005
0.879 0.855 0 0.005
0.879 0.966 0 0.005
0.88 0.212 0 0.005
0.88 0.436 0 0.005
0.88 0.56 0 0.005
0.88 0.657 0 0.005
0.881 0.061 0 0.005
0.882 0.356 0 0.005
0.883 0.226 0 0.005
0.883 0.742 0 0.005
0.884 0.091 0 0.005
0.884 0.606 0 0.005
0.885 0.129 0 0.005
0.885 0.24 0 0.005
0.885 0.305 0 0.005
0.885 0.327 0 0.005
0.885 0.49 0 0.005
0.885 0.94 0 0.005
0.886 0.108 0 0.005
0.886 0.175 0 0.005
0.886 0.382 0 0.005
0.886 0.828 0 0.005
0.887 0.471 0 0.005
0.887 0.623 0 0.005
0.888 0.972 0 0.005
0.889 0.07 0 0.005
0.889 0.421 0 0.005
0.889 0.636 0 0.005
0.889 0.987 0 0.005
0.89 0.5 0 0.005
0.891 0.046 0 0.005
0.891 0.288 0 0.005
0.891 0.816 0 0.005
0.892 0.117 0 0.005
0.892 0.266 0 0.005
0.892 0.342 0 0.005
0.892 0.701 0 0.005
0.892 0.75 0 0.005
0.892 0.894 0 0.005
0.893 0.6 0 0.005
0.893 0.858 0 0.005
0.894 0.035 0 0.005
0.894 0.437 0 0.005
0.894 0.764 0 0.005
0.893 0.9985833333333334 0 0.005
0.895 0.374 0 0.005
0.895 0.512 0 0.005
0.895 0.94 0 0.005
0.896 0.249 0 0.005
0.896 0.669 0 0.005
0.896 0.74 0 0.005
0.897 0.014 0 0.005
0.897 0.841 0 0.005
0.897 0.868 0 0.005
0.898 0.1 0 0.005
0.898 0.385 0 0.005
0.898 0.556 0 0.005
0.899 0.002719298245614035 0 0.005
0.899 0.132 0 0.005
0.899 0.299 0 0.005
0.899 0.53 0 0.005
0.899 0.686 0 0.005
0.899 0.796 0 0.005
0.9 0.147 0 0.005
0.9 0.451 0 0.005
0.9 0.47 0 0.005
0.9 0.494 0 0.005
0.9 0.592 0 0.005
0.901 0.322 0 0.005
0.901 0.545 0 0.005
0.902 0.811 0 0.005
0.902 0.9 0 0.005
0.903 0.618 0 0.005
0.903 0.759 0 0.005
0.904 0.06 0 0.005
0.904 0.44 0 0.005
0.904 0.726 0 0.005
0.904 0.78 0 0.005
0.905 0.023 0 0.005
0.905 0.091 0 0.005
0.905 0.821 0 0.005
0.906 0.17 0 0.005
0.906 0.213 0 0.005
0.906 0.575 0 0.005
0.906 0.636 0 0.005
0.906 0.942 0 0.005
0.906 0.974 0 0.005
0.907 0.195 0 0.005
0.907 0.875 0 0.005
0.908 0.044 0 0.005
0.908 0.25 0 0.005
0.908 0.563 0 0.005
0.909 0.427 0 0.005
0.91 0.004 0 0.005
0.91 0.596 0 0.005
0.911 0.155 0 0.005
0.911 0.237 0 0.005
0.911 0.293 0 0.005
0.912 0.276 0 0.005
0.912 0.611 0 0.005
0.913 0.016 0 0.005
0.913 0.303 0 0.005
0.914 0.261 0 0.005
0.914 0.644 0 0.005
0.915 0.391 0 0.005
0.915 0.552 0 0.005
0.916 0.451 0 0.005
0.916 0.776 0 0.005
0.916 0.955 0 0.005
0.916 0.965 0 0.005
0.917 0.095 0 0.005
0.917 0.694 0 0.005
0.917 0.845 0 0.005
0.918 0.046 0 0.005
0.918 0.063 0 0.005
0.918 0.217 0 0.005
0.918 0.337 0 0.005
0.918 0.911 0 0.005
0.919 0.583 0 0.005
0.919 0.921 0 0.005
0.92 0.132 0 0.005
0.92 0.201 0 0.005
0.92 0.245 0 0.005
0.921 0.465 0 0.005
0.921 0.527 0 0.005
0.921 0.881 0 0.005
0.922 0.484 0 0.005
0.923 0.758 0 0.005
0.923 0.793 0 0.005
0.924 0.144 0 0.005
0.924 0.383 0 0.005
0.926 0.036 0 0.005
0.926 0.053 0 0.005
0.926 0.573 0 0.005
0.927 0.01 0 0.005
0.927 0.085 0 0.005
0.927 0.276 0 0.005
0.927 0.5 0 0.005
0.927 0.555 0 0.005
0.927 0.704 0 0.005
0.927 0.945 0 0.005
0.928 0.983 0 0.005
0.929 0.303 0 0.005
0.929 0.437 0 0.005
0.93 0.103 0 0.005
0.93 0.849 0 0.005
0.931 0.232 0 0.005
0.931 0.721 0 0.005
0.931 0.967 0 0.005
0.932 0.348 0 0.005
0.932 0.538 0 0.005
0.932 0.67 0 0.005
0.932 0.688 0 0.005
0.933 0.608 0 0.005
0.934 0.595 0 0.005
0.934 0.995 0 0.005
0.935 0.814 0 0.005
0.935 0.84 0 0.005
0.937 0.022 0 0.005
0.937 0.791 0 0.005
0.937 0.871 0 0.005
0.938 0.131 0 0.005
0.938 0.247 0 0.005
0.938 0.257 0 0.005
0.938 0.584 0 0.005
0.938 0.895 0 0.005
0.938 0.935 0 0.005
0.939 0.158 0 0.005
0.941 0.208 0 0.005
0.941 0.286 0 0.005
0.941 0.334 0 0.005
0.941 0.451 0 0.005
0.941 0.822 0 0.005
0.942 0.01 0 0.005
0.942 0.748 0 0.005
0.942 0.965 0 0.005
0.943 0.033 0 0.005
0.943 0.091 0 0.005
0.943 0.389 0 0.005
0.943 0.615 0 0.005
0.943 0.646 0 0.005
0.943 0.907 0 0.005
0.944 0.068 0 0.005
0.944 0.121 0 0.005
0.945 0.369 0 0.005
0.945 0.732 0 0.005
0.945 0.987 0 0.005
0.946 0.379 0 0.005
0.946 0.517 0 0.005
0.946 0.665 0 0.005
0.946 0.722 0 0.005
0.946 0.803 0 0.005
0.946 0.929 0 0.005
0.947 0.276 0 0.005
0.948 0.996280701754386 0 0.005
0.949 0.322 0 0.005
0.949 0.458 0 0.005
0.949 0.636 0 0.005
0.949 0.777 0 0.005
0.949 0.789 0 0.005
0.95 0.302 0 0.005
0.95 0.852 0 0.005
0.951 0.422 0 0.005
0.951 0.84 0 0.005
0.952 0.002719298245614035 0 0.005
0.952 0.44 0 0.005
0.952 0.871 0 0.005
0.953 0.083 0 0.005
0.953 0.16 0 0.005
0.953 0.62 0 0.005
0.953 0.7 0 0.005
0.953 0.71 0 0.005
0.954 0.352 0 0.005
0.954 0.585 0 0.005
0.954 0.962 0 0.005
0.955 0.036 0 0.005
0.955 0.386 0 0.005
0.955 0.916 0 0.005
0.957 0.603 0 0.005
0.958 0.238 0 0.005
0.958 0.464 0 0.005
0.958 0.505 0 0.005
0.958 0.863 0 0.005
0.958 0.896 0 0.005
0.959 0.017 0 0.005
0.96 0.212 0 0.005
0.96 0.651 0 0.005
0.961 0.068 0 0.005
0.962 0.29 0 0.005
0.962 0.396 0 0.005
0.962 0.561 0 0.005
0.962 0.754 0 0.005
0.962 0.979 0 0.005
0.963 0.148 0 0.005
0.964 0.131 0 0.005
0.964 0.259 0 0.005
0.965 0.165 0 0.005
0.965 0.538 0 0.005
0.965 0.922 0 0.005
0.967 0.222 0 0.005
0.967 0.512 0 0.005
0.967 0.525 0 0.005
0.967 0.549 0 0.005
0.967 0.634 0 0.005
0.967 0.886 0 0.005
0.968 0.584 0 0.005
0.968 0.612 0 0.005
0.969 0.362 0 0.005
0.969 0.809 0 0.005
0.969 0.871 0 0.005
0.97 0.196 0 0.005
0.97 0.568 0 0.005
0.97 0.71 0 0.005
0.972 0.67 0 0.005
0.972 0.783 0 0.005
0.973 0.325 0 0.005
0.973 0.474 0 0.005
0.973 0.595 0 0.005
0.974 0.01 0 0.005
0.974 0.28 0 0.005
0.974 0.896 0 0.005
0.975 0.423 0 0.005
0.976 0.0008095238095238096 0 0.005
0.976 0.8 0 0.005
0.976 0.829 0 0.005
0.977 0.147 0 0.005
0.977 0.158 0 0.005
0.977 0.307 0 0.005
0.977 0.547 0 0.005
0.977 0.722 0 0.005
0.977 0.748 0 0.005
0.978 0.294 0 0.005
0.978 0.411 0 0.005
0.979 0.032 0 0.005
0.979 0.067 0 0.005
0.979 0.101 0 0.005
0.979 0.183 0 0.005
0.979 0.365 0 0.005
0.979 0.578 0 0.005
0.98 0.047 0 0.005
0.98 0.17 0 0.005
0.98 0.257 0 0.005
0.98 0.774 0 0.005
0.981 0.461 0 0.005
0.981 0.848 0 0.005
0.981 0.866 0 0.005
0.981 0.9956875 0 0.005
0.982 0.21 0 0.005
0.982 0.69 0 0.005
0.982 0.927 0 0.005
0.983 0.347 0 0.005
0.983 0.566 0 0.005
0.983 0.626 0 0.005
0.983 0.977 0 0.005
0.984 0.275 0 0.005
0.984 0.663 0 0.005
0.985 0.22 0 0.005
0.985 0.319 0 0.005
0.985 0.479 0 0.005
0.985 0.591 0 0.005
0.986 0.727 0 0.005
0.987 0.525 0 0.005
0.988 0.137 0 0.005
0.988 0.431 0 0.005
0.988 0.469 0 0.005
0.989 0.092 0 0.005
0.989 0.358 0 0.005
0.989 0.578 0 0.005
0.989 0.854 0 0.005
0.99 0.404 0 0.005
0.99 0.709 0 0.005
0.99 0.884 0 0.005
0.991 0.074 0 0.005
0.991 0.764 0 0.005
0.991 0.961 0 0.005
0.992 0.931 0 0.005
0.993 0.176 0 0.005
0.993 0.555 0 0.005
0.994 0.256 0 0.005
0.994 0.306 0 0.005
0.995 0.027 0 0.005
0.995 0.62 0 0.005
0.9956875 0.158 0 0.005
0.9956875 0.683 0 0.005
0.9956875 0.737 0 0.005
0.996280701754386 0.017 0 0.005
0.996280701754386 0.281 0 0.005
0.996280701754386 0.453 0 0.005
0.9967708333333334 0.194 0 0.005
0.9967708333333334 0.667 0 0.005
0.9967708333333334 0.809 0 0.005
0.9972564102564103 0.861 0 0.005
0.9977333333333334 0.502 0 0.005
0.9977333333333334 0.609 0 0.005
0.9977333333333334 0.651 0 0.005
0.9977333333333334 0.977 0 0.005
0.9981904761904762 0.101 0 0.005
0.9981904761904762 0.524 0 0.005
0.9981904761904762 0.599 0 0.005
0.9981904761904762 0.797 0 0.005
0.9981904761904762 0.879 0 0.005
0.9981904761904762 0.919 0 0.005
0.9986 0.0008 0 0.005
0.9985833333333334 0.13 0 0.005
0.9985833333333334 0.204 0 0.005
0.9985833333333334 0.223 0 0.005
0.9985833333333334 0.344 0 0.005
0.9985833333333334 0.991 0 0.005
0.999 0.15 0 0.005
0.999 0.641 0 0.005
0.999 0.782 0 0.005
0.999 0.938 0 0.005
