0.003268292682926829 0.025 0 0.005
0.003763440860215054 0.057 0 0.005
0.0022833333333333334 0.115 0 0.005
0.004727777777777778 0.1373388888888889 0 0.005
0.00434313725490196 0.156 0 0.005
0.007128712871287129 0.17660396039603962 0 0.005
0.0027746478873239434 0.197 0 0.005
0.0022833333333333334 0.211 0 0.005
0.0027746478873239434 0.23 0 0.005
0.0022833333333333334 0.242 0 0.005
0.0027746478873239434 0.255 0 0.005
0.006539267015706806 0.27570680628272254 0 0.005
0.003268292682926829 0.294 0 0.005
0.0022833333333333334 0.306 0 0.005
0.013246666666666667 0.3320966666666667 0 0.005
0.00434313725490196 0.403 0 0.005
0.0027746478873239434 0.415 0 0.005
0.003763440860215054 0.427 0 0.005
0.008 0.4523333333333333 0 0.005
0.003268292682926829 0.485 0 0.005
0.00434313725490196 0.499 0 0.005
0.005 0.516 0 0.005
0.003268292682926829 0.531 0 0.005
0.0027746478873239434 0.568 0 0.005
0.0022833333333333334 0.584 0 0.005
0.008163316582914573 0.603248743718593 0 0.005
0.0027746478873239434 0.65 0 0.005
0.0027746478873239434 0.673 0 0.005
0.0022833333333333334 0.685 0 0.005
0.003268292682926829 0.697 0 0.005
0.003268292682926829 0.709 0 0.005
0.0022833333333333334 0.757 0 0.005
0.00434313725490196 0.769 0 0.005
0.003763440860215054 0.789 0 0.005
0.0022833333333333334 0.808 0 0.005
0.0027746478873239434 0.824 0 0.005
0.0022833333333333334 0.843 0 0.005
0.003763440860215054 0.871 0 0.005
0.0022833333333333334 0.896 0 0.005
0.003268292682926829 0.913 0 0.005
0.0022833333333333334 0.926 0 0.005
0.007868995633187773 0.9500720524017467 0 0.005
0.0022833333333333334 0.992 0 0.005
0.006 0.038 0 0.005
0.006 0.079 0 0.005
0.010333333333333333 0.731 0 0.005
0.012 0.0975 0 0.005
0.007 0.318 0 0.005
0.016666666666666666 0.3476666666666667 0 0.005
0.007 0.385 0 0.005
0.007 0.546 0 0.005
0.007 0.885 0 0.005
0.007 0.979 0 0.005
0.0145 0.373 0 0.005
0.0135 0.479 0 0.005
0.018333333333333333 0.8683333333333334 0 0.005
0.011 0.006 0 0.005
0.011 0.632 0 0.005
0.012 0.219 0 0.005
0.012 0.241 0 0.005
0.012 0.897 0 0.005
0.013 0.201 0 0.005
0.024 0.4085 0 0.005
0.013 0.802 0 0.005
0.013 0.833 0 0.005
0.0185 0.8435 0 0.005
0.019 0.0215 0 0.005
0.014 0.305 0 0.005
0.014 0.565 0 0.005
0.014 0.681 0 0.005
0.014 0.819 0 0.005
0.014 0.992 0 0.005
0.015 0.148 0 0.005
0.026 0.6083333333333334 0 0.005
0.015 0.647 0 0.005
0.016 0.064 0 0.005
0.016 0.187 0 0.005
0.016 0.291 0 0.005
0.016 0.659 0 0.005
0.016 0.701 0 0.005
0.016 0.785 0 0.005
0.016 0.922 0 0.005
0.017 0.263 0 0.005
0.017 0.497 0 0.005
0.017 0.766 0 0.005
0.018 0.512 0 0.005
0.018 0.553 0 0.005
0.018 0.577 0 0.005
0.018 0.75 0 0.005
0.018 0.91 0 0.005
0.019 0.121 0 0.005
0.019 0.528 0 0.005
0.02 0.045 0 0.005
0.02 0.424 0 0.005
0.02 0.718 0 0.005
0.021 0.085 0 0.005
0.022 0.392 0 0.005
0.023 0.44 0 0.005
0.023 0.81 0 0.005
0.024 0.01 0 0.005
0.0295 0.2495 0 0.005
0.024 0.278 0 0.005
0.024 0.854 0 0.005
0.024 0.971 0 0.005
0.0285 0.987 0 0.005
0.025 0.2 0 0.005
0.025 0.236 0 0.005
0.025 0.457 0 0.005
0.0305 0.6915 0 0.005
0.0315 0.136 0 0.005
0.026 0.215 0 0.005
0.026 0.597 0 0.005
0.027 0.178 0 0.005
0.027 0.472 0 0.005
0.027 0.632 0 0.005
0.027 0.794 0 0.005
0.028 0.064 0 0.005
0.028 0.157 0 0.005
0.0315 0.827 0 0.005
0.037333333333333336 0.9506666666666667 0 0.005
0.029 0.293 0 0.005
0.029 0.663 0 0.005
0.029 0.736 0 0.005
0.03 0.102 0 0.005
0.03 0.356 0 0.005
0.03 0.369 0 0.005
0.03 0.499 0 0.005
0.03 0.543 0 0.005
0.034 0.6495 0 0.005
0.03 0.707 0 0.005
0.03 0.753 0 0.005
0.031 0.264 0 0.005
0.039 0.551 0 0.005
0.031 0.573 0 0.005
0.035 0.7755 0 0.005
0.031 0.919 0 0.005
0.031 0.934 0 0.005
0.0365 0.115 0 0.005
0.0365 0.422 0 0.005
0.032 0.527 0 0.005
0.032 0.897 0 0.005
0.033 0.0027746478873239434 0 0.005
0.033 0.039 0 0.005
0.033 0.311 0 0.005
0.033 0.511 0 0.005
0.0395 0.3825 0 0.005
0.034 0.676 0 0.005
0.035 0.226 0 0.005
0.036 0.026 0 0.005
0.036 0.487 0 0.005
0.036 0.966 0 0.005
0.037 0.014 0 0.005
0.037 0.148 0 0.005
0.037 0.203 0 0.005
0.0395 0.4415 0 0.005
0.042666666666666665 0.084 0 0.005
0.038 0.187 0 0.005
0.038 0.814 0 0.005
0.038 0.856 0 0.005
0.0425 0.3275 0 0.005
0.04 0.869 0 0.005
0.041 0.051 0 0.005
0.041 0.28 0 0.005
0.041 0.294 0 0.005
0.041 0.719 0 0.005
0.042 0.351 0 0.005
0.042 0.641 0 0.005
0.052333333333333336 0.7536666666666666 0 0.005
0.042 0.8 0 0.005
0.042 0.884 0 0.005
0.04933333333333333 0.9756666666666667 0 0.005
0.043 0.499 0 0.005
0.043 0.591 0 0.005
0.043 0.844 0 0.005
0.046 0.9215 0 0.005
0.055 0.6983333333333334 0 0.005
0.044 0.784 0 0.005
0.045 0.365 0 0.005
0.045 0.902 0 0.005
0.046 0.159 0 0.005
0.046 0.233 0 0.005
0.046 0.31 0 0.005
0.046 0.524 0 0.005
0.046 0.564 0 0.005
0.046 0.576 0 0.005
0.047 0.172 0 0.005
0.047 0.463 0 0.005
0.047 0.626 0 0.005
0.048 0.21 0 0.005
0.049 0.062 0 0.005
0.05 0.007 0 0.005
0.05 0.02 0 0.005
0.0555 0.037 0 0.005
0.05 0.259 0 0.005
0.05 0.446 0 0.005
0.05 0.659 0 0.005
0.05 0.679 0 0.005
0.05 0.737 0 0.005
0.051 0.246 0 0.005
0.051 0.478 0 0.005
0.051 0.51 0 0.005
0.052 0.49 0 0.005
0.052 0.613 0 0.005
0.052 0.77 0 0.005
0.053 0.102 0 0.005
0.053 0.297 0 0.005
0.053 0.321 0 0.005
0.053 0.398 0 0.005
0.053 0.9967166666666667 0 0.005
0.054 0.115 0 0.005
0.054 0.128 0 0.005
0.054 0.14 0 0.005
0.054 0.282 0 0.005
0.054 0.554 0 0.005
0.054 0.72 0 0.005
0.055 0.195 0 0.005
0.06333333333333334 0.41833333333333333 0 0.005
0.055 0.432 0 0.005
0.055 0.594 0 0.005
0.055 0.892 0 0.005
0.055 0.946 0 0.005
0.056 0.22 0 0.005
0.056 0.638 0 0.005
0.056 0.795 0 0.005
0.057 0.531 0 0.005
0.057 0.817 0 0.005
0.0625 0.827 0 0.005
0.0595 0.8475 0 0.005
0.06833333333333333 0.049666666666666665 0 0.005
0.058 0.876 0 0.005
0.059 0.383 0 0.005
0.06 0.169 0 0.005
0.0655 0.3415 0 0.005
0.06 0.904 0 0.005
0.06 0.958 0 0.005
0.061 0.063 0 0.005
0.061 0.086 0 0.005
0.061 0.457 0 0.005
0.061 0.579 0 0.005
0.061 0.652 0 0.005
0.061 0.666 0 0.005
0.061 0.917 0 0.005
0.062 0.0022833333333333334 0 0.005
0.062 0.261 0 0.005
0.063 0.013 0 0.005
0.063 0.242 0 0.005
0.063 0.362 0 0.005
0.0665 0.494 0 0.005
0.0675 0.523 0 0.005
0.064 0.156 0 0.005
0.064 0.472 0 0.005
0.064 0.97 0 0.005
0.065 0.181 0 0.005
0.065 0.307 0 0.005
0.065 0.615 0 0.005
0.0695 0.676 0 0.005
0.065 0.778 0 0.005
0.0715 0.1315 0 0.005
0.066 0.287 0 0.005
0.066 0.933 0 0.005
0.067 0.108 0 0.005
0.067 0.211 0 0.005
0.067 0.729 0 0.005
0.067 0.862 0 0.005
0.068 0.324 0 0.005
0.068 0.567 0 0.005
0.068 0.708 0 0.005
0.068 0.983 0 0.005
0.075 0.22366666666666665 0 0.005
0.069 0.745 0 0.005
0.07 0.274 0 0.005
0.07 0.6 0 0.005
0.07 0.637 0 0.005
0.071 0.252 0 0.005
0.0735 0.3985 0 0.005
0.0765 0.4445 0 0.005
0.0765 0.5115 0 0.005
0.071 0.541 0 0.005
0.071 0.896 0 0.005
0.072 0.166 0 0.005
0.072 0.353 0 0.005
0.072 0.588 0 0.005
0.0775 0.7915 0 0.005
0.072 0.805 0 0.005
0.072 0.882 0 0.005
0.073 0.193 0 0.005
0.073 0.956 0 0.005
0.073 0.9952365591397849 0 0.005
0.074 0.119 0 0.005
0.074 0.298 0 0.005
0.074 0.649 0 0.005
0.075 0.077 0 0.005
0.076 0.025 0 0.005
0.076 0.314 0 0.005
0.076 0.374 0 0.005
0.076 0.761 0 0.005
0.076 0.91 0 0.005
0.076 0.922 0 0.005
0.08022485207100591 0.007905325443786982 0 0.005
0.077 0.065 0 0.005
0.077 0.417 0 0.005
0.077 0.555 0 0.005
0.078 0.09 0 0.005
0.078 0.462 0 0.005
0.078 0.848 0 0.005
0.08466666666666667 0.871 0 0.005
0.078 0.934 0 0.005
0.079 0.262 0 0.005
0.079 0.614 0 0.005
0.079 0.718 0 0.005
0.079 0.833 0 0.005
0.08 0.107 0 0.005
0.08 0.476 0 0.005
0.08 0.704 0 0.005
0.08 0.774 0 0.005
0.08 0.819 0 0.005
0.081 0.688 0 0.005
0.081 0.967 0 0.005
0.081 0.983 0 0.005
0.082 0.182 0 0.005
0.082 0.285 0 0.005
0.082 0.599 0 0.005
0.082 0.744 0 0.005
0.08866666666666667 0.33266666666666667 0 0.005
0.0885 0.571 0 0.005
0.083 0.634 0 0.005
0.088 0.1445 0 0.005
0.084 0.502 0 0.005
0.09233333333333332 0.537 0 0.005
0.084 0.898 0 0.005
0.085 0.04 0 0.005
0.085 0.662 0 0.005
0.0905 0.8045 0 0.005
0.085 0.996225352112676 0 0.005
0.086 0.205 0 0.005
0.086 0.674 0 0.005
0.097 0.938 0 0.005
0.088 0.249 0 0.005
0.0935 0.02 0 0.005
0.089 0.169 0 0.005
0.089 0.312 0 0.005
0.089 0.375 0 0.005
0.089 0.489 0 0.005
0.089 0.622 0 0.005
0.089 0.727 0 0.005
0.089 0.921 0 0.005
0.0945 0.768 0 0.005
0.091 0.082 0 0.005
0.091 0.232 0 0.005
0.091 0.273 0 0.005
0.091 0.396 0 0.005
0.091 0.646 0 0.005
0.091 0.712 0 0.005
0.096 0.059666666666666666 0 0.005
0.0965 0.094 0 0.005
0.092 0.128 0 0.005
0.092 0.218 0 0.005
0.092 0.261 0 0.005
0.092 0.431 0 0.005
0.092 0.818 0 0.005
0.093 0.11 0 0.005
0.093 0.292 0 0.005
0.093 0.359 0 0.005
0.093 0.41 0 0.005
0.09866666666666667 0.69 0 0.005
0.094 0.457 0 0.005
0.094 0.588 0 0.005
0.094 0.603 0 0.005
0.094 0.847 0 0.005
0.094 0.983 0 0.005
0.095 0.739 0 0.005
0.096 0.18 0 0.005
0.096 0.192 0 0.005
0.096 0.833 0 0.005
0.096 0.968 0 0.005
0.097 0.036 0 0.005
0.097 0.55 0 0.005
0.097 0.79 0 0.005
0.098 0.00434313725490196 0 0.005
0.098 0.507 0 0.005
0.098 0.752 0 0.005
0.098 0.885 0 0.005
0.098 0.955 0 0.005
0.098 0.9967166666666667 0 0.005
0.099 0.152 0 0.005
0.099 0.304 0 0.005
0.099 0.903 0 0.005
0.1 0.474 0 0.005
0.101 0.349 0 0.005
0.1055 0.425 0 0.005
0.101 0.519 0 0.005
0.11166666666666668 0.6346666666666666 0 0.005
0.101 0.858 0 0.005
0.102 0.653 0 0.005
0.103 0.231 0 0.005
0.103 0.617 0 0.005
0.104 0.257 0 0.005
0.104 0.441 0 0.005
0.104 0.918 0 0.005
0.11225 0.09575 0 0.005
0.106 0.132 0 0.005
0.106 0.167 0 0.005
0.106 0.275 0 0.005
0.106 0.374 0 0.005
0.106 0.388 0 0.005
0.106 0.564 0 0.005
0.106 0.587 0 0.005
0.106 0.825 0 0.005
0.106 0.873 0 0.005
0.106 0.977 0 0.005
0.107 0.025 0 0.005
0.107 0.457 0 0.005
0.11533333333333333 0.672 0 0.005
0.1116039603960396 0.9918712871287129 0 0.005
0.111 0.2065 0 0.005
0.11433333333333333 0.24533333333333335 0 0.005
0.108 0.334 0 0.005
0.108 0.496 0 0.005
0.108 0.781 0 0.005
0.108 0.806 0 0.005
0.1145 0.309 0 0.005
0.109 0.705 0 0.005
0.11433333333333333 0.738 0 0.005
0.109 0.963 0 0.005
0.11 0.717 0 0.005
0.111 0.048 0 0.005
0.1165 0.0615 0 0.005
0.111 0.599 0 0.005
0.111 0.765 0 0.005
0.11656544502617801 0.007680628272251309 0 0.005
0.112 0.549 0 0.005
0.112 0.905 0 0.005
0.113 0.155 0 0.005
0.113 0.346 0 0.005
0.113 0.403 0 0.005
0.113 0.417 0 0.005
0.113 0.481 0 0.005
0.113 0.515 0 0.005
0.113 0.843 0 0.005
0.114 0.181 0 0.005
0.114 0.293 0 0.005
0.114 0.361 0 0.005
0.114 0.531 0 0.005
0.114 0.893 0 0.005
0.114 0.944 0 0.005
0.1205 0.58 0 0.005
0.116 0.614 0 0.005
0.117 0.466 0 0.005
0.118 0.139 0 0.005
0.118 0.169 0 0.005
0.12633333333333333 0.692 0 0.005
0.1205 0.8615 0 0.005
0.118 0.88 0 0.005
0.118 0.932 0 0.005
0.119 0.266 0 0.005
0.119 0.281 0 0.005
0.119 0.799 0 0.005
0.12 0.198 0 0.005
0.12 0.331 0 0.005
0.125 0.4935 0 0.005
0.12675 0.46325 0 0.005
0.125 0.8155 0 0.005
0.121 0.984 0 0.005
0.122 0.032 0 0.005
0.122 0.123 0 0.005
0.122 0.226 0 0.005
0.122 0.392 0 0.005
0.122 0.917 0 0.005
0.123 0.372 0 0.005
0.1255 0.5345 0 0.005
0.123 0.655 0 0.005
0.123 0.713 0 0.005
0.13033333333333336 0.6056666666666666 0 0.005
0.125 0.156 0 0.005
0.1345 0.55775 0 0.005
0.125 0.967 0 0.005
0.126 0.292 0 0.005
0.126 0.319 0 0.005
0.13433333333333333 0.4386666666666667 0 0.005
0.1295 0.509 0 0.005
0.126 0.893 0 0.005
0.127 0.186 0 0.005
0.1305 0.337 0 0.005
0.127 0.779 0 0.005
0.127 0.833 0 0.005
0.1325 0.102 0 0.005
0.128 0.213 0 0.005
0.128 0.407 0 0.005
0.128 0.42 0 0.005
0.128 0.751 0 0.005
0.128 0.947 0 0.005
0.129 0.045 0 0.005
0.129 0.074 0 0.005
0.13 0.359 0 0.005
0.13 0.791 0 0.005
0.13 0.85 0 0.005
0.13 0.934 0 0.005
0.131 0.28 0 0.005
0.132 0.644 0 0.005
0.132 0.763 0 0.005
0.133 0.171 0 0.005
0.133 0.2 0 0.005
0.133 0.306 0 0.005
0.133 0.908 0 0.005
0.133 0.9957317073170732 0 0.005
0.139 0.0295 0 0.005
0.134 0.127 0 0.005
0.134 0.239 0 0.005
0.134 0.268 0 0.005
0.134 0.878 0 0.005
0.135 0.003763440860215054 0 0.005
0.135 0.015 0 0.005
0.135 0.251 0 0.005
0.135 0.377 0 0.005
0.135 0.74 0 0.005
0.136 0.674 0 0.005
0.137 0.142 0 0.005
0.137 0.625 0 0.005
0.141 0.8095 0 0.005
0.143 0.1625 0 0.005
0.138 0.662 0 0.005
0.138 0.727 0 0.005
0.138 0.977 0 0.005
0.139 0.063 0 0.005
0.139 0.086 0 0.005
0.139 0.521 0 0.005
0.139 0.589 0 0.005
0.1445 0.7725 0 0.005
0.143 0.8325 0 0.005
0.1445 0.9205 0 0.005
0.139 0.961 0 0.005
0.14 0.211 0 0.005
0.141 0.352 0 0.005
0.141 0.947 0 0.005
0.142 0.389 0 0.005
0.142 0.424 0 0.005
0.142 0.686 0 0.005
0.143 0.223 0 0.005
0.143 0.533 0 0.005
0.15675 0.84425 0 0.005
0.1475 0.05 0 0.005
0.144 0.113 0 0.005
0.144 0.18 0 0.005
0.144 0.281 0 0.005
0.144 0.365 0 0.005
0.144 0.403 0 0.005
0.144 0.713 0 0.005
0.144 0.891 0 0.005
0.1505 0.301 0 0.005
0.1485 0.493 0 0.005
0.145 0.647 0 0.005
0.145 0.87 0 0.005
0.145 0.906 0 0.005
0.146 0.32 0 0.005
0.146 0.796 0 0.005
0.146 0.991 0 0.005
0.147 0.243 0 0.005
0.147 0.462 0 0.005
0.148 0.511 0 0.005
0.148 0.754 0 0.005
0.153 0.1495 0 0.005
0.149 0.378 0 0.005
0.15 0.009 0 0.005
0.15 0.127 0 0.005
0.15 0.342 0 0.005
0.15 0.561 0 0.005
0.1545 0.612 0 0.005
0.15 0.934 0 0.005
0.151 0.449 0 0.005
0.151 0.732 0 0.005
0.152 0.593 0 0.005
0.152 0.7 0 0.005
0.153 0.091 0 0.005
0.153 0.2 0 0.005
0.1575 0.256 0 0.005
0.157 0.4795 0 0.005
0.153 0.66 0 0.005
0.153 0.971 0 0.005
0.1575 0.417 0 0.005
0.154 0.525 0 0.005
0.154 0.786 0 0.005
0.155 0.188 0 0.005
0.155 0.634 0 0.005
0.155 0.958 0 0.005
0.1615 0.043 0 0.005
0.156 0.273 0 0.005
0.156 0.68 0 0.005
0.156 0.862 0 0.005
0.156 0.896 0 0.005
0.157 0.074 0 0.005
0.157 0.436 0 0.005
0.157 0.575 0 0.005
0.158 0.027 0 0.005
0.158 0.224 0 0.005
0.159 0.109 0 0.005
0.159 0.237 0 0.005
0.159 0.29 0 0.005
0.159 0.316 0 0.005
0.159 0.33 0 0.005
0.159 0.392 0 0.005
0.159 0.818 0 0.005
0.16 0.211 0 0.005
0.16 0.884 0 0.005
0.161 0.358 0 0.005
0.161 0.716 0 0.005
0.161 0.9957317073170732 0 0.005
0.162 0.142 0 0.005
0.162 0.173 0 0.005
0.1655 0.546 0 0.005
0.162 0.562 0 0.005
0.162 0.983 0 0.005
0.163 0.06 0 0.005
0.163 0.346 0 0.005
0.163 0.729 0 0.005
0.1665 0.774 0 0.005
0.163 0.806 0 0.005
0.164 0.379 0 0.005
0.164 0.754 0 0.005
0.164 0.928 0 0.005
0.17233333333333334 0.10066666666666667 0 0.005
0.165 0.601 0 0.005
0.165 0.663 0 0.005
0.165 0.741 0 0.005
0.165 0.941 0 0.005
0.17525 0.122 0 0.005
0.166 0.424 0 0.005
0.166 0.465 0 0.005
0.166 0.509 0 0.005
0.166 0.641 0 0.005
0.166 0.696 0 0.005
0.166 0.916 0 0.005
0.167 0.198 0 0.005
0.167 0.448 0 0.005
0.172 0.8995 0 0.005
0.168 0.081 0 0.005
0.168 0.186 0 0.005
0.168 0.681 0 0.005
0.1735 0.951 0 0.005
0.168 0.966 0 0.005
0.169 0.003763440860215054 0 0.005
0.17 0.266 0 0.005
0.17 0.527 0 0.005
0.17666666666666667 0.62 0 0.005
0.172 0.159 0 0.005
0.1775 0.319 0 0.005
0.172 0.584 0 0.005
0.172 0.819 0 0.005
0.172 0.865 0 0.005
0.173 0.015 0 0.005
0.173 0.711 0 0.005
0.174 0.304 0 0.005
0.174 0.393 0 0.005
0.174 0.847 0 0.005
0.174 0.884 0 0.005
0.175 0.144 0 0.005
0.18 0.2315 0 0.005
0.175 0.287 0 0.005
0.175 0.5 0 0.005
0.175 0.728 0 0.005
0.176 0.037 0 0.005
0.176 0.175 0 0.005
0.179 0.2065 0 0.005
0.176 0.346 0 0.005
0.181 0.3625 0 0.005
0.1785 0.8025 0 0.005
0.176 0.934 0 0.005
0.177 0.245 0 0.005
0.177 0.562 0 0.005
0.177 0.976 0 0.005
0.178 0.405 0 0.005
0.178 0.478 0 0.005
0.184 0.5095 0 0.005
0.1825 0.0675 0 0.005
0.18 0.086 0 0.005
0.18 0.334 0 0.005
0.18 0.657 0 0.005
0.18 0.677 0 0.005
0.18 0.96 0 0.005
0.1855 0.416 0 0.005
0.1865 0.4375 0 0.005
0.181 0.603 0 0.005
0.181 0.69 0 0.005
0.182 0.383 0 0.005
0.182 0.538 0 0.005
0.182 0.742 0 0.005
0.182 0.768 0 0.005
0.19725 0.26925 0 0.005
0.183 0.755 0 0.005
0.18772251308900526 0.9936020942408377 0 0.005
0.184 0.154 0 0.005
0.184 0.455 0 0.005
0.184 0.526 0 0.005
0.188 0.5825 0 0.005
0.1895 0.6365 0 0.005
0.189 0.7835 0 0.005
0.184 0.829 0 0.005
0.185 0.135 0 0.005
0.185 0.871 0 0.005
0.186 0.711 0 0.005
0.186 0.924 0 0.005
0.187 0.286 0 0.005
0.187 0.856 0 0.005
0.19155029585798816 0.0053254437869822485 0 0.005
0.191 0.0515 0 0.005
0.19233333333333336 0.17366666666666666 0 0.005
0.1935 0.249 0 0.005
0.188 0.346 0 0.005
0.188 0.912 0 0.005
0.189 0.02 0 0.005
0.189 0.034 0 0.005
0.189 0.215 0 0.005
0.1935 0.489 0 0.005
0.189 0.843 0 0.005
0.189 0.979 0 0.005
0.19 0.31 0 0.005
0.19 0.47 0 0.005
0.19 0.726 0 0.005
0.19 0.94 0 0.005
0.192 0.333 0 0.005
0.192 0.67 0 0.005
0.193 0.086 0 0.005
0.193 0.424 0 0.005
0.193 0.552 0 0.005
0.1985 0.5635 0 0.005
0.1985 0.66 0 0.005
0.193 0.817 0 0.005
0.194 0.763 0 0.005
0.195 0.147 0 0.005
0.195 0.194 0 0.005
0.19966666666666666 0.3706666666666667 0 0.005
0.195 0.534 0 0.005
0.195 0.891 0 0.005
0.196 0.454 0 0.005
0.20425 0.59775 0 0.005
0.196 0.965 0 0.005
0.1995 0.2935 0 0.005
0.198 0.099 0 0.005
0.198 0.393 0 0.005
0.198 0.831 0 0.005
0.199 0.113 0 0.005
0.199 0.703 0 0.005
0.199 0.793 0 0.005
0.204 0.7205 0 0.005
0.2 0.952 0 0.005
0.201 0.647 0 0.005
0.201 0.686 0 0.005
0.20366666666666666 0.058 0 0.005
0.202 0.225 0 0.005
0.202 0.622 0 0.005
0.202 0.746 0 0.005
0.202 0.808 0 0.005
0.20866666666666667 0.8616666666666666 0 0.005
0.202 0.905 0 0.005
0.203 0.033 0 0.005
0.203 0.125 0 0.005
0.203 0.341 0 0.005
0.203 0.518 0 0.005
0.203 0.544 0 0.005
0.203 0.88 0 0.005
0.204 0.416 0 0.005
0.204 0.577 0 0.005
0.205 0.436 0 0.005
0.2115 0.188 0 0.005
0.206 0.204 0 0.005
0.206 0.919 0 0.005
0.206 0.938 0 0.005
0.207 0.15 0 0.005
0.207 0.403 0 0.005
0.207 0.47 0 0.005
0.207 0.771 0 0.005
0.211 0.7875 0 0.005
0.208 0.008 0 0.005
0.208 0.318 0 0.005
0.21633333333333335 0.4493333333333333 0 0.005
0.208 0.635 0 0.005
0.208 0.979 0 0.005
0.209 0.021 0 0.005
0.2145 0.487 0 0.005
0.209 0.5 0 0.005
0.209 0.532 0 0.005
0.209 0.676 0 0.005
0.21 0.085 0 0.005
0.2155 0.1015 0 0.005
0.2135 0.168 0 0.005
0.21 0.299 0 0.005
0.212 0.217 0 0.005
0.212 0.388 0 0.005
0.212 0.952 0 0.005
0.213 0.116 0 0.005
0.213 0.245 0 0.005
0.213 0.332 0 0.005
0.213 0.815 0 0.005
0.215 0.132 0 0.005
0.215 0.622 0 0.005
0.22333333333333336 0.765 0 0.005
0.2175 0.8365 0 0.005
0.215 0.966 0 0.005
0.216 0.067 0 0.005
0.216 0.344 0 0.005
0.216 0.546 0 0.005
0.216 0.61 0 0.005
0.216 0.899 0 0.005
0.22 0.0305 0 0.005
0.217 0.26 0 0.005
0.217 0.36 0 0.005
0.217 0.659 0 0.005
0.217 0.854 0 0.005
0.217 0.9967166666666667 0 0.005
0.218 0.412 0 0.005
0.218 0.427 0 0.005
0.2215 0.526 0 0.005
0.218 0.568 0 0.005
0.218 0.698 0 0.005
0.218 0.715 0 0.005
0.219 0.049 0 0.005
0.219 0.399 0 0.005
0.219 0.915 0 0.005
0.219 0.933 0 0.005
0.22 0.227 0 0.005
0.22 0.282 0 0.005
0.22 0.376 0 0.005
0.221 0.0022833333333333334 0 0.005
0.221 0.582 0 0.005
0.222 0.321 0 0.005
0.222 0.671 0 0.005
0.222 0.683 0 0.005
0.223 0.092 0 0.005
0.223 0.741 0 0.005
0.224 0.08 0 0.005
0.2398 0.2904 0 0.005
0.224 0.647 0 0.005
0.224 0.982 0 0.005
0.225 0.25 0 0.005
0.23466666666666666 0.3156666666666667 0 0.005
0.225 0.726 0 0.005
0.225 0.811 0 0.005
0.225 0.889 0 0.005
0.225 0.952 0 0.005
0.226 0.153 0 0.005
0.227 0.141 0 0.005
0.227 0.6 0 0.005
0.227 0.967 0 0.005
0.228 0.12 0 0.005
0.228 0.353 0 0.005
0.228 0.473 0 0.005
0.228 0.505 0 0.005
0.228 0.631 0 0.005
0.229 0.068 0 0.005
0.229 0.205 0 0.005
0.229 0.46 0 0.005
0.23966666666666667 0.6133333333333334 0 0.005
0.229 0.788 0 0.005
0.229 0.904 0 0.005
0.23 0.013 0 0.005
0.2355 0.1695 0 0.005
0.23 0.339 0 0.005
0.23 0.428 0 0.005
0.23 0.519 0 0.005
0.231 0.052 0 0.005
0.231 0.403 0 0.005
0.231 0.571 0 0.005
0.231 0.86 0 0.005
0.231 0.929 0 0.005
0.232 0.193 0 0.005
0.243 0.38866666666666666 0 0.005
0.232 0.833 0 0.005
0.232 0.845 0 0.005
0.2385 0.234 0 0.005
0.233 0.276 0 0.005
0.2375 0.419 0 0.005
0.2375 0.547 0 0.005
0.233 0.753 0 0.005
0.233 0.874 0 0.005
0.233 0.9952365591397849 0 0.005
0.234 0.668 0 0.005
0.234 0.698 0 0.005
0.235 0.097 0 0.005
0.235 0.59 0 0.005
0.235 0.654 0 0.005
0.235 0.741 0 0.005
0.236 0.0027746478873239434 0 0.005
0.236 0.777 0 0.005
0.246 0.13166666666666665 0 0.005
0.237 0.369 0 0.005
0.237 0.484 0 0.005
0.237 0.815 0 0.005
0.237 0.982 0 0.005
0.238 0.216 0 0.005
0.238 0.529 0 0.005
0.238 0.71 0 0.005
0.239 0.042 0 0.005
0.239 0.257 0 0.005
0.239 0.623 0 0.005
0.239 0.729 0 0.005
0.24 0.436 0 0.005
0.24 0.951 0 0.005
0.2465 0.0235 0 0.005
0.244 0.5085 0 0.005
0.241 0.685 0 0.005
0.241 0.798 0 0.005
0.241 0.905 0 0.005
0.24666666666666665 0.921 0 0.005
0.242 0.352 0 0.005
0.242 0.635 0 0.005
0.243 0.082 0 0.005
0.243 0.337 0 0.005
0.243 0.571 0 0.005
0.243 0.883 0 0.005
0.243 0.965 0 0.005
0.244 0.066 0 0.005
0.244 0.841 0 0.005
0.244 0.855 0 0.005
0.244 0.867 0 0.005
0.25333333333333335 0.17333333333333334 0 0.005
0.245 0.199 0 0.005
0.2495 0.559 0 0.005
0.245 0.754 0 0.005
0.245 0.766 0 0.005
0.245 0.826 0 0.005
0.246 0.15 0 0.005
0.246 0.244 0 0.005
0.246 0.406 0 0.005
0.246 0.449 0 0.005
0.247 0.9967166666666667 0 0.005
0.248 0.009 0 0.005
0.248 0.113 0 0.005
0.248 0.463 0 0.005
0.248 0.477 0 0.005
0.248 0.656 0 0.005
0.248 0.784 0 0.005
0.249 0.59 0 0.005
0.25 0.708 0 0.005
0.25 0.742 0 0.005
0.25 0.942 0 0.005
0.2576666666666667 0.37 0 0.005
0.25846511627906976 0.9848449612403101 0 0.005
0.257 0.0415 0 0.005
0.252 0.433 0 0.005
0.252 0.527 0 0.005
0.252 0.809 0 0.005
0.253 0.057 0 0.005
0.2585 0.3035 0 0.005
0.25725 0.68 0 0.005
0.2655 0.258 0 0.005
0.254 0.628 0 0.005
0.2613333333333333 0.7326666666666666 0 0.005
0.254 0.898 0 0.005
0.26 0.0945 0 0.005
0.26266666666666666 0.218 0 0.005
0.255 0.339 0 0.005
0.255 0.848 0 0.005
0.256 0.069 0 0.005
0.2685 0.4165 0 0.005
0.256 0.578 0 0.005
0.256 0.865 0 0.005
0.257 0.236 0 0.005
0.257 0.756 0 0.005
0.257 0.828 0 0.005
0.258 0.406 0 0.005
0.259 0.196 0 0.005
0.259 0.494 0 0.005
0.259 0.507 0 0.005
0.259 0.541 0 0.005
0.259 0.88 0 0.005
0.26 0.00434313725490196 0 0.005
0.267 0.3235 0 0.005
0.26 0.607 0 0.005
0.26925 0.91275 0 0.005
0.26 0.965 0 0.005
0.261 0.288 0 0.005
0.261 0.644 0 0.005
0.262 0.475 0 0.005
0.262 0.8 0 0.005
0.263 0.017 0 0.005
0.268 0.1065 0 0.005
0.263 0.148 0 0.005
0.263 0.349 0 0.005
0.263 0.453 0 0.005
0.263 0.94 0 0.005
0.264 0.438 0 0.005
0.264 0.554 0 0.005
0.264 0.953 0 0.005
0.265 0.029 0 0.005
0.265 0.078 0 0.005
0.265 0.77 0 0.005
0.266 0.122 0 0.005
0.266 0.72 0 0.005
0.275 0.17533333333333334 0 0.005
0.267 0.394 0 0.005
0.2725 0.5685 0 0.005
0.267 0.704 0 0.005
0.268 0.521 0 0.005
0.268 0.787 0 0.005
0.268 0.847 0 0.005
0.268 0.862 0 0.005
0.269 0.588 0 0.005
0.27 0.237 0 0.005
0.271 0.137 0 0.005
0.271 0.484 0 0.005
0.271 0.497 0 0.005
0.271 0.809 0 0.005
0.271 0.876 0 0.005
0.272 0.191 0 0.005
0.272 0.509 0 0.005
0.272 0.617 0 0.005
0.272 0.653 0 0.005
0.272 0.674 0 0.005
0.272 0.971 0 0.005
0.273 0.89 0 0.005
0.274 0.06 0 0.005
0.274 0.275 0 0.005
0.277 0.4695 0 0.005
0.279 0.6085 0 0.005
0.274 0.835 0 0.005
0.275 0.046 0 0.005
0.275 0.155 0 0.005
0.275 0.45 0 0.005
0.275 0.76 0 0.005
0.276 0.385 0 0.005
0.276 0.636 0 0.005
0.277 0.09 0 0.005
0.277 0.203 0 0.005
0.277 0.293 0 0.005
0.277 0.354 0 0.005
0.283 0.54275 0 0.005
0.2795 0.7805 0 0.005
0.277 0.821 0 0.005
0.2825 0.015 0 0.005
0.278 0.369 0 0.005
0.278 0.716 0 0.005
0.278 0.798 0 0.005
0.278 0.936 0 0.005
0.279 0.073 0 0.005
0.279 0.337 0 0.005
0.279 0.427 0 0.005
0.2815 0.9555 0 0.005
0.28 0.313 0 0.005
0.28 0.685 0 0.005
0.28 0.922 0 0.005
0.281 0.521 0 0.005
0.29 0.858 0 0.005
0.282 0.989 0 0.005
0.283 0.121 0 0.005
0.287 0.1355 0 0.005
0.283 0.729 0 0.005
0.284 0.231 0 0.005
0.284 0.898 0 0.005
0.29 0.2165 0 0.005
0.285 0.505 0 0.005
0.285 0.655 0 0.005
0.285 0.872 0 0.005
0.286 0.0022833333333333334 0 0.005
0.286 0.032 0 0.005
0.286 0.099 0 0.005
0.2905 0.443 0 0.005
0.286 0.6 0 0.005
0.286 0.671 0 0.005
0.286 0.704 0 0.005
0.286 0.831 0 0.005
0.2905 0.05 0 0.005
0.287 0.153 0 0.005
0.287 0.267 0 0.005
0.287 0.416 0 0.005
0.287 0.625 0 0.005
0.287 0.976 0 0.005
0.288 0.165 0 0.005
0.294 0.3856666666666667 0 0.005
0.288 0.488 0 0.005
0.288 0.638 0 0.005
0.289 0.243 0 0.005
0.289 0.287 0 0.005
0.289 0.579 0 0.005
0.289 0.749 0 0.005
0.289 0.884 0 0.005
0.29 0.198 0 0.005
0.29 0.323 0 0.005
0.29 0.768 0 0.005
0.295 0.1155 0 0.005
0.291 0.341 0 0.005
0.2965 0.4635 0 0.005
0.291 0.914 0 0.005
0.292 0.079 0 0.005
0.3016666666666667 0.2916666666666667 0 0.005
0.292 0.475 0 0.005
0.292 0.567 0 0.005
0.3044 0.8354 0 0.005
0.2955 0.952 0 0.005
0.293 0.402 0 0.005
0.293 0.813 0 0.005
0.2985 0.9305 0 0.005
0.294 0.181 0 0.005
0.294 0.366 0 0.005
0.295 0.72 0 0.005
0.296 0.257 0 0.005
0.297 0.011 0 0.005
0.297 0.067 0 0.005
0.297 0.507 0 0.005
0.297 0.553 0 0.005
0.297 0.737 0 0.005
0.297 0.78 0 0.005
0.3025 0.7945 0 0.005
0.298 0.098 0 0.005
0.298 0.352 0 0.005
0.298 0.432 0 0.005
0.3012248520710059 0.991094674556213 0 0.005
0.3015 0.1515 0 0.005
0.299 0.235 0 0.005
0.299 0.418 0 0.005
0.3 0.031 0 0.005
0.3 0.619 0 0.005
0.3 0.636 0 0.005
0.3 0.691 0 0.005
0.301 0.31 0 0.005
0.301 0.541 0 0.005
0.301 0.584 0 0.005
0.3056666666666667 0.664 0 0.005
0.301 0.88 0 0.005
0.302 0.206 0 0.005
0.302 0.275 0 0.005
0.302 0.33 0 0.005
0.302 0.491 0 0.005
0.302 0.892 0 0.005
0.306 0.7465 0 0.005
0.304 0.17 0 0.005
0.304 0.914 0 0.005
0.305 0.052 0 0.005
0.305 0.133 0 0.005
0.3075 0.5265 0 0.005
0.305 0.597 0 0.005
0.305 0.969 0 0.005
0.306 0.182 0 0.005
0.306 0.376 0 0.005
0.31 0.4585 0 0.005
0.307 0.442 0 0.005
0.307 0.57 0 0.005
0.312 0.7035 0 0.005
0.307 0.767 0 0.005
0.308 0.0022833333333333334 0 0.005
0.308 0.251 0 0.005
0.308 0.942 0 0.005
0.313 0.0665 0 0.005
0.309 0.083 0 0.005
0.309 0.22 0 0.005
0.3145 0.731 0 0.005
0.309 0.812 0 0.005
0.31 0.099 0 0.005
0.3155 0.504 0 0.005
0.31 0.902 0 0.005
0.3155 0.259 0 0.005
0.311 0.347 0 0.005
0.311 0.359 0 0.005
0.311 0.398 0 0.005
0.3165 0.4105 0 0.005
0.311 0.43 0 0.005
0.311 0.475 0 0.005
0.312 0.023 0 0.005
0.315 0.6265 0 0.005
0.312 0.865 0 0.005
0.313 0.549 0 0.005
0.314 0.193 0 0.005
0.314 0.313 0 0.005
0.314 0.9952365591397849 0 0.005
0.315 0.111 0 0.005
0.315 0.296 0 0.005
0.315 0.607 0 0.005
0.315 0.88 0 0.005
0.3205 0.9575 0 0.005
0.316 0.04 0 0.005
0.316 0.853 0 0.005
0.317 0.123 0 0.005
0.317 0.519 0 0.005
0.317 0.592 0 0.005
0.317 0.65 0 0.005
0.317 0.93 0 0.005
0.317 0.97 0 0.005
0.318 0.149 0 0.005
0.318 0.207 0 0.005
0.318 0.387 0 0.005
0.332 0.5615 0 0.005
0.318 0.783 0 0.005
0.3235 0.8895 0 0.005
0.318 0.915 0 0.005
0.319 0.337 0 0.005
0.319 0.488 0 0.005
0.319 0.58 0 0.005
0.324 0.6865 0 0.005
0.319 0.715 0 0.005
0.319 0.984 0 0.005
0.324 0.1825 0 0.005
0.32 0.239 0 0.005
0.32 0.449 0 0.005
0.321 0.0022833333333333334 0 0.005
0.321 0.272 0 0.005
0.326 0.3785 0 0.005
0.326 0.4245 0 0.005
0.322 0.54 0 0.005
0.322 0.819 0 0.005
0.323 0.796 0 0.005
0.327 0.6145 0 0.005
0.324 0.752 0 0.005
0.3275 0.0185 0 0.005
0.325 0.084 0 0.005
0.325 0.471 0 0.005
0.3285 0.909 0 0.005
0.326 0.133 0 0.005
0.326 0.161 0 0.005
0.326 0.351 0 0.005
0.327 0.225 0 0.005
0.327 0.311 0 0.005
0.327 0.665 0 0.005
0.328 0.039 0 0.005
0.328 0.843 0 0.005
0.328 0.87 0 0.005
0.329 0.097 0 0.005
0.329 0.109 0 0.005
0.329 0.298 0 0.005
0.329 0.364 0 0.005
0.329 0.646 0 0.005
0.329 0.767 0 0.005
0.329 0.808 0 0.005
0.3345 0.8605 0 0.005
0.332746875 0.9850125000000001 0 0.005
0.33 0.054 0 0.005
0.33 0.145 0 0.005
0.33 0.213 0 0.005
0.33 0.324 0 0.005
0.33 0.394 0 0.005
0.33 0.441 0 0.005
0.33 0.948 0 0.005
0.331 0.072 0 0.005
0.331 0.284 0 0.005
0.331 0.927 0 0.005
0.332 0.254 0 0.005
0.332 0.516 0 0.005
0.332 0.573 0 0.005
0.332 0.724 0 0.005
0.333 0.0022833333333333334 0 0.005
0.333 0.487 0 0.005
0.333 0.504 0 0.005
0.3396666666666667 0.784 0 0.005
0.334 0.455 0 0.005
0.334 0.591 0 0.005
0.335 0.529 0 0.005
0.335 0.677 0 0.005
0.336 0.34 0 0.005
0.337 0.271 0 0.005
0.337 0.629 0 0.005
0.337 0.701 0 0.005
0.338 0.159 0 0.005
0.338 0.418 0 0.005
0.338 0.738 0 0.005
0.338 0.827 0 0.005
0.338 0.958 0 0.005
0.339 0.231 0 0.005
0.339 0.243 0 0.005
0.339 0.311 0 0.005
0.339 0.353 0 0.005
0.339 0.543 0 0.005
0.34 0.118 0 0.005
0.34 0.13 0 0.005
0.34 0.191 0 0.005
0.34 0.205 0 0.005
0.34 0.844 0 0.005
0.3455 0.068 0 0.005
0.3465 0.0885 0 0.005
0.341 0.171 0 0.005
0.341 0.617 0 0.005
0.341 0.661 0 0.005
0.341 0.766 0 0.005
0.341 0.806 0 0.005
0.342 0.039 0 0.005
0.342 0.147 0 0.005
0.342 0.406 0 0.005
0.343 0.051 0 0.005
0.346 0.3315 0 0.005
0.343 0.371 0 0.005
0.343 0.716 0 0.005
0.344 0.022 0 0.005
0.344 0.104 0 0.005
0.344 0.641 0 0.005
0.35725 0.746375 0 0.005
0.344 0.887 0 0.005
0.345 0.475 0 0.005
0.345 0.582 0 0.005
0.346 0.291 0 0.005
0.3515 0.3825 0 0.005
0.346 0.519 0 0.005
0.346 0.9952365591397849 0 0.005
0.347 0.006 0 0.005
0.354 0.21833333333333335 0 0.005
0.347 0.448 0 0.005
0.347 0.498 0 0.005
0.347 0.901 0 0.005
0.356 0.9426666666666667 0 0.005
0.347 0.968 0 0.005
0.348 0.433 0 0.005
0.348 0.597 0 0.005
0.348 0.875 0 0.005
0.348 0.921 0 0.005
0.35 0.259 0 0.005
0.35 0.463 0 0.005
0.35733333333333334 0.6163333333333334 0 0.005
0.35 0.701 0 0.005
0.351 0.355 0 0.005
0.351 0.553 0 0.005
0.351 0.822 0 0.005
0.351 0.983 0 0.005
0.352 0.163 0 0.005
0.352 0.238 0 0.005
0.352 0.654 0 0.005
0.352 0.955 0 0.005
0.3555 0.1455 0 0.005
0.353 0.177 0 0.005
0.353 0.689 0 0.005
0.3555 0.8595 0 0.005
0.354 0.125 0 0.005
0.354 0.198 0 0.005
0.354 0.841 0 0.005
0.355 0.401 0 0.005
0.355 0.529 0 0.005
0.355 0.794 0 0.005
0.355 0.809 0 0.005
0.356 0.541 0 0.005
0.359 0.6325 0 0.005
0.3605 0.888 0 0.005
0.357 0.113 0 0.005
0.357 0.669 0 0.005
0.3605 0.0335 0 0.005
0.358 0.275 0 0.005
0.3636666666666667 0.297 0 0.005
0.358 0.413 0 0.005
0.358 0.488 0 0.005
0.358 0.564 0 0.005
0.359 0.008 0 0.005
0.359 0.44 0 0.005
0.359 0.777 0 0.005
0.36 0.368 0 0.005
0.36 0.426 0 0.005
0.36 0.517 0 0.005
0.36 0.974 0 0.005
0.361 0.578 0 0.005
0.361 0.83 0 0.005
0.362 0.055 0 0.005
0.362 0.456 0 0.005
0.363 0.595 0 0.005
0.363 0.702 0 0.005
0.364 0.092 0 0.005
0.364 0.164 0 0.005
0.364 0.475 0 0.005
0.364 0.653 0 0.005
0.364 0.919 0 0.005
0.364 0.99 0 0.005
0.365 0.184 0 0.005
0.365 0.234 0 0.005
0.365 0.254 0 0.005
0.369 0.3145 0 0.005
0.3746666666666667 0.3273333333333333 0 0.005
0.382 0.409 0 0.005
0.3685 0.499 0 0.005
0.365 0.685 0 0.005
0.369 0.9015 0 0.005
0.3726666666666667 0.15133333333333335 0 0.005
0.366 0.356 0 0.005
0.366 0.853 0 0.005
0.367 0.529 0 0.005
0.368 0.789 0 0.005
0.3776666666666667 0.8103333333333333 0 0.005
0.37 0.072 0 0.005
0.3735 0.552 0 0.005
0.37 0.868 0 0.005
0.3735 0.1185 0 0.005
0.371 0.64 0 0.005
0.371 0.822 0 0.005
0.372 0.017 0 0.005
0.373 0.207 0 0.005
0.373 0.424 0 0.005
0.373 0.449 0 0.005
0.374 0.58 0 0.005
0.374 0.624 0 0.005
0.374 0.669 0 0.005
0.3765 0.9325 0 0.005
0.374 0.97 0 0.005
0.375 0.0027746478873239434 0 0.005
0.375 0.029 0 0.005
0.375 0.045 0 0.005
0.375 0.195 0 0.005
0.375 0.715 0 0.005
0.379 0.8365 0 0.005
0.375 0.956 0 0.005
0.376 0.059 0 0.005
0.376 0.173 0 0.005
0.376 0.263 0 0.005
0.376 0.385 0 0.005
0.376 0.775 0 0.005
0.376 0.992 0 0.005
0.377 0.223 0 0.005
0.377 0.909 0 0.005
0.378 0.082 0 0.005
0.378 0.297 0 0.005
0.378 0.367 0 0.005
0.378 0.597 0 0.005
0.3835 0.658 0 0.005
0.379 0.483 0 0.005
0.379 0.749 0 0.005
0.38 0.341 0 0.005
0.38 0.437 0 0.005
0.38 0.471 0 0.005
0.38 0.521 0 0.005
0.381 0.277 0 0.005
0.381 0.699 0 0.005
0.381 0.788 0 0.005
0.3875 0.0965 0 0.005
0.382 0.144 0 0.005
0.383 0.112 0 0.005
0.383 0.733 0 0.005
0.383 0.764 0 0.005
0.383 0.881 0 0.005
0.383 0.98 0 0.005
0.388 0.0165 0 0.005
0.384 0.243 0 0.005
0.388 0.6815 0 0.005
0.3905 0.857 0 0.005
0.385 0.868 0 0.005
0.386 0.503 0 0.005
0.386 0.611 0 0.005
0.386 0.899 0 0.005
0.386 0.967 0 0.005
0.3925 0.0355 0 0.005
0.387 0.072 0 0.005
0.387 0.574 0 0.005
0.3895 0.6395 0 0.005
0.387 0.716 0 0.005
0.387 0.95 0 0.005
0.387 0.9967166666666667 0 0.005
0.388 0.179 0 0.005
0.388 0.331 0 0.005
0.389 0.398 0 0.005
0.389 0.538 0 0.005
0.394 0.5555 0 0.005
0.389 0.937 0 0.005
0.39 0.193 0 0.005
0.39 0.206 0 0.005
0.39 0.263 0 0.005
0.39 0.357 0 0.005
0.391 0.059 0 0.005
0.391 0.125 0 0.005
0.3955 0.373 0 0.005
0.391 0.386 0 0.005
0.391 0.8 0 0.005
0.392 0.292 0 0.005
0.393 0.308 0 0.005
0.40125 0.92125 0 0.005
0.394 0.455 0 0.005
0.394 0.594 0 0.005
0.394 0.622 0 0.005
0.395 0.003763440860215054 0 0.005
0.395 0.47 0 0.005
0.395 0.734 0 0.005
0.406 0.8326666666666667 0 0.005
0.396 0.437 0 0.005
0.396 0.482 0 0.005
0.396 0.847 0 0.005
0.396 0.886 0 0.005
0.396 0.977 0 0.005
0.4015 0.153 0 0.005
0.397 0.167 0 0.005
0.4073333333333333 0.5216666666666666 0 0.005
0.397 0.751 0 0.005
0.398 0.109 0 0.005
0.403 0.2155 0 0.005
0.398 0.32 0 0.005
0.398 0.77 0 0.005
0.398 0.785 0 0.005
0.398 0.964 0 0.005
0.399 0.074 0 0.005
0.399 0.234 0 0.005
0.399 0.248 0 0.005
0.413 0.332 0 0.005
0.399 0.608 0 0.005
0.399 0.817 0 0.005
0.4 0.184 0 0.005
0.4 0.691 0 0.005
0.4 0.713 0 0.005
0.401 0.137 0 0.005
0.401 0.583 0 0.005
0.402 0.198 0 0.005
0.402 0.26 0 0.005
0.402 0.569 0 0.005
0.402 0.943 0 0.005
0.408 0.0575 0 0.005
0.403 0.273 0 0.005
0.403 0.356 0 0.005
0.403 0.39 0 0.005
0.403 0.537 0 0.005
0.40655029585798813 0.9936745562130177 0 0.005
0.404 0.014 0 0.005
0.404 0.406 0 0.005
0.405 0.492 0 0.005
0.405 0.643 0 0.005
0.405 0.672 0 0.005
0.407 0.295 0 0.005
0.407 0.307 0 0.005
0.407 0.454 0 0.005
0.407 0.873 0 0.005
0.4174 0.9686 0 0.005
0.408 0.099 0 0.005
0.408 0.468 0 0.005
0.408 0.507 0 0.005
0.408 0.852 0 0.005
0.409 0.44 0 0.005
0.409 0.599 0 0.005
0.409 0.625 0 0.005
0.4145 0.7575 0 0.005
0.414 0.1215 0 0.005
0.41 0.784 0 0.005
0.411 0.03 0 0.005
0.411 0.553 0 0.005
0.411 0.658 0 0.005
0.41725 0.70775 0 0.005
0.411 0.797 0 0.005
0.411 0.892 0 0.005
0.412 0.169 0 0.005
0.412 0.418 0 0.005
0.412 0.684 0 0.005
0.412 0.738 0 0.005
0.413 0.003268292682926829 0 0.005
0.413 0.086 0 0.005
0.414 0.069 0 0.005
0.414 0.225 0 0.005
0.414 0.569 0 0.005
0.414 0.585 0 0.005
0.415 0.2 0 0.005
0.415 0.248 0 0.005
0.415 0.906 0 0.005
0.416 0.183 0 0.005
0.416 0.344 0 0.005
0.416 0.361 0 0.005
0.416 0.386 0 0.005
0.4215 0.4025 0 0.005
0.416 0.919 0 0.005
0.416 0.986 0 0.005
0.4195 0.2715 0 0.005
0.4195 0.6035 0 0.005
0.417 0.811 0 0.005
0.418 0.151 0 0.005
0.418 0.476 0 0.005
0.424 0.6656666666666666 0 0.005
0.419 0.018 0 0.005
0.419 0.374 0 0.005
0.419 0.489 0 0.005
0.42 0.292 0 0.005
0.4276666666666667 0.4553333333333333 0 0.005
0.42 0.501 0 0.005
0.42 0.644 0 0.005
0.42 0.769 0 0.005
0.42 0.879 0 0.005
0.421 0.043 0 0.005
0.421 0.313 0 0.005
0.421 0.513 0 0.005
0.422 0.104 0 0.005
0.422 0.213 0 0.005
0.422 0.542 0 0.005
0.423 0.941 0 0.005
0.424 0.03 0 0.005
0.424 0.139 0 0.005
0.424 0.431 0 0.005
0.424 0.733 0 0.005
0.424 0.851 0 0.005
0.4275 0.5615 0 0.005
0.4285 0.871 0 0.005
0.425 0.9952365591397849 0 0.005
0.426 0.685 0 0.005
0.427 0.057 0 0.005
0.427 0.232 0 0.005
0.427 0.721 0 0.005
0.427 0.929 0 0.005
0.427 0.955 0 0.005
0.428 0.159 0 0.005
0.4335 0.7825 0 0.005
0.428 0.889 0 0.005
0.429 0.354 0 0.005
0.429 0.366 0 0.005
0.429 0.916 0 0.005
0.43 0.171 0 0.005
0.4335 0.751 0 0.005
0.43 0.795 0 0.005
0.431 0.084 0 0.005
0.4365 0.421 0 0.005
0.431 0.489 0 0.005
0.4335 0.6195 0 0.005
0.431 0.821 0 0.005
0.432 0.203 0 0.005
0.432 0.387 0 0.005
0.433 0.0022833333333333334 0 0.005
0.433 0.191 0 0.005
0.433 0.302 0 0.005
0.433 0.322 0 0.005
0.438 0.4975 0 0.005
0.434 0.012 0 0.005
0.434 0.279 0 0.005
0.434 0.515 0 0.005
0.434 0.584 0 0.005
0.4385 0.803 0 0.005
0.4395 0.8405 0 0.005
0.4405 0.213 0 0.005
0.435 0.248 0 0.005
0.435 0.542 0 0.005
0.435 0.707 0 0.005
0.4405 0.03 0 0.005
0.436 0.529 0 0.005
0.437 0.122 0 0.005
0.437 0.134 0 0.005
0.437 0.474 0 0.005
0.437 0.638 0 0.005
0.437 0.905 0 0.005
0.437 0.94 0 0.005
0.438 0.048 0 0.005
0.4405 0.0775 0 0.005
0.438 0.097 0 0.005
0.438 0.733 0 0.005
0.438 0.769 0 0.005
0.439 0.345 0 0.005
0.439 0.656 0 0.005
0.439 0.68 0 0.005
0.439 0.86 0 0.005
0.439 0.953 0 0.005
0.44 0.06 0 0.005
0.44 0.163 0 0.005
0.441 0.149 0 0.005
0.441 0.268 0 0.005
0.441 0.372 0 0.005
0.441 0.409 0 0.005
0.441 0.886 0 0.005
0.45025 0.92575 0 0.005
0.441 0.965 0 0.005
0.442 0.331 0 0.005
0.442 0.443 0 0.005
0.442 0.602 0 0.005
0.443 0.991 0 0.005
0.444 0.31 0 0.005
0.444 0.571 0 0.005
0.444 0.626 0 0.005
0.4475 0.1805 0 0.005
0.445 0.198 0 0.005
0.445 0.384 0 0.005
0.446 0.0022833333333333334 0 0.005
0.446 0.227 0 0.005
0.446 0.55 0 0.005
0.447 0.114 0 0.005
0.451 0.2525 0 0.005
0.4495 0.5105 0 0.005
0.447 0.698 0 0.005
0.4525 0.711 0 0.005
0.447 0.85 0 0.005
0.448 0.357 0 0.005
0.448 0.826 0 0.005
0.449 0.295 0 0.005
0.449 0.396 0 0.005
0.449 0.872 0 0.005
0.449 0.976 0 0.005
0.45 0.018 0 0.005
0.4555 0.275 0 0.005
0.45 0.455 0 0.005
0.45666666666666667 0.642 0 0.005
0.451 0.467 0 0.005
0.451 0.682 0 0.005
0.451 0.811 0 0.005
0.452 0.13 0 0.005
0.452 0.946 0 0.005
0.453 0.154 0 0.005
0.453 0.483 0 0.005
0.453 0.528 0 0.005
0.453 0.583 0 0.005
0.453 0.726 0 0.005
0.453 0.765 0 0.005
0.454 0.048 0 0.005
0.454 0.373 0 0.005
0.4595 0.892 0 0.005
0.455 0.322 0 0.005
0.455 0.745 0 0.005
0.455 0.785 0 0.005
0.4615 0.1 0 0.005
0.456 0.663 0 0.005
0.456 0.962 0 0.005
0.457 0.142 0 0.005
0.457 0.305 0 0.005
0.457 0.429 0 0.005
0.457 0.613 0 0.005
0.457 0.905 0 0.005
0.458 0.085 0 0.005
0.463 0.2125 0 0.005
0.458 0.231 0 0.005
0.458 0.409 0 0.005
0.459 0.192 0 0.005
0.459 0.598 0 0.005
0.459 0.984 0 0.005
0.46 0.071 0 0.005
0.465 0.4385 0 0.005
0.46 0.539 0 0.005
0.4696666666666667 0.5686666666666667 0 0.005
0.4676666666666667 0.691 0 0.005
0.465 0.8175 0 0.005
0.46 0.996225352112676 0 0.005
0.461 0.517 0 0.005
0.461 0.866 0 0.005
0.4675 0.1625 0 0.005
0.462 0.34 0 0.005
0.4683333333333333 0.392 0 0.005
0.462 0.84 0 0.005
0.463 0.286 0 0.005
0.463 0.556 0 0.005
0.463 0.8 0 0.005
0.4726666666666667 0.8473333333333334 0 0.005
0.464 0.468 0 0.005
0.464 0.879 0 0.005
0.465 0.005 0 0.005
0.465 0.017 0 0.005
0.465 0.127 0 0.005
0.465 0.365 0 0.005
0.465 0.504 0 0.005
0.4745 0.9475 0 0.005
0.466 0.036 0 0.005
0.466 0.243 0 0.005
0.466 0.489 0 0.005
0.467 0.053 0 0.005
0.467 0.352 0 0.005
0.467 0.418 0 0.005
0.467 0.736 0 0.005
0.467 0.748 0 0.005
0.468 0.115 0 0.005
0.468 0.256 0 0.005
0.468 0.326 0 0.005
0.473 0.7905 0 0.005
0.469 0.14 0 0.005
0.469 0.72 0 0.005
0.469 0.761 0 0.005
0.47 0.178 0 0.005
0.47 0.59 0 0.005
0.471 0.303 0 0.005
0.471 0.531 0 0.005
0.471 0.611 0 0.005
0.471 0.828 0 0.005
0.47333333333333333 0.918 0 0.005
0.471 0.97 0 0.005
0.4755 0.064 0 0.005
0.472 0.196 0 0.005
0.472 0.623 0 0.005
0.472 0.672 0 0.005
0.473 0.775 0 0.005
0.4785 0.983 0 0.005
0.473 0.996225352112676 0 0.005
0.474 0.458 0 0.005
0.474 0.651 0 0.005
0.475 0.289 0 0.005
0.475 0.517 0 0.005
0.475 0.866 0 0.005
0.476 0.088 0 0.005
0.477 0.376 0 0.005
0.477 0.546 0 0.005
0.477 0.635 0 0.005
0.477 0.708 0 0.005
0.478 0.017 0 0.005
0.479 0.36 0 0.005
0.483 0.7365 0 0.005
0.479 0.898 0 0.005
0.48 0.22 0 0.005
0.48 0.271 0 0.005
0.48 0.314 0 0.005
0.48 0.477 0 0.005
0.481 0.133 0 0.005
0.481 0.235 0 0.005
0.481 0.332 0 0.005
0.481 0.496 0 0.005
0.4855 0.607 0 0.005
0.481 0.662 0 0.005
0.481 0.753 0 0.005
0.4875 0.036 0 0.005
0.482 0.145 0 0.005
0.482 0.403 0 0.005
0.4855 0.426 0 0.005
0.482 0.443 0 0.005
0.482 0.765 0 0.005
0.482 0.817 0 0.005
0.483 0.883 0 0.005
0.484 0.111 0 0.005
0.484 0.188 0 0.005
0.485 0.077 0 0.005
0.485 0.259 0 0.005
0.49925 0.35175 0 0.005
0.485 0.582 0 0.005
0.485 0.782 0 0.005
0.485 0.934 0 0.005
0.486 0.391 0 0.005
0.486 0.623 0 0.005
0.486 0.72 0 0.005
0.486 0.805 0 0.005
0.486 0.859 0 0.005
0.487 0.176 0 0.005
0.487 0.966 0 0.005
0.488 0.005 0 0.005
0.49725 0.20075 0 0.005
0.488 0.247 0 0.005
0.488 0.299 0 0.005
0.488 0.553 0 0.005
0.488 0.675 0 0.005
0.489 0.164 0 0.005
0.489 0.529 0 0.005
0.489 0.643 0 0.005
0.489 0.996225352112676 0 0.005
0.49 0.096 0 0.005
0.4963333333333333 0.377 0 0.005
0.49 0.465 0 0.005
0.493 0.5105 0 0.005
0.495 0.6915 0 0.005
0.49 0.827 0 0.005
0.496 0.0145 0 0.005
0.491 0.321 0 0.005
0.491 0.708 0 0.005
0.491 0.894 0 0.005
0.492 0.063 0 0.005
0.4975 0.27225 0 0.005
0.493 0.477 0 0.005
0.493 0.751 0 0.005
0.495 0.05 0 0.005
0.51 0.12475 0 0.005
0.495 0.142 0 0.005
0.4975 0.4505 0 0.005
0.495 0.599 0 0.005
0.495 0.881 0 0.005
0.4975 0.9205 0 0.005
0.4995 0.304 0 0.005
0.496 0.49 0 0.005
0.496 0.868 0 0.005
0.496 0.987 0 0.005
0.497 0.416 0 0.005
0.497 0.575 0 0.005
0.497 0.771 0 0.005
0.498 0.086 0 0.005
0.498 0.66 0 0.005
0.5035 0.7215 0 0.005
0.498 0.853 0 0.005
0.498 0.938 0 0.005
0.499 0.236 0 0.005
0.499 0.399 0 0.005
0.499 0.787 0 0.005
0.499 0.817 0 0.005
0.499 0.973 0 0.005
0.5 0.154 0 0.005
0.5 0.22 0 0.005
0.507 0.6263333333333334 0 0.005
0.5 0.733 0 0.005
0.501 0.169 0 0.005
0.501 0.337 0 0.005
0.5065 0.547 0 0.005
0.501 0.647 0 0.005
0.501 0.836 0 0.005
0.506 0.9465 0 0.005
0.502 0.43 0 0.005
0.502 0.801 0 0.005
0.503 0.533 0 0.005
0.503 0.901 0 0.005
0.504 0.068 0 0.005
0.505 0.041 0 0.005
0.505 0.109 0 0.005
0.505 0.503 0 0.005
0.508 0.7535 0 0.005
0.506 0.994656862745098 0 0.005
0.514 0.26 0 0.005
0.507 0.606 0 0.005
0.511 0.8895 0 0.005
0.508 0.095 0 0.005
0.508 0.311 0 0.005
0.508 0.566 0 0.005
0.508 0.676 0 0.005
0.515 0.7043333333333334 0 0.005
0.508 0.872 0 0.005
0.509 0.029 0 0.005
0.509 0.371 0 0.005
0.509 0.584 0 0.005
0.5145 0.9115 0 0.005
0.51 0.144 0 0.005
0.51 0.658 0 0.005
0.51 0.847 0 0.005
0.511 0.473 0 0.005
0.512 0.003763440860215054 0 0.005
0.512 0.056 0 0.005
0.517 0.3265 0 0.005
0.512 0.442 0 0.005
0.512 0.46 0 0.005
0.512 0.485 0 0.005
0.5175 0.8145 0 0.005
0.512 0.958 0 0.005
0.513 0.163 0 0.005
0.513 0.517 0 0.005
0.519 0.7753333333333333 0 0.005
0.513 0.825 0 0.005
0.514 0.23 0 0.005
0.514 0.406 0 0.005
0.525 0.6413333333333334 0 0.005
0.514 0.794 0 0.005
0.514 0.984 0 0.005
0.515 0.394 0 0.005
0.515 0.426 0 0.005
0.5215 0.2935 0 0.005
0.516 0.382 0 0.005
0.516 0.86 0 0.005
0.517 0.071 0 0.005
0.517 0.177 0 0.005
0.524 0.19433333333333333 0 0.005
0.517 0.685 0 0.005
0.52 0.9345 0 0.005
0.518 0.615 0 0.005
0.518 0.742 0 0.005
0.518 0.9967166666666667 0 0.005
0.5215 0.0195 0 0.005
0.519 0.108 0 0.005
0.5225 0.0885 0 0.005
0.5235 0.157 0 0.005
0.52 0.279 0 0.005
0.52 0.873 0 0.005
0.521 0.214 0 0.005
0.521 0.245 0 0.005
0.521 0.565 0 0.005
0.521 0.838 0 0.005
0.522 0.367 0 0.005
0.522 0.528 0 0.005
0.522 0.581 0 0.005
0.522 0.596 0 0.005
0.522 0.657 0 0.005
0.522 0.971 0 0.005
0.523 0.505 0 0.005
0.523 0.718 0 0.005
0.523 0.754 0 0.005
0.524 0.039 0 0.005
0.5265 0.3475 0 0.005
0.524 0.436 0 0.005
0.524 0.481 0 0.005
0.524 0.671 0 0.005
0.525 0.547 0 0.005
0.5285 0.799 0 0.005
0.526 0.455 0 0.005
0.526 0.955 0 0.005
0.527 0.053 0 0.005
0.527 0.31 0 0.005
0.528 0.00434313725490196 0 0.005
0.5335 0.139 0 0.005
0.529 0.177 0 0.005
0.529 0.685 0 0.005
0.5335 0.852 0 0.005
0.529 0.887 0 0.005
0.53 0.402 0 0.005
0.53 0.424 0 0.005
0.53 0.729 0 0.005
0.53 0.984 0 0.005
0.53 0.996225352112676 0 0.005
0.531 0.234 0 0.005
0.531 0.606 0 0.005
0.532 0.255 0 0.005
0.532 0.625 0 0.005
0.532 0.901 0 0.005
0.533 0.537 0 0.005
0.533 0.569 0 0.005
0.5385 0.9255 0 0.005
0.534 0.115 0 0.005
0.538 0.3925 0 0.005
0.534 0.467 0 0.005
0.534 0.524 0 0.005
0.534 0.913 0 0.005
0.535 0.22 0 0.005
0.535 0.272 0 0.005
0.535 0.333 0 0.005
0.535 0.369 0 0.005
0.535 0.556 0 0.005
0.5433333333333333 0.7863333333333333 0 0.005
0.535 0.872 0 0.005
0.536 0.062 0 0.005
0.536 0.594 0 0.005
0.536 0.661 0 0.005
0.536 0.75 0 0.005
0.5395 0.0445 0 0.005
0.537 0.828 0 0.005
0.538 0.079 0 0.005
0.538 0.091 0 0.005
0.538 0.203 0 0.005
0.538 0.438 0 0.005
0.538 0.49 0 0.005
0.538 0.717 0 0.005
0.538 0.816 0 0.005
0.539 0.02 0 0.005
0.539 0.161 0 0.005
0.543 0.3245 0 0.005
0.539 0.411 0 0.005
0.539 0.452 0 0.005
0.544 0.7685 0 0.005
0.54 0.506 0 0.005
0.54 0.695 0 0.005
0.54 0.804 0 0.005
0.54625 0.1095 0 0.005
0.5506666666666666 0.286 0 0.005
0.541 0.301 0 0.005
0.541 0.971 0 0.005
0.542 0.944 0 0.005
0.543 0.175 0 0.005
0.543 0.351 0 0.005
0.543 0.733 0 0.005
0.543 0.985 0 0.005
0.5465 0.2675 0 0.005
0.549 0.5495 0 0.005
0.544 0.581 0 0.005
0.544 0.899 0 0.005
0.545 0.192 0 0.005
0.545 0.534 0 0.005
0.545 0.619 0 0.005
0.545 0.957 0 0.005
0.546 0.241 0 0.005
0.547 0.151 0 0.005
0.547 0.479 0 0.005
0.547 0.522 0 0.005
0.547 0.607 0 0.005
0.547 0.635 0 0.005
0.547 0.677 0 0.005
0.548 0.22 0 0.005
0.548 0.372 0 0.005
0.548 0.656 0 0.005
0.548 0.746 0 0.005
0.549 0.007 0 0.005
0.549 0.029 0 0.005
0.549 0.996225352112676 0 0.005
0.55 0.42 0 0.005
0.5545 0.436 0 0.005
0.55 0.758 0 0.005
0.55 0.87 0 0.005
0.551 0.138 0 0.005
0.556 0.3815 0 0.005
0.551 0.569 0 0.005
0.551 0.882 0 0.005
0.552 0.041 0 0.005
0.552 0.071 0 0.005
0.552 0.452 0 0.005
0.552 0.699 0 0.005
0.552 0.823 0 0.005
0.553 0.253 0 0.005
0.554 0.398 0 0.005
0.557 0.4715 0 0.005
0.554 0.595 0 0.005
0.554 0.843 0 0.005
0.5595 0.9095 0 0.005
0.555 0.056 0 0.005
0.5575 0.3135 0 0.005
0.555 0.358 0 0.005
0.555 0.49 0 0.005
0.5575 0.7235 0 0.005
0.56 0.9895 0 0.005
0.556 0.206 0 0.005
0.556 0.858 0 0.005
0.556 0.931 0 0.005
0.556 0.943 0 0.005
0.556 0.971 0 0.005
0.557 0.017 0 0.005
0.557 0.083 0 0.005
0.557 0.168 0 0.005
0.557 0.504 0 0.005
0.557 0.687 0 0.005
0.5646666666666667 0.24 0 0.005
0.558 0.809 0 0.005
0.559 0.186 0 0.005
0.559 0.344 0 0.005
0.563 0.6195 0 0.005
0.56 0.523 0 0.005
0.5635 0.654 0 0.005
0.561 0.27 0 0.005
0.562 0.418 0 0.005
0.562 0.755 0 0.005
0.562 0.871 0 0.005
0.563 0.139 0 0.005
0.563 0.445 0 0.005
0.563 0.586 0 0.005
0.563 0.637 0 0.005
0.5665 0.735 0 0.005
0.563 0.786 0 0.005
0.563 0.894 0 0.005
0.564 0.046 0 0.005
0.564 0.066 0 0.005
0.564 0.535 0 0.005
0.564 0.675 0 0.005
0.564 0.768 0 0.005
0.565 0.033 0 0.005
0.565 0.1 0 0.005
0.565 0.405 0 0.005
0.565 0.701 0 0.005
0.566 0.553 0 0.005
0.566 0.572 0 0.005
0.5712931937172775 0.006539267015706806 0 0.005
0.567 0.121 0 0.005
0.567 0.391 0 0.005
0.5705 0.458 0 0.005
0.567 0.956 0 0.005
0.5716666666666667 0.20233333333333334 0 0.005
0.568 0.365 0 0.005
0.568 0.927 0 0.005
0.568 0.976 0 0.005
0.569 0.021 0 0.005
0.569 0.155 0 0.005
0.569 0.292 0 0.005
0.569 0.846 0 0.005
0.5753333333333334 0.862 0 0.005
0.57 0.087 0 0.005
0.5745 0.32 0 0.005
0.57 0.82 0 0.005
0.5755 0.22 0 0.005
0.571 0.261 0 0.005
0.571 0.509 0 0.005
0.571 0.597 0 0.005
0.571 0.807 0 0.005
0.572 0.337 0 0.005
0.573 0.304 0 0.005
0.573 0.494 0 0.005
0.573 0.717 0 0.005
0.573 0.833 0 0.005
0.576 0.9485 0 0.005
0.5785 0.062 0 0.005
0.574 0.167 0 0.005
0.575 0.42 0 0.005
0.575 0.478 0 0.005
0.579 0.6975 0 0.005
0.576 0.351 0 0.005
0.576 0.433 0 0.005
0.576 0.543 0 0.005
0.576 0.773 0 0.005
0.577 0.274 0 0.005
0.577 0.382 0 0.005
0.577 0.583 0 0.005
0.577 0.741 0 0.005
0.578 0.031 0 0.005
0.578 0.761 0 0.005
0.59275 0.87425 0 0.005
0.579 0.143 0 0.005
0.579 0.908 0 0.005
0.579 0.9957317073170732 0 0.005
0.58 0.078 0 0.005
0.58 0.18 0 0.005
0.5885 0.4685 0 0.005
0.58 0.518 0 0.005
0.58 0.633 0 0.005
0.58 0.972 0 0.005
0.581 0.649 0 0.005
0.5845 0.1095 0 0.005
0.582 0.13 0 0.005
0.5955 0.61325 0 0.005
0.583 0.244 0 0.005
0.583 0.258 0 0.005
0.583 0.532 0 0.005
0.583 0.663 0 0.005
0.583 0.791 0 0.005
0.583 0.803 0 0.005
0.584 0.557 0 0.005
0.584 0.728 0 0.005
0.584 0.92 0 0.005
0.584 0.934 0 0.005
0.585 0.014 0 0.005
0.585 0.332 0 0.005
0.585 0.361 0 0.005
0.585 0.392 0 0.005
0.585 0.676 0 0.005
0.585 0.845 0 0.005
0.586 0.044 0 0.005
0.586 0.165 0 0.005
0.586 0.193 0 0.005
0.587 0.153 0 0.005
0.5895 0.3065 0 0.005
0.587 0.404 0 0.005
0.587 0.42 0 0.005
0.587 0.497 0 0.005
0.588 0.348 0 0.005
0.588 0.446 0 0.005
0.588 0.572 0 0.005
0.6103333333333334 0.7663333333333334 0 0.005
0.588 0.898 0 0.005
0.588 0.984 0 0.005
0.589 0.225 0 0.005
0.589 0.284 0 0.005
0.589 0.588 0 0.005
0.589 0.825 0 0.005
0.59 0.206 0 0.005
0.59 0.688 0 0.005
0.593 0.7345 0 0.005
0.591 0.752 0 0.005
0.591 0.996225352112676 0 0.005
0.592 0.088 0 0.005
0.592 0.511 0 0.005
0.592 0.629 0 0.005
0.6023333333333334 0.954 0 0.005
0.593 0.024 0 0.005
0.593 0.432 0 0.005
0.593 0.548 0 0.005
0.597 0.3665 0 0.005
0.594 0.71 0 0.005
0.5985 0.788 0 0.005
0.595 0.003763440860215054 0 0.005
0.595 0.134 0 0.005
0.595 0.854 0 0.005
0.5985 0.0725 0 0.005
0.596 0.103 0 0.005
0.596 0.244 0 0.005
0.603 0.9213333333333333 0 0.005
0.596 0.937 0 0.005
0.597 0.97 0 0.005
0.6015 0.05 0 0.005
0.598 0.146 0 0.005
0.598 0.185 0 0.005
0.598 0.267 0 0.005
0.598 0.392 0 0.005
0.598 0.523 0 0.005
0.599 0.165 0 0.005
0.599 0.216 0 0.005
0.599 0.647 0 0.005
0.599 0.84 0 0.005
0.599 0.885 0 0.005
0.6 0.198 0 0.005
0.6 0.343 0 0.005
0.6 0.497 0 0.005
0.6025 0.6715 0 0.005
0.601 0.587 0 0.005
0.602 0.289 0 0.005
0.6055 0.739 0 0.005
0.606 0.0275 0 0.005
0.603 0.535 0 0.005
0.603 0.556 0 0.005
0.603 0.809 0 0.005
0.604 0.301 0 0.005
0.604 0.484 0 0.005
0.605 0.325 0 0.005
0.606 0.313 0 0.005
0.606 0.407 0 0.005
0.61 0.5705 0 0.005
0.606 0.605 0 0.005
0.606 0.708 0 0.005
0.606 0.898 0 0.005
0.606 0.99 0 0.005
0.607 0.123 0 0.005
0.6095 0.2705 0 0.005
0.607 0.429 0 0.005
0.607 0.441 0 0.005
0.607 0.721 0 0.005
0.607 0.822 0 0.005
0.608 0.003763440860215054 0 0.005
0.6135 0.6955 0 0.005
0.609 0.11 0 0.005
0.609 0.455 0 0.005
0.609 0.774 0 0.005
0.61 0.087 0 0.005
0.61 0.209 0 0.005
0.61 0.374 0 0.005
0.61 0.389 0 0.005
0.611 0.137 0 0.005
0.611 0.25 0 0.005
0.611 0.468 0 0.005
0.611 0.634 0 0.005
0.611 0.911 0 0.005
0.611 0.97 0 0.005
0.612 0.161 0 0.005
0.612 0.194 0 0.005
0.612 0.229 0 0.005
0.612 0.351 0 0.005
0.612 0.521 0 0.005
0.6255 0.893 0 0.005
0.613 0.504 0 0.005
0.614 0.072 0 0.005
0.614 0.339 0 0.005
0.614 0.648 0 0.005
0.614 0.941 0 0.005
0.615 0.058 0 0.005
0.615 0.173 0 0.005
0.6253333333333334 0.2886666666666667 0 0.005
0.615 0.595 0 0.005
0.615 0.789 0 0.005
0.62 0.4865 0 0.005
0.6262000000000001 0.6592 0 0.005
0.617 0.419 0 0.005
0.618 0.046 0 0.005
0.618 0.303 0 0.005
0.618 0.327 0 0.005
0.618 0.539 0 0.005
0.623 0.5815 0 0.005
0.6215 0.742 0 0.005
0.618 0.849 0 0.005
0.619 0.406 0 0.005
0.619 0.802 0 0.005
0.619 0.837 0 0.005
0.619 0.988 0 0.005
0.62 0.00434313725490196 0 0.005
0.62 0.101 0 0.005
0.62 0.12 0 0.005
0.62 0.241 0 0.005
0.62 0.431 0 0.005
0.623 0.6085 0 0.005
0.63025 0.71325 0 0.005
0.62 0.863 0 0.005
0.622 0.016 0 0.005
0.622 0.028 0 0.005
0.6255 0.204 0 0.005
0.622 0.273 0 0.005
0.623 0.145 0 0.005
0.6275 0.387 0 0.005
0.6275 0.449 0 0.005
0.623 0.821 0 0.005
0.624 0.081 0 0.005
0.624 0.182 0 0.005
0.624 0.367 0 0.005
0.624 0.464 0 0.005
0.624 0.556 0 0.005
0.624 0.637 0 0.005
0.625 0.502 0 0.005
0.626 0.568 0 0.005
0.626 0.911 0 0.005
0.633094674556213 0.9943195266272189 0 0.005
0.627 0.318 0 0.005
0.627 0.337 0 0.005
0.6325 0.349 0 0.005
0.6325 0.935 0 0.005
0.627 0.953 0 0.005
0.628 0.069 0 0.005
0.629 0.224 0 0.005
0.629 0.417 0 0.005
0.629 0.519 0 0.005
0.63 0.258 0 0.005
0.63 0.688 0 0.005
0.63 0.795 0 0.005
0.631 0.054 0 0.005
0.631 0.171 0 0.005
0.6383333333333334 0.8586666666666666 0 0.005
0.631 0.871 0 0.005
0.632 0.103 0 0.005
0.632 0.123 0 0.005
0.632 0.157 0 0.005
0.632 0.435 0 0.005
0.632 0.726 0 0.005
0.632 0.971 0 0.005
0.633 0.135 0 0.005
0.633 0.238 0 0.005
0.634 0.023 0 0.005
0.639 0.2145 0 0.005
0.634 0.27 0 0.005
0.634 0.305 0 0.005
0.634 0.399 0 0.005
0.634 0.472 0 0.005
0.634 0.615 0 0.005
0.638 0.7835 0 0.005
0.6507999999999999 0.8242 0 0.005
0.64475 0.0805 0 0.005
0.6406666666666666 0.747 0 0.005
0.636 0.816 0 0.005
0.637 0.485 0 0.005
0.637 0.665 0 0.005
0.638 0.01 0 0.005
0.638 0.538 0 0.005
0.638 0.627 0 0.005
0.639 0.367 0 0.005
0.639 0.551 0 0.005
0.639 0.568 0 0.005
0.64 0.04 0 0.005
0.64 0.249 0 0.005
0.64 0.88 0 0.005
0.641 0.063 0 0.005
0.644 0.4275 0 0.005
0.641 0.592 0 0.005
0.641 0.892 0 0.005
0.641 0.919 0 0.005
0.642 0.604 0 0.005
0.642 0.681 0 0.005
0.642 0.961 0 0.005
0.643 0.114 0 0.005
0.643 0.201 0 0.005
0.643 0.261 0 0.005
0.643 0.314 0 0.005
0.644 0.188 0 0.005
0.6533333333333333 0.505 0 0.005
0.644 0.726 0 0.005
0.645 0.176 0 0.005
0.646 0.154 0 0.005
0.646 0.327 0 0.005
0.646 0.405 0 0.005
0.6495 0.654 0 0.005
0.646 0.698 0 0.005
0.646 0.773 0 0.005
0.647 0.138 0 0.005
0.6533333333333333 0.2836666666666667 0 0.005
0.647 0.297 0 0.005
0.647 0.468 0 0.005
0.648 0.234 0 0.005
0.648 0.387 0 0.005
0.648 0.523 0 0.005
0.649 0.806 0 0.005
0.649 0.85 0 0.005
0.649 0.931 0 0.005
0.6553333333333333 0.97 0 0.005
0.6545 0.37 0 0.005
0.651 0.45 0 0.005
0.651 0.947 0 0.005
0.6555 0.048 0 0.005
0.652 0.565 0 0.005
0.653 0.353 0 0.005
0.653 0.577 0 0.005
0.653 0.717 0 0.005
0.654 0.003763440860215054 0 0.005
0.654 0.025 0 0.005
0.654 0.635 0 0.005
0.654 0.686 0 0.005
0.654 0.895 0 0.005
0.654 0.986 0 0.005
0.6585 0.417 0 0.005
0.655 0.484 0 0.005
0.655 0.792 0 0.005
0.655 0.836 0 0.005
0.656 0.108 0 0.005
0.656 0.212 0 0.005
0.656 0.337 0 0.005
0.656 0.533 0 0.005
0.656 0.552 0 0.005
0.656 0.671 0 0.005
0.661 0.9095 0 0.005
0.657 0.592 0 0.005
0.657 0.621 0 0.005
0.658 0.123 0 0.005
0.658 0.15 0 0.005
0.658 0.261 0 0.005
0.658 0.461 0 0.005
0.658 0.701 0 0.005
0.658 0.749 0 0.005
0.667 0.32139999999999996 0 0.005
0.659 0.609 0 0.005
0.659 0.867 0 0.005
0.659 0.996225352112676 0 0.005
0.66 0.731 0 0.005
0.661 0.082 0 0.005
0.661 0.138 0 0.005
0.661 0.441 0 0.005
0.661 0.85 0 0.005
0.661 0.88 0 0.005
0.661 0.936 0 0.005
0.662 0.246 0 0.005
0.662 0.396 0 0.005
0.662 0.766 0 0.005
0.662 0.778 0 0.005
0.663 0.015 0 0.005
0.663 0.17 0 0.005
0.663 0.201 0 0.005
0.663 0.229 0 0.005
0.663 0.651 0 0.005
0.664 0.033 0 0.005
0.664 0.184 0 0.005
0.664 0.948 0 0.005
0.6675 0.4695 0 0.005
0.666 0.003763440860215054 0 0.005
0.666 0.515 0 0.005
0.667 0.094 0 0.005
0.6705 0.286 0 0.005
0.667 0.352 0 0.005
0.667 0.364 0 0.005
0.671 0.3795 0 0.005
0.667 0.69 0 0.005
0.667 0.894 0 0.005
0.668 0.567 0 0.005
0.668 0.579 0 0.005
0.6745 0.0685 0 0.005
0.669 0.452 0 0.005
0.669 0.488 0 0.005
0.669 0.591 0 0.005
0.669 0.626 0 0.005
0.669 0.793 0 0.005
0.67 0.425 0 0.005
0.67 0.664 0 0.005
0.6735 0.843 0 0.005
0.67 0.963 0 0.005
0.671 0.053 0 0.005
0.671 0.113 0 0.005
0.6765 0.615 0 0.005
0.671 0.676 0 0.005
0.6823333333333333 0.13166666666666665 0 0.005
0.6765 0.215 0 0.005
0.672 0.729 0 0.005
0.6745 0.8785 0 0.005
0.672 0.925 0 0.005
0.673 0.535 0 0.005
0.673 0.549 0 0.005
0.673 0.716 0 0.005
0.673 0.86 0 0.005
0.673 0.979 0 0.005
0.674 0.251 0 0.005
0.674 0.405 0 0.005
0.674 0.826 0 0.005
0.674 0.991 0 0.005
0.675 0.174 0 0.005
0.675 0.192 0 0.005
0.675 0.232 0 0.005
0.6785 0.776 0 0.005
0.676 0.158 0 0.005
0.676 0.304 0 0.005
0.683 0.3923333333333333 0 0.005
0.676 0.741 0 0.005
0.676 0.941 0 0.005
0.677 0.019 0 0.005
0.677 0.263 0 0.005
0.677 0.478 0 0.005
0.6825 0.704 0 0.005
0.678 0.00434313725490196 0 0.005
0.678 0.641 0 0.005
0.678 0.803 0 0.005
0.678 0.906 0 0.005
0.6875 0.3045 0 0.005
0.679 0.343 0 0.005
0.679 0.756 0 0.005
0.68 0.078 0 0.005
0.68 0.09 0 0.005
0.68 0.518 0 0.005
0.681 0.037 0 0.005
0.681 0.144 0 0.005
0.681 0.361 0 0.005
0.681 0.436 0 0.005
0.6835 0.4555 0 0.005
0.684 0.577 0 0.005
0.682 0.104 0 0.005
0.682 0.275 0 0.005
0.682 0.657 0 0.005
0.682 0.683 0 0.005
0.682 0.964 0 0.005
0.685 0.493 0 0.005
0.685 0.599 0 0.005
0.69 0.4225 0 0.005
0.686 0.826 0 0.005
0.686 0.919 0 0.005
0.6905 0.972 0 0.005
0.687 0.05 0 0.005
0.6995 0.19975 0 0.005
0.687 0.231 0 0.005
0.687 0.784 0 0.005
0.687 0.839 0 0.005
0.687 0.857 0 0.005
0.687 0.931 0 0.005
0.688 0.168 0 0.005
0.688 0.506 0 0.005
0.688 0.871 0 0.005
0.688 0.996225352112676 0 0.005
0.689 0.18 0 0.005
0.689 0.26 0 0.005
0.689 0.538 0 0.005
0.689 0.728 0 0.005
0.69 0.116 0 0.005
0.69 0.244 0 0.005
0.69 0.888 0 0.005
0.691 0.003763440860215054 0 0.005
0.695 0.6375 0 0.005
0.691 0.947 0 0.005
0.692 0.015 0 0.005
0.696 0.0585 0 0.005
0.692 0.078 0 0.005
0.692 0.091 0 0.005
0.707 0.34575 0 0.005
0.692 0.374 0 0.005
0.692 0.692 0 0.005
0.692 0.742 0 0.005
0.693 0.219 0 0.005
0.693 0.361 0 0.005
0.693 0.477 0 0.005
0.693 0.563 0 0.005
0.693 0.9 0 0.005
0.694 0.672 0 0.005
0.694 0.756 0 0.005
0.6995 0.8095 0 0.005
0.6995 0.154 0 0.005
0.7 0.2805 0 0.005
0.695 0.33 0 0.005
0.695 0.551 0 0.005
0.695 0.769 0 0.005
0.706 0.791 0 0.005
0.696 0.614 0 0.005
0.697 0.444 0 0.005
0.701 0.5295 0 0.005
0.697 0.716 0 0.005
0.697 0.989 0 0.005
0.698 0.028 0 0.005
0.698 0.103 0 0.005
0.7015 0.459 0 0.005
0.7025 0.591 0 0.005
0.698 0.83 0 0.005
0.699 0.04 0 0.005
0.7045 0.8415 0 0.005
0.7 0.127 0 0.005
0.7 0.233 0 0.005
0.7025 0.3925 0 0.005
0.7 0.702 0 0.005
0.7 0.871 0 0.005
0.7025 0.9205 0 0.005
0.701 0.173 0 0.005
0.7055 0.255 0 0.005
0.701 0.728 0 0.005
0.702 0.318 0 0.005
0.702 0.513 0 0.005
0.703 0.412 0 0.005
0.703 0.646 0 0.005
0.704 0.016 0 0.005
0.704 0.492 0 0.005
0.704 0.574 0 0.005
0.704 0.779 0 0.005
0.704 0.938 0 0.005
0.705 0.185 0 0.005
0.705 0.48 0 0.005
0.705 0.857 0 0.005
0.7105 0.898 0 0.005
0.705 0.9967166666666667 0 0.005
0.706 0.071 0 0.005
0.706 0.142 0 0.005
0.706 0.374 0 0.005
0.706 0.562 0 0.005
0.706 0.664 0 0.005
0.706 0.744 0 0.005
0.7105 0.327 0 0.005
0.707 0.767 0 0.005
0.707 0.819 0 0.005
0.707 0.95 0 0.005
0.722 0.266 0 0.005
0.709 0.436 0 0.005
0.709 0.881 0 0.005
0.71 0.683 0 0.005
0.711 0.084 0 0.005
0.716 0.4185 0 0.005
0.711 0.619 0 0.005
0.711 0.709 0 0.005
0.711 0.971 0 0.005
0.712 0.0027746478873239434 0 0.005
0.7175 0.055 0 0.005
0.712 0.303 0 0.005
0.712 0.398 0 0.005
0.712 0.696 0 0.005
0.713 0.634 0 0.005
0.713 0.732 0 0.005
0.713 0.869 0 0.005
0.714 0.104 0 0.005
0.714 0.117 0 0.005
0.7193333333333334 0.921 0 0.005
0.715 0.983 0 0.005
0.716 0.13 0 0.005
0.7185 0.1495 0 0.005
0.716 0.17 0 0.005
0.716 0.221 0 0.005
0.716 0.462 0 0.005
0.716 0.546 0 0.005
0.716 0.585 0 0.005
0.717 0.523 0 0.005
0.717 0.569 0 0.005
0.722 0.6085 0 0.005
0.717 0.757 0 0.005
0.718 0.013 0 0.005
0.718 0.357 0 0.005
0.718 0.5 0 0.005
0.718 0.812 0 0.005
0.723 0.9565 0 0.005
0.718 0.9967166666666667 0 0.005
0.719 0.039 0 0.005
0.719 0.287 0 0.005
0.719 0.487 0 0.005
0.719 0.827 0 0.005
0.7235 0.653 0 0.005
0.7283333333333334 0.8603333333333334 0 0.005
0.721 0.025 0 0.005
0.721 0.092 0 0.005
0.721 0.24 0 0.005
0.722 0.384 0 0.005
0.722 0.722 0 0.005
0.723 0.065 0 0.005
0.723 0.313 0 0.005
0.723 0.37 0 0.005
0.723 0.427 0 0.005
0.723 0.769 0 0.005
0.724 0.078 0 0.005
0.724 0.558 0 0.005
0.7275 0.699 0 0.005
0.724 0.799 0 0.005
0.725 0.181 0 0.005
0.7305 0.405 0 0.005
0.725 0.449 0 0.005
0.725 0.624 0 0.005
0.726 0.003268292682926829 0 0.005
0.7315 0.509 0 0.005
0.726 0.875 0 0.005
0.726 0.903 0 0.005
0.727 0.203 0 0.005
0.7313333333333334 0.29633333333333334 0 0.005
0.727 0.475 0 0.005
0.7315 0.665 0 0.005
0.727 0.94 0 0.005
0.7335 0.4595 0 0.005
0.728 0.682 0 0.005
0.728 0.748 0 0.005
0.7305 0.8365 0 0.005
0.728 0.889 0 0.005
0.729 0.102 0 0.005
0.729 0.163 0 0.005
0.729 0.325 0 0.005
0.729 0.576 0 0.005
0.729 0.782 0 0.005
0.74 0.11366666666666667 0 0.005
0.73 0.128 0 0.005
0.7325 0.5955 0 0.005
0.73 0.819 0 0.005
0.73 0.985 0 0.005
0.73 0.9957317073170732 0 0.005
0.731 0.222 0 0.005
0.732 0.527 0 0.005
0.732 0.969 0 0.005
0.733 0.345 0 0.005
0.738 0.3615 0 0.005
0.734 0.732 0 0.005
0.735 0.037 0 0.005
0.742 0.06466666666666668 0 0.005
0.736 0.144 0 0.005
0.736 0.393 0 0.005
0.7395 0.628 0 0.005
0.736 0.764 0 0.005
0.7405 0.089 0 0.005
0.737 0.539 0 0.005
0.737 0.554 0 0.005
0.737 0.566 0 0.005
0.738 0.003763440860215054 0 0.005
0.738 0.02 0 0.005
0.738 0.421 0 0.005
0.738 0.435 0 0.005
0.738 0.8 0 0.005
0.739 0.494 0 0.005
0.7435 0.253 0 0.005
0.74 0.751 0 0.005
0.74 0.931 0 0.005
0.74 0.952 0 0.005
0.7473333333333334 0.15566666666666665 0 0.005
0.7493333333333334 0.189 0 0.005
0.741 0.518 0 0.005
0.741 0.786 0 0.005
0.742 0.175 0 0.005
0.742 0.38 0 0.005
0.742 0.9967166666666667 0 0.005
0.743 0.235 0 0.005
0.743 0.673 0 0.005
0.743 0.717 0 0.005
0.743 0.849 0 0.005
0.743 0.894 0 0.005
0.743 0.915 0 0.005
0.744 0.223 0 0.005
0.744 0.476 0 0.005
0.744 0.689 0 0.005
0.744 0.882 0 0.005
0.744 0.98 0 0.005
0.745 0.048 0 0.005
0.745 0.21 0 0.005
0.7533333333333334 0.296 0 0.005
0.745 0.966 0 0.005
0.746 0.591 0 0.005
0.746 0.833 0 0.005
0.7515 0.317 0 0.005
0.747 0.653 0 0.005
0.7526666666666666 0.746 0 0.005
0.748 0.279 0 0.005
0.748 0.352 0 0.005
0.748 0.604 0 0.005
0.748 0.818 0 0.005
0.749 0.337 0 0.005
0.749 0.565 0 0.005
0.749 0.702 0 0.005
0.75 0.578 0 0.005
0.751 0.135 0 0.005
0.751 0.403 0 0.005
0.751 0.416 0 0.005
0.751 0.531 0 0.005
0.752 0.434 0 0.005
0.7575 0.4885 0 0.005
0.752 0.776 0 0.005
0.752 0.99 0 0.005
0.753 0.503 0 0.005
0.765 0.033 0 0.005
0.754 0.375 0 0.005
0.754 0.39 0 0.005
0.754 0.546 0 0.005
0.754 0.789 0 0.005
0.755 0.447 0 0.005
0.755 0.639 0 0.005
0.7595 0.716 0 0.005
0.7633333333333334 0.867 0 0.005
0.755 0.89 0 0.005
0.755 0.923 0 0.005
0.756 0.689 0 0.005
0.756 0.851 0 0.005
0.757 0.226 0 0.005
0.757 0.239 0 0.005
0.757 0.466 0 0.005
0.757 0.675 0 0.005
0.757 0.942 0 0.005
0.757 0.955 0 0.005
0.757 0.967 0 0.005
0.758 0.083 0 0.005
0.758 0.105 0 0.005
0.758 0.904 0 0.005
0.759 0.52 0 0.005
0.759 0.621 0 0.005
0.759 0.732 0 0.005
0.759 0.836 0 0.005
0.76 0.214 0 0.005
0.76 0.265 0 0.005
0.76 0.592 0 0.005
0.76 0.653 0 0.005
0.76 0.802 0 0.005
0.761 0.005 0 0.005
0.762 0.202 0 0.005
0.762 0.578 0 0.005
0.763 0.062 0 0.005
0.763 0.121 0 0.005
0.763 0.146 0 0.005
0.763 0.164 0 0.005
0.763 0.423 0 0.005
0.763 0.565 0 0.005
0.764 0.277 0 0.005
0.764 0.772 0 0.005
0.765 0.36 0 0.005
0.766 0.176 0 0.005
0.766 0.392 0 0.005
0.766 0.818 0 0.005
0.766 0.914 0 0.005
0.7709031141868512 0.9900207612456747 0 0.005
0.767 0.134 0 0.005
0.767 0.325 0 0.005
0.767 0.455 0 0.005
0.768 0.249 0 0.005
0.768 0.5 0 0.005
0.7715 0.556 0 0.005
0.768 0.895 0 0.005
0.773 0.0105 0 0.005
0.769 0.224 0 0.005
0.769 0.377 0 0.005
0.769 0.405 0 0.005
0.769 0.846 0 0.005
0.769 0.927 0 0.005
0.77 0.307 0 0.005
0.774 0.3375 0 0.005
0.77 0.679 0 0.005
0.771 0.091 0 0.005
0.771 0.237 0 0.005
0.771 0.512 0 0.005
0.7755 0.542 0 0.005
0.771 0.607 0 0.005
0.771 0.619 0 0.005
0.776 0.6975 0 0.005
0.771 0.789 0 0.005
0.776 0.1085 0 0.005
0.772 0.667 0 0.005
0.772 0.76 0 0.005
0.7755 0.825 0 0.005
0.772 0.964 0 0.005
0.773 0.526 0 0.005
0.773 0.652 0 0.005
0.773 0.736 0 0.005
0.774 0.593 0 0.005
0.774 0.631 0 0.005
0.774 0.944 0 0.005
0.775 0.079 0 0.005
0.7795 0.151 0 0.005
0.775 0.465 0 0.005
0.775 0.478 0 0.005
0.7805 0.5755 0 0.005
0.776 0.067 0 0.005
0.776 0.125 0 0.005
0.776 0.435 0 0.005
0.776 0.715 0 0.005
0.777 0.189 0 0.005
0.777 0.362 0 0.005
0.777 0.776 0 0.005
0.778 0.267 0 0.005
0.778 0.386 0 0.005
0.779 0.284 0 0.005
0.779 0.919 0 0.005
0.7825 0.2105 0 0.005
0.78 0.315 0 0.005
0.78 0.495 0 0.005
0.78 0.883 0 0.005
0.7845 0.901 0 0.005
0.781 0.167 0 0.005
0.782 0.054 0 0.005
0.782 0.255 0 0.005
0.782 0.416 0 0.005
0.783 0.018 0 0.005
0.7873333333333333 0.084 0 0.005
0.783 0.802 0 0.005
0.783 0.864 0 0.005
0.783 0.954 0 0.005
0.784 0.399 0 0.005
0.784 0.66 0 0.005
0.784 0.727 0 0.005
0.785 0.179 0 0.005
0.785 0.243 0 0.005
0.7885 0.349 0 0.005
0.785 0.526 0 0.005
0.7885 0.749 0 0.005
0.7895 0.769 0 0.005
0.785 0.973 0 0.005
0.786 0.295 0 0.005
0.786 0.647 0 0.005
0.79 0.841 0 0.005
0.787 0.03 0 0.005
0.787 0.596 0 0.005
0.787 0.937 0 0.005
0.788 0.43 0 0.005
0.788 0.448 0 0.005
0.788 0.478 0 0.005
0.788 0.612 0 0.005
0.788 0.627 0 0.005
0.789 0.228 0 0.005
0.789 0.56 0 0.005
0.789 0.677 0 0.005
0.789 0.992 0 0.005
0.79 0.104 0 0.005
0.79 0.366 0 0.005
0.79 0.875 0 0.005
0.791 0.322 0 0.005
0.791 0.513 0 0.005
0.791 0.689 0 0.005
0.791 0.712 0 0.005
0.792 0.139 0 0.005
0.792 0.278 0 0.005
0.792 0.925 0 0.005
0.793 0.00434313725490196 0 0.005
0.793 0.334 0 0.005
0.794 0.382 0 0.005
0.794 0.415 0 0.005
0.794 0.89 0 0.005
0.795 0.053 0 0.005
0.795 0.121 0 0.005
0.795 0.168 0 0.005
0.795 0.265 0 0.005
0.8005 0.465 0 0.005
0.795 0.789 0 0.005
0.796 0.156 0 0.005
0.796 0.194 0 0.005
0.796 0.307 0 0.005
0.796 0.501 0 0.005
0.796 0.637 0 0.005
0.796 0.813 0 0.005
0.796 0.962 0 0.005
0.797 0.066 0 0.005
0.797 0.536 0 0.005
0.797 0.862 0 0.005
0.804 0.21133333333333335 0 0.005
0.798 0.397 0 0.005
0.798 0.731 0 0.005
0.799 0.016 0 0.005
0.8025 0.979 0 0.005
0.8 0.181 0 0.005
0.8 0.569 0 0.005
0.8 0.605 0 0.005
0.801 0.344 0 0.005
0.801 0.676 0 0.005
0.801 0.903 0 0.005
0.802 0.107 0 0.005
0.802 0.877 0 0.005
0.803 0.039 0 0.005
0.803 0.254 0 0.005
0.803 0.29 0 0.005
0.803 0.324 0 0.005
0.803 0.361 0 0.005
0.803 0.488 0 0.005
0.803 0.66 0 0.005
0.8065 0.0745 0 0.005
0.804 0.437 0 0.005
0.804 0.453 0 0.005
0.804 0.717 0 0.005
0.804 0.823 0 0.005
0.804 0.917 0 0.005
0.81 0.0955 0 0.005
0.8075 0.5515 0 0.005
0.805 0.705 0 0.005
0.805 0.951 0 0.005
0.806 0.232 0 0.005
0.806 0.416 0 0.005
0.806 0.625 0 0.005
0.806 0.853 0 0.005
0.806 0.936 0 0.005
0.807 0.123 0 0.005
0.807 0.524 0 0.005
0.807 0.59 0 0.005
0.807 0.769 0 0.005
0.807 0.786 0 0.005
0.807 0.84 0 0.005
0.808 0.057 0 0.005
0.808 0.501 0 0.005
0.808 0.638 0 0.005
0.809 0.268 0 0.005
0.812 0.7525 0 0.005
0.809 0.805 0 0.005
0.809 0.993 0 0.005
0.8178 0.1442 0 0.005
0.811 0.38 0 0.005
0.811 0.65 0 0.005
0.811 0.891 0 0.005
0.813 0.005 0 0.005
0.813 0.165 0 0.005
0.813 0.864 0 0.005
0.814 0.019 0 0.005
0.814 0.341 0 0.005
0.814 0.406 0 0.005
0.814 0.605 0 0.005
0.815 0.037 0 0.005
0.815 0.484 0 0.005
0.815 0.573 0 0.005
0.815 0.69 0 0.005
0.816 0.437 0 0.005
0.8255 0.7075 0 0.005
0.825 0.9076666666666666 0 0.005
0.817 0.115 0 0.005
0.817 0.244 0 0.005
0.817 0.318 0 0.005
0.817 0.451 0 0.005
0.817 0.83 0 0.005
0.82475 0.537 0 0.005
0.818 0.95 0 0.005
0.818 0.963 0 0.005
0.819 0.084 0 0.005
0.819 0.178 0 0.005
0.819 0.191 0 0.005
0.819 0.212 0 0.005
0.8225 0.261 0 0.005
0.819 0.302 0 0.005
0.819 0.519 0 0.005
0.819 0.593 0 0.005
0.819 0.675 0 0.005
0.819 0.977 0 0.005
0.82 0.504 0 0.005
0.8306666666666667 0.284 0 0.005
0.821 0.391 0 0.005
0.821 0.471 0 0.005
0.821 0.616 0 0.005
0.8306666666666667 0.7376666666666666 0 0.005
0.821 0.781 0 0.005
0.821 0.848 0 0.005
0.822 0.068 0 0.005
0.8255 0.371 0 0.005
0.822 0.633 0 0.005
0.822 0.658 0 0.005
0.822 0.769 0 0.005
0.822 0.874 0 0.005
0.825905325443787 0.9943195266272189 0 0.005
0.823 0.353 0 0.005
0.823 0.56 0 0.005
0.827 0.7525 0 0.005
0.823 0.936 0 0.005
0.83 0.22966666666666666 0 0.005
0.824 0.812 0 0.005
0.825 0.923 0 0.005
0.827 0.028 0 0.005
0.827 0.798 0 0.005
0.827 0.891 0 0.005
0.828 0.428 0 0.005
0.829 0.1 0 0.005
0.829 0.413 0 0.005
0.829 0.645 0 0.005
0.829 0.826 0 0.005
0.829 0.838 0 0.005
0.83 0.003763440860215054 0 0.005
0.83 0.05 0 0.005
0.83 0.858 0 0.005
0.8355 0.9695 0 0.005
0.831 0.082 0 0.005
0.831 0.122 0 0.005
0.831 0.6 0 0.005
0.831 0.691 0 0.005
0.832 0.298 0 0.005
0.832 0.585 0 0.005
0.832 0.983 0 0.005
0.833 0.015 0 0.005
0.8375 0.164 0 0.005
0.8365 0.338 0 0.005
0.8355 0.3945 0 0.005
0.833 0.505 0 0.005
0.833 0.517 0 0.005
0.833 0.785 0 0.005
0.8385 0.066 0 0.005
0.8365 0.3155 0 0.005
0.834 0.954 0 0.005
0.835 0.487 0 0.005
0.84 0.5595 0 0.005
0.836 0.14 0 0.005
0.836 0.186 0 0.005
0.836 0.454 0 0.005
0.839 0.6125 0 0.005
0.836 0.634 0 0.005
0.836 0.724 0 0.005
0.836 0.814 0 0.005
0.837 0.201 0 0.005
0.837 0.466 0 0.005
0.838 0.249 0 0.005
0.838 0.768 0 0.005
0.839 0.214 0 0.005
0.839 0.439 0 0.005
0.839 0.93 0 0.005
0.839 0.942 0 0.005
0.84 0.658 0 0.005
0.84 0.671 0 0.005
0.841 0.845 0 0.005
0.841 0.868 0 0.005
0.842 0.049 0 0.005
0.842 0.896 0 0.005
0.843 0.037 0 0.005
0.843 0.096 0 0.005
0.843 0.355 0 0.005
0.843 0.368 0 0.005
0.843 0.414 0 0.005
0.843 0.803 0 0.005
0.844 0.265 0 0.005
0.844 0.382 0 0.005
0.844 0.585 0 0.005
0.845 0.111 0 0.005
0.845 0.501 0 0.005
0.845 0.541 0 0.005
0.845 0.786 0 0.005
0.851 0.8273333333333334 0 0.005
0.845 0.884 0 0.005
0.846 0.018 0 0.005
0.846 0.084 0 0.005
0.846 0.522 0 0.005
0.846 0.642 0 0.005
0.8515 0.985 0 0.005
0.847 0.003763440860215054 0 0.005
0.847 0.123 0 0.005
0.847 0.573 0 0.005
0.847 0.909 0 0.005
0.8575 0.45275 0 0.005
0.849 0.197 0 0.005
0.849 0.479 0 0.005
0.849 0.701 0 0.005
0.849 0.855 0 0.005
0.85 0.333 0 0.005
0.85 0.622 0 0.005
0.853 0.9485 0 0.005
0.8535 0.2225 0 0.005
0.851 0.24 0 0.005
0.851 0.315 0 0.005
0.851 0.393 0 0.005
0.851 0.424 0 0.005
0.851 0.596 0 0.005
0.851 0.683 0 0.005
0.851 0.762 0 0.005
0.852 0.173 0 0.005
0.852 0.66 0 0.005
0.852 0.72 0 0.005
0.852 0.927 0 0.005
0.8555 0.2605 0 0.005
0.858 0.2995 0 0.005
0.853 0.346 0 0.005
0.854 0.135 0 0.005
0.854 0.148 0 0.005
0.854 0.735 0 0.005
0.855 0.034 0 0.005
0.855 0.046 0 0.005
0.8606666666666666 0.359 0 0.005
0.856 0.9 0 0.005
0.857 0.077 0 0.005
0.857 0.103 0 0.005
0.857 0.281 0 0.005
0.8595 0.4105 0 0.005
0.857 0.53 0 0.005
0.857 0.608 0 0.005
0.857 0.807 0 0.005
0.858 0.018 0 0.005
0.861 0.5555 0 0.005
0.858 0.884 0 0.005
0.858 0.9967166666666667 0 0.005
0.8686666666666666 0.19533333333333333 0 0.005
0.859 0.631 0 0.005
0.8615 0.6485 0 0.005
0.859 0.774 0 0.005
0.86 0.0022833333333333334 0 0.005
0.86 0.059 0 0.005
0.86 0.121 0 0.005
0.86 0.207 0 0.005
0.86 0.509 0 0.005
0.865 0.7435 0 0.005
0.8655 0.968 0 0.005
0.861 0.164 0 0.005
0.8665 0.7885 0 0.005
0.861 0.86 0 0.005
0.861 0.872 0 0.005
0.862 0.848 0 0.005
0.862 0.914 0 0.005
0.863 0.245 0 0.005
0.8685 0.3275 0 0.005
0.863 0.593 0 0.005
0.863 0.672 0 0.005
0.863 0.687 0 0.005
0.8675 0.815 0 0.005
0.864 0.09 0 0.005
0.864 0.578 0 0.005
0.8695 0.425 0 0.005
0.869 0.4005 0 0.005
0.866 0.495 0 0.005
0.866 0.708 0 0.005
0.866 0.728 0 0.005
0.867 0.031 0 0.005
0.867 0.522 0 0.005
0.867 0.932 0 0.005
0.868 0.483 0 0.005
0.868 0.621 0 0.005
0.868 0.955 0 0.005
0.869 0.009 0 0.005
0.869 0.149 0 0.005
0.869 0.276 0 0.005
0.869 0.377 0 0.005
0.8745 0.467 0 0.005
0.8753333333333334 0.885 0 0.005
0.869 0.983 0 0.005
0.87 0.102 0 0.005
0.87 0.604 0 0.005
0.8786666666666666 0.5353333333333333 0 0.005
0.871 0.799 0 0.005
0.871 0.994656862745098 0 0.005
0.872 0.06 0 0.005
0.872 0.116 0 0.005
0.872 0.223 0 0.005
0.872 0.829 0 0.005
0.873 0.137 0 0.005
0.873 0.165 0 0.005
0.878 0.1815 0 0.005
0.873 0.312 0 0.005
0.873 0.363 0 0.005
0.873 0.439 0 0.005
0.873 0.772 0 0.005
0.874 0.757 0 0.005
0.875 0.591 0 0.005
0.875 0.641 0 0.005
0.875 0.719 0 0.005
0.875 0.842 0 0.005
0.875 0.862 0 0.005
0.8775 0.9145 0 0.005
0.88 0.0475 0 0.005
0.876 0.26 0 0.005
0.877 0.072 0 0.005
0.877 0.089 0 0.005
0.878 0.24 0 0.005
0.881 0.6575 0 0.005
0.879 0.0027746478873239434 0 0.005
0.879 0.577 0 0.005
0.879 0.681 0 0.005
0.879 0.731 0 0.005
0.88 0.344 0 0.005
0.88 0.385 0 0.005
0.88 0.702 0 0.005
0.881 0.282 0 0.005
0.881 0.295 0 0.005
0.882 0.148 0 0.005
0.882 0.373 0 0.005
0.882 0.506 0 0.005
0.882 0.56 0 0.005
0.882 0.954 0 0.005
0.883 0.017 0 0.005
0.8942 0.1028 0 0.005
0.883 0.548 0 0.005
0.883 0.621 0 0.005
0.884 0.478 0 0.005
0.884 0.785 0 0.005
0.884 0.992 0 0.005
0.885 0.435 0 0.005
0.885 0.451 0 0.005
0.885 0.52 0 0.005
0.885 0.801 0 0.005
0.885 0.854 0 0.005
0.886 0.173 0 0.005
0.886 0.492 0 0.005
0.886 0.742 0 0.005
0.8971428571428571 0.8458571428571429 0 0.005
0.886 0.894 0 0.005
0.886 0.94 0 0.005
0.8905 0.035 0 0.005
0.887 0.08 0 0.005
0.887 0.77 0 0.005
0.887 0.975 0 0.005
0.888 0.12 0 0.005
0.888 0.251 0 0.005
0.8925 0.313 0 0.005
0.888 0.333 0 0.005
0.888 0.608 0 0.005
0.888 0.634 0 0.005
0.8986666666666666 0.909 0 0.005
0.889 0.272 0 0.005
0.889 0.361 0 0.005
0.889 0.67 0 0.005
0.889 0.814 0 0.005
0.89 0.138 0 0.005
0.89 0.412 0 0.005
0.89 0.723 0 0.005
0.891 0.221 0 0.005
0.891 0.691 0 0.005
0.891 0.755 0 0.005
0.896 0.0605 0 0.005
0.892 0.209 0 0.005
0.892 0.348 0 0.005
0.892 0.424 0 0.005
0.893 0.003763440860215054 0 0.005
0.8965 0.151 0 0.005
0.893 0.593 0 0.005
0.893 0.703 0 0.005
0.894 0.238 0 0.005
0.894 0.296 0 0.005
0.894 0.395 0 0.005
0.8975 0.927 0 0.005
0.898 0.3705 0 0.005
0.895 0.563 0 0.005
0.896 0.181 0 0.005
0.896 0.443 0 0.005
0.896 0.461 0 0.005
0.901 0.4835 0 0.005
0.896 0.502 0 0.005
0.896 0.581 0 0.005
0.896 0.781 0 0.005
0.897 0.284 0 0.005
0.9025 0.659 0 0.005
0.9025 0.522 0 0.005
0.898 0.544 0 0.005
0.898 0.619 0 0.005
0.898 0.874 0 0.005
0.898 0.945 0 0.005
0.899 0.194 0 0.005
0.899 0.798 0 0.005
0.899 0.965 0 0.005
0.899 0.992 0 0.005
0.908 0.072 0 0.005
0.9 0.636 0 0.005
0.901 0.768 0 0.005
0.901 0.823 0 0.005
0.901 0.892 0 0.005
0.902 0.414 0 0.005
0.902 0.728 0 0.005
0.902 0.979 0 0.005
0.903 0.338 0 0.005
0.903 0.713 0 0.005
0.904 0.022 0 0.005
0.904 0.426 0 0.005
0.905 0.245 0 0.005
0.91 0.2665 0 0.005
0.909 0.3565 0 0.005
0.905 0.471 0 0.005
0.905 0.599 0 0.005
0.905 0.68 0 0.005
0.905 0.754 0 0.005
0.911 0.1545 0 0.005
0.9085 0.2215 0 0.005
0.909 0.2885 0 0.005
0.906 0.306 0 0.005
0.906 0.695 0 0.005
0.907 0.133 0 0.005
0.907 0.173 0 0.005
0.907 0.325 0 0.005
0.907 0.383 0 0.005
0.907 0.563 0 0.005
0.907 0.74 0 0.005
0.908 0.101 0 0.005
0.908 0.438 0 0.005
0.908 0.45 0 0.005
0.908 0.584 0 0.005
0.908 0.648 0 0.005
0.9105 0.8035 0 0.005
0.9145 0.957 0 0.005
0.91 0.511 0 0.005
0.91 0.873 0 0.005
0.911 0.185 0 0.005
0.911 0.544 0 0.005
0.911 0.834 0 0.005
0.911 0.941 0 0.005
0.912 0.01 0 0.005
0.912 0.204 0 0.005
0.912 0.398 0 0.005
0.913 0.045 0 0.005
0.913 0.784 0 0.005
0.914 0.411 0 0.005
0.915 0.373 0 0.005
0.915 0.611 0 0.005
0.915 0.704 0 0.005
0.915 0.716 0 0.005
0.915 0.767 0 0.005
0.915 0.992 0 0.005
0.9215 0.0935 0 0.005
0.9215 0.463 0 0.005
0.917 0.031 0 0.005
0.917 0.124 0 0.005
0.917 0.625 0 0.005
0.917 0.975 0 0.005
0.918 0.109 0 0.005
0.918 0.484 0 0.005
0.9245 0.2295 0 0.005
0.919 0.246 0 0.005
0.919 0.348 0 0.005
0.919 0.429 0 0.005
0.919 0.527 0 0.005
0.919 0.673 0 0.005
0.922 0.8835 0 0.005
0.919 0.92 0 0.005
0.92 0.312 0 0.005
0.923 0.5715 0 0.005
0.92 0.654 0 0.005
0.92 0.819 0 0.005
0.921 0.444 0 0.005
0.921 0.589 0 0.005
0.921 0.641 0 0.005
0.921 0.691 0 0.005
0.921 0.749 0 0.005
0.922 0.514 0 0.005
0.924 0.296 0 0.005
0.924 0.392 0 0.005
0.924 0.496 0 0.005
0.924 0.731 0 0.005
0.925 0.053 0 0.005
0.925 0.212 0 0.005
0.925 0.553 0 0.005
0.925 0.844 0 0.005
0.925 0.865 0 0.005
0.926 0.167 0 0.005
0.926 0.197 0 0.005
0.9315 0.359 0 0.005
0.9295 0.3385 0 0.005
0.927 0.83 0 0.005
0.932 0.12733333333333333 0 0.005
0.9325 0.374 0 0.005
0.9333333333333333 0.7683333333333334 0 0.005
0.928 0.903 0 0.005
0.9305 0.9245 0 0.005
0.928 0.942 0 0.005
0.9325 0.988 0 0.005
0.929 0.025 0 0.005
0.929 0.179 0 0.005
0.9315 0.2575 0 0.005
0.929 0.404 0 0.005
0.929 0.539 0 0.005
0.929 0.62 0 0.005
0.932 0.7935 0 0.005
0.93 0.0027746478873239434 0 0.005
0.93 0.606 0 0.005
0.93 0.682 0 0.005
0.93 0.713 0 0.005
0.931 0.013 0 0.005
0.931 0.067 0 0.005
0.931 0.15 0 0.005
0.931 0.478 0 0.005
0.932 0.038 0 0.005
0.932 0.109 0 0.005
0.932 0.972 0 0.005
0.933 0.283 0 0.005
0.933 0.591 0 0.005
0.933 0.641 0 0.005
0.934 0.45 0 0.005
0.934 0.518 0 0.005
0.934 0.668 0 0.005
0.935 0.323 0 0.005
0.935 0.504 0 0.005
0.935 0.694 0 0.005
0.935 0.742 0 0.005
0.9423333333333334 0.959 0 0.005
0.936 0.574 0 0.005
0.936 0.727 0 0.005
0.936 0.889 0 0.005
0.937 0.08 0 0.005
0.937 0.419 0 0.005
0.938 0.489 0 0.005
0.938 0.655 0 0.005
0.938 0.812 0 0.005
0.9405 0.8545 0 0.005
0.938 0.877 0 0.005
0.939 0.547 0 0.005
0.939 0.629 0 0.005
0.94 0.095 0 0.005
0.9425 0.1605 0 0.005
0.94 0.192 0 0.005
0.94 0.436 0 0.005
0.941 0.178 0 0.005
0.941 0.214 0 0.005
0.941 0.263 0 0.005
0.941 0.302 0 0.005
0.941 0.383 0 0.005
0.941 0.8 0 0.005
0.941 0.829 0 0.005
0.941 0.938 0 0.005
0.9486666666666667 0.23366666666666666 0 0.005
0.944 0.275 0 0.005
0.944 0.561 0 0.005
0.944 0.713 0 0.005
0.945 0.031 0 0.005
0.9495 0.046 0 0.005
0.945 0.109 0 0.005
0.945 0.466 0 0.005
0.945 0.902 0 0.005
0.946 0.143 0 0.005
0.946 0.29 0 0.005
0.949 0.3365 0 0.005
0.946 0.399 0 0.005
0.951 0.5265 0 0.005
0.946 0.589 0 0.005
0.9505 0.755 0 0.005
0.946 0.981 0 0.005
0.947 0.601 0 0.005
0.948 0.003268292682926829 0 0.005
0.948 0.728 0 0.005
0.948 0.789 0 0.005
0.948 0.925 0 0.005
0.949 0.357 0 0.005
0.949 0.574 0 0.005
0.949 0.665 0 0.005
0.95 0.319 0 0.005
0.95 0.426 0 0.005
0.95 0.495 0 0.005
0.95 0.642 0 0.005
0.9555 0.6805 0 0.005
0.951 0.067 0 0.005
0.951 0.775 0 0.005
0.951 0.821 0 0.005
0.951 0.871 0 0.005
0.952 0.369 0 0.005
0.952 0.438 0 0.005
0.952 0.48 0 0.005
0.952 0.616 0 0.005
0.952 0.807 0 0.005
0.953 0.021 0 0.005
0.957 0.2605 0 0.005
0.953 0.382 0 0.005
0.953 0.507 0 0.005
0.953 0.628 0 0.005
0.954 0.169 0 0.005
0.958 0.3005 0 0.005
0.954 0.697 0 0.005
0.9575 0.938 0 0.005
0.9646666666666667 0.135 0 0.005
0.956 0.204 0 0.005
0.956 0.45 0 0.005
0.956 0.562 0 0.005
0.956 0.713 0 0.005
0.956 0.852 0 0.005
0.956 0.889 0 0.005
0.957 0.055 0 0.005
0.957 0.55 0 0.005
0.957 0.739 0 0.005
0.957 0.834 0 0.005
0.957 0.994656862745098 0 0.005
0.958 0.115 0 0.005
0.958 0.468 0 0.005
0.958 0.588 0 0.005
0.959 0.408 0 0.005
0.959 0.796 0 0.005
0.96 0.009 0 0.005
0.96 0.086 0 0.005
0.96 0.186 0 0.005
0.96 0.394 0 0.005
0.96 0.902 0 0.005
0.96 0.962 0 0.005
0.961 0.152 0 0.005
0.961 0.576 0 0.005
0.961 0.725 0 0.005
0.962 0.659 0 0.005
0.9675 0.028 0 0.005
0.963 0.282 0 0.005
0.9655 0.3145 0 0.005
0.963 0.349 0 0.005
0.963 0.423 0 0.005
0.9685 0.6105 0 0.005
0.963 0.814 0 0.005
0.9685 0.103 0 0.005
0.964 0.222 0 0.005
0.9695 0.9185 0 0.005
0.964 0.977 0 0.005
0.965 0.365 0 0.005
0.965 0.628 0 0.005
0.97475 0.078 0 0.005
0.966 0.238 0 0.005
0.966 0.381 0 0.005
0.966 0.436 0 0.005
0.966 0.498 0 0.005
0.967 0.166 0 0.005
0.971 0.4535 0 0.005
0.968 0.25 0 0.005
0.968 0.539 0 0.005
0.968 0.558 0 0.005
0.968 0.755 0 0.005
0.968 0.767 0 0.005
0.968 0.88 0 0.005
0.969 0.696 0 0.005
0.969 0.785 0 0.005
0.969 0.829 0 0.005
0.97 0.203 0 0.005
0.97 0.332 0 0.005
0.97 0.511 0 0.005
0.97 0.596 0 0.005
0.974 0.7115 0 0.005
0.971 0.47 0 0.005
0.9765 0.7975 0 0.005
0.971 0.941 0 0.005
0.972 0.003763440860215054 0 0.005
0.972 0.485 0 0.005
0.972 0.848 0 0.005
0.977 0.0545 0 0.005
0.977 0.6415 0 0.005
0.973 0.683 0 0.005
0.973 0.742 0 0.005
0.973 0.862 0 0.005
0.974 0.396 0 0.005
0.974 0.408 0 0.005
0.975 0.426 0 0.005
0.975 0.994656862745098 0 0.005
0.981 0.1155 0 0.005
0.9795 0.813 0 0.005
0.981 0.5775 0 0.005
0.977 0.666 0 0.005
0.978 0.038 0 0.005
0.978 0.156 0 0.005
0.978 0.181 0 0.005
0.978 0.29 0 0.005
0.978 0.529 0 0.005
0.98675 0.2665 0 0.005
0.979 0.361 0 0.005
0.979 0.961 0 0.005
0.98 0.241 0 0.005
0.9825 0.3065 0 0.005
0.98 0.379 0 0.005
0.98 0.902 0 0.005
0.98 0.93 0 0.005
0.9845 0.984 0 0.005
0.981 0.21 0 0.005
0.9865 0.734 0 0.005
0.981 0.832 0 0.005
0.981 0.888 0 0.005
0.982 0.222 0 0.005
0.982 0.876 0 0.005
0.983 0.169 0 0.005
0.983 0.345 0 0.005
0.9892664359861592 0.46585121107266436 0 0.005
0.983 0.493 0 0.005
0.983 0.553 0 0.005
0.983 0.781 0 0.005
0.984 0.438 0 0.005
0.984 0.595 0 0.005
0.985 0.00434313725490196 0 0.005
0.985 0.192 0 0.005
0.9897128712871287 0.6257623762376238 0 0.005
0.985 0.767 0 0.005
0.9890233333333334 0.4002733333333333 0 0.005
0.986 0.718 0 0.005
0.9895 0.844 0 0.005
0.987 0.023 0 0.005
0.987 0.132 0 0.005
0.987 0.51 0 0.005
0.987 0.694 0 0.005
0.987 0.941 0 0.005
0.989 0.147 0 0.005
0.989 0.323 0 0.005
0.989 0.566 0 0.005
0.99185 0.7551555555555556 0 0.005
0.99 0.662 0 0.005
0.99 0.674 0 0.005
0.99 0.862 0 0.005
0.99 0.911 0 0.005
0.991 0.481 0 0.005
0.991 0.823 0 0.005
0.992 0.1 0 0.005
0.992 0.203 0 0.005
0.9936020942408377 0.35227748691099475 0 0.005
0.9936020942408377 0.5437225130890052 0 0.005
0.992 0.65 0 0.005
0.993 0.051 0 0.005
0.993 0.065 0 0.005
0.993 0.244 0 0.005
0.993 0.418 0 0.005
0.993 0.611 0 0.005
0.994 0.219 0 0.005
0.994 0.522 0 0.005
0.994 0.798 0 0.005
0.994 0.976 0 0.005
0.994656862745098 0.121 0 0.005
0.994656862745098 0.231 0 0.005
0.9952365591397849 0.162 0 0.005
0.9952365591397849 0.438 0 0.005
0.9952365591397849 0.596 0 0.005
0.9952365591397849 0.894 0 0.005
0.9957317073170732 0.014 0 0.005
0.9957317073170732 0.299 0 0.005
0.9957317073170732 0.578 0 0.005
0.9957317073170732 0.686 0 0.005
0.9957317073170732 0.786 0 0.005
0.9957317073170732 0.811 0 0.005
0.9957317073170732 0.928 0 0.005
0.9957317073170732 0.964 0 0.005
0.996225352112676 0.038 0 0.005
0.996225352112676 0.285 0 0.005
0.996225352112676 0.334 0 0.005
0.996225352112676 0.369 0 0.005
0.996225352112676 0.503 0 0.005
0.996225352112676 0.704 0 0.005
0.996225352112676 0.773 0 0.005
0.996225352112676 0.88 0 0.005
0.9966666666666666 0.0027948717948717947 0 0.005
0.9967166666666667 0.081 0 0.005
0.9967166666666667 0.138 0 0.005
0.9967166666666667 0.179 0 0.005
0.9967166666666667 0.315 0 0.005
0.9967166666666667 0.384 0 0.005
0.9967166666666667 0.491 0 0.005
0.9967166666666667 0.716 0 0.005
0.9967166666666667 0.853 0 0.005
0.9967166666666667 0.948 0 0.005
0.9966274509803922 0.9952156862745098 0 0.005
