0.00434313725490196 0.649 0 0.005
0.00434313725490196 0.674 0 0.005
0.0022833333333333334 0.899 0 0.005
0.006 0.165 0 0.005
0.007 0.847 0 0.005
0.009 0.581 0 0.005
0.009 0.888 0 0.005
0.013 0.605 0 0.005
0.021 0.199 0 0.005
0.021 0.512 0 0.005
0.021 0.986 0 0.005
0.022 0.832 0 0.005
0.023 0.479 0 0.005
0.024 0.14 0 0.005
0.024 0.524 0 0.005
0.024 0.727 0 0.005
0.026 0.246 0 0.005
0.027 0.321 0 0.005
0.029 0.166 0 0.005
0.033 0.272 0 0.005
0.034 0.454 0 0.005
0.036 0.139 0 0.005
0.037 0.187 0 0.005
0.039 0.573 0 0.005
0.041 0.423 0 0.005
0.045 0.631 0 0.005
0.046 0.063 0 0.005
0.049 0.286 0 0.005
0.05 0.87 0 0.005
0.053 0.531 0 0.005
0.054 0.157 0 0.005
0.055 0.416 0 0.005
0.055 0.494 0 0.005
0.055 0.794 0 0.005
0.056 0.855 0 0.005
0.057 0.568 0 0.005
0.058 0.592 0 0.005
0.06 0.188 0 0.005
0.06 0.705 0 0.005
0.061 0.781 0 0.005
0.062 0.306 0 0.005
0.062 0.671 0 0.005
0.065 0.988 0 0.005
0.069 0.918 0 0.005
0.07 0.057 0 0.005
0.072 0.16 0 0.005
0.075 0.012 0 0.005
0.077 0.094 0 0.005
0.078 0.475 0 0.005
0.08 0.661 0 0.005
0.08 0.756 0 0.005
0.082 0.261 0 0.005
0.083 0.172 0 0.005
0.084 0.158 0 0.005
0.084 0.739 0 0.005
0.085 0.641 0 0.005
0.09 0.388 0 0.005
0.093 0.211 0 0.005
0.096 0.501 0 0.005
0.098 0.349 0 0.005
0.101 0.325 0 0.005
0.106 0.695 0 0.005
0.107 0.312 0 0.005
0.11 0.434 0 0.005
0.11 0.849 0 0.005
0.111 0.186 0 0.005
0.112 0.284 0 0.005
0.112 0.748 0 0.005
0.119 0.504 0 0.005
0.119 0.559 0 0.005
0.122 0.232 0 0.005
0.122 0.455 0 0.005
0.123 0.971 0 0.005
0.124 0.476 0 0.005
0.125 0.09 0 0.005
0.125 0.651 0 0.005
0.13 0.205 0 0.005
0.13 0.338 0 0.005
0.132 0.85 0 0.005
0.132 0.991 0 0.005
0.134 0.369 0 0.005
0.135 0.544 0 0.005
0.137 0.631 0 0.005
0.138 0.266 0 0.005
0.139 0.126 0 0.005
0.14 0.468 0 0.005
0.141 0.53 0 0.005
0.142 0.911 0 0.005
0.142 0.944 0 0.005
0.144 0.675 0 0.005
0.148 0.519 0 0.005
0.148 0.655 0 0.005
0.15 0.089 0 0.005
0.151 0.774 0 0.005
0.151 0.88 0 0.005
0.152 0.166 0 0.005
0.153 0.74 0 0.005
0.154 0.381 0 0.005
0.154 0.791 0 0.005
0.157 0.858 0 0.005
0.16 0.573 0 0.005
0.162 0.151 0 0.005
0.165 0.445 0 0.005
0.167 0.327 0 0.005
0.17 0.236 0 0.005
0.172 0.172 0 0.005
0.172 0.409 0 0.005
0.173 0.526 0 0.005
0.178 0.029 0 0.005
0.178 0.956 0 0.005
0.179 0.548 0 0.005
0.18 0.013 0 0.005
0.181 0.473 0 0.005
0.183 0.5 0 0.005
0.184 0.0022833333333333334 0 0.005
0.184 0.865 0 0.005
0.187 0.406 0 0.005
0.188 0.576 0 0.005
0.189 0.069 0 0.005
0.19 0.226 0 0.005
0.19 0.527 0 0.005
0.192 0.32 0 0.005
0.197 0.611 0 0.005
0.197 0.63 0 0.005
0.198 0.084 0 0.005
0.2 0.154 0 0.005
0.2 0.272 0 0.005
0.211 0.4385 0 0.005
0.206 0.937 0 0.005
0.207 0.121 0 0.005
0.21 0.17 0 0.005
0.211 0.136 0 0.005
0.212 0.484 0 0.005
0.212 0.588 0 0.005
0.213 0.621 0 0.005
0.214 0.505 0 0.005
0.215 0.041 0 0.005
0.217 0.698 0 0.005
0.224 0.003268292682926829 0 0.005
0.224 0.496 0 0.005
0.224 0.631 0 0.005
0.224 0.749 0 0.005
0.225 0.73 0 0.005
0.227 0.028 0 0.005
0.227 0.158 0 0.005
0.229 0.85 0 0.005
0.23 0.264 0 0.005
0.232 0.693 0 0.005
0.232 0.833 0 0.005
0.233 0.383 0 0.005
0.234 0.656 0 0.005
0.236 0.924 0 0.005
0.238 0.904 0 0.005
0.239 0.051 0 0.005
0.239 0.746 0 0.005
0.241 0.472 0 0.005
0.242 0.082 0 0.005
0.242 0.156 0 0.005
0.245 0.387 0 0.005
0.245 0.867 0 0.005
0.246 0.306 0 0.005
0.248 0.614 0 0.005
0.248 0.693 0 0.005
0.249 0.679 0 0.005
0.257 0.153 0 0.005
0.258 0.734 0 0.005
0.259 0.631 0 0.005
0.26 0.18 0 0.005
0.26 0.218 0 0.005
0.26 0.697 0 0.005
0.261 0.953 0 0.005
0.262 0.678 0 0.005
0.266 0.601 0 0.005
0.267 0.557 0 0.005
0.268 0.644 0 0.005
0.27 0.922 0 0.005
0.272 0.502 0 0.005
0.273 0.381 0 0.005
0.274 0.939 0 0.005
0.277 0.105 0 0.005
0.277 0.515 0 0.005
0.277 0.986 0 0.005
0.278 0.461 0 0.005
0.282 0.303 0 0.005
0.282 0.871 0 0.005
0.284 0.023 0 0.005
0.284 0.591 0 0.005
0.286 0.738 0 0.005
0.289 0.046 0 0.005
0.291 0.492 0 0.005
0.293 0.008 0 0.005
0.298 0.875 0 0.005
0.3 0.515 0 0.005
0.301 0.162 0 0.005
0.301 0.29 0 0.005
0.301 0.528 0 0.005
0.302 0.022 0 0.005
0.303 0.488 0 0.005
0.303 0.862 0 0.005
0.307 0.183 0 0.005
0.307 0.724 0 0.005
0.308 0.694 0 0.005
0.31 0.231 0 0.005
0.311 0.267 0 0.005
0.313 0.59 0 0.005
0.313 0.644 0 0.005
0.315 0.155 0 0.005
0.315 0.375 0 0.005
0.315 0.711 0 0.005
0.317 0.339 0 0.005
0.321 0.571 0 0.005
0.322 0.855 0 0.005
0.324 0.059 0 0.005
0.324 0.192 0 0.005
0.325 0.724 0 0.005
0.326 0.967 0 0.005
0.327 0.753 0 0.005
0.331 0.376 0 0.005
0.331 0.924 0 0.005
0.334 0.416 0 0.005
0.337 0.651 0 0.005
0.339 0.082 0 0.005
0.34 0.403 0 0.005
0.34 0.759 0 0.005
0.341 0.047 0 0.005
0.341 0.287 0 0.005
0.341 0.681 0 0.005
0.343 0.252 0 0.005
0.345 0.949 0 0.005
0.347 0.364 0 0.005
0.348 0.203 0 0.005
0.351 0.595 0 0.005
0.351 0.642 0 0.005
0.351 0.88 0 0.005
0.353 0.973 0 0.005
0.355 0.09 0 0.005
0.355 0.498 0 0.005
0.355 0.67 0 0.005
0.356 0.006 0 0.005
0.356 0.426 0 0.005
0.356 0.699 0 0.005
0.356 0.851 0 0.005
0.357 0.554 0 0.005
0.358 0.292 0 0.005
0.358 0.804 0 0.005
0.366 0.069 0 0.005
0.366 0.329 0 0.005
0.367 0.024 0 0.005
0.367 0.409 0 0.005
0.368 0.835 0 0.005
0.3745 0.9145 0 0.005
0.373 0.928 0 0.005
0.374 0.113 0 0.005
0.374 0.544 0 0.005
0.374 0.977 0 0.005
0.375 0.466 0 0.005
0.375 0.815 0 0.005
0.379 0.13 0 0.005
0.38 0.167 0 0.005
0.38 0.9 0 0.005
0.381 0.563 0 0.005
0.381 0.854 0 0.005
0.383 0.306 0 0.005
0.383 0.721 0 0.005
0.385 0.015 0 0.005
0.385 0.794 0 0.005
0.386 0.55 0 0.005
0.388 0.229 0 0.005
0.392 0.497 0 0.005
0.394 0.055 0 0.005
0.396 0.252 0 0.005
0.396 0.732 0 0.005
0.397 0.314 0 0.005
0.398 0.66 0 0.005
0.399 0.29 0 0.005
0.4 0.364 0 0.005
0.4 0.446 0 0.005
0.402 0.458 0 0.005
0.402 0.716 0 0.005
0.403 0.783 0 0.005
0.407 0.556 0 0.005
0.407 0.769 0 0.005
0.408 0.615 0 0.005
0.409 0.423 0 0.005
0.412 0.216 0 0.005
0.412 0.958 0 0.005
0.413 0.146 0 0.005
0.414 0.325 0 0.005
0.414 0.849 0 0.005
0.415 0.025 0 0.005
0.417 0.911 0 0.005
0.418 0.79 0 0.005
0.419 0.397 0 0.005
0.419 0.584 0 0.005
0.42 0.458 0 0.005
0.422 0.26 0 0.005
0.423 0.101 0 0.005
0.424 0.085 0 0.005
0.424 0.838 0 0.005
0.427 0.306 0 0.005
0.428 0.321 0 0.005
0.429 0.382 0 0.005
0.429 0.663 0 0.005
0.433 0.814 0 0.005
0.434 0.869 0 0.005
0.435 0.407 0 0.005
0.435 0.744 0 0.005
0.437 0.101 0 0.005
0.439 0.563 0 0.005
0.44 0.766 0 0.005
0.441 0.352 0 0.005
0.442 0.446 0 0.005
0.444 0.07 0 0.005
0.444 0.635 0 0.005
0.446 0.113 0 0.005
0.446 0.513 0 0.005
0.448 0.321 0 0.005
0.45 0.463 0 0.005
0.45 0.571 0 0.005
0.451 0.0027746478873239434 0 0.005
0.451 0.229 0 0.005
0.452 0.753 0 0.005
0.453 0.266 0 0.005
0.454 0.838 0 0.005
0.456 0.144 0 0.005
0.459 0.198 0 0.005
0.461 0.131 0 0.005
0.461 0.662 0 0.005
0.462 0.386 0 0.005
0.462 0.91 0 0.005
0.463 0.336 0 0.005
0.465 0.624 0 0.005
0.469 0.545 0 0.005
0.471 0.247 0 0.005
0.472 0.756 0 0.005
0.473 0.72 0 0.005
0.475 0.702 0 0.005
0.475 0.902 0 0.005
0.477 0.555 0 0.005
0.477 0.936 0 0.005
0.478 0.609 0 0.005
0.478 0.774 0 0.005
0.481 0.922 0 0.005
0.482 0.027 0 0.005
0.482 0.369 0 0.005
0.482 0.453 0 0.005
0.483 0.434 0 0.005
0.483 0.535 0 0.005
0.484 0.788 0 0.005
0.485 0.117 0 0.005
0.489 0.099 0 0.005
0.489 0.168 0 0.005
0.489 0.582 0 0.005
0.49 0.872 0 0.005
0.491 0.685 0 0.005
0.492 0.393 0 0.005
0.495 0.053 0 0.005
0.498 0.938 0 0.005
0.5 0.512 0 0.005
0.503 0.175 0 0.005
0.503 0.278 0 0.005
0.504 0.852 0 0.005
0.506 0.083 0 0.005
0.51 0.242 0 0.005
0.512 0.837 0 0.005
0.513 0.119 0 0.005
0.513 0.873 0 0.005
0.515 0.271 0 0.005
0.516 0.439 0 0.005
0.517 0.696 0 0.005
0.518 0.554 0 0.005
0.518 0.668 0 0.005
0.519 0.427 0 0.005
0.52 0.046 0 0.005
0.52 0.176 0 0.005
0.523 0.9967166666666667 0 0.005
0.525 0.9 0 0.005
0.527 0.467 0 0.005
0.529 0.647 0 0.005
0.531 0.491 0 0.005
0.532 0.852 0 0.005
0.533 0.191 0 0.005
0.534 0.576 0 0.005
0.535 0.271 0 0.005
0.537 0.398 0 0.005
0.538 0.684 0 0.005
0.543 0.247 0 0.005
0.549 0.312 0 0.005
0.55 0.517 0 0.005
0.551 0.06 0 0.005
0.551 0.095 0 0.005
0.552 0.413 0 0.005
0.552 0.504 0 0.005
0.552 0.611 0 0.005
0.556 0.883 0 0.005
0.556 0.994656862745098 0 0.005
0.558 0.544 0 0.005
0.559 0.151 0 0.005
0.559 0.357 0 0.005
0.562 0.327 0 0.005
0.564 0.118 0 0.005
0.565 0.416 0 0.005
0.565 0.771 0 0.005
0.566 0.189 0 0.005
0.567 0.642 0 0.005
0.569 0.273 0 0.005
0.57 0.587 0 0.005
0.573 0.437 0 0.005
0.577 0.099 0 0.005
0.579 0.779 0 0.005
0.579 0.902 0 0.005
0.58 0.68 0 0.005
0.582 0.113 0 0.005
0.582 0.532 0 0.005
0.583 0.481 0 0.005
0.585 0.926 0 0.005
0.587 0.376 0 0.005
0.587 0.823 0 0.005
0.588 0.641 0 0.005
0.593 0.09 0 0.005
0.593 0.276 0 0.005
0.595 0.535 0 0.005
0.596 0.051 0 0.005
0.601 0.297 0 0.005
0.602 0.43 0 0.005
0.602 0.502 0 0.005
0.603 0.723 0 0.005
0.603 0.982 0 0.005
0.606 0.264 0 0.005
0.6085 0.2825 0 0.005
0.611 0.223 0 0.005
0.612 0.514 0 0.005
0.614 0.843 0 0.005
0.615 0.051 0 0.005
0.615 0.73 0 0.005
0.617 0.254 0 0.005
0.618 0.011 0 0.005
0.619 0.305 0 0.005
0.619 0.753 0 0.005
0.621 0.643 0 0.005
0.625 0.674 0 0.005
0.627 0.49 0 0.005
0.628 0.524 0 0.005
0.6325 0.721 0 0.005
0.628 0.762 0 0.005
0.629 0.401 0 0.005
0.635 0.07 0 0.005
0.639 0.024 0 0.005
0.639 0.902 0 0.005
0.642 0.609 0 0.005
0.645 0.351 0 0.005
0.647 0.563 0 0.005
0.648 0.193 0 0.005
0.65 0.583 0 0.005
0.651 0.376 0 0.005
0.655 0.112 0 0.005
0.659 0.703 0 0.005
0.661 0.347 0 0.005
0.664 0.414 0 0.005
0.666 0.255 0 0.005
0.668 0.637 0 0.005
0.669 0.099 0 0.005
0.67 0.906 0 0.005
0.674 0.471 0 0.005
0.675 0.131 0 0.005
0.675 0.213 0 0.005
0.677 0.814 0 0.005
0.678 0.958 0 0.005
0.679 0.019 0 0.005
0.68 0.944 0 0.005
0.684 0.429 0 0.005
0.689 0.104 0 0.005
0.69 0.416 0 0.005
0.691 0.699 0 0.005
0.693 0.333 0 0.005
0.694 0.296 0 0.005
0.696 0.0027746478873239434 0 0.005
0.696 0.051 0 0.005
0.697 0.761 0 0.005
0.698 0.549 0 0.005
0.702 0.477 0 0.005
0.702 0.691 0 0.005
0.704 0.093 0 0.005
0.704 0.266 0 0.005
0.704 0.837 0 0.005
0.705 0.873 0 0.005
0.706 0.382 0 0.005
0.707 0.228 0 0.005
0.707 0.752 0 0.005
0.709 0.403 0 0.005
0.711 0.044 0 0.005
0.711 0.658 0 0.005
0.715 0.082 0 0.005
0.717 0.027 0 0.005
0.719 0.738 0 0.005
0.72 0.496 0 0.005
0.72 0.847 0 0.005
0.721 0.765 0 0.005
0.723 0.824 0 0.005
0.724 0.972 0 0.005
0.725 0.133 0 0.005
0.725 0.556 0 0.005
0.726 0.243 0 0.005
0.726 0.405 0 0.005
0.726 0.535 0 0.005
0.726 0.957 0 0.005
0.729 0.927 0 0.005
0.732 0.605 0 0.005
0.736 0.668 0 0.005
0.739 0.522 0 0.005
0.741 0.788 0 0.005
0.742 0.86 0 0.005
0.744 0.498 0 0.005
0.744 0.636 0 0.005
0.744 0.679 0 0.005
0.746 0.616 0 0.005
0.752 0.3655 0 0.005
0.749 0.045 0 0.005
0.754 0.405 0 0.005
0.754 0.655 0 0.005
0.756 0.722 0 0.005
0.757 0.424 0 0.005
0.757 0.784 0 0.005
0.758 0.165 0 0.005
0.759 0.21 0 0.005
0.761 0.968 0 0.005
0.765 0.302 0 0.005
0.765 0.845 0 0.005
0.768 0.409 0 0.005
0.769 0.151 0 0.005
0.769 0.366 0 0.005
0.769 0.578 0 0.005
0.77 0.065 0 0.005
0.77 0.389 0 0.005
0.772 0.636 0 0.005
0.773 0.228 0 0.005
0.774 0.442 0 0.005
0.774 0.884 0 0.005
0.776 0.178 0 0.005
0.779 0.799 0 0.005
0.78 0.528 0 0.005
0.782 0.348 0 0.005
0.782 0.589 0 0.005
0.783 0.21 0 0.005
0.783 0.396 0 0.005
0.783 0.944 0 0.005
0.785 0.046 0 0.005
0.785 0.778 0 0.005
0.787 0.441 0 0.005
0.787 0.482 0 0.005
0.788 0.409 0 0.005
0.789 0.666 0 0.005
0.791 0.618 0 0.005
0.792 0.633 0 0.005
0.793 0.799 0 0.005
0.793 0.994656862745098 0 0.005
0.794 0.725 0 0.005
0.795 0.857 0 0.005
0.798 0.474 0 0.005
0.799 0.84 0 0.005
0.802 0.518 0 0.005
0.802 0.82 0 0.005
0.804 0.584 0 0.005
0.806 0.358 0 0.005
0.807 0.063 0 0.005
0.807 0.563 0 0.005
0.808 0.087 0 0.005
0.809 0.758 0 0.005
0.81 0.932 0 0.005
0.812 0.531 0 0.005
0.815 0.9957317073170732 0 0.005
0.816 0.699 0 0.005
0.818 0.145 0 0.005
0.818 0.852 0 0.005
0.819 0.653 0 0.005
0.82 0.111 0 0.005
0.82 0.908 0 0.005
0.822 0.721 0 0.005
0.823 0.605 0 0.005
0.827 0.7545 0 0.005
0.827 0.787 0 0.005
0.828 0.592 0 0.005
0.83 0.843 0 0.005
0.832 0.464 0 0.005
0.834 0.377 0 0.005
0.835 0.193 0 0.005
0.835 0.62 0 0.005
0.837 0.117 0 0.005
0.841 0.144 0 0.005
0.841 0.276 0 0.005
0.842 0.952 0 0.005
0.843 0.431 0 0.005
0.843 0.67 0 0.005
0.846 0.066 0 0.005
0.847 0.786 0 0.005
0.848 0.045 0 0.005
0.848 0.705 0 0.005
0.849 0.117 0 0.005
0.854 0.769 0 0.005
0.854 0.807 0 0.005
0.859 0.028 0 0.005
0.859 0.281 0 0.005
0.861 0.603 0 0.005
0.862 0.083 0 0.005
0.863 0.46 0 0.005
0.863 0.574 0 0.005
0.864 0.015 0 0.005
0.864 0.494 0 0.005
0.865 0.674 0 0.005
0.868 0.099 0 0.005
0.868 0.71 0 0.005
0.869 0.826 0 0.005
0.87 0.781 0 0.005
0.871 0.867 0 0.005
0.874 0.131 0 0.005
0.875 0.383 0 0.005
0.876 0.304 0 0.005
0.878 0.17 0 0.005
0.878 0.65 0 0.005
0.88 0.937 0 0.005
0.881 0.216 0 0.005
0.883 0.329 0 0.005
0.883 0.446 0 0.005
0.885 0.025 0 0.005
0.885 0.101 0 0.005
0.886 0.805 0 0.005
0.887 0.264 0 0.005
0.888 0.137 0 0.005
0.89 0.042 0 0.005
0.891 0.994656862745098 0 0.005
0.892 0.494 0 0.005
0.895 0.159 0 0.005
0.897 0.281 0 0.005
0.897 0.506 0 0.005
0.898 0.882 0 0.005
0.898 0.935 0 0.005
0.901 0.409 0 0.005
0.902 0.953 0 0.005
0.903 0.297 0 0.005
0.903 0.864 0 0.005
0.903 0.982 0 0.005
0.904 0.968 0 0.005
0.905 0.563 0 0.005
0.909 0.483 0 0.005
0.91 0.114 0 0.005
0.91 0.622 0 0.005
0.911 0.13 0 0.005
0.912 0.437 0 0.005
0.913 0.349 0 0.005
0.913 0.574 0 0.005
0.913 0.6 0 0.005
0.914 0.248 0 0.005
0.914 0.379 0 0.005
0.914 0.699 0 0.005
0.918 0.462 0 0.005
0.919 0.411 0 0.005
0.919 0.876 0 0.005
0.92 0.766 0 0.005
0.92 0.9967166666666667 0 0.005
0.921 0.328 0 0.005
0.923 0.896 0 0.005
0.928 0.952 0 0.005
0.929 0.915 0 0.005
0.931 0.588 0 0.005
0.933 0.385 0 0.005
0.934 0.808 0 0.005
0.936 0.074 0 0.005
0.939 0.335 0 0.005
0.94 0.502 0 0.005
0.94 0.703 0 0.005
0.942 0.525 0 0.005
0.943 0.964 0 0.005
0.945 0.14 0 0.005
0.949 0.288 0 0.005
0.958 0.884 0 0.005
0.959 0.742 0 0.005
0.964 0.601 0 0.005
0.965 0.105 0 0.005
0.966 0.036 0 0.005
0.968 0.977 0 0.005
0.97 0.707 0 0.005
0.974 0.563 0 0.005
0.974 0.684 0 0.005
0.975 0.615 0 0.005
0.975 0.963 0 0.005
0.976 0.467 0 0.005
0.977 0.206 0 0.005
0.978 0.111 0 0.005
0.982 0.044 0 0.005
0.985 0.271 0 0.005
0.985 0.627 0 0.005
0.986 0.496 0 0.005
0.987 0.523 0 0.005
0.988 0.866 0 0.005
0.99 0.415 0 0.005
0.991 0.133 0 0.005
0.992 0.164 0 0.005
0.992 0.682 0 0.005
0.994 0.178 0 0.005
0.9952365591397849 0.603 0 0.005
0.996225352112676 0.438 0 0.005
