0.003763440860215054 0.016 0 0.005
0.003268292682926829 0.097 0 0.005
0.0022833333333333334 0.145 0 0.005
0.00434313725490196 0.354 0 0.005
0.00434313725490196 0.486 0 0.005
0.003763440860215054 0.572 0 0.005
0.003268292682926829 0.647 0 0.005
0.005 0.686 0 0.005
0.00434313725490196 0.798 0 0.005
0.005 0.829 0 0.005
0.0022833333333333334 0.883 0 0.005
0.00434313725490196 0.932 0 0.005
0.00434313725490196 0.985 0 0.005
0.0023555555555555556 0.9957111111111111 0 0.005
0.006 0.234 0 0.005
0.006 0.523 0 0.005
0.006 0.55 0 0.005
0.006 0.618 0 0.005
0.007 0.056 0 0.005
0.007 0.372 0 0.005
0.008 0.505 0 0.005
0.009 0.465 0 0.005
0.011 0.704 0 0.005
0.012 0.294 0 0.005
0.013 0.814 0 0.005
0.014 0.027 0 0.005
0.014 0.864 0 0.005
0.015 0.213 0 0.005
0.015 0.326 0 0.005
0.015 0.448 0 0.005
0.015 0.849 0 0.005
0.016 0.43 0 0.005
0.016 0.678 0 0.005
0.016 0.912 0 0.005
0.017 0.267 0 0.005
0.017 0.49 0 0.005
0.017 0.937 0 0.005
0.018 0.085 0 0.005
0.018 0.342 0 0.005
0.02 0.015 0 0.005
0.02 0.407 0 0.005
0.02 0.546 0 0.005
0.022 0.51 0 0.005
0.023 0.96 0 0.005
0.024 0.476 0 0.005
0.025 0.204 0 0.005
0.025 0.815 0 0.005
0.025 0.994656862745098 0 0.005
0.026 0.889 0 0.005
0.027 0.307 0 0.005
0.027 0.522 0 0.005
0.027 0.652 0 0.005
0.0325 0.7515 0 0.005
0.028 0.862 0 0.005
0.029 0.167 0 0.005
0.029 0.828 0 0.005
0.029 0.902 0 0.005
0.03 0.434 0 0.005
0.03 0.713 0 0.005
0.031 0.581 0 0.005
0.031 0.917 0 0.005
0.032 0.61 0 0.005
0.033 0.264 0 0.005
0.035 0.043 0 0.005
0.035 0.1 0 0.005
0.0405 0.1305 0 0.005
0.035 0.28 0 0.005
0.035 0.403 0 0.005
0.035 0.496 0 0.005
0.041 0.6315 0 0.005
0.038 0.478 0 0.005
0.038 0.56 0 0.005
0.038 0.806 0 0.005
0.038 0.871 0 0.005
0.0435 0.982 0 0.005
0.04 0.063 0 0.005
0.04 0.195 0 0.005
0.04 0.45 0 0.005
0.041 0.936 0 0.005
0.043 0.543 0 0.005
0.044 0.595 0 0.005
0.044 0.819 0 0.005
0.044 0.964 0 0.005
0.045 0.77 0 0.005
0.045 0.912 0 0.005
0.046 0.144 0 0.005
0.046 0.217 0 0.005
0.046 0.518 0 0.005
0.046 0.718 0 0.005
0.047 0.024 0 0.005
0.049 0.468 0 0.005
0.05 0.392 0 0.005
0.05 0.833 0 0.005
0.051 0.157 0 0.005
0.051 0.253 0 0.005
0.053 0.349 0 0.005
0.054 0.508 0 0.005
0.055 0.329 0 0.005
0.056 0.29 0 0.005
0.056 0.453 0 0.005
0.056 0.48 0 0.005
0.057 0.665 0 0.005
0.057 0.876 0 0.005
0.058 0.694 0 0.005
0.059 0.727 0 0.005
0.059 0.745 0 0.005
0.06 0.235 0 0.005
0.06 0.27 0 0.005
0.06 0.309 0 0.005
0.06 0.4 0 0.005
0.06 0.567 0 0.005
0.06 0.645 0 0.005
0.06 0.681 0 0.005
0.061 0.059 0 0.005
0.061 0.181 0 0.005
0.062 0.964 0 0.005
0.064 0.787 0 0.005
0.064 0.818 0 0.005
0.064 0.89 0 0.005
0.065 0.94 0 0.005
0.066 0.364 0 0.005
0.068 0.927 0 0.005
0.069 0.09 0 0.005
0.069 0.261 0 0.005
0.069 0.335 0 0.005
0.069 0.952 0 0.005
0.076 0.0235 0 0.005
0.071 0.986 0 0.005
0.072 0.166 0 0.005
0.072 0.606 0 0.005
0.073 0.77 0 0.005
0.074 0.383 0 0.005
0.074 0.447 0 0.005
0.074 0.666 0 0.005
0.075 0.07 0 0.005
0.076 0.051 0 0.005
0.076 0.137 0 0.005
0.076 0.284 0 0.005
0.077 0.351 0 0.005
0.078 0.101 0 0.005
0.078 0.641 0 0.005
0.078 0.961 0 0.005
0.08 0.419 0 0.005
0.08 0.479 0 0.005
0.082 0.003268292682926829 0 0.005
0.082 0.125 0 0.005
0.082 0.755 0 0.005
0.083 0.173 0 0.005
0.083 0.814 0 0.005
0.085 0.153 0 0.005
0.085 0.534 0 0.005
0.085 0.615 0 0.005
0.085 0.948 0 0.005
0.086 0.042 0 0.005
0.086 0.789 0 0.005
0.087 0.391 0 0.005
0.087 0.767 0 0.005
0.088 0.281 0 0.005
0.088 0.343 0 0.005
0.089 0.547 0 0.005
0.089 0.682 0 0.005
0.089 0.706 0 0.005
0.09 0.43 0 0.005
0.09 0.655 0 0.005
0.09 0.833 0 0.005
0.092 0.919 0 0.005
0.093 0.1 0 0.005
0.093 0.358 0 0.005
0.093 0.467 0 0.005
0.094 0.375 0 0.005
0.095 0.005 0 0.005
0.096 0.16 0 0.005
0.096 0.732 0 0.005
0.098 0.145 0 0.005
0.099 0.529 0 0.005
0.1 0.221 0 0.005
0.101 0.33 0 0.005
0.101 0.968 0 0.005
0.102 0.429 0 0.005
0.102 0.786 0 0.005
0.103 0.116 0 0.005
0.103 0.513 0 0.005
0.104 0.692 0 0.005
0.105 0.089 0 0.005
0.105 0.865 0 0.005
0.108 0.317 0 0.005
0.108 0.754 0 0.005
0.108 0.928 0 0.005
0.109 0.576 0 0.005
0.11 0.209 0 0.005
0.111 0.233 0 0.005
0.111 0.256 0 0.005
0.111 0.396 0 0.005
0.115 0.648 0 0.005
0.116 0.178 0 0.005
0.116 0.191 0 0.005
0.116 0.512 0 0.005
0.116 0.837 0 0.005
0.116 0.958 0 0.005
0.117 0.037 0 0.005
0.117 0.128 0 0.005
0.117 0.699 0 0.005
0.118 0.374 0 0.005
0.118 0.547 0 0.005
0.118 0.818 0 0.005
0.12 0.088 0 0.005
0.12 0.348 0 0.005
0.12 0.676 0 0.005
0.12 0.905 0 0.005
0.121 0.107 0 0.005
0.121 0.86 0 0.005
0.123 0.4 0 0.005
0.125 0.049 0 0.005
0.125 0.448 0 0.005
0.125 0.579 0 0.005
0.126 0.023 0 0.005
0.127 0.433 0 0.005
0.127 0.466 0 0.005
0.13 0.178 0 0.005
0.13 0.365 0 0.005
0.132 0.415 0 0.005
0.132 0.596 0 0.005
0.13866666666666666 0.8273333333333334 0 0.005
0.133 0.109 0 0.005
0.133 0.139 0 0.005
0.133 0.28 0 0.005
0.133 0.714 0 0.005
0.133 0.841 0 0.005
0.134 0.962 0 0.005
0.135 0.492 0 0.005
0.135 0.909 0 0.005
0.137 0.222 0 0.005
0.138 0.201 0 0.005
0.138 0.661 0 0.005
0.138 0.9952365591397849 0 0.005
0.14 0.321 0 0.005
0.14 0.373 0 0.005
0.14 0.471 0 0.005
0.141 0.044 0 0.005
0.141 0.398 0 0.005
0.143 0.351 0 0.005
0.143 0.446 0 0.005
0.143 0.551 0 0.005
0.144 0.102 0 0.005
0.144 0.897 0 0.005
0.145 0.292 0 0.005
0.146 0.148 0 0.005
0.146 0.171 0 0.005
0.147 0.592 0 0.005
0.147 0.604 0 0.005
0.15 0.311 0 0.005
0.15 0.629 0 0.005
0.15 0.964 0 0.005
0.1565 0.122 0 0.005
0.151 0.383 0 0.005
0.151 0.481 0 0.005
0.152 0.435 0 0.005
0.152 0.466 0 0.005
0.153 0.271 0 0.005
0.153 0.365 0 0.005
0.153 0.731 0 0.005
0.155 0.658 0 0.005
0.155 0.952 0 0.005
0.156 0.524 0 0.005
0.156 0.753 0 0.005
0.156 0.781 0 0.005
0.157 0.23 0 0.005
0.157 0.91 0 0.005
0.158 0.502 0 0.005
0.16 0.412 0 0.005
0.1645 0.556 0 0.005
0.16 0.641 0 0.005
0.16 0.99 0 0.005
0.161 0.397 0 0.005
0.161 0.894 0 0.005
0.162 0.601 0 0.005
0.163 0.082 0 0.005
0.165 0.299 0 0.005
0.165 0.876 0 0.005
0.166 0.934 0 0.005
0.167 0.429 0 0.005
0.167 0.469 0 0.005
0.167 0.493 0 0.005
0.168 0.178 0 0.005
0.169 0.151 0 0.005
0.169 0.273 0 0.005
0.17 0.049 0 0.005
0.17 0.19 0 0.005
0.17 0.649 0 0.005
0.171 0.213 0 0.005
0.171 0.773 0 0.005
0.171 0.811 0 0.005
0.172 0.261 0 0.005
0.172 0.355 0 0.005
0.174 0.386 0 0.005
0.174 0.603 0 0.005
0.176 0.014 0 0.005
0.177 0.882 0 0.005
0.178 0.123 0 0.005
0.178 0.457 0 0.005
0.179 0.444 0 0.005
0.18 0.952 0 0.005
0.181 0.536 0 0.005
0.182 0.109 0 0.005
0.182 0.675 0 0.005
0.183 0.362 0 0.005
0.184 0.717 0 0.005
0.185 0.246 0 0.005
0.185 0.799 0 0.005
0.186 0.04 0 0.005
0.186 0.395 0 0.005
0.186 0.597 0 0.005
0.186 0.991 0 0.005
0.188 0.522 0 0.005
0.188 0.699 0 0.005
0.189 0.487 0 0.005
0.19 0.469 0 0.005
0.191 0.162 0 0.005
0.191 0.309 0 0.005
0.191 0.377 0 0.005
0.191 0.438 0 0.005
0.191 0.629 0 0.005
0.192 0.545 0 0.005
0.192 0.661 0 0.005
0.192 0.912 0 0.005
0.193 0.503 0 0.005
0.194 0.195 0 0.005
0.194 0.265 0 0.005
0.194 0.935 0 0.005
0.195 0.743 0 0.005
0.196 0.421 0 0.005
0.197 0.178 0 0.005
0.197 0.956 0 0.005
0.198 0.459 0 0.005
0.198 0.758 0 0.005
0.199 0.066 0 0.005
0.199 0.401 0 0.005
0.199 0.683 0 0.005
0.199 0.874 0 0.005
0.2 0.855 0 0.005
0.202 0.097 0 0.005
0.202 0.61 0 0.005
0.203 0.112 0 0.005
0.203 0.366 0 0.005
0.203 0.475 0 0.005
0.203 0.641 0 0.005
0.204 0.34 0 0.005
0.204 0.82 0 0.005
0.206 0.232 0 0.005
0.206 0.805 0 0.005
0.2083019801980198 0.9897128712871287 0 0.005
0.21 0.1425 0 0.005
0.207 0.836 0 0.005
0.208 0.29 0 0.005
0.209 0.178 0 0.005
0.209 0.213 0 0.005
0.209 0.5 0 0.005
0.21 0.912 0 0.005
0.211 0.456 0 0.005
0.211 0.526 0 0.005
0.212 0.375 0 0.005
0.214 0.008 0 0.005
0.215 0.756 0 0.005
0.215 0.882 0 0.005
0.216 0.035 0 0.005
0.217 0.301 0 0.005
0.217 0.474 0 0.005
0.217 0.672 0 0.005
0.217 0.854 0 0.005
0.222 0.158 0 0.005
0.222 0.174 0 0.005
0.222 0.567 0 0.005
0.222 0.917 0 0.005
0.228 0.8675 0 0.005
0.223 0.967 0 0.005
0.224 0.53 0 0.005
0.225 0.312 0 0.005
0.225 0.395 0 0.005
0.225 0.428 0 0.005
0.225 0.71 0 0.005
0.226 0.14 0 0.005
0.227 0.595 0 0.005
0.227 0.902 0 0.005
0.228 0.835 0 0.005
0.229 0.732 0 0.005
0.23 0.627 0 0.005
0.23 0.654 0 0.005
0.231 0.052 0 0.005
0.231 0.774 0 0.005
0.233 0.299 0 0.005
0.233 0.455 0 0.005
0.233 0.494 0 0.005
0.234 0.162 0 0.005
0.234 0.222 0 0.005
0.234 0.673 0 0.005
0.234 0.954 0 0.005
0.235 0.031 0 0.005
0.236 0.321 0 0.005
0.237 0.119 0 0.005
0.237 0.798 0 0.005
0.239 0.253 0 0.005
0.239 0.568 0 0.005
0.239 0.936 0 0.005
0.24 0.693 0 0.005
0.24 0.883 0 0.005
0.241 0.731 0 0.005
0.242 0.044 0 0.005
0.242 0.428 0 0.005
0.243 0.376 0 0.005
0.243 0.472 0 0.005
0.244 0.658 0 0.005
0.245 0.501 0 0.005
0.245 0.783 0 0.005
0.245 0.907 0 0.005
0.246 0.487 0 0.005
0.2505 0.438 0 0.005
0.247 0.544 0 0.005
0.247 0.816 0 0.005
0.247 0.849 0 0.005
0.248 0.014 0 0.005
0.248 0.925 0 0.005
0.249 0.61 0 0.005
0.249 0.747 0 0.005
0.249 0.996225352112676 0 0.005
0.25 0.169 0 0.005
0.251 0.404 0 0.005
0.251 0.765 0 0.005
0.251 0.961 0 0.005
0.253 0.354 0 0.005
0.253 0.567 0 0.005
0.253 0.583 0 0.005
0.253 0.947 0 0.005
0.254 0.289 0 0.005
0.254 0.632 0 0.005
0.255 0.149 0 0.005
0.255 0.876 0 0.005
0.256 0.225 0 0.005
0.257 0.039 0 0.005
0.257 0.392 0 0.005
0.257 0.984 0 0.005
0.258 0.073 0 0.005
0.259 0.117 0 0.005
0.259 0.264 0 0.005
0.259 0.512 0 0.005
0.259 0.704 0 0.005
0.26 0.1 0 0.005
0.26 0.189 0 0.005
0.261 0.609 0 0.005
0.262 0.243 0 0.005
0.262 0.675 0 0.005
0.263 0.555 0 0.005
0.263 0.937 0 0.005
0.264 0.908 0 0.005
0.265 0.374 0 0.005
0.266 0.42 0 0.005
0.268 0.015 0 0.005
0.268 0.231 0 0.005
0.269 0.217 0 0.005
0.27 0.271 0 0.005
0.27 0.726 0 0.005
0.2745 0.202 0 0.005
0.271 0.48 0 0.005
0.272 0.101 0 0.005
0.272 0.62 0 0.005
0.274 0.632 0 0.005
0.274 0.649 0 0.005
0.274 0.985 0 0.005
0.275 0.393 0 0.005
0.277 0.827 0 0.005
0.277 0.905 0 0.005
0.279 0.368 0 0.005
0.28 0.019 0 0.005
0.28 0.747 0 0.005
0.281 0.472 0 0.005
0.281 0.929 0 0.005
0.283 0.278 0 0.005
0.284 0.415 0 0.005
0.284 0.543 0 0.005
0.285 0.245 0 0.005
0.285 0.316 0 0.005
0.285 0.658 0 0.005
0.285 0.793 0 0.005
0.286 0.157 0 0.005
0.287 0.195 0 0.005
0.287 0.634 0 0.005
0.287 0.686 0 0.005
0.288 0.177 0 0.005
0.288 0.294 0 0.005
0.288 0.619 0 0.005
0.288 0.773 0 0.005
0.289 0.088 0 0.005
0.289 0.394 0 0.005
0.29 0.672 0 0.005
0.29 0.816 0 0.005
0.29 0.857 0 0.005
0.29 0.974 0 0.005
0.291 0.487 0 0.005
0.292 0.057 0 0.005
0.292 0.225 0 0.005
0.292 0.738 0 0.005
0.292 0.914 0 0.005
0.292 0.994656862745098 0 0.005
0.293 0.942 0 0.005
0.2985 0.696 0 0.005
0.295 0.557 0 0.005
0.296 0.721 0 0.005
0.298 0.144 0 0.005
0.298 0.847 0 0.005
0.299 0.206 0 0.005
0.299 0.326 0 0.005
0.299 0.432 0 0.005
0.299 0.512 0 0.005
0.299 0.583 0 0.005
0.3 0.871 0 0.005
0.302 0.386 0 0.005
0.302 0.747 0 0.005
0.303 0.604 0 0.005
0.3065 0.6405 0 0.005
0.304 0.818 0 0.005
0.305 0.444 0 0.005
0.305 0.907 0 0.005
0.305 0.949 0 0.005
0.3105 0.757 0 0.005
0.307 0.005 0 0.005
0.308 0.226 0 0.005
0.309 0.061 0 0.005
0.309 0.926 0 0.005
0.31 0.361 0 0.005
0.31 0.789 0 0.005
0.311 0.102 0 0.005
0.312 0.344 0 0.005
0.312 0.428 0 0.005
0.313 0.558 0 0.005
0.313 0.834 0 0.005
0.314 0.179 0 0.005
0.314 0.627 0 0.005
0.316 0.413 0 0.005
0.317 0.044 0 0.005
0.317 0.262 0 0.005
0.318 0.282 0 0.005
0.318 0.668 0 0.005
0.321 0.52 0 0.005
0.321 0.609 0 0.005
0.323 0.247 0 0.005
0.323 0.463 0 0.005
0.324 0.582 0 0.005
0.326 0.545 0 0.005
0.326 0.963 0 0.005
0.327 0.109 0 0.005
0.327 0.39 0 0.005
0.327 0.769 0 0.005
0.328 0.369 0 0.005
0.328 0.479 0 0.005
0.33 0.063 0 0.005
0.33 0.27 0 0.005
0.33 0.655 0 0.005
0.33 0.83 0 0.005
0.331 0.2 0 0.005
0.331 0.907 0 0.005
0.332 0.048 0 0.005
0.332 0.842 0 0.005
0.333 0.923 0 0.005
0.334 0.212 0 0.005
0.334 0.715 0 0.005
0.334 0.877 0 0.005
0.336 0.019 0 0.005
0.336 0.084 0 0.005
0.336 0.33 0 0.005
0.336 0.412 0 0.005
0.336 0.756 0 0.005
0.338 0.136 0 0.005
0.338 0.5 0 0.005
0.339 0.298 0 0.005
0.34 0.534 0 0.005
0.34 0.893 0 0.005
0.341 0.259 0 0.005
0.341 0.393 0 0.005
0.341 0.682 0 0.005
0.342 0.183 0 0.005
0.342 0.956 0 0.005
0.343 0.457 0 0.005
0.344 0.826 0 0.005
0.344 0.866 0 0.005
0.345 0.594 0 0.005
0.346 0.117 0 0.005
0.346 0.234 0 0.005
0.346 0.438 0 0.005
0.346 0.745 0 0.005
0.346 0.937 0 0.005
0.348 0.221 0 0.005
0.35 0.814 0 0.005
0.351 0.067 0 0.005
0.351 0.842 0 0.005
0.352 0.267 0 0.005
0.352 0.556 0 0.005
0.354 0.3 0 0.005
0.354 0.693 0 0.005
0.357 0.766 0 0.005
0.358 0.37 0 0.005
0.358 0.864 0 0.005
0.359 0.157 0 0.005
0.359 0.343 0 0.005
0.359 0.8 0 0.005
0.359 0.898 0 0.005
0.36 0.088 0 0.005
0.36 0.33 0 0.005
0.36 0.568 0 0.005
0.361 0.779 0 0.005
0.362 0.203 0 0.005
0.362 0.488 0 0.005
0.363 0.022 0 0.005
0.364 0.136 0 0.005
0.364 0.229 0 0.005
0.365 0.744 0 0.005
0.365 0.953 0 0.005
0.366 0.122 0 0.005
0.366 0.19 0 0.005
0.366 0.357 0 0.005
0.366 0.822 0 0.005
0.367 0.715 0 0.005
0.37 0.644 0 0.005
0.375 0.2805 0 0.005
0.372 0.411 0 0.005
0.373 0.344 0 0.005
0.373 0.784 0 0.005
0.374 0.088 0 0.005
0.374 0.461 0 0.005
0.377 0.047 0 0.005
0.377 0.702 0 0.005
0.379 0.507 0 0.005
0.379 0.749 0 0.005
0.381 0.774 0 0.005
0.382 0.061 0 0.005
0.382 0.106 0 0.005
0.382 0.981 0 0.005
0.383 0.225 0 0.005
0.384 0.19 0 0.005
0.384 0.202 0 0.005
0.385 0.391 0 0.005
0.385 0.407 0 0.005
0.385 0.595 0 0.005
0.385 0.837 0 0.005
0.389 0.304 0 0.005
0.389 0.612 0 0.005
0.39 0.024 0 0.005
0.39 0.42 0 0.005
0.39 0.461 0 0.005
0.391 0.492 0 0.005
0.391 0.667 0 0.005
0.391 0.994 0 0.005
0.392 0.715 0 0.005
0.393 0.137 0 0.005
0.393 0.211 0 0.005
0.393 0.347 0 0.005
0.393 0.679 0 0.005
0.393 0.808 0 0.005
0.394 0.931 0 0.005
0.396 0.078 0 0.005
0.396 0.12 0 0.005
0.396 0.439 0 0.005
0.396 0.539 0 0.005
0.396 0.904 0 0.005
0.397 0.876 0 0.005
0.398 0.04 0 0.005
0.398 0.108 0 0.005
0.399 0.743 0 0.005
0.4 0.244 0 0.005
0.402 0.613 0 0.005
0.403 0.006 0 0.005
0.403 0.156 0 0.005
0.403 0.171 0 0.005
0.403 0.28 0 0.005
0.403 0.394 0 0.005
0.403 0.63 0 0.005
0.403 0.985 0 0.005
0.404 0.366 0 0.005
0.4095 0.9475 0 0.005
0.409 0.057 0 0.005
0.409 0.203 0 0.005
0.41 0.505 0 0.005
0.411 0.124 0 0.005
0.413 0.098 0 0.005
0.413 0.724 0 0.005
0.4165 0.753 0 0.005
0.414 0.233 0 0.005
0.414 0.781 0 0.005
0.414 0.887 0 0.005
0.415 0.299 0 0.005
0.415 0.335 0 0.005
0.416 0.267 0 0.005
0.417 0.466 0 0.005
0.417 0.862 0 0.005
0.418 0.662 0 0.005
0.419 0.164 0 0.005
0.421 0.444 0 0.005
0.421 0.693 0 0.005
0.423 0.129 0 0.005
0.423 0.734 0 0.005
0.423 0.811 0 0.005
0.423 0.849 0 0.005
0.424 0.556 0 0.005
0.424 0.985 0 0.005
0.427 0.884 0 0.005
0.428 0.015 0 0.005
0.428 0.028 0 0.005
0.428 0.09 0 0.005
0.428 0.617 0 0.005
0.4335 0.332 0 0.005
0.429 0.409 0 0.005
0.43 0.105 0 0.005
0.431 0.582 0 0.005
0.4345 0.655 0 0.005
0.433 0.049 0 0.005
0.434 0.742 0 0.005
0.435 0.701 0 0.005
0.436 0.37 0 0.005
0.436 0.978 0 0.005
0.437 0.446 0 0.005
0.437 0.871 0 0.005
0.437 0.897 0 0.005
0.439 0.309 0 0.005
0.439 0.525 0 0.005
0.44 0.192 0 0.005
0.441 0.393 0 0.005
0.441 0.56 0 0.005
0.441 0.816 0 0.005
0.443 0.126 0 0.005
0.444 0.283 0 0.005
0.444 0.616 0 0.005
0.445 0.269 0 0.005
0.446 0.634 0 0.005
0.446 0.691 0 0.005
0.447 0.247 0 0.005
0.447 0.847 0 0.005
0.449 0.225 0 0.005
0.449 0.456 0 0.005
0.449 0.803 0 0.005
0.452 0.8725 0 0.005
0.449 0.927 0 0.005
0.451 0.432 0 0.005
0.452 0.511 0 0.005
0.4575 0.528 0 0.005
0.452 0.903 0 0.005
0.453 0.013 0 0.005
0.454 0.116 0 0.005
0.454 0.472 0 0.005
0.455 0.979 0 0.005
0.456 0.088 0 0.005
0.456 0.172 0 0.005
0.456 0.942 0 0.005
0.458 0.289 0 0.005
0.458 0.619 0 0.005
0.458 0.814 0 0.005
0.459 0.128 0 0.005
0.459 0.275 0 0.005
0.46 0.373 0 0.005
0.461 0.394 0 0.005
0.461 0.733 0 0.005
0.463 0.14 0 0.005
0.463 0.348 0 0.005
0.463 0.459 0 0.005
0.463 0.544 0 0.005
0.463 0.584 0 0.005
0.464 0.633 0 0.005
0.467 0.235 0 0.005
0.467 0.432 0 0.005
0.467 0.653 0 0.005
0.469 0.091 0 0.005
0.469 0.303 0 0.005
0.469 0.504 0 0.005
0.47 0.947 0 0.005
0.47 0.961 0 0.005
0.472 0.166 0 0.005
0.473 0.217 0 0.005
0.473 0.681 0 0.005
0.473 0.85 0 0.005
0.474 0.557 0 0.005
0.475 0.576 0 0.005
0.4775 0.9065 0 0.005
0.476 0.768 0 0.005
0.477 0.017 0 0.005
0.477 0.128 0 0.005
0.479 0.436 0 0.005
0.479 0.801 0 0.005
0.48 0.083 0 0.005
0.48 0.357 0 0.005
0.481 0.296 0 0.005
0.481 0.993 0 0.005
0.482 0.463 0 0.005
0.482 0.659 0 0.005
0.482 0.782 0 0.005
0.483 0.037 0 0.005
0.483 0.256 0 0.005
0.485 0.813 0 0.005
0.486 0.224 0 0.005
0.4915 0.394 0 0.005
0.486 0.482 0 0.005
0.486 0.691 0 0.005
0.487 0.164 0 0.005
0.488 0.591 0 0.005
0.49 0.065 0 0.005
0.49 0.412 0 0.005
0.491 0.724 0 0.005
0.491 0.892 0 0.005
0.491 0.973 0 0.005
0.493 0.759 0 0.005
0.494 0.566 0 0.005
0.494 0.638 0 0.005
0.495 0.189 0 0.005
0.496 0.092 0 0.005
0.496 0.216 0 0.005
0.496 0.78 0 0.005
0.497 0.931 0 0.005
0.498 0.039 0 0.005
0.498 0.314 0 0.005
0.498 0.943 0 0.005
0.499 0.471 0 0.005
0.499 0.486 0 0.005
0.499 0.518 0 0.005
0.501 0.803 0 0.005
0.501 0.839 0 0.005
0.5045 0.0135 0 0.005
0.502 0.277 0 0.005
0.502 0.61 0 0.005
0.503 0.654 0 0.005
0.503 0.705 0 0.005
0.503 0.858 0 0.005
0.503 0.97 0 0.005
0.504 0.457 0 0.005
0.504 0.735 0 0.005
0.506 0.051 0 0.005
0.506 0.563 0 0.005
0.506 0.677 0 0.005
0.508 0.137 0 0.005
0.51 0.588 0 0.005
0.51 0.637 0 0.005
0.51 0.882 0 0.005
0.511 0.922 0 0.005
0.512 0.696 0 0.005
0.513 0.47 0 0.005
0.514 0.603 0 0.005
0.514 0.817 0 0.005
0.514 0.91 0 0.005
0.515 0.848 0 0.005
0.516 0.351 0 0.005
0.517 0.202 0 0.005
0.519 0.745 0 0.005
0.52 0.109 0 0.005
0.52 0.498 0 0.005
0.521 0.27 0 0.005
0.521 0.56 0 0.005
0.522 0.131 0 0.005
0.522 0.317 0 0.005
0.524 0.144 0 0.005
0.524 0.672 0 0.005
0.524 0.938 0 0.005
0.525 0.418 0 0.005
0.525 0.595 0 0.005
0.525 0.793 0 0.005
0.526 0.083 0 0.005
0.526 0.715 0 0.005
0.5295 0.913 0 0.005
0.527 0.055 0 0.005
0.527 0.684 0 0.005
0.528 0.014 0 0.005
0.529 0.825 0 0.005
0.529 0.967 0 0.005
0.53 0.623 0 0.005
0.531 0.068 0 0.005
0.531 0.28 0 0.005
0.531 0.464 0 0.005
0.531 0.516 0 0.005
0.531 0.837 0 0.005
0.533 0.759 0 0.005
0.534 0.044 0 0.005
0.534 0.216 0 0.005
0.534 0.449 0 0.005
0.536 0.9967166666666667 0 0.005
0.538 0.145 0 0.005
0.538 0.934 0 0.005
0.539 0.594 0 0.005
0.542 0.565 0 0.005
0.542 0.844 0 0.005
0.542 0.875 0 0.005
0.544 0.352 0 0.005
0.544 0.636 0 0.005
0.545 0.47 0 0.005
0.547 0.274 0 0.005
0.547 0.5 0 0.005
0.548 0.782 0 0.005
0.549 0.125 0 0.005
0.549 0.809 0 0.005
0.549 0.986 0 0.005
0.55 0.295 0 0.005
0.551 0.426 0 0.005
0.552 0.033 0 0.005
0.5565 0.264 0 0.005
0.552 0.958 0 0.005
0.553 0.389 0 0.005
0.554 0.106 0 0.005
0.554 0.406 0 0.005
0.554 0.616 0 0.005
0.555 0.226 0 0.005
0.557 0.718 0 0.005
0.557 0.911 0 0.005
0.558 0.074 0 0.005
0.558 0.196 0 0.005
0.559 0.159 0 0.005
0.559 0.177 0 0.005
0.559 0.28 0 0.005
0.559 0.509 0 0.005
0.56 0.135 0 0.005
0.56 0.341 0 0.005
0.56 0.638 0 0.005
0.562 0.653 0 0.005
0.562 0.676 0 0.005
0.563 0.582 0 0.005
0.564 0.028 0 0.005
0.564 0.541 0 0.005
0.564 0.89 0 0.005
0.564 0.973 0 0.005
0.565 0.419 0 0.005
0.565 0.479 0 0.005
0.566 0.36 0 0.005
0.566 0.496 0 0.005
0.566 0.702 0 0.005
0.566 0.769 0 0.005
0.567 0.867 0 0.005
0.568 0.948 0 0.005
0.569 0.793 0 0.005
0.569 0.849 0 0.005
0.571 0.116 0 0.005
0.571 0.397 0 0.005
0.574 0.062 0 0.005
0.574 0.094 0 0.005
0.574 0.178 0 0.005
0.574 0.272 0 0.005
0.574 0.435 0 0.005
0.574 0.691 0 0.005
0.575 0.332 0 0.005
0.576 0.549 0 0.005
0.5815 0.576 0 0.005
0.5795 0.925 0 0.005
0.5863333333333334 0.4736666666666667 0 0.005
0.578 0.377 0 0.005
0.578 0.589 0 0.005
0.5835 0.8175 0 0.005
0.579 0.203 0 0.005
0.58 0.512 0 0.005
0.581 0.354 0 0.005
0.581 0.867 0 0.005
0.582 0.151 0 0.005
0.583 0.636 0 0.005
0.584 0.291 0 0.005
0.585 0.167 0 0.005
0.585 0.245 0 0.005
0.585 0.418 0 0.005
0.585 0.948 0 0.005
0.586 0.684 0 0.005
0.586 0.724 0 0.005
0.587 0.009 0 0.005
0.587 0.736 0 0.005
0.588 0.054 0 0.005
0.588 0.229 0 0.005
0.588 0.886 0 0.005
0.59 0.375 0 0.005
0.59 0.987 0 0.005
0.592 0.31 0 0.005
0.596 0.8025 0 0.005
0.595 0.432 0 0.005
0.595 0.67 0 0.005
0.595 0.697 0 0.005
0.596 0.132 0 0.005
0.596 0.146 0 0.005
0.596 0.351 0 0.005
0.6025 0.9075 0 0.005
0.598 0.089 0 0.005
0.598 0.772 0 0.005
0.599 0.0027746478873239434 0 0.005
0.599 0.166 0 0.005
0.599 0.552 0 0.005
0.599 0.723 0 0.005
0.601 0.027 0 0.005
0.601 0.269 0 0.005
0.602 0.501 0 0.005
0.607 0.8555 0 0.005
0.603 0.369 0 0.005
0.603 0.627 0 0.005
0.604 0.303 0 0.005
0.605 0.879 0 0.005
0.606 0.655 0 0.005
0.606 0.98 0 0.005
0.606 0.9957317073170732 0 0.005
0.607 0.417 0 0.005
0.607 0.441 0 0.005
0.608 0.134 0 0.005
0.608 0.701 0 0.005
0.609 0.147 0 0.005
0.609 0.224 0 0.005
0.609 0.533 0 0.005
0.61 0.403 0 0.005
0.611 0.467 0 0.005
0.612 0.197 0 0.005
0.613 0.388 0 0.005
0.613 0.642 0 0.005
0.614 0.344 0 0.005
0.614 0.768 0 0.005
0.614 0.784 0 0.005
0.614 0.955 0 0.005
0.615 0.12 0 0.005
0.615 0.483 0 0.005
0.616 0.591 0 0.005
0.616 0.741 0 0.005
0.617 0.433 0 0.005
0.617 0.916 0 0.005
0.618 0.367 0 0.005
0.619 0.3 0 0.005
0.619 0.498 0 0.005
0.619 0.549 0 0.005
0.619 0.815 0 0.005
0.62 0.604 0 0.005
0.62 0.83 0 0.005
0.621 0.07 0 0.005
0.621 0.577 0 0.005
0.622 0.218 0 0.005
0.623 0.752 0 0.005
0.623 0.879 0 0.005
0.624 0.318 0 0.005
0.624 0.994656862745098 0 0.005
0.625 0.037 0 0.005
0.625 0.708 0 0.005
0.625 0.857 0 0.005
0.627 0.238 0 0.005
0.627 0.25 0 0.005
0.628 0.267 0 0.005
0.628 0.966 0 0.005
0.63 0.911 0 0.005
0.631 0.428 0 0.005
0.632 0.472 0 0.005
0.632 0.65 0 0.005
0.634 0.698 0 0.005
0.635 0.188 0 0.005
0.635 0.6 0 0.005
0.636 0.132 0 0.005
0.636 0.225 0 0.005
0.636 0.665 0 0.005
0.636 0.814 0 0.005
0.637 0.885 0 0.005
0.638 0.34 0 0.005
0.638 0.501 0 0.005
0.638 0.869 0 0.005
0.639 0.288 0 0.005
0.639 0.74 0 0.005
0.639 0.831 0 0.005
0.64 0.0027746478873239434 0 0.005
0.643 0.4815 0 0.005
0.64 0.556 0 0.005
0.64 0.686 0 0.005
0.64 0.851 0 0.005
0.641 0.719 0 0.005
0.641 0.939 0 0.005
0.641 0.951 0 0.005
0.647 0.1225 0 0.005
0.643 0.975 0 0.005
0.644 0.094 0 0.005
0.649 0.658 0 0.005
0.649 0.99 0 0.005
0.65 0.673 0 0.005
0.651 0.798 0 0.005
0.652 0.00434313725490196 0 0.005
0.652 0.52 0 0.005
0.653 0.027 0 0.005
0.655 0.22 0 0.005
0.656 0.718 0 0.005
0.658 0.932 0 0.005
0.659 0.076 0 0.005
0.659 0.241 0 0.005
0.659 0.539 0 0.005
0.661 0.175 0 0.005
0.661 0.781 0 0.005
0.662 0.046 0 0.005
0.662 0.312 0 0.005
0.662 0.684 0 0.005
0.663 0.455 0 0.005
0.663 0.477 0 0.005
0.663 0.861 0 0.005
0.664 0.418 0 0.005
0.664 0.495 0 0.005
0.664 0.603 0 0.005
0.664 0.823 0 0.005
0.665 0.008 0 0.005
0.665 0.202 0 0.005
0.665 0.269 0 0.005
0.665 0.631 0 0.005
0.666 0.666 0 0.005
0.667 0.091 0 0.005
0.667 0.362 0 0.005
0.667 0.389 0 0.005
0.668 0.982 0 0.005
0.669 0.35 0 0.005
0.672 0.62 0 0.005
0.673 0.328 0 0.005
0.673 0.7 0 0.005
0.674 0.851 0 0.005
0.675 0.747 0 0.005
0.675 0.993 0 0.005
0.68 0.1235 0 0.005
0.677 0.578 0 0.005
0.677 0.944 0 0.005
0.678 0.039 0 0.005
0.678 0.177 0 0.005
0.678 0.401 0 0.005
0.679 0.83 0 0.005
0.68 0.437 0 0.005
0.681 0.195 0 0.005
0.682 0.72 0 0.005
0.683 0.274 0 0.005
0.683 0.687 0 0.005
0.684 0.139 0 0.005
0.687 0.091 0 0.005
0.687 0.316 0 0.005
0.688 0.261 0 0.005
0.689 0.303 0 0.005
0.689 0.565 0 0.005
0.689 0.854 0 0.005
0.69 0.397 0 0.005
0.69 0.518 0 0.005
0.6945 0.755 0 0.005
0.691 0.013 0 0.005
0.691 0.977 0 0.005
0.693 0.078 0 0.005
0.693 0.34 0 0.005
0.693 0.735 0 0.005
0.694 0.198 0 0.005
0.694 0.723 0 0.005
0.694 0.875 0 0.005
0.695 0.281 0 0.005
0.695 0.808 0 0.005
0.695 0.895 0 0.005
0.697 0.143 0 0.005
0.698 0.926 0 0.005
0.699 0.124 0 0.005
0.699 0.242 0 0.005
0.699 0.551 0 0.005
0.7 0.05 0 0.005
0.7 0.435 0 0.005
0.701 0.254 0 0.005
0.702 0.607 0 0.005
0.708 0.2015 0 0.005
0.704 0.763 0 0.005
0.706 0.535 0 0.005
0.707 0.656 0 0.005
0.708 0.739 0 0.005
0.708 0.912 0 0.005
0.71 0.301 0 0.005
0.711 0.967 0 0.005
0.712 0.368 0 0.005
0.712 0.707 0 0.005
0.712 0.784 0 0.005
0.712 0.858 0 0.005
0.713 0.502 0 0.005
0.713 0.683 0 0.005
0.715 0.722 0 0.005
0.716 0.053 0 0.005
0.716 0.129 0 0.005
0.716 0.479 0 0.005
0.717 0.459 0 0.005
0.717 0.628 0 0.005
0.7215 0.243 0 0.005
0.718 0.82 0 0.005
0.718 0.931 0 0.005
0.719 0.144 0 0.005
0.719 0.177 0 0.005
0.719 0.6 0 0.005
0.72 0.271 0 0.005
0.72 0.65 0 0.005
0.723 0.022 0 0.005
0.725 0.685 0 0.005
0.727 0.367 0 0.005
0.727 0.385 0 0.005
0.727 0.544 0 0.005
0.727 0.944 0 0.005
0.727 0.9957317073170732 0 0.005
0.728 0.044 0 0.005
0.728 0.312 0 0.005
0.728 0.427 0 0.005
0.728 0.443 0 0.005
0.729 0.297 0 0.005
0.729 0.636 0 0.005
0.729 0.864 0 0.005
0.73 0.769 0 0.005
0.731 0.012 0 0.005
0.731 0.736 0 0.005
0.7355 0.704 0 0.005
0.733 0.784 0 0.005
0.734 0.396 0 0.005
0.734 0.475 0 0.005
0.735 0.027 0 0.005
0.735 0.913 0 0.005
0.736 0.076 0 0.005
0.74 0.2245 0 0.005
0.737 0.089 0 0.005
0.737 0.102 0 0.005
0.738 0.062 0 0.005
0.739 0.37 0 0.005
0.739 0.558 0 0.005
0.741 0.869 0 0.005
0.741 0.956 0 0.005
0.744 0.16 0 0.005
0.744 0.856 0 0.005
0.745 0.264 0 0.005
0.746 0.972 0 0.005
0.747 0.397 0 0.005
0.747 0.882 0 0.005
0.748 0.646 0 0.005
0.7535 0.621 0 0.005
0.75 0.441 0 0.005
0.751 0.039 0 0.005
0.751 0.182 0 0.005
0.752 0.055 0 0.005
0.752 0.483 0 0.005
0.752 0.567 0 0.005
0.753 0.554 0 0.005
0.753 0.991 0 0.005
0.754 0.106 0 0.005
0.756 0.658 0 0.005
0.758 0.277 0 0.005
0.758 0.843 0 0.005
0.758 0.923 0 0.005
0.763 0.8005 0 0.005
0.759 0.942 0 0.005
0.76 0.071 0 0.005
0.76 0.641 0 0.005
0.761 0.955 0 0.005
0.764 0.213 0 0.005
0.764 0.378 0 0.005
0.764 0.467 0 0.005
0.764 0.83 0 0.005
0.765 0.16 0 0.005
0.765 0.898 0 0.005
0.767 0.433 0 0.005
0.769 0.563 0 0.005
0.769 0.579 0 0.005
0.769 0.729 0 0.005
0.77 0.088 0 0.005
0.77 0.137 0 0.005
0.77 0.705 0 0.005
0.771 0.256 0 0.005
0.771 0.87 0 0.005
0.772 0.547 0 0.005
0.772 0.661 0 0.005
0.773 0.058 0 0.005
0.773 0.843 0 0.005
0.774 0.118 0 0.005
0.774 0.197 0 0.005
0.7765 0.2945 0 0.005
0.775 0.017 0 0.005
0.775 0.183 0 0.005
0.776 0.316 0 0.005
0.777 0.151 0 0.005
0.777 0.36 0 0.005
0.777 0.446 0 0.005
0.777 0.687 0 0.005
0.777 0.76 0 0.005
0.777 0.909 0 0.005
0.777 0.95 0 0.005
0.779 0.003268292682926829 0 0.005
0.779 0.776 0 0.005
0.78 0.246 0 0.005
0.78 0.344 0 0.005
0.782 0.852 0 0.005
0.783 0.382 0 0.005
0.7855 0.7425 0 0.005
0.784 0.639 0 0.005
0.784 0.937 0 0.005
0.786 0.866 0 0.005
0.787 0.978 0 0.005
0.788 0.466 0 0.005
0.788 0.589 0 0.005
0.788 0.883 0 0.005
0.789 0.561 0 0.005
0.79 0.045 0 0.005
0.79 0.672 0 0.005
0.791 0.13 0 0.005
0.791 0.276 0 0.005
0.792 0.15 0 0.005
0.792 0.428 0 0.005
0.793 0.199 0 0.005
0.793 0.497 0 0.005
0.793 0.916 0 0.005
0.794 0.162 0 0.005
0.794 0.215 0 0.005
0.796 0.519 0 0.005
0.797 0.18 0 0.005
0.797 0.247 0 0.005
0.799 0.408 0 0.005
0.8035 0.4545 0 0.005
0.801 0.624 0 0.005
0.805 0.3255 0 0.005
0.813 0.115 0 0.005
0.803 0.535 0 0.005
0.803 0.952 0 0.005
0.804 0.35 0 0.005
0.804 0.991 0 0.005
0.805 0.093 0 0.005
0.806 0.565 0 0.005
0.807 0.077 0 0.005
0.807 0.677 0 0.005
0.808 0.261 0 0.005
0.809 0.505 0 0.005
0.811 0.489 0 0.005
0.811 0.851 0 0.005
0.812 0.038 0 0.005
0.813 0.025 0 0.005
0.813 0.653 0 0.005
0.814 0.589 0 0.005
0.815 0.638 0 0.005
0.816 0.434 0 0.005
0.816 0.718 0 0.005
0.816 0.797 0 0.005
0.817 0.154 0 0.005
0.817 0.227 0 0.005
0.818 0.252 0 0.005
0.818 0.53 0 0.005
0.818 0.761 0 0.005
0.819 0.611 0 0.005
0.819 0.828 0 0.005
0.819 0.911 0 0.005
0.819 0.955 0 0.005
0.82 0.073 0 0.005
0.821 0.047 0 0.005
0.821 0.093 0 0.005
0.821 0.935 0 0.005
0.822 0.134 0 0.005
0.822 0.548 0 0.005
0.824 0.352 0 0.005
0.826 0.34 0 0.005
0.826 0.781 0 0.005
0.827 0.276 0 0.005
0.827 0.742 0 0.005
0.828 0.373 0 0.005
0.828 0.473 0 0.005
0.828 0.712 0 0.005
0.829 0.00434313725490196 0 0.005
0.829 0.515 0 0.005
0.83 0.31 0 0.005
0.831 0.023 0 0.005
0.832 0.19 0 0.005
0.836 0.2855 0 0.005
0.832 0.666 0 0.005
0.832 0.76 0 0.005
0.833 0.234 0 0.005
0.833 0.927 0 0.005
0.834 0.613 0 0.005
0.834 0.898 0 0.005
0.834 0.962 0 0.005
0.835 0.939 0 0.005
0.836 0.46 0 0.005
0.836 0.73 0 0.005
0.838 0.399 0 0.005
0.838 0.824 0 0.005
0.84 0.654 0 0.005
0.841 0.219 0 0.005
0.841 0.26 0 0.005
0.845 0.053 0 0.005
0.845 0.083 0 0.005
0.845 0.556 0 0.005
0.845 0.74 0 0.005
0.845 0.774 0 0.005
0.846 0.808 0 0.005
0.847 0.631 0 0.005
0.847 0.846 0 0.005
0.847 0.87 0 0.005
0.85 0.16 0 0.005
0.85 0.355 0 0.005
0.851 0.144 0 0.005
0.852 0.702 0 0.005
0.852 0.948 0 0.005
0.853 0.503 0 0.005
0.854 0.27 0 0.005
0.854 0.402 0 0.005
0.855 0.458 0 0.005
0.855 0.6 0 0.005
0.8605 0.112 0 0.005
0.856 0.324 0 0.005
0.857 0.056 0 0.005
0.8615 0.188 0 0.005
0.857 0.756 0 0.005
0.857 0.888 0 0.005
0.858 0.0027746478873239434 0 0.005
0.858 0.017 0 0.005
0.859 0.346 0 0.005
0.859 0.643 0 0.005
0.859 0.906 0 0.005
0.859 0.971 0 0.005
0.86 0.479 0 0.005
0.86 0.672 0 0.005
0.861 0.574 0 0.005
0.861 0.722 0 0.005
0.862 0.783 0 0.005
0.862 0.827 0 0.005
0.864 0.045 0 0.005
0.864 0.624 0 0.005
0.864 0.739 0 0.005
0.865 0.928 0 0.005
0.867 0.521 0 0.005
0.867 0.708 0 0.005
0.868 0.954 0 0.005
0.87 0.211 0 0.005
0.87 0.772 0 0.005
0.871 0.663 0 0.005
0.871 0.852 0 0.005
0.872 0.176 0 0.005
0.872 0.225 0 0.005
0.872 0.437 0 0.005
0.873 0.071 0 0.005
0.873 0.134 0 0.005
0.873 0.484 0 0.005
0.873 0.886 0 0.005
0.874 0.00434313725490196 0 0.005
0.874 0.352 0 0.005
0.874 0.541 0 0.005
0.875 0.031 0 0.005
0.876 0.97 0 0.005
0.879 0.603 0 0.005
0.88 0.336 0 0.005
0.88 0.555 0 0.005
0.881 0.283 0 0.005
0.881 0.87 0 0.005
0.882 0.12 0 0.005
0.882 0.675 0 0.005
0.884 0.147 0 0.005
0.884 0.492 0 0.005
0.884 0.896 0 0.005
0.886 0.239 0 0.005
0.887 0.412 0 0.005
0.887 0.509 0 0.005
0.887 0.692 0 0.005
0.888 0.772 0 0.005
0.889 0.913 0 0.005
0.889 0.976 0 0.005
0.89 0.011 0 0.005
0.891 0.716 0 0.005
0.892 0.068 0 0.005
0.893 0.354 0 0.005
0.893 0.621 0 0.005
0.893 0.823 0 0.005
0.893 0.861 0 0.005
0.894 0.157 0 0.005
0.894 0.369 0 0.005
0.894 0.874 0 0.005
0.895 0.305 0 0.005
0.896 0.033 0 0.005
0.897 0.805 0 0.005
0.899 0.454 0 0.005
0.899 0.538 0 0.005
0.899 0.958 0 0.005
0.9 0.177 0 0.005
0.9 0.469 0 0.005
0.9 0.734 0 0.005
0.901 0.216 0 0.005
0.901 0.265 0 0.005
0.901 0.703 0 0.005
0.902 0.401 0 0.005
0.904 0.059 0 0.005
0.906 0.143 0 0.005
0.906 0.357 0 0.005
0.907 0.603 0 0.005
0.908 0.204 0 0.005
0.908 0.828 0 0.005
0.908 0.944 0 0.005
0.909 0.85 0 0.005
0.909 0.915 0 0.005
0.91 0.017 0 0.005
0.91 0.088 0 0.005
0.91 0.317 0 0.005
0.91 0.895 0 0.005
0.911 0.048 0 0.005
0.911 0.782 0 0.005
0.912 0.072 0 0.005
0.912 0.441 0 0.005
0.912 0.466 0 0.005
0.912 0.64 0 0.005
0.914 0.584 0 0.005
0.915 0.882 0 0.005
0.916 0.401 0 0.005
0.917 0.366 0 0.005
0.918 0.421 0 0.005
0.919 0.114 0 0.005
0.921 0.53 0 0.005
0.921 0.942 0 0.005
0.9275 0.731 0 0.005
0.922 0.924 0 0.005
0.923 0.007 0 0.005
0.923 0.996225352112676 0 0.005
0.924 0.059 0 0.005
0.9285 0.631 0 0.005
0.924 0.899 0 0.005
0.925 0.074 0 0.005
0.927 0.468 0 0.005
0.928 0.243 0 0.005
0.928 0.272 0 0.005
0.928 0.291 0 0.005
0.928 0.484 0 0.005
0.928 0.862 0 0.005
0.928 0.954 0 0.005
0.929 0.353 0 0.005
0.929 0.576 0 0.005
0.929 0.702 0 0.005
0.931 0.155 0 0.005
0.932 0.141 0 0.005
0.932 0.207 0 0.005
0.933 0.981 0 0.005
0.934 0.128 0 0.005
0.934 0.259 0 0.005
0.935 0.4 0 0.005
0.935 0.838 0 0.005
0.937 0.089 0 0.005
0.937 0.498 0 0.005
0.938 0.015 0 0.005
0.942 0.163 0 0.005
0.942 0.532 0 0.005
0.943 0.318 0 0.005
0.943 0.896 0 0.005
0.944 0.821 0 0.005
0.946 0.756 0 0.005
0.947 0.218 0 0.005
0.947 0.559 0 0.005
0.947 0.843 0 0.005
0.949 0.122 0 0.005
0.949 0.231 0 0.005
0.949 0.373 0 0.005
0.949 0.725 0 0.005
0.949 0.938 0 0.005
0.95 0.286 0 0.005
0.95 0.609 0 0.005
0.951 0.352 0 0.005
0.953 0.015 0 0.005
0.955 0.959 0 0.005
0.956 0.046 0 0.005
0.956 0.54 0 0.005
0.956 0.568 0 0.005
0.959 0.656 0 0.005
0.959 0.91 0 0.005
0.961 0.44 0 0.005
0.961 0.594 0 0.005
0.961 0.869 0 0.005
0.962 0.108 0 0.005
0.962 0.513 0 0.005
0.962 0.623 0 0.005
0.962 0.753 0 0.005
0.963 0.238 0 0.005
0.964 0.497 0 0.005
0.964 0.89 0 0.005
0.964 0.948 0 0.005
0.968 0.9785 0 0.005
0.965 0.068 0 0.005
0.965 0.358 0 0.005
0.965 0.7 0 0.005
0.965 0.725 0 0.005
0.966 0.376 0 0.005
0.966 0.773 0 0.005
0.967 0.149 0 0.005
0.968 0.132 0 0.005
0.969 0.164 0 0.005
0.969 0.664 0 0.005
0.97 0.097 0 0.005
0.97 0.479 0 0.005
0.974 0.6025 0 0.005
0.972 0.229 0 0.005
0.972 0.545 0 0.005
0.972 0.578 0 0.005
0.974 0.266 0 0.005
0.975 0.634 0 0.005
0.975 0.923 0 0.005
0.976 0.25 0 0.005
0.976 0.818 0 0.005
0.977 0.834 0 0.005
0.978 0.045 0 0.005
0.978 0.295 0 0.005
0.978 0.513 0 0.005
0.979 0.42 0 0.005
0.979 0.793 0 0.005
0.979 0.898 0 0.005
0.98 0.127 0 0.005
0.98 0.467 0 0.005
0.98 0.494 0 0.005
0.981 0.311 0 0.005
0.981 0.769 0 0.005
0.982 0.189 0 0.005
0.982 0.708 0 0.005
0.983 0.072 0 0.005
0.983 0.437 0 0.005
0.984 0.14 0 0.005
0.984 0.609 0 0.005
0.985 0.884 0 0.005
0.986 0.542 0 0.005
0.986 0.659 0 0.005
0.986 0.944 0 0.005
0.987 0.635 0 0.005
0.987 0.805 0 0.005
0.988 0.621 0 0.005
0.989 0.228 0 0.005
0.989 0.732 0 0.005
0.99 0.027 0 0.005
0.99 0.344 0 0.005
0.99 0.386 0 0.005
0.992 0.84 0 0.005
0.992 0.991 0 0.005
0.994 0.321 0 0.005
0.994656862745098 0.178 0 0.005
0.994656862745098 0.427 0 0.005
0.994656862745098 0.511 0 0.005
0.994656862745098 0.795 0 0.005
0.9952365591397849 0.593 0 0.005
0.9957317073170732 0.103 0 0.005
0.996225352112676 0.057 0 0.005
0.996225352112676 0.362 0 0.005
0.996225352112676 0.742 0 0.005
0.9967166666666667 0.3 0 0.005
