0.017 0.298 0 0.005
0.024 0.561 0 0.005
0.028 0.178 0 0.005
0.037 0.065 0 0.005
0.038 0.744 0 0.005
0.039 0.334 0 0.005
0.039 0.697 0 0.005
0.04 0.145 0 0.005
0.051 0.855 0 0.005
0.052 0.018 0 0.005
0.061 0.214 0 0.005
0.071 0.022 0 0.005
0.08 0.407 0 0.005
0.082 0.841 0 0.005
0.091 0.566 0 0.005
0.099 0.843 0 0.005
0.1 0.414 0 0.005
0.103 0.952 0 0.005
0.105 0.595 0 0.005
0.108 0.445 0 0.005
0.121 0.923 0 0.005
0.123 0.166 0 0.005
0.124 0.427 0 0.005
0.138 0.985 0 0.005
0.14 0.296 0 0.005
0.147 0.5 0 0.005
0.148 0.562 0 0.005
0.157 0.045 0 0.005
0.167 0.056 0 0.005
0.171 0.792 0 0.005
0.178 0.304 0 0.005
0.18 0.463 0 0.005
0.18 0.73 0 0.005
0.191 0.126 0 0.005
0.194 0.00434313725490196 0 0.005
0.197 0.767 0 0.005
0.203 0.671 0 0.005
0.204 0.893 0 0.005
0.211 0.129 0 0.005
0.212 0.659 0 0.005
0.213 0.622 0 0.005
0.213 0.645 0 0.005
0.216 0.594 0 0.005
0.225 0.97 0 0.005
0.226 0.928 0 0.005
0.244 0.777 0 0.005
0.245 0.156 0 0.005
0.245 0.992 0 0.005
0.255 0.024 0 0.005
0.258 0.428 0 0.005
0.26 0.842 0 0.005
0.263 0.51 0 0.005
0.271 0.724 0 0.005
0.274 0.445 0 0.005
0.278 0.385 0 0.005
0.284 0.397 0 0.005
0.292 0.235 0 0.005
0.297 0.566 0 0.005
0.299 0.741 0 0.005
0.31 0.031 0 0.005
0.315 0.126 0 0.005
0.319 0.55 0 0.005
0.321 0.942 0 0.005
0.324 0.808 0 0.005
0.329 0.206 0 0.005
0.332 0.131 0 0.005
0.335 0.03 0 0.005
0.335 0.241 0 0.005
0.344 0.473 0 0.005
0.345 0.353 0 0.005
0.348 0.94 0 0.005
0.36 0.982 0 0.005
0.386 0.804 0 0.005
0.387 0.143 0 0.005
0.391 0.711 0 0.005
0.4 0.115 0 0.005
0.408 0.65 0 0.005
0.412 0.397 0 0.005
0.425 0.505 0 0.005
0.432 0.752 0 0.005
0.443 0.712 0 0.005
0.449 0.631 0 0.005
0.464 0.861 0 0.005
0.467 0.345 0 0.005
0.47 0.07 0 0.005
0.472 0.427 0 0.005
0.474 0.565 0 0.005
0.474 0.976 0 0.005
0.475 0.496 0 0.005
0.487 0.385 0 0.005
0.507 0.341 0 0.005
0.519 0.531 0 0.005
0.522 0.704 0 0.005
0.531 0.578 0 0.005
0.533 0.66 0 0.005
0.545 0.163 0 0.005
0.549 0.66 0 0.005
0.549 0.838 0 0.005
0.55 0.386 0 0.005
0.552 0.352 0 0.005
0.555 0.098 0 0.005
0.559 0.87 0 0.005
0.569 0.154 0 0.005
0.573 0.723 0 0.005
0.575 0.883 0 0.005
0.576 0.045 0 0.005
0.603 0.825 0 0.005
0.617 0.841 0 0.005
0.619 0.736 0 0.005
0.63 0.704 0 0.005
0.631 0.804 0 0.005
0.633 0.122 0 0.005
0.638 0.478 0 0.005
0.656 0.722 0 0.005
0.658 0.986 0 0.005
0.663 0.641 0 0.005
0.668 0.906 0 0.005
0.69 0.821 0 0.005
0.692 0.06 0 0.005
0.699 0.128 0 0.005
0.699 0.856 0 0.005
0.705 0.615 0 0.005
0.71 0.912 0 0.005
0.717 0.068 0 0.005
0.724 0.576 0 0.005
0.725 0.472 0 0.005
0.73 0.93 0 0.005
0.731 0.27 0 0.005
0.745 0.316 0 0.005
0.752 0.106 0 0.005
0.752 0.98 0 0.005
0.756 0.364 0 0.005
0.76 0.957 0 0.005
0.761 0.153 0 0.005
0.774 0.815 0 0.005
0.785 0.054 0 0.005
0.795 0.721 0 0.005
0.804 0.336 0 0.005
0.805 0.461 0 0.005
0.812 0.992 0 0.005
0.822 0.616 0 0.005
0.824 0.043 0 0.005
0.837 0.197 0 0.005
0.837 0.9952365591397849 0 0.005
0.838 0.394 0 0.005
0.838 0.653 0 0.005
0.839 0.0022833333333333334 0 0.005
0.84 0.036 0 0.005
0.853 0.238 0 0.005
0.853 0.796 0 0.005
0.865 0.948 0 0.005
0.87 0.404 0 0.005
0.871 0.197 0 0.005
0.874 0.809 0 0.005
0.88 0.68 0 0.005
0.881 0.086 0 0.005
0.881 0.167 0 0.005
0.882 0.6 0 0.005
0.892 0.248 0 0.005
0.897 0.101 0 0.005
0.899 0.785 0 0.005
0.927 0.705 0 0.005
0.931 0.407 0 0.005
0.932 0.312 0 0.005
0.941 0.393 0 0.005
0.941 0.733 0 0.005
0.946 0.253 0 0.005
0.949 0.08 0 0.005
0.95 0.846 0 0.005
0.957 0.217 0 0.005
0.96 0.506 0 0.005
0.964 0.979 0 0.005
0.965 0.34 0 0.005
0.985 0.142 0 0.005
0.986 0.165 0 0.005
0.993 0.782 0 0.005
0.996225352112676 0.016 0 0.005
