0.00434313725490196 0.05 0 0.005
0.00434313725490196 0.323 0 0.005
0.0027746478873239434 0.763 0 0.005
0.003763440860215054 0.795 0 0.005
0.003268292682926829 0.891 0 0.005
0.006 0.22 0 0.005
0.007 0.344 0 0.005
0.01 0.859 0 0.005
0.011 0.968 0 0.005
0.015 0.384 0 0.005
0.015 0.992 0 0.005
0.017 0.952 0 0.005
0.02 0.639 0 0.005
0.022 0.866 0 0.005
0.023 0.366 0 0.005
0.024 0.322 0 0.005
0.033 0.041 0 0.005
0.034 0.777 0 0.005
0.04 0.316 0 0.005
0.04 0.701 0 0.005
0.04 0.924 0 0.005
0.041 0.295 0 0.005
0.042 0.075 0 0.005
0.042 0.544 0 0.005
0.043 0.882 0 0.005
0.045 0.794 0 0.005
0.057 0.01 0 0.005
0.057 0.676 0 0.005
0.059 0.093 0 0.005
0.065 0.777 0 0.005
0.066 0.463 0 0.005
0.069 0.24 0 0.005
0.069 0.439 0 0.005
0.07 0.401 0 0.005
0.07 0.587 0 0.005
0.07 0.942 0 0.005
0.071 0.176 0 0.005
0.072 0.555 0 0.005
0.074 0.095 0 0.005
0.074 0.421 0 0.005
0.078 0.504 0 0.005
0.083 0.175 0 0.005
0.084 0.674 0 0.005
0.085 0.073 0 0.005
0.091 0.292 0 0.005
0.092 0.646 0 0.005
0.092 0.658 0 0.005
0.095 0.979 0 0.005
0.097 0.022 0 0.005
0.097 0.54 0 0.005
0.099 0.387 0 0.005
0.101 0.108 0 0.005
0.101 0.129 0 0.005
0.101 0.399 0 0.005
0.102 0.327 0 0.005
0.102 0.893 0 0.005
0.104 0.431 0 0.005
0.112 0.772 0 0.005
0.115 0.318 0 0.005
0.116 0.082 0 0.005
0.116 0.151 0 0.005
0.118 0.99 0 0.005
0.125 0.604 0 0.005
0.127 0.116 0 0.005
0.128 0.931 0 0.005
0.134 0.322 0 0.005
0.136 0.465 0 0.005
0.137 0.145 0 0.005
0.142 0.246 0 0.005
0.143 0.81 0 0.005
0.147 0.358 0 0.005
0.147 0.949 0 0.005
0.149 0.401 0 0.005
0.151 0.027 0 0.005
0.153 0.422 0 0.005
0.153 0.922 0 0.005
0.159 0.835 0 0.005
0.159 0.978 0 0.005
0.161 0.441 0 0.005
0.163 0.281 0 0.005
0.163 0.395 0 0.005
0.163 0.498 0 0.005
0.167 0.725 0 0.005
0.169 0.613 0 0.005
0.171 0.11 0 0.005
0.172 0.872 0 0.005
0.174 0.19 0 0.005
0.174 0.676 0 0.005
0.174 0.933 0 0.005
0.175 0.984 0 0.005
0.176 0.59 0 0.005
0.183 0.253 0 0.005
0.183 0.617 0 0.005
0.184 0.335 0 0.005
0.185 0.974 0 0.005
0.191 0.856 0 0.005
0.191 0.948 0 0.005
0.192 0.233 0 0.005
0.202 0.136 0 0.005
0.203 0.638 0 0.005
0.204 0.244 0 0.005
0.208 0.671 0 0.005
0.209 0.978 0 0.005
0.21 0.592 0 0.005
0.213 0.921 0 0.005
0.216 0.61 0 0.005
0.218 0.279 0 0.005
0.22 0.74 0 0.005
0.221 0.569 0 0.005
0.222 0.471 0 0.005
0.228 0.319 0 0.005
0.228 0.654 0 0.005
0.229 0.794 0 0.005
0.23 0.726 0 0.005
0.232 0.405 0 0.005
0.241 0.608 0 0.005
0.241 0.646 0 0.005
0.248 0.738 0 0.005
0.252 0.851 0 0.005
0.256 0.518 0 0.005
0.256 0.637 0 0.005
0.257 0.475 0 0.005
0.259 0.816 0 0.005
0.261 0.095 0 0.005
0.261 0.8 0 0.005
0.263 0.571 0 0.005
0.263 0.843 0 0.005
0.266 0.543 0 0.005
0.267 0.375 0 0.005
0.267 0.395 0 0.005
0.273 0.252 0 0.005
0.277 0.284 0 0.005
0.277 0.607 0 0.005
0.278 0.528 0 0.005
0.279 0.835 0 0.005
0.286 0.084 0 0.005
0.286 0.947 0 0.005
0.287 0.408 0 0.005
0.289 0.87 0 0.005
0.29 0.781 0 0.005
0.291 0.664 0 0.005
0.292 0.03 0 0.005
0.294 0.628 0 0.005
0.294 0.755 0 0.005
0.297 0.117 0 0.005
0.299 0.241 0 0.005
0.3 0.825 0 0.005
0.301 0.074 0 0.005
0.309 0.086 0 0.005
0.31 0.518 0 0.005
0.311 0.41 0 0.005
0.316 0.592 0 0.005
0.32 0.697 0 0.005
0.324 0.434 0 0.005
0.325 0.301 0 0.005
0.327 0.553 0 0.005
0.329 0.914 0 0.005
0.332 0.843 0 0.005
0.333 0.825 0 0.005
0.337 0.631 0 0.005
0.34 0.502 0 0.005
0.341 0.237 0 0.005
0.345 0.357 0 0.005
0.346 0.201 0 0.005
0.35 0.086 0 0.005
0.356 0.93 0 0.005
0.358 0.608 0 0.005
0.358 0.78 0 0.005
0.359 0.761 0 0.005
0.364 0.129 0 0.005
0.367 0.213 0 0.005
0.368 0.659 0 0.005
0.369 0.619 0 0.005
0.37 0.153 0 0.005
0.372 0.826 0 0.005
0.373 0.494 0 0.005
0.374 0.91 0 0.005
0.375 0.959 0 0.005
0.382 0.09 0 0.005
0.382 0.753 0 0.005
0.383 0.34 0 0.005
0.385 0.157 0 0.005
0.387 0.257 0 0.005
0.388 0.522 0 0.005
0.396 0.301 0 0.005
0.399 0.199 0 0.005
0.401 0.548 0 0.005
0.403 0.353 0 0.005
0.405 0.328 0 0.005
0.407 0.842 0 0.005
0.408 0.076 0 0.005
0.408 0.581 0 0.005
0.413 0.309 0 0.005
0.413 0.338 0 0.005
0.417 0.702 0 0.005
0.422 0.954 0 0.005
0.423 0.137 0 0.005
0.43 0.737 0 0.005
0.431 0.708 0 0.005
0.433 0.969 0 0.005
0.434 0.056 0 0.005
0.437 0.493 0 0.005
0.438 0.41 0 0.005
0.439 0.641 0 0.005
0.44 0.914 0 0.005
0.446 0.511 0 0.005
0.452 0.426 0 0.005
0.453 0.594 0 0.005
0.453 0.856 0 0.005
0.455 0.241 0 0.005
0.455 0.616 0 0.005
0.457 0.628 0 0.005
0.46 0.524 0 0.005
0.463 0.701 0 0.005
0.469 0.275 0 0.005
0.469 0.305 0 0.005
0.472 0.866 0 0.005
0.474 0.955 0 0.005
0.487 0.668 0 0.005
0.488 0.309 0 0.005
0.491 0.834 0 0.005
0.496 0.428 0 0.005
0.496 0.579 0 0.005
0.498 0.763 0 0.005
0.502 0.399 0 0.005
0.503 0.299 0 0.005
0.505 0.732 0 0.005
0.506 0.599 0 0.005
0.511 0.481 0 0.005
0.513 0.075 0 0.005
0.522 0.727 0 0.005
0.525 0.917 0 0.005
0.526 0.076 0 0.005
0.528 0.958 0 0.005
0.529 0.267 0 0.005
0.53 0.49 0 0.005
0.532 0.125 0 0.005
0.532 0.434 0 0.005
0.532 0.987 0 0.005
0.535 0.233 0 0.005
0.536 0.943 0 0.005
0.538 0.104 0 0.005
0.542 0.357 0 0.005
0.543 0.07 0 0.005
0.544 0.536 0 0.005
0.544 0.928 0 0.005
0.545 0.398 0 0.005
0.547 0.83 0 0.005
0.548 0.848 0 0.005
0.549 0.669 0 0.005
0.55 0.689 0 0.005
0.552 0.264 0 0.005
0.552 0.635 0 0.005
0.567 0.143 0 0.005
0.567 0.545 0 0.005
0.568 0.568 0 0.005
0.57 0.091 0 0.005
0.572 0.679 0 0.005
0.572 0.887 0 0.005
0.575 0.74 0 0.005
0.575 0.811 0 0.005
0.576 0.33 0 0.005
0.579 0.003763440860215054 0 0.005
0.582 0.159 0 0.005
0.582 0.563 0 0.005
0.583 0.486 0 0.005
0.584 0.414 0 0.005
0.584 0.783 0 0.005
0.585 0.348 0 0.005
0.591 0.547 0 0.005
0.595 0.735 0 0.005
0.596 0.514 0 0.005
0.602 0.621 0 0.005
0.605 0.224 0 0.005
0.606 0.546 0 0.005
0.61 0.203 0 0.005
0.613 0.466 0 0.005
0.614 0.582 0 0.005
0.615 0.391 0 0.005
0.616 0.242 0 0.005
0.618 0.752 0 0.005
0.621 0.765 0 0.005
0.6285 0.3185 0 0.005
0.63 0.021 0 0.005
0.631 0.192 0 0.005
0.632 0.743 0 0.005
0.641 0.728 0 0.005
0.645 0.234 0 0.005
0.645 0.535 0 0.005
0.652 0.433 0 0.005
0.652 0.651 0 0.005
0.652 0.961 0 0.005
0.653 0.341 0 0.005
0.657 0.983 0 0.005
0.659 0.155 0 0.005
0.662 0.17 0 0.005
0.667 0.497 0 0.005
0.669 0.548 0 0.005
0.67 0.008 0 0.005
0.67 0.641 0 0.005
0.671 0.106 0 0.005
0.671 0.136 0 0.005
0.673 0.749 0 0.005
0.678 0.854 0 0.005
0.679 0.318 0 0.005
0.679 0.398 0 0.005
0.68 0.2 0 0.005
0.683 0.686 0 0.005
0.684 0.256 0 0.005
0.687 0.712 0 0.005
0.688 0.179 0 0.005
0.689 0.413 0 0.005
0.694 0.743 0 0.005
0.697 0.169 0 0.005
0.698 0.198 0 0.005
0.698 0.923 0 0.005
0.699 0.052 0 0.005
0.701 0.905 0 0.005
0.707 0.716 0 0.005
0.708 0.457 0 0.005
0.71 0.179 0 0.005
0.711 0.892 0 0.005
0.713 0.956 0 0.005
0.724 0.414 0 0.005
0.728 0.155 0 0.005
0.73 0.066 0 0.005
0.73 0.67 0 0.005
0.731 0.457 0 0.005
0.734 0.029 0 0.005
0.738 0.404 0 0.005
0.738 0.639 0 0.005
0.739 0.819 0 0.005
0.74 0.494 0 0.005
0.749 0.013 0 0.005
0.749 0.203 0 0.005
0.754 0.026 0 0.005
0.754 0.482 0 0.005
0.758 0.956 0 0.005
0.765 0.191 0 0.005
0.765 0.505 0 0.005
0.766 0.555 0 0.005
0.774 0.006 0 0.005
0.779 0.819 0 0.005
0.781 0.257 0 0.005
0.781 0.444 0 0.005
0.781 0.951 0 0.005
0.787 0.521 0 0.005
0.796 0.682 0 0.005
0.798 0.784 0 0.005
0.808 0.016 0 0.005
0.809 0.208 0 0.005
0.812 0.45 0 0.005
0.813 0.073 0 0.005
0.818 0.301 0 0.005
0.818 0.619 0 0.005
0.819 0.585 0 0.005
0.822 0.975 0 0.005
0.823 0.118 0 0.005
0.823 0.144 0 0.005
0.825 0.09 0 0.005
0.829 0.633 0 0.005
0.83 0.059 0 0.005
0.83 0.492 0 0.005
0.834 0.384 0 0.005
0.836 0.167 0 0.005
0.838 0.745 0 0.005
0.842 0.356 0 0.005
0.842 0.455 0 0.005
0.847 0.847 0 0.005
0.848 0.114 0 0.005
0.848 0.971 0 0.005
0.849 0.25 0 0.005
0.85 0.061 0 0.005
0.85 0.146 0 0.005
0.852 0.446 0 0.005
0.852 0.902 0 0.005
0.853 0.03 0 0.005
0.86 0.519 0 0.005
0.861 0.049 0 0.005
0.861 0.18 0 0.005
0.862 0.416 0 0.005
0.863 0.787 0 0.005
0.864 0.635 0 0.005
0.868 0.167 0 0.005
0.868 0.766 0 0.005
0.87 0.136 0 0.005
0.876 0.066 0 0.005
0.879 0.7 0 0.005
0.88 0.501 0 0.005
0.881 0.323 0 0.005
0.882 0.287 0 0.005
0.882 0.9952365591397849 0 0.005
0.883 0.784 0 0.005
0.886 0.487 0 0.005
0.89 0.796 0 0.005
0.891 0.005 0 0.005
0.898 0.284 0 0.005
0.901 0.395 0 0.005
0.905 0.158 0 0.005
0.905 0.727 0 0.005
0.905 0.904 0 0.005
0.91 0.368 0 0.005
0.913 0.867 0 0.005
0.914 0.459 0 0.005
0.921 0.983 0 0.005
0.923 0.683 0 0.005
0.925 0.607 0 0.005
0.927 0.31 0 0.005
0.927 0.499 0 0.005
0.927 0.926 0 0.005
0.928 0.148 0 0.005
0.928 0.209 0 0.005
0.928 0.876 0 0.005
0.931 0.228 0 0.005
0.933 0.756 0 0.005
0.934 0.126 0 0.005
0.934 0.675 0 0.005
0.941 0.744 0 0.005
0.943 0.532 0 0.005
0.944 0.055 0 0.005
0.944 0.632 0 0.005
0.946 0.897 0 0.005
0.947 0.701 0 0.005
0.953 0.214 0 0.005
0.964 0.656 0 0.005
0.965 0.313 0 0.005
0.965 0.674 0 0.005
0.967 0.099 0 0.005
0.968 0.457 0 0.005
0.97 0.429 0 0.005
0.975 0.344 0 0.005
0.979 0.003763440860215054 0 0.005
0.979 0.844 0 0.005
0.98 0.634 0 0.005
0.98 0.949 0 0.005
0.984 0.817 0 0.005
0.987 0.571 0 0.005
0.994656862745098 0.671 0 0.005
0.994656862745098 0.956 0 0.005
0.996225352112676 0.103 0 0.005
0.996225352112676 0.437 0 0.005
