0.004 0.005 0 0.005
0.0012666666666666666 0.047 0 0.005
0.0 0.065 0 0.005
0.0033125 0.077 0 0.005
0.0004166666666666667 0.086 0 0.005
0.0033125 0.163 0 0.005
0.002719298245614035 0.176 0 0.005
0.0033125 0.247 0 0.005
0.0004166666666666667 0.278 0 0.005
0.0033125 0.303 0 0.005
0.0 0.317 0 0.005
0.004 0.338 0 0.005
0.0004166666666666667 0.361 0 0.005
0.0017435897435897436 0.413 0 0.005
0.0022291666666666666 0.433 0 0.005
0.0022291666666666666 0.455 0 0.005
0.0022291666666666666 0.493 0 0.005
0.0004166666666666667 0.507 0 0.005
0.0004166666666666667 0.545 0 0.005
0.002719298245614035 0.555 0 0.005
0.002719298245614035 0.582 0 0.005
0.0008095238095238096 0.594 0 0.005
0.002719298245614035 0.635 0 0.005
0.0004166666666666667 0.666 0 0.005
0.004 0.685 0 0.005
0.0012666666666666666 0.704 0 0.005
0.0008095238095238096 0.773 0 0.005
0.002719298245614035 0.786 0 0.005
0.0004166666666666667 0.801 0 0.005
0.0033125 0.829 0 0.005
0.0033125 0.873 0 0.005
0.0012666666666666666 0.89 0 0.005
0.0004166666666666667 0.921 0 0.005
0.0012666666666666666 0.934 0 0.005
0.004 0.982 0 0.005
0.005 0.236 0 0.005
0.006 0.019 0 0.005
0.006 0.106 0 0.005
0.006 0.263 0 0.005
0.006 0.384 0 0.005
0.007 0.444 0 0.005
0.007 0.644 0 0.005
0.007 0.927 0 0.005
0.007 0.944 0 0.005
0.008 0.769 0 0.005
0.009 0.137 0 0.005
0.009 0.314 0 0.005
0.009 0.484 0 0.005
0.01 0.055 0 0.005
0.01 0.291 0 0.005
0.01 0.569 0 0.005
0.01 0.672 0 0.005
0.011 0.619 0 0.005
0.011 0.655 0 0.005
0.013 0.474 0 0.005
0.013 0.837 0 0.005
0.014 0.327 0 0.005
0.014 0.375 0 0.005
0.014 0.79 0 0.005
0.015 0.804 0 0.005
0.015 0.935 0 0.005
0.016 0.094 0 0.005
0.016 0.704 0 0.005
0.016 0.855 0 0.005
0.017 0.037 0 0.005
0.017 0.083 0 0.005
0.017 0.494 0 0.005
0.018 0.303 0 0.005
0.018 0.439 0 0.005
0.018 0.644 0 0.005
0.019 0.073 0 0.005
0.019 0.662 0 0.005
0.02 0.011 0 0.005
0.02 0.397 0 0.005
0.02 0.581 0 0.005
0.02 0.625 0 0.005
0.02 0.749 0 0.005
0.021 0.484 0 0.005
0.021 0.951 0 0.005
0.021 0.981 0 0.005
0.022 0.415 0 0.005
0.022 0.995 0 0.005
0.023 0.022 0 0.005
0.023 0.318 0 0.005
0.023 0.382 0 0.005
0.023 0.867 0 0.005
0.024 0.177 0 0.005
0.024 0.209 0 0.005
0.025 0.27 0 0.005
0.025 0.459 0 0.005
0.025 0.571 0 0.005
0.026 0.0033125 0 0.005
0.026 0.912 0 0.005
0.027 0.364 0 0.005
0.028 0.281 0 0.005
0.028 0.337 0 0.005
0.028 0.703 0 0.005
0.029 0.057 0 0.005
0.029 0.2 0 0.005
0.029 0.608 0 0.005
0.03 0.258 0 0.005
0.03 0.425 0 0.005
0.03 0.595 0 0.005
0.03 0.627 0 0.005
0.031 0.147 0 0.005
0.031 0.157 0 0.005
0.031 0.305 0 0.005
0.031 0.405 0 0.005
0.032 0.293 0 0.005
0.032 0.488 0 0.005
0.032 0.498 0 0.005
0.032 0.512 0 0.005
0.032 0.675 0 0.005
0.033 0.754 0 0.005
0.034 0.442 0 0.005
0.034 0.976 0 0.005
0.035 0.036 0 0.005
0.035 0.069 0 0.005
0.035 0.22 0 0.005
0.035 0.462 0 0.005
0.035 0.524 0 0.005
0.035 0.989 0 0.005
0.036 0.167 0 0.005
0.036 0.799 0 0.005
0.037 0.361 0 0.005
0.037 0.568 0 0.005
0.038 0.195 0 0.005
0.038 0.89 0 0.005
0.039 0.126 0 0.005
0.039 0.382 0 0.005
0.039 0.555 0 0.005
0.039 0.852 0 0.005
0.039 0.935 0 0.005
0.04 0.022 0 0.005
0.04 0.238 0 0.005
0.04 0.59 0 0.005
0.041 0.473 0 0.005
0.042 0.631 0 0.005
0.043 0.315 0 0.005
0.043 0.666 0 0.005
0.043 0.755 0 0.005
0.044 0.34 0 0.005
0.044 0.607 0 0.005
0.044 0.768 0 0.005
0.045 0.404 0 0.005
0.045 0.436 0 0.005
0.046 0.061 0 0.005
0.046 0.17 0 0.005
0.046 0.9 0 0.005
0.047 0.422 0 0.005
0.047 0.863 0 0.005
0.047 0.918 0 0.005
0.048 0.106 0 0.005
0.048 0.301 0 0.005
0.048 0.646 0 0.005
0.049 0.46 0 0.005
0.049 0.818 0 0.005
0.05 0.005 0 0.005
0.05 0.33 0 0.005
0.05 0.834 0 0.005
0.051 0.229 0 0.005
0.051 0.375 0 0.005
0.052 0.291 0 0.005
0.052 0.356 0 0.005
0.052 0.614 0 0.005
0.052 0.702 0 0.005
0.052 0.854 0 0.005
0.052 0.909 0 0.005
0.054 0.198 0 0.005
0.054 0.342 0 0.005
0.054 0.389 0 0.005
0.054 0.516 0 0.005
0.054 0.799 0 0.005
0.055 0.128 0 0.005
0.055 0.479 0 0.005
0.056 0.178 0 0.005
0.056 0.311 0 0.005
0.056 0.541 0 0.005
0.056 0.927 0 0.005
0.057 0.086 0 0.005
0.057 0.762 0 0.005
0.057 0.891 0 0.005
0.058 0.029 0 0.005
0.058 0.497 0 0.005
0.058 0.996280701754386 0 0.005
0.059 0.158 0 0.005
0.059 0.426 0 0.005
0.059 0.72 0 0.005
0.059 0.869 0 0.005
0.061 0.841 0 0.005
0.062 0.248 0 0.005
0.062 0.286 0 0.005
0.063 0.677 0 0.005
0.063 0.959 0 0.005
0.064 0.52 0 0.005
0.064 0.605 0 0.005
0.064 0.856 0 0.005
0.065 0.196 0 0.005
0.065 0.371 0 0.005
0.065 0.687 0 0.005
0.065 0.728 0 0.005
0.066 0.097 0 0.005
0.066 0.46 0 0.005
0.067 0.71 0 0.005
0.067 0.991 0 0.005
0.068 0.151 0 0.005
0.069 0.335 0 0.005
0.069 0.486 0 0.005
0.069 0.636 0 0.005
0.069 0.747 0 0.005
0.069 0.902 0 0.005
0.07 0.165 0 0.005
0.07 0.356 0 0.005
0.07 0.506 0 0.005
0.07 0.614 0 0.005
0.07 0.878 0 0.005
0.071 0.317 0 0.005
0.071 0.404 0 0.005
0.072 0.08 0 0.005
0.073 0.031 0 0.005
0.073 0.445 0 0.005
0.074 0.104 0 0.005
0.074 0.552 0 0.005
0.074 0.812 0 0.005
0.075 0.574 0 0.005
0.075 0.772 0 0.005
0.076 0.054 0 0.005
0.076 0.298 0 0.005
0.076 0.366 0 0.005
0.076 0.724 0 0.005
0.076 0.893 0 0.005
0.077 0.173 0 0.005
0.077 0.257 0 0.005
0.077 0.422 0 0.005
0.077 0.592 0 0.005
0.078 0.275 0 0.005
0.078 0.454 0 0.005
0.079 0.705 0 0.005
0.079 0.872 0 0.005
0.08 0.122 0 0.005
0.08 0.529 0 0.005
0.08 0.738 0 0.005
0.081 0.207 0 0.005
0.081 0.357 0 0.005
0.081 0.498 0 0.005
0.081 0.647 0 0.005
0.081 0.787 0 0.005
0.081 0.98 0 0.005
0.082 0.162 0 0.005
0.082 0.22 0 0.005
0.082 0.438 0 0.005
0.083 0.395 0 0.005
0.083 0.839 0 0.005
0.085 0.0022291666666666666 0 0.005
0.085 0.041 0 0.005
0.085 0.111 0 0.005
0.085 0.488 0 0.005
0.086 0.411 0 0.005
0.086 0.719 0 0.005
0.086 0.777 0 0.005
0.086 0.799 0 0.005
0.086 0.891 0 0.005
0.086 0.965 0 0.005
0.087 0.133 0 0.005
0.087 0.296 0 0.005
0.087 0.521 0 0.005
0.087 0.674 0 0.005
0.087 0.828 0 0.005
0.088 0.146 0 0.005
0.088 0.308 0 0.005
0.088 0.655 0 0.005
0.089 0.031 0 0.005
0.089 0.903 0 0.005
0.09 0.421 0 0.005
0.09 0.445 0 0.005
0.09 0.55 0 0.005
0.09 0.913 0 0.005
0.09 0.944 0 0.005
0.091 0.065 0 0.005
0.091 0.498 0 0.005
0.091 0.881 0 0.005
0.091 0.929 0 0.005
0.092 0.123 0 0.005
0.092 0.232 0 0.005
0.092 0.615 0 0.005
0.092 0.641 0 0.005
0.093 0.097 0 0.005
0.093 0.168 0 0.005
0.093 0.286 0 0.005
0.093 0.326 0 0.005
0.093 0.359 0 0.005
0.093 0.625 0 0.005
0.093 0.768 0 0.005
0.094 0.466 0 0.005
0.096 0.315 0 0.005
0.096 0.429 0 0.005
0.096 0.514 0 0.005
0.096 0.595 0 0.005
0.097 0.266 0 0.005
0.097 0.584 0 0.005
0.098 0.476 0 0.005
0.099 0.01 0 0.005
0.099 0.14 0 0.005
0.099 0.208 0 0.005
0.099 0.633 0 0.005
0.1 0.701 0 0.005
0.101 0.197 0 0.005
0.101 0.279 0 0.005
0.101 0.995 0 0.005
0.102 0.398 0 0.005
0.102 0.745 0 0.005
0.102 0.84 0 0.005
0.103 0.025 0 0.005
0.103 0.546 0 0.005
0.103 0.929 0 0.005
0.104 0.072 0 0.005
0.104 0.603 0 0.005
0.104 0.671 0 0.005
0.104 0.687 0 0.005
0.104 0.819 0 0.005
0.105 0.098 0 0.005
0.105 0.247 0 0.005
0.105 0.767 0 0.005
0.106 0.062 0 0.005
0.106 0.117 0 0.005
0.106 0.614 0 0.005
0.107 0.915 0 0.005
0.107 0.95 0 0.005
0.108 0.707 0 0.005
0.109 0.166 0 0.005
0.109 0.306 0 0.005
0.11 0.489 0 0.005
0.11 0.739 0 0.005
0.111 0.005 0 0.005
0.111 0.044 0 0.005
0.111 0.469 0 0.005
0.111 0.579 0 0.005
0.111 0.642 0 0.005
0.111 0.721 0 0.005
0.111 0.879 0 0.005
0.112 0.44 0 0.005
0.112 0.51 0 0.005
0.112 0.903 0 0.005
0.113 0.183 0 0.005
0.113 0.323 0 0.005
0.113 0.407 0 0.005
0.113 0.626 0 0.005
0.113 0.854 0 0.005
0.113 0.929 0 0.005
0.114 0.147 0 0.005
0.114 0.534 0 0.005
0.114 0.9972564102564103 0 0.005
0.115 0.459 0 0.005
0.116 0.123 0 0.005
0.116 0.679 0 0.005
0.116 0.751 0 0.005
0.117 0.015 0 0.005
0.117 0.063 0 0.005
0.117 0.372 0 0.005
0.118 0.694 0 0.005
0.119 0.223 0 0.005
0.119 0.349 0 0.005
0.119 0.664 0 0.005
0.119 0.825 0 0.005
0.12 0.102 0 0.005
0.12 0.915 0 0.005
0.121 0.301 0 0.005
0.121 0.599 0 0.005
0.121 0.864 0 0.005
0.122 0.543 0 0.005
0.123 0.486 0 0.005
0.123 0.639 0 0.005
0.123 0.727 0 0.005
0.123 0.802 0 0.005
0.123 0.965 0 0.005
0.125 0.2 0 0.005
0.125 0.559 0 0.005
0.125 0.877 0 0.005
0.126 0.27 0 0.005
0.126 0.47 0 0.005
0.126 0.62 0 0.005
0.126 0.673 0 0.005
0.127 0.168 0 0.005
0.127 0.182 0 0.005
0.127 0.907 0 0.005
0.128 0.043 0 0.005
0.128 0.147 0 0.005
0.128 0.373 0 0.005
0.128 0.52 0 0.005
0.129 0.407 0 0.005
0.13 0.024 0 0.005
0.13 0.116 0 0.005
0.13 0.656 0 0.005
0.13 0.778 0 0.005
0.132 0.606 0 0.005
0.132 0.749 0 0.005
0.132 0.9967708333333334 0 0.005
0.133 0.343 0 0.005
0.133 0.436 0 0.005
0.133 0.707 0 0.005
0.134 0.299 0 0.005
0.134 0.691 0 0.005
0.134 0.916 0 0.005
0.135 0.006 0 0.005
0.135 0.211 0 0.005
0.135 0.248 0 0.005
0.135 0.799 0 0.005
0.135 0.815 0 0.005
0.135 0.827 0 0.005
0.136 0.424 0 0.005
0.136 0.491 0 0.005
0.136 0.929 0 0.005
0.136 0.968 0 0.005
0.137 0.172 0 0.005
0.137 0.642 0 0.005
0.138 0.017 0 0.005
0.138 0.057 0 0.005
0.138 0.14 0 0.005
0.138 0.329 0 0.005
0.138 0.68 0 0.005
0.138 0.853 0 0.005
0.138 0.897 0 0.005
0.139 0.072 0 0.005
0.139 0.359 0 0.005
0.139 0.615 0 0.005
0.139 0.667 0 0.005
0.14 0.107 0 0.005
0.141 0.451 0 0.005
0.142 0.525 0 0.005
0.142 0.536 0 0.005
0.142 0.55 0 0.005
0.142 0.736 0 0.005
0.143 0.949 0 0.005
0.144 0.0012666666666666666 0 0.005
0.144 0.229 0 0.005
0.145 0.243 0 0.005
0.145 0.345 0 0.005
0.145 0.792 0 0.005
0.145 0.977 0 0.005
0.146 0.415 0 0.005
0.147 0.839 0 0.005
0.147 0.903 0 0.005
0.148 0.187 0 0.005
0.148 0.388 0 0.005
0.148 0.751 0 0.005
0.148 0.766 0 0.005
0.148 0.866 0 0.005
0.149 0.058 0 0.005
0.149 0.5 0 0.005
0.149 0.597 0 0.005
0.149 0.609 0 0.005
0.149 0.655 0 0.005
0.15 0.084 0 0.005
0.15 0.559 0 0.005
0.151 0.12 0 0.005
0.151 0.135 0 0.005
0.151 0.576 0 0.005
0.151 0.957 0 0.005
0.152 0.03 0 0.005
0.153 0.045 0 0.005
0.153 0.351 0 0.005
0.153 0.709 0 0.005
0.153 0.97 0 0.005
0.154 0.146 0 0.005
0.154 0.463 0 0.005
0.154 0.688 0 0.005
0.155 0.016 0 0.005
0.155 0.326 0 0.005
0.155 0.445 0 0.005
0.156 0.509 0 0.005
0.156 0.545 0 0.005
0.156 0.727 0 0.005
0.156 0.738 0 0.005
0.156 0.98 0 0.005
0.157 0.296 0 0.005
0.158 0.102 0 0.005
0.158 0.221 0 0.005
0.158 0.62 0 0.005
0.158 0.906 0 0.005
0.159 0.158 0 0.005
0.159 0.661 0 0.005
0.16 0.413 0 0.005
0.16 0.492 0 0.005
0.16 0.948 0 0.005
0.161 0.53 0 0.005
0.161 0.82 0 0.005
0.161 0.993 0 0.005
0.162 0.271 0 0.005
0.162 0.637 0 0.005
0.163 0.574 0 0.005
0.163 0.774 0 0.005
0.163 0.834 0 0.005
0.163 0.863 0 0.005
0.164 0.079 0 0.005
0.165 0.065 0 0.005
0.165 0.379 0 0.005
0.165 0.594 0 0.005
0.165 0.653 0 0.005
0.165 0.746 0 0.005
0.166 0.134 0 0.005
0.166 0.189 0 0.005
0.166 0.201 0 0.005
0.167 0.339 0 0.005
0.167 0.542 0 0.005
0.168 0.217 0 0.005
0.168 0.286 0 0.005
0.169 0.176 0 0.005
0.169 0.361 0 0.005
0.169 0.501 0 0.005
0.17 0.298 0 0.005
0.17 0.321 0 0.005
0.17 0.49 0 0.005
0.17 0.794 0 0.005
0.171 0.121 0 0.005
0.171 0.725 0 0.005
0.171 0.761 0 0.005
0.171 0.917 0 0.005
0.17 0.0 0 0.005
0.172 0.401 0 0.005
0.173 0.046 0 0.005
0.173 0.631 0 0.005
0.174 0.567 0 0.005
0.174 0.58 0 0.005
0.174 0.713 0 0.005
0.175 0.021 0 0.005
0.175 0.418 0 0.005
0.175 0.432 0 0.005
0.175 0.461 0 0.005
0.176 0.187 0 0.005
0.176 0.742 0 0.005
0.176 0.896 0 0.005
0.177 0.444 0 0.005
0.177 0.88 0 0.005
0.177 0.974 0 0.005
0.178 0.474 0 0.005
0.179 0.993 0 0.005
0.18 0.233 0 0.005
0.181 0.348 0 0.005
0.181 0.54 0 0.005
0.181 0.821 0 0.005
0.182 0.03 0 0.005
0.182 0.152 0 0.005
0.182 0.586 0 0.005
0.183 0.272 0 0.005
0.183 0.696 0 0.005
0.184 0.072 0 0.005
0.184 0.87 0 0.005
0.184 0.914 0 0.005
0.185 0.371 0 0.005
0.185 0.727 0 0.005
0.185 0.798 0 0.005
0.186 0.139 0 0.005
0.186 0.411 0 0.005
0.186 0.514 0 0.005
0.187 0.453 0 0.005
0.187 0.771 0 0.005
0.188 0.431 0 0.005
0.188 0.604 0 0.005
0.188 0.673 0 0.005
0.188 0.784 0 0.005
0.189 0.099 0 0.005
0.189 0.201 0 0.005
0.189 0.222 0 0.005
0.189 0.36 0 0.005
0.189 0.948 0 0.005
0.189 0.98 0 0.005
0.19 0.05 0 0.005
0.19 0.175 0 0.005
0.19 0.626 0 0.005
0.19 0.815 0 0.005
0.191 0.341 0 0.005
0.191 0.468 0 0.005
0.192 0.248 0 0.005
0.193 0.702 0 0.005
0.193 0.934 0 0.005
0.194 0.755 0 0.005
0.195 0.108 0 0.005
0.195 0.535 0 0.005
0.195 0.681 0 0.005
0.195 0.867 0 0.005
0.195 0.9956875 0 0.005
0.196 0.21 0 0.005
0.196 0.494 0 0.005
0.196 0.506 0 0.005
0.196 0.616 0 0.005
0.197 0.011 0 0.005
0.197 0.282 0 0.005
0.197 0.986 0 0.005
0.198 0.06 0 0.005
0.198 0.453 0 0.005
0.199 0.078 0 0.005
0.199 0.159 0 0.005
0.199 0.921 0 0.005
0.2 0.138 0 0.005
0.2 0.194 0 0.005
0.2 0.382 0 0.005
0.201 0.353 0 0.005
0.201 0.662 0 0.005
0.201 0.765 0 0.005
0.201 0.805 0 0.005
0.201 0.852 0 0.005
0.202 0.707 0 0.005
0.202 0.726 0 0.005
0.203 0.37 0 0.005
0.203 0.697 0 0.005
0.204 0.27 0 0.005
0.204 0.394 0 0.005
0.204 0.516 0 0.005
0.204 0.648 0 0.005
0.205 0.561 0 0.005
0.205 0.672 0 0.005
0.205 0.741 0 0.005
0.206 0.311 0 0.005
0.206 0.898 0 0.005
0.206 0.972 0 0.005
0.207 0.01 0 0.005
0.207 0.095 0 0.005
0.207 0.109 0 0.005
0.207 0.472 0 0.005
0.207 0.527 0 0.005
0.207 0.607 0 0.005
0.208 0.02 0 0.005
0.208 0.43 0 0.005
0.209 0.129 0 0.005
0.209 0.282 0 0.005
0.209 0.44 0 0.005
0.209 0.755 0 0.005
0.212 0.208 0 0.005
0.212 0.625 0 0.005
0.213 0.32 0 0.005
0.213 0.579 0 0.005
0.213 0.699 0 0.005
0.213 0.775 0 0.005
0.213 0.822 0 0.005
0.214 0.667 0 0.005
0.214 0.959 0 0.005
0.215 0.375 0 0.005
0.216 0.458 0 0.005
0.216 0.596 0 0.005
0.216 0.677 0 0.005
0.217 0.481 0 0.005
0.217 0.562 0 0.005
0.218 0.61 0 0.005
0.218 0.738 0 0.005
0.219 0.085 0 0.005
0.219 0.109 0 0.005
0.219 0.216 0 0.005
0.219 0.499 0 0.005
0.219 0.754 0 0.005
0.22 0.044 0 0.005
0.22 0.137 0 0.005
0.22 0.533 0 0.005
0.22 0.791 0 0.005
0.22 0.912 0 0.005
0.22 0.94 0 0.005
0.221 0.026 0 0.005
0.222 0.245 0 0.005
0.222 0.398 0 0.005
0.222 0.712 0 0.005
0.222 0.842 0 0.005
0.223 0.924 0 0.005
0.223 0.984 0 0.005
0.225 0.099 0 0.005
0.225 0.196 0 0.005
0.225 0.635 0 0.005
0.226 0.441 0 0.005
0.226 0.731 0 0.005
0.227 0.287 0 0.005
0.227 0.41 0 0.005
0.227 0.543 0 0.005
0.228 0.143 0 0.005
0.228 0.154 0 0.005
0.228 0.178 0 0.005
0.228 0.894 0 0.005
0.229 0.27 0 0.005
0.229 0.429 0 0.005
0.229 0.749 0 0.005
0.23 0.017 0 0.005
0.23 0.307 0 0.005
0.23 0.461 0 0.005
0.23 0.653 0 0.005
0.23 0.766 0 0.005
0.23 0.916 0 0.005
0.231 0.0012666666666666666 0 0.005
0.231 0.319 0 0.005
0.233 0.086 0 0.005
0.233 0.377 0 0.005
0.233 0.612 0 0.005
0.233 0.721 0 0.005
0.233 0.969 0 0.005
0.234 0.679 0 0.005
0.234 0.929 0 0.005
0.235 0.297 0 0.005
0.235 0.518 0 0.005
0.235 0.809 0 0.005
0.236 0.496 0 0.005
0.237 0.189 0 0.005
0.237 0.478 0 0.005
0.237 0.561 0 0.005
0.237 0.698 0 0.005
0.237 0.779 0 0.005
0.238 0.107 0 0.005
0.238 0.126 0 0.005
0.238 0.179 0 0.005
0.238 0.623 0 0.005
0.238 0.757 0 0.005
0.238 0.857 0 0.005
0.238 0.874 0 0.005
0.239 0.032 0 0.005
0.239 0.062 0 0.005
0.24 0.147 0 0.005
0.241 0.012 0 0.005
0.241 0.447 0 0.005
0.241 0.587 0 0.005
0.242 0.539 0 0.005
0.243 0.435 0 0.005
0.243 0.722 0 0.005
0.243 0.888 0 0.005
0.244 0.739 0 0.005
0.244 0.942 0 0.005
0.246 0.658 0 0.005
0.246 0.815 0 0.005
0.246 0.827 0 0.005
0.247 0.243 0 0.005
0.247 0.526 0 0.005
0.247 0.574 0 0.005
0.247 0.964 0 0.005
0.248 0.267 0 0.005
0.248 0.313 0 0.005
0.248 0.413 0 0.005
0.248 0.859 0 0.005
0.248 0.869 0 0.005
0.249 0.0017435897435897436 0 0.005
0.249 0.081 0 0.005
0.249 0.427 0 0.005
0.249 0.485 0 0.005
0.249 0.763 0 0.005
0.249 0.977 0 0.005
0.25 0.042 0 0.005
0.25 0.07 0 0.005
0.25 0.199 0 0.005
0.25 0.616 0 0.005
0.25 0.697 0 0.005
0.252 0.112 0 0.005
0.252 0.674 0 0.005
0.252 0.729 0 0.005
0.253 0.341 0 0.005
0.253 0.376 0 0.005
0.253 0.444 0 0.005
0.253 0.807 0 0.005
0.254 0.029 0 0.005
0.254 0.186 0 0.005
0.254 0.781 0 0.005
0.254 0.951 0 0.005
0.255 0.686 0 0.005
0.256 0.293 0 0.005
0.256 0.498 0 0.005
0.256 0.517 0 0.005
0.257 0.169 0 0.005
0.257 0.387 0 0.005
0.257 0.881 0 0.005
0.258 0.013 0 0.005
0.258 0.22 0 0.005
0.258 0.631 0 0.005
0.259 0.486 0 0.005
0.26 0.134 0 0.005
0.26 0.254 0 0.005
0.26 0.643 0 0.005
0.261 0.083 0 0.005
0.261 0.317 0 0.005
0.261 0.458 0 0.005
0.262 0.202 0 0.005
0.262 0.899 0 0.005
0.262 0.912 0 0.005
0.263 0.811 0 0.005
0.263 0.839 0 0.005
0.264 0.529 0 0.005
0.264 0.734 0 0.005
0.264 0.775 0 0.005
0.264 0.937 0 0.005
0.264 0.95 0 0.005
0.264 0.995 0 0.005
0.265 0.302 0 0.005
0.265 0.353 0 0.005
0.265 0.862 0 0.005
0.267 0.093 0 0.005
0.268 0.382 0 0.005
0.268 0.605 0 0.005
0.268 0.674 0 0.005
0.268 0.824 0 0.005
0.269 0.339 0 0.005
0.269 0.759 0 0.005
0.27 0.403 0 0.005
0.271 0.616 0 0.005
0.271 0.662 0 0.005
0.271 0.92 0 0.005
0.274 0.082 0 0.005
0.274 0.37 0 0.005
0.274 0.503 0 0.005
0.274 0.899 0 0.005
0.275 0.12 0 0.005
0.275 0.732 0 0.005
0.275 0.937 0 0.005
0.276 0.277 0 0.005
0.276 0.421 0 0.005
0.276 0.839 0 0.005
0.277 0.097 0 0.005
0.277 0.519 0 0.005
0.278 0.244 0 0.005
0.278 0.483 0 0.005
0.278 0.792 0 0.005
0.278 0.813 0 0.005
0.278 0.98 0 0.005
0.278 0.993 0 0.005
0.279 0.603 0 0.005
0.279 0.623 0 0.005
0.28 0.197 0 0.005
0.281 0.026 0 0.005
0.281 0.148 0 0.005
0.281 0.381 0 0.005
0.281 0.463 0 0.005
0.282 0.207 0 0.005
0.282 0.29 0 0.005
0.282 0.536 0 0.005
0.282 0.547 0 0.005
0.282 0.86 0 0.005
0.282 0.948 0 0.005
0.283 0.452 0 0.005
0.283 0.804 0 0.005
0.284 0.307 0 0.005
0.284 0.718 0 0.005
0.285 0.652 0 0.005
0.285 0.784 0 0.005
0.286 0.174 0 0.005
0.286 0.562 0 0.005
0.286 0.632 0 0.005
0.287 0.325 0 0.005
0.287 0.753 0 0.005
0.287 0.967 0 0.005
0.288 0.08 0 0.005
0.288 0.574 0 0.005
0.288 0.889 0 0.005
0.288 0.914 0 0.005
0.289 0.13 0 0.005
0.289 0.82 0 0.005
0.29 0.113 0 0.005
0.29 0.472 0 0.005
0.29 0.773 0 0.005
0.291 0.045 0 0.005
0.291 0.229 0 0.005
0.291 0.506 0 0.005
0.291 0.793 0 0.005
0.292 0.055 0 0.005
0.292 0.266 0 0.005
0.293 0.191 0 0.005
0.293 0.598 0 0.005
0.294 0.392 0 0.005
0.294 0.485 0 0.005
0.295 0.142 0 0.005
0.295 0.245 0 0.005
0.295 0.337 0 0.005
0.295 0.732 0 0.005
0.295 0.839 0 0.005
0.296 0.554 0 0.005
0.297 0.355 0 0.005
0.297 0.541 0 0.005
0.297 0.615 0 0.005
0.297 0.782 0 0.005
0.298 0.085 0 0.005
0.298 0.279 0 0.005
0.299 0.154 0 0.005
0.299 0.52 0 0.005
0.3 0.072 0 0.005
0.301 0.428 0 0.005
0.302 0.108 0 0.005
0.303 0.77 0 0.005
0.303 0.833 0 0.005
0.303 0.857 0 0.005
0.304 0.304 0 0.005
0.304 0.408 0 0.005
0.304 0.602 0 0.005
0.304 0.661 0 0.005
0.304 0.811 0 0.005
0.305 0.046 0 0.005
0.305 0.29 0 0.005
0.305 0.371 0 0.005
0.305 0.39 0 0.005
0.305 0.499 0 0.005
0.305 0.535 0 0.005
0.306 0.747 0 0.005
0.307 0.222 0 0.005
0.307 0.917 0 0.005
0.307 0.946 0 0.005
0.308 0.176 0 0.005
0.308 0.42 0 0.005
0.308 0.46 0 0.005
0.309 0.354 0 0.005
0.309 0.683 0 0.005
0.309 0.73 0 0.005
0.31 0.06 0 0.005
0.31 0.07 0 0.005
0.31 0.258 0 0.005
0.31 0.27 0 0.005
0.31 0.717 0 0.005
0.31 0.881 0 0.005
0.311 0.622 0 0.005
0.311 0.635 0 0.005
0.309 0.999 0 0.005
0.312 0.969 0 0.005
0.313 0.438 0 0.005
0.313 0.575 0 0.005
0.314 0.484 0 0.005
0.315 0.805 0 0.005
0.316 0.847 0 0.005
0.317 0.333 0 0.005
0.318 0.087 0 0.005
0.318 0.18 0 0.005
0.318 0.196 0 0.005
0.318 0.515 0 0.005
0.318 0.978 0 0.005
0.318 0.99 0 0.005
0.32 0.256 0 0.005
0.32 0.467 0 0.005
0.32 0.708 0 0.005
0.321 0.115 0 0.005
0.321 0.135 0 0.005
0.321 0.206 0 0.005
0.321 0.36 0 0.005
0.321 0.613 0 0.005
0.321 0.777 0 0.005
0.321 0.877 0 0.005
0.321 0.907 0 0.005
0.322 0.006 0 0.005
0.322 0.051 0 0.005
0.322 0.103 0 0.005
0.322 0.822 0 0.005
0.323 0.076 0 0.005
0.323 0.302 0 0.005
0.323 0.568 0 0.005
0.324 0.435 0 0.005
0.324 0.739 0 0.005
0.325 0.031 0 0.005
0.325 0.274 0 0.005
0.325 0.315 0 0.005
0.325 0.377 0 0.005
0.325 0.652 0 0.005
0.326 0.236 0 0.005
0.326 0.587 0 0.005
0.326 0.852 0 0.005
0.327 0.625 0 0.005
0.327 0.943 0 0.005
0.328 0.173 0 0.005
0.328 0.476 0 0.005
0.328 0.691 0 0.005
0.328 0.763 0 0.005
0.329 0.197 0 0.005
0.329 0.288 0 0.005
0.329 0.92 0 0.005
0.33 0.51 0 0.005
0.33 0.72 0 0.005
0.331 0.344 0 0.005
0.331 0.553 0 0.005
0.331 0.607 0 0.005
0.331 0.788 0 0.005
0.332 0.096 0 0.005
0.333 0.117 0 0.005
0.333 0.445 0 0.005
0.333 0.563 0 0.005
0.333 0.773 0 0.005
0.334 0.004 0 0.005
0.334 0.52 0 0.005
0.334 0.977 0 0.005
0.335 0.053 0 0.005
0.335 0.489 0 0.005
0.335 0.752 0 0.005
0.336 0.257 0 0.005
0.336 0.597 0 0.005
0.337 0.036 0 0.005
0.338 0.834 0 0.005
0.339 0.191 0 0.005
0.339 0.276 0 0.005
0.339 0.8 0 0.005
0.34 0.013 0 0.005
0.34 0.107 0 0.005
0.34 0.65 0 0.005
0.34 0.675 0 0.005
0.34 0.882 0 0.005
0.341 0.207 0 0.005
0.341 0.317 0 0.005
0.342 0.181 0 0.005
0.342 0.608 0 0.005
0.343 0.243 0 0.005
0.343 0.453 0 0.005
0.344 0.141 0 0.005
0.344 0.414 0 0.005
0.344 0.635 0 0.005
0.344 0.721 0 0.005
0.346 0.156 0 0.005
0.346 0.488 0 0.005
0.346 0.93 0 0.005
0.346 0.972 0 0.005
0.347 0.027 0 0.005
0.348 0.131 0 0.005
0.348 0.694 0 0.005
0.348 0.912 0 0.005
0.349 0.094 0 0.005
0.349 0.299 0 0.005
0.349 0.436 0 0.005
0.349 0.764 0 0.005
0.35 0.015 0 0.005
0.351 0.065 0 0.005
0.351 0.383 0 0.005
0.351 0.651 0 0.005
0.351 0.775 0 0.005
0.351 0.785 0 0.005
0.351 0.871 0 0.005
0.352 0.05 0 0.005
0.353 0.269 0 0.005
0.354 0.86 0 0.005
0.354 0.978 0 0.005
0.355 0.151 0 0.005
0.355 0.674 0 0.005
0.356 0.412 0 0.005
0.356 0.616 0 0.005
0.356 0.729 0 0.005
0.357 0.138 0 0.005
0.357 0.528 0 0.005
0.357 0.743 0 0.005
0.358 0.084 0 0.005
0.358 0.755 0 0.005
0.358 0.819 0 0.005
0.359 0.4 0 0.005
0.359 0.71 0 0.005
0.36 0.182 0 0.005
0.36 0.204 0 0.005
0.36 0.543 0 0.005
0.36 0.893 0 0.005
0.361 0.039 0 0.005
0.361 0.309 0 0.005
0.361 0.385 0 0.005
0.362 0.058 0 0.005
0.362 0.299 0 0.005
0.362 0.584 0 0.005
0.362 0.604 0 0.005
0.362 0.656 0 0.005
0.362 0.92 0 0.005
0.363 0.372 0 0.005
0.363 0.945 0 0.005
0.364 0.348 0 0.005
0.364 0.5 0 0.005
0.364 0.881 0 0.005
0.365 0.621 0 0.005
0.365 0.632 0 0.005
0.366 0.245 0 0.005
0.368 0.267 0 0.005
0.368 0.644 0 0.005
0.369 0.015 0 0.005
0.369 0.092 0 0.005
0.369 0.285 0 0.005
0.37 0.34 0 0.005
0.37 0.691 0 0.005
0.37 0.742 0 0.005
0.37 0.793 0 0.005
0.371 0.125 0 0.005
0.371 0.382 0 0.005
0.371 0.516 0 0.005
0.371 0.578 0 0.005
0.371 0.99 0 0.005
0.372 0.817 0 0.005
0.372 0.889 0 0.005
0.373 0.168 0 0.005
0.373 0.406 0 0.005
0.373 0.452 0 0.005
0.373 0.679 0 0.005
0.375 0.212 0 0.005
0.376 0.503 0 0.005
0.377 0.254 0 0.005
0.377 0.315 0 0.005
0.378 0.732 0 0.005
0.378 0.959 0 0.005
0.379 0.031 0 0.005
0.379 0.442 0 0.005
0.379 0.627 0 0.005
0.379 0.703 0 0.005
0.38 0.084 0 0.005
0.381 0.996280701754386 0 0.005
0.382 0.429 0 0.005
0.382 0.595 0 0.005
0.382 0.907 0 0.005
0.383 0.067 0 0.005
0.383 0.466 0 0.005
0.383 0.778 0 0.005
0.383 0.799 0 0.005
0.384 0.002719298245614035 0 0.005
0.384 0.043 0 0.005
0.384 0.152 0 0.005
0.384 0.27 0 0.005
0.385 0.348 0 0.005
0.385 0.614 0 0.005
0.385 0.813 0 0.005
0.385 0.848 0 0.005
0.386 0.533 0 0.005
0.386 0.86 0 0.005
0.386 0.875 0 0.005
0.387 0.823 0 0.005
0.387 0.893 0 0.005
0.388 0.518 0 0.005
0.389 0.135 0 0.005
0.389 0.394 0 0.005
0.389 0.56 0 0.005
0.389 0.639 0 0.005
0.389 0.665 0 0.005
0.389 0.977 0 0.005
0.39 0.122 0 0.005
0.39 0.479 0 0.005
0.39 0.714 0 0.005
0.391 0.012 0 0.005
0.391 0.654 0 0.005
0.391 0.7 0 0.005
0.392 0.249 0 0.005
0.392 0.573 0 0.005
0.393 0.321 0 0.005
0.393 0.842 0 0.005
0.393 0.934 0 0.005
0.394 0.224 0 0.005
0.394 0.506 0 0.005
0.394 0.727 0 0.005
0.395 0.078 0 0.005
0.395 0.808 0 0.005
0.396 0.364 0 0.005
0.397 0.291 0 0.005
0.397 0.301 0 0.005
0.397 0.529 0 0.005
0.397 0.628 0 0.005
0.397 0.672 0 0.005
0.397 0.856 0 0.005
0.397 0.993 0 0.005
0.398 0.331 0 0.005
0.398 0.378 0 0.005
0.398 0.751 0 0.005
0.399 0.205 0 0.005
0.399 0.587 0 0.005
0.4 0.022 0 0.005
0.4 0.122 0 0.005
0.4 0.138 0 0.005
0.4 0.904 0 0.005
0.4 0.947 0 0.005
0.401 0.042 0 0.005
0.401 0.488 0 0.005
0.401 0.654 0 0.005
0.401 0.766 0 0.005
0.402 0.409 0 0.005
0.402 0.52 0 0.005
0.402 0.837 0 0.005
0.402 0.883 0 0.005
0.402 0.983 0 0.005
0.403 0.164 0 0.005
0.404 0.894 0 0.005
0.405 0.574 0 0.005
0.405 0.603 0 0.005
0.405 0.62 0 0.005
0.406 0.868 0 0.005
0.407 0.282 0 0.005
0.407 0.465 0 0.005
0.407 0.637 0 0.005
0.407 0.665 0 0.005
0.408 0.678 0 0.005
0.409 0.112 0 0.005
0.409 0.143 0 0.005
0.409 0.226 0 0.005
0.409 0.256 0 0.005
0.409 0.323 0 0.005
0.41 0.441 0 0.005
0.41 0.7 0 0.005
0.411 0.847 0 0.005
0.411 0.964 0 0.005
0.412 0.21 0 0.005
0.412 0.646 0 0.005
0.412 0.99 0 0.005
0.413 0.522 0 0.005
0.413 0.786 0 0.005
0.414 0.028 0 0.005
0.414 0.887 0 0.005
0.415 0.089 0 0.005
0.415 0.756 0 0.005
0.415 0.931 0 0.005
0.416 0.353 0 0.005
0.416 0.374 0 0.005
0.416 0.587 0 0.005
0.417 0.399 0 0.005
0.417 0.499 0 0.005
0.417 0.602 0 0.005
0.418 0.059 0 0.005
0.418 0.073 0 0.005
0.418 0.343 0 0.005
0.418 0.47 0 0.005
0.418 0.484 0 0.005
0.419 0.281 0 0.005
0.419 0.683 0 0.005
0.419 0.903 0 0.005
0.42 0.165 0 0.005
0.42 0.315 0 0.005
0.42 0.747 0 0.005
0.42 0.857 0 0.005
0.421 0.112 0 0.005
0.422 0.208 0 0.005
0.423 0.126 0 0.005
0.423 0.558 0 0.005
0.424 0.083 0 0.005
0.425 0.136 0 0.005
0.425 0.546 0 0.005
0.426 0.021 0 0.005
0.426 0.307 0 0.005
0.426 0.35 0 0.005
0.426 0.367 0 0.005
0.426 0.391 0 0.005
0.426 0.916 0 0.005
0.427 0.239 0 0.005
0.427 0.265 0 0.005
0.427 0.738 0 0.005
0.429 0.181 0 0.005
0.429 0.435 0 0.005
0.429 0.614 0 0.005
0.429 0.698 0 0.005
0.429 0.801 0 0.005
0.43 0.252 0 0.005
0.431 0.567 0 0.005
0.431 0.851 0 0.005
0.431 0.939 0 0.005
0.432 0.289 0 0.005
0.432 0.59 0 0.005
0.432 0.634 0 0.005
0.432 0.72 0 0.005
0.432 0.954 0 0.005
0.433 0.009 0 0.005
0.433 0.099 0 0.005
0.433 0.475 0 0.005
0.433 0.754 0 0.005
0.434 0.147 0 0.005
0.434 0.463 0 0.005
0.435 0.336 0 0.005
0.435 0.923 0 0.005
0.435 0.991 0 0.005
0.436 0.354 0 0.005
0.436 0.622 0 0.005
0.437 0.109 0 0.005
0.437 0.313 0 0.005
0.439 0.263 0 0.005
0.439 0.807 0 0.005
0.439 0.973 0 0.005
0.44 0.653 0 0.005
0.44 0.744 0 0.005
0.442 0.0017435897435897436 0 0.005
0.442 0.027 0 0.005
0.442 0.213 0 0.005
0.442 0.726 0 0.005
0.442 0.897 0 0.005
0.443 0.187 0 0.005
0.443 0.406 0 0.005
0.443 0.512 0 0.005
0.444 0.09 0 0.005
0.444 0.369 0 0.005
0.444 0.613 0 0.005
0.445 0.825 0 0.005
0.445 0.867 0 0.005
0.446 0.44 0 0.005
0.446 0.953 0 0.005
0.447 0.039 0 0.005
0.447 0.067 0 0.005
0.447 0.201 0 0.005
0.447 0.553 0 0.005
0.447 0.924 0 0.005
0.448 0.149 0 0.005
0.448 0.314 0 0.005
0.448 0.914 0 0.005
0.449 0.016 0 0.005
0.449 0.232 0 0.005
0.449 0.462 0 0.005
0.45 0.477 0 0.005
0.45 0.857 0 0.005
0.451 0.413 0 0.005
0.451 0.786 0 0.005
0.452 0.499 0 0.005
0.452 0.599 0 0.005
0.452 0.995 0 0.005
0.453 0.984 0 0.005
0.454 0.699 0 0.005
0.454 0.969 0 0.005
0.455 0.046 0 0.005
0.455 0.299 0 0.005
0.455 0.327 0 0.005
0.455 0.372 0 0.005
0.456 0.158 0 0.005
0.456 0.613 0 0.005
0.456 0.957 0 0.005
0.457 0.54 0 0.005
0.458 0.634 0 0.005
0.458 0.658 0 0.005
0.458 0.681 0 0.005
0.458 0.839 0 0.005
0.459 0.029 0 0.005
0.459 0.71 0 0.005
0.459 0.899 0 0.005
0.46 0.216 0 0.005
0.46 0.289 0 0.005
0.46 0.946 0 0.005
0.461 0.078 0 0.005
0.461 0.199 0 0.005
0.461 0.247 0 0.005
0.461 0.517 0 0.005
0.461 0.562 0 0.005
0.462 0.114 0 0.005
0.462 0.504 0 0.005
0.462 0.785 0 0.005
0.462 0.826 0 0.005
0.462 0.851 0 0.005
0.462 0.889 0 0.005
0.463 0.039 0 0.005
0.463 0.356 0 0.005
0.463 0.417 0 0.005
0.463 0.921 0 0.005
0.464 0.052 0 0.005
0.464 0.804 0 0.005
0.465 0.18 0 0.005
0.465 0.275 0 0.005
0.465 0.321 0 0.005
0.465 0.971 0 0.005
0.466 0.436 0 0.005
0.466 0.775 0 0.005
0.466 0.981 0 0.005
0.467 0.153 0 0.005
0.467 0.332 0 0.005
0.467 0.376 0 0.005
0.467 0.533 0 0.005
0.467 0.552 0 0.005
0.467 0.6 0 0.005
0.467 0.75 0 0.005
0.468 0.632 0 0.005
0.47 0.088 0 0.005
0.47 0.454 0 0.005
0.47 0.491 0 0.005
0.471 0.172 0 0.005
0.471 0.226 0 0.005
0.471 0.427 0 0.005
0.471 0.794 0 0.005
0.472 0.591 0 0.005
0.472 0.678 0 0.005
0.472 0.93 0 0.005
0.472 0.99 0 0.005
0.473 0.196 0 0.005
0.473 0.9981904761904762 0 0.005
0.474 0.663 0 0.005
0.475 0.252 0 0.005
0.475 0.294 0 0.005
0.475 0.569 0 0.005
0.476 0.006 0 0.005
0.476 0.479 0 0.005
0.476 0.698 0 0.005
0.476 0.726 0 0.005
0.476 0.851 0 0.005
0.477 0.121 0 0.005
0.477 0.546 0 0.005
0.477 0.713 0 0.005
0.477 0.834 0 0.005
0.478 0.11 0 0.005
0.478 0.58 0 0.005
0.478 0.618 0 0.005
0.478 0.887 0 0.005
0.479 0.274 0 0.005
0.479 0.466 0 0.005
0.48 0.079 0 0.005
0.48 0.38 0 0.005
0.48 0.918 0 0.005
0.481 0.189 0 0.005
0.481 0.335 0 0.005
0.481 0.368 0 0.005
0.481 0.655 0 0.005
0.482 0.264 0 0.005
0.482 0.606 0 0.005
0.482 0.94 0 0.005
0.483 0.871 0 0.005
0.484 0.42 0 0.005
0.484 0.485 0 0.005
0.485 0.151 0 0.005
0.485 0.591 0 0.005
0.485 0.667 0 0.005
0.486 0.039 0 0.005
0.486 0.391 0 0.005
0.486 0.569 0 0.005
0.486 0.685 0 0.005
0.487 0.118 0 0.005
0.487 0.431 0 0.005
0.487 0.459 0 0.005
0.487 0.543 0 0.005
0.487 0.647 0 0.005
0.488 0.285 0 0.005
0.488 0.718 0 0.005
0.488 0.784 0 0.005
0.489 0.956 0 0.005
0.49 0.013 0 0.005
0.49 0.833 0 0.005
0.49 0.888 0 0.005
0.491 0.165 0 0.005
0.491 0.62 0 0.005
0.492 0.813 0 0.005
0.493 0.095 0 0.005
0.493 0.186 0 0.005
0.493 0.402 0 0.005
0.493 0.731 0 0.005
0.493 0.77 0 0.005
0.493 0.976 0 0.005
0.494 0.105 0 0.005
0.494 0.528 0 0.005
0.495 0.36 0 0.005
0.496 0.747 0 0.005
0.497 0.134 0 0.005
0.497 0.145 0 0.005
0.497 0.23 0 0.005
0.497 0.502 0 0.005
0.497 0.581 0 0.005
0.497 0.704 0 0.005
0.497 0.842 0 0.005
0.497 0.931 0 0.005
0.498 0.037 0 0.005
0.498 0.414 0 0.005
0.498 0.715 0 0.005
0.499 0.868 0 0.005
0.499 0.943 0 0.005
0.501 0.551 0 0.005
0.501 0.611 0 0.005
0.501 0.69 0 0.005
0.502 0.023 0 0.005
0.502 0.298 0 0.005
0.502 0.329 0 0.005
0.502 0.477 0 0.005
0.503 0.195 0 0.005
0.506 0.431 0 0.005
0.506 0.512 0 0.005
0.506 0.757 0 0.005
0.506 0.793 0 0.005
0.506 0.916 0 0.005
0.507 0.137 0 0.005
0.507 0.595 0 0.005
0.507 0.672 0 0.005
0.507 0.831 0 0.005
0.508 0.037 0 0.005
0.508 0.117 0 0.005
0.508 0.269 0 0.005
0.508 0.366 0 0.005
0.509 0.187 0 0.005
0.509 0.494 0 0.005
0.509 0.996280701754386 0 0.005
0.51 0.063 0 0.005
0.51 0.16 0 0.005
0.51 0.637 0 0.005
0.511 0.457 0 0.005
0.511 0.526 0 0.005
0.511 0.702 0 0.005
0.511 0.732 0 0.005
0.511 0.766 0 0.005
0.512 0.302 0 0.005
0.512 0.399 0 0.005
0.512 0.894 0 0.005
0.513 0.226 0 0.005
0.514 0.34 0 0.005
0.514 0.443 0 0.005
0.515 0.047 0 0.005
0.515 0.627 0 0.005
0.515 0.808 0 0.005
0.516 0.216 0 0.005
0.516 0.324 0 0.005
0.516 0.419 0 0.005
0.516 0.567 0 0.005
0.516 0.786 0 0.005
0.516 0.846 0 0.005
0.517 0.382 0 0.005
0.519 0.069 0 0.005
0.519 0.124 0 0.005
0.519 0.154 0 0.005
0.519 0.508 0 0.005
0.519 0.661 0 0.005
0.519 0.935 0 0.005
0.521 0.032 0 0.005
0.522 0.178 0 0.005
0.522 0.594 0 0.005
0.522 0.902 0 0.005
0.523 0.727 0 0.005
0.523 0.751 0 0.005
0.524 0.056 0 0.005
0.524 0.466 0 0.005
0.524 0.497 0 0.005
0.525 0.094 0 0.005
0.525 0.134 0 0.005
0.525 0.298 0 0.005
0.525 0.682 0 0.005
0.526 0.36 0 0.005
0.526 0.389 0 0.005
0.526 0.994 0 0.005
0.527 0.081 0 0.005
0.527 0.165 0 0.005
0.527 0.827 0 0.005
0.528 0.518 0 0.005
0.528 0.777 0 0.005
0.528 0.918 0 0.005
0.528 0.963 0 0.005
0.529 0.047 0 0.005
0.529 0.251 0 0.005
0.529 0.454 0 0.005
0.529 0.531 0 0.005
0.529 0.583 0 0.005
0.529 0.951 0 0.005
0.531 0.117 0 0.005
0.531 0.94 0 0.005
0.532 0.348 0 0.005
0.532 0.436 0 0.005
0.532 0.489 0 0.005
0.532 0.902 0 0.005
0.533 0.204 0 0.005
0.533 0.215 0 0.005
0.533 0.328 0 0.005
0.533 0.558 0 0.005
0.534 0.47 0 0.005
0.534 0.694 0 0.005
0.534 0.709 0 0.005
0.534 0.864 0 0.005
0.535 0.307 0 0.005
0.536 0.0012666666666666666 0 0.005
0.537 0.012 0 0.005
0.537 0.034 0 0.005
0.537 0.125 0 0.005
0.537 0.502 0 0.005
0.538 0.319 0 0.005
0.538 0.406 0 0.005
0.538 0.643 0 0.005
0.539 0.181 0 0.005
0.539 0.741 0 0.005
0.539 0.769 0 0.005
0.539 0.976 0 0.005
0.54 0.752 0 0.005
0.54 0.848 0 0.005
0.541 0.102 0 0.005
0.541 0.235 0 0.005
0.541 0.571 0 0.005
0.542 0.16 0 0.005
0.542 0.35 0 0.005
0.542 0.68 0 0.005
0.543 0.116 0 0.005
0.543 0.273 0 0.005
0.544 0.261 0 0.005
0.544 0.457 0 0.005
0.545 0.479 0 0.005
0.545 0.722 0 0.005
0.545 0.913 0 0.005
0.545 0.929 0 0.005
0.546 0.054 0 0.005
0.546 0.309 0 0.005
0.546 0.58 0 0.005
0.546 0.815 0 0.005
0.547 0.389 0 0.005
0.548 0.399 0 0.005
0.548 0.496 0 0.005
0.548 0.951 0 0.005
0.549 0.138 0 0.005
0.55 0.17 0 0.005
0.551 0.069 0 0.005
0.551 0.516 0 0.005
0.551 0.971 0 0.005
0.551 0.981 0 0.005
0.552 0.345 0 0.005
0.552 0.9956875 0 0.005
0.553 0.034 0 0.005
0.553 0.443 0 0.005
0.553 0.549 0 0.005
0.553 0.843 0 0.005
0.554 0.201 0 0.005
0.555 0.278 0 0.005
0.555 0.408 0 0.005
0.555 0.526 0 0.005
0.555 0.782 0 0.005
0.556 0.77 0 0.005
0.556 0.918 0 0.005
0.557 0.105 0 0.005
0.557 0.317 0 0.005
0.557 0.583 0 0.005
0.557 0.759 0 0.005
0.558 0.419 0 0.005
0.558 0.486 0 0.005
0.558 0.61 0 0.005
0.559 0.258 0 0.005
0.559 0.37 0 0.005
0.559 0.562 0 0.005
0.559 0.698 0 0.005
0.559 0.731 0 0.005
0.56 0.828 0 0.005
0.561 0.0033125 0 0.005
0.561 0.434 0 0.005
0.561 0.859 0 0.005
0.562 0.599 0 0.005
0.562 0.818 0 0.005
0.563 0.115 0 0.005
0.563 0.229 0 0.005
0.563 0.653 0 0.005
0.564 0.286 0 0.005
0.564 0.338 0 0.005
0.564 0.401 0 0.005
0.565 0.172 0 0.005
0.565 0.708 0 0.005
0.565 0.901 0 0.005
0.565 0.953 0 0.005
0.566 0.473 0 0.005
0.566 0.551 0 0.005
0.567 0.248 0 0.005
0.567 0.9977333333333334 0 0.005
0.568 0.084 0 0.005
0.568 0.213 0 0.005
0.568 0.413 0 0.005
0.568 0.492 0 0.005
0.568 0.672 0 0.005
0.569 0.022 0 0.005
0.57 0.295 0 0.005
0.57 0.356 0 0.005
0.57 0.506 0 0.005
0.57 0.624 0 0.005
0.57 0.879 0 0.005
0.57 0.977 0 0.005
0.571 0.522 0 0.005
0.571 0.786 0 0.005
0.572 0.588 0 0.005
0.572 0.643 0 0.005
0.572 0.848 0 0.005
0.573 0.139 0 0.005
0.573 0.387 0 0.005
0.573 0.864 0 0.005
0.574 0.051 0 0.005
0.574 0.748 0 0.005
0.574 0.892 0 0.005
0.574 0.925 0 0.005
0.575 0.228 0 0.005
0.576 0.112 0 0.005
0.576 0.659 0 0.005
0.576 0.803 0 0.005
0.577 0.438 0 0.005
0.577 0.557 0 0.005
0.578 0.192 0 0.005
0.578 0.367 0 0.005
0.578 0.377 0 0.005
0.578 0.761 0 0.005
0.579 0.125 0 0.005
0.579 0.254 0 0.005
0.579 0.397 0 0.005
0.579 0.995 0 0.005
0.58 0.537 0 0.005
0.581 0.474 0 0.005
0.581 0.915 0 0.005
0.581 0.939 0 0.005
0.581 0.973 0 0.005
0.582 0.0008095238095238096 0 0.005
0.582 0.688 0 0.005
0.583 0.178 0 0.005
0.583 0.527 0 0.005
0.584 0.327 0 0.005
0.584 0.423 0 0.005
0.584 0.566 0 0.005
0.584 0.882 0 0.005
0.585 0.134 0 0.005
0.585 0.309 0 0.005
0.585 0.673 0 0.005
0.586 0.579 0 0.005
0.586 0.618 0 0.005
0.586 0.705 0 0.005
0.587 0.041 0 0.005
0.587 0.348 0 0.005
0.587 0.783 0 0.005
0.587 0.806 0 0.005
0.588 0.052 0 0.005
0.588 0.099 0 0.005
0.588 0.213 0 0.005
0.588 0.605 0 0.005
0.588 0.834 0 0.005
0.589 0.023 0 0.005
0.589 0.296 0 0.005
0.589 0.642 0 0.005
0.589 0.755 0 0.005
0.589 0.823 0 0.005
0.59 0.452 0 0.005
0.591 0.113 0 0.005
0.591 0.261 0 0.005
0.592 0.074 0 0.005
0.592 0.15 0 0.005
0.592 0.338 0 0.005
0.592 0.385 0 0.005
0.592 0.407 0 0.005
0.592 0.511 0 0.005
0.592 0.916 0 0.005
0.593 0.165 0 0.005
0.593 0.318 0 0.005
0.593 0.934 0 0.005
0.594 0.441 0 0.005
0.595 0.587 0 0.005
0.595 0.88 0 0.005
0.596 0.186 0 0.005
0.596 0.365 0 0.005
0.596 0.961 0 0.005
0.597 0.564 0 0.005
0.597 0.804 0 0.005
0.597 0.95 0 0.005
0.598 0.272 0 0.005
0.598 0.746 0 0.005
0.599 0.31 0 0.005
0.599 0.502 0 0.005
0.6 0.087 0 0.005
0.6 0.332 0 0.005
0.6 0.855 0 0.005
0.601 0.241 0 0.005
0.601 0.401 0 0.005
0.601 0.543 0 0.005
0.601 0.688 0 0.005
0.601 0.995 0 0.005
0.602 0.159 0 0.005
0.602 0.702 0 0.005
0.602 0.715 0 0.005
0.602 0.979 0 0.005
0.603 0.668 0 0.005
0.604 0.136 0 0.005
0.604 0.291 0 0.005
0.604 0.612 0 0.005
0.604 0.887 0 0.005
0.605 0.258 0 0.005
0.605 0.652 0 0.005
0.606 0.098 0 0.005
0.606 0.486 0 0.005
0.606 0.772 0 0.005
0.606 0.782 0 0.005
0.606 0.923 0 0.005
0.607 0.214 0 0.005
0.607 0.526 0 0.005
0.608 0.389 0 0.005
0.608 0.422 0 0.005
0.61 0.181 0 0.005
0.61 0.449 0 0.005
0.61 0.725 0 0.005
0.611 0.909 0 0.005
0.613 0.059 0 0.005
0.613 0.621 0 0.005
0.613 0.74 0 0.005
0.614 0.589 0 0.005
0.615 0.07 0 0.005
0.615 0.751 0 0.005
0.615 0.814 0 0.005
0.616 0.33 0 0.005
0.616 0.769 0 0.005
0.616 0.791 0 0.005
0.616 0.877 0 0.005
0.617 0.128 0 0.005
0.617 0.469 0 0.005
0.617 0.488 0 0.005
0.617 0.717 0 0.005
0.618 0.103 0 0.005
0.618 0.149 0 0.005
0.618 0.273 0 0.005
0.618 0.888 0 0.005
0.619 0.409 0 0.005
0.619 0.569 0 0.005
0.619 0.686 0 0.005
0.62 0.002719298245614035 0 0.005
0.62 0.517 0 0.005
0.621 0.022 0 0.005
0.621 0.197 0 0.005
0.621 0.43 0 0.005
0.621 0.655 0 0.005
0.622 0.243 0 0.005
0.622 0.318 0 0.005
0.622 0.603 0 0.005
0.623 0.138 0 0.005
0.623 0.34 0 0.005
0.623 0.542 0 0.005
0.623 0.869 0 0.005
0.624 0.217 0 0.005
0.624 0.351 0 0.005
0.624 0.373 0 0.005
0.624 0.695 0 0.005
0.624 0.738 0 0.005
0.625 0.083 0 0.005
0.625 0.799 0 0.005
0.625 0.814 0 0.005
0.625 0.942 0 0.005
0.626 0.4 0 0.005
0.626 0.953 0 0.005
0.626 0.98 0 0.005
0.627 0.097 0 0.005
0.627 0.168 0 0.005
0.627 0.615 0 0.005
0.627 0.673 0 0.005
0.628 0.271 0 0.005
0.628 0.728 0 0.005
0.628 0.911 0 0.005
0.629 0.154 0 0.005
0.63 0.116 0 0.005
0.63 0.513 0 0.005
0.631 0.05 0 0.005
0.631 0.062 0 0.005
0.631 0.451 0 0.005
0.632 0.288 0 0.005
0.632 0.439 0 0.005
0.632 0.471 0 0.005
0.632 0.483 0 0.005
0.632 0.688 0 0.005
0.633 0.337 0 0.005
0.633 0.97 0 0.005
0.634 0.536 0 0.005
0.635 0.017 0 0.005
0.635 0.934 0 0.005
0.635 0.989 0 0.005
0.635 0.9972564102564103 0 0.005
0.636 0.581 0 0.005
0.636 0.655 0 0.005
0.637 0.146 0 0.005
0.637 0.786 0 0.005
0.638 0.372 0 0.005
0.638 0.393 0 0.005
0.638 0.7 0 0.005
0.638 0.728 0 0.005
0.639 0.911 0 0.005
0.64 0.353 0 0.005
0.64 0.546 0 0.005
0.64 0.561 0 0.005
0.64 0.607 0 0.005
0.64 0.744 0 0.005
0.64 0.896 0 0.005
0.641 0.175 0 0.005
0.641 0.758 0 0.005
0.642 0.202 0 0.005
0.642 0.25 0 0.005
0.642 0.883 0 0.005
0.642 0.963 0 0.005
0.642 0.0004166666666666667 0 0.005
0.643 0.076 0 0.005
0.643 0.217 0 0.005
0.643 0.674 0 0.005
0.644 0.281 0 0.005
0.644 0.507 0 0.005
0.644 0.688 0 0.005
0.645 0.057 0 0.005
0.645 0.595 0 0.005
0.646 0.654 0 0.005
0.646 0.846 0 0.005
0.647 0.148 0 0.005
0.647 0.236 0 0.005
0.647 0.578 0 0.005
0.647 0.791 0 0.005
0.648 0.317 0 0.005
0.648 0.379 0 0.005
0.648 0.442 0 0.005
0.649 0.409 0 0.005
0.649 0.727 0 0.005
0.65 0.949 0 0.005
0.651 0.298 0 0.005
0.651 0.919 0 0.005
0.651 0.988 0 0.005
0.652 0.087 0 0.005
0.652 0.265 0 0.005
0.652 0.626 0 0.005
0.652 0.837 0 0.005
0.652 0.882 0 0.005
0.654 0.781 0 0.005
0.655 0.166 0 0.005
0.656 0.57 0 0.005
0.656 0.715 0 0.005
0.657 0.019 0 0.005
0.657 0.549 0 0.005
0.657 0.615 0 0.005
0.657 0.638 0 0.005
0.657 0.87 0 0.005
0.658 0.122 0 0.005
0.658 0.211 0 0.005
0.658 0.343 0 0.005
0.658 0.385 0 0.005
0.659 0.1 0 0.005
0.659 0.331 0 0.005
0.659 0.675 0 0.005
0.66 0.769 0 0.005
0.661 0.051 0 0.005
0.661 0.145 0 0.005
0.661 0.661 0 0.005
0.661 0.758 0 0.005
0.661 0.792 0 0.005
0.661 0.846 0 0.005
0.662 0.063 0 0.005
0.662 0.09 0 0.005
0.662 0.52 0 0.005
0.663 0.011 0 0.005
0.663 0.176 0 0.005
0.663 0.588 0 0.005
0.663 0.737 0 0.005
0.664 0.455 0 0.005
0.664 0.992 0 0.005
0.665 0.534 0 0.005
0.665 0.649 0 0.005
0.665 0.708 0 0.005
0.666 0.466 0 0.005
0.666 0.488 0 0.005
0.666 0.979 0 0.005
0.666 0.0004166666666666667 0 0.005
0.667 0.323 0 0.005
0.667 0.885 0 0.005
0.668 0.129 0 0.005
0.668 0.233 0 0.005
0.668 0.411 0 0.005
0.669 0.355 0 0.005
0.669 0.562 0 0.005
0.669 0.669 0 0.005
0.669 0.825 0 0.005
0.67 0.073 0 0.005
0.67 0.507 0 0.005
0.671 0.244 0 0.005
0.671 0.367 0 0.005
0.671 0.391 0 0.005
0.672 0.726 0 0.005
0.672 0.801 0 0.005
0.672 0.957 0 0.005
0.673 0.27 0 0.005
0.673 0.288 0 0.005
0.673 0.763 0 0.005
0.673 0.927 0 0.005
0.674 0.05 0 0.005
0.674 0.78 0 0.005
0.675 0.26 0 0.005
0.675 0.59 0 0.005
0.676 0.405 0 0.005
0.676 0.437 0 0.005
0.677 0.156 0 0.005
0.677 0.329 0 0.005
0.677 0.459 0 0.005
0.677 0.974 0 0.005
0.679 0.089 0 0.005
0.679 0.553 0 0.005
0.679 0.649 0 0.005
0.68 0.308 0 0.005
0.68 0.625 0 0.005
0.68 0.755 0 0.005
0.68 0.847 0 0.005
0.68 0.894 0 0.005
0.681 0.47 0 0.005
0.681 0.684 0 0.005
0.682 0.184 0 0.005
0.682 0.738 0 0.005
0.683 0.613 0 0.005
0.684 0.076 0 0.005
0.684 0.419 0 0.005
0.685 0.106 0 0.005
0.685 0.318 0 0.005
0.686 0.004 0 0.005
0.686 0.442 0 0.005
0.686 0.603 0 0.005
0.686 0.8 0 0.005
0.687 0.396 0 0.005
0.687 0.658 0 0.005
0.688 0.82 0 0.005
0.688 0.908 0 0.005
0.688 0.948 0 0.005
0.689 0.769 0 0.005
0.69 0.259 0 0.005
0.69 0.544 0 0.005
0.69 0.84 0 0.005
0.69 0.866 0 0.005
0.691 0.15 0 0.005
0.691 0.696 0 0.005
0.692 0.207 0 0.005
0.692 0.534 0 0.005
0.692 0.681 0 0.005
0.692 0.856 0 0.005
0.692 0.992 0 0.005
0.693 0.337 0 0.005
0.693 0.377 0 0.005
0.693 0.47 0 0.005
0.693 0.96 0 0.005
0.694 0.712 0 0.005
0.694 0.747 0 0.005
0.694 0.889 0 0.005
0.695 0.063 0 0.005
0.695 0.081 0 0.005
0.695 0.312 0 0.005
0.695 0.427 0 0.005
0.695 0.877 0 0.005
0.696 0.562 0 0.005
0.697 0.191 0 0.005
0.697 0.588 0 0.005
0.697 0.814 0 0.005
0.698 0.094 0 0.005
0.698 0.268 0 0.005
0.698 0.353 0 0.005
0.698 0.455 0 0.005
0.698 0.641 0 0.005
0.699 0.11 0 0.005
0.699 0.295 0 0.005
0.699 0.396 0 0.005
0.699 0.725 0 0.005
0.7 0.164 0 0.005
0.7 0.216 0 0.005
0.7 0.364 0 0.005
0.7 0.626 0 0.005
0.701 0.444 0 0.005
0.702 0.842 0 0.005
0.702 0.988 0 0.005
0.703 0.475 0 0.005
0.703 0.5 0 0.005
0.703 0.554 0 0.005
0.703 0.806 0 0.005
0.704 0.859 0 0.005
0.705 0.133 0 0.005
0.705 0.511 0 0.005
0.705 0.682 0 0.005
0.705 0.711 0 0.005
0.705 0.773 0 0.005
0.706 0.285 0 0.005
0.706 0.487 0 0.005
0.706 0.895 0 0.005
0.706 0.912 0 0.005
0.705 0.0 0 0.005
0.707 0.239 0 0.005
0.707 0.388 0 0.005
0.707 0.745 0 0.005
0.708 0.332 0 0.005
0.708 0.699 0 0.005
0.708 0.816 0 0.005
0.708 0.966 0 0.005
0.709 0.179 0 0.005
0.71 0.273 0 0.005
0.71 0.667 0 0.005
0.71 0.85 0 0.005
0.713 0.027 0 0.005
0.713 0.043 0 0.005
0.713 0.1 0 0.005
0.713 0.124 0 0.005
0.713 0.193 0 0.005
0.713 0.304 0 0.005
0.713 0.367 0 0.005
0.713 0.535 0 0.005
0.713 0.864 0 0.005
0.713 0.878 0 0.005
0.714 0.141 0 0.005
0.714 0.993 0 0.005
0.715 0.579 0 0.005
0.716 0.48 0 0.005
0.716 0.607 0 0.005
0.717 0.416 0 0.005
0.717 0.732 0 0.005
0.718 0.235 0 0.005
0.718 0.249 0 0.005
0.718 0.292 0 0.005
0.719 0.014 0 0.005
0.719 0.403 0 0.005
0.719 0.548 0 0.005
0.72 0.593 0 0.005
0.72 0.812 0 0.005
0.72 0.972 0 0.005
0.721 0.312 0 0.005
0.721 0.8 0 0.005
0.721 0.937 0 0.005
0.722 0.056 0 0.005
0.722 0.634 0 0.005
0.722 0.696 0 0.005
0.723 0.095 0 0.005
0.723 0.129 0 0.005
0.723 0.355 0 0.005
0.723 0.78 0 0.005
0.723 0.837 0 0.005
0.725 0.0033125 0 0.005
0.725 0.905 0 0.005
0.725 0.925 0 0.005
0.725 0.954 0 0.005
0.726 0.079 0 0.005
0.726 0.329 0 0.005
0.726 0.457 0 0.005
0.726 0.497 0 0.005
0.726 0.682 0 0.005
0.726 0.874 0 0.005
0.727 0.427 0 0.005
0.728 0.54 0 0.005
0.728 0.572 0 0.005
0.728 0.745 0 0.005
0.729 0.066 0 0.005
0.729 0.212 0 0.005
0.729 0.724 0 0.005
0.73 0.34 0 0.005
0.73 0.641 0 0.005
0.731 0.165 0 0.005
0.733 0.471 0 0.005
0.733 0.603 0 0.005
0.734 0.279 0 0.005
0.734 0.622 0 0.005
0.735 0.267 0 0.005
0.735 0.798 0 0.005
0.736 0.526 0 0.005
0.736 0.656 0 0.005
0.736 0.97 0 0.005
0.737 0.151 0 0.005
0.737 0.173 0 0.005
0.737 0.298 0 0.005
0.737 0.364 0 0.005
0.737 0.408 0 0.005
0.737 0.458 0 0.005
0.737 0.712 0 0.005
0.738 0.375 0 0.005
0.738 0.483 0 0.005
0.738 0.509 0 0.005
0.738 0.554 0 0.005
0.739 0.023 0 0.005
0.739 0.333 0 0.005
0.739 0.905 0 0.005
0.74 0.393 0 0.005
0.74 0.724 0 0.005
0.74 0.841 0 0.005
0.74 0.856 0 0.005
0.74 0.982 0 0.005
0.741 0.046 0 0.005
0.741 0.193 0 0.005
0.741 0.88 0 0.005
0.742 0.79 0 0.005
0.743 0.571 0 0.005
0.743 0.96 0 0.005
0.744 0.734 0 0.005
0.745 0.218 0 0.005
0.745 0.242 0 0.005
0.745 0.292 0 0.005
0.745 0.537 0 0.005
0.745 0.693 0 0.005
0.746 0.633 0 0.005
0.746 0.707 0 0.005
0.747 0.108 0 0.005
0.747 0.318 0 0.005
0.748 0.065 0 0.005
0.748 0.749 0 0.005
0.749 0.364 0 0.005
0.749 0.412 0 0.005
0.75 0.353 0 0.005
0.75 0.514 0 0.005
0.75 0.643 0 0.005
0.751 0.088 0 0.005
0.751 0.587 0 0.005
0.752 0.434 0 0.005
0.752 0.47 0 0.005
0.752 0.621 0 0.005
0.753 0.397 0 0.005
0.753 0.669 0 0.005
0.754 0.303 0 0.005
0.754 0.739 0 0.005
0.754 0.866 0 0.005
0.754 0.983 0 0.005
0.755 0.0008095238095238096 0 0.005
0.755 0.017 0 0.005
0.755 0.231 0 0.005
0.755 0.905 0 0.005
0.756 0.839 0 0.005
0.757 0.054 0 0.005
0.757 0.17 0 0.005
0.757 0.766 0 0.005
0.758 0.271 0 0.005
0.759 0.37 0 0.005
0.759 0.38 0 0.005
0.759 0.693 0 0.005
0.759 0.724 0 0.005
0.759 0.849 0 0.005
0.76 0.554 0 0.005
0.76 0.943 0 0.005
0.761 0.191 0 0.005
0.761 0.295 0 0.005
0.761 0.497 0 0.005
0.761 0.591 0 0.005
0.761 0.606 0 0.005
0.762 0.649 0 0.005
0.763 0.102 0 0.005
0.763 0.51 0 0.005
0.763 0.566 0 0.005
0.763 0.9981904761904762 0 0.005
0.764 0.32 0 0.005
0.764 0.739 0 0.005
0.764 0.817 0 0.005
0.764 0.964 0 0.005
0.764 0.974 0 0.005
0.765 0.4 0 0.005
0.766 0.541 0 0.005
0.766 0.92 0 0.005
0.767 0.0012666666666666666 0 0.005
0.767 0.183 0 0.005
0.768 0.452 0 0.005
0.768 0.908 0 0.005
0.769 0.411 0 0.005
0.769 0.848 0 0.005
0.77 0.343 0 0.005
0.77 0.984 0 0.005
0.771 0.748 0 0.005
0.772 0.018 0 0.005
0.772 0.073 0 0.005
0.772 0.163 0 0.005
0.772 0.259 0 0.005
0.772 0.498 0 0.005
0.773 0.573 0 0.005
0.773 0.952 0 0.005
0.774 0.122 0 0.005
0.774 0.241 0 0.005
0.774 0.439 0 0.005
0.774 0.624 0 0.005
0.775 0.028 0 0.005
0.775 0.043 0 0.005
0.775 0.198 0 0.005
0.775 0.685 0 0.005
0.775 0.776 0 0.005
0.775 0.863 0 0.005
0.776 0.283 0 0.005
0.776 0.666 0 0.005
0.776 0.796 0 0.005
0.777 0.093 0 0.005
0.777 0.302 0 0.005
0.778 0.23 0 0.005
0.779 0.456 0 0.005
0.779 0.56 0 0.005
0.78 0.376 0 0.005
0.78 0.413 0 0.005
0.781 0.427 0 0.005
0.781 0.92 0 0.005
0.782 0.267 0 0.005
0.782 0.398 0 0.005
0.782 0.487 0 0.005
0.782 0.531 0 0.005
0.784 0.608 0 0.005
0.785 0.31 0 0.005
0.785 0.388 0 0.005
0.785 0.568 0 0.005
0.785 0.753 0 0.005
0.786 0.098 0 0.005
0.786 0.363 0 0.005
0.786 0.649 0 0.005
0.787 0.069 0 0.005
0.787 0.45 0 0.005
0.788 0.281 0 0.005
0.788 0.662 0 0.005
0.788 0.855 0 0.005
0.788 0.93 0 0.005
0.789 0.034 0 0.005
0.789 0.151 0 0.005
0.789 0.966 0 0.005
0.79 0.181 0 0.005
0.79 0.475 0 0.005
0.79 0.887 0 0.005
0.791 0.008 0 0.005
0.791 0.341 0 0.005
0.791 0.764 0 0.005
0.791 0.778 0 0.005
0.791 0.845 0 0.005
0.792 0.239 0 0.005
0.792 0.639 0 0.005
0.792 0.74 0 0.005
0.792 0.833 0 0.005
0.792 0.87 0 0.005
0.793 0.165 0 0.005
0.793 0.198 0 0.005
0.794 0.128 0 0.005
0.794 0.14 0 0.005
0.794 0.407 0 0.005
0.794 0.681 0 0.005
0.794 0.9 0 0.005
0.794 0.995 0 0.005
0.795 0.019 0 0.005
0.795 0.294 0 0.005
0.795 0.519 0 0.005
0.796 0.25 0 0.005
0.797 0.044 0 0.005
0.797 0.367 0 0.005
0.797 0.449 0 0.005
0.797 0.509 0 0.005
0.797 0.543 0 0.005
0.797 0.622 0 0.005
0.797 0.707 0 0.005
0.798 0.607 0 0.005
0.799 0.062 0 0.005
0.799 0.951 0 0.005
0.8 0.03 0 0.005
0.8 0.214 0 0.005
0.8 0.272 0 0.005
0.801 0.336 0 0.005
0.801 0.558 0 0.005
0.801 0.828 0 0.005
0.801 0.879 0 0.005
0.802 0.401 0 0.005
0.802 0.439 0 0.005
0.802 0.963 0 0.005
0.803 0.637 0 0.005
0.803 0.841 0 0.005
0.803 0.853 0 0.005
0.803 0.973 0 0.005
0.804 0.134 0 0.005
0.804 0.681 0 0.005
0.804 0.935 0 0.005
0.804 0.987 0 0.005
0.804 0.9981904761904762 0 0.005
0.805 0.742 0 0.005
0.806 0.187 0 0.005
0.806 0.535 0 0.005
0.807 0.103 0 0.005
0.807 0.427 0 0.005
0.807 0.548 0 0.005
0.808 0.308 0 0.005
0.808 0.519 0 0.005
0.808 0.594 0 0.005
0.808 0.765 0 0.005
0.809 0.224 0 0.005
0.809 0.611 0 0.005
0.809 0.73 0 0.005
0.809 0.797 0 0.005
0.81 0.198 0 0.005
0.81 0.249 0 0.005
0.81 0.319 0 0.005
0.81 0.356 0 0.005
0.811 0.146 0 0.005
0.811 0.415 0 0.005
0.811 0.958 0 0.005
0.812 0.846 0 0.005
0.813 0.461 0 0.005
0.813 0.861 0 0.005
0.813 0.992 0 0.005
0.814 0.289 0 0.005
0.814 0.438 0 0.005
0.814 0.471 0 0.005
0.814 0.651 0 0.005
0.816 0.034 0 0.005
0.816 0.537 0 0.005
0.816 0.9 0 0.005
0.818 0.587 0 0.005
0.818 0.701 0 0.005
0.819 0.228 0 0.005
0.819 0.239 0 0.005
0.819 0.422 0 0.005
0.819 0.683 0 0.005
0.819 0.883 0 0.005
0.82 0.138 0 0.005
0.82 0.261 0 0.005
0.82 0.823 0 0.005
0.821 0.025 0 0.005
0.821 0.045 0 0.005
0.821 0.123 0 0.005
0.821 0.55 0 0.005
0.821 0.977 0 0.005
0.822 0.002719298245614035 0 0.005
0.822 0.717 0 0.005
0.823 0.078 0 0.005
0.823 0.48 0 0.005
0.823 0.668 0 0.005
0.824 0.061 0 0.005
0.824 0.186 0 0.005
0.824 0.394 0 0.005
0.824 0.64 0 0.005
0.824 0.859 0 0.005
0.825 0.318 0 0.005
0.825 0.733 0 0.005
0.823 0.999 0 0.005
0.826 0.37 0 0.005
0.826 0.785 0 0.005
0.827 0.384 0 0.005
0.827 0.457 0 0.005
0.829 0.018 0 0.005
0.829 0.035 0 0.005
0.829 0.774 0 0.005
0.83 0.499 0 0.005
0.83 0.678 0 0.005
0.831 0.102 0 0.005
0.831 0.154 0 0.005
0.831 0.177 0 0.005
0.831 0.548 0 0.005
0.831 0.942 0 0.005
0.831 0.956 0 0.005
0.833 0.006 0 0.005
0.833 0.236 0 0.005
0.833 0.274 0 0.005
0.835 0.517 0 0.005
0.835 0.791 0 0.005
0.836 0.57 0 0.005
0.836 0.692 0 0.005
0.836 0.735 0 0.005
0.836 0.749 0 0.005
0.836 0.813 0 0.005
0.837 0.338 0 0.005
0.837 0.35 0 0.005
0.837 0.626 0 0.005
0.837 0.926 0 0.005
0.838 0.397 0 0.005
0.838 0.559 0 0.005
0.838 0.869 0 0.005
0.839 0.0008095238095238096 0 0.005
0.839 0.06 0 0.005
0.839 0.413 0 0.005
0.839 0.425 0 0.005
0.839 0.714 0 0.005
0.84 0.018 0 0.005
0.84 0.044 0 0.005
0.84 0.831 0 0.005
0.841 0.07 0 0.005
0.841 0.467 0 0.005
0.841 0.846 0 0.005
0.842 0.202 0 0.005
0.842 0.941 0 0.005
0.844 0.447 0 0.005
0.843 0.9985833333333334 0 0.005
0.845 0.304 0 0.005
0.845 0.675 0 0.005
0.845 0.904 0 0.005
0.846 0.653 0 0.005
0.846 0.977 0 0.005
0.847 0.476 0 0.005
0.848 0.229 0 0.005
0.848 0.26 0 0.005
0.848 0.351 0 0.005
0.848 0.791 0 0.005
0.849 0.324 0 0.005
0.849 0.773 0 0.005
0.849 0.869 0 0.005
0.85 0.021 0 0.005
0.85 0.119 0 0.005
0.85 0.964 0 0.005
0.851 0.073 0 0.005
0.851 0.161 0 0.005
0.851 0.857 0 0.005
0.851 0.924 0 0.005
0.852 0.209 0 0.005
0.852 0.724 0 0.005
0.853 0.085 0 0.005
0.853 0.176 0 0.005
0.853 0.519 0 0.005
0.853 0.818 0 0.005
0.854 0.009 0 0.005
0.854 0.104 0 0.005
0.854 0.404 0 0.005
0.854 0.504 0 0.005
0.854 0.682 0 0.005
0.854 0.705 0 0.005
0.854 0.741 0 0.005
0.854 0.845 0 0.005
0.855 0.554 0 0.005
0.855 0.664 0 0.005
0.856 0.372 0 0.005
0.856 0.428 0 0.005
0.857 0.292 0 0.005
0.857 0.317 0 0.005
0.857 0.605 0 0.005
0.857 0.78 0 0.005
0.858 0.197 0 0.005
0.858 0.651 0 0.005
0.858 0.692 0 0.005
0.859 0.624 0 0.005
0.859 0.863 0 0.005
0.859 0.971 0 0.005
0.86 0.154 0 0.005
0.86 0.215 0 0.005
0.86 0.268 0 0.005
0.861 0.455 0 0.005
0.861 0.932 0 0.005
0.862 0.437 0 0.005
0.862 0.824 0 0.005
0.863 0.497 0 0.005
0.863 0.887 0 0.005
0.864 0.069 0 0.005
0.864 0.79 0 0.005
0.865 0.115 0 0.005
0.865 0.47 0 0.005
0.865 0.516 0 0.005
0.865 0.874 0 0.005
0.865 0.909 0 0.005
0.867 0.285 0 0.005
0.867 0.352 0 0.005
0.868 0.098 0 0.005
0.868 0.322 0 0.005
0.868 0.619 0 0.005
0.868 0.741 0 0.005
0.869 0.59 0 0.005
0.869 0.706 0 0.005
0.869 0.942 0 0.005
0.87 0.549 0 0.005
0.87 0.985 0 0.005
0.871 0.405 0 0.005
0.871 0.419 0 0.005
0.871 0.753 0 0.005
0.871 0.83 0 0.005
0.872 0.083 0 0.005
0.872 0.438 0 0.005
0.872 0.771 0 0.005
0.872 0.842 0 0.005
0.872 0.967 0 0.005
0.873 0.187 0 0.005
0.873 0.655 0 0.005
0.874 0.0033125 0 0.005
0.874 0.33 0 0.005
0.875 0.217 0 0.005
0.875 0.853 0 0.005
0.875 0.956 0 0.005
0.876 0.124 0 0.005
0.876 0.365 0 0.005
0.876 0.518 0 0.005
0.876 0.797 0 0.005
0.877 0.062 0 0.005
0.878 0.046 0 0.005
0.878 0.493 0 0.005
0.878 0.889 0 0.005
0.878 0.91 0 0.005
0.879 0.173 0 0.005
0.879 0.266 0 0.005
0.879 0.678 0 0.005
0.879 0.782 0 0.005
0.88 0.473 0 0.005
0.88 0.719 0 0.005
0.881 0.344 0 0.005
0.882 0.205 0 0.005
0.882 0.581 0 0.005
0.882 0.667 0 0.005
0.882 0.938 0 0.005
0.883 0.031 0 0.005
0.883 0.145 0 0.005
0.883 0.393 0 0.005
0.883 0.76 0 0.005
0.883 0.77 0 0.005
0.884 0.102 0 0.005
0.884 0.355 0 0.005
0.885 0.117 0 0.005
0.885 0.24 0 0.005
0.885 0.292 0 0.005
0.885 0.804 0 0.005
0.886 0.131 0 0.005
0.886 0.746 0 0.005
0.886 0.904 0 0.005
0.886 0.916 0 0.005
0.886 0.955 0 0.005
0.887 0.065 0 0.005
0.887 0.089 0 0.005
0.887 0.852 0 0.005
0.887 0.894 0 0.005
0.888 0.0022291666666666666 0 0.005
0.888 0.484 0 0.005
0.888 0.701 0 0.005
0.889 0.428 0 0.005
0.889 0.548 0 0.005
0.889 0.619 0 0.005
0.889 0.713 0 0.005
0.89 0.183 0 0.005
0.891 0.467 0 0.005
0.891 0.925 0 0.005
0.892 0.964 0 0.005
0.893 0.147 0 0.005
0.893 0.314 0 0.005
0.893 0.35 0 0.005
0.893 0.586 0 0.005
0.894 0.393 0 0.005
0.894 0.609 0 0.005
0.895 0.136 0 0.005
0.895 0.405 0 0.005
0.895 0.733 0 0.005
0.895 0.9956875 0 0.005
0.896 0.109 0 0.005
0.896 0.816 0 0.005
0.896 0.872 0 0.005
0.897 0.097 0 0.005
0.897 0.5 0 0.005
0.897 0.557 0 0.005
0.898 0.072 0 0.005
0.898 0.624 0 0.005
0.898 0.912 0 0.005
0.899 0.082 0 0.005
0.899 0.249 0 0.005
0.899 0.758 0 0.005
0.9 0.17 0 0.005
0.9 0.284 0 0.005
0.901 0.012 0 0.005
0.901 0.675 0 0.005
0.901 0.695 0 0.005
0.902 0.489 0 0.005
0.902 0.772 0 0.005
0.903 0.153 0 0.005
0.903 0.958 0 0.005
0.903 0.979 0 0.005
0.904 0.516 0 0.005
0.904 0.574 0 0.005
0.904 0.721 0 0.005
0.904 0.833 0 0.005
0.905 0.041 0 0.005
0.905 0.137 0 0.005
0.905 0.205 0 0.005
0.905 0.347 0 0.005
0.905 0.458 0 0.005
0.905 0.603 0 0.005
0.905 0.894 0 0.005
0.906 0.223 0 0.005
0.906 0.316 0 0.005
0.906 0.548 0 0.005
0.906 0.637 0 0.005
0.906 0.844 0 0.005
0.907 0.257 0 0.005
0.907 0.298 0 0.005
0.907 0.932 0 0.005
0.908 0.027 0 0.005
0.908 0.379 0 0.005
0.908 0.443 0 0.005
0.908 0.501 0 0.005
0.908 0.914 0 0.005
0.909 0.164 0 0.005
0.91 0.11 0 0.005
0.91 0.337 0 0.005
0.91 0.702 0 0.005
0.911 0.008 0 0.005
0.912 0.094 0 0.005
0.912 0.286 0 0.005
0.913 0.179 0 0.005
0.913 0.566 0 0.005
0.913 0.597 0 0.005
0.913 0.857 0 0.005
0.913 0.963 0 0.005
0.913 0.0004166666666666667 0 0.005
0.914 0.9967708333333334 0 0.005
0.915 0.266 0 0.005
0.915 0.583 0 0.005
0.916 0.14 0 0.005
0.916 0.534 0 0.005
0.917 0.935 0 0.005
0.918 0.048 0 0.005
0.918 0.154 0 0.005
0.918 0.212 0 0.005
0.918 0.463 0 0.005
0.918 0.616 0 0.005
0.918 0.682 0 0.005
0.918 0.779 0 0.005
0.919 0.753 0 0.005
0.92 0.659 0 0.005
0.92 0.949 0 0.005
0.921 0.017 0 0.005
0.922 0.521 0 0.005
0.923 0.065 0 0.005
0.923 0.293 0 0.005
0.923 0.369 0 0.005
0.923 0.475 0 0.005
0.923 0.594 0 0.005
0.923 0.604 0 0.005
0.924 0.196 0 0.005
0.924 0.701 0 0.005
0.925 0.0008095238095238096 0 0.005
0.925 0.039 0 0.005
0.925 0.646 0 0.005
0.925 0.849 0 0.005
0.926 0.09 0 0.005
0.926 0.108 0 0.005
0.927 0.331 0 0.005
0.927 0.419 0 0.005
0.927 0.538 0 0.005
0.928 0.122 0 0.005
0.928 0.184 0 0.005
0.928 0.929 0 0.005
0.929 0.226 0 0.005
0.929 0.621 0 0.005
0.929 0.791 0 0.005
0.929 0.813 0 0.005
0.93 0.151 0 0.005
0.93 0.632 0 0.005
0.93 0.667 0 0.005
0.93 0.768 0 0.005
0.93 0.961 0 0.005
0.931 0.254 0 0.005
0.931 0.879 0 0.005
0.931 0.942 0 0.005
0.932 0.301 0 0.005
0.932 0.489 0 0.005
0.932 0.722 0 0.005
0.932 0.779 0 0.005
0.933 0.022 0 0.005
0.933 0.379 0 0.005
0.933 0.407 0 0.005
0.933 0.838 0 0.005
0.934 0.397 0 0.005
0.934 0.746 0 0.005
0.934 0.908 0 0.005
0.935 0.862 0 0.005
0.936 0.464 0 0.005
0.936 0.476 0 0.005
0.936 0.578 0 0.005
0.937 0.0022291666666666666 0 0.005
0.937 0.594 0 0.005
0.937 0.61 0 0.005
0.938 0.24 0 0.005
0.938 0.796 0 0.005
0.938 0.951 0 0.005
0.939 0.168 0 0.005
0.939 0.324 0 0.005
0.939 0.543 0 0.005
0.939 0.676 0 0.005
0.94 0.097 0 0.005
0.941 0.033 0 0.005
0.941 0.118 0 0.005
0.941 0.253 0 0.005
0.941 0.314 0 0.005
0.941 0.418 0 0.005
0.941 0.434 0 0.005
0.941 0.623 0 0.005
0.941 0.754 0 0.005
0.941 0.941 0 0.005
0.942 0.456 0 0.005
0.942 0.895 0 0.005
0.943 0.726 0 0.005
0.944 0.135 0 0.005
0.944 0.843 0 0.005
0.944 0.875 0 0.005
0.944 0.908 0 0.005
0.945 0.514 0 0.005
0.945 0.708 0 0.005
0.945 0.773 0 0.005
0.946 0.071 0 0.005
0.946 0.187 0 0.005
0.946 0.375 0 0.005
0.946 0.395 0 0.005
0.946 0.636 0 0.005
0.946 0.657 0 0.005
0.946 0.825 0 0.005
0.947 0.082 0 0.005
0.948 0.47 0 0.005
0.948 0.97 0 0.005
0.949 0.279 0 0.005
0.949 0.61 0 0.005
0.95 0.428 0 0.005
0.951 0.3 0 0.005
0.952 0.345 0 0.005
0.952 0.952 0 0.005
0.952 0.983 0 0.005
0.953 0.107 0 0.005
0.953 0.598 0 0.005
0.953 0.885 0 0.005
0.954 0.86 0 0.005
0.954 0.933 0 0.005
0.955 0.058 0 0.005
0.955 0.741 0 0.005
0.955 0.81 0 0.005
0.955 0.922 0 0.005
0.956 0.397 0 0.005
0.956 0.486 0 0.005
0.957 0.145 0 0.005
0.957 0.318 0 0.005
0.957 0.666 0 0.005
0.958 0.014 0 0.005
0.958 0.273 0 0.005
0.958 0.522 0 0.005
0.958 0.538 0 0.005
0.959 0.382 0 0.005
0.959 0.723 0 0.005
0.96 0.245 0 0.005
0.96 0.257 0 0.005
0.96 0.791 0 0.005
0.96 0.989 0 0.005
0.961 0.088 0 0.005
0.961 0.178 0 0.005
0.961 0.358 0 0.005
0.961 0.821 0 0.005
0.961 0.908 0 0.005
0.962 0.117 0 0.005
0.962 0.457 0 0.005
0.963 0.213 0 0.005
0.964 0.05 0 0.005
0.964 0.159 0 0.005
0.964 0.592 0 0.005
0.965 0.468 0 0.005
0.965 0.809 0 0.005
0.965 0.893 0 0.005
0.966 0.687 0 0.005
0.967 0.004 0 0.005
0.967 0.309 0 0.005
0.967 0.852 0 0.005
0.968 0.106 0 0.005
0.968 0.552 0 0.005
0.969 0.567 0 0.005
0.97 0.249 0 0.005
0.97 0.388 0 0.005
0.97 0.403 0 0.005
0.97 0.445 0 0.005
0.97 0.933 0 0.005
0.971 0.028 0 0.005
0.971 0.268 0 0.005
0.971 0.297 0 0.005
0.971 0.351 0 0.005
0.971 0.643 0 0.005
0.971 0.784 0 0.005
0.972 0.095 0 0.005
0.972 0.206 0 0.005
0.972 0.22 0 0.005
0.972 0.959 0 0.005
0.973 0.479 0 0.005
0.973 0.495 0 0.005
0.973 0.763 0 0.005
0.973 0.911 0 0.005
0.974 0.702 0 0.005
0.975 0.325 0 0.005
0.975 0.454 0 0.005
0.976 0.045 0 0.005
0.976 0.142 0 0.005
0.976 0.233 0 0.005
0.976 0.466 0 0.005
0.976 0.592 0 0.005
0.976 0.669 0 0.005
0.977 0.559 0 0.005
0.977 0.573 0 0.005
0.977 0.829 0 0.005
0.978 0.531 0 0.005
0.978 0.866 0 0.005
0.979 0.0022291666666666666 0 0.005
0.98 0.261 0 0.005
0.98 0.31 0 0.005
0.98 0.382 0 0.005
0.98 0.614 0 0.005
0.98 0.803 0 0.005
0.981 0.68 0 0.005
0.982 0.016 0 0.005
0.982 0.417 0 0.005
0.982 0.877 0 0.005
0.983 0.058 0 0.005
0.983 0.751 0 0.005
0.983 0.917 0 0.005
0.983 0.946 0 0.005
0.983 0.971 0 0.005
0.984 0.179 0 0.005
0.984 0.69 0 0.005
0.985 0.391 0 0.005
0.985 0.434 0 0.005
0.985 0.507 0 0.005
0.985 0.763 0 0.005
0.986 0.107 0 0.005
0.986 0.45 0 0.005
0.986 0.816 0 0.005
0.987 0.644 0 0.005
0.987 0.739 0 0.005
0.988 0.029 0 0.005
0.988 0.533 0 0.005
0.988 0.958 0 0.005
0.989 0.36 0 0.005
0.99 0.044 0 0.005
0.99 0.195 0 0.005
0.99 0.206 0 0.005
0.991 0.077 0 0.005
0.991 0.163 0 0.005
0.991 0.718 0 0.005
0.992 0.309 0 0.005
0.992 0.898 0 0.005
0.991 0.0 0 0.005
0.993 0.24 0 0.005
0.993 0.341 0 0.005
0.993 0.476 0 0.005
0.993 0.924 0 0.005
0.994 0.138 0 0.005
0.994 0.15 0 0.005
0.994 0.624 0 0.005
0.995 0.012 0 0.005
0.995 0.987 0 0.005
0.9956875 0.372 0 0.005
0.9956875 0.409 0 0.005
0.9956875 0.574 0 0.005
0.9956875 0.834 0 0.005
0.996280701754386 0.393 0 0.005
0.996280701754386 0.595 0 0.005
0.996280701754386 0.797 0 0.005
0.9967708333333334 0.95 0 0.005
0.9972564102564103 0.349 0 0.005
0.9972564102564103 0.888 0 0.005
0.9977333333333334 0.054 0 0.005
0.99764 0.9963200000000001 0 0.005
0.9981904761904762 0.257 0 0.005
0.9981904761904762 0.44 0 0.005
0.9981904761904762 0.542 0 0.005
0.9981904761904762 0.77 0 0.005
0.9981904761904762 0.821 0 0.005
0.9985833333333334 0.31 0 0.005
0.9985833333333334 0.52 0 0.005
0.9985833333333334 0.733 0 0.005
0.9985833333333334 0.785 0 0.005
0.9985833333333334 0.866 0 0.005
0.999 0.155 0 0.005
0.999 0.476 0 0.005
0.999 0.582 0 0.005
0.999 0.604 0 0.005
0.999 0.965 0 0.005
