0.005 0.381 0 0.005
0.0027746478873239434 0.477 0 0.005
0.005 0.54 0 0.005
0.005 0.932 0 0.005
0.006 0.598 0 0.005
0.007 0.581 0 0.005
0.009 0.311 0 0.005
0.009 0.846 0 0.005
0.0155 0.0645 0 0.005
0.017 0.722 0 0.005
0.017 0.919 0 0.005
0.018 0.864 0 0.005
0.019 0.253 0 0.005
0.019 0.66 0 0.005
0.02 0.953 0 0.005
0.022 0.448 0 0.005
0.023 0.617 0 0.005
0.025 0.37 0 0.005
0.026 0.135 0 0.005
0.026 0.584 0 0.005
0.031 0.287 0 0.005
0.033 0.314 0 0.005
0.033 0.986 0 0.005
0.036 0.482 0 0.005
0.041 0.92 0 0.005
0.042 0.162 0 0.005
0.042 0.76 0 0.005
0.043 0.779 0 0.005
0.046 0.245 0 0.005
0.048 0.401 0 0.005
0.049 0.91 0 0.005
0.051 0.345 0 0.005
0.051 0.613 0 0.005
0.055 0.083 0 0.005
0.056 0.732 0 0.005
0.06 0.599 0 0.005
0.061 0.39 0 0.005
0.061 0.795 0 0.005
0.062 0.191 0 0.005
0.063 0.841 0 0.005
0.067 0.137 0 0.005
0.069 0.309 0 0.005
0.075 0.6 0 0.005
0.082 0.779 0 0.005
0.083 0.544 0 0.005
0.083 0.911 0 0.005
0.084 0.994 0 0.005
0.087 0.274 0 0.005
0.09 0.051 0 0.005
0.09 0.57 0 0.005
0.093 0.493 0 0.005
0.097 0.138 0 0.005
0.097 0.697 0 0.005
0.098 0.174 0 0.005
0.101 0.555 0 0.005
0.103 0.099 0 0.005
0.103 0.945 0 0.005
0.105 0.889 0 0.005
0.107 0.027 0 0.005
0.108 0.013 0 0.005
0.108 0.926 0 0.005
0.11 0.783 0 0.005
0.111 0.039 0 0.005
0.114 0.565 0 0.005
0.117 0.635 0 0.005
0.119 0.334 0 0.005
0.12 0.849 0 0.005
0.122 0.929 0 0.005
0.132 0.005 0 0.005
0.134 0.955 0 0.005
0.136 0.266 0 0.005
0.151 0.6435 0 0.005
0.151 0.099 0 0.005
0.153 0.246 0 0.005
0.153 0.531 0 0.005
0.153 0.577 0 0.005
0.153 0.856 0 0.005
0.16 0.548 0 0.005
0.162 0.665 0 0.005
0.164 0.143 0 0.005
0.164 0.825 0 0.005
0.166 0.233 0 0.005
0.166 0.513 0 0.005
0.168 0.018 0 0.005
0.171 0.731 0 0.005
0.171 0.954 0 0.005
0.175 0.223 0 0.005
0.189 0.637 0 0.005
0.193 0.618 0 0.005
0.196 0.886 0 0.005
0.2 0.22 0 0.005
0.2 0.563 0 0.005
0.203 0.582 0 0.005
0.205 0.624 0 0.005
0.206 0.047 0 0.005
0.206 0.083 0 0.005
0.208 0.284 0 0.005
0.209 0.441 0 0.005
0.212 0.394 0 0.005
0.214 0.128 0 0.005
0.214 0.676 0 0.005
0.218 0.912 0 0.005
0.219 0.164 0 0.005
0.222 0.728 0 0.005
0.223 0.88 0 0.005
0.226 0.128 0 0.005
0.226 0.395 0 0.005
0.228 0.1 0 0.005
0.229 0.551 0 0.005
0.23 0.934 0 0.005
0.234 0.033 0 0.005
0.235 0.185 0 0.005
0.236 0.362 0 0.005
0.237 0.716 0 0.005
0.238 0.518 0 0.005
0.24 0.207 0 0.005
0.245 0.241 0 0.005
0.247 0.663 0 0.005
0.248 0.443 0 0.005
0.252 0.112 0 0.005
0.253 0.038 0 0.005
0.255 0.366 0 0.005
0.257 0.428 0 0.005
0.257 0.912 0 0.005
0.259 0.343 0 0.005
0.259 0.755 0 0.005
0.261 0.204 0 0.005
0.261 0.729 0 0.005
0.263 0.09 0 0.005
0.264 0.249 0 0.005
0.266 0.174 0 0.005
0.266 0.654 0 0.005
0.267 0.949 0 0.005
0.271 0.391 0 0.005
0.272 0.356 0 0.005
0.276 0.458 0 0.005
0.277 0.204 0 0.005
0.277 0.23 0 0.005
0.278 0.316 0 0.005
0.279 0.014 0 0.005
0.279 0.292 0 0.005
0.279 0.487 0 0.005
0.28 0.5 0 0.005
0.282 0.902 0 0.005
0.283 0.163 0 0.005
0.284 0.827 0 0.005
0.286 0.427 0 0.005
0.29 0.962 0 0.005
0.292 0.625 0 0.005
0.298 0.568 0 0.005
0.302 0.325 0 0.005
0.302 0.408 0 0.005
0.309 0.753 0 0.005
0.31 0.194 0 0.005
0.312 0.477 0 0.005
0.317 0.596 0 0.005
0.322 0.86 0 0.005
0.323 0.522 0 0.005
0.325 0.394 0 0.005
0.326 0.276 0 0.005
0.327 0.828 0 0.005
0.328 0.685 0 0.005
0.336 0.608 0 0.005
0.336 0.911 0 0.005
0.337 0.142 0 0.005
0.338 0.555 0 0.005
0.338 0.857 0 0.005
0.343 0.988 0 0.005
0.344 0.893 0 0.005
0.347 0.967 0 0.005
0.35 0.387 0 0.005
0.35 0.867 0 0.005
0.355 0.757 0 0.005
0.355 0.938 0 0.005
0.357 0.024 0 0.005
0.359 0.088 0 0.005
0.361 0.285 0 0.005
0.362 0.23 0 0.005
0.364 0.626 0 0.005
0.368 0.712 0 0.005
0.369 0.047 0 0.005
0.369 0.805 0 0.005
0.37 0.331 0 0.005
0.376 0.778 0 0.005
0.379 0.103 0 0.005
0.379 0.462 0 0.005
0.382 0.335 0 0.005
0.387 0.287 0 0.005
0.39 0.536 0 0.005
0.393 0.269 0 0.005
0.394 0.573 0 0.005
0.394 0.679 0 0.005
0.396 0.207 0 0.005
0.398 0.517 0 0.005
0.4 0.994656862745098 0 0.005
0.401 0.888 0 0.005
0.405 0.113 0 0.005
0.406 0.086 0 0.005
0.41 0.053 0 0.005
0.412 0.925 0 0.005
0.421 0.779 0 0.005
0.424 0.437 0 0.005
0.426 0.099 0 0.005
0.428 0.219 0 0.005
0.428 0.328 0 0.005
0.434 0.676 0 0.005
0.435 0.159 0 0.005
0.436 0.851 0 0.005
0.438 0.259 0 0.005
0.44 0.11 0 0.005
0.441 0.78 0 0.005
0.445 0.638 0 0.005
0.446 0.17 0 0.005
0.45 0.407 0 0.005
0.462 0.821 0 0.005
0.471 0.696 0 0.005
0.471 0.95 0 0.005
0.471 0.97 0 0.005
0.472 0.494 0 0.005
0.472 0.907 0 0.005
0.474 0.259 0 0.005
0.474 0.434 0 0.005
0.474 0.844 0 0.005
0.476 0.77 0 0.005
0.477 0.463 0 0.005
0.478 0.73 0 0.005
0.482 0.507 0 0.005
0.483 0.058 0 0.005
0.483 0.245 0 0.005
0.486 0.131 0 0.005
0.49 0.209 0 0.005
0.491 0.992 0 0.005
0.494 0.84 0 0.005
0.5 0.973 0 0.005
0.501 0.385 0 0.005
0.504 0.19 0 0.005
0.507 0.716 0 0.005
0.51 0.468 0 0.005
0.511 0.556 0 0.005
0.511 0.704 0 0.005
0.514 0.669 0 0.005
0.515 0.011 0 0.005
0.515 0.844 0 0.005
0.52 0.685 0 0.005
0.524 0.791 0 0.005
0.528 0.484 0 0.005
0.532 0.939 0 0.005
0.535 0.359 0 0.005
0.541 0.8 0 0.005
0.55 0.033 0 0.005
0.553 0.894 0 0.005
0.555 0.918 0 0.005
0.556 0.822 0 0.005
0.564 0.465 0 0.005
0.564 0.749 0 0.005
0.568 0.447 0 0.005
0.57 0.171 0 0.005
0.572 0.685 0 0.005
0.575 0.053 0 0.005
0.576 0.843 0 0.005
0.577 0.297 0 0.005
0.58 0.825 0 0.005
0.581 0.237 0 0.005
0.585 0.504 0 0.005
0.586 0.16 0 0.005
0.586 0.41 0 0.005
0.588 0.733 0 0.005
0.591 0.746 0 0.005
0.594 0.968 0 0.005
0.596 0.538 0 0.005
0.602 0.908 0 0.005
0.603 0.724 0 0.005
0.608 0.459 0 0.005
0.61 0.027 0 0.005
0.61 0.941 0 0.005
0.615 0.714 0 0.005
0.623 0.67 0 0.005
0.624 0.542 0 0.005
0.626 0.02 0 0.005
0.626 0.191 0 0.005
0.626 0.462 0 0.005
0.627 0.443 0 0.005
0.627 0.772 0 0.005
0.631 0.754 0 0.005
0.633 0.007 0 0.005
0.633 0.407 0 0.005
0.641 0.652 0 0.005
0.641 0.706 0 0.005
0.642 0.091 0 0.005
0.648 0.407 0 0.005
0.654 0.193 0 0.005
0.654 0.801 0 0.005
0.656 0.518 0 0.005
0.657 0.641 0 0.005
0.66 0.106 0 0.005
0.66 0.858 0 0.005
0.664 0.768 0 0.005
0.67 0.676 0 0.005
0.673 0.373 0 0.005
0.676 0.485 0 0.005
0.679 0.814 0 0.005
0.68 0.387 0 0.005
0.686 0.698 0 0.005
0.689 0.228 0 0.005
0.691 0.55 0 0.005
0.696 0.105 0 0.005
0.696 0.738 0 0.005
0.699 0.299 0 0.005
0.702 0.916 0 0.005
0.704 0.263 0 0.005
0.706 0.72 0 0.005
0.712 0.356 0 0.005
0.714 0.799 0 0.005
0.715 0.485 0 0.005
0.721 0.272 0 0.005
0.721 0.919 0 0.005
0.723 0.02 0 0.005
0.724 0.672 0 0.005
0.729 0.4 0 0.005
0.733 0.00434313725490196 0 0.005
0.733 0.123 0 0.005
0.734 0.885 0 0.005
0.74 0.853 0 0.005
0.744 0.414 0 0.005
0.744 0.761 0 0.005
0.745 0.4 0 0.005
0.748 0.01 0 0.005
0.751 0.083 0 0.005
0.751 0.835 0 0.005
0.752 0.257 0 0.005
0.753 0.551 0 0.005
0.754 0.039 0 0.005
0.756 0.193 0 0.005
0.756 0.387 0 0.005
0.759 0.451 0 0.005
0.759 0.748 0 0.005
0.761 0.659 0 0.005
0.761 0.683 0 0.005
0.762 0.215 0 0.005
0.764 0.902 0 0.005
0.765 0.89 0 0.005
0.766 0.51 0 0.005
0.769 0.124 0 0.005
0.775 0.33 0 0.005
0.777 0.181 0 0.005
0.778 0.398 0 0.005
0.78 0.615 0 0.005
0.782 0.791 0 0.005
0.789 0.635 0 0.005
0.792 0.029 0 0.005
0.792 0.413 0 0.005
0.795 0.939 0 0.005
0.796 0.308 0 0.005
0.8 0.292 0 0.005
0.801 0.715 0 0.005
0.801 0.9 0 0.005
0.803 0.75 0 0.005
0.807 0.403 0 0.005
0.808 0.495 0 0.005
0.812 0.731 0 0.005
0.817 0.088 0 0.005
0.818 0.651 0 0.005
0.819 0.664 0 0.005
0.822 0.975 0 0.005
0.823 0.602 0 0.005
0.825 0.346 0 0.005
0.825 0.796 0 0.005
0.834 0.068 0 0.005
0.835 0.642 0 0.005
0.837 0.922 0 0.005
0.84 0.135 0 0.005
0.843 0.865 0 0.005
0.844 0.507 0 0.005
0.845 0.671 0 0.005
0.845 0.777 0 0.005
0.846 0.631 0 0.005
0.855 0.954 0 0.005
0.86 0.745 0 0.005
0.863 0.258 0 0.005
0.863 0.94 0 0.005
0.863 0.991 0 0.005
0.864 0.87 0 0.005
0.87 0.574 0 0.005
0.874 0.283 0 0.005
0.882 0.87 0 0.005
0.884 0.042 0 0.005
0.888 0.925 0 0.005
0.889 0.804 0 0.005
0.889 0.952 0 0.005
0.891 0.332 0 0.005
0.895 0.16 0 0.005
0.895 0.602 0 0.005
0.898 0.518 0 0.005
0.898 0.898 0 0.005
0.902 0.277 0 0.005
0.903 0.422 0 0.005
0.907 0.576 0 0.005
0.909 0.475 0 0.005
0.909 0.764 0 0.005
0.912 0.379 0 0.005
0.914 0.597 0 0.005
0.915 0.395 0 0.005
0.917 0.664 0 0.005
0.919 0.32 0 0.005
0.919 0.714 0 0.005
0.919 0.887 0 0.005
0.921 0.241 0 0.005
0.922 0.352 0 0.005
0.923 0.509 0 0.005
0.926 0.945 0 0.005
0.928 0.559 0 0.005
0.928 0.585 0 0.005
0.929 0.141 0 0.005
0.932 0.664 0 0.005
0.937 0.613 0 0.005
0.937 0.889 0 0.005
0.937 0.905 0 0.005
0.941 0.11 0 0.005
0.947 0.16 0 0.005
0.952 0.425 0 0.005
0.953 0.69 0 0.005
0.956 0.96 0 0.005
0.957 0.12 0 0.005
0.959 0.375 0 0.005
0.959 0.887 0 0.005
0.963 0.449 0 0.005
0.967 0.322 0 0.005
0.976 0.154 0 0.005
0.976 0.514 0 0.005
0.978 0.129 0 0.005
0.978 0.628 0 0.005
0.979 0.205 0 0.005
0.982 0.033 0 0.005
0.986 0.884 0 0.005
0.987 0.555 0 0.005
0.991 0.411 0 0.005
0.994 0.12 0 0.005
0.994 0.71 0 0.005
0.9952365591397849 0.747 0 0.005
0.9957317073170732 0.786 0 0.005
