0.006 0.256 0 0.005
0.007 0.624 0 0.005
0.011 0.284 0 0.005
0.024 0.533 0 0.005
0.027 0.657 0 0.005
0.032 0.689 0 0.005
0.043 0.427 0 0.005
0.049 0.27 0 0.005
0.049 0.358 0 0.005
0.053 0.811 0 0.005
0.07 0.466 0 0.005
0.071 0.325 0 0.005
0.078 0.491 0 0.005
0.108 0.718 0 0.005
0.11 0.55 0 0.005
0.113 0.634 0 0.005
0.118 0.223 0 0.005
0.122 0.467 0 0.005
0.123 0.657 0 0.005
0.126 0.862 0 0.005
0.127 0.94 0 0.005
0.131 0.00434313725490196 0 0.005
0.139 0.072 0 0.005
0.145 0.223 0 0.005
0.147 0.046 0 0.005
0.149 0.489 0 0.005
0.154 0.844 0 0.005
0.173 0.117 0 0.005
0.174 0.498 0 0.005
0.174 0.639 0 0.005
0.175 0.227 0 0.005
0.176 0.477 0 0.005
0.184 0.079 0 0.005
0.193 0.273 0 0.005
0.197 0.912 0 0.005
0.199 0.465 0 0.005
0.202 0.392 0 0.005
0.21 0.005 0 0.005
0.217 0.939 0 0.005
0.219 0.306 0 0.005
0.228 0.454 0 0.005
0.229 0.232 0 0.005
0.23 0.626 0 0.005
0.231 0.557 0 0.005
0.236 0.371 0 0.005
0.237 0.147 0 0.005
0.247 0.196 0 0.005
0.257 0.845 0 0.005
0.267 0.624 0 0.005
0.268 0.858 0 0.005
0.285 0.112 0 0.005
0.288 0.263 0 0.005
0.299 0.123 0 0.005
0.305 0.503 0 0.005
0.31 0.738 0 0.005
0.324 0.57 0 0.005
0.344 0.555 0 0.005
0.347 0.517 0 0.005
0.353 0.925 0 0.005
0.357 0.378 0 0.005
0.357 0.451 0 0.005
0.361 0.633 0 0.005
0.367 0.697 0 0.005
0.372 0.005 0 0.005
0.373 0.664 0 0.005
0.377 0.629 0 0.005
0.38 0.054 0 0.005
0.381 0.996225352112676 0 0.005
0.384 0.315 0 0.005
0.391 0.696 0 0.005
0.396 0.934 0 0.005
0.397 0.991 0 0.005
0.403 0.463 0 0.005
0.403 0.592 0 0.005
0.407 0.276 0 0.005
0.408 0.138 0 0.005
0.414 0.496 0 0.005
0.417 0.241 0 0.005
0.422 0.31 0 0.005
0.423 0.439 0 0.005
0.427 0.402 0 0.005
0.428 0.859 0 0.005
0.429 0.479 0 0.005
0.44 0.287 0 0.005
0.44 0.339 0 0.005
0.441 0.892 0 0.005
0.448 0.938 0 0.005
0.457 0.187 0 0.005
0.469 0.486 0 0.005
0.471 0.239 0 0.005
0.473 0.094 0 0.005
0.478 0.368 0 0.005
0.48 0.605 0 0.005
0.504 0.575 0 0.005
0.509 0.98 0 0.005
0.516 0.716 0 0.005
0.52 0.646 0 0.005
0.525 0.023 0 0.005
0.539 0.258 0 0.005
0.539 0.336 0 0.005
0.542 0.072 0 0.005
0.549 0.815 0 0.005
0.55 0.228 0 0.005
0.552 0.429 0 0.005
0.553 0.41 0 0.005
0.559 0.637 0 0.005
0.573 0.289 0 0.005
0.574 0.857 0 0.005
0.577 0.946 0 0.005
0.582 0.207 0 0.005
0.583 0.872 0 0.005
0.589 0.673 0 0.005
0.594 0.371 0 0.005
0.61 0.155 0 0.005
0.617 0.224 0 0.005
0.623 0.153 0 0.005
0.632 0.503 0 0.005
0.634 0.231 0 0.005
0.636 0.286 0 0.005
0.639 0.574 0 0.005
0.642 0.603 0 0.005
0.647 0.438 0 0.005
0.658 0.786 0 0.005
0.669 0.232 0 0.005
0.689 0.628 0 0.005
0.705 0.683 0 0.005
0.706 0.086 0 0.005
0.711 0.521 0 0.005
0.719 0.836 0 0.005
0.721 0.684 0 0.005
0.722 0.992 0 0.005
0.725 0.261 0 0.005
0.73 0.853 0 0.005
0.733 0.389 0 0.005
0.742 0.544 0 0.005
0.742 0.71 0 0.005
0.743 0.567 0 0.005
0.747 0.401 0 0.005
0.765 0.879 0 0.005
0.776 0.073 0 0.005
0.78 0.649 0 0.005
0.788 0.45 0 0.005
0.791 0.27 0 0.005
0.8 0.92 0 0.005
0.813 0.715 0 0.005
0.817 0.336 0 0.005
0.818 0.116 0 0.005
0.832 0.316 0 0.005
0.837 0.549 0 0.005
0.843 0.093 0 0.005
0.85 0.025 0 0.005
0.859 0.167 0 0.005
0.865 0.012 0 0.005
0.871 0.672 0 0.005
0.878 0.438 0 0.005
0.895 0.452 0 0.005
0.895 0.917 0 0.005
0.909 0.34 0 0.005
0.917 0.962 0 0.005
0.928 0.937 0 0.005
0.929 0.298 0 0.005
0.93 0.811 0 0.005
0.931 0.693 0 0.005
0.936 0.652 0 0.005
0.94 0.734 0 0.005
0.949 0.262 0 0.005
0.95 0.653 0 0.005
0.955 0.317 0 0.005
0.962 0.658 0 0.005
0.962 0.983 0 0.005
0.963 0.401 0 0.005
0.974 0.039 0 0.005
0.977 0.858 0 0.005
0.979 0.291 0 0.005
0.987 0.44 0 0.005
0.993 0.965 0 0.005
0.994656862745098 0.007 0 0.005
