0.005 0.405 0 0.005
0.00434313725490196 0.43 0 0.005
0.00434313725490196 0.95 0 0.005
0.008 0.347 0 0.005
0.01 0.549 0 0.005
0.012 0.776 0 0.005
0.012 0.99 0 0.005
0.013 0.084 0 0.005
0.015 0.0022833333333333334 0 0.005
0.016 0.145 0 0.005
0.017 0.735 0 0.005
0.021 0.582 0 0.005
0.027 0.745 0 0.005
0.032 0.364 0 0.005
0.033 0.414 0 0.005
0.038 0.28 0 0.005
0.039 0.073 0 0.005
0.039 0.806 0 0.005
0.043 0.533 0 0.005
0.044 0.696 0 0.005
0.044 0.996225352112676 0 0.005
0.045 0.407 0 0.005
0.049 0.358 0 0.005
0.053 0.879 0 0.005
0.057 0.948 0 0.005
0.06 0.477 0 0.005
0.061 0.033 0 0.005
0.061 0.91 0 0.005
0.068 0.799 0 0.005
0.071 0.349 0 0.005
0.074 0.305 0 0.005
0.074 0.548 0 0.005
0.075 0.762 0 0.005
0.079 0.192 0 0.005
0.079 0.36 0 0.005
0.08 0.656 0 0.005
0.081 0.749 0 0.005
0.085 0.715 0 0.005
0.086 0.939 0 0.005
0.094 0.884 0 0.005
0.095 0.556 0 0.005
0.097 0.119 0 0.005
0.098 0.614 0 0.005
0.101 0.23 0 0.005
0.101 0.575 0 0.005
0.101 0.828 0 0.005
0.103 0.413 0 0.005
0.108 0.722 0 0.005
0.111 0.775 0 0.005
0.112 0.308 0 0.005
0.113 0.096 0 0.005
0.114 0.865 0 0.005
0.117 0.355 0 0.005
0.117 0.747 0 0.005
0.121 0.376 0 0.005
0.122 0.46 0 0.005
0.13 0.901 0 0.005
0.131 0.954 0 0.005
0.132 0.475 0 0.005
0.135 0.291 0 0.005
0.137 0.776 0 0.005
0.14 0.819 0 0.005
0.143 0.352 0 0.005
0.144 0.432 0 0.005
0.144 0.933 0 0.005
0.15 0.723 0 0.005
0.152 0.163 0 0.005
0.153 0.805 0 0.005
0.157 0.408 0 0.005
0.164 0.1 0 0.005
0.165 0.949 0 0.005
0.168 0.575 0 0.005
0.168 0.711 0 0.005
0.17 0.068 0 0.005
0.174 0.2755 0 0.005
0.175 0.979 0 0.005
0.181 0.059 0 0.005
0.181 0.598 0 0.005
0.185 0.334 0 0.005
0.186 0.1 0 0.005
0.187 0.68 0 0.005
0.188 0.452 0 0.005
0.191 0.482 0 0.005
0.194 0.006 0 0.005
0.194 0.204 0 0.005
0.196 0.552 0 0.005
0.198 0.231 0 0.005
0.198 0.384 0 0.005
0.201 0.027 0 0.005
0.201 0.895 0 0.005
0.202 0.408 0 0.005
0.205 0.538 0 0.005
0.21 0.915 0 0.005
0.211 0.332 0 0.005
0.213 0.769 0 0.005
0.214 0.178 0 0.005
0.214 0.227 0 0.005
0.222 0.503 0 0.005
0.223 0.24 0 0.005
0.224 0.415 0 0.005
0.227 0.96 0 0.005
0.23 0.476 0 0.005
0.233 0.512 0 0.005
0.234 0.303 0 0.005
0.236 0.628 0 0.005
0.236 0.784 0 0.005
0.241 0.343 0 0.005
0.243 0.845 0 0.005
0.246 0.889 0 0.005
0.249 0.807 0 0.005
0.251 0.29 0 0.005
0.255 0.832 0 0.005
0.258 0.333 0 0.005
0.262 0.395 0 0.005
0.263 0.714 0 0.005
0.267 0.677 0 0.005
0.268 0.75 0 0.005
0.27 0.821 0 0.005
0.271 0.992 0 0.005
0.272 0.321 0 0.005
0.272 0.875 0 0.005
0.273 0.581 0 0.005
0.274 0.023 0 0.005
0.274 0.762 0 0.005
0.275 0.4 0 0.005
0.276 0.903 0 0.005
0.28 0.073 0 0.005
0.284 0.342 0 0.005
0.284 0.9967166666666667 0 0.005
0.285 0.098 0 0.005
0.288 0.308 0 0.005
0.289 0.365 0 0.005
0.29 0.96 0 0.005
0.291 0.641 0 0.005
0.296 0.257 0 0.005
0.298 0.505 0 0.005
0.299 0.291 0 0.005
0.299 0.712 0 0.005
0.301 0.629 0 0.005
0.302 0.73 0 0.005
0.304 0.488 0 0.005
0.306 0.522 0 0.005
0.306 0.937 0 0.005
0.309 0.344 0 0.005
0.311 0.69 0 0.005
0.313 0.026 0 0.005
0.313 0.445 0 0.005
0.314 0.607 0 0.005
0.315 0.541 0 0.005
0.317 0.996225352112676 0 0.005
0.318 0.955 0 0.005
0.323 0.2 0 0.005
0.323 0.715 0 0.005
0.323 0.971 0 0.005
0.324 0.263 0 0.005
0.324 0.406 0 0.005
0.325 0.501 0 0.005
0.326 0.879 0 0.005
0.329 0.867 0 0.005
0.339 0.899 0 0.005
0.34 0.575 0 0.005
0.34 0.714 0 0.005
0.342 0.373 0 0.005
0.346 0.808 0 0.005
0.348 0.288 0 0.005
0.353 0.566 0 0.005
0.354 0.211 0 0.005
0.354 0.632 0 0.005
0.355 0.929 0 0.005
0.359 0.431 0 0.005
0.361 0.68 0 0.005
0.361 0.956 0 0.005
0.363 0.48 0 0.005
0.364 0.161 0 0.005
0.364 0.535 0 0.005
0.365 0.755 0 0.005
0.365 0.867 0 0.005
0.366 0.032 0 0.005
0.366 0.133 0 0.005
0.367 0.59 0 0.005
0.367 0.883 0 0.005
0.37 0.57 0 0.005
0.374 0.336 0 0.005
0.376 0.659 0 0.005
0.381 0.27 0 0.005
0.384 0.598 0 0.005
0.384 0.877 0 0.005
0.386 0.625 0 0.005
0.388 0.818 0 0.005
0.397 0.994 0 0.005
0.402 0.077 0 0.005
0.403 0.449 0 0.005
0.404 0.537 0 0.005
0.406 0.505 0 0.005
0.412 0.145 0 0.005
0.417 0.381 0 0.005
0.417 0.519 0 0.005
0.42 0.536 0 0.005
0.421 0.4 0 0.005
0.422 0.702 0 0.005
0.425 0.293 0 0.005
0.43 0.825 0 0.005
0.434 0.895 0 0.005
0.435 0.427 0 0.005
0.437 0.58 0 0.005
0.438 0.207 0 0.005
0.442 0.151 0 0.005
0.443 0.133 0 0.005
0.448 0.603 0 0.005
0.45 0.492 0 0.005
0.451 0.823 0 0.005
0.455 0.705 0 0.005
0.461 0.471 0 0.005
0.461 0.725 0 0.005
0.471 0.052 0 0.005
0.471 0.619 0 0.005
0.472 0.758 0 0.005
0.473 0.1 0 0.005
0.473 0.327 0 0.005
0.474 0.444 0 0.005
0.477 0.262 0 0.005
0.477 0.606 0 0.005
0.481 0.079 0 0.005
0.482 0.206 0 0.005
0.484 0.044 0 0.005
0.488 0.67 0 0.005
0.489 0.098 0 0.005
0.493 0.288 0 0.005
0.493 0.835 0 0.005
0.494 0.904 0 0.005
0.495 0.019 0 0.005
0.496 0.638 0 0.005
0.497 0.936 0 0.005
0.501 0.501 0 0.005
0.501 0.788 0 0.005
0.503 0.659 0 0.005
0.512 0.139 0 0.005
0.519 0.59 0 0.005
0.528 0.19 0 0.005
0.528 0.208 0 0.005
0.528 0.252 0 0.005
0.53 0.736 0 0.005
0.533 0.059 0 0.005
0.533 0.563 0 0.005
0.537 0.895 0 0.005
0.538 0.347 0 0.005
0.54 0.929 0 0.005
0.541 0.00434313725490196 0 0.005
0.542 0.742 0 0.005
0.548 0.214 0 0.005
0.552 0.491 0 0.005
0.555 0.255 0 0.005
0.556 0.943 0 0.005
0.557 0.347 0 0.005
0.559 0.876 0 0.005
0.565 0.489 0 0.005
0.568 0.57 0 0.005
0.572 0.302 0 0.005
0.5785 0.464 0 0.005
0.573 0.753 0 0.005
0.574 0.272 0 0.005
0.578 0.915 0 0.005
0.579 0.694 0 0.005
0.582 0.227 0 0.005
0.583 0.837 0 0.005
0.588 0.09 0 0.005
0.589 0.55 0 0.005
0.59 0.295 0 0.005
0.59 0.741 0 0.005
0.592 0.107 0 0.005
0.592 0.151 0 0.005
0.592 0.308 0 0.005
0.593 0.275 0 0.005
0.593 0.6 0 0.005
0.593 0.679 0 0.005
0.593 0.993 0 0.005
0.603 0.456 0 0.005
0.603 0.475 0 0.005
0.609 0.505 0 0.005
0.614 0.006 0 0.005
0.616 0.122 0 0.005
0.619 0.431 0 0.005
0.622 0.614 0 0.005
0.623 0.111 0 0.005
0.624 0.685 0 0.005
0.625 0.463 0 0.005
0.625 0.7 0 0.005
0.628 0.575 0 0.005
0.633 0.989 0 0.005
0.637 0.819 0 0.005
0.641 0.43 0 0.005
0.642 0.481 0 0.005
0.642 0.686 0 0.005
0.655 0.099 0 0.005
0.658 0.833 0 0.005
0.662 0.978 0 0.005
0.669 0.928 0 0.005
0.672 0.33 0 0.005
0.676 0.603 0 0.005
0.676 0.69 0 0.005
0.677 0.76 0 0.005
0.678 0.059 0 0.005
0.679 0.399 0 0.005
0.68 0.802 0 0.005
0.687 0.815 0 0.005
0.69 0.148 0 0.005
0.69 0.414 0 0.005
0.694 0.436 0 0.005
0.696 0.538 0 0.005
0.702 0.492 0 0.005
0.704 0.568 0 0.005
0.708 0.003268292682926829 0 0.005
0.709 0.934 0 0.005
0.71 0.062 0 0.005
0.711 0.324 0 0.005
0.712 0.624 0 0.005
0.715 0.52 0 0.005
0.721 0.981 0 0.005
0.726 0.682 0 0.005
0.728 0.023 0 0.005
0.732 0.945 0 0.005
0.735 0.453 0 0.005
0.735 0.569 0 0.005
0.736 0.156 0 0.005
0.738 0.985 0 0.005
0.742 0.107 0 0.005
0.746 0.515 0 0.005
0.752 0.154 0 0.005
0.753 0.679 0 0.005
0.754 0.068 0 0.005
0.754 0.777 0 0.005
0.755 0.038 0 0.005
0.761 0.287 0 0.005
0.761 0.32 0 0.005
0.769 0.162 0 0.005
0.771 0.827 0 0.005
0.771 0.908 0 0.005
0.773 0.926 0 0.005
0.774 0.953 0 0.005
0.778 0.563 0 0.005
0.778 0.783 0 0.005
0.784 0.681 0 0.005
0.784 0.701 0 0.005
0.785 0.826 0 0.005
0.788 0.171 0 0.005
0.791 0.943 0 0.005
0.792 0.617 0 0.005
0.794 0.9967166666666667 0 0.005
0.798 0.977 0 0.005
0.801 0.756 0 0.005
0.804 0.683 0 0.005
0.805 0.184 0 0.005
0.806 0.667 0 0.005
0.808 0.643 0 0.005
0.81 0.07 0 0.005
0.811 0.212 0 0.005
0.814 0.611 0 0.005
0.814 0.754 0 0.005
0.815 0.498 0 0.005
0.817 0.476 0 0.005
0.818 0.934 0 0.005
0.823 0.249 0 0.005
0.825 0.154 0 0.005
0.825 0.374 0 0.005
0.826 0.83 0 0.005
0.829 0.47 0 0.005
0.83 0.677 0 0.005
0.831 0.026 0 0.005
0.834 0.55 0 0.005
0.837 0.17 0 0.005
0.837 0.65 0 0.005
0.838 0.12 0 0.005
0.846 0.355 0 0.005
0.847 0.535 0 0.005
0.847 0.611 0 0.005
0.857 0.037 0 0.005
0.859 0.364 0 0.005
0.859 0.792 0 0.005
0.86 0.253 0 0.005
0.86 0.726 0 0.005
0.863 0.16 0 0.005
0.867 0.535 0 0.005
0.867 0.566 0 0.005
0.871 0.349 0 0.005
0.872 0.775 0 0.005
0.877 0.827 0 0.005
0.878 0.554 0 0.005
0.879 0.4 0 0.005
0.881 0.361 0 0.005
0.885 0.105 0 0.005
0.886 0.704 0 0.005
0.889 0.092 0 0.005
0.896 0.357 0 0.005
0.897 0.961 0 0.005
0.9 0.576 0 0.005
0.9 0.604 0 0.005
0.9 0.645 0 0.005
0.9 0.807 0 0.005
0.904 0.199 0 0.005
0.906 0.624 0 0.005
0.907 0.388 0 0.005
0.907 0.877 0 0.005
0.908 0.761 0 0.005
0.909 0.899 0 0.005
0.91 0.777 0 0.005
0.914 0.579 0 0.005
0.915 0.113 0 0.005
0.917 0.453 0 0.005
0.924 0.856 0 0.005
0.926 0.988 0 0.005
0.927 0.87 0 0.005
0.929 0.649 0 0.005
0.929 0.937 0 0.005
0.936 0.428 0 0.005
0.94 0.034 0 0.005
0.946 0.129 0 0.005
0.946 0.81 0 0.005
0.947 0.535 0 0.005
0.949 0.609 0 0.005
0.95 0.503 0 0.005
0.95 0.788 0 0.005
0.952 0.015 0 0.005
0.952 0.683 0 0.005
0.954 0.623 0 0.005
0.956 0.33 0 0.005
0.957 0.933 0 0.005
0.96 0.286 0 0.005
0.96 0.299 0 0.005
0.971 0.667 0 0.005
0.971 0.75 0 0.005
0.973 0.17 0 0.005
0.975 0.052 0 0.005
0.976 0.633 0 0.005
0.983 0.359 0 0.005
0.983 0.859 0 0.005
0.987 0.434 0 0.005
0.988 0.088 0 0.005
0.994656862745098 0.887 0 0.005
0.996225352112676 0.668 0 0.005
0.9967166666666667 0.03 0 0.005
