0.0 0.008 0 0.005
0.0022291666666666666 0.06 0 0.005
0.0017435897435897436 0.092 0 0.005
0.0022291666666666666 0.13 0 0.005
0.0008095238095238096 0.156 0 0.005
0.0012666666666666666 0.229 0 0.005
0.0017435897435897436 0.249 0 0.005
0.0017435897435897436 0.36 0 0.005
0.002719298245614035 0.394 0 0.005
0.0022291666666666666 0.406 0 0.005
0.004 0.451 0 0.005
0.0033125 0.461 0 0.005
0.0033125 0.484 0 0.005
0.0033125 0.515 0 0.005
0.002719298245614035 0.546 0 0.005
0.0017435897435897436 0.556 0 0.005
0.0004166666666666667 0.6 0 0.005
0.0004166666666666667 0.617 0 0.005
0.002719298245614035 0.63 0 0.005
0.0012666666666666666 0.64 0 0.005
0.0012666666666666666 0.671 0 0.005
0.0008095238095238096 0.761 0 0.005
0.0022291666666666666 0.787 0 0.005
0.0012666666666666666 0.826 0 0.005
0.0022291666666666666 0.838 0 0.005
0.0012666666666666666 0.858 0 0.005
0.0 0.878 0 0.005
0.0033125 0.909 0 0.005
0.0 0.919 0 0.005
0.0008095238095238096 0.962 0 0.005
0.0013333333333333333 0.9968095238095238 0 0.005
0.005 0.42 0 0.005
0.005 0.726 0 0.005
0.006 0.471 0 0.005
0.006 0.589 0 0.005
0.006 0.92 0 0.005
0.007 0.336 0 0.005
0.007 0.381 0 0.005
0.007 0.569 0 0.005
0.008 0.304 0 0.005
0.008 0.534 0 0.005
0.008 0.746 0 0.005
0.009 0.611 0 0.005
0.009 0.813 0 0.005
0.009 0.845 0 0.005
0.009 0.901 0 0.005
0.01 0.499 0 0.005
0.01 0.941 0 0.005
0.011 0.038 0 0.005
0.011 0.625 0 0.005
0.012 0.164 0 0.005
0.012 0.644 0 0.005
0.013 0.28 0 0.005
0.013 0.656 0 0.005
0.014 0.689 0 0.005
0.014 0.983 0 0.005
0.015 0.139 0 0.005
0.015 0.804 0 0.005
0.015 0.865 0 0.005
0.016 0.456 0 0.005
0.016 0.73 0 0.005
0.017 0.382 0 0.005
0.018 0.009 0 0.005
0.018 0.35 0 0.005
0.019 0.595 0 0.005
0.02 0.055 0 0.005
0.02 0.232 0 0.005
0.02 0.754 0 0.005
0.02 0.929 0 0.005
0.021 0.25 0 0.005
0.021 0.992 0 0.005
0.022 0.914 0 0.005
0.023 0.025 0 0.005
0.023 0.157 0 0.005
0.023 0.323 0 0.005
0.023 0.699 0 0.005
0.023 0.878 0 0.005
0.024 0.172 0 0.005
0.024 0.341 0 0.005
0.024 0.581 0 0.005
0.025 0.737 0 0.005
0.026 0.21 0 0.005
0.026 0.819 0 0.005
0.026 0.97 0 0.005
0.027 0.223 0 0.005
0.027 0.417 0 0.005
0.027 0.427 0 0.005
0.027 0.709 0 0.005
0.027 0.891 0 0.005
0.028 0.683 0 0.005
0.029 0.5 0 0.005
0.031 0.377 0 0.005
0.031 0.631 0 0.005
0.031 0.859 0 0.005
0.032 0.528 0 0.005
0.032 0.79 0 0.005
0.033 0.146 0 0.005
0.033 0.285 0 0.005
0.033 0.543 0 0.005
0.033 0.57 0 0.005
0.033 0.774 0 0.005
0.034 0.325 0 0.005
0.034 0.336 0 0.005
0.034 0.873 0 0.005
0.035 0.023 0 0.005
0.035 0.102 0 0.005
0.035 0.404 0 0.005
0.035 0.916 0 0.005
0.036 0.827 0 0.005
0.037 0.229 0 0.005
0.037 0.244 0 0.005
0.037 0.368 0 0.005
0.038 0.177 0 0.005
0.038 0.709 0 0.005
0.038 0.806 0 0.005
0.039 0.211 0 0.005
0.04 0.418 0 0.005
0.04 0.887 0 0.005
0.041 0.556 0 0.005
0.041 0.593 0 0.005
0.041 0.64 0 0.005
0.041 0.724 0 0.005
0.041 0.761 0 0.005
0.042 0.041 0 0.005
0.042 0.299 0 0.005
0.042 0.9977333333333334 0 0.005
0.043 0.607 0 0.005
0.044 0.517 0 0.005
0.044 0.68 0 0.005
0.045 0.01 0 0.005
0.045 0.112 0 0.005
0.045 0.283 0 0.005
0.045 0.386 0 0.005
0.045 0.434 0 0.005
0.045 0.578 0 0.005
0.046 0.269 0 0.005
0.046 0.902 0 0.005
0.046 0.972 0 0.005
0.047 0.309 0 0.005
0.047 0.334 0 0.005
0.048 0.139 0 0.005
0.048 0.149 0 0.005
0.048 0.227 0 0.005
0.048 0.321 0 0.005
0.048 0.564 0 0.005
0.048 0.792 0 0.005
0.049 0.816 0 0.005
0.049 0.952 0 0.005
0.05 0.186 0 0.005
0.051 0.094 0 0.005
0.051 0.853 0 0.005
0.052 0.502 0 0.005
0.052 0.548 0 0.005
0.052 0.781 0 0.005
0.052 0.993 0 0.005
0.053 0.061 0 0.005
0.053 0.455 0 0.005
0.053 0.595 0 0.005
0.053 0.655 0 0.005
0.054 0.441 0 0.005
0.054 0.718 0 0.005
0.055 0.199 0 0.005
0.055 0.731 0 0.005
0.055 0.937 0 0.005
0.056 0.158 0 0.005
0.056 0.577 0 0.005
0.057 0.005 0 0.005
0.057 0.316 0 0.005
0.057 0.631 0 0.005
0.057 0.889 0 0.005
0.058 0.123 0 0.005
0.058 0.259 0 0.005
0.058 0.418 0 0.005
0.058 0.761 0 0.005
0.059 0.333 0 0.005
0.06 0.29 0 0.005
0.06 0.866 0 0.005
0.06 0.909 0 0.005
0.061 0.028 0 0.005
0.061 0.073 0 0.005
0.061 0.135 0 0.005
0.061 0.679 0 0.005
0.061 0.985 0 0.005
0.062 0.238 0 0.005
0.062 0.52 0 0.005
0.062 0.696 0 0.005
0.062 0.846 0 0.005
0.063 0.353 0 0.005
0.064 0.949 0 0.005
0.065 0.371 0 0.005
0.065 0.533 0 0.005
0.065 0.879 0 0.005
0.066 0.105 0 0.005
0.066 0.406 0 0.005
0.066 0.498 0 0.005
0.066 0.573 0 0.005
0.066 0.592 0 0.005
0.066 0.939 0 0.005
0.067 0.02 0 0.005
0.067 0.549 0 0.005
0.068 0.12 0 0.005
0.068 0.616 0 0.005
0.068 0.807 0 0.005
0.069 0.18 0 0.005
0.069 0.278 0 0.005
0.07 0.298 0 0.005
0.07 0.421 0 0.005
0.07 0.991 0 0.005
0.071 0.033 0 0.005
0.071 0.152 0 0.005
0.071 0.865 0 0.005
0.072 0.049 0 0.005
0.072 0.081 0 0.005
0.072 0.845 0 0.005
0.072 0.962 0 0.005
0.073 0.344 0 0.005
0.073 0.717 0 0.005
0.073 0.891 0 0.005
0.074 0.07 0 0.005
0.074 0.225 0 0.005
0.074 0.732 0 0.005
0.075 0.307 0 0.005
0.075 0.323 0 0.005
0.075 0.753 0 0.005
0.075 0.773 0 0.005
0.076 0.188 0 0.005
0.076 0.451 0 0.005
0.076 0.473 0 0.005
0.077 0.248 0 0.005
0.077 0.798 0 0.005
0.077 0.98 0 0.005
0.078 0.904 0 0.005
0.079 0.384 0 0.005
0.079 0.922 0 0.005
0.077 0.999 0 0.005
0.081 0.029 0 0.005
0.081 0.132 0 0.005
0.081 0.423 0 0.005
0.081 0.555 0 0.005
0.081 0.867 0 0.005
0.082 0.0012666666666666666 0 0.005
0.082 0.091 0 0.005
0.082 0.149 0 0.005
0.082 0.515 0 0.005
0.082 0.631 0 0.005
0.082 0.857 0 0.005
0.083 0.367 0 0.005
0.083 0.62 0 0.005
0.083 0.691 0 0.005
0.083 0.938 0 0.005
0.085 0.735 0 0.005
0.086 0.809 0 0.005
0.086 0.995 0 0.005
0.087 0.278 0 0.005
0.088 0.291 0 0.005
0.088 0.58 0 0.005
0.088 0.662 0 0.005
0.088 0.708 0 0.005
0.089 0.223 0 0.005
0.089 0.268 0 0.005
0.09 0.102 0 0.005
0.09 0.406 0 0.005
0.09 0.542 0 0.005
0.091 0.036 0 0.005
0.091 0.113 0 0.005
0.091 0.349 0 0.005
0.092 0.013 0 0.005
0.092 0.481 0 0.005
0.092 0.641 0 0.005
0.092 0.926 0 0.005
0.093 0.147 0 0.005
0.093 0.24 0 0.005
0.093 0.695 0 0.005
0.093 0.749 0 0.005
0.094 0.158 0 0.005
0.094 0.612 0 0.005
0.094 0.862 0 0.005
0.095 0.516 0 0.005
0.095 0.783 0 0.005
0.096 0.832 0 0.005
0.097 0.081 0 0.005
0.097 0.21 0 0.005
0.097 0.428 0 0.005
0.097 0.595 0 0.005
0.098 0.652 0 0.005
0.098 0.74 0 0.005
0.098 0.993 0 0.005
0.1 0.03 0 0.005
0.1 0.32 0 0.005
0.1 0.383 0 0.005
0.1 0.584 0 0.005
0.1 0.801 0 0.005
0.1 0.847 0 0.005
0.1 0.946 0 0.005
0.098 0.999 0 0.005
0.101 0.043 0 0.005
0.101 0.119 0 0.005
0.101 0.46 0 0.005
0.102 0.331 0 0.005
0.102 0.472 0 0.005
0.102 0.499 0 0.005
0.103 0.443 0 0.005
0.103 0.873 0 0.005
0.104 0.348 0 0.005
0.104 0.525 0 0.005
0.104 0.611 0 0.005
0.106 0.174 0 0.005
0.106 0.25 0 0.005
0.106 0.403 0 0.005
0.106 0.789 0 0.005
0.107 0.133 0 0.005
0.107 0.624 0 0.005
0.107 0.749 0 0.005
0.107 0.762 0 0.005
0.107 0.885 0 0.005
0.107 0.967 0 0.005
0.108 0.09 0 0.005
0.108 0.487 0 0.005
0.108 0.66 0 0.005
0.108 0.688 0 0.005
0.109 0.698 0 0.005
0.11 0.01 0 0.005
0.11 0.029 0 0.005
0.11 0.811 0 0.005
0.11 0.925 0 0.005
0.111 0.0012666666666666666 0 0.005
0.111 0.45 0 0.005
0.112 0.309 0 0.005
0.112 0.821 0 0.005
0.112 0.896 0 0.005
0.112 0.99 0 0.005
0.113 0.282 0 0.005
0.114 0.233 0 0.005
0.115 0.123 0 0.005
0.115 0.432 0 0.005
0.115 0.718 0 0.005
0.115 0.914 0 0.005
0.116 0.557 0 0.005
0.116 0.6 0 0.005
0.116 0.776 0 0.005
0.116 0.845 0 0.005
0.117 0.381 0 0.005
0.117 0.872 0 0.005
0.117 0.956 0 0.005
0.118 0.616 0 0.005
0.119 0.336 0 0.005
0.12 0.185 0 0.005
0.12 0.397 0 0.005
0.12 0.466 0 0.005
0.12 0.527 0 0.005
0.12 0.572 0 0.005
0.12 0.9981904761904762 0 0.005
0.121 0.011 0 0.005
0.121 0.083 0 0.005
0.121 0.151 0 0.005
0.122 0.106 0 0.005
0.123 0.028 0 0.005
0.123 0.136 0 0.005
0.123 0.223 0 0.005
0.123 0.282 0 0.005
0.123 0.646 0 0.005
0.123 0.754 0 0.005
0.123 0.786 0 0.005
0.123 0.0004166666666666667 0 0.005
0.124 0.267 0 0.005
0.124 0.659 0 0.005
0.124 0.677 0 0.005
0.124 0.928 0 0.005
0.125 0.243 0 0.005
0.125 0.583 0 0.005
0.125 0.724 0 0.005
0.126 0.769 0 0.005
0.126 0.801 0 0.005
0.127 0.488 0 0.005
0.128 0.037 0 0.005
0.128 0.122 0 0.005
0.128 0.359 0 0.005
0.128 0.737 0 0.005
0.128 0.894 0 0.005
0.129 0.214 0 0.005
0.129 0.339 0 0.005
0.13 0.842 0 0.005
0.131 0.07 0 0.005
0.131 0.43 0 0.005
0.131 0.603 0 0.005
0.131 0.883 0 0.005
0.132 0.69 0 0.005
0.133 0.464 0 0.005
0.133 0.55 0 0.005
0.134 0.477 0 0.005
0.134 0.499 0 0.005
0.134 0.56 0 0.005
0.134 0.625 0 0.005
0.134 0.655 0 0.005
0.135 0.225 0 0.005
0.135 0.35 0 0.005
0.135 0.453 0 0.005
0.136 0.94 0 0.005
0.137 0.369 0 0.005
0.137 0.509 0 0.005
0.138 0.034 0 0.005
0.138 0.32 0 0.005
0.138 0.869 0 0.005
0.138 0.981 0 0.005
0.139 0.284 0 0.005
0.139 0.409 0 0.005
0.139 0.71 0 0.005
0.139 0.763 0 0.005
0.14 0.12 0 0.005
0.14 0.538 0 0.005
0.14 0.853 0 0.005
0.14 0.924 0 0.005
0.141 0.009 0 0.005
0.141 0.731 0 0.005
0.142 0.048 0 0.005
0.142 0.577 0 0.005
0.142 0.959 0 0.005
0.143 0.258 0 0.005
0.143 0.833 0 0.005
0.144 0.295 0 0.005
0.144 0.675 0 0.005
0.145 0.092 0 0.005
0.145 0.206 0 0.005
0.145 0.238 0 0.005
0.145 0.381 0 0.005
0.145 0.886 0 0.005
0.145 0.907 0 0.005
0.146 0.067 0 0.005
0.146 0.103 0 0.005
0.146 0.169 0 0.005
0.146 0.472 0 0.005
0.146 0.776 0 0.005
0.146 0.81 0 0.005
0.147 0.504 0 0.005
0.147 0.823 0 0.005
0.148 0.138 0 0.005
0.148 0.596 0 0.005
0.148 0.795 0 0.005
0.149 0.41 0 0.005
0.15 0.56 0 0.005
0.151 0.399 0 0.005
0.151 0.483 0 0.005
0.151 0.583 0 0.005
0.151 0.917 0 0.005
0.152 0.013 0 0.005
0.152 0.047 0 0.005
0.152 0.762 0 0.005
0.153 0.35 0 0.005
0.153 0.364 0 0.005
0.154 0.374 0 0.005
0.155 0.199 0 0.005
0.155 0.303 0 0.005
0.155 0.752 0 0.005
0.155 0.873 0 0.005
0.156 0.257 0 0.005
0.156 0.894 0 0.005
0.157 0.022 0 0.005
0.157 0.157 0 0.005
0.157 0.538 0 0.005
0.157 0.646 0 0.005
0.157 0.978 0 0.005
0.158 0.34 0 0.005
0.158 0.451 0 0.005
0.158 0.695 0 0.005
0.158 0.995 0 0.005
0.159 0.313 0 0.005
0.16 0.732 0 0.005
0.16 0.784 0 0.005
0.161 0.466 0 0.005
0.161 0.82 0 0.005
0.162 0.481 0 0.005
0.162 0.514 0 0.005
0.162 0.633 0 0.005
0.162 0.884 0 0.005
0.163 0.359 0 0.005
0.163 0.42 0 0.005
0.163 0.558 0 0.005
0.163 0.612 0 0.005
0.163 0.941 0 0.005
0.164 0.119 0 0.005
0.164 0.293 0 0.005
0.164 0.924 0 0.005
0.165 0.381 0 0.005
0.166 0.007 0 0.005
0.166 0.069 0 0.005
0.166 0.182 0 0.005
0.166 0.811 0 0.005
0.167 0.326 0 0.005
0.167 0.526 0 0.005
0.167 0.985 0 0.005
0.169 0.546 0 0.005
0.169 0.757 0 0.005
0.17 0.28 0 0.005
0.17 0.581 0 0.005
0.17 0.908 0 0.005
0.17 0.952 0 0.005
0.171 0.304 0 0.005
0.171 0.434 0 0.005
0.171 0.659 0 0.005
0.171 0.676 0 0.005
0.171 0.709 0 0.005
0.171 0.974 0 0.005
0.172 0.056 0 0.005
0.172 0.104 0 0.005
0.172 0.136 0 0.005
0.172 0.397 0 0.005
0.172 0.741 0 0.005
0.173 0.146 0 0.005
0.174 0.015 0 0.005
0.174 0.223 0 0.005
0.174 0.365 0 0.005
0.175 0.094 0 0.005
0.175 0.264 0 0.005
0.175 0.787 0 0.005
0.177 0.348 0 0.005
0.177 0.378 0 0.005
0.177 0.617 0 0.005
0.177 0.816 0 0.005
0.179 0.569 0 0.005
0.18 0.862 0 0.005
0.181 0.063 0 0.005
0.181 0.18 0 0.005
0.181 0.198 0 0.005
0.181 0.332 0 0.005
0.182 0.486 0 0.005
0.182 0.529 0 0.005
0.182 0.887 0 0.005
0.182 0.927 0 0.005
0.182 0.989 0 0.005
0.183 0.148 0 0.005
0.183 0.253 0 0.005
0.183 0.416 0 0.005
0.183 0.654 0 0.005
0.183 0.689 0 0.005
0.183 0.979 0 0.005
0.184 0.778 0 0.005
0.185 0.223 0 0.005
0.185 0.802 0 0.005
0.186 0.591 0 0.005
0.187 0.048 0 0.005
0.187 0.467 0 0.005
0.187 0.512 0 0.005
0.189 0.379 0 0.005
0.189 0.876 0 0.005
0.19 0.713 0 0.005
0.19 0.764 0 0.005
0.191 0.644 0 0.005
0.191 0.735 0 0.005
0.192 0.523 0 0.005
0.192 0.703 0 0.005
0.192 0.944 0 0.005
0.193 0.361 0 0.005
0.193 0.815 0 0.005
0.194 0.125 0 0.005
0.194 0.252 0 0.005
0.194 0.307 0 0.005
0.195 0.194 0 0.005
0.195 0.263 0 0.005
0.195 0.445 0 0.005
0.195 0.927 0 0.005
0.196 0.223 0 0.005
0.196 0.476 0 0.005
0.196 0.583 0 0.005
0.196 0.847 0 0.005
0.197 0.085 0 0.005
0.197 0.395 0 0.005
0.197 0.423 0 0.005
0.198 0.327 0 0.005
0.198 0.668 0 0.005
0.199 0.385 0 0.005
0.199 0.503 0 0.005
0.2 0.0022291666666666666 0 0.005
0.2 0.595 0 0.005
0.2 0.989 0 0.005
0.201 0.021 0 0.005
0.201 0.573 0 0.005
0.201 0.809 0 0.005
0.202 0.064 0 0.005
0.202 0.245 0 0.005
0.202 0.743 0 0.005
0.204 0.278 0 0.005
0.204 0.363 0 0.005
0.204 0.414 0 0.005
0.204 0.459 0 0.005
0.205 0.15 0 0.005
0.205 0.257 0 0.005
0.205 0.441 0 0.005
0.205 0.536 0 0.005
0.205 0.888 0 0.005
0.206 0.173 0 0.005
0.206 0.212 0 0.005
0.207 0.034 0 0.005
0.207 0.188 0 0.005
0.207 0.766 0 0.005
0.207 0.906 0 0.005
0.207 0.93 0 0.005
0.208 0.104 0 0.005
0.208 0.325 0 0.005
0.209 0.006 0 0.005
0.21 0.091 0 0.005
0.21 0.118 0 0.005
0.21 0.826 0 0.005
0.21 0.991 0 0.005
0.211 0.131 0 0.005
0.211 0.482 0 0.005
0.212 0.231 0 0.005
0.212 0.507 0 0.005
0.212 0.556 0 0.005
0.213 0.019 0 0.005
0.213 0.789 0 0.005
0.214 0.08 0 0.005
0.214 0.404 0 0.005
0.215 0.046 0 0.005
0.215 0.267 0 0.005
0.215 0.422 0 0.005
0.215 0.653 0 0.005
0.215 0.67 0 0.005
0.216 0.144 0 0.005
0.216 0.161 0 0.005
0.216 0.495 0 0.005
0.217 0.069 0 0.005
0.217 0.248 0 0.005
0.217 0.614 0 0.005
0.217 0.944 0 0.005
0.218 0.734 0 0.005
0.218 0.913 0 0.005
0.219 0.343 0 0.005
0.219 0.983 0 0.005
0.22 0.302 0 0.005
0.22 0.577 0 0.005
0.221 0.762 0 0.005
0.222 0.257 0 0.005
0.222 0.879 0 0.005
0.222 0.927 0 0.005
0.223 0.507 0 0.005
0.223 0.527 0 0.005
0.224 0.39 0 0.005
0.224 0.853 0 0.005
0.225 0.313 0 0.005
0.226 0.447 0 0.005
0.227 0.009 0 0.005
0.227 0.037 0 0.005
0.227 0.166 0 0.005
0.227 0.332 0 0.005
0.227 0.458 0 0.005
0.227 0.609 0 0.005
0.227 0.657 0 0.005
0.227 0.672 0 0.005
0.227 0.78 0 0.005
0.227 0.892 0 0.005
0.228 0.282 0 0.005
0.228 0.378 0 0.005
0.229 0.587 0 0.005
0.229 0.692 0 0.005
0.229 0.996280701754386 0 0.005
0.23 0.064 0 0.005
0.23 0.225 0 0.005
0.231 0.414 0 0.005
0.231 0.809 0 0.005
0.232 0.186 0 0.005
0.232 0.323 0 0.005
0.232 0.799 0 0.005
0.232 0.859 0 0.005
0.232 0.956 0 0.005
0.233 0.295 0 0.005
0.233 0.363 0 0.005
0.234 0.254 0 0.005
0.234 0.522 0 0.005
0.234 0.6 0 0.005
0.234 0.934 0 0.005
0.234 0.98 0 0.005
0.235 0.12 0 0.005
0.235 0.741 0 0.005
0.236 0.425 0 0.005
0.236 0.702 0 0.005
0.236 0.751 0 0.005
0.237 0.237 0 0.005
0.237 0.624 0 0.005
0.238 0.485 0 0.005
0.239 0.214 0 0.005
0.239 0.676 0 0.005
0.238 0.9985833333333334 0 0.005
0.24 0.906 0 0.005
0.241 0.0022291666666666666 0 0.005
0.241 0.139 0 0.005
0.241 0.965 0 0.005
0.242 0.543 0 0.005
0.242 0.57 0 0.005
0.243 0.017 0 0.005
0.243 0.048 0 0.005
0.243 0.269 0 0.005
0.243 0.357 0 0.005
0.243 0.612 0 0.005
0.244 0.156 0 0.005
0.244 0.696 0 0.005
0.245 0.921 0 0.005
0.245 0.955 0 0.005
0.246 0.098 0 0.005
0.246 0.252 0 0.005
0.247 0.124 0 0.005
0.247 0.301 0 0.005
0.247 0.445 0 0.005
0.247 0.518 0 0.005
0.247 0.821 0 0.005
0.247 0.988 0 0.005
0.248 0.589 0 0.005
0.248 0.722 0 0.005
0.248 0.772 0 0.005
0.249 0.066 0 0.005
0.249 0.405 0 0.005
0.249 0.502 0 0.005
0.25 0.938 0 0.005
0.25 0.972 0 0.005
0.251 0.29 0 0.005
0.251 0.343 0 0.005
0.251 0.366 0 0.005
0.251 0.578 0 0.005
0.251 0.652 0 0.005
0.251 0.87 0 0.005
0.252 0.69 0 0.005
0.252 0.84 0 0.005
0.252 0.888 0 0.005
0.253 0.311 0 0.005
0.254 0.381 0 0.005
0.255 0.106 0 0.005
0.255 0.198 0 0.005
0.255 0.751 0 0.005
0.256 0.258 0 0.005
0.257 0.06 0 0.005
0.257 0.215 0 0.005
0.257 0.244 0 0.005
0.257 0.27 0 0.005
0.257 0.665 0 0.005
0.257 0.918 0 0.005
0.258 0.0012666666666666666 0 0.005
0.259 0.473 0 0.005
0.259 0.632 0 0.005
0.259 0.711 0 0.005
0.259 0.737 0 0.005
0.26 0.594 0 0.005
0.261 0.137 0 0.005
0.261 0.318 0 0.005
0.261 0.411 0 0.005
0.261 0.502 0 0.005
0.261 0.618 0 0.005
0.261 0.831 0 0.005
0.262 0.185 0 0.005
0.262 0.547 0 0.005
0.262 0.78 0 0.005
0.263 0.127 0 0.005
0.263 0.65 0 0.005
0.264 0.385 0 0.005
0.264 0.453 0 0.005
0.264 0.575 0 0.005
0.264 0.851 0 0.005
0.264 0.903 0 0.005
0.264 0.928 0 0.005
0.265 0.285 0 0.005
0.265 0.82 0 0.005
0.266 0.677 0 0.005
0.267 0.108 0 0.005
0.267 0.536 0 0.005
0.268 0.198 0 0.005
0.268 0.558 0 0.005
0.268 0.702 0 0.005
0.269 0.97 0 0.005
0.27 0.246 0 0.005
0.27 0.48 0 0.005
0.27 0.613 0 0.005
0.27 0.794 0 0.005
0.271 0.147 0 0.005
0.271 0.768 0 0.005
0.272 0.056 0 0.005
0.272 0.257 0 0.005
0.273 0.041 0 0.005
0.273 0.327 0 0.005
0.273 0.377 0 0.005
0.273 0.64 0 0.005
0.273 0.725 0 0.005
0.273 0.826 0 0.005
0.271 0.999 0 0.005
0.274 0.862 0 0.005
0.274 0.918 0 0.005
0.275 0.3 0 0.005
0.276 0.208 0 0.005
0.276 0.955 0 0.005
0.277 0.0033125 0 0.005
0.277 0.541 0 0.005
0.278 0.237 0 0.005
0.278 0.515 0 0.005
0.278 0.555 0 0.005
0.278 0.694 0 0.005
0.278 0.743 0 0.005
0.279 0.39 0 0.005
0.279 0.464 0 0.005
0.28 0.1 0 0.005
0.28 0.247 0 0.005
0.28 0.837 0 0.005
0.28 0.932 0 0.005
0.281 0.797 0 0.005
0.282 0.404 0 0.005
0.282 0.495 0 0.005
0.282 0.65 0 0.005
0.283 0.055 0 0.005
0.284 0.139 0 0.005
0.284 0.871 0 0.005
0.284 0.9 0 0.005
0.284 0.944 0 0.005
0.285 0.2 0 0.005
0.285 0.277 0 0.005
0.285 0.685 0 0.005
0.285 0.816 0 0.005
0.286 0.016 0 0.005
0.286 0.436 0 0.005
0.286 0.766 0 0.005
0.286 0.983 0 0.005
0.287 0.116 0 0.005
0.287 0.456 0 0.005
0.287 0.591 0 0.005
0.288 0.62 0 0.005
0.288 0.716 0 0.005
0.289 0.514 0 0.005
0.289 0.968 0 0.005
0.288 0.0 0 0.005
0.29 0.04 0 0.005
0.29 0.67 0 0.005
0.29 0.755 0 0.005
0.291 0.524 0 0.005
0.291 0.931 0 0.005
0.292 0.182 0 0.005
0.292 0.359 0 0.005
0.292 0.415 0 0.005
0.292 0.775 0 0.005
0.292 0.881 0 0.005
0.293 0.298 0 0.005
0.293 0.381 0 0.005
0.294 0.327 0 0.005
0.294 0.342 0 0.005
0.294 0.913 0 0.005
0.295 0.06 0 0.005
0.295 0.222 0 0.005
0.295 0.403 0 0.005
0.295 0.472 0 0.005
0.296 0.211 0 0.005
0.296 0.741 0 0.005
0.297 0.848 0 0.005
0.298 0.425 0 0.005
0.298 0.614 0 0.005
0.298 0.829 0 0.005
0.299 0.238 0 0.005
0.299 0.859 0 0.005
0.3 0.491 0 0.005
0.301 0.007 0 0.005
0.301 0.188 0 0.005
0.301 0.286 0 0.005
0.301 0.637 0 0.005
0.303 0.457 0 0.005
0.303 0.733 0 0.005
0.303 0.943 0 0.005
0.304 0.114 0 0.005
0.304 0.467 0 0.005
0.305 0.797 0 0.005
0.305 0.896 0 0.005
0.306 0.036 0 0.005
0.306 0.412 0 0.005
0.306 0.608 0 0.005
0.306 0.962 0 0.005
0.307 0.066 0 0.005
0.307 0.151 0 0.005
0.308 0.308 0 0.005
0.308 0.324 0 0.005
0.308 0.432 0 0.005
0.308 0.502 0 0.005
0.308 0.566 0 0.005
0.308 0.744 0 0.005
0.308 0.786 0 0.005
0.308 0.879 0 0.005
0.309 0.38 0 0.005
0.309 0.985 0 0.005
0.31 0.23 0 0.005
0.31 0.595 0 0.005
0.31 0.908 0 0.005
0.311 0.135 0 0.005
0.311 0.544 0 0.005
0.311 0.679 0 0.005
0.312 0.165 0 0.005
0.312 0.199 0 0.005
0.313 0.629 0 0.005
0.313 0.923 0 0.005
0.314 0.268 0 0.005
0.314 0.419 0 0.005
0.314 0.533 0 0.005
0.315 0.091 0 0.005
0.316 0.391 0 0.005
0.316 0.461 0 0.005
0.316 0.604 0 0.005
0.316 0.845 0 0.005
0.317 0.482 0 0.005
0.317 0.718 0 0.005
0.318 0.307 0 0.005
0.318 0.585 0 0.005
0.318 0.948 0 0.005
0.319 0.806 0 0.005
0.319 0.899 0 0.005
0.319 0.986 0 0.005
0.32 0.65 0 0.005
0.32 0.694 0 0.005
0.32 0.935 0 0.005
0.32 0.973 0 0.005
0.321 0.211 0 0.005
0.321 0.707 0 0.005
0.321 0.771 0 0.005
0.322 0.104 0 0.005
0.322 0.116 0 0.005
0.322 0.348 0 0.005
0.322 0.733 0 0.005
0.322 0.786 0 0.005
0.322 0.832 0 0.005
0.322 0.962 0 0.005
0.323 0.403 0 0.005
0.323 0.442 0 0.005
0.323 0.518 0 0.005
0.323 0.909 0 0.005
0.324 0.055 0 0.005
0.324 0.086 0 0.005
0.324 0.143 0 0.005
0.324 0.426 0 0.005
0.324 0.637 0 0.005
0.325 0.261 0 0.005
0.325 0.542 0 0.005
0.326 0.271 0 0.005
0.326 0.494 0 0.005
0.326 0.555 0 0.005
0.326 0.877 0 0.005
0.327 0.076 0 0.005
0.327 0.532 0 0.005
0.328 0.155 0 0.005
0.328 0.623 0 0.005
0.329 0.58 0 0.005
0.329 0.683 0 0.005
0.329 0.743 0 0.005
0.33 0.244 0 0.005
0.331 0.307 0 0.005
0.331 0.503 0 0.005
0.331 0.669 0 0.005
0.331 0.981 0 0.005
0.332 0.379 0 0.005
0.332 0.465 0 0.005
0.333 0.769 0 0.005
0.334 0.024 0 0.005
0.334 0.102 0 0.005
0.334 0.254 0 0.005
0.334 0.421 0 0.005
0.334 0.569 0 0.005
0.334 0.714 0 0.005
0.334 0.734 0 0.005
0.334 0.798 0 0.005
0.335 0.005 0 0.005
0.335 0.482 0 0.005
0.335 0.601 0 0.005
0.336 0.203 0 0.005
0.336 0.329 0 0.005
0.336 0.968 0 0.005
0.339 0.446 0 0.005
0.339 0.617 0 0.005
0.339 0.756 0 0.005
0.34 0.387 0 0.005
0.34 0.871 0 0.005
0.341 0.159 0 0.005
0.341 0.885 0 0.005
0.341 0.922 0 0.005
0.342 0.363 0 0.005
0.343 0.073 0 0.005
0.343 0.427 0 0.005
0.343 0.784 0 0.005
0.343 0.834 0 0.005
0.343 0.984 0 0.005
0.344 0.492 0 0.005
0.344 0.567 0 0.005
0.345 0.264 0 0.005
0.345 0.503 0 0.005
0.345 0.73 0 0.005
0.345 0.822 0 0.005
0.346 0.15 0 0.005
0.347 0.318 0 0.005
0.348 0.189 0 0.005
0.348 0.2 0 0.005
0.348 0.381 0 0.005
0.348 0.404 0 0.005
0.35 0.216 0 0.005
0.35 0.356 0 0.005
0.35 0.624 0 0.005
0.35 0.638 0 0.005
0.35 0.915 0 0.005
0.351 0.037 0 0.005
0.351 0.065 0 0.005
0.351 0.447 0 0.005
0.351 0.587 0 0.005
0.351 0.762 0 0.005
0.353 0.104 0 0.005
0.353 0.125 0 0.005
0.353 0.426 0 0.005
0.353 0.458 0 0.005
0.353 0.953 0 0.005
0.354 0.413 0 0.005
0.354 0.735 0 0.005
0.354 0.989 0 0.005
0.355 0.055 0 0.005
0.355 0.518 0 0.005
0.355 0.786 0 0.005
0.355 0.8 0 0.005
0.355 0.881 0 0.005
0.355 0.898 0 0.005
0.356 0.143 0 0.005
0.356 0.255 0 0.005
0.356 0.389 0 0.005
0.356 0.496 0 0.005
0.356 0.537 0 0.005
0.357 0.648 0 0.005
0.358 0.21 0 0.005
0.358 0.683 0 0.005
0.358 0.94 0 0.005
0.359 0.163 0 0.005
0.36 0.751 0 0.005
0.36 0.86 0 0.005
0.361 0.065 0 0.005
0.361 0.55 0 0.005
0.361 0.964 0 0.005
0.363 0.078 0 0.005
0.363 0.308 0 0.005
0.363 0.512 0 0.005
0.363 0.843 0 0.005
0.364 0.01 0 0.005
0.365 0.585 0 0.005
0.366 0.177 0 0.005
0.366 0.331 0 0.005
0.366 0.417 0 0.005
0.366 0.702 0 0.005
0.366 0.808 0 0.005
0.366 0.977 0 0.005
0.367 0.459 0 0.005
0.367 0.908 0 0.005
0.369 0.109 0 0.005
0.369 0.134 0 0.005
0.369 0.248 0 0.005
0.369 0.872 0 0.005
0.37 0.213 0 0.005
0.37 0.273 0 0.005
0.37 0.346 0 0.005
0.37 0.446 0 0.005
0.37 0.645 0 0.005
0.37 0.735 0 0.005
0.371 0.203 0 0.005
0.371 0.314 0 0.005
0.372 0.547 0 0.005
0.372 0.563 0 0.005
0.372 0.671 0 0.005
0.372 0.922 0 0.005
0.371 0.9985833333333334 0 0.005
0.373 0.025 0 0.005
0.373 0.529 0 0.005
0.373 0.656 0 0.005
0.373 0.716 0 0.005
0.373 0.887 0 0.005
0.374 0.085 0 0.005
0.374 0.151 0 0.005
0.374 0.471 0 0.005
0.375 0.264 0 0.005
0.375 0.614 0 0.005
0.376 0.632 0 0.005
0.376 0.848 0 0.005
0.376 0.935 0 0.005
0.377 0.036 0 0.005
0.377 0.064 0 0.005
0.377 0.389 0 0.005
0.377 0.694 0 0.005
0.378 0.19 0 0.005
0.378 0.233 0 0.005
0.378 0.435 0 0.005
0.379 0.013 0 0.005
0.379 0.326 0 0.005
0.379 0.352 0 0.005
0.379 0.484 0 0.005
0.379 0.775 0 0.005
0.38 0.837 0 0.005
0.381 0.137 0 0.005
0.381 0.557 0 0.005
0.381 0.765 0 0.005
0.381 0.969 0 0.005
0.382 0.075 0 0.005
0.383 0.883 0 0.005
0.384 0.088 0 0.005
0.385 0.221 0 0.005
0.385 0.242 0 0.005
0.385 0.619 0 0.005
0.386 0.314 0 0.005
0.386 0.496 0 0.005
0.387 0.265 0 0.005
0.387 0.66 0 0.005
0.388 0.416 0 0.005
0.388 0.426 0 0.005
0.389 0.379 0 0.005
0.39 0.395 0 0.005
0.39 0.607 0 0.005
0.39 0.871 0 0.005
0.391 0.027 0 0.005
0.391 0.096 0 0.005
0.391 0.331 0 0.005
0.391 0.342 0 0.005
0.391 0.648 0 0.005
0.392 0.302 0 0.005
0.392 0.583 0 0.005
0.392 0.824 0 0.005
0.393 0.11 0 0.005
0.393 0.744 0 0.005
0.394 0.174 0 0.005
0.395 0.061 0 0.005
0.395 0.442 0 0.005
0.395 0.624 0 0.005
0.395 0.855 0 0.005
0.396 0.126 0 0.005
0.396 0.482 0 0.005
0.396 0.545 0 0.005
0.397 0.286 0 0.005
0.397 0.313 0 0.005
0.397 0.904 0 0.005
0.397 0.94 0 0.005
0.397 0.981 0 0.005
0.398 0.24 0 0.005
0.398 0.388 0 0.005
0.398 0.534 0 0.005
0.398 0.679 0 0.005
0.398 0.689 0 0.005
0.398 0.774 0 0.005
0.399 0.355 0 0.005
0.4 0.887 0 0.005
0.401 0.091 0 0.005
0.401 0.84 0 0.005
0.402 0.713 0 0.005
0.404 0.168 0 0.005
0.404 0.2 0 0.005
0.404 0.248 0 0.005
0.404 0.329 0 0.005
0.404 0.788 0 0.005
0.404 0.862 0 0.005
0.405 0.319 0 0.005
0.405 0.605 0 0.005
0.405 0.829 0 0.005
0.406 0.008 0 0.005
0.406 0.022 0 0.005
0.406 0.061 0 0.005
0.406 0.224 0 0.005
0.406 0.496 0 0.005
0.407 0.142 0 0.005
0.407 0.158 0 0.005
0.407 0.373 0 0.005
0.407 0.469 0 0.005
0.407 0.722 0 0.005
0.408 0.073 0 0.005
0.408 0.214 0 0.005
0.408 0.911 0 0.005
0.409 0.12 0 0.005
0.409 0.283 0 0.005
0.41 0.44 0 0.005
0.41 0.569 0 0.005
0.41 0.701 0 0.005
0.411 0.45 0 0.005
0.411 0.955 0 0.005
0.411 0.982 0 0.005
0.412 0.091 0 0.005
0.412 0.653 0 0.005
0.412 0.733 0 0.005
0.412 0.969 0 0.005
0.413 0.461 0 0.005
0.414 0.171 0 0.005
0.414 0.274 0 0.005
0.415 0.637 0 0.005
0.415 0.676 0 0.005
0.415 0.687 0 0.005
0.415 0.84 0 0.005
0.416 0.206 0 0.005
0.416 0.487 0 0.005
0.417 0.41 0 0.005
0.418 0.073 0 0.005
0.418 0.502 0 0.005
0.419 0.32 0 0.005
0.42 0.014 0 0.005
0.42 0.761 0 0.005
0.421 0.251 0 0.005
0.421 0.602 0 0.005
0.421 0.741 0 0.005
0.421 0.855 0 0.005
0.421 0.936 0 0.005
0.422 0.139 0 0.005
0.422 0.381 0 0.005
0.422 0.919 0 0.005
0.423 0.155 0 0.005
0.423 0.297 0 0.005
0.423 0.702 0 0.005
0.423 0.826 0 0.005
0.424 0.223 0 0.005
0.424 0.776 0 0.005
0.425 0.105 0 0.005
0.425 0.186 0 0.005
0.425 0.338 0 0.005
0.425 0.453 0 0.005
0.425 0.468 0 0.005
0.425 0.571 0 0.005
0.426 0.529 0 0.005
0.426 0.542 0 0.005
0.426 0.649 0 0.005
0.427 0.033 0 0.005
0.427 0.057 0 0.005
0.427 0.364 0 0.005
0.427 0.419 0 0.005
0.427 0.686 0 0.005
0.428 0.093 0 0.005
0.428 0.128 0 0.005
0.428 0.235 0 0.005
0.428 0.405 0 0.005
0.429 0.245 0 0.005
0.429 0.264 0 0.005
0.43 0.165 0 0.005
0.43 0.203 0 0.005
0.43 0.431 0 0.005
0.43 0.511 0 0.005
0.432 0.395 0 0.005
0.432 0.624 0 0.005
0.432 0.661 0 0.005
0.432 0.733 0 0.005
0.433 0.695 0 0.005
0.434 0.75 0 0.005
0.435 0.256 0 0.005
0.435 0.501 0 0.005
0.435 0.958 0 0.005
0.436 0.6 0 0.005
0.437 0.718 0 0.005
0.437 0.937 0 0.005
0.438 0.073 0 0.005
0.438 0.194 0 0.005
0.438 0.865 0 0.005
0.439 0.46 0 0.005
0.439 0.615 0 0.005
0.439 0.922 0 0.005
0.44 0.274 0 0.005
0.44 0.316 0 0.005
0.44 0.759 0 0.005
0.441 0.109 0 0.005
0.442 0.589 0 0.005
0.442 0.664 0 0.005
0.443 0.687 0 0.005
0.444 0.527 0 0.005
0.444 0.538 0 0.005
0.444 0.818 0 0.005
0.445 0.341 0 0.005
0.445 0.396 0 0.005
0.445 0.89 0 0.005
0.445 0.981 0 0.005
0.446 0.212 0 0.005
0.446 0.411 0 0.005
0.446 0.747 0 0.005
0.446 0.773 0 0.005
0.447 0.165 0 0.005
0.447 0.253 0 0.005
0.447 0.378 0 0.005
0.447 0.433 0 0.005
0.447 0.472 0 0.005
0.448 0.016 0 0.005
0.448 0.362 0 0.005
0.448 0.736 0 0.005
0.449 0.46 0 0.005
0.449 0.805 0 0.005
0.451 0.516 0 0.005
0.451 0.939 0 0.005
0.452 0.912 0 0.005
0.453 0.195 0 0.005
0.453 0.714 0 0.005
0.454 0.0008095238095238096 0 0.005
0.454 0.271 0 0.005
0.454 0.317 0 0.005
0.454 0.387 0 0.005
0.454 0.815 0 0.005
0.455 0.107 0 0.005
0.455 0.146 0 0.005
0.455 0.349 0 0.005
0.455 0.662 0 0.005
0.455 0.861 0 0.005
0.457 0.947 0 0.005
0.457 0.991 0 0.005
0.458 0.579 0 0.005
0.458 0.622 0 0.005
0.458 0.901 0 0.005
0.459 0.01 0 0.005
0.459 0.061 0 0.005
0.459 0.696 0 0.005
0.46 0.025 0 0.005
0.46 0.226 0 0.005
0.46 0.289 0 0.005
0.46 0.649 0 0.005
0.461 0.132 0 0.005
0.461 0.78 0 0.005
0.462 0.432 0 0.005
0.462 0.553 0 0.005
0.463 0.514 0 0.005
0.463 0.836 0 0.005
0.464 0.342 0 0.005
0.464 0.722 0 0.005
0.464 0.884 0 0.005
0.464 0.926 0 0.005
0.465 0.739 0 0.005
0.465 0.864 0 0.005
0.465 0.959 0 0.005
0.466 0.273 0 0.005
0.466 0.589 0 0.005
0.467 0.208 0 0.005
0.467 0.357 0 0.005
0.468 0.452 0 0.005
0.468 0.491 0 0.005
0.468 0.995 0 0.005
0.469 0.762 0 0.005
0.47 0.03 0 0.005
0.47 0.087 0 0.005
0.47 0.789 0 0.005
0.471 0.238 0 0.005
0.471 0.54 0 0.005
0.471 0.618 0 0.005
0.471 0.83 0 0.005
0.472 0.0012666666666666666 0 0.005
0.473 0.054 0 0.005
0.473 0.118 0 0.005
0.473 0.397 0 0.005
0.473 0.462 0 0.005
0.473 0.524 0 0.005
0.473 0.55 0 0.005
0.474 0.428 0 0.005
0.475 0.011 0 0.005
0.475 0.192 0 0.005
0.475 0.774 0 0.005
0.475 0.913 0 0.005
0.475 0.925 0 0.005
0.476 0.165 0 0.005
0.476 0.596 0 0.005
0.476 0.645 0 0.005
0.476 0.738 0 0.005
0.476 0.851 0 0.005
0.476 0.936 0 0.005
0.477 0.38 0 0.005
0.477 0.627 0 0.005
0.479 0.678 0 0.005
0.48 0.271 0 0.005
0.48 0.283 0 0.005
0.48 0.363 0 0.005
0.48 0.607 0 0.005
0.48 0.882 0 0.005
0.481 0.133 0 0.005
0.481 0.577 0 0.005
0.481 0.87 0 0.005
0.481 0.957 0 0.005
0.482 0.333 0 0.005
0.482 0.389 0 0.005
0.482 0.412 0 0.005
0.482 0.617 0 0.005
0.483 0.299 0 0.005
0.484 0.083 0 0.005
0.484 0.441 0 0.005
0.484 0.787 0 0.005
0.485 0.024 0 0.005
0.485 0.041 0 0.005
0.485 0.817 0 0.005
0.486 0.11 0 0.005
0.486 0.255 0 0.005
0.486 0.906 0 0.005
0.487 0.148 0 0.005
0.487 0.177 0 0.005
0.487 0.918 0 0.005
0.487 0.976 0 0.005
0.488 0.775 0 0.005
0.489 0.209 0 0.005
0.489 0.425 0 0.005
0.489 0.481 0 0.005
0.489 0.496 0 0.005
0.49 0.062 0 0.005
0.49 0.235 0 0.005
0.49 0.396 0 0.005
0.49 0.609 0 0.005
0.49 0.627 0 0.005
0.49 0.685 0 0.005
0.49 0.745 0 0.005
0.491 0.556 0 0.005
0.491 0.667 0 0.005
0.492 0.157 0 0.005
0.492 0.598 0 0.005
0.492 0.756 0 0.005
0.492 0.886 0 0.005
0.494 0.442 0 0.005
0.494 0.525 0 0.005
0.494 0.647 0 0.005
0.494 0.855 0 0.005
0.494 0.927 0 0.005
0.494 0.955 0 0.005
0.495 0.008 0 0.005
0.495 0.34 0 0.005
0.496 0.263 0 0.005
0.496 0.866 0 0.005
0.496 0.942 0 0.005
0.497 0.304 0 0.005
0.499 0.031 0 0.005
0.499 0.101 0 0.005
0.499 0.212 0 0.005
0.499 0.351 0 0.005
0.499 0.404 0 0.005
0.5 0.384 0 0.005
0.5 0.492 0 0.005
0.5 0.578 0 0.005
0.5 0.732 0 0.005
0.501 0.02 0 0.005
0.501 0.891 0 0.005
0.502 0.195 0 0.005
0.502 0.476 0 0.005
0.502 0.792 0 0.005
0.502 0.802 0 0.005
0.503 0.46 0 0.005
0.503 0.568 0 0.005
0.503 0.613 0 0.005
0.503 0.847 0 0.005
0.504 0.048 0 0.005
0.504 0.14 0 0.005
0.504 0.65 0 0.005
0.504 0.9956875 0 0.005
0.506 0.37 0 0.005
0.506 0.556 0 0.005
0.506 0.637 0 0.005
0.506 0.663 0 0.005
0.506 0.969 0 0.005
0.507 0.064 0 0.005
0.507 0.116 0 0.005
0.507 0.153 0 0.005
0.507 0.171 0 0.005
0.507 0.239 0 0.005
0.508 0.277 0 0.005
0.508 0.318 0 0.005
0.508 0.435 0 0.005
0.508 0.596 0 0.005
0.508 0.721 0 0.005
0.509 0.287 0 0.005
0.509 0.346 0 0.005
0.509 0.69 0 0.005
0.51 0.098 0 0.005
0.51 0.297 0 0.005
0.51 0.329 0 0.005
0.51 0.877 0 0.005
0.511 0.03 0 0.005
0.511 0.707 0 0.005
0.511 0.731 0 0.005
0.511 0.781 0 0.005
0.512 0.219 0 0.005
0.512 0.618 0 0.005
0.513 0.759 0 0.005
0.514 0.355 0 0.005
0.514 0.443 0 0.005
0.514 0.851 0 0.005
0.514 0.888 0 0.005
0.515 0.054 0 0.005
0.515 0.378 0 0.005
0.515 0.407 0 0.005
0.515 0.509 0 0.005
0.515 0.914 0 0.005
0.516 0.59 0 0.005
0.516 0.64 0 0.005
0.516 0.901 0 0.005
0.517 0.462 0 0.005
0.517 0.745 0 0.005
0.518 0.084 0 0.005
0.518 0.719 0 0.005
0.519 0.041 0 0.005
0.519 0.128 0 0.005
0.519 0.15 0 0.005
0.519 0.179 0 0.005
0.519 0.257 0 0.005
0.52 0.245 0 0.005
0.52 0.65 0 0.005
0.521 0.235 0 0.005
0.521 0.287 0 0.005
0.521 0.661 0 0.005
0.521 0.729 0 0.005
0.522 0.196 0 0.005
0.522 0.948 0 0.005
0.523 0.335 0 0.005
0.523 0.574 0 0.005
0.523 0.672 0 0.005
0.524 0.161 0 0.005
0.524 0.388 0 0.005
0.524 0.542 0 0.005
0.524 0.986 0 0.005
0.525 0.69 0 0.005
0.526 0.1 0 0.005
0.526 0.496 0 0.005
0.527 0.319 0 0.005
0.528 0.373 0 0.005
0.528 0.702 0 0.005
0.528 0.762 0 0.005
0.528 0.833 0 0.005
0.529 0.034 0 0.005
0.53 0.112 0 0.005
0.53 0.134 0 0.005
0.53 0.224 0 0.005
0.53 0.348 0 0.005
0.53 0.397 0 0.005
0.53 0.593 0 0.005
0.53 0.63 0 0.005
0.531 0.0022291666666666666 0 0.005
0.532 0.015 0 0.005
0.532 0.153 0 0.005
0.532 0.235 0 0.005
0.532 0.579 0 0.005
0.532 0.787 0 0.005
0.532 0.904 0 0.005
0.533 0.203 0 0.005
0.533 0.436 0 0.005
0.533 0.467 0 0.005
0.533 0.61 0 0.005
0.533 0.933 0 0.005
0.534 0.092 0 0.005
0.534 0.964 0 0.005
0.535 0.561 0 0.005
0.536 0.504 0 0.005
0.536 0.68 0 0.005
0.536 0.717 0 0.005
0.537 0.287 0 0.005
0.538 0.173 0 0.005
0.539 0.007 0 0.005
0.539 0.183 0 0.005
0.539 0.737 0 0.005
0.539 0.885 0 0.005
0.54 0.242 0 0.005
0.54 0.624 0 0.005
0.54 0.851 0 0.005
0.541 0.943 0 0.005
0.542 0.338 0 0.005
0.542 0.394 0 0.005
0.542 0.643 0 0.005
0.542 0.757 0 0.005
0.543 0.512 0 0.005
0.543 0.656 0 0.005
0.543 0.785 0 0.005
0.544 0.031 0 0.005
0.544 0.87 0 0.005
0.545 0.304 0 0.005
0.545 0.594 0 0.005
0.545 0.611 0 0.005
0.545 0.773 0 0.005
0.545 0.966 0 0.005
0.546 0.428 0 0.005
0.546 0.689 0 0.005
0.547 0.117 0 0.005
0.547 0.492 0 0.005
0.547 0.704 0 0.005
0.547 0.9972564102564103 0 0.005
0.548 0.815 0 0.005
0.549 0.048 0 0.005
0.549 0.321 0 0.005
0.549 0.351 0 0.005
0.549 0.842 0 0.005
0.549 0.856 0 0.005
0.549 0.912 0 0.005
0.551 0.148 0 0.005
0.551 0.211 0 0.005
0.551 0.449 0 0.005
0.552 0.263 0 0.005
0.552 0.54 0 0.005
0.552 0.624 0 0.005
0.553 0.887 0 0.005
0.553 0.945 0 0.005
0.554 0.503 0 0.005
0.554 0.645 0 0.005
0.554 0.899 0 0.005
0.554 0.921 0 0.005
0.555 0.018 0 0.005
0.555 0.469 0 0.005
0.555 0.553 0 0.005
0.555 0.717 0 0.005
0.556 0.137 0 0.005
0.556 0.201 0 0.005
0.556 0.602 0 0.005
0.556 0.69 0 0.005
0.557 0.189 0 0.005
0.557 0.339 0 0.005
0.557 0.7 0 0.005
0.557 0.74 0 0.005
0.558 0.124 0 0.005
0.558 0.162 0 0.005
0.558 0.59 0 0.005
0.558 0.634 0 0.005
0.558 0.656 0 0.005
0.558 0.973 0 0.005
0.559 0.029 0 0.005
0.559 0.786 0 0.005
0.559 0.9977333333333334 0 0.005
0.56 0.004 0 0.005
0.56 0.094 0 0.005
0.56 0.236 0 0.005
0.56 0.288 0 0.005
0.561 0.071 0 0.005
0.561 0.673 0 0.005
0.562 0.22 0 0.005
0.562 0.421 0 0.005
0.562 0.859 0 0.005
0.563 0.318 0 0.005
0.563 0.522 0 0.005
0.564 0.053 0 0.005
0.564 0.306 0 0.005
0.564 0.537 0 0.005
0.564 0.834 0 0.005
0.564 0.874 0 0.005
0.565 0.409 0 0.005
0.566 0.257 0 0.005
0.566 0.81 0 0.005
0.567 0.722 0 0.005
0.569 0.681 0 0.005
0.57 0.062 0 0.005
0.57 0.696 0 0.005
0.57 0.765 0 0.005
0.571 0.156 0 0.005
0.571 0.196 0 0.005
0.572 0.075 0 0.005
0.572 0.107 0 0.005
0.572 0.266 0 0.005
0.573 0.015 0 0.005
0.573 0.118 0 0.005
0.573 0.238 0 0.005
0.573 0.287 0 0.005
0.573 0.455 0 0.005
0.573 0.547 0 0.005
0.573 0.582 0 0.005
0.574 0.523 0 0.005
0.574 0.91 0 0.005
0.575 0.733 0 0.005
0.575 0.879 0 0.005
0.576 0.0008095238095238096 0 0.005
0.576 0.17 0 0.005
0.576 0.445 0 0.005
0.576 0.843 0 0.005
0.577 0.044 0 0.005
0.577 0.642 0 0.005
0.577 0.804 0 0.005
0.577 0.954 0 0.005
0.577 0.966 0 0.005
0.578 0.03 0 0.005
0.578 0.225 0 0.005
0.578 0.469 0 0.005
0.578 0.557 0 0.005
0.578 0.594 0 0.005
0.578 0.667 0 0.005
0.579 0.317 0 0.005
0.579 0.327 0 0.005
0.58 0.09 0 0.005
0.58 0.189 0 0.005
0.58 0.71 0 0.005
0.58 0.774 0 0.005
0.58 0.794 0 0.005
0.581 0.757 0 0.005
0.582 0.572 0 0.005
0.583 0.108 0 0.005
0.583 0.405 0 0.005
0.583 0.923 0 0.005
0.584 0.355 0 0.005
0.584 0.534 0 0.005
0.584 0.547 0 0.005
0.585 0.836 0 0.005
0.585 0.872 0 0.005
0.586 0.075 0 0.005
0.586 0.294 0 0.005
0.586 0.366 0 0.005
0.586 0.746 0 0.005
0.587 0.608 0 0.005
0.588 0.266 0 0.005
0.589 0.037 0 0.005
0.589 0.487 0 0.005
0.589 0.898 0 0.005
0.589 0.976 0 0.005
0.589 0.989 0 0.005
0.59 0.189 0 0.005
0.59 0.633 0 0.005
0.591 0.084 0 0.005
0.591 0.497 0 0.005
0.592 0.01 0 0.005
0.592 0.581 0 0.005
0.592 0.816 0 0.005
0.594 0.095 0 0.005
0.594 0.113 0 0.005
0.594 0.311 0 0.005
0.594 0.423 0 0.005
0.594 0.622 0 0.005
0.594 0.963 0 0.005
0.595 0.167 0 0.005
0.595 0.464 0 0.005
0.595 0.551 0 0.005
0.595 0.839 0 0.005
0.595 0.951 0 0.005
0.596 0.394 0 0.005
0.596 0.712 0 0.005
0.597 0.22 0 0.005
0.597 0.642 0 0.005
0.597 0.913 0 0.005
0.598 0.068 0 0.005
0.598 0.745 0 0.005
0.599 0.872 0 0.005
0.6 0.21 0 0.005
0.6 0.76 0 0.005
0.6 0.824 0 0.005
0.601 0.178 0 0.005
0.601 0.605 0 0.005
0.602 0.029 0 0.005
0.602 0.276 0 0.005
0.602 0.522 0 0.005
0.602 0.969 0 0.005
0.603 0.149 0 0.005
0.603 0.199 0 0.005
0.603 0.383 0 0.005
0.603 0.672 0 0.005
0.603 0.809 0 0.005
0.604 0.35 0 0.005
0.604 0.411 0 0.005
0.605 0.434 0 0.005
0.605 0.574 0 0.005
0.605 0.778 0 0.005
0.606 0.3 0 0.005
0.606 0.452 0 0.005
0.606 0.467 0 0.005
0.606 0.542 0 0.005
0.606 0.952 0 0.005
0.607 0.051 0 0.005
0.607 0.084 0 0.005
0.607 0.694 0 0.005
0.608 0.618 0 0.005
0.609 0.29 0 0.005
0.609 0.68 0 0.005
0.609 0.791 0 0.005
0.61 0.12 0 0.005
0.61 0.16 0 0.005
0.61 0.556 0 0.005
0.611 0.094 0 0.005
0.611 0.254 0 0.005
0.611 0.358 0 0.005
0.611 0.728 0 0.005
0.611 0.908 0 0.005
0.612 0.232 0 0.005
0.613 0.073 0 0.005
0.613 0.801 0 0.005
0.613 0.982 0 0.005
0.614 0.188 0 0.005
0.614 0.242 0 0.005
0.615 0.378 0 0.005
0.615 0.933 0 0.005
0.616 0.147 0 0.005
0.616 0.206 0 0.005
0.616 0.544 0 0.005
0.616 0.759 0 0.005
0.616 0.876 0 0.005
0.617 0.025 0 0.005
0.617 0.043 0 0.005
0.617 0.132 0 0.005
0.617 0.297 0 0.005
0.617 0.435 0 0.005
0.617 0.587 0 0.005
0.617 0.659 0 0.005
0.617 0.826 0 0.005
0.617 0.921 0 0.005
0.618 0.308 0 0.005
0.618 0.395 0 0.005
0.618 0.446 0 0.005
0.618 0.864 0 0.005
0.619 0.263 0 0.005
0.621 0.053 0 0.005
0.622 0.327 0 0.005
0.622 0.512 0 0.005
0.622 0.902 0 0.005
0.623 0.35 0 0.005
0.624 0.123 0 0.005
0.624 0.153 0 0.005
0.624 0.637 0 0.005
0.625 0.481 0 0.005
0.625 0.495 0 0.005
0.625 0.604 0 0.005
0.625 0.668 0 0.005
0.625 0.884 0 0.005
0.625 0.945 0 0.005
0.625 0.9956875 0 0.005
0.627 0.205 0 0.005
0.627 0.378 0 0.005
0.627 0.583 0 0.005
0.627 0.789 0 0.005
0.629 0.0017435897435897436 0 0.005
0.629 0.313 0 0.005
0.629 0.389 0 0.005
0.63 0.182 0 0.005
0.63 0.361 0 0.005
0.63 0.453 0 0.005
0.631 0.255 0 0.005
0.631 0.544 0 0.005
0.631 0.647 0 0.005
0.631 0.922 0 0.005
0.632 0.985 0 0.005
0.633 0.625 0 0.005
0.633 0.679 0 0.005
0.634 0.569 0 0.005
0.634 0.722 0 0.005
0.635 0.053 0 0.005
0.635 0.063 0 0.005
0.635 0.278 0 0.005
0.635 0.327 0 0.005
0.635 0.699 0 0.005
0.635 0.736 0 0.005
0.635 0.776 0 0.005
0.636 0.52 0 0.005
0.636 0.9 0 0.005
0.636 0.965 0 0.005
0.637 0.166 0 0.005
0.637 0.216 0 0.005
0.637 0.437 0 0.005
0.637 0.849 0 0.005
0.637 0.87 0 0.005
0.638 0.104 0 0.005
0.641 0.021 0 0.005
0.641 0.083 0 0.005
0.641 0.355 0 0.005
0.641 0.449 0 0.005
0.641 0.6 0 0.005
0.642 0.225 0 0.005
0.643 0.468 0 0.005
0.643 0.577 0 0.005
0.643 0.912 0 0.005
0.643 0.9967708333333334 0 0.005
0.644 0.332 0 0.005
0.644 0.729 0 0.005
0.645 0.656 0 0.005
0.645 0.83 0 0.005
0.646 0.97 0 0.005
0.647 0.485 0 0.005
0.647 0.536 0 0.005
0.647 0.758 0 0.005
0.647 0.782 0 0.005
0.648 0.113 0 0.005
0.648 0.372 0 0.005
0.648 0.62 0 0.005
0.649 0.548 0 0.005
0.649 0.711 0 0.005
0.649 0.89 0 0.005
0.65 0.095 0 0.005
0.65 0.136 0 0.005
0.65 0.312 0 0.005
0.65 0.928 0 0.005
0.65 0.944 0 0.005
0.651 0.194 0 0.005
0.651 0.404 0 0.005
0.651 0.855 0 0.005
0.652 0.502 0 0.005
0.652 0.771 0 0.005
0.653 0.055 0 0.005
0.653 0.355 0 0.005
0.653 0.609 0 0.005
0.654 0.241 0 0.005
0.654 0.737 0 0.005
0.654 0.793 0 0.005
0.655 0.082 0 0.005
0.655 0.302 0 0.005
0.656 0.103 0 0.005
0.656 0.419 0 0.005
0.656 0.803 0 0.005
0.656 0.87 0 0.005
0.657 0.487 0 0.005
0.657 0.574 0 0.005
0.659 0.47 0 0.005
0.66 0.219 0 0.005
0.66 0.543 0 0.005
0.66 0.831 0 0.005
0.66 0.981 0 0.005
0.658 0.999 0 0.005
0.661 0.156 0 0.005
0.661 0.292 0 0.005
0.661 0.497 0 0.005
0.661 0.521 0 0.005
0.661 0.932 0 0.005
0.662 0.345 0 0.005
0.662 0.692 0 0.005
0.663 0.607 0 0.005
0.663 0.883 0 0.005
0.664 0.267 0 0.005
0.664 0.703 0 0.005
0.665 0.411 0 0.005
0.665 0.962 0 0.005
0.666 0.565 0 0.005
0.666 0.84 0 0.005
0.666 0.863 0 0.005
0.667 0.0022291666666666666 0 0.005
0.667 0.102 0 0.005
0.667 0.32 0 0.005
0.667 0.331 0 0.005
0.667 0.426 0 0.005
0.668 0.727 0 0.005
0.669 0.192 0 0.005
0.669 0.258 0 0.005
0.67 0.779 0 0.005
0.67 0.894 0 0.005
0.671 0.02 0 0.005
0.671 0.173 0 0.005
0.671 0.874 0 0.005
0.672 0.124 0 0.005
0.673 0.445 0 0.005
0.673 0.66 0 0.005
0.673 0.792 0 0.005
0.674 0.224 0 0.005
0.674 0.382 0 0.005
0.674 0.675 0 0.005
0.674 0.907 0 0.005
0.676 0.044 0 0.005
0.677 0.291 0 0.005
0.677 0.357 0 0.005
0.677 0.609 0 0.005
0.677 0.921 0 0.005
0.678 0.148 0 0.005
0.678 0.506 0 0.005
0.678 0.711 0 0.005
0.679 0.058 0 0.005
0.679 0.577 0 0.005
0.679 0.765 0 0.005
0.679 0.931 0 0.005
0.679 0.0004166666666666667 0 0.005
0.68 0.249 0 0.005
0.68 0.456 0 0.005
0.68 0.733 0 0.005
0.68 0.9956875 0 0.005
0.681 0.069 0 0.005
0.681 0.644 0 0.005
0.681 0.975 0 0.005
0.682 0.389 0 0.005
0.683 0.02 0 0.005
0.683 0.194 0 0.005
0.683 0.32 0 0.005
0.683 0.695 0 0.005
0.683 0.854 0 0.005
0.684 0.843 0 0.005
0.684 0.96 0 0.005
0.685 0.331 0 0.005
0.685 0.914 0 0.005
0.686 0.104 0 0.005
0.686 0.875 0 0.005
0.686 0.902 0 0.005
0.687 0.043 0 0.005
0.687 0.16 0 0.005
0.687 0.546 0 0.005
0.687 0.585 0 0.005
0.687 0.775 0 0.005
0.687 0.889 0 0.005
0.688 0.348 0 0.005
0.688 0.408 0 0.005
0.688 0.598 0 0.005
0.689 0.271 0 0.005
0.689 0.478 0 0.005
0.689 0.984 0 0.005
0.69 0.142 0 0.005
0.69 0.495 0 0.005
0.69 0.745 0 0.005
0.691 0.171 0 0.005
0.691 0.616 0 0.005
0.691 0.803 0 0.005
0.691 0.944 0 0.005
0.692 0.057 0 0.005
0.692 0.237 0 0.005
0.692 0.255 0 0.005
0.692 0.379 0 0.005
0.692 0.703 0 0.005
0.692 0.864 0 0.005
0.693 0.115 0 0.005
0.694 0.359 0 0.005
0.694 0.509 0 0.005
0.694 0.671 0 0.005
0.695 0.012 0 0.005
0.695 0.096 0 0.005
0.695 0.206 0 0.005
0.695 0.429 0 0.005
0.695 0.467 0 0.005
0.696 0.338 0 0.005
0.696 0.726 0 0.005
0.696 0.958 0 0.005
0.697 0.125 0 0.005
0.697 0.195 0 0.005
0.697 0.305 0 0.005
0.698 0.52 0 0.005
0.699 0.082 0 0.005
0.699 0.659 0 0.005
0.699 0.712 0 0.005
0.698 0.0 0 0.005
0.7 0.03 0 0.005
0.7 0.743 0 0.005
0.698 0.999 0 0.005
0.701 0.348 0 0.005
0.701 0.437 0 0.005
0.701 0.542 0 0.005
0.701 0.585 0 0.005
0.701 0.817 0 0.005
0.702 0.453 0 0.005
0.702 0.611 0 0.005
0.702 0.764 0 0.005
0.702 0.92 0 0.005
0.703 0.273 0 0.005
0.704 0.254 0 0.005
0.704 0.842 0 0.005
0.704 0.97 0 0.005
0.705 0.789 0 0.005
0.706 0.022 0 0.005
0.706 0.406 0 0.005
0.706 0.418 0 0.005
0.706 0.566 0 0.005
0.706 0.594 0 0.005
0.706 0.673 0 0.005
0.706 0.892 0 0.005
0.707 0.066 0 0.005
0.707 0.128 0 0.005
0.707 0.334 0 0.005
0.707 0.532 0 0.005
0.707 0.626 0 0.005
0.707 0.724 0 0.005
0.707 0.86 0 0.005
0.707 0.903 0 0.005
0.708 0.112 0 0.005
0.708 0.232 0 0.005
0.708 0.641 0 0.005
0.709 0.654 0 0.005
0.709 0.9956875 0 0.005
0.71 0.218 0 0.005
0.71 0.38 0 0.005
0.71 0.687 0 0.005
0.71 0.712 0 0.005
0.71 0.984 0 0.005
0.712 0.05 0 0.005
0.712 0.447 0 0.005
0.712 0.74 0 0.005
0.712 0.851 0 0.005
0.713 0.286 0 0.005
0.714 0.0017435897435897436 0 0.005
0.715 0.345 0 0.005
0.715 0.435 0 0.005
0.715 0.48 0 0.005
0.715 0.939 0 0.005
0.715 0.953 0 0.005
0.716 0.078 0 0.005
0.716 0.098 0 0.005
0.717 0.835 0 0.005
0.717 0.973 0 0.005
0.718 0.024 0 0.005
0.718 0.416 0 0.005
0.718 0.463 0 0.005
0.719 0.534 0 0.005
0.72 0.157 0 0.005
0.72 0.589 0 0.005
0.72 0.687 0 0.005
0.72 0.795 0 0.005
0.721 0.782 0 0.005
0.722 0.109 0 0.005
0.722 0.546 0 0.005
0.722 0.608 0 0.005
0.722 0.904 0 0.005
0.723 0.055 0 0.005
0.723 0.088 0 0.005
0.723 0.245 0 0.005
0.723 0.375 0 0.005
0.724 0.646 0 0.005
0.725 0.146 0 0.005
0.725 0.334 0 0.005
0.725 0.869 0 0.005
0.725 0.956 0 0.005
0.726 0.232 0 0.005
0.727 0.171 0 0.005
0.727 0.473 0 0.005
0.727 0.618 0 0.005
0.728 0.631 0 0.005
0.73 0.209 0 0.005
0.73 0.447 0 0.005
0.73 0.554 0 0.005
0.73 0.58 0 0.005
0.73 0.676 0 0.005
0.73 0.687 0 0.005
0.73 0.83 0 0.005
0.731 0.102 0 0.005
0.731 0.806 0 0.005
0.732 0.777 0 0.005
0.732 0.794 0 0.005
0.734 0.37 0 0.005
0.734 0.608 0 0.005
0.735 0.596 0 0.005
0.736 0.0012666666666666666 0 0.005
0.736 0.314 0 0.005
0.736 0.327 0 0.005
0.737 0.035 0 0.005
0.737 0.196 0 0.005
0.737 0.354 0 0.005
0.737 0.383 0 0.005
0.737 0.571 0 0.005
0.737 0.876 0 0.005
0.738 0.401 0 0.005
0.738 0.866 0 0.005
0.738 0.964 0 0.005
0.739 0.137 0 0.005
0.74 0.056 0 0.005
0.74 0.077 0 0.005
0.74 0.65 0 0.005
0.74 0.826 0 0.005
0.74 0.954 0 0.005
0.74 0.99 0 0.005
0.741 0.344 0 0.005
0.741 0.414 0 0.005
0.741 0.478 0 0.005
0.741 0.587 0 0.005
0.742 0.539 0 0.005
0.743 0.238 0 0.005
0.743 0.742 0 0.005
0.743 0.809 0 0.005
0.743 0.892 0 0.005
0.743 0.916 0 0.005
0.744 0.107 0 0.005
0.744 0.179 0 0.005
0.744 0.754 0 0.005
0.744 0.935 0 0.005
0.746 0.424 0 0.005
0.746 0.61 0 0.005
0.747 0.066 0 0.005
0.747 0.15 0 0.005
0.747 0.518 0 0.005
0.747 0.702 0 0.005
0.748 0.249 0 0.005
0.748 0.637 0 0.005
0.748 0.679 0 0.005
0.749 0.356 0 0.005
0.75 0.024 0 0.005
0.75 0.217 0 0.005
0.75 0.864 0 0.005
0.751 0.731 0 0.005
0.751 0.799 0 0.005
0.752 0.316 0 0.005
0.752 0.579 0 0.005
0.753 0.44 0 0.005
0.754 0.084 0 0.005
0.754 0.194 0 0.005
0.754 0.405 0 0.005
0.754 0.454 0 0.005
0.754 0.508 0 0.005
0.756 0.108 0 0.005
0.756 0.181 0 0.005
0.756 0.304 0 0.005
0.757 0.065 0 0.005
0.757 0.343 0 0.005
0.757 0.744 0 0.005
0.757 0.94 0 0.005
0.757 0.983 0 0.005
0.758 0.713 0 0.005
0.758 0.762 0 0.005
0.758 0.832 0 0.005
0.759 0.151 0 0.005
0.759 0.959 0 0.005
0.76 0.052 0 0.005
0.76 0.166 0 0.005
0.76 0.622 0 0.005
0.76 0.791 0 0.005
0.761 0.141 0 0.005
0.761 0.43 0 0.005
0.761 0.853 0 0.005
0.761 0.873 0 0.005
0.763 0.284 0 0.005
0.764 0.355 0 0.005
0.764 0.454 0 0.005
0.764 0.704 0 0.005
0.764 0.863 0 0.005
0.765 0.379 0 0.005
0.765 0.56 0 0.005
0.765 0.604 0 0.005
0.765 0.804 0 0.005
0.765 0.919 0 0.005
0.766 0.336 0 0.005
0.766 0.57 0 0.005
0.766 0.901 0 0.005
0.767 0.126 0 0.005
0.768 0.114 0 0.005
0.768 0.206 0 0.005
0.768 0.326 0 0.005
0.768 0.733 0 0.005
0.769 0.018 0 0.005
0.77 0.065 0 0.005
0.77 0.5 0 0.005
0.771 0.034 0 0.005
0.771 0.087 0 0.005
0.771 0.813 0 0.005
0.771 0.837 0 0.005
0.771 0.929 0 0.005
0.772 0.979 0 0.005
0.773 0.222 0 0.005
0.773 0.485 0 0.005
0.773 0.551 0 0.005
0.773 0.675 0 0.005
0.773 0.745 0 0.005
0.773 0.775 0 0.005
0.774 0.291 0 0.005
0.774 0.402 0 0.005
0.774 0.586 0 0.005
0.775 0.051 0 0.005
0.775 0.106 0 0.005
0.775 0.233 0 0.005
0.775 0.314 0 0.005
0.775 0.606 0 0.005
0.776 0.273 0 0.005
0.776 0.38 0 0.005
0.776 0.523 0 0.005
0.777 0.144 0 0.005
0.777 0.688 0 0.005
0.778 0.182 0 0.005
0.778 0.444 0 0.005
0.779 0.166 0 0.005
0.779 0.802 0 0.005
0.779 0.87 0 0.005
0.779 0.897 0 0.005
0.78 0.252 0 0.005
0.78 0.337 0 0.005
0.78 0.353 0 0.005
0.78 0.665 0 0.005
0.78 0.97 0 0.005
0.781 0.433 0 0.005
0.781 0.702 0 0.005
0.783 0.033 0 0.005
0.783 0.751 0 0.005
0.783 0.841 0 0.005
0.784 0.504 0 0.005
0.784 0.735 0 0.005
0.785 0.0022291666666666666 0 0.005
0.785 0.117 0 0.005
0.785 0.19 0 0.005
0.785 0.32 0 0.005
0.786 0.27 0 0.005
0.786 0.286 0 0.005
0.786 0.563 0 0.005
0.786 0.821 0 0.005
0.787 0.212 0 0.005
0.787 0.381 0 0.005
0.788 0.151 0 0.005
0.788 0.223 0 0.005
0.788 0.479 0 0.005
0.788 0.518 0 0.005
0.788 0.577 0 0.005
0.788 0.628 0 0.005
0.788 0.69 0 0.005
0.789 0.06 0 0.005
0.789 0.416 0 0.005
0.789 0.89 0 0.005
0.789 0.902 0 0.005
0.79 0.126 0 0.005
0.79 0.439 0 0.005
0.79 0.546 0 0.005
0.79 0.607 0 0.005
0.791 0.593 0 0.005
0.791 0.925 0 0.005
0.793 0.334 0 0.005
0.793 0.466 0 0.005
0.794 0.293 0 0.005
0.794 0.669 0 0.005
0.794 0.748 0 0.005
0.794 0.758 0 0.005
0.795 0.095 0 0.005
0.795 0.31 0 0.005
0.795 0.359 0 0.005
0.795 0.62 0 0.005
0.796 0.078 0 0.005
0.796 0.639 0 0.005
0.797 0.203 0 0.005
0.797 0.809 0 0.005
0.797 0.964 0 0.005
0.798 0.85 0 0.005
0.799 0.109 0 0.005
0.799 0.249 0 0.005
0.799 0.387 0 0.005
0.799 0.831 0 0.005
0.8 0.231 0 0.005
0.801 0.322 0 0.005
0.801 0.442 0 0.005
0.801 0.648 0 0.005
0.802 0.175 0 0.005
0.802 0.599 0 0.005
0.803 0.016 0 0.005
0.803 0.195 0 0.005
0.803 0.614 0 0.005
0.804 0.138 0 0.005
0.804 0.668 0 0.005
0.805 0.153 0 0.005
0.805 0.363 0 0.005
0.805 0.788 0 0.005
0.806 0.288 0 0.005
0.806 0.773 0 0.005
0.806 0.937 0 0.005
0.806 0.975 0 0.005
0.807 0.077 0 0.005
0.808 0.478 0 0.005
0.808 0.551 0 0.005
0.808 0.59 0 0.005
0.808 0.924 0 0.005
0.809 0.125 0 0.005
0.809 0.238 0 0.005
0.809 0.907 0 0.005
0.81 0.308 0 0.005
0.81 0.432 0 0.005
0.81 0.699 0 0.005
0.811 0.11 0 0.005
0.811 0.563 0 0.005
0.811 0.58 0 0.005
0.811 0.841 0 0.005
0.812 0.338 0 0.005
0.812 0.506 0 0.005
0.812 0.624 0 0.005
0.813 0.029 0 0.005
0.813 0.167 0 0.005
0.813 0.53 0 0.005
0.814 0.469 0 0.005
0.814 0.681 0 0.005
0.815 0.248 0 0.005
0.815 0.751 0 0.005
0.815 0.819 0 0.005
0.816 0.195 0 0.005
0.816 0.414 0 0.005
0.816 0.602 0 0.005
0.816 0.772 0 0.005
0.816 0.83 0 0.005
0.817 0.378 0 0.005
0.817 0.643 0 0.005
0.817 0.73 0 0.005
0.818 0.038 0 0.005
0.818 0.486 0 0.005
0.818 0.616 0 0.005
0.819 0.238 0 0.005
0.82 0.792 0 0.005
0.82 0.921 0 0.005
0.821 0.258 0 0.005
0.821 0.451 0 0.005
0.821 0.965 0 0.005
0.822 0.155 0 0.005
0.822 0.307 0 0.005
0.822 0.707 0 0.005
0.823 0.653 0 0.005
0.824 0.005 0 0.005
0.824 0.021 0 0.005
0.824 0.42 0 0.005
0.824 0.689 0 0.005
0.825 0.066 0 0.005
0.825 0.138 0 0.005
0.825 0.295 0 0.005
0.825 0.813 0 0.005
0.826 0.539 0 0.005
0.826 0.583 0 0.005
0.826 0.951 0 0.005
0.827 0.088 0 0.005
0.827 0.753 0 0.005
0.828 0.316 0 0.005
0.828 0.743 0 0.005
0.828 0.906 0 0.005
0.829 0.231 0 0.005
0.829 0.551 0 0.005
0.829 0.867 0 0.005
0.83 0.174 0 0.005
0.83 0.9972564102564103 0 0.005
0.831 0.115 0 0.005
0.831 0.185 0 0.005
0.831 0.408 0 0.005
0.831 0.61 0 0.005
0.831 0.917 0 0.005
0.832 0.015 0 0.005
0.832 0.67 0 0.005
0.832 0.842 0 0.005
0.833 0.278 0 0.005
0.833 0.37 0 0.005
0.833 0.388 0 0.005
0.833 0.489 0 0.005
0.833 0.637 0 0.005
0.833 0.762 0 0.005
0.833 0.821 0 0.005
0.834 0.028 0 0.005
0.834 0.339 0 0.005
0.834 0.45 0 0.005
0.835 0.063 0 0.005
0.835 0.357 0 0.005
0.835 0.433 0 0.005
0.835 0.728 0 0.005
0.836 0.041 0 0.005
0.836 0.471 0 0.005
0.836 0.778 0 0.005
0.837 0.46 0 0.005
0.837 0.709 0 0.005
0.838 0.132 0 0.005
0.838 0.251 0 0.005
0.838 0.302 0 0.005
0.839 0.146 0 0.005
0.839 0.623 0 0.005
0.84 0.655 0 0.005
0.842 0.097 0 0.005
0.842 0.322 0 0.005
0.842 0.605 0 0.005
0.842 0.677 0 0.005
0.842 0.79 0 0.005
0.842 0.826 0 0.005
0.843 0.226 0 0.005
0.843 0.517 0 0.005
0.843 0.749 0 0.005
0.843 0.987 0 0.005
0.844 0.278 0 0.005
0.844 0.348 0 0.005
0.844 0.634 0 0.005
0.844 0.9977333333333334 0 0.005
0.845 0.701 0 0.005
0.846 0.264 0 0.005
0.846 0.288 0 0.005
0.846 0.402 0 0.005
0.846 0.557 0 0.005
0.847 0.0033125 0 0.005
0.847 0.689 0 0.005
0.847 0.729 0 0.005
0.848 0.021 0 0.005
0.848 0.136 0 0.005
0.848 0.84 0 0.005
0.849 0.147 0 0.005
0.849 0.883 0 0.005
0.849 0.961 0 0.005
0.85 0.084 0 0.005
0.85 0.452 0 0.005
0.85 0.593 0 0.005
0.851 0.21 0 0.005
0.851 0.439 0 0.005
0.851 0.481 0 0.005
0.851 0.533 0 0.005
0.851 0.938 0 0.005
0.852 0.248 0 0.005
0.852 0.712 0 0.005
0.853 0.2 0 0.005
0.853 0.572 0 0.005
0.854 0.327 0 0.005
0.854 0.369 0 0.005
0.855 0.059 0 0.005
0.855 0.279 0 0.005
0.856 0.099 0 0.005
0.856 0.228 0 0.005
0.856 0.661 0 0.005
0.856 0.804 0 0.005
0.856 0.991 0 0.005
0.857 0.004 0 0.005
0.857 0.355 0 0.005
0.857 0.634 0 0.005
0.857 0.85 0 0.005
0.859 0.337 0 0.005
0.859 0.425 0 0.005
0.859 0.765 0 0.005
0.859 0.824 0 0.005
0.86 0.027 0 0.005
0.86 0.164 0 0.005
0.86 0.673 0 0.005
0.861 0.271 0 0.005
0.861 0.498 0 0.005
0.861 0.596 0 0.005
0.861 0.921 0 0.005
0.861 0.961 0 0.005
0.862 0.297 0 0.005
0.862 0.509 0 0.005
0.863 0.044 0 0.005
0.863 0.307 0 0.005
0.863 0.452 0 0.005
0.863 0.793 0 0.005
0.864 0.11 0 0.005
0.864 0.14 0 0.005
0.864 0.286 0 0.005
0.864 0.536 0 0.005
0.864 0.887 0 0.005
0.866 0.639 0 0.005
0.866 0.942 0 0.005
0.866 0.975 0 0.005
0.867 0.739 0 0.005
0.867 0.867 0 0.005
0.869 0.012 0 0.005
0.869 0.087 0 0.005
0.869 0.551 0 0.005
0.869 0.781 0 0.005
0.869 0.819 0 0.005
0.87 0.198 0 0.005
0.87 0.483 0 0.005
0.871 0.169 0 0.005
0.871 0.397 0 0.005
0.871 0.692 0 0.005
0.871 0.966 0 0.005
0.872 0.099 0 0.005
0.872 0.663 0 0.005
0.873 0.184 0 0.005
0.874 0.064 0 0.005
0.874 0.151 0 0.005
0.874 0.422 0 0.005
0.874 0.458 0 0.005
0.874 0.678 0 0.005
0.874 0.833 0 0.005
0.876 0.253 0 0.005
0.876 0.753 0 0.005
0.877 0.435 0 0.005
0.877 0.605 0 0.005
0.879 0.862 0 0.005
0.88 0.027 0 0.005
0.88 0.478 0 0.005
0.88 0.785 0 0.005
0.881 0.668 0 0.005
0.882 0.772 0 0.005
0.883 0.225 0 0.005
0.883 0.464 0 0.005
0.883 0.574 0 0.005
0.884 0.105 0 0.005
0.884 0.628 0 0.005
0.884 0.918 0 0.005
0.884 0.928 0 0.005
0.885 0.015 0 0.005
0.885 0.518 0 0.005
0.885 0.992 0 0.005
0.886 0.175 0 0.005
0.886 0.314 0 0.005
0.887 0.386 0 0.005
0.887 0.879 0 0.005
0.887 0.89 0 0.005
0.888 0.089 0 0.005
0.888 0.127 0 0.005
0.888 0.451 0 0.005
0.888 0.533 0 0.005
0.888 0.644 0 0.005
0.888 0.737 0 0.005
0.889 0.063 0 0.005
0.889 0.8 0 0.005
0.889 0.828 0 0.005
0.889 0.851 0 0.005
0.89 0.002719298245614035 0 0.005
0.89 0.028 0 0.005
0.89 0.28 0 0.005
0.89 0.342 0 0.005
0.89 0.947 0 0.005
0.891 0.197 0 0.005
0.891 0.269 0 0.005
0.891 0.33 0 0.005
0.892 0.374 0 0.005
0.892 0.509 0 0.005
0.892 0.72 0 0.005
0.894 0.113 0 0.005
0.894 0.164 0 0.005
0.894 0.223 0 0.005
0.894 0.362 0 0.005
0.894 0.412 0 0.005
0.894 0.774 0 0.005
0.895 0.046 0 0.005
0.895 0.459 0 0.005
0.895 0.585 0 0.005
0.895 0.616 0 0.005
0.895 0.664 0 0.005
0.895 0.838 0 0.005
0.896 0.707 0 0.005
0.896 0.757 0 0.005
0.896 0.911 0 0.005
0.898 0.478 0 0.005
0.898 0.74 0 0.005
0.899 0.077 0 0.005
0.899 0.35 0 0.005
0.899 0.548 0 0.005
0.9 0.246 0 0.005
0.9 0.974 0 0.005
0.901 0.101 0 0.005
0.901 0.87 0 0.005
0.902 0.859 0 0.005
0.903 0.394 0 0.005
0.903 0.512 0 0.005
0.903 0.782 0 0.005
0.903 0.949 0 0.005
0.904 0.151 0 0.005
0.904 0.301 0 0.005
0.904 0.689 0 0.005
0.904 0.802 0 0.005
0.905 0.181 0 0.005
0.906 0.01 0 0.005
0.906 0.136 0 0.005
0.907 0.207 0 0.005
0.908 0.052 0 0.005
0.908 0.342 0 0.005
0.908 0.829 0 0.005
0.908 0.908 0 0.005
0.909 0.404 0 0.005
0.91 0.122 0 0.005
0.91 0.168 0 0.005
0.91 0.355 0 0.005
0.91 0.457 0 0.005
0.91 0.733 0 0.005
0.91 0.938 0 0.005
0.911 0.533 0 0.005
0.911 0.566 0 0.005
0.911 0.679 0 0.005
0.911 0.704 0 0.005
0.911 0.889 0 0.005
0.913 0.278 0 0.005
0.913 0.643 0 0.005
0.913 0.779 0 0.005
0.913 0.954 0 0.005
0.914 0.215 0 0.005
0.914 0.233 0 0.005
0.914 0.373 0 0.005
0.914 0.433 0 0.005
0.914 0.469 0 0.005
0.916 0.06 0 0.005
0.916 0.08 0 0.005
0.916 0.268 0 0.005
0.916 0.875 0 0.005
0.916 0.9977333333333334 0 0.005
0.918 0.335 0 0.005
0.918 0.361 0 0.005
0.918 0.624 0 0.005
0.918 0.671 0 0.005
0.919 0.388 0 0.005
0.919 0.768 0 0.005
0.92 0.188 0 0.005
0.921 0.504 0 0.005
0.921 0.91 0 0.005
0.921 0.975 0 0.005
0.922 0.1 0 0.005
0.922 0.253 0 0.005
0.922 0.289 0 0.005
0.923 0.203 0 0.005
0.923 0.462 0 0.005
0.923 0.517 0 0.005
0.923 0.723 0 0.005
0.923 0.784 0 0.005
0.923 0.946 0 0.005
0.923 0.0004166666666666667 0 0.005
0.924 0.156 0 0.005
0.924 0.176 0 0.005
0.924 0.896 0 0.005
0.925 0.435 0 0.005
0.925 0.804 0 0.005
0.925 0.849 0 0.005
0.926 0.024 0 0.005
0.926 0.401 0 0.005
0.926 0.531 0 0.005
0.926 0.585 0 0.005
0.927 0.215 0 0.005
0.927 0.34 0 0.005
0.927 0.372 0 0.005
0.927 0.545 0 0.005
0.927 0.75 0 0.005
0.927 0.817 0 0.005
0.928 0.083 0 0.005
0.928 0.631 0 0.005
0.928 0.775 0 0.005
0.928 0.929 0 0.005
0.928 0.965 0 0.005
0.929 0.143 0 0.005
0.929 0.241 0 0.005
0.929 0.297 0 0.005
0.93 0.05 0 0.005
0.93 0.572 0 0.005
0.93 0.993 0 0.005
0.931 0.312 0 0.005
0.931 0.487 0 0.005
0.931 0.505 0 0.005
0.932 0.56 0 0.005
0.932 0.693 0 0.005
0.932 0.833 0 0.005
0.933 0.11 0 0.005
0.933 0.267 0 0.005
0.933 0.363 0 0.005
0.933 0.871 0 0.005
0.933 0.942 0 0.005
0.934 0.01 0 0.005
0.934 0.257 0 0.005
0.934 0.458 0 0.005
0.935 0.982 0 0.005
0.936 0.664 0 0.005
0.936 0.72 0 0.005
0.937 0.073 0 0.005
0.937 0.0004166666666666667 0 0.005
0.938 0.633 0 0.005
0.938 0.811 0 0.005
0.938 0.861 0 0.005
0.939 0.095 0 0.005
0.939 0.184 0 0.005
0.939 0.233 0 0.005
0.939 0.336 0 0.005
0.939 0.423 0 0.005
0.939 0.608 0 0.005
0.939 0.899 0 0.005
0.94 0.02 0 0.005
0.94 0.384 0 0.005
0.941 0.357 0 0.005
0.941 0.471 0 0.005
0.941 0.481 0 0.005
0.941 0.538 0 0.005
0.941 0.972 0 0.005
0.942 0.033 0 0.005
0.942 0.304 0 0.005
0.943 0.124 0 0.005
0.943 0.838 0 0.005
0.943 0.953 0 0.005
0.944 0.589 0 0.005
0.944 0.684 0 0.005
0.944 0.76 0 0.005
0.945 0.055 0 0.005
0.945 0.066 0 0.005
0.945 0.849 0 0.005
0.946 0.572 0 0.005
0.946 0.878 0 0.005
0.947 0.447 0 0.005
0.947 0.547 0 0.005
0.948 0.296 0 0.005
0.948 0.989 0 0.005
0.949 0.235 0 0.005
0.949 0.779 0 0.005
0.95 0.156 0 0.005
0.95 0.618 0 0.005
0.95 0.672 0 0.005
0.95 0.723 0 0.005
0.95 0.798 0 0.005
0.95 0.9981904761904762 0 0.005
0.951 0.085 0 0.005
0.951 0.178 0 0.005
0.951 0.191 0 0.005
0.951 0.318 0 0.005
0.951 0.489 0 0.005
0.952 0.369 0 0.005
0.952 0.392 0 0.005
0.952 0.661 0 0.005
0.952 0.747 0 0.005
0.952 0.888 0 0.005
0.952 0.96 0 0.005
0.953 0.921 0 0.005
0.953 0.946 0 0.005
0.954 0.25 0 0.005
0.955 0.0022291666666666666 0 0.005
0.956 0.215 0 0.005
0.956 0.764 0 0.005
0.957 0.687 0 0.005
0.958 0.131 0 0.005
0.958 0.57 0 0.005
0.958 0.597 0 0.005
0.959 0.197 0 0.005
0.959 0.339 0 0.005
0.959 0.503 0 0.005
0.959 0.646 0 0.005
0.96 0.386 0 0.005
0.96 0.783 0 0.005
0.96 0.996280701754386 0 0.005
0.961 0.118 0 0.005
0.961 0.623 0 0.005
0.962 0.298 0 0.005
0.962 0.397 0 0.005
0.962 0.414 0 0.005
0.962 0.481 0 0.005
0.962 0.529 0 0.005
0.962 0.982 0 0.005
0.963 0.461 0 0.005
0.963 0.696 0 0.005
0.963 0.728 0 0.005
0.964 0.313 0 0.005
0.964 0.351 0 0.005
0.964 0.446 0 0.005
0.964 0.545 0 0.005
0.964 0.589 0 0.005
0.964 0.88 0 0.005
0.965 0.017 0 0.005
0.965 0.514 0 0.005
0.965 0.739 0 0.005
0.965 0.812 0 0.005
0.966 0.143 0 0.005
0.967 0.086 0 0.005
0.967 0.161 0 0.005
0.968 0.607 0 0.005
0.968 0.863 0 0.005
0.968 0.91 0 0.005
0.969 0.037 0 0.005
0.969 0.799 0 0.005
0.969 0.843 0 0.005
0.97 0.704 0 0.005
0.97 0.954 0 0.005
0.971 0.066 0 0.005
0.971 0.098 0 0.005
0.971 0.187 0 0.005
0.971 0.488 0 0.005
0.971 0.559 0 0.005
0.971 0.823 0 0.005
0.972 0.172 0 0.005
0.972 0.248 0 0.005
0.972 0.272 0 0.005
0.972 0.378 0 0.005
0.973 0.935 0 0.005
0.974 0.689 0 0.005
0.974 0.923 0 0.005
0.975 0.296 0 0.005
0.975 0.418 0 0.005
0.975 0.432 0 0.005
0.976 0.316 0 0.005
0.976 0.776 0 0.005
0.976 0.883 0 0.005
0.977 0.125 0 0.005
0.977 0.813 0 0.005
0.977 0.853 0 0.005
0.978 0.238 0 0.005
0.978 0.352 0 0.005
0.979 0.5 0 0.005
0.979 0.529 0 0.005
0.979 0.591 0 0.005
0.979 0.73 0 0.005
0.979 0.908 0 0.005
0.98 0.052 0 0.005
0.98 0.157 0 0.005
0.98 0.285 0 0.005
0.98 0.483 0 0.005
0.981 0.96 0 0.005
0.982 0.138 0 0.005
0.982 0.329 0 0.005
0.982 0.831 0 0.005
0.983 0.224 0 0.005
0.983 0.259 0 0.005
0.983 0.613 0 0.005
0.983 0.72 0 0.005
0.984 0.463 0 0.005
0.984 0.67 0 0.005
0.984 0.77 0 0.005
0.984 0.938 0 0.005
0.985 0.299 0 0.005
0.986 0.636 0 0.005
0.987 0.021 0 0.005
0.987 0.149 0 0.005
0.987 0.889 0 0.005
0.987 0.979 0 0.005
0.988 0.091 0 0.005
0.988 0.406 0 0.005
0.988 0.751 0 0.005
0.988 0.847 0 0.005
0.988 0.867 0 0.005
0.989 0.36 0 0.005
0.99 0.529 0 0.005
0.99 0.561 0 0.005
0.991 0.192 0 0.005
0.991 0.377 0 0.005
0.991 0.422 0 0.005
0.991 0.499 0 0.005
0.992 0.28 0 0.005
0.992 0.707 0 0.005
0.992 0.99 0 0.005
0.993 0.075 0 0.005
0.993 0.166 0 0.005
0.993 0.238 0 0.005
0.993 0.736 0 0.005
0.994 0.223 0 0.005
0.994 0.571 0 0.005
0.994 0.816 0 0.005
0.994 0.921 0 0.005
0.994 0.947 0 0.005
0.995 0.248 0 0.005
0.995 0.611 0 0.005
0.995 0.629 0 0.005
0.995 0.779 0 0.005
0.995 0.9981904761904762 0 0.005
0.9956875 0.518 0 0.005
0.9956875 0.696 0 0.005
0.9956875 0.958 0 0.005
0.9956875 0.974 0 0.005
0.996280701754386 0.267 0 0.005
0.996280701754386 0.306 0 0.005
0.996280701754386 0.349 0 0.005
0.9967708333333334 0.118 0 0.005
0.9972564102564103 0.181 0 0.005
0.9977333333333334 0.094 0 0.005
0.9977333333333334 0.475 0 0.005
0.9977333333333334 0.506 0 0.005
0.9977333333333334 0.659 0 0.005
0.9977333333333334 0.839 0 0.005
0.9977333333333334 0.878 0 0.005
0.9981904761904762 0.051 0 0.005
0.9981904761904762 0.211 0 0.005
0.9985833333333334 0.729 0 0.005
0.9985833333333334 0.795 0 0.005
0.9985833333333334 0.86 0 0.005
0.999 0.294 0 0.005
0.999 0.688 0 0.005
