0.005 0.015 0 0.005
0.0022833333333333334 0.088 0 0.005
0.005 0.105 0 0.005
0.003268292682926829 0.207 0 0.005
0.0027746478873239434 0.237 0 0.005
0.005 0.255 0 0.005
0.003268292682926829 0.267 0 0.005
0.003268292682926829 0.295 0 0.005
0.00434313725490196 0.321 0 0.005
0.0027746478873239434 0.34 0 0.005
0.00434313725490196 0.358 0 0.005
0.0022833333333333334 0.377 0 0.005
0.00604950495049505 0.3950643564356436 0 0.005
0.003763440860215054 0.414 0 0.005
0.0027746478873239434 0.448 0 0.005
0.0022833333333333334 0.503 0 0.005
0.003268292682926829 0.52 0 0.005
0.003763440860215054 0.55 0 0.005
0.005 0.563 0 0.005
0.003763440860215054 0.61 0 0.005
0.007158273381294964 0.6704532374100719 0 0.005
0.003268292682926829 0.712 0 0.005
0.005 0.735 0 0.005
0.0022833333333333334 0.782 0 0.005
0.0022833333333333334 0.808 0 0.005
0.003268292682926829 0.854 0 0.005
0.005 0.873 0 0.005
0.005 0.89 0 0.005
0.005333333333333333 0.9593388888888889 0 0.005
0.003763440860215054 0.978 0 0.005
0.006 0.137 0 0.005
0.006 0.482 0 0.005
0.007 0.123 0 0.005
0.007 0.43 0 0.005
0.008 0.071 0 0.005
0.008 0.581 0 0.005
0.0125 0.1575 0 0.005
0.01 0.629 0 0.005
0.011 0.464 0 0.005
0.011 0.642 0 0.005
0.011 0.754 0 0.005
0.011 0.791 0 0.005
0.021 0.8376666666666667 0 0.005
0.011 0.906 0 0.005
0.012 0.275 0 0.005
0.012 0.988 0 0.005
0.013 0.829 0 0.005
0.014 0.923 0 0.005
0.015 0.194 0 0.005
0.015 0.23 0 0.005
0.015 0.445 0 0.005
0.015 0.602 0 0.005
0.015 0.941 0 0.005
0.016 0.21 0 0.005
0.016 0.319 0 0.005
0.0215 0.7715 0 0.005
0.016 0.973 0 0.005
0.021 0.0655 0 0.005
0.017 0.105 0 0.005
0.017 0.298 0 0.005
0.0205 0.566 0 0.005
0.018 0.081 0 0.005
0.018 0.689 0 0.005
0.019 0.0022833333333333334 0 0.005
0.019 0.037 0 0.005
0.019 0.257 0 0.005
0.019 0.406 0 0.005
0.02 0.349 0 0.005
0.02 0.718 0 0.005
0.0235 0.902 0 0.005
0.021 0.021 0 0.005
0.021 0.732 0 0.005
0.022 0.337 0 0.005
0.022 0.37 0 0.005
0.0245 0.6685 0 0.005
0.022 0.859 0 0.005
0.023 0.465 0 0.005
0.023 0.524 0 0.005
0.023 0.748 0 0.005
0.025 0.133 0 0.005
0.025 0.503 0 0.005
0.025 0.642 0 0.005
0.025 0.882 0 0.005
0.02741706161137441 0.9891516587677724 0 0.005
0.026 0.92 0 0.005
0.027 0.092 0 0.005
0.027 0.164 0 0.005
0.027 0.81 0 0.005
0.028 0.178 0 0.005
0.028 0.226 0 0.005
0.028 0.277 0 0.005
0.033666666666666664 0.42433333333333334 0 0.005
0.029 0.01 0 0.005
0.029 0.208 0 0.005
0.029 0.24 0 0.005
0.029 0.585 0 0.005
0.029 0.935 0 0.005
0.029 0.954 0 0.005
0.03 0.321 0 0.005
0.03 0.392 0 0.005
0.03 0.686 0 0.005
0.0345 0.701 0 0.005
0.031 0.305 0 0.005
0.031 0.615 0 0.005
0.032 0.037 0 0.005
0.032 0.261 0 0.005
0.032 0.35 0 0.005
0.032 0.761 0 0.005
0.032 0.794 0 0.005
0.034 0.371 0 0.005
0.0385 0.632 0 0.005
0.035 0.461 0 0.005
0.035 0.488 0 0.005
0.035 0.597 0 0.005
0.035 0.89 0 0.005
0.036 0.113 0 0.005
0.037 0.065 0 0.005
0.037 0.511 0 0.005
0.038 0.444 0 0.005
0.038 0.725 0 0.005
0.038 0.744 0 0.005
0.038 0.856 0 0.005
0.039 0.019 0 0.005
0.039 0.049 0 0.005
0.039 0.334 0 0.005
0.039 0.544 0 0.005
0.039 0.65 0 0.005
0.039 0.672 0 0.005
0.039 0.842 0 0.005
0.04 0.145 0 0.005
0.04 0.81 0 0.005
0.0465 0.162 0 0.005
0.041 0.871 0 0.005
0.041 0.91 0 0.005
0.041 0.962 0 0.005
0.042 0.081 0 0.005
0.042 0.475 0 0.005
0.042 0.985 0 0.005
0.043 0.225 0 0.005
0.043 0.388 0 0.005
0.043 0.402 0 0.005
0.043 0.563 0 0.005
0.0485 0.246 0 0.005
0.045 0.132 0 0.005
0.045 0.213 0 0.005
0.045 0.277 0 0.005
0.045 0.32 0 0.005
0.045 0.498 0 0.005
0.046 0.00434313725490196 0 0.005
0.046 0.196 0 0.005
0.046 0.522 0 0.005
0.047 0.35 0 0.005
0.047 0.575 0 0.005
0.047 0.603 0 0.005
0.047 0.788 0 0.005
0.048 0.037 0 0.005
0.048 0.304 0 0.005
0.049 0.112 0 0.005
0.049 0.682 0 0.005
0.052 0.9255 0 0.005
0.05 0.901 0 0.005
0.055 0.4315 0 0.005
0.051 0.458 0 0.005
0.051 0.715 0 0.005
0.051 0.772 0 0.005
0.051 0.855 0 0.005
0.052 0.018 0 0.005
0.052 0.058 0 0.005
0.052 0.485 0 0.005
0.052 0.622 0 0.005
0.053 0.366 0 0.005
0.053 0.974 0 0.005
0.054 0.511 0 0.005
0.054 0.735 0 0.005
0.055 0.179 0 0.005
0.058 0.6435 0 0.005
0.055 0.955 0 0.005
0.056 0.339 0 0.005
0.056 0.384 0 0.005
0.056 0.988 0 0.005
0.057 0.091 0 0.005
0.057 0.695 0 0.005
0.057 0.75 0 0.005
0.057 0.87 0 0.005
0.058 0.275 0 0.005
0.058 0.594 0 0.005
0.058 0.837 0 0.005
0.058 0.889 0 0.005
0.059 0.139 0 0.005
0.0645 0.555 0 0.005
0.06 0.226 0 0.005
0.06 0.291 0 0.005
0.06 0.321 0 0.005
0.06 0.57 0 0.005
0.06 0.763 0 0.005
0.06 0.807 0 0.005
0.061 0.076 0 0.005
0.061 0.214 0 0.005
0.061 0.474 0 0.005
0.061 0.538 0 0.005
0.061 0.675 0 0.005
0.062 0.037 0 0.005
0.062 0.156 0 0.005
0.062 0.411 0 0.005
0.062 0.938 0 0.005
0.063 0.00434313725490196 0 0.005
0.063 0.352 0 0.005
0.063 0.791 0 0.005
0.063 0.824 0 0.005
0.064 0.054 0 0.005
0.071 0.24666666666666665 0 0.005
0.064 0.452 0 0.005
0.065 0.976 0 0.005
0.066 0.663 0 0.005
0.066 0.859 0 0.005
0.0705 0.111 0 0.005
0.067 0.738 0 0.005
0.067 0.879 0 0.005
0.068 0.181 0 0.005
0.068 0.396 0 0.005
0.068 0.492 0 0.005
0.068 0.988 0 0.005
0.0745 0.0915 0 0.005
0.069 0.961 0 0.005
0.07 0.129 0 0.005
0.07 0.438 0 0.005
0.071 0.022 0 0.005
0.0765 0.144 0 0.005
0.071 0.198 0 0.005
0.071 0.584 0 0.005
0.071 0.703 0 0.005
0.076 0.9155 0 0.005
0.072 0.32 0 0.005
0.072 0.572 0 0.005
0.07466666666666667 0.938 0 0.005
0.078 0.4685 0 0.005
0.074 0.288 0 0.005
0.074 0.607 0 0.005
0.074 0.622 0 0.005
0.075 0.361 0 0.005
0.075 0.688 0 0.005
0.075 0.769 0 0.005
0.075 0.868 0 0.005
0.076 0.526 0 0.005
0.076 0.789 0 0.005
0.077 0.267 0 0.005
0.092 0.3496 0 0.005
0.077 0.646 0 0.005
0.077 0.754 0 0.005
0.081 0.8175 0 0.005
0.078 0.45 0 0.005
0.078 0.595 0 0.005
0.078 0.66 0 0.005
0.078 0.854 0 0.005
0.079 0.077 0 0.005
0.0845 0.37 0 0.005
0.0835 0.018 0 0.005
0.08 0.039 0 0.005
0.08 0.307 0 0.005
0.08 0.407 0 0.005
0.08 0.726 0 0.005
0.081 0.059 0 0.005
0.081 0.426 0 0.005
0.082 0.158 0 0.005
0.082 0.189 0 0.005
0.082 0.503 0 0.005
0.082 0.841 0 0.005
0.083 0.124 0 0.005
0.083 0.633 0 0.005
0.083 0.8 0 0.005
0.083 0.888 0 0.005
0.083 0.98 0 0.005
0.084 0.516 0 0.005
0.084 0.902 0 0.005
0.085 0.321 0 0.005
0.085 0.548 0 0.005
0.086 0.483 0 0.005
0.09466666666666668 0.7436666666666666 0 0.005
0.086 0.994 0 0.005
0.087 0.954 0 0.005
0.088 0.214 0 0.005
0.088 0.282 0 0.005
0.088 0.384 0 0.005
0.088 0.783 0 0.005
0.089 0.702 0 0.005
0.09 0.681 0 0.005
0.091 0.27 0 0.005
0.091 0.566 0 0.005
0.092 0.198 0 0.005
0.092 0.767 0 0.005
0.093 0.056 0 0.005
0.093 0.643 0 0.005
0.093 0.726 0 0.005
0.093 0.938 0 0.005
0.094 0.106 0 0.005
0.094 0.143 0 0.005
0.094 0.258 0 0.005
0.094 0.43 0 0.005
0.094 0.872 0 0.005
0.094 0.971 0 0.005
0.095 0.089 0 0.005
0.095 0.121 0 0.005
0.095 0.921 0 0.005
0.096 0.003268292682926829 0 0.005
0.099 0.2315 0 0.005
0.1005 0.664 0 0.005
0.096 0.86 0 0.005
0.096 0.898 0 0.005
0.097 0.402 0 0.005
0.098 0.031 0 0.005
0.098 0.525 0 0.005
0.098 0.607 0 0.005
0.098 0.826 0 0.005
0.099 0.295 0 0.005
0.099 0.331 0 0.005
0.099 0.843 0 0.005
0.1 0.313 0 0.005
0.1 0.389 0 0.005
0.1 0.414 0 0.005
0.1025 0.5895 0 0.005
0.101 0.214 0 0.005
0.101 0.462 0 0.005
0.102 0.715 0 0.005
0.102 0.788 0 0.005
0.103 0.161 0 0.005
0.103 0.952 0 0.005
0.104 0.174 0 0.005
0.104 0.202 0 0.005
0.104 0.77 0 0.005
0.105 0.098 0 0.005
0.105 0.376 0 0.005
0.105 0.542 0 0.005
0.106 0.064 0 0.005
0.106 0.258 0 0.005
0.106 0.491 0 0.005
0.106 0.566 0 0.005
0.107 0.684 0 0.005
0.107 0.922 0 0.005
0.111 0.0445 0 0.005
0.108 0.445 0 0.005
0.108 0.512 0 0.005
0.113 0.8895 0 0.005
0.112 0.6465 0 0.005
0.109 0.986 0 0.005
0.11 0.427 0 0.005
0.11 0.607 0 0.005
0.11 0.696 0 0.005
0.111 0.554 0 0.005
0.112 0.122 0 0.005
0.112 0.76 0 0.005
0.113 0.843 0 0.005
0.114 0.629 0 0.005
0.114 0.722 0 0.005
0.115 0.22 0 0.005
0.115 0.268 0 0.005
0.115 0.799 0 0.005
0.115 0.868 0 0.005
0.116 0.181 0 0.005
0.116 0.199 0 0.005
0.116 0.394 0 0.005
0.116 0.469 0 0.005
0.116 0.483 0 0.005
0.116 0.735 0 0.005
0.117 0.024 0 0.005
0.117 0.093 0 0.005
0.117 0.281 0 0.005
0.118 0.073 0 0.005
0.118 0.256 0 0.005
0.119 0.369 0 0.005
0.119 0.578 0 0.005
0.119 0.819 0 0.005
0.12 0.507 0 0.005
0.12 0.964 0 0.005
0.12666666666666668 0.305 0 0.005
0.121 0.833 0 0.005
0.121 0.923 0 0.005
0.122 0.011 0 0.005
0.122 0.233 0 0.005
0.122 0.52 0 0.005
0.122 0.594 0 0.005
0.123 0.059 0 0.005
0.123 0.166 0 0.005
0.123 0.45 0 0.005
0.123 0.782 0 0.005
0.124 0.039 0 0.005
0.124 0.345 0 0.005
0.124 0.427 0 0.005
0.124 0.608 0 0.005
0.124 0.665 0 0.005
0.124 0.698 0 0.005
0.124 0.945 0 0.005
0.124 0.99 0 0.005
0.125 0.77 0 0.005
0.126 0.107 0 0.005
0.126 0.139 0 0.005
0.126 0.246 0 0.005
0.126 0.405 0 0.005
0.126 0.565 0 0.005
0.126 0.683 0 0.005
0.126 0.713 0 0.005
0.126 0.875 0 0.005
0.128 0.484 0 0.005
0.128 0.627 0 0.005
0.129 0.733 0 0.005
0.129 0.752 0 0.005
0.13 0.084 0 0.005
0.13 0.282 0 0.005
0.13 0.644 0 0.005
0.131 0.192 0 0.005
0.131 0.207 0 0.005
0.131 0.323 0 0.005
0.131 0.816 0 0.005
0.132 0.389 0 0.005
0.132 0.53 0 0.005
0.132 0.545 0 0.005
0.133 0.027 0 0.005
0.133 0.176 0 0.005
0.133 0.496 0 0.005
0.133 0.913 0 0.005
0.134 0.128 0 0.005
0.134 0.155 0 0.005
0.134 0.46 0 0.005
0.134 0.581 0 0.005
0.135 0.005 0 0.005
0.135 0.268 0 0.005
0.138 0.5985 0 0.005
0.135 0.884 0 0.005
0.135 0.899 0 0.005
0.136 0.353 0 0.005
0.142 0.4373333333333333 0 0.005
0.136 0.662 0 0.005
0.136 0.831 0 0.005
0.137 0.374 0 0.005
0.137 0.676 0 0.005
0.138 0.417 0 0.005
0.138 0.789 0 0.005
0.138 0.858 0 0.005
0.138 0.985 0 0.005
0.139 0.064 0 0.005
0.139 0.693 0 0.005
0.139 0.805 0 0.005
0.14 0.046 0 0.005
0.14 0.296 0 0.005
0.141 0.109 0 0.005
0.141 0.758 0 0.005
0.141 0.958 0 0.005
0.142 0.338 0 0.005
0.142 0.626 0 0.005
0.142 0.772 0 0.005
0.143 0.186 0 0.005
0.143 0.214 0 0.005
0.143 0.706 0 0.005
0.143 0.743 0 0.005
0.144 0.095 0 0.005
0.144 0.141 0 0.005
0.144 0.31 0 0.005
0.149 0.5355 0 0.005
0.145 0.727 0 0.005
0.145 0.876 0 0.005
0.146 0.229 0 0.005
0.146 0.256 0 0.005
0.147 0.5 0 0.005
0.147 0.909 0 0.005
0.148 0.078 0 0.005
0.152 0.1305 0 0.005
0.148 0.326 0 0.005
0.148 0.474 0 0.005
0.148 0.562 0 0.005
0.149 0.034 0 0.005
0.149 0.159 0 0.005
0.149 0.272 0 0.005
0.1535 0.937 0 0.005
0.15 0.0027746478873239434 0 0.005
0.15 0.02 0 0.005
0.15 0.287 0 0.005
0.15 0.85 0 0.005
0.15 0.892 0 0.005
0.15 0.9957317073170732 0 0.005
0.151 0.386 0 0.005
0.156 0.4645 0 0.005
0.152 0.399 0 0.005
0.153 0.112 0 0.005
0.153 0.243 0 0.005
0.153 0.684 0 0.005
0.153 0.759 0 0.005
0.154 0.196 0 0.005
0.154 0.359 0 0.005
0.154 0.577 0 0.005
0.154 0.612 0 0.005
0.155 0.805 0 0.005
0.156 0.307 0 0.005
0.157 0.045 0 0.005
0.157 0.492 0 0.005
0.158 0.52 0 0.005
0.158 0.59 0 0.005
0.158 0.773 0 0.005
0.158 0.875 0 0.005
0.1625 0.956 0 0.005
0.158 0.974 0 0.005
0.159 0.663 0 0.005
0.159 0.7 0 0.005
0.16 0.785 0 0.005
0.161 0.071 0 0.005
0.161 0.633 0 0.005
0.161 0.723 0 0.005
0.162 0.089 0 0.005
0.162 0.169 0 0.005
0.162 0.254 0 0.005
0.162 0.828 0 0.005
0.162 0.856 0 0.005
0.163 0.346 0 0.005
0.163 0.552 0 0.005
0.164 0.121 0 0.005
0.164 0.328 0 0.005
0.164 0.455 0 0.005
0.165 0.107 0 0.005
0.165 0.266 0 0.005
0.165 0.37 0 0.005
0.165 0.567 0 0.005
0.166 0.146 0 0.005
0.166 0.228 0 0.005
0.166 0.295 0 0.005
0.167 0.056 0 0.005
0.167 0.215 0 0.005
0.167 0.505 0 0.005
0.167 0.535 0 0.005
0.167 0.75 0 0.005
0.167 0.904 0 0.005
0.167 0.92 0 0.005
0.169 0.395 0 0.005
0.169 0.485 0 0.005
0.169 0.671 0 0.005
0.17 0.651 0 0.005
0.171 0.036 0 0.005
0.171 0.203 0 0.005
0.171 0.433 0 0.005
0.171 0.792 0 0.005
0.171 0.94 0 0.005
0.172 0.019 0 0.005
0.176 0.5825 0 0.005
0.1775 0.969 0 0.005
0.173 0.277 0 0.005
0.173 0.416 0 0.005
0.173 0.696 0 0.005
0.174 0.354 0 0.005
0.174 0.716 0 0.005
0.174 0.804 0 0.005
0.174 0.837 0 0.005
0.175 0.076 0 0.005
0.176 0.088 0 0.005
0.176 0.191 0 0.005
0.187 0.26580000000000004 0 0.005
0.176 0.617 0 0.005
0.176 0.78 0 0.005
0.176 0.822 0 0.005
0.176 0.882 0 0.005
0.176 0.9967166666666667 0 0.005
0.177 0.118 0 0.005
0.177 0.236 0 0.005
0.177 0.495 0 0.005
0.177 0.633 0 0.005
0.178 0.304 0 0.005
0.178 0.514 0 0.005
0.178 0.528 0 0.005
0.179 0.005 0 0.005
0.179 0.562 0 0.005
0.179 0.909 0 0.005
0.18 0.463 0 0.005
0.18 0.73 0 0.005
0.181 0.166 0 0.005
0.182 0.15 0 0.005
0.182 0.378 0 0.005
0.182 0.764 0 0.005
0.187 0.9865 0 0.005
0.184 0.423 0 0.005
0.184 0.706 0 0.005
0.184 0.862 0 0.005
0.185 0.341 0 0.005
0.185 0.363 0 0.005
0.185 0.54 0 0.005
0.188 0.8055 0 0.005
0.185 0.923 0 0.005
0.186 0.056 0 0.005
0.186 0.6 0 0.005
0.186 0.844 0 0.005
0.187 0.442 0 0.005
0.187 0.667 0 0.005
0.187 0.685 0 0.005
0.188 0.654 0 0.005
0.188 0.939 0 0.005
0.189 0.028 0 0.005
0.189 0.069 0 0.005
0.189 0.313 0 0.005
0.189 0.406 0 0.005
0.189 0.637 0 0.005
0.19 0.101 0 0.005
0.1955 0.21 0 0.005
0.19 0.482 0 0.005
0.19 0.621 0 0.005
0.19 0.952 0 0.005
0.191 0.126 0 0.005
0.191 0.178 0 0.005
0.191 0.91 0 0.005
0.192 0.301 0 0.005
0.192 0.883 0 0.005
0.193 0.225 0 0.005
0.194 0.00434313725490196 0 0.005
0.194 0.086 0 0.005
0.194 0.382 0 0.005
0.194 0.519 0 0.005
0.194 0.825 0 0.005
0.195 0.144 0 0.005
0.195 0.159 0 0.005
0.195 0.464 0 0.005
0.195 0.497 0 0.005
0.195 0.749 0 0.005
0.196 0.547 0 0.005
0.199 0.5725 0 0.005
0.196 0.713 0 0.005
0.197 0.342 0 0.005
0.197 0.767 0 0.005
0.198 0.047 0 0.005
0.198 0.853 0 0.005
0.199 0.239 0 0.005
0.199 0.433 0 0.005
0.199 0.977 0 0.005
0.2 0.198 0 0.005
0.2 0.326 0 0.005
0.2 0.358 0 0.005
0.2 0.416 0 0.005
0.2055 0.481 0 0.005
0.202 0.631 0 0.005
0.202 0.688 0 0.005
0.202 0.841 0 0.005
0.203 0.015 0 0.005
0.203 0.311 0 0.005
0.203 0.614 0 0.005
0.203 0.671 0 0.005
0.203 0.724 0 0.005
0.204 0.112 0 0.005
0.204 0.893 0 0.005
0.204 0.93 0 0.005
0.206 0.779 0 0.005
0.206 0.792 0 0.005
0.206 0.811 0 0.005
0.206 0.828 0 0.005
0.207 0.037 0 0.005
0.2125 0.0605 0 0.005
0.207 0.381 0 0.005
0.207 0.404 0 0.005
0.207 0.511 0 0.005
0.207 0.523 0 0.005
0.208 0.863 0 0.005
0.209 0.08 0 0.005
0.209 0.45 0 0.005
0.21 0.178 0 0.005
0.21 0.291 0 0.005
0.2145 0.124 0 0.005
0.211 0.434 0 0.005
0.211 0.704 0 0.005
0.212 0.192 0 0.005
0.212 0.659 0 0.005
0.212 0.738 0 0.005
0.213 0.023 0 0.005
0.213 0.249 0 0.005
0.213 0.622 0 0.005
0.213 0.645 0 0.005
0.214 0.318 0 0.005
0.214 0.762 0 0.005
0.214 0.915 0 0.005
0.215 0.102 0 0.005
0.215 0.27 0 0.005
0.215 0.335 0 0.005
0.2205 0.349 0 0.005
0.219 0.4885 0 0.005
0.216 0.594 0 0.005
0.216 0.716 0 0.005
0.2205 0.974 0 0.005
0.217 0.003268292682926829 0 0.005
0.217 0.544 0 0.005
0.217 0.562 0 0.005
0.221 0.9025 0 0.005
0.218 0.223 0 0.005
0.219 0.163 0 0.005
0.219 0.301 0 0.005
0.221 0.044 0 0.005
0.221 0.239 0 0.005
0.221 0.282 0 0.005
0.2265 0.145 0 0.005
0.222 0.423 0 0.005
0.222 0.861 0 0.005
0.222 0.873 0 0.005
0.223 0.185 0 0.005
0.224 0.387 0 0.005
0.224 0.797 0 0.005
0.224 0.952 0 0.005
0.225 0.094 0 0.005
0.225 0.648 0 0.005
0.225 0.679 0 0.005
0.225 0.752 0 0.005
0.225 0.849 0 0.005
0.226 0.263 0 0.005
0.226 0.372 0 0.005
0.226 0.464 0 0.005
0.226 0.928 0 0.005
0.226 0.994656862745098 0 0.005
0.227 0.073 0 0.005
0.231 0.2085 0 0.005
0.227 0.521 0 0.005
0.227 0.776 0 0.005
0.228 0.319 0 0.005
0.228 0.403 0 0.005
0.228 0.452 0 0.005
0.228 0.627 0 0.005
0.228 0.666 0 0.005
0.228 0.737 0 0.005
0.228 0.885 0 0.005
0.229 0.711 0 0.005
0.229 0.833 0 0.005
0.23 0.17 0 0.005
0.23 0.229 0 0.005
0.231 0.11 0 0.005
0.231 0.573 0 0.005
0.231 0.591 0 0.005
0.231 0.809 0 0.005
0.232 0.02 0 0.005
0.232 0.555 0 0.005
0.233 0.533 0 0.005
0.238 0.8175 0 0.005
0.234 0.431 0 0.005
0.234 0.697 0 0.005
0.234 0.942 0 0.005
0.235 0.186 0 0.005
0.235 0.283 0 0.005
0.235 0.332 0 0.005
0.235 0.479 0 0.005
0.235 0.506 0 0.005
0.236 0.724 0 0.005
0.237 0.129 0 0.005
0.237 0.248 0 0.005
0.237 0.31 0 0.005
0.237 0.413 0 0.005
0.237 0.491 0 0.005
0.237 0.797 0 0.005
0.237 0.968 0 0.005
0.238 0.092 0 0.005
0.238 0.266 0 0.005
0.238 0.842 0 0.005
0.238 0.904 0 0.005
0.239 0.644 0 0.005
0.24 0.216 0 0.005
0.24 0.871 0 0.005
0.24 0.891 0 0.005
0.241 0.03 0 0.005
0.241 0.053 0 0.005
0.241 0.467 0 0.005
0.241 0.581 0 0.005
0.241 0.686 0 0.005
0.241 0.922 0 0.005
0.242 0.078 0 0.005
0.242 0.168 0 0.005
0.242 0.376 0 0.005
0.242 0.391 0 0.005
0.242 0.707 0 0.005
0.243 0.355 0 0.005
0.243 0.604 0 0.005
0.243 0.661 0 0.005
0.243 0.953 0 0.005
0.244 0.195 0 0.005
0.2495 0.526 0 0.005
0.244 0.777 0 0.005
0.245 0.156 0 0.005
0.245 0.618 0 0.005
0.245 0.992 0 0.005
0.246 0.445 0 0.005
0.247 0.979 0 0.005
0.249 0.255 0 0.005
0.249 0.736 0 0.005
0.249 0.849 0 0.005
0.25 0.29 0 0.005
0.251 0.044 0 0.005
0.251 0.107 0 0.005
0.251 0.137 0 0.005
0.251 0.508 0 0.005
0.251 0.748 0 0.005
0.2545 0.2285 0 0.005
0.252 0.545 0 0.005
0.252 0.633 0 0.005
0.2575 0.6775 0 0.005
0.252 0.908 0 0.005
0.254 0.37 0 0.005
0.254 0.797 0 0.005
0.2595 0.8825 0 0.005
0.255 0.024 0 0.005
0.255 0.341 0 0.005
0.255 0.404 0 0.005
0.255 0.809 0 0.005
0.256 0.066 0 0.005
0.256 0.124 0 0.005
0.256 0.316 0 0.005
0.256 0.386 0 0.005
0.256 0.485 0 0.005
0.256 0.65 0 0.005
0.256 0.782 0 0.005
0.256 0.933 0 0.005
0.257 0.011 0 0.005
0.257 0.085 0 0.005
0.257 0.468 0 0.005
0.257 0.864 0 0.005
0.257 0.989 0 0.005
0.258 0.16 0 0.005
0.258 0.428 0 0.005
0.259 0.173 0 0.005
0.265 0.213 0 0.005
0.264 0.2485 0 0.005
0.263 0.2805 0 0.005
0.259 0.952 0 0.005
0.26 0.711 0 0.005
0.2655 0.7265 0 0.005
0.26 0.842 0 0.005
0.26 0.969 0 0.005
0.261 0.359 0 0.005
0.261 0.606 0 0.005
0.261 0.917 0 0.005
0.263 0.51 0 0.005
0.263 0.591 0 0.005
0.264 0.041 0 0.005
0.264 0.498 0 0.005
0.264 0.665 0 0.005
0.264 0.753 0 0.005
0.2705 0.894 0 0.005
0.266 0.412 0 0.005
0.266 0.543 0 0.005
0.266 0.816 0 0.005
0.266 0.83 0 0.005
0.267 0.529 0 0.005
0.268 0.187 0 0.005
0.2735 0.3175 0 0.005
0.268 0.643 0 0.005
0.268 0.793 0 0.005
0.272 0.0235 0 0.005
0.2786666666666667 0.07066666666666667 0 0.005
0.269 0.087 0 0.005
0.269 0.56 0 0.005
0.269 0.93 0 0.005
0.2756611111111111 0.9942722222222222 0 0.005
0.27 0.131 0 0.005
0.27 0.629 0 0.005
0.27 0.698 0 0.005
0.27 0.775 0 0.005
0.271 0.575 0 0.005
0.271 0.909 0 0.005
0.271 0.983 0 0.005
0.272 0.952 0 0.005
0.274 0.366 0 0.005
0.274 0.445 0 0.005
0.274 0.478 0 0.005
0.274 0.712 0 0.005
0.275 0.343 0 0.005
0.276 0.61 0 0.005
0.276 0.746 0 0.005
0.277 0.491 0 0.005
0.278 0.239 0 0.005
0.278 0.385 0 0.005
0.278 0.593 0 0.005
0.278 0.669 0 0.005
0.279 0.0022833333333333334 0 0.005
0.279 0.103 0 0.005
0.279 0.268 0 0.005
0.28 0.045 0 0.005
0.28 0.2 0 0.005
0.28 0.812 0 0.005
0.28 0.965 0 0.005
0.281 0.509 0 0.005
0.281 0.787 0 0.005
0.281 0.834 0 0.005
0.282 0.18 0 0.005
0.282 0.409 0 0.005
0.282 0.758 0 0.005
0.282 0.879 0 0.005
0.283 0.133 0 0.005
0.283 0.149 0 0.005
0.283 0.625 0 0.005
0.284 0.397 0 0.005
0.284 0.862 0 0.005
0.284 0.916 0 0.005
0.285 0.029 0 0.005
0.285 0.212 0 0.005
0.285 0.328 0 0.005
0.285 0.947 0 0.005
0.286 0.286 0 0.005
0.286 0.637 0 0.005
0.2976666666666667 0.16366666666666665 0 0.005
0.287 0.422 0 0.005
0.287 0.713 0 0.005
0.287 0.901 0 0.005
0.288 0.654 0 0.005
0.289 0.52 0 0.005
0.289 0.538 0 0.005
0.289 0.555 0 0.005
0.289 0.802 0 0.005
0.29 0.381 0 0.005
0.29 0.444 0 0.005
0.29 0.473 0 0.005
0.29 0.584 0 0.005
0.29 0.98 0 0.005
0.291 0.193 0 0.005
0.291 0.605 0 0.005
0.292 0.109 0 0.005
0.292 0.235 0 0.005
0.292 0.768 0 0.005
0.292 0.935 0 0.005
0.292 0.967 0 0.005
0.29733333333333334 0.351 0 0.005
0.293 0.458 0 0.005
0.2985 0.686 0 0.005
0.2985 0.0455 0 0.005
0.296 0.248 0 0.005
0.296 0.394 0 0.005
0.296 0.431 0 0.005
0.296 0.499 0 0.005
0.296 0.826 0 0.005
0.296 0.852 0 0.005
0.297 0.018 0 0.005
0.3015 0.57 0 0.005
0.30190532544378695 0.004035502958579881 0 0.005
0.3035 0.0885 0 0.005
0.298 0.142 0 0.005
0.298 0.838 0 0.005
0.298 0.92 0 0.005
0.299 0.208 0 0.005
0.299 0.289 0 0.005
0.299 0.372 0 0.005
0.299 0.722 0 0.005
0.299 0.741 0 0.005
0.3 0.634 0 0.005
0.3 0.658 0 0.005
0.3 0.755 0 0.005
0.3 0.9967166666666667 0 0.005
0.301 0.889 0 0.005
0.302 0.311 0 0.005
0.302 0.477 0 0.005
0.302 0.513 0 0.005
0.302 0.622 0 0.005
0.303 0.27 0 0.005
0.303 0.527 0 0.005
0.303 0.783 0 0.005
0.3116666666666667 0.17766666666666667 0 0.005
0.304 0.673 0 0.005
0.304 0.959 0 0.005
0.3085 0.232 0 0.005
0.305 0.6 0 0.005
0.306 0.454 0 0.005
0.306 0.816 0 0.005
0.307 0.073 0 0.005
0.307 0.414 0 0.005
0.308 0.11 0 0.005
0.308 0.973 0 0.005
0.309 0.802 0 0.005
0.309 0.99 0 0.005
0.31 0.031 0 0.005
0.31 0.428 0 0.005
0.314 0.7075 0 0.005
0.311 0.326 0 0.005
0.311 0.37 0 0.005
0.311 0.868 0 0.005
0.312 0.302 0 0.005
0.313 0.059 0 0.005
0.313 0.827 0 0.005
0.313 0.913 0 0.005
0.314 0.138 0 0.005
0.314 0.2 0 0.005
0.314 0.748 0 0.005
0.315 0.126 0 0.005
0.315 0.658 0 0.005
0.315 0.778 0 0.005
0.315 0.882 0 0.005
0.315 0.901 0 0.005
0.316 0.277 0 0.005
0.3215 0.351 0 0.005
0.3216666666666667 0.4116666666666667 0 0.005
0.316 0.691 0 0.005
0.317 0.386 0 0.005
0.318 0.018 0 0.005
0.318 0.041 0 0.005
0.318 0.265 0 0.005
0.318 0.563 0 0.005
0.318 0.645 0 0.005
0.318 0.676 0 0.005
0.318 0.846 0 0.005
0.319 0.075 0 0.005
0.319 0.488 0 0.005
0.319 0.55 0 0.005
0.319 0.594 0 0.005
0.319 0.734 0 0.005
0.319 0.793 0 0.005
0.319 0.966 0 0.005
0.32 0.247 0 0.005
0.32 0.469 0 0.005
0.32 0.606 0 0.005
0.32 0.722 0 0.005
0.32 0.927 0 0.005
0.321 0.452 0 0.005
0.321 0.942 0 0.005
0.321 0.982 0 0.005
0.322 0.109 0 0.005
0.3265 0.514 0 0.005
0.322 0.63 0 0.005
0.323 0.094 0 0.005
0.324 0.437 0 0.005
0.324 0.768 0 0.005
0.324 0.808 0 0.005
0.326 0.372 0 0.005
0.326 0.748 0 0.005
0.326 0.834 0 0.005
0.327 0.155 0 0.005
0.327 0.295 0 0.005
0.327 0.535 0 0.005
0.328 0.189 0 0.005
0.328 0.874 0 0.005
0.328 0.9957317073170732 0 0.005
0.329 0.206 0 0.005
0.329 0.887 0 0.005
0.33 0.227 0 0.005
0.33 0.322 0 0.005
0.335 0.3885 0 0.005
0.331 0.279 0 0.005
0.331 0.308 0 0.005
0.331 0.563 0 0.005
0.331 0.641 0 0.005
0.3375 0.014 0 0.005
0.332 0.078 0 0.005
0.332 0.131 0 0.005
0.332 0.697 0 0.005
0.333 0.674 0 0.005
0.334 0.003268292682926829 0 0.005
0.334 0.17 0 0.005
0.334 0.465 0 0.005
0.334 0.733 0 0.005
0.334 0.777 0 0.005
0.334 0.796 0 0.005
0.335 0.03 0 0.005
0.335 0.241 0 0.005
0.336 0.589 0 0.005
0.336 0.95 0 0.005
0.338 0.049 0 0.005
0.338 0.421 0 0.005
0.338 0.576 0 0.005
0.338 0.826 0 0.005
0.338 0.896 0 0.005
0.338 0.923 0 0.005
0.3415 0.98 0 0.005
0.339 0.197 0 0.005
0.339 0.262 0 0.005
0.339 0.406 0 0.005
0.339 0.449 0 0.005
0.339 0.494 0 0.005
0.339 0.653 0 0.005
0.3425 0.1565 0 0.005
0.34 0.75 0 0.005
0.341 0.213 0 0.005
0.341 0.721 0 0.005
0.342 0.099 0 0.005
0.342 0.112 0 0.005
0.342 0.336 0 0.005
0.342 0.546 0 0.005
0.342 0.686 0 0.005
0.343 0.317 0 0.005
0.3455 0.6185 0 0.005
0.347 0.4675 0 0.005
0.344 0.507 0 0.005
0.345 0.353 0 0.005
0.3495 0.082 0 0.005
0.346 0.288 0 0.005
0.346 0.814 0 0.005
0.346 0.838 0 0.005
0.347 0.135 0 0.005
0.347 0.302 0 0.005
0.347 0.436 0 0.005
0.347 0.792 0 0.005
0.348 0.94 0 0.005
0.349 0.023 0 0.005
0.349 0.765 0 0.005
0.35 0.67 0 0.005
0.35 0.866 0 0.005
0.351 0.19 0 0.005
0.3535 0.5385 0 0.005
0.351 0.578 0 0.005
0.351 0.737 0 0.005
0.351 0.853 0 0.005
0.351 0.878 0 0.005
0.352 0.06 0 0.005
0.352 0.274 0 0.005
0.352 0.562 0 0.005
0.352 0.695 0 0.005
0.353 0.383 0 0.005
0.3585 0.588 0 0.005
0.353 0.917 0 0.005
0.353 0.967 0 0.005
0.354 0.11 0 0.005
0.354 0.146 0 0.005
0.354 0.714 0 0.005
0.355 0.04 0 0.005
0.355 0.644 0 0.005
0.355 0.682 0 0.005
0.356 0.006 0 0.005
0.356 0.095 0 0.005
0.356 0.78 0 0.005
0.356 0.904 0 0.005
0.358 0.232 0 0.005
0.358 0.4 0 0.005
0.358 0.508 0 0.005
0.362 0.1275 0 0.005
0.3625 0.208 0 0.005
0.359 0.327 0 0.005
0.359 0.932 0 0.005
0.359 0.951 0 0.005
0.36 0.418 0 0.005
0.36 0.434 0 0.005
0.36 0.489 0 0.005
0.36 0.982 0 0.005
0.3693333333333333 0.176 0 0.005
0.361 0.843 0 0.005
0.362 0.025 0 0.005
0.362 0.663 0 0.005
0.362 0.824 0 0.005
0.363 0.345 0 0.005
0.364 0.052 0 0.005
0.364 0.306 0 0.005
0.364 0.363 0 0.005
0.364 0.467 0 0.005
0.364 0.635 0 0.005
0.364 0.694 0 0.005
0.365 0.622 0 0.005
0.365 0.734 0 0.005
0.365 0.792 0 0.005
0.366 0.086 0 0.005
0.366 0.244 0 0.005
0.366 0.714 0 0.005
0.366 0.889 0 0.005
0.368 0.273 0 0.005
0.368 0.52 0 0.005
0.368 0.548 0 0.005
0.368 0.609 0 0.005
0.368 0.751 0 0.005
0.368 0.855 0 0.005
0.368 0.9957317073170732 0 0.005
0.369 0.223 0 0.005
0.369 0.259 0 0.005
0.369 0.29 0 0.005
0.369 0.378 0 0.005
0.369 0.444 0 0.005
0.369 0.808 0 0.005
0.369 0.869 0 0.005
0.37 0.965 0 0.005
0.371 0.427 0 0.005
0.372 0.102 0 0.005
0.372 0.154 0 0.005
0.372 0.33 0 0.005
0.372 0.396 0 0.005
0.372 0.563 0 0.005
0.3803333333333333 0.769 0 0.005
0.372 0.921 0 0.005
0.372 0.979 0 0.005
0.374 0.833 0 0.005
0.374 0.899 0 0.005
0.374 0.952 0 0.005
0.375 0.044 0 0.005
0.375 0.415 0 0.005
0.375 0.938 0 0.005
0.376 0.651 0 0.005
0.377 0.064 0 0.005
0.377 0.735 0 0.005
0.378 0.077 0 0.005
0.378 0.847 0 0.005
0.379 0.008 0 0.005
0.379 0.193 0 0.005
0.379 0.7 0 0.005
0.38 0.022 0 0.005
0.38 0.31 0 0.005
0.3835 0.348 0 0.005
0.38 0.491 0 0.005
0.38 0.539 0 0.005
0.38 0.676 0 0.005
0.38 0.722 0 0.005
0.38 0.994656862745098 0 0.005
0.381 0.255 0 0.005
0.381 0.456 0 0.005
0.381 0.664 0 0.005
0.382 0.239 0 0.005
0.382 0.27 0 0.005
0.382 0.513 0 0.005
0.383 0.431 0 0.005
0.384 0.094 0 0.005
0.384 0.223 0 0.005
0.384 0.478 0 0.005
0.384 0.598 0 0.005
0.384 0.871 0 0.005
0.385 0.378 0 0.005
0.386 0.612 0 0.005
0.386 0.627 0 0.005
0.386 0.804 0 0.005
0.386 0.817 0 0.005
0.386 0.886 0 0.005
0.387 0.043 0 0.005
0.387 0.127 0 0.005
0.387 0.143 0 0.005
0.387 0.287 0 0.005
0.387 0.837 0 0.005
0.387 0.902 0 0.005
0.388 0.112 0 0.005
0.388 0.417 0 0.005
0.388 0.564 0 0.005
0.392 0.5205 0 0.005
0.389 0.586 0 0.005
0.3925 0.0725 0 0.005
0.39 0.654 0 0.005
0.39 0.684 0 0.005
0.391 0.36 0 0.005
0.391 0.711 0 0.005
0.392 0.247 0 0.005
0.392 0.304 0 0.005
0.392 0.64 0 0.005
0.393 0.173 0 0.005
0.393 0.743 0 0.005
0.393 0.756 0 0.005
0.394 0.0022833333333333334 0 0.005
0.394 0.266 0 0.005
0.394 0.453 0 0.005
0.394 0.495 0 0.005
0.394 0.542 0 0.005
0.395 0.322 0 0.005
0.395 0.439 0 0.005
0.395 0.731 0 0.005
0.395 0.918 0 0.005
0.396 0.153 0 0.005
0.396 0.952 0 0.005
0.397 0.028 0 0.005
0.397 0.876 0 0.005
0.397 0.893 0 0.005
0.397 0.974 0 0.005
0.398 0.189 0 0.005
0.398 0.694 0 0.005
0.399 0.041 0 0.005
0.399 0.138 0 0.005
0.399 0.207 0 0.005
0.399 0.278 0 0.005
0.399 0.575 0 0.005
0.399 0.623 0 0.005
0.4 0.115 0 0.005
0.4 0.777 0 0.005
0.401 0.345 0 0.005
0.401 0.371 0 0.005
0.401 0.791 0 0.005
0.402 0.081 0 0.005
0.402 0.225 0 0.005
0.4045 0.5945 0 0.005
0.402 0.844 0 0.005
0.403 0.412 0 0.005
0.403 0.464 0 0.005
0.403 0.938 0 0.005
0.4065 0.4815 0 0.005
0.404 0.531 0 0.005
0.404 0.664 0 0.005
0.404 0.764 0 0.005
0.405 0.431 0 0.005
0.405 0.748 0 0.005
0.405 0.994656862745098 0 0.005
0.406 0.305 0 0.005
0.406 0.552 0 0.005
0.407 0.963 0 0.005
0.408 0.254 0 0.005
0.408 0.65 0 0.005
0.4105 0.7975 0 0.005
0.409 0.027 0 0.005
0.409 0.614 0 0.005
0.409 0.901 0 0.005
0.41 0.012 0 0.005
0.41 0.105 0 0.005
0.41 0.15 0 0.005
0.41 0.285 0 0.005
0.41 0.449 0 0.005
0.41 0.505 0 0.005
0.41 0.703 0 0.005
0.41 0.735 0 0.005
0.411 0.32 0 0.005
0.411 0.572 0 0.005
0.4165 0.632 0 0.005
0.411 0.684 0 0.005
0.412 0.12 0 0.005
0.412 0.186 0 0.005
0.412 0.397 0 0.005
0.412 0.777 0 0.005
0.413 0.162 0 0.005
0.4175 0.718 0 0.005
0.414 0.368 0 0.005
0.424 0.23166666666666666 0 0.005
0.415 0.265 0 0.005
0.415 0.756 0 0.005
0.416 0.046 0 0.005
0.416 0.534 0 0.005
0.416 0.56 0 0.005
0.416 0.877 0 0.005
0.416 0.954 0 0.005
0.416 0.981 0 0.005
0.417 0.059 0 0.005
0.417 0.216 0 0.005
0.417 0.465 0 0.005
0.419 0.346 0 0.005
0.419 0.427 0 0.005
0.419 0.604 0 0.005
0.419 0.923 0 0.005
0.42 0.583 0 0.005
0.42 0.665 0 0.005
0.42 0.862 0 0.005
0.42 0.9967166666666667 0 0.005
0.421 0.141 0 0.005
0.422 0.105 0 0.005
0.422 0.246 0 0.005
0.422 0.443 0 0.005
0.422 0.739 0 0.005
0.422 0.831 0 0.005
0.422 0.905 0 0.005
0.426 0.0165 0 0.005
0.423 0.331 0 0.005
0.423 0.938 0 0.005
0.423 0.969 0 0.005
0.424 0.283 0 0.005
0.424 0.315 0 0.005
0.424 0.399 0 0.005
0.424 0.776 0 0.005
0.424 0.814 0 0.005
0.424 0.843 0 0.005
0.4305 0.034 0 0.005
0.4305 0.1315 0 0.005
0.425 0.505 0 0.005
0.425 0.525 0 0.005
0.426 0.075 0 0.005
0.426 0.365 0 0.005
0.426 0.386 0 0.005
0.426 0.7 0 0.005
0.427 0.208 0 0.005
0.427 0.55 0 0.005
0.428 0.537 0 0.005
0.429 0.27 0 0.005
0.429 0.413 0 0.005
0.429 0.457 0 0.005
0.429 0.477 0 0.005
0.429 0.624 0 0.005
0.429 0.651 0 0.005
0.43 0.09 0 0.005
0.43 0.303 0 0.005
0.431 0.049 0 0.005
0.431 0.919 0 0.005
0.432 0.688 0 0.005
0.4375 0.7495 0 0.005
0.432 0.889 0 0.005
0.433 0.562 0 0.005
0.433 0.584 0 0.005
0.434 0.107 0 0.005
0.434 0.195 0 0.005
0.434 0.606 0 0.005
0.434 0.993 0 0.005
0.435 0.183 0 0.005
0.435 0.666 0 0.005
0.435 0.823 0 0.005
0.436 0.148 0 0.005
0.436 0.397 0 0.005
0.436 0.836 0 0.005
0.441 0.3255 0 0.005
0.44 0.4365 0 0.005
0.4425 0.9335 0 0.005
0.438 0.365 0 0.005
0.438 0.377 0 0.005
0.438 0.874 0 0.005
0.439 0.12 0 0.005
0.4435 0.349 0 0.005
0.439 0.64 0 0.005
0.439 0.781 0 0.005
0.44 0.16 0 0.005
0.44 0.501 0 0.005
0.44 0.524 0 0.005
0.44 0.546 0 0.005
0.44 0.724 0 0.005
0.44 0.858 0 0.005
0.441 0.01 0 0.005
0.446 0.9555 0 0.005
0.443 0.57 0 0.005
0.443 0.712 0 0.005
0.443 0.802 0 0.005
0.444 0.469 0 0.005
0.445 0.063 0 0.005
0.4475 0.1805 0 0.005
0.445 0.658 0 0.005
0.445 0.91 0 0.005
0.445 0.973 0 0.005
0.446 0.387 0 0.005
0.446 0.486 0 0.005
0.446 0.603 0 0.005
0.446 0.896 0 0.005
0.447 0.989 0 0.005
0.452 0.0285 0 0.005
0.448 0.251 0 0.005
0.448 0.699 0 0.005
0.448 0.768 0 0.005
0.448 0.831 0 0.005
0.449 0.109 0 0.005
0.449 0.631 0 0.005
0.45 0.081 0 0.005
0.45 0.213 0 0.005
0.45 0.298 0 0.005
0.451 0.843 0 0.005
0.452 0.093 0 0.005
0.452 0.225 0 0.005
0.452 0.281 0 0.005
0.452 0.591 0 0.005
0.453 0.558 0 0.005
0.453 0.618 0 0.005
0.453 0.781 0 0.005
0.453 0.819 0 0.005
0.454 0.412 0 0.005
0.454 0.46 0 0.005
0.4565 0.6845 0 0.005
0.455 0.008 0 0.005
0.455 0.74 0 0.005
0.456 0.424 0 0.005
0.456 0.447 0 0.005
0.4595 0.526 0 0.005
0.456 0.644 0 0.005
0.457 0.755 0 0.005
0.457 0.796 0 0.005
0.457 0.886 0 0.005
0.45985340314136125 0.9901780104712041 0 0.005
0.458 0.508 0 0.005
0.46 0.37 0 0.005
0.46 0.486 0 0.005
0.46 0.578 0 0.005
0.46 0.601 0 0.005
0.461 0.158 0 0.005
0.461 0.387 0 0.005
0.461 0.473 0 0.005
0.461 0.659 0 0.005
0.461 0.769 0 0.005
0.462 0.114 0 0.005
0.462 0.712 0 0.005
0.463 0.402 0 0.005
0.463 0.937 0 0.005
0.464 0.049 0 0.005
0.464 0.086 0 0.005
0.4695 0.1925 0 0.005
0.4685 0.3 0 0.005
0.464 0.319 0 0.005
0.464 0.357 0 0.005
0.464 0.549 0 0.005
0.464 0.861 0 0.005
0.464 0.92 0 0.005
0.465 0.099 0 0.005
0.465 0.229 0 0.005
0.4685 0.432 0 0.005
0.4705 0.631 0 0.005
0.465 0.831 0 0.005
0.465 0.958 0 0.005
0.466 0.136 0 0.005
0.466 0.211 0 0.005
0.4715 0.2495 0 0.005
0.466 0.272 0 0.005
0.467 0.015 0 0.005
0.467 0.345 0 0.005
0.468 0.414 0 0.005
0.469 0.616 0 0.005
0.469 0.733 0 0.005
0.469 0.897 0 0.005
0.47 0.07 0 0.005
0.47 0.175 0 0.005
0.47 0.681 0 0.005
0.4745 0.703 0 0.005
0.4755 0.031 0 0.005
0.471 0.149 0 0.005
0.472 0.333 0 0.005
0.472 0.59 0 0.005
0.472 0.756 0 0.005
0.472 0.788 0 0.005
0.472 0.814 0 0.005
0.473 0.283 0 0.005
0.474 0.162 0 0.005
0.474 0.457 0 0.005
0.474 0.565 0 0.005
0.474 0.873 0 0.005
0.474 0.976 0 0.005
0.475 0.385 0 0.005
0.475 0.496 0 0.005
0.475 0.514 0 0.005
0.475 0.658 0 0.005
0.476 0.049 0 0.005
0.476 0.404 0 0.005
0.476 0.861 0 0.005
0.477 0.106 0 0.005
0.477 0.321 0 0.005
0.477 0.933 0 0.005
0.478 0.00434313725490196 0 0.005
0.478 0.484 0 0.005
0.478 0.915 0 0.005
0.478 0.994 0 0.005
0.479 0.087 0 0.005
0.479 0.136 0 0.005
0.479 0.842 0 0.005
0.48 0.227 0 0.005
0.48 0.266 0 0.005
0.48 0.769 0 0.005
0.481 0.69 0 0.005
0.4906666666666667 0.07033333333333333 0 0.005
0.482 0.207 0 0.005
0.482 0.309 0 0.005
0.482 0.889 0 0.005
0.483 0.021 0 0.005
0.483 0.534 0 0.005
0.483 0.781 0 0.005
0.484 0.556 0 0.005
0.484 0.611 0 0.005
0.484 0.719 0 0.005
0.484 0.946 0 0.005
0.486 0.591 0 0.005
0.487 0.385 0 0.005
0.487 0.905 0 0.005
0.488 0.098 0 0.005
0.488 0.123 0 0.005
0.488 0.517 0 0.005
0.488 0.735 0 0.005
0.488 0.87 0 0.005
0.489 0.295 0 0.005
0.489 0.339 0 0.005
0.489 0.399 0 0.005
0.489 0.807 0 0.005
0.49 0.351 0 0.005
0.49 0.439 0 0.005
0.49 0.451 0 0.005
0.491 0.011 0 0.005
0.491 0.11 0 0.005
0.491 0.752 0 0.005
0.4965 0.8345 0 0.005
0.4965 0.168 0 0.005
0.492 0.639 0 0.005
0.492 0.661 0 0.005
0.492 0.967 0 0.005
0.492 0.9952365591397849 0 0.005
0.498 0.0485 0 0.005
0.493 0.196 0 0.005
0.493 0.266 0 0.005
0.493 0.674 0 0.005
0.493 0.768 0 0.005
0.494 0.92 0 0.005
0.495 0.184 0 0.005
0.495 0.253 0 0.005
0.495 0.5 0 0.005
0.495 0.697 0 0.005
0.496 0.139 0 0.005
0.496 0.894 0 0.005
0.497 0.151 0 0.005
0.497 0.223 0 0.005
0.4995 0.2895 0 0.005
0.5015 0.432 0 0.005
0.497 0.719 0 0.005
0.498 0.477 0 0.005
0.498 0.528 0 0.005
0.499 0.325 0 0.005
0.5 0.022 0 0.005
0.5 0.46 0 0.005
0.5 0.56 0 0.005
0.5 0.878 0 0.005
0.502 0.117 0 0.005
0.502 0.391 0 0.005
0.502 0.403 0 0.005
0.505 0.8085 0 0.005
0.502 0.978 0 0.005
0.503 0.577 0 0.005
0.504 0.541 0 0.005
0.504 0.9952365591397849 0 0.005
0.505 0.197 0 0.005
0.5085 0.952 0 0.005
0.506 0.674 0 0.005
0.506 0.769 0 0.005
0.506 0.908 0 0.005
0.506 0.931 0 0.005
0.507 0.069 0 0.005
0.507 0.341 0 0.005
0.507 0.494 0 0.005
0.507 0.789 0 0.005
0.508 0.254 0 0.005
0.508 0.633 0 0.005
0.508 0.658 0 0.005
0.508 0.851 0 0.005
0.509 0.137 0 0.005
0.509 0.618 0 0.005
0.51 0.007 0 0.005
0.51 0.241 0 0.005
0.51 0.604 0 0.005
0.51 0.692 0 0.005
0.51 0.73 0 0.005
0.51 0.751 0 0.005
0.514 0.1595 0 0.005
0.511 0.213 0 0.005
0.511 0.313 0 0.005
0.515 0.5265 0 0.005
0.512 0.415 0 0.005
0.5165 0.473 0 0.005
0.513 0.713 0 0.005
0.514 0.388 0 0.005
0.514 0.509 0 0.005
0.515 0.577 0 0.005
0.516 0.178 0 0.005
0.5185 0.2915 0 0.005
0.516 0.368 0 0.005
0.516 0.551 0 0.005
0.516 0.92 0 0.005
0.517 0.043 0 0.005
0.517 0.325 0 0.005
0.517 0.591 0 0.005
0.518 0.441 0 0.005
0.518 0.641 0 0.005
0.518 0.903 0 0.005
0.518 0.987 0 0.005
0.519 0.68 0 0.005
0.519 0.795 0 0.005
0.5235 0.268 0 0.005
0.52 0.975 0 0.005
0.521 0.654 0 0.005
0.521 0.934 0 0.005
0.5275 0.1195 0 0.005
0.522 0.145 0 0.005
0.522 0.225 0 0.005
0.522 0.498 0 0.005
0.522 0.704 0 0.005
0.522 0.744 0 0.005
0.522 0.834 0 0.005
0.526 0.0805 0 0.005
0.523 0.104 0 0.005
0.523 0.196 0 0.005
0.523 0.692 0 0.005
0.523 0.756 0 0.005
0.523 0.886 0 0.005
0.524 0.057 0 0.005
0.524 0.251 0 0.005
0.524 0.396 0 0.005
0.524 0.775 0 0.005
0.525 0.313 0 0.005
0.526 0.009 0 0.005
0.526 0.025 0 0.005
0.526 0.414 0 0.005
0.526 0.729 0 0.005
0.526 0.851 0 0.005
0.526 0.866 0 0.005
0.5325 0.8225 0 0.005
0.528 0.545 0 0.005
0.528 0.806 0 0.005
0.528 0.945 0 0.005
0.53 0.235 0 0.005
0.53 0.285 0 0.005
0.531 0.168 0 0.005
0.531 0.185 0 0.005
0.531 0.343 0 0.005
0.531 0.376 0 0.005
0.531 0.578 0 0.005
0.531 0.619 0 0.005
0.531 0.898 0 0.005
0.532 0.324 0 0.005
0.532 0.358 0 0.005
0.532 0.471 0 0.005
0.532 0.968 0 0.005
0.532 0.994 0 0.005
0.533 0.131 0 0.005
0.533 0.507 0 0.005
0.533 0.632 0 0.005
0.533 0.66 0 0.005
0.534 0.262 0 0.005
0.534 0.607 0 0.005
0.535 0.105 0 0.005
0.535 0.145 0 0.005
0.535 0.299 0 0.005
0.536 0.43 0 0.005
0.536 0.447 0 0.005
0.536 0.646 0 0.005
0.5425 0.0515 0 0.005
0.537 0.091 0 0.005
0.538 0.247 0 0.005
0.539 0.198 0 0.005
0.539 0.937 0 0.005
0.54 0.028 0 0.005
0.54 0.854 0 0.005
0.54 0.923 0 0.005
0.541 0.072 0 0.005
0.541 0.213 0 0.005
0.541 0.533 0 0.005
0.541 0.755 0 0.005
0.541 0.89 0 0.005
0.542 0.416 0 0.005
0.542 0.781 0 0.005
0.542 0.793 0 0.005
0.542 0.877 0 0.005
0.543 0.546 0 0.005
0.543 0.558 0 0.005
0.543 0.617 0 0.005
0.543 0.982 0 0.005
0.5495 0.599 0 0.005
0.544 0.686 0 0.005
0.544 0.702 0 0.005
0.544 0.743 0 0.005
0.544 0.9957317073170732 0 0.005
0.545 0.163 0 0.005
0.55 0.4045 0 0.005
0.545 0.805 0 0.005
0.545 0.961 0 0.005
0.546 0.005 0 0.005
0.546 0.501 0 0.005
0.547 0.282 0 0.005
0.547 0.296 0 0.005
0.548 0.018 0 0.005
0.548 0.372 0 0.005
0.548 0.817 0 0.005
0.548 0.908 0 0.005
0.549 0.238 0 0.005
0.549 0.66 0 0.005
0.549 0.838 0 0.005
0.55 0.125 0 0.005
0.55 0.386 0 0.005
0.55 0.439 0 0.005
0.551 0.18 0 0.005
0.5565 0.4635 0 0.005
0.551 0.487 0 0.005
0.552 0.037 0 0.005
0.557 0.3485 0 0.005
0.553 0.202 0 0.005
0.553 0.261 0 0.005
0.553 0.514 0 0.005
0.556 0.7285 0 0.005
0.555 0.098 0 0.005
0.5585 0.138 0 0.005
0.555 0.222 0 0.005
0.555 0.312 0 0.005
0.555 0.539 0 0.005
0.555 0.56 0 0.005
0.555 0.675 0 0.005
0.5575 0.8935 0 0.005
0.556 0.083 0 0.005
0.556 0.648 0 0.005
0.556 0.97 0 0.005
0.557 0.574 0 0.005
0.557 0.778 0 0.005
0.5615 0.927 0 0.005
0.5635 0.157 0 0.005
0.558 0.327 0 0.005
0.558 0.695 0 0.005
0.558 0.851 0 0.005
0.559 0.827 0 0.005
0.559 0.87 0 0.005
0.559 0.951 0 0.005
0.559 0.9952365591397849 0 0.005
0.56 0.282 0 0.005
0.561 0.054 0 0.005
0.561 0.811 0 0.005
0.562 0.247 0 0.005
0.562 0.443 0 0.005
0.563 0.753 0 0.005
0.564 0.008 0 0.005
0.564 0.034 0 0.005
0.565 0.194 0 0.005
0.565 0.207 0 0.005
0.565 0.523 0 0.005
0.565 0.799 0 0.005
0.566 0.116 0 0.005
0.566 0.231 0 0.005
0.566 0.263 0 0.005
0.566 0.708 0 0.005
0.567 0.31 0 0.005
0.567 0.507 0 0.005
0.567 0.588 0 0.005
0.567 0.629 0 0.005
0.567 0.841 0 0.005
0.568 0.413 0 0.005
0.569 0.092 0 0.005
0.569 0.17 0 0.005
0.569 0.401 0 0.005
0.569 0.481 0 0.005
0.5745 0.579 0 0.005
0.569 0.603 0 0.005
0.569 0.674 0 0.005
0.57 0.907 0 0.005
0.571 0.289 0 0.005
0.571 0.776 0 0.005
0.572 0.33 0 0.005
0.572 0.38 0 0.005
0.5755 0.6485 0 0.005
0.5785 0.726 0 0.005
0.573 0.741 0 0.005
0.573 0.963 0 0.005
0.574 0.351 0 0.005
0.574 0.463 0 0.005
0.574 0.54 0 0.005
0.574 0.855 0 0.005
0.574 0.985 0 0.005
0.575 0.104 0 0.005
0.575 0.367 0 0.005
0.575 0.828 0 0.005
0.575 0.883 0 0.005
0.576 0.045 0 0.005
0.576 0.218 0 0.005
0.5795 0.28 0 0.005
0.576 0.425 0 0.005
0.577 0.015 0 0.005
0.577 0.078 0 0.005
0.581 0.1975 0 0.005
0.578 0.612 0 0.005
0.579 0.525 0 0.005
0.5825 0.81 0 0.005
0.579 0.918 0 0.005
0.579 0.938 0 0.005
0.5845 0.713 0 0.005
0.5845 0.124 0 0.005
0.581 0.177 0 0.005
0.581 0.309 0 0.005
0.581 0.898 0 0.005
0.582 0.0022833333333333334 0 0.005
0.582 0.066 0 0.005
0.582 0.322 0 0.005
0.582 0.5 0 0.005
0.582 0.557 0 0.005
0.583 0.146 0 0.005
0.583 0.755 0 0.005
0.584 0.165 0 0.005
0.584 0.483 0 0.005
0.585 0.254 0 0.005
0.585 0.471 0 0.005
0.585 0.655 0 0.005
0.585 0.993 0 0.005
0.586 0.024 0 0.005
0.586 0.382 0 0.005
0.586 0.447 0 0.005
0.586 0.672 0 0.005
0.5885 0.9585 0 0.005
0.59 0.3995 0 0.005
0.587 0.628 0 0.005
0.587 0.697 0 0.005
0.587 0.827 0 0.005
0.588 0.542 0 0.005
0.588 0.602 0 0.005
0.5905 0.7805 0 0.005
0.589 0.103 0 0.005
0.589 0.859 0 0.005
0.59 0.347 0 0.005
0.59 0.567 0 0.005
0.59 0.614 0 0.005
0.59 0.91 0 0.005
0.591 0.518 0 0.005
0.592 0.589 0 0.005
0.592 0.745 0 0.005
0.593 0.243 0 0.005
0.594 0.039 0 0.005
0.594 0.082 0 0.005
0.594 0.274 0 0.005
0.594 0.325 0 0.005
0.594 0.428 0 0.005
0.594 0.88 0 0.005
0.596 0.016 0 0.005
0.596 0.166 0 0.005
0.596 0.194 0 0.005
0.597 0.932 0 0.005
0.6015 0.149 0 0.005
0.598 0.181 0 0.005
0.598 0.207 0 0.005
0.598 0.223 0 0.005
0.598 0.495 0 0.005
0.598 0.643 0 0.005
0.6035 0.6595 0 0.005
0.6 0.06 0 0.005
0.6 0.297 0 0.005
0.6 0.367 0 0.005
0.6 0.46 0 0.005
0.6 0.527 0 0.005
0.6 0.946 0 0.005
0.601 0.473 0 0.005
0.602 0.338 0 0.005
0.602 0.599 0 0.005
0.602 0.624 0 0.005
0.603 0.0022833333333333334 0 0.005
0.6075 0.568 0 0.005
0.603 0.825 0 0.005
0.604 0.048 0 0.005
0.604 0.259 0 0.005
0.605 0.38 0 0.005
0.605 0.447 0 0.005
0.605 0.51 0 0.005
0.605 0.697 0 0.005
0.605 0.807 0 0.005
0.605 0.865 0 0.005
0.606 0.739 0 0.005
0.606 0.758 0 0.005
0.606 0.77 0 0.005
0.606 0.852 0 0.005
0.607 0.026 0 0.005
0.607 0.092 0 0.005
0.607 0.903 0 0.005
0.607 0.967 0 0.005
0.608 0.105 0 0.005
0.6105 0.1355 0 0.005
0.608 0.486 0 0.005
0.608 0.685 0 0.005
0.609 0.419 0 0.005
0.61 0.187 0 0.005
0.61 0.271 0 0.005
0.61 0.725 0 0.005
0.61 0.927 0 0.005
0.611 0.117 0 0.005
0.611 0.785 0 0.005
0.612 0.53 0 0.005
0.612 0.888 0 0.005
0.613 0.329 0 0.005
0.614 0.058 0 0.005
0.614 0.36 0 0.005
0.614 0.594 0 0.005
0.618 0.7165 0 0.005
0.614 0.987 0 0.005
0.615 0.077 0 0.005
0.615 0.401 0 0.005
0.616 0.432 0 0.005
0.617 0.215 0 0.005
0.62 0.6285 0 0.005
0.617 0.841 0 0.005
0.618 0.165 0 0.005
0.622 0.2335 0 0.005
0.618 0.383 0 0.005
0.618 0.463 0 0.005
0.618 0.756 0 0.005
0.619 0.022 0 0.005
0.619 0.202 0 0.005
0.619 0.736 0 0.005
0.619 0.8 0 0.005
0.62 0.008 0 0.005
0.62 0.686 0 0.005
0.62 0.828 0 0.005
0.62 0.975 0 0.005
0.621 0.555 0 0.005
0.621 0.774 0 0.005
0.622 0.048 0 0.005
0.622 0.417 0 0.005
0.622 0.657 0 0.005
0.622 0.92 0 0.005
0.623 0.29 0 0.005
0.623 0.314 0 0.005
0.623 0.451 0 0.005
0.623 0.816 0 0.005
0.6285 0.85 0 0.005
0.624 0.49 0 0.005
0.625 0.178 0 0.005
0.625 0.278 0 0.005
0.625 0.346 0 0.005
0.625 0.575 0 0.005
0.626 0.502 0 0.005
0.63 0.9595 0 0.005
0.627 0.095 0 0.005
0.627 0.364 0 0.005
0.628 0.9952365591397849 0 0.005
0.629 0.032 0 0.005
0.629 0.868 0 0.005
0.629 0.938 0 0.005
0.63 0.381 0 0.005
0.63 0.593 0 0.005
0.63 0.704 0 0.005
0.63 0.791 0 0.005
0.631 0.151 0 0.005
0.631 0.434 0 0.005
0.631 0.766 0 0.005
0.631 0.804 0 0.005
0.632 0.059 0 0.005
0.633 0.107 0 0.005
0.633 0.122 0 0.005
0.633 0.265 0 0.005
0.633 0.545 0 0.005
0.633 0.668 0 0.005
0.638 0.7345 0 0.005
0.633 0.834 0 0.005
0.633 0.91 0 0.005
0.634 0.0022833333333333334 0 0.005
0.634 0.073 0 0.005
0.634 0.463 0 0.005
0.634 0.881 0 0.005
0.635 0.189 0 0.005
0.635 0.297 0 0.005
0.636 0.044 0 0.005
0.636 0.253 0 0.005
0.636 0.285 0 0.005
0.636 0.333 0 0.005
0.636 0.526 0 0.005
0.637 0.139 0 0.005
0.638 0.318 0 0.005
0.638 0.407 0 0.005
0.638 0.448 0 0.005
0.638 0.478 0 0.005
0.638 0.512 0 0.005
0.638 0.576 0 0.005
0.638 0.986 0 0.005
0.639 0.094 0 0.005
0.639 0.163 0 0.005
0.639 0.219 0 0.005
0.639 0.563 0 0.005
0.639 0.61 0 0.005
0.644 0.6435 0 0.005
0.64 0.201 0 0.005
0.64 0.361 0 0.005
0.64 0.624 0 0.005
0.641 0.026 0 0.005
0.641 0.716 0 0.005
0.647 0.2365 0 0.005
0.642 0.422 0 0.005
0.642 0.933 0 0.005
0.644 0.373 0 0.005
0.644 0.683 0 0.005
0.645 0.821 0 0.005
0.645 0.854 0 0.005
0.649 0.5815 0 0.005
0.646 0.756 0 0.005
0.646 0.918 0 0.005
0.65 0.3065 0 0.005
0.647 0.461 0 0.005
0.647 0.957 0 0.005
0.648 0.398 0 0.005
0.648 0.782 0 0.005
0.6545 0.063 0 0.005
0.649 0.332 0 0.005
0.653 0.4305 0 0.005
0.649 0.532 0 0.005
0.649 0.839 0 0.005
0.65 0.126 0 0.005
0.651 0.899 0 0.005
0.652 0.174 0 0.005
0.652 0.205 0 0.005
0.6575 0.3635 0 0.005
0.652 0.5 0 0.005
0.652 0.884 0 0.005
0.653 0.011 0 0.005
0.653 0.087 0 0.005
0.653 0.147 0 0.005
0.653 0.191 0 0.005
0.653 0.273 0 0.005
0.657 0.4805 0 0.005
0.653 0.563 0 0.005
0.653 0.703 0 0.005
0.654 0.036 0 0.005
0.654 0.113 0 0.005
0.654 0.608 0 0.005
0.654 0.668 0 0.005
0.655 0.159 0 0.005
0.655 0.41 0 0.005
0.655 0.971 0 0.005
0.6615 0.29 0 0.005
0.656 0.343 0 0.005
0.656 0.722 0 0.005
0.656 0.926 0 0.005
0.6605 0.8545 0 0.005
0.658 0.986 0 0.005
0.659 0.803 0 0.005
0.66 0.024 0 0.005
0.66 0.623 0 0.005
0.661 0.228 0 0.005
0.661 0.251 0 0.005
0.661 0.456 0 0.005
0.661 0.523 0 0.005
0.661 0.757 0 0.005
0.661 0.785 0 0.005
0.662 0.325 0 0.005
0.663 0.101 0 0.005
0.663 0.547 0 0.005
0.663 0.641 0 0.005
0.668 0.8205 0 0.005
0.663 0.954 0 0.005
0.667 0.1295 0 0.005
0.664 0.659 0 0.005
0.664 0.69 0 0.005
0.665 0.214 0 0.005
0.665 0.266 0 0.005
0.665 0.743 0 0.005
0.666 0.397 0 0.005
0.667 0.0022833333333333334 0 0.005
0.667 0.57 0 0.005
0.668 0.18 0 0.005
0.668 0.596 0 0.005
0.668 0.906 0 0.005
0.669 0.41 0 0.005
0.669 0.771 0 0.005
0.669 0.922 0 0.005
0.67 0.717 0 0.005
0.671 0.089 0 0.005
0.671 0.425 0 0.005
0.671 0.441 0 0.005
0.671 0.489 0 0.005
0.671 0.888 0 0.005
0.671 0.978 0 0.005
0.672 0.049 0 0.005
0.672 0.168 0 0.005
0.672 0.608 0 0.005
0.673 0.224 0 0.005
0.673 0.249 0 0.005
0.673 0.34 0 0.005
0.674 0.2 0 0.005
0.674 0.352 0 0.005
0.674 0.583 0 0.005
0.674 0.628 0 0.005
0.674 0.732 0 0.005
0.675 0.03 0 0.005
0.675 0.074 0 0.005
0.675 0.108 0 0.005
0.675 0.501 0 0.005
0.676 0.15 0 0.005
0.676 0.237 0 0.005
0.676 0.516 0 0.005
0.676 0.757 0 0.005
0.677 0.472 0 0.005
0.6805 0.543 0 0.005
0.677 0.694 0 0.005
0.677 0.867 0 0.005
0.678 0.013 0 0.005
0.678 0.281 0 0.005
0.678 0.401 0 0.005
0.678 0.847 0 0.005
0.678 0.957 0 0.005
0.679 0.646 0 0.005
0.679 0.914 0 0.005
0.681 0.18 0 0.005
0.682 0.308 0 0.005
0.682 0.673 0 0.005
0.683 0.0022833333333333334 0 0.005
0.683 0.323 0 0.005
0.683 0.79 0 0.005
0.683 0.806 0 0.005
0.683 0.969 0 0.005
0.684 0.439 0 0.005
0.684 0.57 0 0.005
0.684 0.718 0 0.005
0.684 0.9967166666666667 0 0.005
0.685 0.419 0 0.005
0.685 0.985 0 0.005
0.686 0.137 0 0.005
0.686 0.597 0 0.005
0.687 0.074 0 0.005
0.69 0.2045 0 0.005
0.692 0.1045 0 0.005
0.697 0.22733333333333333 0 0.005
0.688 0.511 0 0.005
0.688 0.66 0 0.005
0.688 0.939 0 0.005
0.689 0.166 0 0.005
0.689 0.453 0 0.005
0.694 0.0185 0 0.005
0.69 0.395 0 0.005
0.69 0.821 0 0.005
0.69 0.927 0 0.005
0.69 0.955 0 0.005
0.691 0.532 0 0.005
0.691 0.762 0 0.005
0.692 0.046 0 0.005
0.692 0.06 0 0.005
0.692 0.294 0 0.005
0.696 0.6255 0 0.005
0.693 0.154 0 0.005
0.693 0.262 0 0.005
0.693 0.708 0 0.005
0.694 0.776 0 0.005
0.694 0.877 0 0.005
0.695 0.339 0 0.005
0.71075 0.49075 0 0.005
0.695 0.73 0 0.005
0.696 0.323 0 0.005
0.696 0.375 0 0.005
0.701 0.4345 0 0.005
0.696 0.788 0 0.005
0.697 0.582 0 0.005
0.697 0.801 0 0.005
0.698 0.354 0 0.005
0.698 0.416 0 0.005
0.698 0.568 0 0.005
0.698 0.844 0 0.005
0.699 0.128 0 0.005
0.699 0.176 0 0.005
0.699 0.856 0 0.005
0.699 0.971 0 0.005
0.7 0.094 0 0.005
0.7 0.697 0 0.005
0.7 0.985 0 0.005
0.701 0.081 0 0.005
0.7065 0.896 0 0.005
0.702 0.473 0 0.005
0.702 0.518 0 0.005
0.702 0.6 0 0.005
0.703 0.403 0 0.005
0.704 0.147 0 0.005
0.704 0.313 0 0.005
0.7095 0.619 0 0.005
0.705 0.653 0 0.005
0.706 0.029 0 0.005
0.709 0.1695 0 0.005
0.706 0.254 0 0.005
0.706 0.669 0 0.005
0.706 0.746 0 0.005
0.707 0.196 0 0.005
0.707 0.641 0 0.005
0.711 0.6905 0 0.005
0.707 0.949 0 0.005
0.708 0.367 0 0.005
0.708 0.56 0 0.005
0.709 0.046 0 0.005
0.709 0.297 0 0.005
0.709 0.579 0 0.005
0.71 0.325 0 0.005
0.7155 0.5345 0 0.005
0.71 0.778 0 0.005
0.71 0.8 0 0.005
0.71 0.912 0 0.005
0.71 0.928 0 0.005
0.711 0.352 0 0.005
0.712 0.281 0 0.005
0.712 0.871 0 0.005
0.713 0.835 0 0.005
0.714 0.014 0 0.005
0.714 0.216 0 0.005
0.714 0.521 0 0.005
0.714 0.736 0 0.005
0.715 0.114 0 0.005
0.715 0.503 0 0.005
0.715 0.988 0 0.005
0.7215 0.243 0 0.005
0.716 0.425 0 0.005
0.716 0.66 0 0.005
0.717 0.068 0 0.005
0.717 0.311 0 0.005
0.717 0.461 0 0.005
0.717 0.721 0 0.005
0.718 0.136 0 0.005
0.718 0.375 0 0.005
0.721 0.9725 0 0.005
0.7246666666666667 0.19033333333333335 0 0.005
0.719 0.262 0 0.005
0.719 0.552 0 0.005
0.72 0.599 0 0.005
0.72 0.813 0 0.005
0.721 0.361 0 0.005
0.721 0.405 0 0.005
0.721 0.92 0 0.005
0.722 0.048 0 0.005
0.722 0.392 0 0.005
0.7275 0.789 0 0.005
0.722 0.949 0 0.005
0.7285 0.078 0 0.005
0.723 0.148 0 0.005
0.724 0.027 0 0.005
0.724 0.16 0 0.005
0.724 0.576 0 0.005
0.724 0.848 0 0.005
0.725 0.295 0 0.005
0.725 0.342 0 0.005
0.725 0.472 0 0.005
0.725 0.71 0 0.005
0.725 0.866 0 0.005
0.726 0.093 0 0.005
0.726 0.51 0 0.005
0.726 0.769 0 0.005
0.727 0.003763440860215054 0 0.005
0.727 0.682 0 0.005
0.727 0.888 0 0.005
0.728 0.908 0 0.005
0.729 0.669 0 0.005
0.729 0.696 0 0.005
0.729 0.751 0 0.005
0.729 0.994656862745098 0 0.005
0.73 0.061 0 0.005
0.73 0.222 0 0.005
0.7325 0.3195 0 0.005
0.73 0.376 0 0.005
0.73 0.422 0 0.005
0.73 0.625 0 0.005
0.73 0.656 0 0.005
0.73 0.93 0 0.005
0.731 0.27 0 0.005
0.732 0.642 0 0.005
0.733 0.439 0 0.005
0.738 0.8325 0 0.005
0.7385 0.111 0 0.005
0.735 0.285 0 0.005
0.736 0.805 0 0.005
0.736 0.875 0 0.005
0.737 0.567 0 0.005
0.7415 0.71 0 0.005
0.737 0.731 0 0.005
0.737 0.943 0 0.005
0.737 0.956 0 0.005
0.738 0.129 0 0.005
0.738 0.175 0 0.005
0.738 0.506 0 0.005
0.738 0.521 0 0.005
0.739 0.188 0 0.005
0.739 0.247 0 0.005
0.739 0.393 0 0.005
0.739 0.479 0 0.005
0.739 0.549 0 0.005
0.739 0.679 0 0.005
0.739 0.899 0 0.005
0.74 0.038 0 0.005
0.74 0.161 0 0.005
0.74 0.464 0 0.005
0.742 0.367 0 0.005
0.742 0.858 0 0.005
0.743 0.202 0 0.005
0.743 0.34 0 0.005
0.743 0.407 0 0.005
0.743 0.493 0 0.005
0.743 0.604 0 0.005
0.743 0.667 0 0.005
0.743 0.776 0 0.005
0.744 0.22 0 0.005
0.744 0.583 0 0.005
0.745 0.316 0 0.005
0.745 0.628 0 0.005
0.746 0.012 0 0.005
0.746 0.149 0 0.005
0.746 0.447 0 0.005
0.747 0.237 0 0.005
0.747 0.924 0 0.005
0.748 0.084 0 0.005
0.748 0.53 0 0.005
0.748 0.652 0 0.005
0.748 0.691 0 0.005
0.748 0.724 0 0.005
0.749 0.283 0 0.005
0.749 0.993 0 0.005
0.75 0.419 0 0.005
0.75 0.762 0 0.005
0.753 0.8096666666666666 0 0.005
0.7525 0.8535 0 0.005
0.751 0.298 0 0.005
0.751 0.555 0 0.005
0.751 0.908 0 0.005
0.752 0.106 0 0.005
0.752 0.255 0 0.005
0.752 0.516 0 0.005
0.752 0.871 0 0.005
0.752 0.98 0 0.005
0.753 0.067 0 0.005
0.753 0.573 0 0.005
0.753 0.944 0 0.005
0.754 0.123 0 0.005
0.754 0.38 0 0.005
0.754 0.892 0 0.005
0.755 0.177 0 0.005
0.755 0.432 0 0.005
0.755 0.678 0 0.005
0.755 0.744 0 0.005
0.755 0.788 0 0.005
0.756 0.35 0 0.005
0.756 0.364 0 0.005
0.756 0.638 0 0.005
0.756 0.665 0 0.005
0.757 0.051 0 0.005
0.757 0.216 0 0.005
0.757 0.268 0 0.005
0.757 0.774 0 0.005
0.758 0.033 0 0.005
0.758 0.501 0 0.005
0.758 0.59 0 0.005
0.759 0.458 0 0.005
0.76 0.24 0 0.005
0.76 0.398 0 0.005
0.76 0.473 0 0.005
0.76 0.545 0 0.005
0.765 0.9605 0 0.005
0.764434554973822 0.007680628272251309 0 0.005
0.761 0.153 0 0.005
0.761 0.486 0 0.005
0.761 0.62 0 0.005
0.762 0.69 0 0.005
0.762 0.844 0 0.005
0.762 0.932 0 0.005
0.763 0.135 0 0.005
0.763 0.165 0 0.005
0.763 0.443 0 0.005
0.763 0.83 0 0.005
0.764 0.288 0 0.005
0.764 0.318 0 0.005
0.764 0.884 0 0.005
0.765 0.106 0 0.005
0.765 0.577 0 0.005
0.765 0.732 0 0.005
0.765 0.871 0 0.005
0.767 0.122 0 0.005
0.767 0.335 0 0.005
0.767 0.385 0 0.005
0.767 0.558 0 0.005
0.767 0.716 0 0.005
0.768 0.521 0 0.005
0.768 0.651 0 0.005
0.768 0.979 0 0.005
0.77 0.182 0 0.005
0.77 0.275 0 0.005
0.77 0.633 0 0.005
0.77 0.745 0 0.005
0.771 0.249 0 0.005
0.771 0.373 0 0.005
0.771 0.423 0 0.005
0.772 0.037 0 0.005
0.772 0.058 0 0.005
0.772 0.194 0 0.005
0.773 0.153 0 0.005
0.773 0.215 0 0.005
0.773 0.538 0 0.005
0.773 0.592 0 0.005
0.774 0.021 0 0.005
0.774 0.091 0 0.005
0.774 0.301 0 0.005
0.774 0.606 0 0.005
0.774 0.783 0 0.005
0.774 0.815 0 0.005
0.775 0.408 0 0.005
0.775 0.474 0 0.005
0.775 0.49 0 0.005
0.775 0.929 0 0.005
0.775 0.994656862745098 0 0.005
0.777 0.289 0 0.005
0.777 0.506 0 0.005
0.781 0.5745 0 0.005
0.777 0.693 0 0.005
0.777 0.832 0 0.005
0.777 0.856 0 0.005
0.778 0.392 0 0.005
0.778 0.9 0 0.005
0.779 0.458 0 0.005
0.779 0.707 0 0.005
0.779 0.796 0 0.005
0.779 0.844 0 0.005
0.78 0.345 0 0.005
0.78 0.975 0 0.005
0.781 0.142 0 0.005
0.781 0.522 0 0.005
0.781 0.671 0 0.005
0.782 0.179 0 0.005
0.782 0.658 0 0.005
0.782 0.743 0 0.005
0.782 0.953 0 0.005
0.783 0.0022833333333333334 0 0.005
0.783 0.238 0 0.005
0.7885 0.2545 0 0.005
0.7933333333333333 0.3033333333333333 0 0.005
0.783 0.323 0 0.005
0.783 0.762 0 0.005
0.784 0.101 0 0.005
0.784 0.875 0 0.005
0.785 0.054 0 0.005
0.785 0.539 0 0.005
0.7875 0.6205 0 0.005
0.785 0.642 0 0.005
0.786 0.423 0 0.005
0.792 0.0375 0 0.005
0.787 0.076 0 0.005
0.787 0.115 0 0.005
0.787 0.781 0 0.005
0.787 0.939 0 0.005
0.788 0.218 0 0.005
0.788 0.474 0 0.005
0.788 0.965 0 0.005
0.789 0.691 0 0.005
0.789 0.804 0 0.005
0.789 0.892 0 0.005
0.79 0.269 0 0.005
0.79 0.827 0 0.005
0.7948341232227488 0.991218009478673 0 0.005
0.791 0.446 0 0.005
0.792 0.162 0 0.005
0.7955 0.412 0 0.005
0.792 0.861 0 0.005
0.793 0.133 0 0.005
0.793 0.528 0 0.005
0.793 0.549 0 0.005
0.796 0.7405 0 0.005
0.7985 0.15 0 0.005
0.794 0.363 0 0.005
0.795 0.193 0 0.005
0.795 0.392 0 0.005
0.795 0.565 0 0.005
0.795 0.597 0 0.005
0.795 0.679 0 0.005
0.795 0.708 0 0.005
0.795 0.721 0 0.005
0.796 0.324 0 0.005
0.796 0.434 0 0.005
0.797 0.012 0 0.005
0.797 0.067 0 0.005
0.797 0.486 0 0.005
0.797 0.509 0 0.005
0.7995 0.9165 0 0.005
0.798 0.053 0 0.005
0.798 0.349 0 0.005
0.799 0.178 0 0.005
0.799 0.77 0 0.005
0.799 0.786 0 0.005
0.8 0.284 0 0.005
0.8 0.38 0 0.005
0.806 0.0885 0 0.005
0.8063333333333333 0.24166666666666667 0 0.005
0.801 0.838 0 0.005
0.801 0.886 0 0.005
0.801 0.958 0 0.005
0.802 0.585 0 0.005
0.802 0.898 0 0.005
0.802 0.97 0 0.005
0.803 0.0022833333333333334 0 0.005
0.803 0.474 0 0.005
0.803 0.61 0 0.005
0.8085 0.34 0 0.005
0.804 0.65 0 0.005
0.804 0.811 0 0.005
0.804 0.942 0 0.005
0.805 0.461 0 0.005
0.806 0.2 0 0.005
0.806 0.218 0 0.005
0.806 0.544 0 0.005
0.807 0.023 0 0.005
0.807 0.527 0 0.005
0.811 0.1205 0 0.005
0.808 0.14 0 0.005
0.808 0.324 0 0.005
0.8115 0.491 0 0.005
0.809 0.168 0 0.005
0.814 0.2685 0 0.005
0.81 0.047 0 0.005
0.81 0.673 0 0.005
0.811 0.066 0 0.005
0.811 0.628 0 0.005
0.811 0.691 0 0.005
0.812 0.01 0 0.005
0.812 0.568 0 0.005
0.812 0.87 0 0.005
0.812 0.925 0 0.005
0.812 0.992 0 0.005
0.816 0.0295 0 0.005
0.814 0.395 0 0.005
0.814 0.408 0 0.005
0.814 0.427 0 0.005
0.8165 0.7945 0 0.005
0.814 0.827 0 0.005
0.814 0.972 0 0.005
0.815 0.85 0 0.005
0.816 0.582 0 0.005
0.816 0.654 0 0.005
0.816 0.764 0 0.005
0.816 0.898 0 0.005
0.817 0.313 0 0.005
0.817 0.957 0 0.005
0.818 0.458 0 0.005
0.8235 0.7015 0 0.005
0.819 0.105 0 0.005
0.8215 0.2115 0 0.005
0.819 0.36 0 0.005
0.819 0.532 0 0.005
0.82 0.284 0 0.005
0.82 0.377 0 0.005
0.82 0.442 0 0.005
0.8255 0.5435 0 0.005
0.824 0.7225 0 0.005
0.821 0.507 0 0.005
0.8245 0.634 0 0.005
0.821 0.744 0 0.005
0.821 0.911 0 0.005
0.822 0.596 0 0.005
0.822 0.616 0 0.005
0.823 0.193 0 0.005
0.823 0.558 0 0.005
0.823 0.686 0 0.005
0.824 0.043 0 0.005
0.824 0.073 0 0.005
0.824 0.091 0 0.005
0.824 0.162 0 0.005
0.824 0.327 0 0.005
0.824 0.942 0 0.005
0.825 0.782 0 0.005
0.826 0.003268292682926829 0 0.005
0.8305 0.135 0 0.005
0.826 0.836 0 0.005
0.826 0.88 0 0.005
0.827 0.661 0 0.005
0.829 0.256 0 0.005
0.829 0.495 0 0.005
0.829 0.82 0 0.005
0.829 0.985 0 0.005
0.83 0.31 0 0.005
0.83 0.408 0 0.005
0.8345 0.433 0 0.005
0.83 0.478 0 0.005
0.83 0.525 0 0.005
0.831 0.243 0 0.005
0.8345 0.895 0 0.005
0.832 0.152 0 0.005
0.835 0.5615 0 0.005
0.832 0.86 0 0.005
0.8385 0.1035 0 0.005
0.833 0.733 0 0.005
0.833 0.913 0 0.005
0.833 0.925 0 0.005
0.834 0.014 0 0.005
0.834 0.172 0 0.005
0.834 0.185 0 0.005
0.834 0.217 0 0.005
0.834 0.338 0 0.005
0.8395 0.9635 0 0.005
0.836 0.771 0 0.005
0.837 0.197 0 0.005
0.837 0.27 0 0.005
0.837 0.322 0 0.005
0.837 0.37 0 0.005
0.837 0.848 0 0.005
0.837 0.9952365591397849 0 0.005
0.838 0.394 0 0.005
0.838 0.638 0 0.005
0.838 0.653 0 0.005
0.838 0.83 0 0.005
0.838 0.872 0 0.005
0.839 0.0022833333333333334 0 0.005
0.839 0.073 0 0.005
0.839 0.284 0 0.005
0.839 0.793 0 0.005
0.84 0.036 0 0.005
0.84 0.232 0 0.005
0.84 0.45 0 0.005
0.84 0.6 0 0.005
0.841 0.708 0 0.005
0.841 0.753 0 0.005
0.842 0.124 0 0.005
0.842 0.411 0 0.005
0.8533333333333334 0.3116666666666667 0 0.005
0.843 0.668 0 0.005
0.845 0.516 0 0.005
0.85 0.5425 0 0.005
0.845 0.809 0 0.005
0.846 0.052 0 0.005
0.846 0.615 0 0.005
0.846 0.939 0 0.005
0.846 0.983 0 0.005
0.847 0.221 0 0.005
0.852 0.3345 0 0.005
0.847 0.461 0 0.005
0.847 0.568 0 0.005
0.847 0.735 0 0.005
0.848 0.138 0 0.005
0.848 0.841 0 0.005
0.848 0.9 0 0.005
0.849 0.181 0 0.005
0.849 0.266 0 0.005
0.849 0.481 0 0.005
0.849 0.695 0 0.005
0.85 0.392 0 0.005
0.85 0.854 0 0.005
0.851 0.085 0 0.005
0.851 0.589 0 0.005
0.851 0.649 0 0.005
0.851 0.717 0 0.005
0.851 0.869 0 0.005
0.852 0.15 0 0.005
0.852 0.363 0 0.005
0.852 0.44 0 0.005
0.852 0.774 0 0.005
0.853 0.063 0 0.005
0.853 0.238 0 0.005
0.853 0.527 0 0.005
0.853 0.628 0 0.005
0.853 0.796 0 0.005
0.853 0.82 0 0.005
0.853 0.971 0 0.005
0.854 0.114 0 0.005
0.854 0.748 0 0.005
0.855 0.126 0 0.005
0.8615 0.4245 0 0.005
0.8615 0.6755 0 0.005
0.857 0.02 0 0.005
0.857 0.406 0 0.005
0.857 0.498 0 0.005
0.857 0.913 0 0.005
0.858 0.195 0 0.005
0.858 0.661 0 0.005
0.859 0.378 0 0.005
0.859 0.705 0 0.005
0.859 0.731 0 0.005
0.861 0.207 0 0.005
0.861 0.809 0 0.005
0.862 0.284 0 0.005
0.862 0.603 0 0.005
0.862 0.891 0 0.005
0.863 0.452 0 0.005
0.863 0.475 0 0.005
0.863 0.759 0 0.005
0.863 0.872 0 0.005
0.864 0.16 0 0.005
0.864 0.935 0 0.005
0.864 0.984 0 0.005
0.865 0.099 0 0.005
0.865 0.223 0 0.005
0.865 0.357 0 0.005
0.865 0.692 0 0.005
0.865 0.948 0 0.005
0.8705 0.962 0 0.005
0.866 0.079 0 0.005
0.866 0.306 0 0.005
0.866 0.515 0 0.005
0.866 0.827 0 0.005
0.867 0.062 0 0.005
0.867 0.84 0 0.005
0.868 0.132 0 0.005
0.868 0.242 0 0.005
0.869 0.337 0 0.005
0.869 0.571 0 0.005
0.87 0.018 0 0.005
0.87 0.256 0 0.005
0.87 0.371 0 0.005
0.87 0.391 0 0.005
0.87 0.404 0 0.005
0.87 0.537 0 0.005
0.87 0.586 0 0.005
0.87 0.614 0 0.005
0.87 0.639 0 0.005
0.875 0.7465 0 0.005
0.871 0.197 0 0.005
0.871 0.491 0 0.005
0.871 0.794 0 0.005
0.871 0.918 0 0.005
0.872 0.903 0 0.005
0.873 0.767 0 0.005
0.874 0.809 0 0.005
0.875 0.273 0 0.005
0.875 0.506 0 0.005
0.875 0.779 0 0.005
0.875 0.977 0 0.005
0.876 0.121 0 0.005
0.876 0.858 0 0.005
0.877 0.463 0 0.005
0.877 0.665 0 0.005
0.877 0.994 0 0.005
0.882 0.1485 0 0.005
0.8815 0.892 0 0.005
0.879 0.109 0 0.005
0.8815 0.7035 0 0.005
0.879 0.931 0 0.005
0.88 0.222 0 0.005
0.88 0.437 0 0.005
0.88 0.554 0 0.005
0.88 0.68 0 0.005
0.88 0.722 0 0.005
0.88 0.824 0 0.005
0.881 0.048 0 0.005
0.881 0.086 0 0.005
0.881 0.167 0 0.005
0.881 0.316 0 0.005
0.881 0.944 0 0.005
0.882 0.018 0 0.005
0.887 0.2515 0 0.005
0.882 0.6 0 0.005
0.883 0.203 0 0.005
0.883 0.236 0 0.005
0.883 0.642 0 0.005
0.884 0.069 0 0.005
0.884 0.189 0 0.005
0.884 0.38 0 0.005
0.884 0.411 0 0.005
0.884 0.424 0 0.005
0.884 0.525 0 0.005
0.884 0.583 0 0.005
0.884 0.738 0 0.005
0.885 0.033 0 0.005
0.885 0.368 0 0.005
0.885 0.45 0 0.005
0.885 0.625 0 0.005
0.885 0.654 0 0.005
0.886 0.354 0 0.005
0.887 0.777 0 0.005
0.888 0.846 0 0.005
0.889 0.477 0 0.005
0.89 0.119 0 0.005
0.89 0.265 0 0.005
0.89 0.567 0 0.005
0.89 0.763 0 0.005
0.89 0.86 0 0.005
0.891 0.803 0 0.005
0.891 0.912 0 0.005
0.892 0.461 0 0.005
0.893 0.515 0 0.005
0.893 0.544 0 0.005
0.893 0.937 0 0.005
0.894 0.048 0 0.005
0.894 0.282 0 0.005
0.894 0.31 0 0.005
0.894 0.597 0 0.005
0.895 0.295 0 0.005
0.895 0.323 0 0.005
0.895 0.749 0 0.005
0.895 0.874 0 0.005
0.895 0.887 0 0.005
0.896 0.00434313725490196 0 0.005
0.896 0.133 0 0.005
0.896 0.82 0 0.005
0.896 0.991 0 0.005
0.897 0.101 0 0.005
0.897 0.619 0 0.005
0.897 0.654 0 0.005
0.898 0.336 0 0.005
0.899 0.065 0 0.005
0.899 0.351 0 0.005
0.899 0.492 0 0.005
0.899 0.785 0 0.005
0.899 0.977 0 0.005
0.9 0.221 0 0.005
0.9 0.236 0 0.005
0.9 0.437 0 0.005
0.9 0.585 0 0.005
0.9 0.722 0 0.005
0.9 0.841 0 0.005
0.9 0.957 0 0.005
0.901 0.172 0 0.005
0.902 0.087 0 0.005
0.903 0.42 0 0.005
0.904 0.369 0 0.005
0.904 0.393 0 0.005
0.904 0.906 0 0.005
0.905 0.536 0 0.005
0.91 0.5585 0 0.005
0.905 0.762 0 0.005
0.905 0.798 0 0.005
0.905 0.861 0 0.005
0.9105 0.114 0 0.005
0.906 0.477 0 0.005
0.906 0.677 0 0.005
0.906 0.695 0 0.005
0.907 0.462 0 0.005
0.907 0.925 0 0.005
0.908 0.044 0 0.005
0.908 0.187 0 0.005
0.908 0.641 0 0.005
0.908 0.741 0 0.005
0.909 0.0022833333333333334 0 0.005
0.909 0.199 0 0.005
0.909 0.254 0 0.005
0.909 0.873 0 0.005
0.909 0.941 0 0.005
0.91 0.657 0 0.005
0.912 0.211 0 0.005
0.912 0.707 0 0.005
0.912 0.989 0 0.005
0.913 0.136 0 0.005
0.913 0.273 0 0.005
0.913 0.309 0 0.005
0.913 0.329 0 0.005
0.916 0.5135 0 0.005
0.913 0.598 0 0.005
0.913 0.813 0 0.005
0.914 0.295 0 0.005
0.915 0.017 0 0.005
0.915 0.072 0 0.005
0.918 0.3585 0 0.005
0.915 0.62 0 0.005
0.915 0.965 0 0.005
0.916 0.154 0 0.005
0.916 0.224 0 0.005
0.916 0.432 0 0.005
0.916 0.569 0 0.005
0.916 0.769 0 0.005
0.917 0.407 0 0.005
0.9225 0.7855 0 0.005
0.917 0.797 0 0.005
0.918 0.097 0 0.005
0.918 0.17 0 0.005
0.918 0.239 0 0.005
0.919 0.842 0 0.005
0.92 0.377 0 0.005
0.92 0.537 0 0.005
0.921 0.084 0 0.005
0.921 0.468 0 0.005
0.921 0.688 0 0.005
0.921 0.717 0 0.005
0.922 0.185 0 0.005
0.923 0.049 0 0.005
0.923 0.732 0 0.005
0.924 0.591 0 0.005
0.9293333333333333 0.26 0 0.005
0.925 0.676 0 0.005
0.926 0.49 0 0.005
0.926 0.879 0 0.005
0.927 0.028 0 0.005
0.927 0.447 0 0.005
0.932 0.5525 0 0.005
0.927 0.64 0 0.005
0.927 0.705 0 0.005
0.927 0.809 0 0.005
0.927 0.83 0 0.005
0.928 0.218 0 0.005
0.928 0.395 0 0.005
0.928 0.419 0 0.005
0.928 0.61 0 0.005
0.928 0.907 0 0.005
0.929 0.124 0 0.005
0.929 0.334 0 0.005
0.929 0.924 0 0.005
0.93 0.574 0 0.005
0.9345 0.654 0 0.005
0.9335 0.944 0 0.005
0.93 0.962 0 0.005
0.93 0.985 0 0.005
0.931 0.198 0 0.005
0.931 0.407 0 0.005
0.931 0.747 0 0.005
0.932 0.07 0 0.005
0.932 0.136 0 0.005
0.932 0.163 0 0.005
0.932 0.234 0 0.005
0.932 0.288 0 0.005
0.932 0.312 0 0.005
0.932 0.533 0 0.005
0.932 0.996225352112676 0 0.005
0.933 0.865 0 0.005
0.9375 0.895 0 0.005
0.934 0.177 0 0.005
0.935 0.11 0 0.005
0.935 0.379 0 0.005
0.936 0.694 0 0.005
0.937 0.472 0 0.005
0.937 0.842 0 0.005
0.938 0.005 0 0.005
0.938 0.343 0 0.005
0.938 0.36 0 0.005
0.945 0.08766666666666667 0 0.005
0.939 0.492 0 0.005
0.939 0.506 0 0.005
0.94 0.325 0 0.005
0.944 0.5835 0 0.005
0.941 0.393 0 0.005
0.941 0.427 0 0.005
0.941 0.565 0 0.005
0.941 0.733 0 0.005
0.941 0.781 0 0.005
0.942 0.71 0 0.005
0.942 0.806 0 0.005
0.943 0.055 0 0.005
0.943 0.415 0 0.005
0.948 0.7465 0 0.005
0.943 0.826 0 0.005
0.944 0.293 0 0.005
0.944 0.44 0 0.005
0.944 0.913 0 0.005
0.949 0.0285 0 0.005
0.945 0.622 0 0.005
0.945 0.767 0 0.005
0.946 0.132 0 0.005
0.946 0.253 0 0.005
0.946 0.886 0 0.005
0.946 0.976 0 0.005
0.947 0.312 0 0.005
0.947 0.685 0 0.005
0.948 0.193 0 0.005
0.948 0.6 0 0.005
0.948 0.638 0 0.005
0.954 0.6653333333333333 0 0.005
0.949 0.067 0 0.005
0.949 0.172 0 0.005
0.949 0.544 0 0.005
0.949 0.858 0 0.005
0.95 0.114 0 0.005
0.95 0.521 0 0.005
0.95 0.846 0 0.005
0.951 0.272 0 0.005
0.951 0.341 0 0.005
0.951 0.354 0 0.005
0.951 0.938 0 0.005
0.952 0.328 0 0.005
0.952 0.702 0 0.005
0.953 0.149 0 0.005
0.954 0.239 0 0.005
0.954 0.379 0 0.005
0.954 0.487 0 0.005
0.955 0.396 0 0.005
0.956 0.051 0 0.005
0.956 0.555 0 0.005
0.956 0.615 0 0.005
0.956 0.958 0 0.005
0.957 0.008 0 0.005
0.957 0.217 0 0.005
0.957 0.457 0 0.005
0.957 0.718 0 0.005
0.957 0.76 0 0.005
0.957 0.915 0 0.005
0.958 0.438 0 0.005
0.959 0.365 0 0.005
0.96 0.097 0 0.005
0.96 0.284 0 0.005
0.96 0.306 0 0.005
0.96 0.506 0 0.005
0.96 0.928 0 0.005
0.961 0.173 0 0.005
0.962 0.423 0 0.005
0.962 0.471 0 0.005
0.962 0.541 0 0.005
0.962 0.601 0 0.005
0.963 0.643 0 0.005
0.963 0.993 0 0.005
0.9695 0.5625 0 0.005
0.964 0.781 0 0.005
0.964 0.892 0 0.005
0.964 0.945 0 0.005
0.964 0.979 0 0.005
0.965 0.023 0 0.005
0.965 0.34 0 0.005
0.97 0.5235 0 0.005
0.965 0.707 0 0.005
0.965 0.749 0 0.005
0.965 0.818 0 0.005
0.966 0.319 0 0.005
0.966 0.8 0 0.005
0.966 0.84 0 0.005
0.966 0.864 0 0.005
0.966 0.876 0 0.005
0.967 0.134 0 0.005
0.967 0.375 0 0.005
0.967 0.389 0 0.005
0.968 0.2 0 0.005
0.968 0.495 0 0.005
0.968 0.689 0 0.005
0.969 0.297 0 0.005
0.969 0.723 0 0.005
0.969 0.911 0 0.005
0.969 0.963 0 0.005
0.97 0.003268292682926829 0 0.005
0.97 0.409 0 0.005
0.971 0.252 0 0.005
0.9765 0.429 0 0.005
0.972 0.164 0 0.005
0.972 0.444 0 0.005
0.972 0.628 0 0.005
0.973 0.113 0 0.005
0.973 0.152 0 0.005
0.973 0.664 0 0.005
0.974 0.051 0 0.005
0.974 0.068 0 0.005
0.975 0.328 0 0.005
0.975 0.611 0 0.005
0.976 0.283 0 0.005
0.976 0.357 0 0.005
0.977 0.094 0 0.005
0.977 0.18 0 0.005
0.978 0.802 0 0.005
0.978 0.841 0 0.005
0.978 0.954 0 0.005
0.979 0.235 0 0.005
0.979 0.383 0 0.005
0.979 0.507 0 0.005
0.979 0.599 0 0.005
0.979 0.829 0 0.005
0.98 0.023 0 0.005
0.98 0.265 0 0.005
0.98 0.714 0 0.005
0.98 0.755 0 0.005
0.98 0.77 0 0.005
0.98 0.788 0 0.005
0.98 0.9957317073170732 0 0.005
0.981 0.543 0 0.005
0.981 0.857 0 0.005
0.981 0.918 0 0.005
0.981 0.942 0 0.005
0.982 0.196 0 0.005
0.982 0.296 0 0.005
0.982 0.49 0 0.005
0.982 0.73 0 0.005
0.982 0.93 0 0.005
0.983 0.345 0 0.005
0.9879208633093525 0.4472338129496403 0 0.005
0.983 0.587 0 0.005
0.983 0.696 0 0.005
0.984 0.319 0 0.005
0.984 0.572 0 0.005
0.984 0.655 0 0.005
0.984 0.684 0 0.005
0.989 0.8705 0 0.005
0.984 0.983 0 0.005
0.985 0.142 0 0.005
0.985 0.414 0 0.005
0.986 0.049 0 0.005
0.986 0.165 0 0.005
0.986 0.529 0 0.005
0.990638888888889 0.012972222222222222 0 0.005
0.9907920792079208 0.7476831683168317 0 0.005
0.987 0.889 0 0.005
0.988 0.374 0 0.005
0.988 0.638 0 0.005
0.989 0.036 0 0.005
0.99 0.306 0 0.005
0.99 0.962 0 0.005
0.991 0.807 0 0.005
0.991 0.82 0 0.005
0.992 0.512 0 0.005
0.993 0.076 0 0.005
0.993 0.116 0 0.005
0.993 0.186 0 0.005
0.993 0.266 0 0.005
0.993 0.618 0 0.005
0.993 0.782 0 0.005
0.993 0.907 0 0.005
0.994 0.246 0 0.005
0.994 0.39 0 0.005
0.994 0.488 0 0.005
0.994 0.561 0 0.005
0.994 0.733 0 0.005
0.994656862745098 0.058 0 0.005
0.994656862745098 0.206 0 0.005
0.994656862745098 0.218 0 0.005
0.994656862745098 0.473 0 0.005
0.994656862745098 0.719 0 0.005
0.994656862745098 0.993 0 0.005
0.9951833333333333 0.0028666666666666667 0 0.005
0.9952365591397849 0.594 0 0.005
0.9952365591397849 0.683 0 0.005
0.9952365591397849 0.93 0 0.005
0.9957317073170732 0.102 0 0.005
0.9957317073170732 0.537 0 0.005
0.9957317073170732 0.698 0 0.005
0.996225352112676 0.295 0 0.005
0.996225352112676 0.323 0 0.005
0.996225352112676 0.58 0 0.005
0.996225352112676 0.659 0 0.005
0.996225352112676 0.952 0 0.005
0.996225352112676 0.977 0 0.005
0.9967166666666667 0.09 0 0.005
0.9967166666666667 0.135 0 0.005
0.9967166666666667 0.279 0 0.005
0.9967166666666667 0.426 0 0.005
0.9967166666666667 0.848 0 0.005
