0.002719298245614035 0.023 0 0.005
0.004 0.035 0 0.005
0.0022291666666666666 0.055 0 0.005
0.0 0.067 0 0.005
0.0008095238095238096 0.098 0 0.005
0.0017435897435897436 0.142 0 0.005
0.0004166666666666667 0.159 0 0.005
0.0 0.17 0 0.005
0.004 0.2 0 0.005
0.0017435897435897436 0.275 0 0.005
0.0033125 0.296 0 0.005
0.0 0.329 0 0.005
0.0022291666666666666 0.393 0 0.005
0.0022291666666666666 0.417 0 0.005
0.0004166666666666667 0.444 0 0.005
0.0012666666666666666 0.471 0 0.005
0.0 0.503 0 0.005
0.004 0.56 0 0.005
0.0033125 0.601 0 0.005
0.0012666666666666666 0.611 0 0.005
0.0022291666666666666 0.642 0 0.005
0.004 0.733 0 0.005
0.0033125 0.761 0 0.005
0.0004166666666666667 0.818 0 0.005
0.0004166666666666667 0.833 0 0.005
0.0022291666666666666 0.869 0 0.005
0.0008095238095238096 0.893 0 0.005
0.0017435897435897436 0.929 0 0.005
0.004 0.972 0 0.005
0.0003333333333333333 0.9986666666666666 0 0.005
0.005 0.846 0 0.005
0.005 0.985 0 0.005
0.006 0.324 0 0.005
0.006 0.335 0 0.005
0.007 0.15 0 0.005
0.007 0.682 0 0.005
0.008 0.346 0 0.005
0.009 0.47 0 0.005
0.009 0.782 0 0.005
0.009 0.816 0 0.005
0.01 0.087 0 0.005
0.01 0.237 0 0.005
0.01 0.508 0 0.005
0.01 0.665 0 0.005
0.01 0.9 0 0.005
0.011 0.46 0 0.005
0.011 0.593 0 0.005
0.012 0.271 0 0.005
0.012 0.717 0 0.005
0.012 0.828 0 0.005
0.013 0.162 0 0.005
0.013 0.9977333333333334 0 0.005
0.014 0.01 0 0.005
0.014 0.183 0 0.005
0.014 0.953 0 0.005
0.015 0.112 0 0.005
0.015 0.305 0 0.005
0.016 0.2 0 0.005
0.016 0.691 0 0.005
0.016 0.871 0 0.005
0.017 0.25 0 0.005
0.017 0.601 0 0.005
0.017 0.934 0 0.005
0.018 0.345 0 0.005
0.018 0.585 0 0.005
0.018 0.861 0 0.005
0.018 0.924 0 0.005
0.019 0.039 0 0.005
0.019 0.129 0 0.005
0.019 0.149 0 0.005
0.019 0.404 0 0.005
0.019 0.467 0 0.005
0.019 0.64 0 0.005
0.019 0.652 0 0.005
0.02 0.221 0 0.005
0.02 0.366 0 0.005
0.02 0.393 0 0.005
0.02 0.446 0 0.005
0.021 0.285 0 0.005
0.021 0.619 0 0.005
0.021 0.775 0 0.005
0.021 0.894 0 0.005
0.022 0.261 0 0.005
0.022 0.382 0 0.005
0.022 0.502 0 0.005
0.022 0.711 0 0.005
0.023 0.119 0 0.005
0.023 0.673 0 0.005
0.023 0.972 0 0.005
0.024 0.84 0 0.005
0.025 0.173 0 0.005
0.025 0.745 0 0.005
0.026 0.061 0 0.005
0.027 0.296 0 0.005
0.027 0.876 0 0.005
0.027 0.953 0 0.005
0.028 0.55 0 0.005
0.028 0.828 0 0.005
0.028 0.9977333333333334 0 0.005
0.029 0.01 0 0.005
0.029 0.051 0 0.005
0.029 0.082 0 0.005
0.029 0.859 0 0.005
0.03 0.398 0 0.005
0.031 0.205 0 0.005
0.032 0.152 0 0.005
0.032 0.499 0 0.005
0.032 0.691 0 0.005
0.032 0.781 0 0.005
0.032 0.978 0 0.005
0.033 0.116 0 0.005
0.033 0.266 0 0.005
0.033 0.36 0 0.005
0.033 0.602 0 0.005
0.034 0.068 0 0.005
0.034 0.283 0 0.005
0.034 0.45 0 0.005
0.035 0.379 0 0.005
0.036 0.906 0 0.005
0.037 0.419 0 0.005
0.037 0.475 0 0.005
0.037 0.88 0 0.005
0.037 0.932 0 0.005
0.038 0.763 0 0.005
0.039 0.02 0 0.005
0.039 0.314 0 0.005
0.039 0.521 0 0.005
0.039 0.614 0 0.005
0.039 0.634 0 0.005
0.039 0.662 0 0.005
0.04 0.182 0 0.005
0.04 0.57 0 0.005
0.041 0.0012666666666666666 0 0.005
0.041 0.249 0 0.005
0.041 0.291 0 0.005
0.042 0.466 0 0.005
0.042 0.581 0 0.005
0.042 0.676 0 0.005
0.043 0.26 0 0.005
0.044 0.159 0 0.005
0.044 0.751 0 0.005
0.045 0.047 0 0.005
0.045 0.89 0 0.005
0.046 0.217 0 0.005
0.046 0.446 0 0.005
0.046 0.836 0 0.005
0.048 0.007 0 0.005
0.048 0.059 0 0.005
0.048 0.143 0 0.005
0.048 0.322 0 0.005
0.048 0.407 0 0.005
0.048 0.425 0 0.005
0.048 0.513 0 0.005
0.048 0.714 0 0.005
0.049 0.096 0 0.005
0.049 0.601 0 0.005
0.049 0.668 0 0.005
0.05 0.069 0 0.005
0.05 0.961 0 0.005
0.051 0.131 0 0.005
0.051 0.292 0 0.005
0.051 0.635 0 0.005
0.051 0.8 0 0.005
0.051 0.848 0 0.005
0.051 0.981 0 0.005
0.052 0.349 0 0.005
0.052 0.361 0 0.005
0.053 0.538 0 0.005
0.054 0.084 0 0.005
0.054 0.478 0 0.005
0.054 0.566 0 0.005
0.055 0.192 0 0.005
0.055 0.625 0 0.005
0.055 0.892 0 0.005
0.056 0.615 0 0.005
0.056 0.753 0 0.005
0.057 0.243 0 0.005
0.057 0.304 0 0.005
0.057 0.373 0 0.005
0.057 0.876 0 0.005
0.058 0.21 0 0.005
0.058 0.225 0 0.005
0.058 0.455 0 0.005
0.058 0.706 0 0.005
0.058 0.791 0 0.005
0.059 0.42 0 0.005
0.059 0.498 0 0.005
0.059 0.523 0 0.005
0.059 0.666 0 0.005
0.06 0.914 0 0.005
0.06 0.961 0 0.005
0.061 0.444 0 0.005
0.061 0.546 0 0.005
0.062 0.689 0 0.005
0.062 0.827 0 0.005
0.063 0.934 0 0.005
0.064 0.064 0 0.005
0.064 0.817 0 0.005
0.065 0.195 0 0.005
0.065 0.777 0 0.005
0.065 0.855 0 0.005
0.066 0.053 0 0.005
0.066 0.408 0 0.005
0.066 0.486 0 0.005
0.067 0.255 0 0.005
0.067 0.344 0 0.005
0.068 0.108 0 0.005
0.068 0.165 0 0.005
0.068 0.284 0 0.005
0.068 0.535 0 0.005
0.068 0.577 0 0.005
0.068 0.597 0 0.005
0.068 0.616 0 0.005
0.069 0.077 0 0.005
0.069 0.635 0 0.005
0.07 0.023 0 0.005
0.07 0.139 0 0.005
0.07 0.889 0 0.005
0.071 0.097 0 0.005
0.071 0.801 0 0.005
0.071 0.846 0 0.005
0.071 0.951 0 0.005
0.072 0.038 0 0.005
0.072 0.471 0 0.005
0.072 0.654 0 0.005
0.072 0.927 0 0.005
0.073 0.309 0 0.005
0.074 0.231 0 0.005
0.074 0.332 0 0.005
0.073 0.9985833333333334 0 0.005
0.075 0.191 0 0.005
0.075 0.443 0 0.005
0.075 0.67 0 0.005
0.075 0.94 0 0.005
0.075 0.968 0 0.005
0.075 0.988 0 0.005
0.076 0.008 0 0.005
0.076 0.262 0 0.005
0.076 0.411 0 0.005
0.076 0.827 0 0.005
0.077 0.555 0 0.005
0.077 0.608 0 0.005
0.078 0.065 0 0.005
0.078 0.578 0 0.005
0.078 0.871 0 0.005
0.079 0.388 0 0.005
0.079 0.758 0 0.005
0.08 0.168 0 0.005
0.08 0.239 0 0.005
0.08 0.535 0 0.005
0.08 0.706 0 0.005
0.081 0.743 0 0.005
0.081 0.815 0 0.005
0.082 0.477 0 0.005
0.082 0.638 0 0.005
0.082 0.771 0 0.005
0.082 0.901 0 0.005
0.083 0.401 0 0.005
0.083 0.437 0 0.005
0.084 0.035 0 0.005
0.084 0.088 0 0.005
0.084 0.282 0 0.005
0.084 0.346 0 0.005
0.084 0.504 0 0.005
0.084 0.784 0 0.005
0.084 0.852 0 0.005
0.085 0.103 0 0.005
0.085 0.134 0 0.005
0.085 0.182 0 0.005
0.085 0.357 0 0.005
0.085 0.672 0 0.005
0.085 0.887 0 0.005
0.086 0.046 0 0.005
0.086 0.072 0 0.005
0.087 0.0008095238095238096 0 0.005
0.087 0.213 0 0.005
0.087 0.296 0 0.005
0.087 0.827 0 0.005
0.088 0.937 0 0.005
0.089 0.326 0 0.005
0.089 0.559 0 0.005
0.089 0.727 0 0.005
0.089 0.809 0 0.005
0.09 0.313 0 0.005
0.091 0.422 0 0.005
0.091 0.462 0 0.005
0.091 0.742 0 0.005
0.091 0.984 0 0.005
0.093 0.7 0 0.005
0.093 0.868 0 0.005
0.094 0.752 0 0.005
0.095 0.356 0 0.005
0.095 0.433 0 0.005
0.095 0.615 0 0.005
0.095 0.666 0 0.005
0.095 0.801 0 0.005
0.096 0.087 0 0.005
0.096 0.121 0 0.005
0.096 0.207 0 0.005
0.096 0.235 0 0.005
0.096 0.898 0 0.005
0.097 0.252 0 0.005
0.097 0.448 0 0.005
0.097 0.857 0 0.005
0.097 0.955 0 0.005
0.098 0.108 0 0.005
0.098 0.37 0 0.005
0.098 0.516 0 0.005
0.098 0.625 0 0.005
0.098 0.843 0 0.005
0.099 0.486 0 0.005
0.099 0.654 0 0.005
0.1 0.223 0 0.005
0.1 0.396 0 0.005
0.1 0.471 0 0.005
0.1 0.572 0 0.005
0.1 0.64 0 0.005
0.1 0.691 0 0.005
0.101 0.423 0 0.005
0.101 0.528 0 0.005
0.101 0.909 0 0.005
0.102 0.058 0 0.005
0.102 0.323 0 0.005
0.103 0.557 0 0.005
0.104 0.023 0 0.005
0.104 0.154 0 0.005
0.104 0.766 0 0.005
0.105 0.172 0 0.005
0.105 0.502 0 0.005
0.105 0.598 0 0.005
0.105 0.712 0 0.005
0.106 0.803 0 0.005
0.106 0.899 0 0.005
0.106 0.947 0 0.005
0.107 0.213 0 0.005
0.107 0.295 0 0.005
0.107 0.667 0 0.005
0.108 0.268 0 0.005
0.109 0.105 0 0.005
0.109 0.285 0 0.005
0.109 0.546 0 0.005
0.11 0.068 0 0.005
0.11 0.162 0 0.005
0.11 0.392 0 0.005
0.11 0.461 0 0.005
0.11 0.492 0 0.005
0.11 0.643 0 0.005
0.11 0.863 0 0.005
0.11 0.934 0 0.005
0.111 0.257 0 0.005
0.111 0.956 0 0.005
0.112 0.814 0 0.005
0.113 0.017 0 0.005
0.113 0.058 0 0.005
0.113 0.199 0 0.005
0.113 0.826 0 0.005
0.114 0.52 0 0.005
0.114 0.969 0 0.005
0.115 0.095 0 0.005
0.115 0.123 0 0.005
0.115 0.38 0 0.005
0.115 0.912 0 0.005
0.116 0.135 0 0.005
0.116 0.589 0 0.005
0.116 0.713 0 0.005
0.116 0.804 0 0.005
0.116 0.897 0 0.005
0.116 0.926 0 0.005
0.118 0.403 0 0.005
0.118 0.624 0 0.005
0.118 0.654 0 0.005
0.119 0.002719298245614035 0 0.005
0.119 0.315 0 0.005
0.119 0.684 0 0.005
0.119 0.84 0 0.005
0.12 0.074 0 0.005
0.12 0.177 0 0.005
0.12 0.78 0 0.005
0.12 0.85 0 0.005
0.121 0.225 0 0.005
0.121 0.332 0 0.005
0.121 0.469 0 0.005
0.122 0.204 0 0.005
0.122 0.343 0 0.005
0.122 0.413 0 0.005
0.122 0.432 0 0.005
0.122 0.45 0 0.005
0.122 0.755 0 0.005
0.122 0.887 0 0.005
0.123 0.116 0 0.005
0.123 0.242 0 0.005
0.123 0.665 0 0.005
0.124 0.016 0 0.005
0.124 0.043 0 0.005
0.124 0.26 0 0.005
0.124 0.274 0 0.005
0.124 0.488 0 0.005
0.124 0.541 0 0.005
0.125 0.288 0 0.005
0.125 0.387 0 0.005
0.125 0.795 0 0.005
0.126 0.144 0 0.005
0.126 0.193 0 0.005
0.127 0.062 0 0.005
0.127 0.59 0 0.005
0.127 0.876 0 0.005
0.127 0.951 0 0.005
0.128 0.1 0 0.005
0.128 0.689 0 0.005
0.128 0.701 0 0.005
0.129 0.866 0 0.005
0.13 0.715 0 0.005
0.13 0.937 0 0.005
0.131 0.031 0 0.005
0.132 0.125 0 0.005
0.132 0.603 0 0.005
0.132 0.804 0 0.005
0.132 0.854 0 0.005
0.133 0.249 0 0.005
0.133 0.825 0 0.005
0.134 0.135 0 0.005
0.134 0.152 0 0.005
0.134 0.302 0 0.005
0.134 0.92 0 0.005
0.135 0.427 0 0.005
0.135 0.485 0 0.005
0.136 0.198 0 0.005
0.136 0.275 0 0.005
0.136 0.465 0 0.005
0.136 0.979 0 0.005
0.137 0.217 0 0.005
0.137 0.514 0 0.005
0.137 0.774 0 0.005
0.137 0.791 0 0.005
0.138 0.533 0 0.005
0.138 0.674 0 0.005
0.139 0.24 0 0.005
0.139 0.346 0 0.005
0.139 0.378 0 0.005
0.139 0.4 0 0.005
0.139 0.634 0 0.005
0.14 0.075 0 0.005
0.14 0.289 0 0.005
0.14 0.717 0 0.005
0.142 0.607 0 0.005
0.143 0.015 0 0.005
0.143 0.442 0 0.005
0.143 0.803 0 0.005
0.144 0.503 0 0.005
0.144 0.581 0 0.005
0.145 0.265 0 0.005
0.145 0.322 0 0.005
0.145 0.657 0 0.005
0.143 0.999 0 0.005
0.146 0.205 0 0.005
0.147 0.561 0 0.005
0.148 0.352 0 0.005
0.148 0.642 0 0.005
0.148 0.778 0 0.005
0.148 0.88 0 0.005
0.148 0.92 0 0.005
0.149 0.144 0 0.005
0.149 0.848 0 0.005
0.15 0.527 0 0.005
0.15 0.95 0 0.005
0.152 0.078 0 0.005
0.152 0.665 0 0.005
0.152 0.823 0 0.005
0.153 0.022 0 0.005
0.153 0.16 0 0.005
0.153 0.428 0 0.005
0.153 0.685 0 0.005
0.154 0.055 0 0.005
0.154 0.185 0 0.005
0.154 0.495 0 0.005
0.154 0.9967708333333334 0 0.005
0.155 0.088 0 0.005
0.155 0.536 0 0.005
0.155 0.896 0 0.005
0.156 0.042 0 0.005
0.156 0.592 0 0.005
0.157 0.721 0 0.005
0.158 0.253 0 0.005
0.158 0.416 0 0.005
0.159 0.24 0 0.005
0.159 0.401 0 0.005
0.159 0.449 0 0.005
0.159 0.615 0 0.005
0.159 0.766 0 0.005
0.159 0.813 0 0.005
0.159 0.857 0 0.005
0.159 0.923 0 0.005
0.159 0.982 0 0.005
0.16 0.288 0 0.005
0.16 0.364 0 0.005
0.16 0.527 0 0.005
0.16 0.91 0 0.005
0.161 0.014 0 0.005
0.161 0.217 0 0.005
0.161 0.556 0 0.005
0.161 0.572 0 0.005
0.163 0.348 0 0.005
0.163 0.684 0 0.005
0.163 0.737 0 0.005
0.164 0.387 0 0.005
0.164 0.887 0 0.005
0.164 0.94 0 0.005
0.165 0.127 0 0.005
0.165 0.798 0 0.005
0.166 0.151 0 0.005
0.166 0.422 0 0.005
0.167 0.442 0 0.005
0.167 0.479 0 0.005
0.167 0.516 0 0.005
0.167 0.992 0 0.005
0.168 0.175 0 0.005
0.168 0.706 0 0.005
0.168 0.877 0 0.005
0.169 0.0022291666666666666 0 0.005
0.169 0.666 0 0.005
0.169 0.896 0 0.005
0.17 0.334 0 0.005
0.17 0.602 0 0.005
0.171 0.233 0 0.005
0.171 0.724 0 0.005
0.171 0.906 0 0.005
0.172 0.107 0 0.005
0.173 0.038 0 0.005
0.173 0.823 0 0.005
0.173 0.955 0 0.005
0.174 0.585 0 0.005
0.174 0.68 0 0.005
0.176 0.083 0 0.005
0.176 0.119 0 0.005
0.176 0.28 0 0.005
0.176 0.644 0 0.005
0.176 0.973 0 0.005
0.177 0.262 0 0.005
0.177 0.399 0 0.005
0.177 0.466 0 0.005
0.177 0.492 0 0.005
0.178 0.92 0 0.005
0.179 0.715 0 0.005
0.179 0.745 0 0.005
0.179 0.768 0 0.005
0.18 0.134 0 0.005
0.18 0.86 0 0.005
0.181 0.163 0 0.005
0.181 0.173 0 0.005
0.181 0.29 0 0.005
0.181 0.538 0 0.005
0.181 0.993 0 0.005
0.182 0.346 0 0.005
0.182 0.455 0 0.005
0.182 0.623 0 0.005
0.182 0.672 0 0.005
0.183 0.788 0 0.005
0.183 0.843 0 0.005
0.184 0.101 0 0.005
0.185 0.306 0 0.005
0.185 0.328 0 0.005
0.186 0.22 0 0.005
0.186 0.604 0 0.005
0.186 0.649 0 0.005
0.186 0.953 0 0.005
0.187 0.521 0 0.005
0.188 0.26 0 0.005
0.188 0.739 0 0.005
0.188 0.779 0 0.005
0.189 0.42 0 0.005
0.19 0.026 0 0.005
0.19 0.152 0 0.005
0.19 0.462 0 0.005
0.19 0.804 0 0.005
0.191 0.405 0 0.005
0.192 0.271 0 0.005
0.192 0.358 0 0.005
0.192 0.588 0 0.005
0.193 0.067 0 0.005
0.193 0.182 0 0.005
0.193 0.37 0 0.005
0.193 0.763 0 0.005
0.193 0.879 0 0.005
0.194 0.095 0 0.005
0.194 0.826 0 0.005
0.194 0.89 0 0.005
0.194 0.974 0 0.005
0.195 0.231 0 0.005
0.195 0.336 0 0.005
0.195 0.435 0 0.005
0.195 0.565 0 0.005
0.195 0.986 0 0.005
0.196 0.382 0 0.005
0.196 0.634 0 0.005
0.196 0.703 0 0.005
0.196 0.732 0 0.005
0.196 0.962 0 0.005
0.198 0.106 0 0.005
0.198 0.164 0 0.005
0.198 0.616 0 0.005
0.198 0.86 0 0.005
0.2 0.204 0 0.005
0.2 0.464 0 0.005
0.2 0.576 0 0.005
0.201 0.018 0 0.005
0.201 0.291 0 0.005
0.202 0.117 0 0.005
0.202 0.36 0 0.005
0.202 0.75 0 0.005
0.203 0.068 0 0.005
0.203 0.371 0 0.005
0.203 0.478 0 0.005
0.203 0.603 0 0.005
0.204 0.322 0 0.005
0.204 0.425 0 0.005
0.204 0.503 0 0.005
0.204 0.69 0 0.005
0.204 0.789 0 0.005
0.204 0.905 0 0.005
0.204 0.917 0 0.005
0.205 0.037 0 0.005
0.205 0.227 0 0.005
0.205 0.549 0 0.005
0.206 0.945 0 0.005
0.205 0.0 0 0.005
0.207 0.281 0 0.005
0.207 0.447 0 0.005
0.209 0.379 0 0.005
0.209 0.435 0 0.005
0.21 0.005 0 0.005
0.21 0.245 0 0.005
0.21 0.979 0 0.005
0.211 0.489 0 0.005
0.211 0.798 0 0.005
0.211 0.875 0 0.005
0.212 0.093 0 0.005
0.212 0.214 0 0.005
0.212 0.708 0 0.005
0.213 0.468 0 0.005
0.213 0.517 0 0.005
0.214 0.389 0 0.005
0.214 0.405 0 0.005
0.214 0.419 0 0.005
0.214 0.764 0 0.005
0.215 0.16 0 0.005
0.215 0.957 0 0.005
0.216 0.934 0 0.005
0.217 0.036 0 0.005
0.217 0.138 0 0.005
0.217 0.584 0 0.005
0.218 0.047 0 0.005
0.218 0.261 0 0.005
0.218 0.319 0 0.005
0.218 0.727 0 0.005
0.219 0.595 0 0.005
0.219 0.677 0 0.005
0.22 0.018 0 0.005
0.22 0.183 0 0.005
0.22 0.279 0 0.005
0.22 0.643 0 0.005
0.221 0.062 0 0.005
0.221 0.916 0 0.005
0.222 0.309 0 0.005
0.222 0.843 0 0.005
0.223 0.08 0 0.005
0.223 0.354 0 0.005
0.223 0.503 0 0.005
0.223 0.83 0 0.005
0.224 0.15 0 0.005
0.224 0.239 0 0.005
0.224 0.666 0 0.005
0.225 0.299 0 0.005
0.225 0.798 0 0.005
0.226 0.518 0 0.005
0.226 0.777 0 0.005
0.226 0.853 0 0.005
0.227 0.384 0 0.005
0.227 0.896 0 0.005
0.228 0.204 0 0.005
0.228 0.249 0 0.005
0.228 0.483 0 0.005
0.229 0.531 0 0.005
0.229 0.738 0 0.005
0.23 0.421 0 0.005
0.23 0.471 0 0.005
0.23 0.708 0 0.005
0.23 0.932 0 0.005
0.231 0.129 0 0.005
0.232 0.407 0 0.005
0.233 0.603 0 0.005
0.234 0.015 0 0.005
0.234 0.086 0 0.005
0.234 0.164 0 0.005
0.234 0.676 0 0.005
0.235 0.225 0 0.005
0.235 0.433 0 0.005
0.236 0.06 0 0.005
0.236 0.565 0 0.005
0.236 0.989 0 0.005
0.237 0.0012666666666666666 0 0.005
0.237 0.121 0 0.005
0.237 0.295 0 0.005
0.237 0.588 0 0.005
0.238 0.396 0 0.005
0.238 0.616 0 0.005
0.238 0.628 0 0.005
0.239 0.332 0 0.005
0.239 0.809 0 0.005
0.239 0.876 0 0.005
0.24 0.139 0 0.005
0.24 0.196 0 0.005
0.24 0.422 0 0.005
0.241 0.32 0 0.005
0.241 0.664 0 0.005
0.241 0.908 0 0.005
0.242 0.375 0 0.005
0.242 0.93 0 0.005
0.242 0.9967708333333334 0 0.005
0.243 0.64 0 0.005
0.243 0.694 0 0.005
0.244 0.038 0 0.005
0.245 0.557 0 0.005
0.245 0.712 0 0.005
0.246 0.078 0 0.005
0.246 0.441 0 0.005
0.246 0.504 0 0.005
0.246 0.522 0 0.005
0.246 0.957 0 0.005
0.247 0.8 0 0.005
0.248 0.178 0 0.005
0.248 0.68 0 0.005
0.248 0.841 0 0.005
0.249 0.049 0 0.005
0.249 0.824 0 0.005
0.249 0.947 0 0.005
0.25 0.108 0 0.005
0.25 0.166 0 0.005
0.25 0.255 0 0.005
0.25 0.492 0 0.005
0.251 0.219 0 0.005
0.251 0.341 0 0.005
0.251 0.409 0 0.005
0.251 0.467 0 0.005
0.252 0.146 0 0.005
0.252 0.723 0 0.005
0.254 0.632 0 0.005
0.254 0.689 0 0.005
0.255 0.711 0 0.005
0.255 0.927 0 0.005
0.256 0.119 0 0.005
0.256 0.321 0 0.005
0.256 0.516 0 0.005
0.257 0.308 0 0.005
0.258 0.011 0 0.005
0.258 0.83 0 0.005
0.257 0.0 0 0.005
0.259 0.642 0 0.005
0.26 0.265 0 0.005
0.26 0.365 0 0.005
0.26 0.506 0 0.005
0.26 0.8 0 0.005
0.261 0.136 0 0.005
0.261 0.389 0 0.005
0.261 0.539 0 0.005
0.262 0.071 0 0.005
0.262 0.22 0 0.005
0.263 0.047 0 0.005
0.264 0.098 0 0.005
0.264 0.442 0 0.005
0.264 0.565 0 0.005
0.264 0.576 0 0.005
0.264 0.592 0 0.005
0.264 0.74 0 0.005
0.264 0.78 0 0.005
0.265 0.887 0 0.005
0.266 0.031 0 0.005
0.266 0.294 0 0.005
0.267 0.38 0 0.005
0.267 0.616 0 0.005
0.268 0.479 0 0.005
0.268 0.811 0 0.005
0.269 0.686 0 0.005
0.269 0.876 0 0.005
0.269 0.915 0 0.005
0.27 0.34 0 0.005
0.27 0.707 0 0.005
0.271 0.405 0 0.005
0.271 0.838 0 0.005
0.271 0.973 0 0.005
0.272 0.519 0 0.005
0.272 0.754 0 0.005
0.273 0.558 0 0.005
0.274 0.08 0 0.005
0.275 0.129 0 0.005
0.275 0.27 0 0.005
0.275 0.488 0 0.005
0.275 0.785 0 0.005
0.275 0.863 0 0.005
0.276 0.1 0 0.005
0.276 0.217 0 0.005
0.276 0.415 0 0.005
0.276 0.428 0 0.005
0.277 0.232 0 0.005
0.277 0.323 0 0.005
0.277 0.826 0 0.005
0.278 0.019 0 0.005
0.278 0.298 0 0.005
0.278 0.448 0 0.005
0.278 0.883 0 0.005
0.279 0.666 0 0.005
0.28 0.037 0 0.005
0.28 0.644 0 0.005
0.28 0.959 0 0.005
0.281 0.405 0 0.005
0.281 0.501 0 0.005
0.281 0.628 0 0.005
0.281 0.911 0 0.005
0.282 0.002719298245614035 0 0.005
0.282 0.072 0 0.005
0.282 0.314 0 0.005
0.282 0.384 0 0.005
0.282 0.542 0 0.005
0.282 0.8 0 0.005
0.283 0.87 0 0.005
0.284 0.201 0 0.005
0.284 0.356 0 0.005
0.284 0.514 0 0.005
0.285 0.604 0 0.005
0.285 0.686 0 0.005
0.285 0.757 0 0.005
0.285 0.835 0 0.005
0.285 0.854 0 0.005
0.285 0.893 0 0.005
0.286 0.168 0 0.005
0.286 0.99 0 0.005
0.287 0.615 0 0.005
0.287 0.636 0 0.005
0.288 0.256 0 0.005
0.288 0.657 0 0.005
0.288 0.809 0 0.005
0.288 0.949 0 0.005
0.29 0.101 0 0.005
0.29 0.277 0 0.005
0.291 0.129 0 0.005
0.291 0.157 0 0.005
0.291 0.183 0 0.005
0.291 0.403 0 0.005
0.291 0.439 0 0.005
0.291 0.586 0 0.005
0.291 0.844 0 0.005
0.293 0.287 0 0.005
0.293 0.626 0 0.005
0.294 0.044 0 0.005
0.294 0.228 0 0.005
0.294 0.34 0 0.005
0.294 0.87 0 0.005
0.294 0.975 0 0.005
0.295 0.014 0 0.005
0.295 0.092 0 0.005
0.296 0.667 0 0.005
0.296 0.773 0 0.005
0.297 0.11 0 0.005
0.297 0.704 0 0.005
0.298 0.247 0 0.005
0.298 0.611 0 0.005
0.298 0.737 0 0.005
0.299 0.079 0 0.005
0.299 0.27 0 0.005
0.299 0.655 0 0.005
0.299 0.756 0 0.005
0.299 0.793 0 0.005
0.3 0.136 0 0.005
0.3 0.418 0 0.005
0.3 0.453 0 0.005
0.3 0.559 0 0.005
0.3 0.808 0 0.005
0.3 0.892 0 0.005
0.3 0.926 0 0.005
0.301 0.157 0 0.005
0.301 0.507 0 0.005
0.301 0.526 0 0.005
0.301 0.693 0 0.005
0.302 0.367 0 0.005
0.302 0.598 0 0.005
0.303 0.487 0 0.005
0.304 0.069 0 0.005
0.304 0.319 0 0.005
0.305 0.299 0 0.005
0.305 0.71 0 0.005
0.306 0.089 0 0.005
0.306 0.123 0 0.005
0.306 0.466 0 0.005
0.306 0.634 0 0.005
0.306 0.672 0 0.005
0.307 0.178 0 0.005
0.307 0.254 0 0.005
0.307 0.541 0 0.005
0.308 0.437 0 0.005
0.308 0.739 0 0.005
0.308 0.762 0 0.005
0.309 0.384 0 0.005
0.309 0.841 0 0.005
0.309 0.992 0 0.005
0.31 0.308 0 0.005
0.311 0.047 0 0.005
0.311 0.336 0 0.005
0.311 0.654 0 0.005
0.311 0.877 0 0.005
0.312 0.496 0 0.005
0.312 0.851 0 0.005
0.313 0.558 0 0.005
0.315 0.199 0 0.005
0.315 0.411 0 0.005
0.315 0.665 0 0.005
0.316 0.108 0 0.005
0.316 0.13 0 0.005
0.316 0.862 0 0.005
0.316 0.94 0 0.005
0.317 0.084 0 0.005
0.318 0.268 0 0.005
0.318 0.446 0 0.005
0.318 0.471 0 0.005
0.318 0.523 0 0.005
0.318 0.907 0 0.005
0.318 0.928 0 0.005
0.318 0.984 0 0.005
0.319 0.95 0 0.005
0.32 0.218 0 0.005
0.32 0.897 0 0.005
0.321 0.005 0 0.005
0.321 0.159 0 0.005
0.321 0.284 0 0.005
0.321 0.32 0 0.005
0.321 0.363 0 0.005
0.321 0.654 0 0.005
0.321 0.812 0 0.005
0.322 0.254 0 0.005
0.322 0.587 0 0.005
0.322 0.683 0 0.005
0.322 0.776 0 0.005
0.323 0.551 0 0.005
0.323 0.631 0 0.005
0.323 0.726 0 0.005
0.323 0.833 0 0.005
0.324 0.341 0 0.005
0.324 0.503 0 0.005
0.324 0.742 0 0.005
0.324 0.916 0 0.005
0.325 0.492 0 0.005
0.325 0.843 0 0.005
0.326 0.028 0 0.005
0.326 0.184 0 0.005
0.327 0.599 0 0.005
0.327 0.619 0 0.005
0.327 0.705 0 0.005
0.327 0.881 0 0.005
0.328 0.147 0 0.005
0.328 0.234 0 0.005
0.328 0.311 0 0.005
0.328 0.409 0 0.005
0.328 0.936 0 0.005
0.329 0.57 0 0.005
0.329 0.9972564102564103 0 0.005
0.33 0.822 0 0.005
0.331 0.062 0 0.005
0.331 0.764 0 0.005
0.331 0.968 0 0.005
0.332 0.948 0 0.005
0.333 0.361 0 0.005
0.334 0.121 0 0.005
0.334 0.334 0 0.005
0.334 0.422 0 0.005
0.334 0.551 0 0.005
0.334 0.628 0 0.005
0.335 0.532 0 0.005
0.336 0.372 0 0.005
0.336 0.838 0 0.005
0.337 0.209 0 0.005
0.337 0.254 0 0.005
0.338 0.022 0 0.005
0.338 0.153 0 0.005
0.338 0.446 0 0.005
0.338 0.462 0 0.005
0.338 0.682 0 0.005
0.338 0.811 0 0.005
0.339 0.435 0 0.005
0.339 0.514 0 0.005
0.339 0.694 0 0.005
0.339 0.878 0 0.005
0.339 0.985 0 0.005
0.34 0.908 0 0.005
0.341 0.08 0 0.005
0.341 0.305 0 0.005
0.341 0.615 0 0.005
0.341 0.8 0 0.005
0.341 0.956 0 0.005
0.342 0.322 0 0.005
0.342 0.49 0 0.005
0.342 0.637 0 0.005
0.342 0.931 0 0.005
0.343 0.946 0 0.005
0.344 0.193 0 0.005
0.344 0.756 0 0.005
0.344 0.821 0 0.005
0.344 0.868 0 0.005
0.345 0.053 0 0.005
0.345 0.114 0 0.005
0.345 0.246 0 0.005
0.345 0.92 0 0.005
0.346 0.0008095238095238096 0 0.005
0.346 0.337 0 0.005
0.346 0.383 0 0.005
0.346 0.58 0 0.005
0.346 0.716 0 0.005
0.347 0.037 0 0.005
0.347 0.279 0 0.005
0.347 0.741 0 0.005
0.348 0.069 0 0.005
0.348 0.314 0 0.005
0.348 0.663 0 0.005
0.349 0.102 0 0.005
0.349 0.154 0 0.005
0.349 0.552 0 0.005
0.35 0.257 0 0.005
0.35 0.426 0 0.005
0.35 0.505 0 0.005
0.35 0.971 0 0.005
0.351 0.831 0 0.005
0.352 0.676 0 0.005
0.352 0.941 0 0.005
0.353 0.008 0 0.005
0.353 0.654 0 0.005
0.353 0.689 0 0.005
0.353 0.853 0 0.005
0.354 0.083 0 0.005
0.354 0.447 0 0.005
0.354 0.77 0 0.005
0.355 0.21 0 0.005
0.355 0.295 0 0.005
0.355 0.369 0 0.005
0.355 0.594 0 0.005
0.355 0.916 0 0.005
0.356 0.884 0 0.005
0.357 0.109 0 0.005
0.357 0.323 0 0.005
0.357 0.481 0 0.005
0.357 0.716 0 0.005
0.358 0.166 0 0.005
0.358 0.406 0 0.005
0.358 0.546 0 0.005
0.358 0.606 0 0.005
0.359 0.263 0 0.005
0.359 0.801 0 0.005
0.36 0.633 0 0.005
0.361 0.193 0 0.005
0.361 0.247 0 0.005
0.361 0.668 0 0.005
0.362 0.522 0 0.005
0.362 0.868 0 0.005
0.363 0.142 0 0.005
0.364 0.068 0 0.005
0.364 0.559 0 0.005
0.364 0.933 0 0.005
0.365 0.04 0 0.005
0.365 0.435 0 0.005
0.365 0.574 0 0.005
0.365 0.901 0 0.005
0.365 0.912 0 0.005
0.366 0.738 0 0.005
0.366 0.834 0 0.005
0.367 0.019 0 0.005
0.367 0.682 0 0.005
0.368 0.324 0 0.005
0.368 0.726 0 0.005
0.369 0.0022291666666666666 0 0.005
0.369 0.347 0 0.005
0.369 0.402 0 0.005
0.369 0.445 0 0.005
0.369 0.785 0 0.005
0.37 0.361 0 0.005
0.37 0.376 0 0.005
0.37 0.645 0 0.005
0.37 0.961 0 0.005
0.371 0.505 0 0.005
0.371 0.536 0 0.005
0.371 0.77 0 0.005
0.372 0.23 0 0.005
0.372 0.299 0 0.005
0.372 0.749 0 0.005
0.373 0.314 0 0.005
0.373 0.464 0 0.005
0.373 0.52 0 0.005
0.373 0.551 0 0.005
0.374 0.923 0 0.005
0.374 0.988 0 0.005
0.375 0.656 0 0.005
0.376 0.084 0 0.005
0.376 0.109 0 0.005
0.376 0.241 0 0.005
0.376 0.485 0 0.005
0.376 0.589 0 0.005
0.376 0.839 0 0.005
0.378 0.121 0 0.005
0.378 0.213 0 0.005
0.378 0.266 0 0.005
0.378 0.615 0 0.005
0.378 0.951 0 0.005
0.379 0.025 0 0.005
0.38 0.144 0 0.005
0.38 0.678 0 0.005
0.382 0.697 0 0.005
0.383 0.425 0 0.005
0.383 0.885 0 0.005
0.384 0.0008095238095238096 0 0.005
0.385 0.749 0 0.005
0.385 0.826 0 0.005
0.385 0.906 0 0.005
0.386 0.225 0 0.005
0.386 0.589 0 0.005
0.387 0.095 0 0.005
0.387 0.252 0 0.005
0.387 0.45 0 0.005
0.387 0.482 0 0.005
0.388 0.305 0 0.005
0.388 0.559 0 0.005
0.388 0.644 0 0.005
0.389 0.12 0 0.005
0.389 0.414 0 0.005
0.389 0.498 0 0.005
0.389 0.576 0 0.005
0.39 0.153 0 0.005
0.39 0.323 0 0.005
0.39 0.546 0 0.005
0.391 0.057 0 0.005
0.392 0.04 0 0.005
0.392 0.658 0 0.005
0.393 0.078 0 0.005
0.393 0.109 0 0.005
0.393 0.276 0 0.005
0.393 0.634 0 0.005
0.393 0.976 0 0.005
0.394 0.206 0 0.005
0.394 0.614 0 0.005
0.394 0.833 0 0.005
0.394 0.945 0 0.005
0.395 0.857 0 0.005
0.395 0.871 0 0.005
0.395 0.927 0 0.005
0.396 0.443 0 0.005
0.396 0.603 0 0.005
0.396 0.987 0 0.005
0.397 0.367 0 0.005
0.397 0.689 0 0.005
0.397 0.798 0 0.005
0.398 0.169 0 0.005
0.398 0.51 0 0.005
0.398 0.588 0 0.005
0.398 0.744 0 0.005
0.399 0.134 0 0.005
0.399 0.244 0 0.005
0.4 0.962 0 0.005
0.401 0.026 0 0.005
0.401 0.196 0 0.005
0.401 0.259 0 0.005
0.401 0.329 0 0.005
0.401 0.427 0 0.005
0.401 0.527 0 0.005
0.401 0.731 0 0.005
0.399 0.999 0 0.005
0.402 0.114 0 0.005
0.402 0.464 0 0.005
0.402 0.639 0 0.005
0.403 0.538 0 0.005
0.404 0.051 0 0.005
0.404 0.186 0 0.005
0.404 0.453 0 0.005
0.404 0.832 0 0.005
0.405 0.405 0 0.005
0.406 0.307 0 0.005
0.406 0.601 0 0.005
0.406 0.758 0 0.005
0.406 0.819 0 0.005
0.407 0.072 0 0.005
0.407 0.696 0 0.005
0.407 0.719 0 0.005
0.408 0.207 0 0.005
0.408 0.356 0 0.005
0.409 0.281 0 0.005
0.409 0.319 0 0.005
0.409 0.976 0 0.005
0.412 0.379 0 0.005
0.412 0.628 0 0.005
0.412 0.673 0 0.005
0.412 0.94 0 0.005
0.413 0.153 0 0.005
0.413 0.486 0 0.005
0.413 0.583 0 0.005
0.414 0.662 0 0.005
0.415 0.065 0 0.005
0.415 0.125 0 0.005
0.415 0.537 0 0.005
0.415 0.593 0 0.005
0.416 0.415 0 0.005
0.416 0.511 0 0.005
0.416 0.9967708333333334 0 0.005
0.417 0.077 0 0.005
0.417 0.224 0 0.005
0.417 0.794 0 0.005
0.418 0.034 0 0.005
0.418 0.214 0 0.005
0.418 0.556 0 0.005
0.418 0.651 0 0.005
0.418 0.742 0 0.005
0.419 0.191 0 0.005
0.421 0.096 0 0.005
0.421 0.711 0 0.005
0.421 0.811 0 0.005
0.421 0.846 0 0.005
0.422 0.63 0 0.005
0.422 0.766 0 0.005
0.422 0.777 0 0.005
0.422 0.944 0 0.005
0.422 0.958 0 0.005
0.423 0.085 0 0.005
0.423 0.275 0 0.005
0.423 0.285 0 0.005
0.423 0.474 0 0.005
0.423 0.585 0 0.005
0.423 0.681 0 0.005
0.423 0.864 0 0.005
0.423 0.891 0 0.005
0.425 0.142 0 0.005
0.425 0.981 0 0.005
0.426 0.162 0 0.005
0.426 0.36 0 0.005
0.426 0.788 0 0.005
0.427 0.013 0 0.005
0.427 0.302 0 0.005
0.427 0.387 0 0.005
0.427 0.728 0 0.005
0.428 0.496 0 0.005
0.429 0.832 0 0.005
0.43 0.228 0 0.005
0.43 0.9 0 0.005
0.431 0.914 0 0.005
0.432 0.417 0 0.005
0.433 0.552 0 0.005
0.433 0.59 0 0.005
0.433 0.661 0 0.005
0.433 0.745 0 0.005
0.433 0.992 0 0.005
0.434 0.0022291666666666666 0 0.005
0.434 0.367 0 0.005
0.434 0.611 0 0.005
0.434 0.772 0 0.005
0.435 0.063 0 0.005
0.435 0.18 0 0.005
0.435 0.674 0 0.005
0.435 0.819 0 0.005
0.435 0.847 0 0.005
0.435 0.858 0 0.005
0.435 0.872 0 0.005
0.436 0.083 0 0.005
0.436 0.161 0 0.005
0.436 0.94 0 0.005
0.437 0.482 0 0.005
0.437 0.688 0 0.005
0.438 0.125 0 0.005
0.438 0.219 0 0.005
0.438 0.426 0 0.005
0.438 0.456 0 0.005
0.438 0.472 0 0.005
0.438 0.717 0 0.005
0.438 0.887 0 0.005
0.439 0.093 0 0.005
0.439 0.754 0 0.005
0.439 0.951 0 0.005
0.441 0.353 0 0.005
0.443 0.038 0 0.005
0.443 0.595 0 0.005
0.444 0.315 0 0.005
0.444 0.509 0 0.005
0.444 0.544 0 0.005
0.444 0.625 0 0.005
0.444 0.726 0 0.005
0.445 0.203 0 0.005
0.446 0.017 0 0.005
0.446 0.251 0 0.005
0.446 0.571 0 0.005
0.446 0.893 0 0.005
0.447 0.062 0 0.005
0.447 0.113 0 0.005
0.447 0.959 0 0.005
0.447 0.9967708333333334 0 0.005
0.448 0.665 0 0.005
0.448 0.818 0 0.005
0.449 0.101 0 0.005
0.45 0.0022291666666666666 0 0.005
0.45 0.373 0 0.005
0.45 0.439 0 0.005
0.45 0.531 0 0.005
0.45 0.845 0 0.005
0.451 0.878 0 0.005
0.453 0.858 0 0.005
0.454 0.325 0 0.005
0.454 0.907 0 0.005
0.454 0.922 0 0.005
0.454 0.982 0 0.005
0.455 0.125 0 0.005
0.455 0.79 0 0.005
0.456 0.181 0 0.005
0.457 0.218 0 0.005
0.457 0.347 0 0.005
0.457 0.72 0 0.005
0.457 0.943 0 0.005
0.458 0.455 0 0.005
0.458 0.543 0 0.005
0.458 0.62 0 0.005
0.459 0.679 0 0.005
0.459 0.736 0 0.005
0.459 0.811 0 0.005
0.46 0.436 0 0.005
0.46 0.639 0 0.005
0.461 0.156 0 0.005
0.461 0.191 0 0.005
0.461 0.829 0 0.005
0.462 0.249 0 0.005
0.462 0.47 0 0.005
0.462 0.582 0 0.005
0.463 0.294 0 0.005
0.463 0.332 0 0.005
0.463 0.376 0 0.005
0.464 0.406 0 0.005
0.464 0.533 0 0.005
0.464 0.852 0 0.005
0.464 0.89 0 0.005
0.465 0.031 0 0.005
0.465 0.173 0 0.005
0.465 0.391 0 0.005
0.465 0.905 0 0.005
0.465 0.916 0 0.005
0.466 0.981 0 0.005
0.466 0.994 0 0.005
0.467 0.049 0 0.005
0.467 0.085 0 0.005
0.467 0.1 0 0.005
0.467 0.309 0 0.005
0.467 0.651 0 0.005
0.467 0.759 0 0.005
0.467 0.879 0 0.005
0.468 0.273 0 0.005
0.468 0.569 0 0.005
0.468 0.596 0 0.005
0.469 0.006 0 0.005
0.471 0.197 0 0.005
0.471 0.286 0 0.005
0.471 0.347 0 0.005
0.472 0.22 0 0.005
0.472 0.478 0 0.005
0.472 0.664 0 0.005
0.472 0.693 0 0.005
0.473 0.147 0 0.005
0.473 0.333 0 0.005
0.473 0.444 0 0.005
0.473 0.798 0 0.005
0.473 0.972 0 0.005
0.474 0.242 0 0.005
0.475 0.019 0 0.005
0.475 0.182 0 0.005
0.475 0.375 0 0.005
0.475 0.521 0 0.005
0.475 0.962 0 0.005
0.476 0.578 0 0.005
0.476 0.827 0 0.005
0.477 0.364 0 0.005
0.477 0.559 0 0.005
0.477 0.708 0 0.005
0.477 0.816 0 0.005
0.478 0.262 0 0.005
0.478 0.624 0 0.005
0.478 0.931 0 0.005
0.478 0.9977333333333334 0 0.005
0.479 0.679 0 0.005
0.479 0.766 0 0.005
0.479 0.881 0 0.005
0.48 0.125 0 0.005
0.48 0.341 0 0.005
0.48 0.402 0 0.005
0.48 0.433 0 0.005
0.481 0.007 0 0.005
0.481 0.04 0 0.005
0.481 0.303 0 0.005
0.481 0.464 0 0.005
0.481 0.731 0 0.005
0.483 0.214 0 0.005
0.483 0.985 0 0.005
0.484 0.095 0 0.005
0.484 0.11 0 0.005
0.484 0.169 0 0.005
0.485 0.137 0 0.005
0.485 0.158 0 0.005
0.485 0.383 0 0.005
0.485 0.552 0 0.005
0.485 0.586 0 0.005
0.485 0.649 0 0.005
0.487 0.69 0 0.005
0.487 0.793 0 0.005
0.487 0.812 0 0.005
0.488 0.408 0 0.005
0.488 0.623 0 0.005
0.488 0.712 0 0.005
0.488 0.834 0 0.005
0.489 0.781 0 0.005
0.49 0.057 0 0.005
0.49 0.575 0 0.005
0.49 0.749 0 0.005
0.49 0.931 0 0.005
0.491 0.0017435897435897436 0 0.005
0.491 0.017 0 0.005
0.491 0.124 0 0.005
0.491 0.451 0 0.005
0.491 0.972 0 0.005
0.492 0.043 0 0.005
0.492 0.223 0 0.005
0.492 0.657 0 0.005
0.493 0.884 0 0.005
0.494 0.089 0 0.005
0.494 0.109 0 0.005
0.494 0.606 0 0.005
0.495 0.153 0 0.005
0.495 0.305 0 0.005
0.495 0.857 0 0.005
0.496 0.398 0 0.005
0.496 0.497 0 0.005
0.496 0.822 0 0.005
0.497 0.071 0 0.005
0.497 0.259 0 0.005
0.497 0.46 0 0.005
0.497 0.533 0 0.005
0.498 0.423 0 0.005
0.498 0.786 0 0.005
0.499 0.182 0 0.005
0.499 0.843 0 0.005
0.5 0.344 0 0.005
0.5 0.388 0 0.005
0.501 0.203 0 0.005
0.501 0.292 0 0.005
0.502 0.661 0 0.005
0.503 0.545 0 0.005
0.503 0.559 0 0.005
0.503 0.748 0 0.005
0.503 0.906 0 0.005
0.504 0.516 0 0.005
0.504 0.581 0 0.005
0.504 0.689 0 0.005
0.504 0.893 0 0.005
0.504 0.963 0 0.005
0.505 0.117 0 0.005
0.505 0.282 0 0.005
0.505 0.505 0 0.005
0.506 0.236 0 0.005
0.506 0.643 0 0.005
0.506 0.87 0 0.005
0.508 0.72 0 0.005
0.508 0.926 0 0.005
0.509 0.142 0 0.005
0.509 0.537 0 0.005
0.51 0.525 0 0.005
0.51 0.777 0 0.005
0.511 0.679 0 0.005
0.511 0.738 0 0.005
0.512 0.192 0 0.005
0.512 0.944 0 0.005
0.513 0.221 0 0.005
0.514 0.08 0 0.005
0.514 0.098 0 0.005
0.514 0.16 0 0.005
0.515 0.065 0 0.005
0.515 0.596 0 0.005
0.515 0.623 0 0.005
0.515 0.818 0 0.005
0.516 0.374 0 0.005
0.516 0.706 0 0.005
0.516 0.765 0 0.005
0.517 0.048 0 0.005
0.518 0.011 0 0.005
0.518 0.203 0 0.005
0.518 0.293 0 0.005
0.518 0.316 0 0.005
0.518 0.658 0 0.005
0.518 0.86 0 0.005
0.519 0.387 0 0.005
0.519 0.564 0 0.005
0.518 0.9985833333333334 0 0.005
0.52 0.023 0 0.005
0.52 0.458 0 0.005
0.52 0.581 0 0.005
0.52 0.695 0 0.005
0.521 0.471 0 0.005
0.521 0.799 0 0.005
0.522 0.443 0 0.005
0.522 0.519 0 0.005
0.522 0.529 0 0.005
0.522 0.836 0 0.005
0.521 0.0 0 0.005
0.523 0.235 0 0.005
0.523 0.431 0 0.005
0.523 0.548 0 0.005
0.523 0.73 0 0.005
0.523 0.947 0 0.005
0.524 0.071 0 0.005
0.524 0.775 0 0.005
0.525 0.684 0 0.005
0.525 0.757 0 0.005
0.525 0.824 0 0.005
0.525 0.914 0 0.005
0.526 0.272 0 0.005
0.526 0.871 0 0.005
0.527 0.162 0 0.005
0.527 0.48 0 0.005
0.527 0.614 0 0.005
0.527 0.709 0 0.005
0.527 0.887 0 0.005
0.528 0.099 0 0.005
0.528 0.191 0 0.005
0.528 0.261 0 0.005
0.528 0.401 0 0.005
0.529 0.49 0 0.005
0.529 0.65 0 0.005
0.53 0.084 0 0.005
0.531 0.135 0 0.005
0.531 0.417 0 0.005
0.531 0.924 0 0.005
0.532 0.382 0 0.005
0.532 0.44 0 0.005
0.532 0.457 0 0.005
0.532 0.558 0 0.005
0.533 0.358 0 0.005
0.533 0.979 0 0.005
0.534 0.344 0 0.005
0.534 0.516 0 0.005
0.534 0.784 0 0.005
0.534 0.807 0 0.005
0.535 0.122 0 0.005
0.535 0.224 0 0.005
0.535 0.595 0 0.005
0.536 0.281 0 0.005
0.536 0.796 0 0.005
0.537 0.152 0 0.005
0.537 0.484 0 0.005
0.538 0.426 0 0.005
0.538 0.546 0 0.005
0.538 0.566 0 0.005
0.538 0.77 0 0.005
0.538 0.856 0 0.005
0.539 0.062 0 0.005
0.539 0.449 0 0.005
0.539 0.738 0 0.005
0.54 0.043 0 0.005
0.54 0.398 0 0.005
0.54 0.654 0 0.005
0.54 0.728 0 0.005
0.54 0.75 0 0.005
0.54 0.946 0 0.005
0.541 0.0017435897435897436 0 0.005
0.541 0.012 0 0.005
0.541 0.41 0 0.005
0.541 0.494 0 0.005
0.541 0.534 0 0.005
0.542 0.082 0 0.005
0.542 0.235 0 0.005
0.543 0.261 0 0.005
0.543 0.339 0 0.005
0.543 0.476 0 0.005
0.544 0.25 0 0.005
0.544 0.702 0 0.005
0.545 0.053 0 0.005
0.545 0.618 0 0.005
0.546 0.552 0 0.005
0.546 0.679 0 0.005
0.546 0.965 0 0.005
0.547 0.506 0 0.005
0.548 0.191 0 0.005
0.548 0.597 0 0.005
0.548 0.783 0 0.005
0.548 0.899 0 0.005
0.549 0.416 0 0.005
0.549 0.452 0 0.005
0.55 0.115 0 0.005
0.551 0.016 0 0.005
0.551 0.069 0 0.005
0.551 0.157 0 0.005
0.552 0.688 0 0.005
0.552 0.799 0 0.005
0.552 0.84 0 0.005
0.553 0.436 0 0.005
0.553 0.488 0 0.005
0.554 0.376 0 0.005
0.554 0.529 0 0.005
0.554 0.75 0 0.005
0.555 0.175 0 0.005
0.555 0.237 0 0.005
0.555 0.321 0 0.005
0.555 0.4 0 0.005
0.555 0.58 0 0.005
0.555 0.931 0 0.005
0.556 0.085 0 0.005
0.556 0.338 0 0.005
0.556 0.542 0 0.005
0.556 0.774 0 0.005
0.556 0.943 0 0.005
0.557 0.568 0 0.005
0.557 0.61 0 0.005
0.557 0.864 0 0.005
0.558 0.304 0 0.005
0.558 0.35 0 0.005
0.558 0.645 0 0.005
0.558 0.726 0 0.005
0.56 0.505 0 0.005
0.56 0.874 0 0.005
0.56 0.974 0 0.005
0.561 0.023 0 0.005
0.561 0.228 0 0.005
0.561 0.259 0 0.005
0.561 0.27 0 0.005
0.561 0.461 0 0.005
0.561 0.59 0 0.005
0.562 0.207 0 0.005
0.562 0.493 0 0.005
0.563 0.052 0 0.005
0.563 0.552 0 0.005
0.563 0.995 0 0.005
0.564 0.065 0 0.005
0.564 0.6 0 0.005
0.564 0.665 0 0.005
0.564 0.803 0 0.005
0.565 0.58 0 0.005
0.565 0.843 0 0.005
0.565 0.858 0 0.005
0.566 0.483 0 0.005
0.566 0.757 0 0.005
0.567 0.368 0 0.005
0.567 0.533 0 0.005
0.567 0.82 0 0.005
0.568 0.521 0 0.005
0.568 0.743 0 0.005
0.569 0.076 0 0.005
0.569 0.627 0 0.005
0.569 0.901 0 0.005
0.57 0.124 0 0.005
0.57 0.171 0 0.005
0.57 0.217 0 0.005
0.57 0.332 0 0.005
0.57 0.7 0 0.005
0.57 0.947 0 0.005
0.571 0.11 0 0.005
0.571 0.161 0 0.005
0.571 0.589 0 0.005
0.571 0.656 0 0.005
0.571 0.889 0 0.005
0.572 0.196 0 0.005
0.573 0.353 0 0.005
0.573 0.969 0 0.005
0.574 0.232 0 0.005
0.574 0.507 0 0.005
0.574 0.609 0 0.005
0.574 0.734 0 0.005
0.575 0.428 0 0.005
0.575 0.957 0 0.005
0.576 0.06 0 0.005
0.577 0.39 0 0.005
0.577 0.722 0 0.005
0.577 0.749 0 0.005
0.577 0.827 0 0.005
0.578 0.28 0 0.005
0.578 0.922 0 0.005
0.579 0.407 0 0.005
0.579 0.44 0 0.005
0.579 0.475 0 0.005
0.579 0.988 0 0.005
0.58 0.524 0 0.005
0.58 0.688 0 0.005
0.581 0.631 0 0.005
0.581 0.794 0 0.005
0.582 0.105 0 0.005
0.582 0.16 0 0.005
0.582 0.759 0 0.005
0.583 0.071 0 0.005
0.583 0.678 0 0.005
0.584 0.134 0 0.005
0.584 0.228 0 0.005
0.584 0.422 0 0.005
0.584 0.535 0 0.005
0.584 0.62 0 0.005
0.584 0.773 0 0.005
0.584 0.942 0 0.005
0.585 0.037 0 0.005
0.585 0.318 0 0.005
0.585 0.9956875 0 0.005
0.586 0.511 0 0.005
0.586 0.573 0 0.005
0.586 0.846 0 0.005
0.587 0.215 0 0.005
0.587 0.258 0 0.005
0.587 0.545 0 0.005
0.587 0.606 0 0.005
0.587 0.856 0 0.005
0.588 0.0012666666666666666 0 0.005
0.588 0.928 0 0.005
0.589 0.092 0 0.005
0.589 0.492 0 0.005
0.589 0.831 0 0.005
0.59 0.196 0 0.005
0.59 0.714 0 0.005
0.59 0.896 0 0.005
0.59 0.959 0 0.005
0.591 0.287 0 0.005
0.591 0.475 0 0.005
0.591 0.658 0 0.005
0.591 0.704 0 0.005
0.591 0.869 0 0.005
0.592 0.119 0 0.005
0.593 0.238 0 0.005
0.593 0.364 0 0.005
0.594 0.011 0 0.005
0.594 0.03 0 0.005
0.594 0.042 0 0.005
0.594 0.4 0 0.005
0.594 0.458 0 0.005
0.594 0.728 0 0.005
0.595 0.671 0 0.005
0.596 0.312 0 0.005
0.596 0.564 0 0.005
0.597 0.421 0 0.005
0.597 0.884 0 0.005
0.598 0.25 0 0.005
0.599 0.409 0 0.005
0.599 0.82 0 0.005
0.599 0.901 0 0.005
0.6 0.208 0 0.005
0.6 0.529 0 0.005
0.6 0.604 0 0.005
0.6 0.769 0 0.005
0.6 0.836 0 0.005
0.601 0.981 0 0.005
0.602 0.139 0 0.005
0.602 0.345 0 0.005
0.602 0.652 0 0.005
0.602 0.999 0 0.005
0.605 0.022 0 0.005
0.605 0.505 0 0.005
0.605 0.582 0 0.005
0.605 0.622 0 0.005
0.605 0.857 0 0.005
0.606 0.43 0 0.005
0.606 0.756 0 0.005
0.607 0.182 0 0.005
0.607 0.558 0 0.005
0.608 0.169 0 0.005
0.608 0.252 0 0.005
0.608 0.296 0 0.005
0.608 0.698 0 0.005
0.608 0.732 0 0.005
0.609 0.0008095238095238096 0 0.005
0.609 0.828 0 0.005
0.609 0.843 0 0.005
0.61 0.046 0 0.005
0.61 0.206 0 0.005
0.61 0.384 0 0.005
0.61 0.783 0 0.005
0.61 0.939 0 0.005
0.611 0.095 0 0.005
0.611 0.335 0 0.005
0.611 0.714 0 0.005
0.611 0.954 0 0.005
0.612 0.076 0 0.005
0.612 0.451 0 0.005
0.612 0.995 0 0.005
0.613 0.11 0 0.005
0.613 0.409 0 0.005
0.613 0.494 0 0.005
0.613 0.65 0 0.005
0.614 0.523 0 0.005
0.615 0.285 0 0.005
0.616 0.344 0 0.005
0.616 0.82 0 0.005
0.616 0.905 0 0.005
0.617 0.179 0 0.005
0.617 0.726 0 0.005
0.618 0.762 0 0.005
0.619 0.324 0 0.005
0.619 0.512 0 0.005
0.619 0.561 0 0.005
0.62 0.303 0 0.005
0.62 0.924 0 0.005
0.62 0.976 0 0.005
0.621 0.59 0 0.005
0.621 0.934 0 0.005
0.622 0.256 0 0.005
0.622 0.403 0 0.005
0.622 0.945 0 0.005
0.623 0.246 0 0.005
0.623 0.573 0 0.005
0.623 0.83 0 0.005
0.623 0.958 0 0.005
0.624 0.686 0 0.005
0.624 0.71 0 0.005
0.624 0.859 0 0.005
0.625 0.014 0 0.005
0.625 0.052 0 0.005
0.625 0.452 0 0.005
0.625 0.9 0 0.005
0.626 0.121 0 0.005
0.626 0.212 0 0.005
0.626 0.391 0 0.005
0.626 0.42 0 0.005
0.626 0.628 0 0.005
0.626 0.877 0 0.005
0.627 0.0033125 0 0.005
0.627 0.025 0 0.005
0.627 0.275 0 0.005
0.627 0.492 0 0.005
0.627 0.552 0 0.005
0.627 0.887 0 0.005
0.628 0.082 0 0.005
0.628 0.433 0 0.005
0.628 0.532 0 0.005
0.628 0.647 0 0.005
0.628 0.661 0 0.005
0.628 0.672 0 0.005
0.629 0.225 0 0.005
0.629 0.967 0 0.005
0.63 0.724 0 0.005
0.63 0.84 0 0.005
0.63 0.979 0 0.005
0.631 0.101 0 0.005
0.631 0.166 0 0.005
0.631 0.588 0 0.005
0.631 0.766 0 0.005
0.632 0.443 0 0.005
0.633 0.237 0 0.005
0.633 0.363 0 0.005
0.634 0.033 0 0.005
0.634 0.325 0 0.005
0.634 0.543 0 0.005
0.634 0.706 0 0.005
0.634 0.738 0 0.005
0.634 0.781 0 0.005
0.634 0.99 0 0.005
0.635 0.339 0 0.005
0.636 0.248 0 0.005
0.636 0.401 0 0.005
0.637 0.309 0 0.005
0.637 0.795 0 0.005
0.637 0.914 0 0.005
0.638 0.22 0 0.005
0.639 0.11 0 0.005
0.639 0.174 0 0.005
0.639 0.468 0 0.005
0.64 0.35 0 0.005
0.64 0.884 0 0.005
0.64 0.953 0 0.005
0.641 0.015 0 0.005
0.641 0.375 0 0.005
0.641 0.488 0 0.005
0.642 0.424 0 0.005
0.642 0.624 0 0.005
0.643 0.284 0 0.005
0.643 0.498 0 0.005
0.643 0.589 0 0.005
0.644 0.187 0 0.005
0.644 0.256 0 0.005
0.644 0.981 0 0.005
0.645 0.152 0 0.005
0.645 0.447 0 0.005
0.646 0.392 0 0.005
0.646 0.477 0 0.005
0.646 0.754 0 0.005
0.646 0.895 0 0.005
0.648 0.055 0 0.005
0.648 0.104 0 0.005
0.648 0.551 0 0.005
0.648 0.569 0 0.005
0.648 0.971 0 0.005
0.649 0.219 0 0.005
0.649 0.313 0 0.005
0.649 0.415 0 0.005
0.65 0.36 0 0.005
0.65 0.84 0 0.005
0.651 0.431 0 0.005
0.651 0.68 0 0.005
0.651 0.809 0 0.005
0.651 0.953 0 0.005
0.653 0.127 0 0.005
0.653 0.163 0 0.005
0.653 0.58 0 0.005
0.653 0.742 0 0.005
0.653 0.856 0 0.005
0.654 0.827 0 0.005
0.655 0.023 0 0.005
0.655 0.373 0 0.005
0.656 0.194 0 0.005
0.656 0.537 0 0.005
0.656 0.931 0 0.005
0.658 0.107 0 0.005
0.658 0.347 0 0.005
0.658 0.399 0 0.005
0.658 0.728 0 0.005
0.659 0.223 0 0.005
0.659 0.299 0 0.005
0.659 0.447 0 0.005
0.659 0.711 0 0.005
0.66 0.382 0 0.005
0.66 0.592 0 0.005
0.661 0.052 0 0.005
0.661 0.313 0 0.005
0.661 0.425 0 0.005
0.661 0.473 0 0.005
0.661 0.915 0 0.005
0.662 0.549 0 0.005
0.662 0.787 0 0.005
0.662 0.844 0 0.005
0.662 0.886 0 0.005
0.663 0.076 0 0.005
0.663 0.138 0 0.005
0.663 0.357 0 0.005
0.663 0.516 0 0.005
0.663 0.687 0 0.005
0.663 0.959 0 0.005
0.665 0.617 0 0.005
0.665 0.943 0 0.005
0.665 0.993 0 0.005
0.666 0.663 0 0.005
0.667 0.254 0 0.005
0.667 0.901 0 0.005
0.668 0.637 0 0.005
0.669 0.169 0 0.005
0.669 0.186 0 0.005
0.669 0.804 0 0.005
0.67 0.233 0 0.005
0.671 0.215 0 0.005
0.671 0.44 0 0.005
0.671 0.486 0 0.005
0.671 0.649 0 0.005
0.671 0.794 0 0.005
0.672 0.409 0 0.005
0.672 0.723 0 0.005
0.673 0.301 0 0.005
0.673 0.521 0 0.005
0.673 0.543 0 0.005
0.673 0.708 0 0.005
0.673 0.851 0 0.005
0.673 0.922 0 0.005
0.674 0.396 0 0.005
0.674 0.476 0 0.005
0.674 0.506 0 0.005
0.674 0.575 0 0.005
0.675 0.031 0 0.005
0.675 0.334 0 0.005
0.675 0.366 0 0.005
0.675 0.877 0 0.005
0.675 0.893 0 0.005
0.675 0.942 0 0.005
0.675 0.981 0 0.005
0.676 0.451 0 0.005
0.676 0.62 0 0.005
0.676 0.826 0 0.005
0.677 0.021 0 0.005
0.677 0.147 0 0.005
0.677 0.345 0 0.005
0.678 0.104 0 0.005
0.678 0.419 0 0.005
0.678 0.56 0 0.005
0.678 0.78 0 0.005
0.678 0.961 0 0.005
0.679 0.811 0 0.005
0.679 0.9981904761904762 0 0.005
0.68 0.057 0 0.005
0.68 0.43 0 0.005
0.68 0.639 0 0.005
0.681 0.492 0 0.005
0.682 0.078 0 0.005
0.682 0.191 0 0.005
0.682 0.739 0 0.005
0.683 0.3 0 0.005
0.683 0.595 0 0.005
0.683 0.692 0 0.005
0.684 0.126 0 0.005
0.684 0.707 0 0.005
0.686 0.318 0 0.005
0.686 0.447 0 0.005
0.686 0.66 0 0.005
0.686 0.821 0 0.005
0.686 0.884 0 0.005
0.687 0.356 0 0.005
0.688 0.386 0 0.005
0.688 0.794 0 0.005
0.689 0.174 0 0.005
0.689 0.223 0 0.005
0.689 0.436 0 0.005
0.689 0.484 0 0.005
0.69 0.203 0 0.005
0.69 0.262 0 0.005
0.69 0.418 0 0.005
0.69 0.761 0 0.005
0.691 0.681 0 0.005
0.692 0.335 0 0.005
0.693 0.057 0 0.005
0.693 0.252 0 0.005
0.693 0.874 0 0.005
0.693 0.97 0 0.005
0.693 0.988 0 0.005
0.694 0.021 0 0.005
0.694 0.163 0 0.005
0.694 0.702 0 0.005
0.694 0.814 0 0.005
0.694 0.83 0 0.005
0.695 0.083 0 0.005
0.695 0.528 0 0.005
0.695 0.625 0 0.005
0.695 0.78 0 0.005
0.695 0.907 0 0.005
0.693 0.999 0 0.005
0.696 0.0012666666666666666 0 0.005
0.696 0.129 0 0.005
0.696 0.61 0 0.005
0.697 0.953 0 0.005
0.699 0.376 0 0.005
0.699 0.563 0 0.005
0.699 0.796 0 0.005
0.7 0.11 0 0.005
0.7 0.745 0 0.005
0.701 0.896 0 0.005
0.701 0.976 0 0.005
0.702 0.64 0 0.005
0.702 0.684 0 0.005
0.702 0.886 0 0.005
0.702 0.926 0 0.005
0.703 0.263 0 0.005
0.705 0.576 0 0.005
0.705 0.704 0 0.005
0.705 0.836 0 0.005
0.706 0.235 0 0.005
0.706 0.658 0 0.005
0.706 0.734 0 0.005
0.706 0.874 0 0.005
0.707 0.069 0 0.005
0.707 0.093 0 0.005
0.707 0.418 0 0.005
0.708 0.458 0 0.005
0.708 0.676 0 0.005
0.708 0.765 0 0.005
0.71 0.506 0 0.005
0.711 0.081 0 0.005
0.711 0.15 0 0.005
0.711 0.381 0 0.005
0.712 0.005 0 0.005
0.712 0.354 0 0.005
0.712 0.621 0 0.005
0.713 0.176 0 0.005
0.713 0.398 0 0.005
0.713 0.55 0 0.005
0.714 0.111 0 0.005
0.714 0.246 0 0.005
0.714 0.333 0 0.005
0.714 0.943 0 0.005
0.715 0.313 0 0.005
0.715 0.665 0 0.005
0.716 0.159 0 0.005
0.717 0.06 0 0.005
0.717 0.706 0 0.005
0.717 0.843 0 0.005
0.718 0.278 0 0.005
0.719 0.03 0 0.005
0.719 0.303 0 0.005
0.719 0.629 0 0.005
0.719 0.887 0 0.005
0.72 0.227 0 0.005
0.72 0.258 0 0.005
0.72 0.59 0 0.005
0.72 0.642 0 0.005
0.721 0.369 0 0.005
0.721 0.612 0 0.005
0.721 0.796 0 0.005
0.721 0.813 0 0.005
0.722 0.192 0 0.005
0.722 0.537 0 0.005
0.722 0.754 0 0.005
0.723 0.557 0 0.005
0.721 0.999 0 0.005
0.725 0.327 0 0.005
0.725 0.426 0 0.005
0.725 0.718 0 0.005
0.725 0.922 0 0.005
0.726 0.405 0 0.005
0.726 0.911 0 0.005
0.726 0.935 0 0.005
0.727 0.12 0 0.005
0.727 0.317 0 0.005
0.727 0.349 0 0.005
0.727 0.87 0 0.005
0.727 0.968 0 0.005
0.728 0.07 0 0.005
0.728 0.219 0 0.005
0.728 0.24 0 0.005
0.729 0.486 0 0.005
0.73 0.512 0 0.005
0.73 0.595 0 0.005
0.73 0.769 0 0.005
0.73 0.831 0 0.005
0.731 0.27 0 0.005
0.731 0.661 0 0.005
0.731 0.682 0 0.005
0.731 0.798 0 0.005
0.732 0.02 0 0.005
0.732 0.043 0 0.005
0.732 0.418 0 0.005
0.732 0.946 0 0.005
0.733 0.536 0 0.005
0.734 0.497 0 0.005
0.735 0.735 0 0.005
0.736 0.132 0 0.005
0.736 0.16 0 0.005
0.736 0.44 0 0.005
0.736 0.691 0 0.005
0.737 0.173 0 0.005
0.737 0.338 0 0.005
0.737 0.981 0 0.005
0.738 0.991 0 0.005
0.739 0.79 0 0.005
0.739 0.821 0 0.005
0.74 0.308 0 0.005
0.74 0.891 0 0.005
0.741 0.0033125 0 0.005
0.741 0.031 0 0.005
0.741 0.201 0 0.005
0.741 0.298 0 0.005
0.741 0.645 0 0.005
0.741 0.833 0 0.005
0.742 0.149 0 0.005
0.742 0.366 0 0.005
0.742 0.467 0 0.005
0.743 0.097 0 0.005
0.743 0.761 0 0.005
0.743 0.772 0 0.005
0.744 0.669 0 0.005
0.746 0.119 0 0.005
0.746 0.277 0 0.005
0.746 0.396 0 0.005
0.746 0.528 0 0.005
0.746 0.683 0 0.005
0.747 0.16 0 0.005
0.747 0.176 0 0.005
0.747 0.347 0 0.005
0.748 0.423 0 0.005
0.749 0.015 0 0.005
0.749 0.289 0 0.005
0.749 0.651 0 0.005
0.749 0.949 0 0.005
0.75 0.261 0 0.005
0.75 0.311 0 0.005
0.75 0.544 0 0.005
0.75 0.753 0 0.005
0.751 0.233 0 0.005
0.752 0.447 0 0.005
0.752 0.701 0 0.005
0.752 0.717 0 0.005
0.752 0.996280701754386 0 0.005
0.753 0.131 0 0.005
0.753 0.409 0 0.005
0.753 0.436 0 0.005
0.753 0.628 0 0.005
0.753 0.882 0 0.005
0.754 0.219 0 0.005
0.754 0.508 0 0.005
0.755 0.108 0 0.005
0.755 0.911 0 0.005
0.757 0.096 0 0.005
0.757 0.197 0 0.005
0.757 0.531 0 0.005
0.757 0.552 0 0.005
0.758 0.008 0 0.005
0.758 0.423 0 0.005
0.758 0.978 0 0.005
0.759 0.186 0 0.005
0.759 0.941 0 0.005
0.76 0.228 0 0.005
0.76 0.478 0 0.005
0.76 0.562 0 0.005
0.76 0.765 0 0.005
0.761 0.923 0 0.005
0.762 0.141 0 0.005
0.762 0.246 0 0.005
0.762 0.356 0 0.005
0.762 0.381 0 0.005
0.762 0.616 0 0.005
0.762 0.649 0 0.005
0.762 0.66 0 0.005
0.762 0.841 0 0.005
0.763 0.129 0 0.005
0.763 0.75 0 0.005
0.764 0.539 0 0.005
0.764 0.574 0 0.005
0.764 0.78 0 0.005
0.764 0.899 0 0.005
0.765 0.118 0 0.005
0.765 0.44 0 0.005
0.766 0.459 0 0.005
0.766 0.517 0 0.005
0.767 0.0017435897435897436 0 0.005
0.768 0.025 0 0.005
0.768 0.198 0 0.005
0.768 0.236 0 0.005
0.768 0.427 0 0.005
0.768 0.634 0 0.005
0.769 0.172 0 0.005
0.769 0.492 0 0.005
0.769 0.69 0 0.005
0.769 0.808 0 0.005
0.769 0.988 0 0.005
0.77 0.053 0 0.005
0.77 0.095 0 0.005
0.77 0.477 0 0.005
0.77 0.887 0 0.005
0.771 0.038 0 0.005
0.771 0.286 0 0.005
0.771 0.734 0 0.005
0.772 0.297 0 0.005
0.772 0.417 0 0.005
0.772 0.581 0 0.005
0.772 0.606 0 0.005
0.772 0.972 0 0.005
0.773 0.666 0 0.005
0.773 0.702 0 0.005
0.774 0.365 0 0.005
0.774 0.848 0 0.005
0.774 0.961 0 0.005
0.775 0.265 0 0.005
0.776 0.339 0 0.005
0.776 0.8 0 0.005
0.776 0.872 0 0.005
0.777 0.382 0 0.005
0.777 0.761 0 0.005
0.777 0.784 0 0.005
0.778 0.161 0 0.005
0.779 0.021 0 0.005
0.779 0.573 0 0.005
0.78 0.061 0 0.005
0.78 0.483 0 0.005
0.78 0.527 0 0.005
0.78 0.557 0 0.005
0.781 0.254 0 0.005
0.781 0.437 0 0.005
0.781 0.65 0 0.005
0.782 0.285 0 0.005
0.782 0.772 0 0.005
0.783 0.966 0 0.005
0.784 0.331 0 0.005
0.784 0.35 0 0.005
0.784 0.702 0 0.005
0.784 0.987 0 0.005
0.785 0.185 0 0.005
0.785 0.206 0 0.005
0.785 0.819 0 0.005
0.786 0.404 0 0.005
0.786 0.719 0 0.005
0.787 0.168 0 0.005
0.787 0.692 0 0.005
0.787 0.916 0 0.005
0.788 0.04 0 0.005
0.788 0.123 0 0.005
0.788 0.24 0 0.005
0.788 0.859 0 0.005
0.789 0.102 0 0.005
0.789 0.452 0 0.005
0.789 0.542 0 0.005
0.789 0.608 0 0.005
0.79 0.377 0 0.005
0.79 0.472 0 0.005
0.79 0.503 0 0.005
0.79 0.68 0 0.005
0.79 0.839 0 0.005
0.791 0.63 0 0.005
0.791 0.662 0 0.005
0.791 0.878 0 0.005
0.792 0.075 0 0.005
0.792 0.895 0 0.005
0.793 0.935 0 0.005
0.791 0.999 0 0.005
0.794 0.255 0 0.005
0.794 0.732 0 0.005
0.796 0.153 0 0.005
0.796 0.178 0 0.005
0.796 0.514 0 0.005
0.796 0.965 0 0.005
0.797 0.269 0 0.005
0.797 0.799 0 0.005
0.799 0.318 0 0.005
0.8 0.225 0 0.005
0.8 0.535 0 0.005
0.801 0.067 0 0.005
0.801 0.342 0 0.005
0.801 0.405 0 0.005
0.801 0.628 0 0.005
0.802 0.009 0 0.005
0.802 0.118 0 0.005
0.802 0.474 0 0.005
0.803 0.652 0 0.005
0.803 0.857 0 0.005
0.803 0.867 0 0.005
0.803 0.918 0 0.005
0.803 0.957 0 0.005
0.804 0.421 0 0.005
0.804 0.695 0 0.005
0.805 0.083 0 0.005
0.805 0.76 0 0.005
0.806 0.167 0 0.005
0.806 0.382 0 0.005
0.806 0.596 0 0.005
0.806 0.607 0 0.005
0.806 0.994 0 0.005
0.807 0.0017435897435897436 0 0.005
0.807 0.842 0 0.005
0.808 0.048 0 0.005
0.808 0.308 0 0.005
0.808 0.718 0 0.005
0.808 0.887 0 0.005
0.809 0.515 0 0.005
0.809 0.527 0 0.005
0.809 0.663 0 0.005
0.81 0.179 0 0.005
0.81 0.248 0 0.005
0.81 0.975 0 0.005
0.811 0.74 0 0.005
0.812 0.449 0 0.005
0.813 0.223 0 0.005
0.813 0.278 0 0.005
0.813 0.351 0 0.005
0.813 0.405 0 0.005
0.813 0.501 0 0.005
0.813 0.682 0 0.005
0.813 0.855 0 0.005
0.814 0.117 0 0.005
0.815 0.552 0 0.005
0.815 0.775 0 0.005
0.815 0.82 0 0.005
0.815 0.921 0 0.005
0.815 0.961 0 0.005
0.816 0.088 0 0.005
0.816 0.193 0 0.005
0.816 0.338 0 0.005
0.816 0.582 0 0.005
0.816 0.647 0 0.005
0.816 0.879 0 0.005
0.817 0.036 0 0.005
0.817 0.054 0 0.005
0.817 0.152 0 0.005
0.817 0.415 0 0.005
0.819 0.0012666666666666666 0 0.005
0.819 0.074 0 0.005
0.819 0.107 0 0.005
0.819 0.211 0 0.005
0.819 0.715 0 0.005
0.82 0.174 0 0.005
0.82 0.266 0 0.005
0.82 0.907 0 0.005
0.821 0.014 0 0.005
0.822 0.025 0 0.005
0.822 0.443 0 0.005
0.822 0.492 0 0.005
0.822 0.515 0 0.005
0.822 0.534 0 0.005
0.823 0.482 0 0.005
0.823 0.605 0 0.005
0.824 0.227 0 0.005
0.824 0.296 0 0.005
0.824 0.562 0 0.005
0.824 0.828 0 0.005
0.825 0.042 0 0.005
0.825 0.185 0 0.005
0.825 0.587 0 0.005
0.826 0.405 0 0.005
0.826 0.421 0 0.005
0.826 0.776 0 0.005
0.826 0.803 0 0.005
0.826 0.957 0 0.005
0.827 0.094 0 0.005
0.827 0.117 0 0.005
0.827 0.158 0 0.005
0.827 0.34 0 0.005
0.827 0.378 0 0.005
0.827 0.624 0 0.005
0.827 0.683 0 0.005
0.827 0.991 0 0.005
0.828 0.359 0 0.005
0.828 0.967 0 0.005
0.828 0.979 0 0.005
0.829 0.455 0 0.005
0.829 0.648 0 0.005
0.829 0.766 0 0.005
0.83 0.0022291666666666666 0 0.005
0.83 0.432 0 0.005
0.831 0.052 0 0.005
0.831 0.203 0 0.005
0.832 0.139 0 0.005
0.832 0.725 0 0.005
0.833 0.176 0 0.005
0.833 0.258 0 0.005
0.833 0.308 0 0.005
0.833 0.746 0 0.005
0.834 0.318 0 0.005
0.834 0.661 0 0.005
0.834 0.705 0 0.005
0.834 0.811 0 0.005
0.834 0.855 0 0.005
0.835 0.349 0 0.005
0.836 0.273 0 0.005
0.836 0.334 0 0.005
0.836 0.757 0 0.005
0.836 0.821 0 0.005
0.836 0.875 0 0.005
0.837 0.676 0 0.005
0.838 0.073 0 0.005
0.838 0.189 0 0.005
0.838 0.444 0 0.005
0.838 0.626 0 0.005
0.84 0.408 0 0.005
0.84 0.469 0 0.005
0.84 0.558 0 0.005
0.84 0.638 0 0.005
0.84 0.653 0 0.005
0.84 0.934 0 0.005
0.841 0.118 0 0.005
0.841 0.29 0 0.005
0.841 0.596 0 0.005
0.841 0.958 0 0.005
0.842 0.021 0 0.005
0.842 0.8 0 0.005
0.844 0.085 0 0.005
0.844 0.095 0 0.005
0.844 0.23 0 0.005
0.844 0.242 0 0.005
0.844 0.847 0 0.005
0.844 0.919 0 0.005
0.845 0.544 0 0.005
0.846 0.311 0 0.005
0.846 0.58 0 0.005
0.847 0.196 0 0.005
0.847 0.423 0 0.005
0.847 0.837 0 0.005
0.847 0.888 0 0.005
0.848 0.039 0 0.005
0.848 0.747 0 0.005
0.849 0.395 0 0.005
0.85 0.056 0 0.005
0.85 0.878 0 0.005
0.851 0.004 0 0.005
0.851 0.118 0 0.005
0.851 0.156 0 0.005
0.851 0.375 0 0.005
0.851 0.456 0 0.005
0.851 0.704 0 0.005
0.851 0.986 0 0.005
0.852 0.296 0 0.005
0.852 0.323 0 0.005
0.852 0.336 0 0.005
0.852 0.471 0 0.005
0.853 0.171 0 0.005
0.853 0.281 0 0.005
0.853 0.773 0 0.005
0.854 0.348 0 0.005
0.854 0.685 0 0.005
0.855 0.223 0 0.005
0.855 0.409 0 0.005
0.855 0.51 0 0.005
0.855 0.528 0 0.005
0.855 0.621 0 0.005
0.856 0.498 0 0.005
0.856 0.657 0 0.005
0.856 0.97 0 0.005
0.857 0.55 0 0.005
0.857 0.72 0 0.005
0.857 0.731 0 0.005
0.858 0.788 0 0.005
0.858 0.905 0 0.005
0.859 0.144 0 0.005
0.859 0.19 0 0.005
0.859 0.593 0 0.005
0.861 0.429 0 0.005
0.861 0.455 0 0.005
0.861 0.979 0 0.005
0.861 0.993 0 0.005
0.862 0.032 0 0.005
0.862 0.308 0 0.005
0.863 0.816 0 0.005
0.864 0.37 0 0.005
0.864 0.873 0 0.005
0.865 0.006 0 0.005
0.865 0.065 0 0.005
0.865 0.075 0 0.005
0.865 0.668 0 0.005
0.866 0.958 0 0.005
0.867 0.632 0 0.005
0.867 0.931 0 0.005
0.867 0.944 0 0.005
0.868 0.33 0 0.005
0.869 0.579 0 0.005
0.869 0.808 0 0.005
0.869 0.849 0 0.005
0.87 0.397 0 0.005
0.87 0.642 0 0.005
0.87 0.788 0 0.005
0.871 0.021 0 0.005
0.871 0.184 0 0.005
0.871 0.496 0 0.005
0.872 0.413 0 0.005
0.872 0.532 0 0.005
0.873 0.317 0 0.005
0.873 0.863 0 0.005
0.874 0.126 0 0.005
0.874 0.485 0 0.005
0.876 0.734 0 0.005
0.876 0.959 0 0.005
0.877 0.114 0 0.005
0.877 0.234 0 0.005
0.877 0.46 0 0.005
0.878 0.148 0 0.005
0.878 0.372 0 0.005
0.878 0.649 0 0.005
0.878 0.684 0 0.005
0.879 0.073 0 0.005
0.879 0.298 0 0.005
0.879 0.627 0 0.005
0.879 0.923 0 0.005
0.88 0.011 0 0.005
0.88 0.336 0 0.005
0.88 0.639 0 0.005
0.88 0.749 0 0.005
0.88 0.905 0 0.005
0.882 0.492 0 0.005
0.882 0.554 0 0.005
0.883 0.0017435897435897436 0 0.005
0.883 0.248 0 0.005
0.883 0.984 0 0.005
0.884 0.533 0 0.005
0.884 0.669 0 0.005
0.885 0.177 0 0.005
0.885 0.261 0 0.005
0.885 0.599 0 0.005
0.885 0.785 0 0.005
0.886 0.026 0 0.005
0.887 0.381 0 0.005
0.887 0.504 0 0.005
0.887 0.568 0 0.005
0.887 0.846 0 0.005
0.887 0.887 0 0.005
0.888 0.474 0 0.005
0.888 0.97 0 0.005
0.889 0.167 0 0.005
0.89 0.055 0 0.005
0.89 0.108 0 0.005
0.89 0.218 0 0.005
0.89 0.283 0 0.005
0.89 0.391 0 0.005
0.89 0.651 0 0.005
0.89 0.681 0 0.005
0.89 0.875 0 0.005
0.891 0.229 0 0.005
0.891 0.328 0 0.005
0.891 0.418 0 0.005
0.891 0.922 0 0.005
0.892 0.087 0 0.005
0.893 0.301 0 0.005
0.893 0.525 0 0.005
0.893 0.624 0 0.005
0.893 0.772 0 0.005
0.893 0.799 0 0.005
0.893 0.819 0 0.005
0.894 0.042 0 0.005
0.894 0.193 0 0.005
0.895 0.731 0 0.005
0.896 0.714 0 0.005
0.898 0.482 0 0.005
0.898 0.744 0 0.005
0.898 0.987 0 0.005
0.899 0.459 0 0.005
0.899 0.693 0 0.005
0.9 0.019 0 0.005
0.9 0.497 0 0.005
0.9 0.937 0 0.005
0.901 0.056 0 0.005
0.901 0.217 0 0.005
0.902 0.545 0 0.005
0.902 0.951 0 0.005
0.903 0.0017435897435897436 0 0.005
0.903 0.28 0 0.005
0.903 0.625 0 0.005
0.903 0.762 0 0.005
0.904 0.32 0 0.005
0.904 0.511 0 0.005
0.904 0.585 0 0.005
0.904 0.823 0 0.005
0.905 0.038 0 0.005
0.905 0.173 0 0.005
0.905 0.563 0 0.005
0.905 0.643 0 0.005
0.905 0.796 0 0.005
0.906 0.105 0 0.005
0.906 0.903 0 0.005
0.907 0.429 0 0.005
0.907 0.449 0 0.005
0.908 0.7 0 0.005
0.908 0.712 0 0.005
0.908 0.736 0 0.005
0.908 0.877 0 0.005
0.908 0.971 0 0.005
0.909 0.067 0 0.005
0.909 0.913 0 0.005
0.91 0.296 0 0.005
0.91 0.686 0 0.005
0.911 0.125 0 0.005
0.911 0.237 0 0.005
0.911 0.96 0 0.005
0.913 0.262 0 0.005
0.913 0.274 0 0.005
0.913 0.368 0 0.005
0.913 0.839 0 0.005
0.913 0.993 0 0.005
0.914 0.096 0 0.005
0.914 0.392 0 0.005
0.914 0.543 0 0.005
0.914 0.89 0 0.005
0.915 0.492 0 0.005
0.915 0.502 0 0.005
0.916 0.287 0 0.005
0.916 0.526 0 0.005
0.916 0.627 0 0.005
0.916 0.762 0 0.005
0.917 0.202 0 0.005
0.917 0.224 0 0.005
0.917 0.942 0 0.005
0.918 0.027 0 0.005
0.918 0.874 0 0.005
0.919 0.151 0 0.005
0.919 0.68 0 0.005
0.919 0.823 0 0.005
0.919 0.905 0 0.005
0.919 0.974 0 0.005
0.919 0.985 0 0.005
0.92 0.016 0 0.005
0.92 0.466 0 0.005
0.92 0.594 0 0.005
0.921 0.514 0 0.005
0.921 0.644 0 0.005
0.921 0.78 0 0.005
0.922 0.006 0 0.005
0.922 0.119 0 0.005
0.922 0.324 0 0.005
0.922 0.701 0 0.005
0.922 0.801 0 0.005
0.923 0.19 0 0.005
0.924 0.269 0 0.005
0.924 0.31 0 0.005
0.924 0.612 0 0.005
0.925 0.035 0 0.005
0.925 0.295 0 0.005
0.925 0.575 0 0.005
0.925 0.865 0 0.005
0.926 0.071 0 0.005
0.926 0.955 0 0.005
0.927 0.345 0 0.005
0.927 0.928 0 0.005
0.928 0.828 0 0.005
0.928 0.895 0 0.005
0.929 0.157 0 0.005
0.929 0.534 0 0.005
0.929 0.546 0 0.005
0.93 0.334 0 0.005
0.931 0.046 0 0.005
0.931 0.223 0 0.005
0.931 0.375 0 0.005
0.931 0.492 0 0.005
0.931 0.69 0 0.005
0.932 0.08 0 0.005
0.932 0.121 0 0.005
0.932 0.413 0 0.005
0.933 0.199 0 0.005
0.933 0.234 0 0.005
0.934 0.064 0 0.005
0.934 0.556 0 0.005
0.934 0.667 0 0.005
0.934 0.855 0 0.005
0.935 0.293 0 0.005
0.935 0.518 0 0.005
0.935 0.763 0 0.005
0.935 0.786 0 0.005
0.936 0.0017435897435897436 0 0.005
0.936 0.186 0 0.005
0.936 0.259 0 0.005
0.936 0.456 0 0.005
0.936 0.705 0 0.005
0.937 0.62 0 0.005
0.937 0.647 0 0.005
0.937 0.955 0 0.005
0.938 0.427 0 0.005
0.938 0.584 0 0.005
0.938 0.925 0 0.005
0.938 0.9981904761904762 0 0.005
0.939 0.321 0 0.005
0.939 0.391 0 0.005
0.939 0.902 0 0.005
0.94 0.801 0 0.005
0.941 0.047 0 0.005
0.941 0.101 0 0.005
0.942 0.869 0 0.005
0.943 0.213 0 0.005
0.944 0.247 0 0.005
0.944 0.483 0 0.005
0.944 0.756 0 0.005
0.944 0.976 0 0.005
0.945 0.015 0 0.005
0.945 0.032 0 0.005
0.946 0.167 0 0.005
0.946 0.597 0 0.005
0.946 0.724 0 0.005
0.947 0.19 0 0.005
0.947 0.443 0 0.005
0.947 0.654 0 0.005
0.947 0.963 0 0.005
0.948 0.496 0 0.005
0.949 0.138 0 0.005
0.949 0.521 0 0.005
0.949 0.712 0 0.005
0.949 0.953 0 0.005
0.949 0.988 0 0.005
0.95 0.279 0 0.005
0.951 0.346 0 0.005
0.951 0.548 0 0.005
0.952 0.0012666666666666666 0 0.005
0.952 0.072 0 0.005
0.952 0.867 0 0.005
0.953 0.415 0 0.005
0.953 0.839 0 0.005
0.954 0.368 0 0.005
0.954 0.824 0 0.005
0.956 0.787 0 0.005
0.957 0.056 0 0.005
0.957 0.203 0 0.005
0.957 0.9981904761904762 0 0.005
0.958 0.092 0 0.005
0.958 0.513 0 0.005
0.959 0.126 0 0.005
0.959 0.587 0 0.005
0.959 0.652 0 0.005
0.959 0.729 0 0.005
0.959 0.896 0 0.005
0.96 0.352 0 0.005
0.96 0.379 0 0.005
0.961 0.106 0 0.005
0.961 0.26 0 0.005
0.961 0.564 0 0.005
0.961 0.861 0 0.005
0.962 0.0012666666666666666 0 0.005
0.962 0.012 0 0.005
0.962 0.215 0 0.005
0.962 0.918 0 0.005
0.962 0.964 0 0.005
0.962 0.976 0 0.005
0.963 0.07 0 0.005
0.963 0.739 0 0.005
0.964 0.167 0 0.005
0.964 0.619 0 0.005
0.964 0.779 0 0.005
0.964 0.987 0 0.005
0.966 0.247 0 0.005
0.966 0.769 0 0.005
0.967 0.149 0 0.005
0.967 0.463 0 0.005
0.967 0.543 0 0.005
0.967 0.844 0 0.005
0.968 0.53 0 0.005
0.968 0.834 0 0.005
0.969 0.192 0 0.005
0.969 0.585 0 0.005
0.97 0.032 0 0.005
0.97 0.159 0 0.005
0.97 0.182 0 0.005
0.97 0.315 0 0.005
0.97 0.42 0 0.005
0.971 0.126 0 0.005
0.971 0.41 0 0.005
0.971 0.486 0 0.005
0.971 0.651 0 0.005
0.972 0.051 0 0.005
0.972 0.26 0 0.005
0.972 0.661 0 0.005
0.972 0.867 0 0.005
0.972 0.888 0 0.005
0.973 0.141 0 0.005
0.973 0.351 0 0.005
0.973 0.441 0 0.005
0.973 0.703 0 0.005
0.975 0.735 0 0.005
0.975 0.762 0 0.005
0.976 0.018 0 0.005
0.976 0.571 0 0.005
0.976 0.601 0 0.005
0.978 0.15 0 0.005
0.978 0.504 0 0.005
0.978 0.859 0 0.005
0.978 0.966 0 0.005
0.978 0.989 0 0.005
0.979 0.303 0 0.005
0.98 0.072 0 0.005
0.98 0.176 0 0.005
0.98 0.464 0 0.005
0.98 0.633 0 0.005
0.981 0.357 0 0.005
0.981 0.552 0 0.005
0.981 0.676 0 0.005
0.982 0.058 0 0.005
0.982 0.09 0 0.005
0.982 0.428 0 0.005
0.983 0.62 0 0.005
0.983 0.712 0 0.005
0.984 0.138 0 0.005
0.984 0.487 0 0.005
0.984 0.592 0 0.005
0.984 0.666 0 0.005
0.984 0.849 0 0.005
0.984 0.889 0 0.005
0.984 0.94 0 0.005
0.985 0.238 0 0.005
0.985 0.374 0 0.005
0.985 0.452 0 0.005
0.985 0.686 0 0.005
0.986 0.566 0 0.005
0.986 0.722 0 0.005
0.986 0.921 0 0.005
0.987 0.16 0 0.005
0.987 0.292 0 0.005
0.987 0.642 0 0.005
0.988 0.033 0 0.005
0.988 0.098 0 0.005
0.988 0.262 0 0.005
0.989 0.194 0 0.005
0.989 0.344 0 0.005
0.99 0.408 0 0.005
0.99 0.528 0 0.005
0.992 0.112 0 0.005
0.992 0.146 0 0.005
0.992 0.477 0 0.005
0.992 0.912 0 0.005
0.992 0.93 0 0.005
0.99 0.999 0 0.005
0.993 0.33 0 0.005
0.993 0.808 0 0.005
0.994 0.024 0 0.005
0.994 0.506 0 0.005
0.995 0.493 0 0.005
0.995 0.761 0 0.005
0.995 0.879 0 0.005
0.9956875 0.308 0 0.005
0.9956875 0.708 0 0.005
0.996280701754386 0.629 0 0.005
0.996280701754386 0.958 0 0.005
0.9967708333333334 0.29 0 0.005
0.9967708333333334 0.583 0 0.005
0.9967708333333334 0.665 0 0.005
0.9972564102564103 0.719 0 0.005
0.9977333333333334 0.129 0 0.005
0.9977333333333334 0.222 0 0.005
0.9977333333333334 0.244 0 0.005
0.9977333333333334 0.435 0 0.005
0.9977333333333334 0.558 0 0.005
0.9981904761904762 0.105 0 0.005
0.9981904761904762 0.352 0 0.005
0.9981904761904762 0.785 0 0.005
0.9981904761904762 0.853 0 0.005
0.9985833333333334 0.34 0 0.005
0.9985833333333334 0.413 0 0.005
0.9985833333333334 0.461 0 0.005
0.9985833333333334 0.677 0 0.005
0.9985833333333334 0.745 0 0.005
0.9985833333333334 0.821 0 0.005
0.9985833333333334 0.914 0 0.005
