0.0022833333333333334 0.092 0 0.005
0.005 0.247 0 0.005
0.003763440860215054 0.781 0 0.005
0.006 0.913 0 0.005
0.007 0.176 0 0.005
0.01 0.161 0 0.005
0.01 0.321 0 0.005
0.011 0.71 0 0.005
0.014 0.309 0 0.005
0.014 0.579 0 0.005
0.014 0.958 0 0.005
0.018 0.878 0 0.005
0.023 0.15 0 0.005
0.023 0.432 0 0.005
0.024 0.466 0 0.005
0.027 0.016 0 0.005
0.031 0.742 0 0.005
0.035 0.885 0 0.005
0.035 0.923 0 0.005
0.044 0.239 0 0.005
0.045 0.003268292682926829 0 0.005
0.047 0.183 0 0.005
0.048 0.848 0 0.005
0.05 0.165 0 0.005
0.053 0.922 0 0.005
0.06 0.334 0 0.005
0.068 0.712 0 0.005
0.068 0.949 0 0.005
0.071 0.586 0 0.005
0.072 0.837 0 0.005
0.079 0.82 0 0.005
0.08 0.326 0 0.005
0.084 0.434 0 0.005
0.086 0.525 0 0.005
0.086 0.739 0 0.005
0.087 0.72 0 0.005
0.089 0.371 0 0.005
0.1 0.879 0 0.005
0.105 0.949 0 0.005
0.107 0.581 0 0.005
0.111 0.098 0 0.005
0.111 0.718 0 0.005
0.116 0.063 0 0.005
0.118 0.835 0 0.005
0.12 0.368 0 0.005
0.121 0.426 0 0.005
0.123 0.29 0 0.005
0.123 0.925 0 0.005
0.126 0.792 0 0.005
0.131 0.262 0 0.005
0.133 0.975 0 0.005
0.136 0.868 0 0.005
0.142 0.063 0 0.005
0.142 0.116 0 0.005
0.152 0.902 0 0.005
0.154 0.587 0 0.005
0.154 0.703 0 0.005
0.155 0.214 0 0.005
0.159 0.753 0 0.005
0.161 0.733 0 0.005
0.162 0.397 0 0.005
0.169 0.365 0 0.005
0.17 0.632 0 0.005
0.172 0.156 0 0.005
0.174 0.948 0 0.005
0.175 0.62 0 0.005
0.178 0.54 0 0.005
0.179 0.017 0 0.005
0.183 0.039 0 0.005
0.185 0.12 0 0.005
0.187 0.077 0 0.005
0.187 0.807 0 0.005
0.189 0.648 0 0.005
0.191 0.733 0 0.005
0.196 0.501 0 0.005
0.199 0.743 0 0.005
0.202 0.892 0 0.005
0.203 0.245 0 0.005
0.21 0.983 0 0.005
0.212 0.093 0 0.005
0.213 0.288 0 0.005
0.218 0.566 0 0.005
0.221 0.791 0 0.005
0.222 0.014 0 0.005
0.222 0.078 0 0.005
0.234 0.0022833333333333334 0 0.005
0.235 0.962 0 0.005
0.236 0.175 0 0.005
0.238 0.895 0 0.005
0.238 0.917 0 0.005
0.239 0.358 0 0.005
0.239 0.769 0 0.005
0.241 0.445 0 0.005
0.245 0.809 0 0.005
0.246 0.485 0 0.005
0.247 0.93 0 0.005
0.247 0.957 0 0.005
0.251 0.075 0 0.005
0.252 0.266 0 0.005
0.252 0.511 0 0.005
0.258 0.454 0 0.005
0.259 0.554 0 0.005
0.261 0.015 0 0.005
0.261 0.658 0 0.005
0.273 0.464 0 0.005
0.276 0.595 0 0.005
0.278 0.049 0 0.005
0.281 0.838 0 0.005
0.286 0.028 0 0.005
0.287 0.659 0 0.005
0.288 0.986 0 0.005
0.294 0.175 0 0.005
0.295 0.278 0 0.005
0.296 0.585 0 0.005
0.308 0.807 0 0.005
0.31 0.185 0 0.005
0.31 0.335 0 0.005
0.314 0.417 0 0.005
0.314 0.954 0 0.005
0.319 0.231 0 0.005
0.319 0.284 0 0.005
0.324 0.486 0 0.005
0.329 0.617 0 0.005
0.332 0.847 0 0.005
0.334 0.513 0 0.005
0.334 0.8 0 0.005
0.342 0.373 0 0.005
0.3495 0.599 0 0.005
0.346 0.307 0 0.005
0.349 0.052 0 0.005
0.351 0.502 0 0.005
0.352 0.187 0 0.005
0.356 0.409 0 0.005
0.356 0.786 0 0.005
0.365 0.99 0 0.005
0.369 0.414 0 0.005
0.371 0.138 0 0.005
0.371 0.949 0 0.005
0.374 0.387 0 0.005
0.383 0.781 0 0.005
0.384 0.888 0 0.005
0.387 0.825 0 0.005
0.392 0.14 0 0.005
0.392 0.399 0 0.005
0.394 0.579 0 0.005
0.396 0.754 0 0.005
0.397 0.916 0 0.005
0.4 0.522 0 0.005
0.404 0.287 0 0.005
0.404 0.539 0 0.005
0.405 0.137 0 0.005
0.407 0.225 0 0.005
0.409 0.631 0 0.005
0.41 0.02 0 0.005
0.412 0.807 0 0.005
0.413 0.242 0 0.005
0.415 0.653 0 0.005
0.417 0.116 0 0.005
0.422 0.9957317073170732 0 0.005
0.423 0.935 0 0.005
0.429 0.641 0 0.005
0.433 0.606 0 0.005
0.434 0.4 0 0.005
0.436 0.763 0 0.005
0.437 0.782 0 0.005
0.439 0.072 0 0.005
0.441 0.337 0 0.005
0.442 0.465 0 0.005
0.445 0.416 0 0.005
0.448 0.272 0 0.005
0.449 0.622 0 0.005
0.458 0.064 0 0.005
0.459 0.237 0 0.005
0.461 0.875 0 0.005
0.465 0.085 0 0.005
0.466 0.656 0 0.005
0.471 0.432 0 0.005
0.476 0.361 0 0.005
0.478 0.836 0 0.005
0.48 0.754 0 0.005
0.482 0.972 0 0.005
0.488 0.299 0 0.005
0.492 0.763 0 0.005
0.497 0.195 0 0.005
0.503 0.655 0 0.005
0.508 0.974 0 0.005
0.511 0.684 0 0.005
0.513 0.511 0 0.005
0.516 0.052 0 0.005
0.516 0.731 0 0.005
0.516 0.887 0 0.005
0.519 0.204 0 0.005
0.519 0.661 0 0.005
0.521 0.11 0 0.005
0.526 0.97 0 0.005
0.527 0.544 0 0.005
0.53 0.79 0 0.005
0.536 0.379 0 0.005
0.538 0.361 0 0.005
0.54 0.927 0 0.005
0.542 0.057 0 0.005
0.543 0.144 0 0.005
0.545 0.706 0 0.005
0.546 0.411 0 0.005
0.546 0.665 0 0.005
0.553 0.798 0 0.005
0.555 0.514 0 0.005
0.555 0.932 0 0.005
0.557 0.489 0 0.005
0.558 0.155 0 0.005
0.559 0.829 0 0.005
0.561 0.476 0 0.005
0.563 0.622 0 0.005
0.564 0.609 0 0.005
0.567 0.883 0 0.005
0.568 0.406 0 0.005
0.572 0.005 0 0.005
0.573 0.274 0 0.005
0.573 0.988 0 0.005
0.574 0.352 0 0.005
0.577 0.515 0 0.005
0.578 0.927 0 0.005
0.586 0.003268292682926829 0 0.005
0.591 0.589 0 0.005
0.591 0.803 0 0.005
0.592 0.35 0 0.005
0.606 0.007 0 0.005
0.606 0.313 0 0.005
0.606 0.817 0 0.005
0.615 0.726 0 0.005
0.616 0.511 0 0.005
0.617 0.683 0 0.005
0.62 0.104 0 0.005
0.631 0.482 0 0.005
0.633 0.867 0 0.005
0.64 0.564 0 0.005
0.644 0.184 0 0.005
0.645 0.892 0 0.005
0.653 0.545 0 0.005
0.654 0.757 0 0.005
0.658 0.901 0 0.005
0.662 0.603 0 0.005
0.667 0.78 0 0.005
0.67 0.746 0 0.005
0.67 0.996225352112676 0 0.005
0.672 0.042 0 0.005
0.675 0.135 0 0.005
0.681 0.846 0 0.005
0.685 0.617 0 0.005
0.685 0.801 0 0.005
0.686 0.114 0 0.005
0.687 0.905 0 0.005
0.688 0.57 0 0.005
0.691 0.148 0 0.005
0.695 0.866 0 0.005
0.707 0.239 0 0.005
0.709 0.311 0 0.005
0.71 0.206 0 0.005
0.717 0.47 0 0.005
0.72 0.365 0 0.005
0.723 0.772 0 0.005
0.725 0.554 0 0.005
0.727 0.444 0 0.005
0.73 0.9957317073170732 0 0.005
0.734 0.074 0 0.005
0.735 0.015 0 0.005
0.744 0.435 0 0.005
0.745 0.184 0 0.005
0.745 0.491 0 0.005
0.746 0.897 0 0.005
0.75 0.74 0 0.005
0.756 0.458 0 0.005
0.764 0.009 0 0.005
0.768 0.359 0 0.005
0.768 0.661 0 0.005
0.774 0.866 0 0.005
0.774 0.904 0 0.005
0.781 0.362 0 0.005
0.783 0.325 0 0.005
0.79 0.547 0 0.005
0.793 0.093 0 0.005
0.793 0.807 0 0.005
0.8 0.152 0 0.005
0.808 0.524 0 0.005
0.809 0.508 0 0.005
0.812 0.729 0 0.005
0.818 0.127 0 0.005
0.819 0.59 0 0.005
0.824 0.636 0 0.005
0.828 0.106 0 0.005
0.828 0.339 0 0.005
0.828 0.511 0 0.005
0.834 0.321 0 0.005
0.84 0.154 0 0.005
0.842 0.375 0 0.005
0.844 0.626 0 0.005
0.845 0.569 0 0.005
0.846 0.856 0 0.005
0.847 0.398 0 0.005
0.852 0.502 0 0.005
0.856 0.152 0 0.005
0.857 0.562 0 0.005
0.862 0.468 0 0.005
0.864 0.753 0 0.005
0.866 0.664 0 0.005
0.873 0.346 0 0.005
0.874 0.583 0 0.005
0.875 0.254 0 0.005
0.875 0.688 0 0.005
0.878 0.874 0 0.005
0.883 0.442 0 0.005
0.884 0.115 0 0.005
0.885 0.97 0 0.005
0.888 0.4 0 0.005
0.891 0.217 0 0.005
0.899 0.091 0 0.005
0.899 0.892 0 0.005
0.9 0.596 0 0.005
0.905 0.077 0 0.005
0.906 0.24 0 0.005
0.907 0.127 0 0.005
0.907 0.307 0 0.005
0.914 0.343 0 0.005
0.916 0.751 0 0.005
0.919 0.805 0 0.005
0.925 0.674 0 0.005
0.929 0.058 0 0.005
0.931 0.623 0 0.005
0.936 0.7 0 0.005
0.938 0.048 0 0.005
0.938 0.245 0 0.005
0.939 0.133 0 0.005
0.944 0.887 0 0.005
0.948 0.205 0 0.005
0.948 0.523 0 0.005
0.95 0.368 0 0.005
0.958 0.925 0 0.005
0.961 0.32 0 0.005
0.961 0.799 0 0.005
0.968 0.335 0 0.005
0.969 0.434 0 0.005
0.972 0.921 0 0.005
0.974 0.147 0 0.005
0.975 0.035 0 0.005
0.976 0.622 0 0.005
0.976 0.769 0 0.005
0.981 0.212 0 0.005
0.983 0.136 0 0.005
0.985 0.579 0 0.005
0.986 0.943 0 0.005
0.988 0.811 0 0.005
0.988 0.924 0 0.005
0.994 0.643 0 0.005
