0.0 0.0015 0 0.005
0.0022291666666666666 0.051 0 0.005
0.0022291666666666666 0.148 0 0.005
0.0 0.169 0 0.005
0.004 0.278 0 0.005
0.0008095238095238096 0.315 0 0.005
0.0012666666666666666 0.365 0 0.005
0.0 0.393 0 0.005
0.0 0.486 0 0.005
0.0022291666666666666 0.53 0 0.005
0.0022291666666666666 0.547 0 0.005
0.0017435897435897436 0.558 0 0.005
0.0 0.608 0 0.005
0.0004166666666666667 0.662 0 0.005
0.0012666666666666666 0.707 0 0.005
0.0022291666666666666 0.728 0 0.005
0.0004166666666666667 0.743 0 0.005
0.0004166666666666667 0.764 0 0.005
0.0004166666666666667 0.786 0 0.005
0.0017435897435897436 0.82 0 0.005
0.0017435897435897436 0.911 0 0.005
0.0008095238095238096 0.969 0 0.005
0.005 0.015 0 0.005
0.005 0.185 0 0.005
0.005 0.435 0 0.005
0.005 0.896 0 0.005
0.006 0.805 0 0.005
0.006 0.884 0 0.005
0.007 0.097 0 0.005
0.007 0.134 0 0.005
0.007 0.382 0 0.005
0.007 0.642 0 0.005
0.008 0.112 0 0.005
0.008 0.598 0 0.005
0.008 0.952 0 0.005
0.009 0.298 0 0.005
0.009 0.614 0 0.005
0.01 0.488 0 0.005
0.01 0.824 0 0.005
0.01 0.837 0 0.005
0.009 0.0 0 0.005
0.011 0.334 0 0.005
0.011 0.538 0 0.005
0.011 0.552 0 0.005
0.012 0.665 0 0.005
0.012 0.85 0 0.005
0.01 0.999 0 0.005
0.013 0.026 0 0.005
0.013 0.152 0 0.005
0.013 0.751 0 0.005
0.014 0.367 0 0.005
0.015 0.254 0 0.005
0.015 0.281 0 0.005
0.015 0.863 0 0.005
0.016 0.042 0 0.005
0.016 0.411 0 0.005
0.016 0.776 0 0.005
0.016 0.988 0 0.005
0.017 0.678 0 0.005
0.018 0.064 0 0.005
0.018 0.214 0 0.005
0.019 0.185 0 0.005
0.019 0.763 0 0.005
0.019 0.812 0 0.005
0.02 0.226 0 0.005
0.02 0.653 0 0.005
0.021 0.619 0 0.005
0.021 0.741 0 0.005
0.021 0.0004166666666666667 0 0.005
0.022 0.16 0 0.005
0.022 0.272 0 0.005
0.022 0.291 0 0.005
0.023 0.077 0 0.005
0.023 0.114 0 0.005
0.023 0.31 0 0.005
0.023 0.441 0 0.005
0.023 0.696 0 0.005
0.024 0.528 0 0.005
0.024 0.579 0 0.005
0.024 0.731 0 0.005
0.024 0.88 0 0.005
0.025 0.138 0 0.005
0.025 0.461 0 0.005
0.025 0.495 0 0.005
0.025 0.842 0 0.005
0.026 0.01 0 0.005
0.026 0.754 0 0.005
0.027 0.254 0 0.005
0.027 0.609 0 0.005
0.027 0.951 0 0.005
0.027 0.981 0 0.005
0.028 0.323 0 0.005
0.028 0.992 0 0.005
0.029 0.237 0 0.005
0.029 0.354 0 0.005
0.029 0.393 0 0.005
0.029 0.765 0 0.005
0.029 0.941 0 0.005
0.03 0.043 0 0.005
0.03 0.094 0 0.005
0.03 0.169 0 0.005
0.03 0.366 0 0.005
0.03 0.717 0 0.005
0.03 0.902 0 0.005
0.031 0.3 0 0.005
0.031 0.508 0 0.005
0.031 0.868 0 0.005
0.032 0.416 0 0.005
0.032 0.794 0 0.005
0.033 0.67 0 0.005
0.033 0.85 0 0.005
0.034 0.071 0 0.005
0.034 0.68 0 0.005
0.034 0.728 0 0.005
0.034 0.919 0 0.005
0.035 0.272 0 0.005
0.035 0.892 0 0.005
0.036 0.2 0 0.005
0.036 0.286 0 0.005
0.036 0.807 0 0.005
0.036 0.957 0 0.005
0.038 0.158 0 0.005
0.038 0.582 0 0.005
0.038 0.838 0 0.005
0.039 0.546 0 0.005
0.039 0.759 0 0.005
0.039 0.786 0 0.005
0.04 0.087 0 0.005
0.04 0.126 0 0.005
0.04 0.317 0 0.005
0.04 0.391 0 0.005
0.04 0.642 0 0.005
0.04 0.861 0 0.005
0.04 0.941 0 0.005
0.041 0.38 0 0.005
0.041 0.743 0 0.005
0.041 0.828 0 0.005
0.042 0.041 0 0.005
0.042 0.224 0 0.005
0.043 0.21 0 0.005
0.043 0.353 0 0.005
0.043 0.926 0 0.005
0.044 0.064 0 0.005
0.044 0.167 0 0.005
0.044 0.627 0 0.005
0.044 0.77 0 0.005
0.045 0.023 0 0.005
0.045 0.434 0 0.005
0.045 0.504 0 0.005
0.045 0.985 0 0.005
0.046 0.184 0 0.005
0.046 0.246 0 0.005
0.046 0.413 0 0.005
0.046 0.523 0 0.005
0.046 0.816 0 0.005
0.047 0.142 0 0.005
0.047 0.85 0 0.005
0.048 0.333 0 0.005
0.048 0.566 0 0.005
0.048 0.797 0 0.005
0.049 0.2 0 0.005
0.049 0.344 0 0.005
0.049 0.453 0 0.005
0.049 0.669 0 0.005
0.049 0.89 0 0.005
0.049 0.915 0 0.005
0.05 0.368 0 0.005
0.051 0.537 0 0.005
0.051 0.638 0 0.005
0.051 0.872 0 0.005
0.052 0.496 0 0.005
0.053 0.127 0 0.005
0.053 0.427 0 0.005
0.053 0.606 0 0.005
0.053 0.682 0 0.005
0.053 0.756 0 0.005
0.053 0.0004166666666666667 0 0.005
0.054 0.153 0 0.005
0.052 0.999 0 0.005
0.055 0.231 0 0.005
0.055 0.467 0 0.005
0.055 0.704 0 0.005
0.055 0.785 0 0.005
0.056 0.104 0 0.005
0.056 0.291 0 0.005
0.056 0.931 0 0.005
0.057 0.48 0 0.005
0.057 0.525 0 0.005
0.057 0.845 0 0.005
0.057 0.944 0 0.005
0.058 0.018 0 0.005
0.058 0.067 0 0.005
0.058 0.362 0 0.005
0.058 0.382 0 0.005
0.059 0.596 0 0.005
0.059 0.855 0 0.005
0.061 0.167 0 0.005
0.061 0.447 0 0.005
0.061 0.748 0 0.005
0.061 0.833 0 0.005
0.062 0.095 0 0.005
0.062 0.187 0 0.005
0.062 0.92 0 0.005
0.063 0.337 0 0.005
0.065 0.533 0 0.005
0.065 0.544 0 0.005
0.065 0.758 0 0.005
0.066 0.415 0 0.005
0.066 0.769 0 0.005
0.067 0.215 0 0.005
0.068 0.037 0 0.005
0.068 0.146 0 0.005
0.068 0.433 0 0.005
0.068 0.58 0 0.005
0.068 0.646 0 0.005
0.069 0.009 0 0.005
0.069 0.118 0 0.005
0.069 0.516 0 0.005
0.07 0.088 0 0.005
0.07 0.656 0 0.005
0.071 0.279 0 0.005
0.073 0.027 0 0.005
0.073 0.105 0 0.005
0.073 0.294 0 0.005
0.073 0.395 0 0.005
0.073 0.724 0 0.005
0.074 0.479 0 0.005
0.074 0.697 0 0.005
0.074 0.902 0 0.005
0.075 0.073 0 0.005
0.076 0.372 0 0.005
0.076 0.734 0 0.005
0.076 0.936 0 0.005
0.077 0.467 0 0.005
0.077 0.606 0 0.005
0.077 0.679 0 0.005
0.077 0.762 0 0.005
0.078 0.21 0 0.005
0.078 0.349 0 0.005
0.078 0.425 0 0.005
0.078 0.78 0 0.005
0.079 0.154 0 0.005
0.079 0.435 0 0.005
0.079 0.875 0 0.005
0.08 0.082 0 0.005
0.081 0.006 0 0.005
0.081 0.057 0 0.005
0.081 0.747 0 0.005
0.082 0.285 0 0.005
0.083 0.269 0 0.005
0.083 0.506 0 0.005
0.084 0.045 0 0.005
0.084 0.179 0 0.005
0.084 0.225 0 0.005
0.084 0.244 0 0.005
0.084 0.558 0 0.005
0.085 0.951 0 0.005
0.086 0.518 0 0.005
0.086 0.596 0 0.005
0.086 0.728 0 0.005
0.087 0.34 0 0.005
0.087 0.453 0 0.005
0.087 0.54 0 0.005
0.087 0.845 0 0.005
0.088 0.196 0 0.005
0.088 0.53 0 0.005
0.088 0.685 0 0.005
0.088 0.702 0 0.005
0.088 0.832 0 0.005
0.089 0.432 0 0.005
0.09 0.261 0 0.005
0.09 0.714 0 0.005
0.09 0.894 0 0.005
0.09 0.987 0 0.005
0.091 0.022 0 0.005
0.091 0.47 0 0.005
0.092 0.007 0 0.005
0.092 0.651 0 0.005
0.093 0.13 0 0.005
0.093 0.408 0 0.005
0.094 0.996280701754386 0 0.005
0.095 0.349 0 0.005
0.095 0.447 0 0.005
0.095 0.869 0 0.005
0.096 0.224 0 0.005
0.096 0.556 0 0.005
0.097 0.073 0 0.005
0.097 0.25 0 0.005
0.097 0.855 0 0.005
0.098 0.581 0 0.005
0.098 0.805 0 0.005
0.099 0.147 0 0.005
0.099 0.365 0 0.005
0.099 0.502 0 0.005
0.099 0.526 0 0.005
0.1 0.171 0 0.005
0.101 0.88 0 0.005
0.101 0.912 0 0.005
0.101 0.977 0 0.005
0.102 0.273 0 0.005
0.102 0.339 0 0.005
0.102 0.388 0 0.005
0.102 0.944 0 0.005
0.102 0.961 0 0.005
0.103 0.181 0 0.005
0.103 0.491 0 0.005
0.103 0.737 0 0.005
0.103 0.844 0 0.005
0.104 0.422 0 0.005
0.104 0.432 0 0.005
0.104 0.54 0 0.005
0.105 0.312 0 0.005
0.106 0.092 0 0.005
0.106 0.587 0 0.005
0.107 0.063 0 0.005
0.107 0.669 0 0.005
0.107 0.782 0 0.005
0.108 0.24 0 0.005
0.109 0.0008095238095238096 0 0.005
0.109 0.125 0 0.005
0.109 0.477 0 0.005
0.109 0.52 0 0.005
0.109 0.863 0 0.005
0.11 0.56 0 0.005
0.11 0.805 0 0.005
0.111 0.034 0 0.005
0.111 0.344 0 0.005
0.111 0.449 0 0.005
0.112 0.332 0 0.005
0.112 0.364 0 0.005
0.113 0.595 0 0.005
0.113 0.682 0 0.005
0.113 0.853 0 0.005
0.114 0.286 0 0.005
0.114 0.65 0 0.005
0.114 0.722 0 0.005
0.115 0.195 0 0.005
0.115 0.375 0 0.005
0.115 0.624 0 0.005
0.115 0.635 0 0.005
0.115 0.758 0 0.005
0.115 0.876 0 0.005
0.115 0.888 0 0.005
0.116 0.117 0 0.005
0.117 0.392 0 0.005
0.117 0.698 0 0.005
0.117 0.708 0 0.005
0.117 0.921 0 0.005
0.119 0.254 0 0.005
0.119 0.506 0 0.005
0.119 0.957 0 0.005
0.12 0.061 0 0.005
0.12 0.144 0 0.005
0.121 0.539 0 0.005
0.121 0.982 0 0.005
0.122 0.56 0 0.005
0.122 0.57 0 0.005
0.122 0.657 0 0.005
0.122 0.993 0 0.005
0.123 0.348 0 0.005
0.124 0.222 0 0.005
0.124 0.687 0 0.005
0.125 0.086 0 0.005
0.125 0.805 0 0.005
0.127 0.127 0 0.005
0.127 0.302 0 0.005
0.127 0.892 0 0.005
0.128 0.236 0 0.005
0.128 0.326 0 0.005
0.129 0.097 0 0.005
0.129 0.479 0 0.005
0.129 0.699 0 0.005
0.13 0.061 0 0.005
0.13 0.266 0 0.005
0.13 0.833 0 0.005
0.131 0.195 0 0.005
0.131 0.407 0 0.005
0.131 0.456 0 0.005
0.131 0.55 0 0.005
0.131 0.916 0 0.005
0.132 0.523 0 0.005
0.132 0.971 0 0.005
0.133 0.504 0 0.005
0.133 0.64 0 0.005
0.133 0.719 0 0.005
0.134 0.568 0 0.005
0.134 0.858 0 0.005
0.135 0.108 0 0.005
0.137 0.12 0 0.005
0.137 0.132 0 0.005
0.137 0.757 0 0.005
0.139 0.373 0 0.005
0.139 0.673 0 0.005
0.14 0.224 0 0.005
0.14 0.33 0 0.005
0.141 0.292 0 0.005
0.141 0.355 0 0.005
0.141 0.601 0 0.005
0.141 0.656 0 0.005
0.141 0.954 0 0.005
0.142 0.011 0 0.005
0.142 0.247 0 0.005
0.142 0.982 0 0.005
0.143 0.434 0 0.005
0.143 0.829 0 0.005
0.143 0.871 0 0.005
0.144 0.462 0 0.005
0.145 0.086 0 0.005
0.145 0.34 0 0.005
0.146 0.035 0 0.005
0.146 0.061 0 0.005
0.146 0.535 0 0.005
0.146 0.901 0 0.005
0.147 0.207 0 0.005
0.147 0.688 0 0.005
0.147 0.844 0 0.005
0.147 0.9981904761904762 0 0.005
0.149 0.047 0 0.005
0.149 0.136 0 0.005
0.149 0.189 0 0.005
0.149 0.261 0 0.005
0.149 0.785 0 0.005
0.149 0.889 0 0.005
0.149 0.944 0 0.005
0.15 0.232 0 0.005
0.151 0.323 0 0.005
0.151 0.389 0 0.005
0.153 0.021 0 0.005
0.153 0.078 0 0.005
0.153 0.096 0 0.005
0.153 0.501 0 0.005
0.153 0.798 0 0.005
0.153 0.915 0 0.005
0.154 0.173 0 0.005
0.154 0.361 0 0.005
0.155 0.738 0 0.005
0.156 0.312 0 0.005
0.156 0.511 0 0.005
0.156 0.871 0 0.005
0.157 0.271 0 0.005
0.157 0.556 0 0.005
0.157 0.775 0 0.005
0.158 0.011 0 0.005
0.158 0.113 0 0.005
0.158 0.207 0 0.005
0.158 0.459 0 0.005
0.158 0.686 0 0.005
0.159 0.336 0 0.005
0.159 0.666 0 0.005
0.159 0.751 0 0.005
0.16 0.143 0 0.005
0.16 0.258 0 0.005
0.16 0.831 0 0.005
0.161 0.244 0 0.005
0.161 0.729 0 0.005
0.161 0.894 0 0.005
0.161 0.931 0 0.005
0.161 0.947 0 0.005
0.162 0.157 0 0.005
0.162 0.324 0 0.005
0.162 0.38 0 0.005
0.163 0.964 0 0.005
0.163 0.976 0 0.005
0.164 0.059 0 0.005
0.164 0.474 0 0.005
0.164 0.789 0 0.005
0.165 0.524 0 0.005
0.166 0.196 0 0.005
0.166 0.497 0 0.005
0.167 0.006 0 0.005
0.167 0.076 0 0.005
0.167 0.186 0 0.005
0.167 0.297 0 0.005
0.167 0.869 0 0.005
0.168 0.921 0 0.005
0.169 0.118 0 0.005
0.169 0.406 0 0.005
0.169 0.483 0 0.005
0.169 0.908 0 0.005
0.17 0.346 0 0.005
0.17 0.65 0 0.005
0.171 0.568 0 0.005
0.171 0.837 0 0.005
0.172 0.205 0 0.005
0.172 0.267 0 0.005
0.173 0.606 0 0.005
0.173 0.64 0 0.005
0.173 0.704 0 0.005
0.174 0.388 0 0.005
0.174 0.543 0 0.005
0.175 0.097 0 0.005
0.175 0.218 0 0.005
0.175 0.976 0 0.005
0.176 0.023 0 0.005
0.176 0.146 0 0.005
0.176 0.157 0 0.005
0.176 0.311 0 0.005
0.176 0.804 0 0.005
0.177 0.067 0 0.005
0.177 0.254 0 0.005
0.177 0.291 0 0.005
0.177 0.365 0 0.005
0.177 0.669 0 0.005
0.177 0.927 0 0.005
0.178 0.19 0 0.005
0.178 0.692 0 0.005
0.178 0.748 0 0.005
0.178 0.784 0 0.005
0.178 0.947 0 0.005
0.18 0.048 0 0.005
0.18 0.587 0 0.005
0.181 0.397 0 0.005
0.181 0.439 0 0.005
0.181 0.877 0 0.005
0.182 0.27 0 0.005
0.182 0.598 0 0.005
0.183 0.347 0 0.005
0.183 0.452 0 0.005
0.183 0.917 0 0.005
0.184 0.332 0 0.005
0.185 0.109 0 0.005
0.185 0.52 0 0.005
0.185 0.71 0 0.005
0.185 0.824 0 0.005
0.186 0.165 0 0.005
0.186 0.286 0 0.005
0.187 0.26 0 0.005
0.187 0.318 0 0.005
0.187 0.507 0 0.005
0.187 0.538 0 0.005
0.187 0.987 0 0.005
0.188 0.554 0 0.005
0.188 0.573 0 0.005
0.188 0.789 0 0.005
0.188 0.894 0 0.005
0.189 0.489 0 0.005
0.19 0.225 0 0.005
0.19 0.852 0 0.005
0.191 0.049 0 0.005
0.191 0.237 0 0.005
0.192 0.011 0 0.005
0.192 0.76 0 0.005
0.192 0.815 0 0.005
0.193 0.209 0 0.005
0.193 0.43 0 0.005
0.193 0.646 0 0.005
0.194 0.132 0 0.005
0.194 0.68 0 0.005
0.194 0.839 0 0.005
0.195 0.514 0 0.005
0.195 0.745 0 0.005
0.196 0.082 0 0.005
0.196 0.976 0 0.005
0.197 0.149 0 0.005
0.198 0.34 0 0.005
0.198 0.369 0 0.005
0.199 0.305 0 0.005
0.199 0.73 0 0.005
0.2 0.191 0 0.005
0.2 0.596 0 0.005
0.2 0.793 0 0.005
0.201 0.067 0 0.005
0.201 0.109 0 0.005
0.201 0.637 0 0.005
0.202 0.0017435897435897436 0 0.005
0.202 0.269 0 0.005
0.202 0.537 0 0.005
0.202 0.766 0 0.005
0.203 0.024 0 0.005
0.203 0.287 0 0.005
0.203 0.349 0 0.005
0.203 0.402 0 0.005
0.203 0.753 0 0.005
0.203 0.96 0 0.005
0.204 0.216 0 0.005
0.204 0.564 0 0.005
0.204 0.692 0 0.005
0.205 0.169 0 0.005
0.205 0.717 0 0.005
0.205 0.834 0 0.005
0.205 0.866 0 0.005
0.206 0.811 0 0.005
0.206 0.847 0 0.005
0.206 0.942 0 0.005
0.207 0.154 0 0.005
0.207 0.49 0 0.005
0.208 0.133 0 0.005
0.208 0.251 0 0.005
0.208 0.33 0 0.005
0.208 0.877 0 0.005
0.209 0.181 0 0.005
0.209 0.441 0 0.005
0.209 0.901 0 0.005
0.21 0.975 0 0.005
0.211 0.071 0 0.005
0.211 0.389 0 0.005
0.211 0.729 0 0.005
0.212 0.24 0 0.005
0.212 0.314 0 0.005
0.212 0.427 0 0.005
0.212 0.528 0 0.005
0.212 0.702 0 0.005
0.212 0.745 0 0.005
0.212 0.777 0 0.005
0.212 0.824 0 0.005
0.213 0.377 0 0.005
0.214 0.164 0 0.005
0.214 0.191 0 0.005
0.214 0.672 0 0.005
0.214 0.683 0 0.005
0.215 0.041 0 0.005
0.215 0.204 0 0.005
0.216 0.616 0 0.005
0.216 0.714 0 0.005
0.217 0.3 0 0.005
0.218 0.486 0 0.005
0.218 0.765 0 0.005
0.218 0.796 0 0.005
0.219 0.89 0 0.005
0.22 0.994 0 0.005
0.221 0.172 0 0.005
0.221 0.276 0 0.005
0.221 0.606 0 0.005
0.223 0.336 0 0.005
0.223 0.505 0 0.005
0.223 0.66 0 0.005
0.223 0.906 0 0.005
0.224 0.088 0 0.005
0.224 0.218 0 0.005
0.224 0.419 0 0.005
0.224 0.72 0 0.005
0.224 0.83 0 0.005
0.224 0.866 0 0.005
0.224 0.94 0 0.005
0.225 0.541 0 0.005
0.225 0.623 0 0.005
0.227 0.045 0 0.005
0.227 0.732 0 0.005
0.227 0.819 0 0.005
0.228 0.311 0 0.005
0.228 0.36 0 0.005
0.228 0.76 0 0.005
0.228 0.878 0 0.005
0.228 0.955 0 0.005
0.229 0.067 0 0.005
0.229 0.103 0 0.005
0.229 0.593 0 0.005
0.229 0.93 0 0.005
0.228 0.0 0 0.005
0.23 0.462 0 0.005
0.23 0.647 0 0.005
0.231 0.079 0 0.005
0.231 0.698 0 0.005
0.232 0.289 0 0.005
0.232 0.569 0 0.005
0.232 0.633 0 0.005
0.23 0.999 0 0.005
0.233 0.662 0 0.005
0.233 0.743 0 0.005
0.234 0.092 0 0.005
0.234 0.483 0 0.005
0.234 0.921 0 0.005
0.235 0.423 0 0.005
0.235 0.608 0 0.005
0.235 0.852 0 0.005
0.236 0.241 0 0.005
0.236 0.301 0 0.005
0.236 0.518 0 0.005
0.236 0.675 0 0.005
0.237 0.374 0 0.005
0.238 0.2 0 0.005
0.238 0.955 0 0.005
0.238 0.975 0 0.005
0.239 0.82 0 0.005
0.24 0.009 0 0.005
0.24 0.035 0 0.005
0.24 0.357 0 0.005
0.24 0.936 0 0.005
0.241 0.341 0 0.005
0.241 0.872 0 0.005
0.242 0.055 0 0.005
0.242 0.12 0 0.005
0.242 0.684 0 0.005
0.242 0.768 0 0.005
0.243 0.589 0 0.005
0.243 0.62 0 0.005
0.243 0.652 0 0.005
0.244 0.104 0 0.005
0.244 0.153 0 0.005
0.244 0.535 0 0.005
0.244 0.752 0 0.005
0.245 0.901 0 0.005
0.246 0.254 0 0.005
0.246 0.403 0 0.005
0.246 0.562 0 0.005
0.246 0.881 0 0.005
0.247 0.046 0 0.005
0.247 0.838 0 0.005
0.248 0.599 0 0.005
0.248 0.736 0 0.005
0.249 0.917 0 0.005
0.25 0.234 0 0.005
0.25 0.468 0 0.005
0.251 0.305 0 0.005
0.251 0.697 0 0.005
0.252 0.143 0 0.005
0.252 0.215 0 0.005
0.252 0.36 0 0.005
0.252 0.713 0 0.005
0.252 0.867 0 0.005
0.253 0.01 0 0.005
0.253 0.084 0 0.005
0.253 0.441 0 0.005
0.253 0.655 0 0.005
0.253 0.789 0 0.005
0.253 0.801 0 0.005
0.253 0.82 0 0.005
0.253 0.93 0 0.005
0.254 0.166 0 0.005
0.254 0.186 0 0.005
0.254 0.394 0 0.005
0.254 0.894 0 0.005
0.255 0.108 0 0.005
0.255 0.12 0 0.005
0.255 0.414 0 0.005
0.256 0.026 0 0.005
0.256 0.097 0 0.005
0.256 0.428 0 0.005
0.256 0.551 0 0.005
0.256 0.674 0 0.005
0.257 0.067 0 0.005
0.257 0.837 0 0.005
0.258 0.044 0 0.005
0.258 0.968 0 0.005
0.26 0.273 0 0.005
0.26 0.563 0 0.005
0.26 0.58 0 0.005
0.26 0.629 0 0.005
0.261 0.719 0 0.005
0.262 0.015 0 0.005
0.262 0.234 0 0.005
0.262 0.471 0 0.005
0.262 0.693 0 0.005
0.263 0.333 0 0.005
0.263 0.592 0 0.005
0.264 0.152 0 0.005
0.264 0.249 0 0.005
0.264 0.662 0 0.005
0.265 0.353 0 0.005
0.265 0.511 0 0.005
0.266 0.134 0 0.005
0.266 0.26 0 0.005
0.266 0.44 0 0.005
0.266 0.492 0 0.005
0.266 0.683 0 0.005
0.267 0.936 0 0.005
0.268 0.114 0 0.005
0.268 0.395 0 0.005
0.268 0.991 0 0.005
0.27 0.964 0 0.005
0.271 0.202 0 0.005
0.271 0.519 0 0.005
0.271 0.55 0 0.005
0.273 0.234 0 0.005
0.273 0.598 0 0.005
0.273 0.708 0 0.005
0.273 0.856 0 0.005
0.274 0.068 0 0.005
0.274 0.428 0 0.005
0.274 0.453 0 0.005
0.275 0.168 0 0.005
0.276 0.0017435897435897436 0 0.005
0.276 0.773 0 0.005
0.277 0.224 0 0.005
0.277 0.942 0 0.005
0.278 0.052 0 0.005
0.278 0.081 0 0.005
0.278 0.319 0 0.005
0.278 0.691 0 0.005
0.278 0.9981904761904762 0 0.005
0.279 0.717 0 0.005
0.28 0.03 0 0.005
0.28 0.524 0 0.005
0.281 0.157 0 0.005
0.281 0.336 0 0.005
0.282 0.562 0 0.005
0.282 0.75 0 0.005
0.282 0.797 0 0.005
0.282 0.982 0 0.005
0.283 0.126 0 0.005
0.283 0.629 0 0.005
0.283 0.808 0 0.005
0.284 0.919 0 0.005
0.285 0.6 0 0.005
0.285 0.645 0 0.005
0.286 0.326 0 0.005
0.287 0.0022291666666666666 0 0.005
0.287 0.365 0 0.005
0.287 0.539 0 0.005
0.287 0.675 0 0.005
0.287 0.818 0 0.005
0.288 0.253 0 0.005
0.288 0.281 0 0.005
0.288 0.292 0 0.005
0.288 0.851 0 0.005
0.289 0.068 0 0.005
0.289 0.21 0 0.005
0.289 0.706 0 0.005
0.289 0.783 0 0.005
0.29 0.101 0 0.005
0.29 0.235 0 0.005
0.29 0.419 0 0.005
0.29 0.478 0 0.005
0.291 0.014 0 0.005
0.291 0.658 0 0.005
0.291 0.722 0 0.005
0.291 0.873 0 0.005
0.292 0.186 0 0.005
0.292 0.51 0 0.005
0.292 0.831 0 0.005
0.293 0.153 0 0.005
0.293 0.388 0 0.005
0.293 0.686 0 0.005
0.294 0.977 0 0.005
0.295 0.916 0 0.005
0.296 0.641 0 0.005
0.296 0.667 0 0.005
0.296 0.883 0 0.005
0.297 0.56 0 0.005
0.297 0.734 0 0.005
0.297 0.942 0 0.005
0.298 0.228 0 0.005
0.298 0.261 0 0.005
0.299 0.3 0 0.005
0.299 0.608 0 0.005
0.299 0.821 0 0.005
0.299 0.865 0 0.005
0.299 0.93 0 0.005
0.3 0.243 0 0.005
0.3 0.279 0 0.005
0.3 0.49 0 0.005
0.301 0.848 0 0.005
0.302 0.019 0 0.005
0.302 0.184 0 0.005
0.302 0.348 0 0.005
0.302 0.521 0 0.005
0.302 0.716 0 0.005
0.302 0.805 0 0.005
0.303 0.205 0 0.005
0.303 0.323 0 0.005
0.303 0.427 0 0.005
0.303 0.47 0 0.005
0.304 0.167 0 0.005
0.304 0.373 0 0.005
0.304 0.589 0 0.005
0.305 0.055 0 0.005
0.305 0.359 0 0.005
0.305 0.45 0 0.005
0.305 0.572 0 0.005
0.305 0.917 0 0.005
0.306 0.068 0 0.005
0.306 0.271 0 0.005
0.306 0.499 0 0.005
0.307 0.308 0 0.005
0.307 0.697 0 0.005
0.308 0.146 0 0.005
0.308 0.23 0 0.005
0.309 0.029 0 0.005
0.31 0.333 0 0.005
0.31 0.602 0 0.005
0.31 0.783 0 0.005
0.311 0.096 0 0.005
0.311 0.126 0 0.005
0.311 0.529 0 0.005
0.311 0.58 0 0.005
0.311 0.75 0 0.005
0.312 0.709 0 0.005
0.313 0.721 0 0.005
0.313 0.763 0 0.005
0.314 0.083 0 0.005
0.314 0.402 0 0.005
0.315 0.159 0 0.005
0.315 0.379 0 0.005
0.315 0.67 0 0.005
0.316 0.191 0 0.005
0.316 0.843 0 0.005
0.317 0.441 0 0.005
0.317 0.481 0 0.005
0.317 0.65 0 0.005
0.317 0.68 0 0.005
0.317 0.957 0 0.005
0.318 0.171 0 0.005
0.318 0.232 0 0.005
0.318 0.358 0 0.005
0.319 0.074 0 0.005
0.319 0.287 0 0.005
0.319 0.504 0 0.005
0.32 0.258 0 0.005
0.32 0.515 0 0.005
0.32 0.798 0 0.005
0.32 0.867 0 0.005
0.321 0.245 0 0.005
0.321 0.306 0 0.005
0.321 0.47 0 0.005
0.321 0.904 0 0.005
0.322 0.341 0 0.005
0.323 0.206 0 0.005
0.324 0.734 0 0.005
0.322 0.999 0 0.005
0.325 0.321 0 0.005
0.325 0.58 0 0.005
0.325 0.662 0 0.005
0.325 0.988 0 0.005
0.326 0.132 0 0.005
0.326 0.422 0 0.005
0.326 0.848 0 0.005
0.327 0.096 0 0.005
0.327 0.275 0 0.005
0.327 0.482 0 0.005
0.327 0.605 0 0.005
0.327 0.704 0 0.005
0.327 0.747 0 0.005
0.327 0.826 0 0.005
0.328 0.565 0 0.005
0.328 0.72 0 0.005
0.328 0.86 0 0.005
0.328 0.931 0 0.005
0.329 0.152 0 0.005
0.329 0.214 0 0.005
0.329 0.381 0 0.005
0.329 0.913 0 0.005
0.33 0.002719298245614035 0 0.005
0.33 0.164 0 0.005
0.33 0.363 0 0.005
0.33 0.409 0 0.005
0.33 0.628 0 0.005
0.331 0.193 0 0.005
0.331 0.95 0 0.005
0.331 0.9967708333333334 0 0.005
0.332 0.048 0 0.005
0.332 0.525 0 0.005
0.333 0.087 0 0.005
0.333 0.174 0 0.005
0.333 0.255 0 0.005
0.333 0.587 0 0.005
0.334 0.032 0 0.005
0.334 0.29 0 0.005
0.334 0.68 0 0.005
0.334 0.838 0 0.005
0.334 0.98 0 0.005
0.336 0.238 0 0.005
0.336 0.735 0 0.005
0.337 0.483 0 0.005
0.337 0.666 0 0.005
0.337 0.967 0 0.005
0.338 0.8 0 0.005
0.339 0.022 0 0.005
0.339 0.45 0 0.005
0.34 0.385 0 0.005
0.34 0.551 0 0.005
0.34 0.638 0 0.005
0.34 0.699 0 0.005
0.341 0.571 0 0.005
0.341 0.773 0 0.005
0.341 0.819 0 0.005
0.341 0.861 0 0.005
0.342 0.62 0 0.005
0.342 0.717 0 0.005
0.342 0.758 0 0.005
0.343 0.101 0 0.005
0.343 0.12 0 0.005
0.343 0.178 0 0.005
0.343 0.353 0 0.005
0.344 0.25 0 0.005
0.344 0.407 0 0.005
0.344 0.53 0 0.005
0.344 0.585 0 0.005
0.344 0.851 0 0.005
0.344 0.875 0 0.005
0.344 0.907 0 0.005
0.345 0.089 0 0.005
0.345 0.6 0 0.005
0.345 0.61 0 0.005
0.345 0.673 0 0.005
0.346 0.283 0 0.005
0.346 0.744 0 0.005
0.348 0.493 0 0.005
0.348 0.928 0 0.005
0.349 0.433 0 0.005
0.35 0.075 0 0.005
0.351 0.008 0 0.005
0.351 0.458 0 0.005
0.351 0.658 0 0.005
0.352 0.039 0 0.005
0.352 0.049 0 0.005
0.352 0.195 0 0.005
0.352 0.256 0 0.005
0.352 0.275 0 0.005
0.353 0.123 0 0.005
0.353 0.228 0 0.005
0.353 0.786 0 0.005
0.354 0.374 0 0.005
0.354 0.693 0 0.005
0.354 0.862 0 0.005
0.354 0.956 0 0.005
0.354 0.994 0 0.005
0.355 0.066 0 0.005
0.356 0.677 0 0.005
0.357 0.097 0 0.005
0.357 0.168 0 0.005
0.357 0.212 0 0.005
0.357 0.298 0 0.005
0.357 0.595 0 0.005
0.357 0.621 0 0.005
0.357 0.639 0 0.005
0.357 0.797 0 0.005
0.357 0.812 0 0.005
0.358 0.139 0 0.005
0.358 0.476 0 0.005
0.358 0.765 0 0.005
0.358 0.912 0 0.005
0.359 0.11 0 0.005
0.359 0.501 0 0.005
0.359 0.715 0 0.005
0.36 0.153 0 0.005
0.36 0.73 0 0.005
0.361 0.755 0 0.005
0.361 0.878 0 0.005
0.36 0.9985833333333334 0 0.005
0.362 0.408 0 0.005
0.362 0.436 0 0.005
0.362 0.547 0 0.005
0.362 0.895 0 0.005
0.363 0.943 0 0.005
0.363 0.968 0 0.005
0.364 0.693 0 0.005
0.364 0.958 0 0.005
0.365 0.219 0 0.005
0.365 0.29 0 0.005
0.365 0.391 0 0.005
0.365 0.418 0 0.005
0.365 0.63 0 0.005
0.367 0.012 0 0.005
0.367 0.263 0 0.005
0.367 0.644 0 0.005
0.367 0.927 0 0.005
0.368 0.35 0 0.005
0.368 0.446 0 0.005
0.368 0.535 0 0.005
0.368 0.83 0 0.005
0.368 0.992 0 0.005
0.369 0.032 0 0.005
0.369 0.48 0 0.005
0.369 0.782 0 0.005
0.37 0.042 0 0.005
0.37 0.061 0 0.005
0.371 0.252 0 0.005
0.371 0.599 0 0.005
0.372 0.281 0 0.005
0.372 0.3 0 0.005
0.372 0.434 0 0.005
0.372 0.678 0 0.005
0.372 0.748 0 0.005
0.373 0.37 0 0.005
0.373 0.411 0 0.005
0.373 0.555 0 0.005
0.373 0.577 0 0.005
0.373 0.709 0 0.005
0.374 0.459 0 0.005
0.374 0.853 0 0.005
0.375 0.216 0 0.005
0.375 0.876 0 0.005
0.376 0.103 0 0.005
0.376 0.502 0 0.005
0.376 0.668 0 0.005
0.376 0.906 0 0.005
0.378 0.052 0 0.005
0.378 0.389 0 0.005
0.378 0.694 0 0.005
0.379 0.762 0 0.005
0.38 0.228 0 0.005
0.382 0.136 0 0.005
0.383 0.081 0 0.005
0.383 0.168 0 0.005
0.383 0.208 0 0.005
0.383 0.318 0 0.005
0.383 0.838 0 0.005
0.384 0.61 0 0.005
0.384 0.994 0 0.005
0.386 0.293 0 0.005
0.386 0.436 0 0.005
0.386 0.734 0 0.005
0.386 0.858 0 0.005
0.387 0.362 0 0.005
0.387 0.482 0 0.005
0.388 0.049 0 0.005
0.388 0.633 0 0.005
0.39 0.004 0 0.005
0.39 0.071 0 0.005
0.39 0.309 0 0.005
0.39 0.538 0 0.005
0.39 0.567 0 0.005
0.39 0.682 0 0.005
0.391 0.23 0 0.005
0.391 0.241 0 0.005
0.391 0.284 0 0.005
0.391 0.342 0 0.005
0.392 0.517 0 0.005
0.392 0.949 0 0.005
0.393 0.446 0 0.005
0.393 0.497 0 0.005
0.393 0.968 0 0.005
0.394 0.196 0 0.005
0.394 0.46 0 0.005
0.394 0.781 0 0.005
0.394 0.807 0 0.005
0.394 0.904 0 0.005
0.395 0.894 0 0.005
0.395 0.935 0 0.005
0.396 0.401 0 0.005
0.396 0.873 0 0.005
0.396 0.991 0 0.005
0.397 0.329 0 0.005
0.397 0.377 0 0.005
0.397 0.591 0 0.005
0.398 0.797 0 0.005
0.399 0.054 0 0.005
0.399 0.106 0 0.005
0.399 0.136 0 0.005
0.399 0.648 0 0.005
0.399 0.714 0 0.005
0.399 0.754 0 0.005
0.4 0.084 0 0.005
0.4 0.431 0 0.005
0.4 0.729 0 0.005
0.4 0.739 0 0.005
0.4 0.883 0 0.005
0.4 0.921 0 0.005
0.401 0.303 0 0.005
0.401 0.572 0 0.005
0.402 0.211 0 0.005
0.402 0.29 0 0.005
0.402 0.32 0 0.005
0.402 0.356 0 0.005
0.403 0.122 0 0.005
0.403 0.495 0 0.005
0.403 0.951 0 0.005
0.403 0.967 0 0.005
0.404 0.0012666666666666666 0 0.005
0.404 0.418 0 0.005
0.405 0.03 0 0.005
0.405 0.56 0 0.005
0.406 0.225 0 0.005
0.406 0.699 0 0.005
0.406 0.87 0 0.005
0.407 0.82 0 0.005
0.408 0.371 0 0.005
0.409 0.334 0 0.005
0.41 0.088 0 0.005
0.41 0.256 0 0.005
0.41 0.278 0 0.005
0.41 0.436 0 0.005
0.41 0.668 0 0.005
0.41 0.729 0 0.005
0.411 0.104 0 0.005
0.411 0.585 0 0.005
0.411 0.961 0 0.005
0.412 0.402 0 0.005
0.412 0.632 0 0.005
0.413 0.308 0 0.005
0.414 0.344 0 0.005
0.414 0.479 0 0.005
0.414 0.599 0 0.005
0.414 0.622 0 0.005
0.415 0.041 0 0.005
0.415 0.208 0 0.005
0.415 0.789 0 0.005
0.417 0.221 0 0.005
0.417 0.359 0 0.005
0.417 0.52 0 0.005
0.418 0.448 0 0.005
0.418 0.865 0 0.005
0.419 0.506 0 0.005
0.419 0.771 0 0.005
0.42 0.11 0 0.005
0.42 0.396 0 0.005
0.42 0.469 0 0.005
0.42 0.73 0 0.005
0.42 0.927 0 0.005
0.421 0.689 0 0.005
0.421 0.699 0 0.005
0.421 0.749 0 0.005
0.421 0.854 0 0.005
0.422 0.427 0 0.005
0.422 0.879 0 0.005
0.422 0.904 0 0.005
0.423 0.0012666666666666666 0 0.005
0.423 0.292 0 0.005
0.424 0.19 0 0.005
0.424 0.346 0 0.005
0.424 0.644 0 0.005
0.424 0.823 0 0.005
0.425 0.058 0 0.005
0.426 0.457 0 0.005
0.426 0.708 0 0.005
0.425 0.9985833333333334 0 0.005
0.427 0.551 0 0.005
0.427 0.839 0 0.005
0.428 0.561 0 0.005
0.429 0.015 0 0.005
0.429 0.119 0 0.005
0.43 0.078 0 0.005
0.43 0.273 0 0.005
0.43 0.316 0 0.005
0.43 0.376 0 0.005
0.43 0.958 0 0.005
0.431 0.626 0 0.005
0.431 0.666 0 0.005
0.432 0.216 0 0.005
0.432 0.792 0 0.005
0.433 0.298 0 0.005
0.433 0.353 0 0.005
0.433 0.468 0 0.005
0.433 0.61 0 0.005
0.434 0.173 0 0.005
0.434 0.444 0 0.005
0.434 0.539 0 0.005
0.434 0.742 0 0.005
0.434 0.804 0 0.005
0.434 0.884 0 0.005
0.435 0.091 0 0.005
0.436 0.258 0 0.005
0.436 0.977 0 0.005
0.437 0.324 0 0.005
0.437 0.569 0 0.005
0.437 0.843 0 0.005
0.438 0.108 0 0.005
0.438 0.128 0 0.005
0.438 0.247 0 0.005
0.438 0.896 0 0.005
0.439 0.311 0 0.005
0.439 0.425 0 0.005
0.439 0.591 0 0.005
0.439 0.65 0 0.005
0.439 0.724 0 0.005
0.44 0.195 0 0.005
0.441 0.061 0 0.005
0.441 0.399 0 0.005
0.441 0.517 0 0.005
0.442 0.167 0 0.005
0.443 0.561 0 0.005
0.443 0.92 0 0.005
0.444 0.0012666666666666666 0 0.005
0.444 0.546 0 0.005
0.445 0.119 0 0.005
0.445 0.501 0 0.005
0.445 0.703 0 0.005
0.446 0.137 0 0.005
0.446 0.87 0 0.005
0.447 0.28 0 0.005
0.447 0.439 0 0.005
0.447 0.741 0 0.005
0.447 0.837 0 0.005
0.448 0.097 0 0.005
0.448 0.264 0 0.005
0.448 0.349 0 0.005
0.448 0.635 0 0.005
0.448 0.776 0 0.005
0.448 0.801 0 0.005
0.449 0.147 0 0.005
0.449 0.319 0 0.005
0.449 0.371 0 0.005
0.45 0.083 0 0.005
0.45 0.177 0 0.005
0.451 0.612 0 0.005
0.452 0.335 0 0.005
0.452 0.675 0 0.005
0.452 0.9967708333333334 0 0.005
0.453 0.398 0 0.005
0.453 0.916 0 0.005
0.454 0.21 0 0.005
0.454 0.709 0 0.005
0.454 0.728 0 0.005
0.454 0.819 0 0.005
0.455 0.025 0 0.005
0.455 0.196 0 0.005
0.455 0.547 0 0.005
0.456 0.111 0 0.005
0.456 0.294 0 0.005
0.456 0.43 0 0.005
0.456 0.572 0 0.005
0.457 0.283 0 0.005
0.458 0.012 0 0.005
0.458 0.458 0 0.005
0.458 0.696 0 0.005
0.458 0.798 0 0.005
0.458 0.885 0 0.005
0.459 0.055 0 0.005
0.459 0.323 0 0.005
0.459 0.384 0 0.005
0.459 0.406 0 0.005
0.459 0.738 0 0.005
0.459 0.834 0 0.005
0.46 0.352 0 0.005
0.46 0.364 0 0.005
0.46 0.782 0 0.005
0.461 0.167 0 0.005
0.461 0.964 0 0.005
0.462 0.045 0 0.005
0.462 0.446 0 0.005
0.462 0.592 0 0.005
0.464 0.033 0 0.005
0.464 0.091 0 0.005
0.464 0.117 0 0.005
0.464 0.178 0 0.005
0.464 0.303 0 0.005
0.464 0.949 0 0.005
0.465 0.13 0 0.005
0.465 0.242 0 0.005
0.465 0.498 0 0.005
0.465 0.532 0 0.005
0.465 0.623 0 0.005
0.465 0.854 0 0.005
0.466 0.018 0 0.005
0.466 0.654 0 0.005
0.467 0.718 0 0.005
0.466 0.0 0 0.005
0.468 0.519 0 0.005
0.469 0.286 0 0.005
0.469 0.388 0 0.005
0.469 0.431 0 0.005
0.469 0.559 0 0.005
0.469 0.642 0 0.005
0.469 0.935 0 0.005
0.47 0.102 0 0.005
0.47 0.479 0 0.005
0.47 0.793 0 0.005
0.47 0.831 0 0.005
0.471 0.677 0 0.005
0.472 0.146 0 0.005
0.472 0.993 0 0.005
0.473 0.167 0 0.005
0.473 0.225 0 0.005
0.473 0.371 0 0.005
0.473 0.708 0 0.005
0.473 0.983 0 0.005
0.474 0.276 0 0.005
0.474 0.809 0 0.005
0.474 0.953 0 0.005
0.475 0.039 0 0.005
0.475 0.322 0 0.005
0.475 0.332 0 0.005
0.475 0.35 0 0.005
0.475 0.464 0 0.005
0.475 0.5 0 0.005
0.475 0.543 0 0.005
0.475 0.601 0 0.005
0.475 0.751 0 0.005
0.475 0.894 0 0.005
0.476 0.081 0 0.005
0.476 0.414 0 0.005
0.476 0.847 0 0.005
0.477 0.05 0 0.005
0.477 0.13 0 0.005
0.477 0.19 0 0.005
0.477 0.531 0 0.005
0.477 0.696 0 0.005
0.477 0.873 0 0.005
0.479 0.395 0 0.005
0.479 0.582 0 0.005
0.48 0.31 0 0.005
0.48 0.82 0 0.005
0.48 0.86 0 0.005
0.481 0.659 0 0.005
0.482 0.03 0 0.005
0.483 0.005 0 0.005
0.483 0.066 0 0.005
0.483 0.089 0 0.005
0.483 0.249 0 0.005
0.483 0.382 0 0.005
0.483 0.775 0 0.005
0.483 0.968 0 0.005
0.483 0.996280701754386 0 0.005
0.484 0.229 0 0.005
0.485 0.017 0 0.005
0.485 0.279 0 0.005
0.485 0.556 0 0.005
0.485 0.741 0 0.005
0.485 0.898 0 0.005
0.486 0.367 0 0.005
0.487 0.183 0 0.005
0.487 0.329 0 0.005
0.487 0.416 0 0.005
0.487 0.44 0 0.005
0.488 0.211 0 0.005
0.488 0.542 0 0.005
0.488 0.643 0 0.005
0.488 0.672 0 0.005
0.489 0.105 0 0.005
0.489 0.529 0 0.005
0.489 0.7 0 0.005
0.489 0.727 0 0.005
0.49 0.477 0 0.005
0.491 0.045 0 0.005
0.491 0.095 0 0.005
0.491 0.241 0 0.005
0.491 0.715 0 0.005
0.491 0.952 0 0.005
0.492 0.161 0 0.005
0.492 0.844 0 0.005
0.493 0.452 0 0.005
0.493 0.634 0 0.005
0.493 0.942 0 0.005
0.494 0.006 0 0.005
0.494 0.114 0 0.005
0.494 0.374 0 0.005
0.494 0.586 0 0.005
0.494 0.882 0 0.005
0.494 0.986 0 0.005
0.495 0.974 0 0.005
0.496 0.468 0 0.005
0.496 0.597 0 0.005
0.497 0.226 0 0.005
0.497 0.517 0 0.005
0.497 0.666 0 0.005
0.498 0.304 0 0.005
0.498 0.625 0 0.005
0.498 0.757 0 0.005
0.499 0.282 0 0.005
0.499 0.809 0 0.005
0.5 0.615 0 0.005
0.5 0.7 0 0.005
0.5 0.87 0 0.005
0.501 0.095 0 0.005
0.501 0.126 0 0.005
0.501 0.212 0 0.005
0.501 0.405 0 0.005
0.501 0.48 0 0.005
0.501 0.747 0 0.005
0.502 0.076 0 0.005
0.502 0.388 0 0.005
0.502 0.656 0 0.005
0.503 0.677 0 0.005
0.503 0.721 0 0.005
0.504 0.154 0 0.005
0.504 0.236 0 0.005
0.504 0.261 0 0.005
0.504 0.568 0 0.005
0.504 0.923 0 0.005
0.504 0.939 0 0.005
0.505 0.041 0 0.005
0.505 0.333 0 0.005
0.505 0.426 0 0.005
0.505 0.452 0 0.005
0.505 0.984 0 0.005
0.506 0.031 0 0.005
0.506 0.248 0 0.005
0.506 0.321 0 0.005
0.506 0.539 0 0.005
0.507 0.188 0 0.005
0.508 0.007 0 0.005
0.509 0.512 0 0.005
0.509 0.833 0 0.005
0.51 0.708 0 0.005
0.511 0.592 0 0.005
0.512 0.062 0 0.005
0.512 0.122 0 0.005
0.512 0.212 0 0.005
0.512 0.501 0 0.005
0.512 0.784 0 0.005
0.513 0.145 0 0.005
0.513 0.368 0 0.005
0.513 0.686 0 0.005
0.514 0.226 0 0.005
0.514 0.295 0 0.005
0.514 0.796 0 0.005
0.515 0.355 0 0.005
0.515 0.462 0 0.005
0.515 0.632 0 0.005
0.515 0.738 0 0.005
0.516 0.161 0 0.005
0.516 0.484 0 0.005
0.517 0.269 0 0.005
0.517 0.818 0 0.005
0.517 0.941 0 0.005
0.518 0.245 0 0.005
0.518 0.524 0 0.005
0.518 0.917 0 0.005
0.518 0.9981904761904762 0 0.005
0.52 0.513 0 0.005
0.521 0.087 0 0.005
0.521 0.338 0 0.005
0.521 0.473 0 0.005
0.523 0.031 0 0.005
0.523 0.097 0 0.005
0.523 0.392 0 0.005
0.524 0.571 0 0.005
0.524 0.645 0 0.005
0.524 0.731 0 0.005
0.524 0.896 0 0.005
0.525 0.02 0 0.005
0.525 0.258 0 0.005
0.525 0.603 0 0.005
0.527 0.201 0 0.005
0.527 0.381 0 0.005
0.527 0.922 0 0.005
0.528 0.216 0 0.005
0.528 0.291 0 0.005
0.528 0.442 0 0.005
0.528 0.559 0 0.005
0.529 0.065 0 0.005
0.529 0.158 0 0.005
0.529 0.177 0 0.005
0.529 0.707 0 0.005
0.529 0.884 0 0.005
0.53 0.402 0 0.005
0.53 0.514 0 0.005
0.53 0.965 0 0.005
0.531 0.124 0 0.005
0.531 0.532 0 0.005
0.531 0.794 0 0.005
0.531 0.837 0 0.005
0.532 0.501 0 0.005
0.532 0.543 0 0.005
0.532 0.858 0 0.005
0.533 0.459 0 0.005
0.533 0.744 0 0.005
0.533 0.78 0 0.005
0.533 0.943 0 0.005
0.534 0.245 0 0.005
0.535 0.315 0 0.005
0.535 0.328 0 0.005
0.535 0.643 0 0.005
0.537 0.524 0 0.005
0.537 0.69 0 0.005
0.537 0.72 0 0.005
0.539 0.591 0 0.005
0.54 0.0012666666666666666 0 0.005
0.54 0.413 0 0.005
0.54 0.478 0 0.005
0.54 0.552 0 0.005
0.54 0.847 0 0.005
0.54 0.888 0 0.005
0.541 0.232 0 0.005
0.541 0.297 0 0.005
0.541 0.653 0 0.005
0.541 0.871 0 0.005
0.541 0.968 0 0.005
0.541 0.983 0 0.005
0.542 0.711 0 0.005
0.543 0.108 0 0.005
0.543 0.207 0 0.005
0.543 0.436 0 0.005
0.543 0.468 0 0.005
0.543 0.5 0 0.005
0.543 0.912 0 0.005
0.544 0.082 0 0.005
0.544 0.927 0 0.005
0.544 0.9967708333333334 0 0.005
0.545 0.167 0 0.005
0.545 0.314 0 0.005
0.545 0.452 0 0.005
0.546 0.097 0 0.005
0.546 0.583 0 0.005
0.546 0.749 0 0.005
0.547 0.536 0 0.005
0.547 0.615 0 0.005
0.548 0.137 0 0.005
0.548 0.149 0 0.005
0.548 0.189 0 0.005
0.548 0.264 0 0.005
0.548 0.329 0 0.005
0.548 0.571 0 0.005
0.548 0.668 0 0.005
0.549 0.795 0 0.005
0.55 0.0012666666666666666 0 0.005
0.55 0.066 0 0.005
0.55 0.937 0 0.005
0.551 0.012 0 0.005
0.551 0.026 0 0.005
0.551 0.12 0 0.005
0.551 0.375 0 0.005
0.552 0.385 0 0.005
0.552 0.396 0 0.005
0.552 0.633 0 0.005
0.552 0.718 0 0.005
0.553 0.216 0 0.005
0.553 0.467 0 0.005
0.554 0.04 0 0.005
0.554 0.406 0 0.005
0.555 0.362 0 0.005
0.555 0.436 0 0.005
0.555 0.622 0 0.005
0.555 0.853 0 0.005
0.555 0.969 0 0.005
0.556 0.255 0 0.005
0.556 0.346 0 0.005
0.556 0.656 0 0.005
0.556 0.769 0 0.005
0.557 0.106 0 0.005
0.558 0.28 0 0.005
0.558 0.487 0 0.005
0.558 0.75 0 0.005
0.559 0.189 0 0.005
0.559 0.539 0 0.005
0.559 0.676 0 0.005
0.559 0.735 0 0.005
0.56 0.02 0 0.005
0.56 0.415 0 0.005
0.56 0.511 0 0.005
0.561 0.377 0 0.005
0.561 0.945 0 0.005
0.562 0.075 0 0.005
0.563 0.564 0 0.005
0.564 0.477 0 0.005
0.564 0.609 0 0.005
0.565 0.094 0 0.005
0.565 0.139 0 0.005
0.565 0.266 0 0.005
0.565 0.406 0 0.005
0.566 0.239 0 0.005
0.566 0.789 0 0.005
0.566 0.981 0 0.005
0.567 0.895 0 0.005
0.567 0.925 0 0.005
0.568 0.43 0 0.005
0.568 0.62 0 0.005
0.568 0.653 0 0.005
0.569 0.715 0 0.005
0.57 0.028 0 0.005
0.57 0.464 0 0.005
0.571 0.151 0 0.005
0.571 0.167 0 0.005
0.571 0.502 0 0.005
0.571 0.674 0 0.005
0.572 0.08 0 0.005
0.572 0.824 0 0.005
0.572 0.875 0 0.005
0.572 0.963 0 0.005
0.573 0.101 0 0.005
0.573 0.365 0 0.005
0.573 0.551 0 0.005
0.573 0.578 0 0.005
0.574 0.005 0 0.005
0.574 0.319 0 0.005
0.574 0.766 0 0.005
0.573 0.999 0 0.005
0.576 0.247 0 0.005
0.576 0.486 0 0.005
0.577 0.216 0 0.005
0.577 0.265 0 0.005
0.577 0.411 0 0.005
0.577 0.913 0 0.005
0.578 0.199 0 0.005
0.579 0.071 0 0.005
0.579 0.345 0 0.005
0.579 0.621 0 0.005
0.579 0.721 0 0.005
0.58 0.275 0 0.005
0.58 0.518 0 0.005
0.58 0.887 0 0.005
0.58 0.932 0 0.005
0.581 0.108 0 0.005
0.581 0.171 0 0.005
0.581 0.559 0 0.005
0.581 0.793 0 0.005
0.581 0.944 0 0.005
0.582 0.29 0 0.005
0.582 0.663 0 0.005
0.582 0.774 0 0.005
0.583 0.537 0 0.005
0.583 0.644 0 0.005
0.583 0.841 0 0.005
0.583 0.851 0 0.005
0.583 0.897 0 0.005
0.584 0.027 0 0.005
0.584 0.493 0 0.005
0.584 0.549 0 0.005
0.584 0.682 0 0.005
0.585 0.041 0 0.005
0.585 0.82 0 0.005
0.586 0.807 0 0.005
0.588 0.922 0 0.005
0.588 0.964 0 0.005
0.589 0.872 0 0.005
0.59 0.096 0 0.005
0.59 0.319 0 0.005
0.59 0.398 0 0.005
0.591 0.133 0 0.005
0.591 0.954 0 0.005
0.592 0.05 0 0.005
0.592 0.17 0 0.005
0.592 0.241 0 0.005
0.592 0.38 0 0.005
0.592 0.414 0 0.005
0.592 0.429 0 0.005
0.592 0.526 0 0.005
0.592 0.768 0 0.005
0.593 0.008 0 0.005
0.593 0.567 0 0.005
0.593 0.616 0 0.005
0.593 0.688 0 0.005
0.594 0.114 0 0.005
0.594 0.271 0 0.005
0.594 0.755 0 0.005
0.595 0.153 0 0.005
0.595 0.732 0 0.005
0.596 0.189 0 0.005
0.596 0.37 0 0.005
0.596 0.594 0 0.005
0.596 0.658 0 0.005
0.596 0.706 0 0.005
0.596 0.992 0 0.005
0.597 0.028 0 0.005
0.597 0.223 0 0.005
0.597 0.444 0 0.005
0.598 0.29 0 0.005
0.598 0.487 0 0.005
0.598 0.886 0 0.005
0.599 0.829 0 0.005
0.6 0.017 0 0.005
0.6 0.082 0 0.005
0.601 0.249 0 0.005
0.601 0.403 0 0.005
0.601 0.861 0 0.005
0.602 0.506 0 0.005
0.602 0.561 0 0.005
0.602 0.724 0 0.005
0.602 0.799 0 0.005
0.602 0.818 0 0.005
0.602 0.922 0 0.005
0.603 0.28 0 0.005
0.603 0.384 0 0.005
0.604 0.696 0 0.005
0.605 0.943 0 0.005
0.605 0.968 0 0.005
0.606 0.055 0 0.005
0.606 0.33 0 0.005
0.606 0.357 0 0.005
0.606 0.47 0 0.005
0.607 0.111 0 0.005
0.607 0.318 0 0.005
0.607 0.394 0 0.005
0.607 0.666 0 0.005
0.608 0.069 0 0.005
0.608 0.678 0 0.005
0.609 0.491 0 0.005
0.609 0.904 0 0.005
0.61 0.235 0 0.005
0.61 0.756 0 0.005
0.61 0.878 0 0.005
0.61 0.915 0 0.005
0.611 0.172 0 0.005
0.611 0.261 0 0.005
0.611 0.271 0 0.005
0.613 0.156 0 0.005
0.613 0.419 0 0.005
0.613 0.614 0 0.005
0.613 0.837 0 0.005
0.614 0.799 0 0.005
0.614 0.927 0 0.005
0.615 0.007 0 0.005
0.615 0.199 0 0.005
0.615 0.948 0 0.005
0.616 0.034 0 0.005
0.616 0.06 0 0.005
0.616 0.185 0 0.005
0.616 0.432 0 0.005
0.616 0.63 0 0.005
0.617 0.226 0 0.005
0.617 0.973 0 0.005
0.618 0.21 0 0.005
0.618 0.592 0 0.005
0.618 0.648 0 0.005
0.618 0.713 0 0.005
0.618 0.996280701754386 0 0.005
0.619 0.729 0 0.005
0.62 0.903 0 0.005
0.621 0.301 0 0.005
0.621 0.495 0 0.005
0.621 0.987 0 0.005
0.622 0.049 0 0.005
0.622 0.083 0 0.005
0.622 0.119 0 0.005
0.622 0.266 0 0.005
0.622 0.372 0 0.005
0.622 0.399 0 0.005
0.622 0.581 0 0.005
0.622 0.917 0 0.005
0.624 0.013 0 0.005
0.624 0.16 0 0.005
0.624 0.769 0 0.005
0.625 0.099 0 0.005
0.625 0.148 0 0.005
0.625 0.448 0 0.005
0.625 0.697 0 0.005
0.625 0.827 0 0.005
0.626 0.614 0 0.005
0.626 0.633 0 0.005
0.627 0.138 0 0.005
0.627 0.806 0 0.005
0.627 0.884 0 0.005
0.628 0.111 0 0.005
0.628 0.41 0 0.005
0.628 0.651 0 0.005
0.628 0.855 0 0.005
0.628 0.996280701754386 0 0.005
0.629 0.04 0 0.005
0.629 0.743 0 0.005
0.629 0.754 0 0.005
0.63 0.241 0 0.005
0.63 0.253 0 0.005
0.63 0.435 0 0.005
0.63 0.463 0 0.005
0.63 0.524 0 0.005
0.63 0.842 0 0.005
0.63 0.954 0 0.005
0.631 0.337 0 0.005
0.631 0.366 0 0.005
0.631 0.977 0 0.005
0.632 0.019 0 0.005
0.632 0.217 0 0.005
0.632 0.291 0 0.005
0.632 0.386 0 0.005
0.632 0.641 0 0.005
0.632 0.671 0 0.005
0.632 0.733 0 0.005
0.633 0.326 0 0.005
0.633 0.706 0 0.005
0.633 0.935 0 0.005
0.634 0.494 0 0.005
0.634 0.765 0 0.005
0.634 0.965 0 0.005
0.635 0.478 0 0.005
0.635 0.506 0 0.005
0.636 0.197 0 0.005
0.636 0.543 0 0.005
0.637 0.866 0 0.005
0.637 0.903 0 0.005
0.638 0.054 0 0.005
0.638 0.721 0 0.005
0.639 0.374 0 0.005
0.639 0.609 0 0.005
0.639 0.624 0 0.005
0.64 0.064 0 0.005
0.64 0.408 0 0.005
0.64 0.569 0 0.005
0.64 0.59 0 0.005
0.641 0.117 0 0.005
0.641 0.338 0 0.005
0.641 0.841 0 0.005
0.642 0.213 0 0.005
0.642 0.814 0 0.005
0.643 0.168 0 0.005
0.643 0.239 0 0.005
0.643 0.305 0 0.005
0.643 0.665 0 0.005
0.643 0.784 0 0.005
0.644 0.009 0 0.005
0.645 0.388 0 0.005
0.645 0.432 0 0.005
0.645 0.49 0 0.005
0.644 0.0 0 0.005
0.646 0.468 0 0.005
0.646 0.736 0 0.005
0.646 0.857 0 0.005
0.647 0.8 0 0.005
0.647 0.959 0 0.005
0.648 0.15 0 0.005
0.648 0.363 0 0.005
0.648 0.536 0 0.005
0.649 0.127 0 0.005
0.649 0.55 0 0.005
0.649 0.615 0 0.005
0.649 0.835 0 0.005
0.649 0.929 0 0.005
0.65 0.297 0 0.005
0.65 0.322 0 0.005
0.65 0.582 0 0.005
0.65 0.776 0 0.005
0.65 0.883 0 0.005
0.651 0.079 0 0.005
0.651 0.503 0 0.005
0.651 0.522 0 0.005
0.652 0.311 0 0.005
0.652 0.652 0 0.005
0.652 0.707 0 0.005
0.653 0.016 0 0.005
0.653 0.165 0 0.005
0.653 0.189 0 0.005
0.653 0.279 0 0.005
0.653 0.442 0 0.005
0.654 0.176 0 0.005
0.654 0.687 0 0.005
0.654 0.919 0 0.005
0.655 0.006 0 0.005
0.656 0.352 0 0.005
0.656 0.385 0 0.005
0.657 0.061 0 0.005
0.657 0.822 0 0.005
0.658 0.096 0 0.005
0.658 0.49 0 0.005
0.658 0.677 0 0.005
0.659 0.243 0 0.005
0.66 0.134 0 0.005
0.66 0.197 0 0.005
0.66 0.561 0 0.005
0.66 0.842 0 0.005
0.66 0.972 0 0.005
0.661 0.085 0 0.005
0.661 0.614 0 0.005
0.661 0.733 0 0.005
0.661 0.781 0 0.005
0.661 0.81 0 0.005
0.662 0.254 0 0.005
0.662 0.519 0 0.005
0.662 0.66 0 0.005
0.663 0.898 0 0.005
0.663 0.908 0 0.005
0.663 0.93 0 0.005
0.664 0.023 0 0.005
0.664 0.104 0 0.005
0.664 0.311 0 0.005
0.664 0.323 0 0.005
0.664 0.463 0 0.005
0.664 0.749 0 0.005
0.664 0.858 0 0.005
0.665 0.164 0 0.005
0.665 0.36 0 0.005
0.665 0.506 0 0.005
0.665 0.576 0 0.005
0.666 0.956 0 0.005
0.667 0.206 0 0.005
0.667 0.594 0 0.005
0.667 0.761 0 0.005
0.668 0.401 0 0.005
0.668 0.82 0 0.005
0.669 0.175 0 0.005
0.669 0.636 0 0.005
0.669 0.704 0 0.005
0.67 0.675 0 0.005
0.671 0.984 0 0.005
0.672 0.154 0 0.005
0.672 0.285 0 0.005
0.672 0.656 0 0.005
0.673 0.391 0 0.005
0.673 0.427 0 0.005
0.674 0.115 0 0.005
0.674 0.331 0 0.005
0.674 0.618 0 0.005
0.674 0.887 0 0.005
0.675 0.347 0 0.005
0.675 0.455 0 0.005
0.676 0.527 0 0.005
0.677 0.029 0 0.005
0.677 0.084 0 0.005
0.677 0.516 0 0.005
0.677 0.571 0 0.005
0.678 0.134 0 0.005
0.678 0.32 0 0.005
0.678 0.591 0 0.005
0.678 0.802 0 0.005
0.679 0.186 0 0.005
0.679 0.971 0 0.005
0.681 0.537 0 0.005
0.681 0.76 0 0.005
0.681 0.78 0 0.005
0.683 0.405 0 0.005
0.683 0.645 0 0.005
0.683 0.958 0 0.005
0.683 0.988 0 0.005
0.684 0.679 0 0.005
0.684 0.695 0 0.005
0.684 0.838 0 0.005
0.684 0.851 0 0.005
0.685 0.116 0 0.005
0.685 0.159 0 0.005
0.685 0.391 0 0.005
0.685 0.415 0 0.005
0.685 0.82 0 0.005
0.686 0.04 0 0.005
0.686 0.23 0 0.005
0.686 0.299 0 0.005
0.686 0.504 0 0.005
0.686 0.655 0 0.005
0.686 0.879 0 0.005
0.686 0.895 0 0.005
0.687 0.0012666666666666666 0 0.005
0.687 0.557 0 0.005
0.687 0.586 0 0.005
0.687 0.947 0 0.005
0.687 0.977 0 0.005
0.688 0.265 0 0.005
0.688 0.717 0 0.005
0.689 0.009 0 0.005
0.689 0.076 0 0.005
0.689 0.345 0 0.005
0.69 0.18 0 0.005
0.69 0.599 0 0.005
0.69 0.93 0 0.005
0.691 0.144 0 0.005
0.691 0.324 0 0.005
0.692 0.062 0 0.005
0.692 0.098 0 0.005
0.692 0.19 0 0.005
0.692 0.313 0 0.005
0.692 0.456 0 0.005
0.692 0.999 0 0.005
0.695 0.575 0 0.005
0.696 0.283 0 0.005
0.696 0.609 0 0.005
0.698 0.421 0 0.005
0.698 0.468 0 0.005
0.698 0.561 0 0.005
0.698 0.767 0 0.005
0.698 0.785 0 0.005
0.698 0.871 0 0.005
0.699 0.208 0 0.005
0.7 0.012 0 0.005
0.7 0.042 0 0.005
0.7 0.838 0 0.005
0.701 0.024 0 0.005
0.701 0.388 0 0.005
0.701 0.661 0 0.005
0.702 0.077 0 0.005
0.702 0.244 0 0.005
0.703 0.224 0 0.005
0.703 0.401 0 0.005
0.703 0.497 0 0.005
0.703 0.537 0 0.005
0.704 0.348 0 0.005
0.705 0.123 0 0.005
0.705 0.91 0 0.005
0.705 0.972 0 0.005
0.706 0.173 0 0.005
0.706 0.592 0 0.005
0.707 0.092 0 0.005
0.707 0.82 0 0.005
0.708 0.685 0 0.005
0.708 0.868 0 0.005
0.708 0.953 0 0.005
0.708 0.985 0 0.005
0.709 0.269 0 0.005
0.709 0.299 0 0.005
0.709 0.603 0 0.005
0.71 0.362 0 0.005
0.71 0.839 0 0.005
0.71 0.94 0 0.005
0.711 0.0017435897435897436 0 0.005
0.711 0.425 0 0.005
0.711 0.578 0 0.005
0.711 0.671 0 0.005
0.712 0.516 0 0.005
0.713 0.414 0 0.005
0.713 0.854 0 0.005
0.714 0.029 0 0.005
0.714 0.049 0 0.005
0.714 0.11 0 0.005
0.714 0.308 0 0.005
0.714 0.715 0 0.005
0.715 0.391 0 0.005
0.715 0.526 0 0.005
0.715 0.656 0 0.005
0.715 0.971 0 0.005
0.718 0.495 0 0.005
0.719 0.91 0 0.005
0.72 0.204 0 0.005
0.72 0.535 0 0.005
0.72 0.761 0 0.005
0.721 0.594 0 0.005
0.721 0.822 0 0.005
0.722 0.467 0 0.005
0.722 0.577 0 0.005
0.722 0.887 0 0.005
0.722 0.938 0 0.005
0.723 0.146 0 0.005
0.723 0.985 0 0.005
0.724 0.304 0 0.005
0.724 0.427 0 0.005
0.725 0.064 0 0.005
0.725 0.082 0 0.005
0.725 0.11 0 0.005
0.725 0.215 0 0.005
0.725 0.294 0 0.005
0.725 0.483 0 0.005
0.725 0.512 0 0.005
0.726 0.004 0 0.005
0.726 0.263 0 0.005
0.726 0.318 0 0.005
0.726 0.559 0 0.005
0.726 0.77 0 0.005
0.726 0.858 0 0.005
0.726 0.927 0 0.005
0.727 0.191 0 0.005
0.727 0.241 0 0.005
0.728 0.455 0 0.005
0.729 0.359 0 0.005
0.729 0.812 0 0.005
0.731 0.157 0 0.005
0.731 0.23 0 0.005
0.731 0.337 0 0.005
0.731 0.441 0 0.005
0.731 0.668 0 0.005
0.732 0.12 0 0.005
0.732 0.137 0 0.005
0.732 0.372 0 0.005
0.732 0.414 0 0.005
0.732 0.499 0 0.005
0.732 0.746 0 0.005
0.732 0.901 0 0.005
0.732 0.9977333333333334 0 0.005
0.734 0.519 0 0.005
0.734 0.541 0 0.005
0.734 0.583 0 0.005
0.734 0.604 0 0.005
0.734 0.779 0 0.005
0.735 0.046 0 0.005
0.735 0.061 0 0.005
0.735 0.207 0 0.005
0.735 0.94 0 0.005
0.736 0.723 0 0.005
0.737 0.246 0 0.005
0.737 0.326 0 0.005
0.738 0.073 0 0.005
0.738 0.273 0 0.005
0.738 0.427 0 0.005
0.738 0.479 0 0.005
0.738 0.686 0 0.005
0.739 0.702 0 0.005
0.74 0.025 0 0.005
0.74 0.086 0 0.005
0.74 0.114 0 0.005
0.74 0.63 0 0.005
0.741 0.347 0 0.005
0.741 0.798 0 0.005
0.741 0.815 0 0.005
0.741 0.992 0 0.005
0.742 0.129 0 0.005
0.742 0.189 0 0.005
0.742 0.263 0 0.005
0.742 0.409 0 0.005
0.742 0.863 0 0.005
0.743 0.223 0 0.005
0.743 0.388 0 0.005
0.743 0.525 0 0.005
0.743 0.977 0 0.005
0.745 0.004 0 0.005
0.745 0.51 0 0.005
0.746 0.094 0 0.005
0.746 0.162 0 0.005
0.746 0.285 0 0.005
0.746 0.716 0 0.005
0.746 0.826 0 0.005
0.746 0.895 0 0.005
0.747 0.299 0 0.005
0.747 0.364 0 0.005
0.747 0.773 0 0.005
0.748 0.478 0 0.005
0.748 0.848 0 0.005
0.748 0.93 0 0.005
0.748 0.968 0 0.005
0.749 0.337 0 0.005
0.749 0.436 0 0.005
0.749 0.447 0 0.005
0.749 0.593 0 0.005
0.75 0.029 0 0.005
0.75 0.622 0 0.005
0.75 0.756 0 0.005
0.751 0.858 0 0.005
0.751 0.905 0 0.005
0.752 0.149 0 0.005
0.752 0.324 0 0.005
0.752 0.355 0 0.005
0.752 0.741 0 0.005
0.752 0.92 0 0.005
0.753 0.084 0 0.005
0.753 0.566 0 0.005
0.755 0.399 0 0.005
0.755 0.411 0 0.005
0.755 0.462 0 0.005
0.756 0.0017435897435897436 0 0.005
0.756 0.069 0 0.005
0.756 0.111 0 0.005
0.756 0.261 0 0.005
0.756 0.94 0 0.005
0.757 0.184 0 0.005
0.757 0.9977333333333334 0 0.005
0.758 0.05 0 0.005
0.758 0.516 0 0.005
0.758 0.661 0 0.005
0.759 0.211 0 0.005
0.759 0.368 0 0.005
0.76 0.574 0 0.005
0.76 0.677 0 0.005
0.76 0.759 0 0.005
0.761 0.009 0 0.005
0.762 0.163 0 0.005
0.762 0.586 0 0.005
0.763 0.448 0 0.005
0.764 0.621 0 0.005
0.764 0.707 0 0.005
0.764 0.744 0 0.005
0.764 0.894 0 0.005
0.765 0.202 0 0.005
0.765 0.549 0 0.005
0.766 0.474 0 0.005
0.766 0.491 0 0.005
0.766 0.648 0 0.005
0.766 0.919 0 0.005
0.767 0.146 0 0.005
0.767 0.255 0 0.005
0.767 0.295 0 0.005
0.767 0.38 0 0.005
0.767 0.69 0 0.005
0.768 0.094 0 0.005
0.768 0.129 0 0.005
0.768 0.561 0 0.005
0.769 0.362 0 0.005
0.77 0.184 0 0.005
0.77 0.909 0 0.005
0.77 0.947 0 0.005
0.771 0.068 0 0.005
0.772 0.057 0 0.005
0.772 0.115 0 0.005
0.772 0.224 0 0.005
0.772 0.392 0 0.005
0.773 0.021 0 0.005
0.773 0.666 0 0.005
0.773 0.798 0 0.005
0.774 0.326 0 0.005
0.774 0.742 0 0.005
0.775 0.465 0 0.005
0.776 0.244 0 0.005
0.776 0.404 0 0.005
0.776 0.717 0 0.005
0.777 0.167 0 0.005
0.777 0.453 0 0.005
0.777 0.479 0 0.005
0.778 0.559 0 0.005
0.778 0.586 0 0.005
0.778 0.702 0 0.005
0.778 0.967 0 0.005
0.779 0.157 0 0.005
0.779 0.286 0 0.005
0.779 0.516 0 0.005
0.779 0.978 0 0.005
0.78 0.087 0 0.005
0.78 0.142 0 0.005
0.78 0.339 0 0.005
0.78 0.807 0 0.005
0.78 0.996280701754386 0 0.005
0.781 0.193 0 0.005
0.781 0.425 0 0.005
0.781 0.622 0 0.005
0.781 0.898 0 0.005
0.782 0.0033125 0 0.005
0.782 0.117 0 0.005
0.782 0.532 0 0.005
0.782 0.825 0 0.005
0.783 0.312 0 0.005
0.783 0.496 0 0.005
0.783 0.652 0 0.005
0.783 0.737 0 0.005
0.783 0.939 0 0.005
0.784 0.026 0 0.005
0.784 0.879 0 0.005
0.785 0.209 0 0.005
0.785 0.294 0 0.005
0.785 0.609 0 0.005
0.785 0.666 0 0.005
0.785 0.76 0 0.005
0.786 0.014 0 0.005
0.787 0.223 0 0.005
0.787 0.268 0 0.005
0.787 0.368 0 0.005
0.787 0.438 0 0.005
0.787 0.456 0 0.005
0.787 0.784 0 0.005
0.789 0.08 0 0.005
0.789 0.56 0 0.005
0.79 0.166 0 0.005
0.79 0.339 0 0.005
0.79 0.838 0 0.005
0.791 0.133 0 0.005
0.791 0.178 0 0.005
0.791 0.819 0 0.005
0.792 0.05 0 0.005
0.793 0.096 0 0.005
0.793 0.282 0 0.005
0.793 0.382 0 0.005
0.793 0.488 0 0.005
0.794 0.192 0 0.005
0.794 0.646 0 0.005
0.794 0.686 0 0.005
0.795 0.514 0 0.005
0.795 0.777 0 0.005
0.795 0.991 0 0.005
0.796 0.12 0 0.005
0.796 0.152 0 0.005
0.796 0.253 0 0.005
0.796 0.541 0 0.005
0.796 0.593 0 0.005
0.796 0.726 0 0.005
0.797 0.011 0 0.005
0.797 0.308 0 0.005
0.798 0.75 0 0.005
0.798 0.897 0 0.005
0.799 0.034 0 0.005
0.799 0.367 0 0.005
0.8 0.326 0 0.005
0.8 0.356 0 0.005
0.801 0.061 0 0.005
0.803 0.136 0 0.005
0.803 0.398 0 0.005
0.804 0.519 0 0.005
0.804 0.828 0 0.005
0.804 0.841 0 0.005
0.804 0.855 0 0.005
0.805 0.431 0 0.005
0.805 0.471 0 0.005
0.805 0.815 0 0.005
0.806 0.162 0 0.005
0.806 0.64 0 0.005
0.806 0.684 0 0.005
0.806 0.718 0 0.005
0.807 0.024 0 0.005
0.807 0.447 0 0.005
0.807 0.987 0 0.005
0.809 0.101 0 0.005
0.809 0.582 0 0.005
0.81 0.005 0 0.005
0.81 0.037 0 0.005
0.81 0.073 0 0.005
0.81 0.114 0 0.005
0.81 0.151 0 0.005
0.81 0.216 0 0.005
0.81 0.265 0 0.005
0.81 0.707 0 0.005
0.81 0.756 0 0.005
0.81 0.863 0 0.005
0.81 0.96 0 0.005
0.812 0.202 0 0.005
0.812 0.229 0 0.005
0.813 0.139 0 0.005
0.814 0.325 0 0.005
0.814 0.389 0 0.005
0.814 0.626 0 0.005
0.815 0.189 0 0.005
0.815 0.498 0 0.005
0.816 0.547 0 0.005
0.816 0.664 0 0.005
0.816 0.899 0 0.005
0.817 0.428 0 0.005
0.817 0.531 0 0.005
0.817 0.599 0 0.005
0.817 0.773 0 0.005
0.817 0.883 0 0.005
0.817 0.921 0 0.005
0.818 0.174 0 0.005
0.818 0.256 0 0.005
0.818 0.308 0 0.005
0.818 0.813 0 0.005
0.817 0.9985833333333334 0 0.005
0.819 0.048 0 0.005
0.819 0.376 0 0.005
0.819 0.399 0 0.005
0.819 0.943 0 0.005
0.82 0.843 0 0.005
0.82 0.956 0 0.005
0.821 0.446 0 0.005
0.821 0.583 0 0.005
0.822 0.35 0 0.005
0.822 0.522 0 0.005
0.823 0.13 0 0.005
0.823 0.609 0 0.005
0.823 0.649 0 0.005
0.823 0.681 0 0.005
0.824 0.156 0 0.005
0.824 0.457 0 0.005
0.824 0.719 0 0.005
0.824 0.789 0 0.005
0.824 0.874 0 0.005
0.825 0.327 0 0.005
0.825 0.933 0 0.005
0.825 0.991 0 0.005
0.827 0.111 0 0.005
0.828 0.422 0 0.005
0.829 0.489 0 0.005
0.829 0.706 0 0.005
0.83 0.296 0 0.005
0.831 0.064 0 0.005
0.831 0.186 0 0.005
0.831 0.207 0 0.005
0.831 0.253 0 0.005
0.831 0.628 0 0.005
0.831 0.818 0 0.005
0.832 0.222 0 0.005
0.832 0.864 0 0.005
0.833 0.339 0 0.005
0.833 0.435 0 0.005
0.833 0.555 0 0.005
0.833 0.973 0 0.005
0.834 0.135 0 0.005
0.835 0.163 0 0.005
0.835 0.601 0 0.005
0.835 0.832 0 0.005
0.835 0.937 0 0.005
0.837 0.093 0 0.005
0.837 0.277 0 0.005
0.838 0.044 0 0.005
0.838 0.265 0 0.005
0.839 0.148 0 0.005
0.839 0.366 0 0.005
0.839 0.733 0 0.005
0.839 0.766 0 0.005
0.84 0.324 0 0.005
0.84 0.574 0 0.005
0.838 0.999 0 0.005
0.841 0.544 0 0.005
0.841 0.657 0 0.005
0.842 0.064 0 0.005
0.842 0.487 0 0.005
0.842 0.981 0 0.005
0.843 0.208 0 0.005
0.843 0.241 0 0.005
0.843 0.302 0 0.005
0.843 0.513 0 0.005
0.843 0.792 0 0.005
0.844 0.254 0 0.005
0.844 0.469 0 0.005
0.844 0.804 0 0.005
0.844 0.825 0 0.005
0.844 0.852 0 0.005
0.845 0.0033125 0 0.005
0.845 0.865 0 0.005
0.846 0.407 0 0.005
0.846 0.602 0 0.005
0.846 0.642 0 0.005
0.846 0.668 0 0.005
0.846 0.781 0 0.005
0.847 0.161 0 0.005
0.847 0.389 0 0.005
0.847 0.426 0 0.005
0.847 0.455 0 0.005
0.848 0.351 0 0.005
0.848 0.628 0 0.005
0.848 0.951 0 0.005
0.85 0.216 0 0.005
0.85 0.974 0 0.005
0.851 0.138 0 0.005
0.851 0.93 0 0.005
0.851 0.9972564102564103 0 0.005
0.852 0.095 0 0.005
0.852 0.197 0 0.005
0.852 0.733 0 0.005
0.853 0.039 0 0.005
0.853 0.334 0 0.005
0.853 0.754 0 0.005
0.855 0.015 0 0.005
0.855 0.522 0 0.005
0.855 0.653 0 0.005
0.855 0.813 0 0.005
0.855 0.902 0 0.005
0.856 0.598 0 0.005
0.856 0.774 0 0.005
0.857 0.126 0 0.005
0.857 0.248 0 0.005
0.857 0.55 0 0.005
0.857 0.633 0 0.005
0.857 0.677 0 0.005
0.857 0.826 0 0.005
0.858 0.565 0 0.005
0.859 0.267 0 0.005
0.86 0.478 0 0.005
0.861 0.842 0 0.005
0.861 0.961 0 0.005
0.862 0.077 0 0.005
0.862 0.116 0 0.005
0.862 0.139 0 0.005
0.862 0.416 0 0.005
0.862 0.453 0 0.005
0.862 0.742 0 0.005
0.863 0.22 0 0.005
0.863 0.302 0 0.005
0.863 0.38 0 0.005
0.863 0.512 0 0.005
0.864 0.008 0 0.005
0.864 0.399 0 0.005
0.865 0.062 0 0.005
0.865 0.361 0 0.005
0.865 0.494 0 0.005
0.865 0.591 0 0.005
0.866 0.803 0 0.005
0.867 0.161 0 0.005
0.867 0.24 0 0.005
0.867 0.255 0 0.005
0.867 0.314 0 0.005
0.867 0.442 0 0.005
0.867 0.656 0 0.005
0.867 0.696 0 0.005
0.867 0.771 0 0.005
0.868 0.28 0 0.005
0.868 0.34 0 0.005
0.868 0.569 0 0.005
0.868 0.782 0 0.005
0.869 0.043 0 0.005
0.869 0.522 0 0.005
0.869 0.614 0 0.005
0.869 0.901 0 0.005
0.871 0.084 0 0.005
0.871 0.182 0 0.005
0.871 0.93 0 0.005
0.872 0.729 0 0.005
0.873 0.101 0 0.005
0.873 0.468 0 0.005
0.874 0.0017435897435897436 0 0.005
0.875 0.81 0 0.005
0.875 0.911 0 0.005
0.876 0.854 0 0.005
0.876 0.869 0 0.005
0.877 0.03 0 0.005
0.877 0.44 0 0.005
0.877 0.495 0 0.005
0.877 0.511 0 0.005
0.877 0.67 0 0.005
0.877 0.754 0 0.005
0.877 0.947 0 0.005
0.877 0.966 0 0.005
0.878 0.162 0 0.005
0.878 0.245 0 0.005
0.878 0.288 0 0.005
0.878 0.306 0 0.005
0.878 0.582 0 0.005
0.878 0.635 0 0.005
0.879 0.148 0 0.005
0.879 0.257 0 0.005
0.88 0.379 0 0.005
0.881 0.275 0 0.005
0.881 0.715 0 0.005
0.882 0.087 0 0.005
0.882 0.369 0 0.005
0.882 0.551 0 0.005
0.882 0.655 0 0.005
0.884 0.192 0 0.005
0.884 0.33 0 0.005
0.885 0.022 0 0.005
0.885 0.108 0 0.005
0.885 0.406 0 0.005
0.885 0.681 0 0.005
0.886 0.606 0 0.005
0.886 0.903 0 0.005
0.886 0.961 0 0.005
0.887 0.176 0 0.005
0.887 0.625 0 0.005
0.887 0.853 0 0.005
0.887 0.949 0 0.005
0.887 0.978 0 0.005
0.888 0.285 0 0.005
0.888 0.312 0 0.005
0.888 0.488 0 0.005
0.888 0.67 0 0.005
0.889 0.23 0 0.005
0.889 0.837 0 0.005
0.89 0.095 0 0.005
0.89 0.918 0 0.005
0.891 0.805 0 0.005
0.892 0.146 0 0.005
0.892 0.746 0 0.005
0.892 0.795 0 0.005
0.893 0.725 0 0.005
0.894 0.126 0 0.005
0.894 0.51 0 0.005
0.894 0.662 0 0.005
0.895 0.109 0 0.005
0.895 0.702 0 0.005
0.896 0.213 0 0.005
0.896 0.369 0 0.005
0.896 0.867 0 0.005
0.897 0.63 0 0.005
0.898 0.236 0 0.005
0.898 0.293 0 0.005
0.898 0.9981904761904762 0 0.005
0.9 0.246 0 0.005
0.9 0.27 0 0.005
0.9 0.447 0 0.005
0.9 0.592 0 0.005
0.901 0.536 0 0.005
0.901 0.736 0 0.005
0.901 0.818 0 0.005
0.902 0.066 0 0.005
0.902 0.201 0 0.005
0.902 0.377 0 0.005
0.902 0.693 0 0.005
0.902 0.876 0 0.005
0.903 0.099 0 0.005
0.903 0.184 0 0.005
0.903 0.615 0 0.005
0.904 0.746 0 0.005
0.904 0.774 0 0.005
0.905 0.79 0 0.005
0.905 0.859 0 0.005
0.905 0.926 0 0.005
0.906 0.485 0 0.005
0.907 0.307 0 0.005
0.907 0.422 0 0.005
0.907 0.643 0 0.005
0.907 0.988 0 0.005
0.908 0.022 0 0.005
0.908 0.322 0 0.005
0.908 0.658 0 0.005
0.908 0.725 0 0.005
0.908 0.759 0 0.005
0.909 0.276 0 0.005
0.909 0.359 0 0.005
0.909 0.957 0 0.005
0.91 0.078 0 0.005
0.91 0.474 0 0.005
0.911 0.038 0 0.005
0.911 0.266 0 0.005
0.911 0.832 0 0.005
0.912 0.212 0 0.005
0.913 0.335 0 0.005
0.913 0.45 0 0.005
0.913 0.672 0 0.005
0.915 0.549 0 0.005
0.915 0.612 0 0.005
0.915 0.976 0 0.005
0.916 0.096 0 0.005
0.916 0.118 0 0.005
0.916 0.347 0 0.005
0.916 0.778 0 0.005
0.917 0.157 0 0.005
0.917 0.227 0 0.005
0.917 0.599 0 0.005
0.917 0.928 0 0.005
0.918 0.372 0 0.005
0.918 0.848 0 0.005
0.919 0.086 0 0.005
0.919 0.185 0 0.005
0.919 0.302 0 0.005
0.919 0.511 0 0.005
0.919 0.751 0 0.005
0.921 0.012 0 0.005
0.921 0.731 0 0.005
0.921 0.791 0 0.005
0.921 0.896 0 0.005
0.922 0.132 0 0.005
0.922 0.26 0 0.005
0.922 0.324 0 0.005
0.922 0.465 0 0.005
0.922 0.621 0 0.005
0.922 0.812 0 0.005
0.923 0.286 0 0.005
0.923 0.825 0 0.005
0.924 0.77 0 0.005
0.925 0.068 0 0.005
0.925 0.633 0 0.005
0.925 0.884 0 0.005
0.926 0.45 0 0.005
0.926 0.56 0 0.005
0.926 0.958 0 0.005
0.927 0.677 0 0.005
0.927 0.698 0 0.005
0.928 0.386 0 0.005
0.929 0.041 0 0.005
0.93 0.611 0 0.005
0.931 0.025 0 0.005
0.931 0.101 0 0.005
0.931 0.318 0 0.005
0.931 0.57 0 0.005
0.931 0.98 0 0.005
0.932 0.924 0 0.005
0.933 0.088 0 0.005
0.933 0.627 0 0.005
0.933 0.787 0 0.005
0.934 0.942 0 0.005
0.935 0.818 0 0.005
0.936 0.203 0 0.005
0.936 0.226 0 0.005
0.936 0.419 0 0.005
0.936 0.474 0 0.005
0.936 0.537 0 0.005
0.936 0.775 0 0.005
0.936 0.887 0 0.005
0.936 0.905 0 0.005
0.937 0.055 0 0.005
0.937 0.553 0 0.005
0.937 0.654 0 0.005
0.938 0.283 0 0.005
0.938 0.299 0 0.005
0.938 0.453 0 0.005
0.938 0.761 0 0.005
0.939 0.44 0 0.005
0.94 0.015 0 0.005
0.94 0.034 0 0.005
0.94 0.679 0 0.005
0.94 0.72 0 0.005
0.941 0.107 0 0.005
0.941 0.262 0 0.005
0.941 0.383 0 0.005
0.942 0.359 0 0.005
0.942 0.971 0 0.005
0.943 0.121 0 0.005
0.943 0.509 0 0.005
0.944 0.133 0 0.005
0.944 0.605 0 0.005
0.944 0.796 0 0.005
0.945 0.834 0 0.005
0.946 0.044 0 0.005
0.946 0.336 0 0.005
0.946 0.432 0 0.005
0.946 0.586 0 0.005
0.946 0.747 0 0.005
0.947 0.222 0 0.005
0.947 0.533 0 0.005
0.947 0.659 0 0.005
0.947 0.845 0 0.005
0.947 0.993 0 0.005
0.948 0.27 0 0.005
0.948 0.558 0 0.005
0.948 0.96 0 0.005
0.949 0.182 0 0.005
0.949 0.31 0 0.005
0.949 0.765 0 0.005
0.95 0.24 0 0.005
0.95 0.705 0 0.005
0.95 0.815 0 0.005
0.951 0.01 0 0.005
0.951 0.101 0 0.005
0.951 0.482 0 0.005
0.952 0.021 0 0.005
0.952 0.157 0 0.005
0.952 0.522 0 0.005
0.953 0.509 0 0.005
0.953 0.828 0 0.005
0.954 0.07 0 0.005
0.954 0.447 0 0.005
0.954 0.601 0 0.005
0.955 0.464 0 0.005
0.956 0.59 0 0.005
0.956 0.747 0 0.005
0.957 0.042 0 0.005
0.957 0.618 0 0.005
0.957 0.778 0 0.005
0.958 0.12 0 0.005
0.958 0.138 0 0.005
0.958 0.291 0 0.005
0.958 0.576 0 0.005
0.958 0.698 0 0.005
0.958 0.898 0 0.005
0.958 0.0004166666666666667 0 0.005
0.959 0.108 0 0.005
0.959 0.929 0 0.005
0.96 0.794 0 0.005
0.961 0.173 0 0.005
0.961 0.343 0 0.005
0.962 0.022 0 0.005
0.962 0.412 0 0.005
0.962 0.499 0 0.005
0.963 0.916 0 0.005
0.964 0.071 0 0.005
0.964 0.21 0 0.005
0.964 0.662 0 0.005
0.964 0.85 0 0.005
0.965 0.06 0 0.005
0.965 0.091 0 0.005
0.965 0.269 0 0.005
0.965 0.434 0 0.005
0.965 0.627 0 0.005
0.965 0.727 0 0.005
0.967 0.363 0 0.005
0.967 0.468 0 0.005
0.967 0.892 0 0.005
0.968 0.012 0 0.005
0.968 0.292 0 0.005
0.968 0.936 0 0.005
0.968 0.969 0 0.005
0.97 0.594 0 0.005
0.97 0.675 0 0.005
0.97 0.703 0 0.005
0.971 0.42 0 0.005
0.971 0.544 0 0.005
0.971 0.777 0 0.005
0.971 0.86 0 0.005
0.972 0.573 0 0.005
0.971 0.9985833333333334 0 0.005
0.973 0.385 0 0.005
0.973 0.556 0 0.005
0.973 0.736 0 0.005
0.974 0.399 0 0.005
0.974 0.815 0 0.005
0.975 0.131 0 0.005
0.975 0.355 0 0.005
0.975 0.65 0 0.005
0.974 0.0 0 0.005
0.976 0.099 0 0.005
0.976 0.188 0 0.005
0.976 0.214 0 0.005
0.976 0.263 0 0.005
0.976 0.28 0 0.005
0.976 0.832 0 0.005
0.976 0.908 0 0.005
0.977 0.081 0 0.005
0.977 0.409 0 0.005
0.977 0.788 0 0.005
0.978 0.312 0 0.005
0.979 0.477 0 0.005
0.979 0.71 0 0.005
0.979 0.929 0 0.005
0.98 0.373 0 0.005
0.98 0.686 0 0.005
0.981 0.292 0 0.005
0.981 0.543 0 0.005
0.982 0.346 0 0.005
0.982 0.432 0 0.005
0.982 0.752 0 0.005
0.982 0.778 0 0.005
0.982 0.87 0 0.005
0.983 0.384 0 0.005
0.983 0.571 0 0.005
0.983 0.638 0 0.005
0.984 0.111 0 0.005
0.984 0.166 0 0.005
0.984 0.248 0 0.005
0.984 0.895 0 0.005
0.984 0.938 0 0.005
0.984 0.9956875 0 0.005
0.985 0.15 0 0.005
0.985 0.502 0 0.005
0.985 0.95 0 0.005
0.986 0.053 0 0.005
0.986 0.176 0 0.005
0.986 0.665 0 0.005
0.987 0.028 0 0.005
0.987 0.074 0 0.005
0.987 0.101 0 0.005
0.987 0.403 0 0.005
0.987 0.649 0 0.005
0.988 0.206 0 0.005
0.988 0.826 0 0.005
0.989 0.883 0 0.005
0.99 0.531 0 0.005
0.99 0.726 0 0.005
0.99 0.736 0 0.005
0.99 0.841 0 0.005
0.99 0.915 0 0.005
0.991 0.557 0 0.005
0.991 0.786 0 0.005
0.992 0.281 0 0.005
0.992 0.473 0 0.005
0.992 0.622 0 0.005
0.994 0.085 0 0.005
0.995 0.456 0 0.005
0.995 0.517 0 0.005
0.9956875 0.316 0 0.005
0.9956875 0.373 0 0.005
0.9956875 0.492 0 0.005
0.9956875 0.961 0 0.005
0.9967708333333334 0.197 0 0.005
0.9967708333333334 0.363 0 0.005
0.9967708333333334 0.646 0 0.005
0.9967708333333334 0.926 0 0.005
0.9972564102564103 0.21 0 0.005
0.9972564102564103 0.266 0 0.005
0.9972564102564103 0.684 0 0.005
0.9977333333333334 0.332 0 0.005
0.9977333333333334 0.389 0 0.005
0.9977333333333334 0.602 0 0.005
0.9977333333333334 0.721 0 0.005
0.9977333333333334 0.891 0 0.005
0.9981904761904762 0.348 0 0.005
0.9981904761904762 0.67 0 0.005
0.9985833333333334 0.533 0 0.005
0.9985833333333334 0.547 0 0.005
0.999 0.054 0 0.005
0.999 0.251 0 0.005
0.999 0.282 0 0.005
0.999 0.409 0 0.005
0.999 0.523 0 0.005
0.999 0.792 0 0.005
