0.016 0.425 0 0.005
0.018 0.638 0 0.005
0.023 0.932 0 0.005
0.028 0.573 0 0.005
0.034 0.75 0 0.005
0.056 0.811 0 0.005
0.072 0.798 0 0.005
0.076 0.944 0 0.005
0.092 0.959 0 0.005
0.1 0.617 0 0.005
0.112 0.286 0 0.005
0.123 0.267 0 0.005
0.124 0.605 0 0.005
0.166 0.299 0 0.005
0.192 0.487 0 0.005
0.228 0.438 0 0.005
0.23 0.95 0 0.005
0.232 0.879 0 0.005
0.248 0.347 0 0.005
0.25 0.709 0 0.005
0.261 0.662 0 0.005
0.272 0.051 0 0.005
0.276 0.558 0 0.005
0.282 0.32 0 0.005
0.287 0.521 0 0.005
0.297 0.827 0 0.005
0.325 0.054 0 0.005
0.33 0.862 0 0.005
0.367 0.268 0 0.005
0.394 0.051 0 0.005
0.422 0.092 0 0.005
0.432 0.027 0 0.005
0.434 0.45 0 0.005
0.435 0.15 0 0.005
0.456 0.887 0 0.005
0.458 0.443 0 0.005
0.458 0.707 0 0.005
0.461 0.47 0 0.005
0.467 0.149 0 0.005
0.487 0.669 0 0.005
0.514 0.651 0 0.005
0.521 0.092 0 0.005
0.522 0.969 0 0.005
0.54 0.297 0 0.005
0.544 0.751 0 0.005
0.558 0.088 0 0.005
0.565 0.023 0 0.005
0.565 0.776 0 0.005
0.576 0.112 0 0.005
0.586 0.609 0 0.005
0.586 0.857 0 0.005
0.587 0.803 0 0.005
0.593 0.722 0 0.005
0.598 0.31 0 0.005
0.61 0.695 0 0.005
0.63 0.209 0 0.005
0.631 0.852 0 0.005
0.66 0.88 0 0.005
0.678 0.756 0 0.005
0.683 0.088 0 0.005
0.69 0.132 0 0.005
0.728 0.583 0 0.005
0.731 0.141 0 0.005
0.736 0.0022833333333333334 0 0.005
0.736 0.9967166666666667 0 0.005
0.751 0.029 0 0.005
0.756 0.71 0 0.005
0.756 0.849 0 0.005
0.757 0.863 0 0.005
0.761 0.611 0 0.005
0.779 0.518 0 0.005
0.78 0.161 0 0.005
0.782 0.66 0 0.005
0.827 0.369 0 0.005
0.833 0.746 0 0.005
0.845 0.897 0 0.005
0.854 0.162 0 0.005
0.855 0.661 0 0.005
0.901 0.267 0 0.005
0.908 0.406 0 0.005
0.912 0.449 0 0.005
0.93 0.562 0 0.005
0.934 0.265 0 0.005
0.935 0.047 0 0.005
0.937 0.996225352112676 0 0.005
0.95 0.159 0 0.005
0.951 0.012 0 0.005
0.979 0.308 0 0.005
