0.015 0.727 0 0.005
0.02 0.971 0 0.005
0.023 0.56 0 0.005
0.031 0.115 0 0.005
0.05 0.228 0 0.005
0.05 0.735 0 0.005
0.061 0.263 0 0.005
0.066 0.197 0 0.005
0.079 0.506 0 0.005
0.08 0.413 0 0.005
0.081 0.492 0 0.005
0.092 0.947 0 0.005
0.101 0.436 0 0.005
0.106 0.077 0 0.005
0.107 0.485 0 0.005
0.12 0.166 0 0.005
0.123 0.815 0 0.005
0.125 0.832 0 0.005
0.143 0.98 0 0.005
0.144 0.275 0 0.005
0.16 0.418 0 0.005
0.162 0.752 0 0.005
0.189 0.379 0 0.005
0.219 0.638 0 0.005
0.23 0.331 0 0.005
0.237 0.177 0 0.005
0.244 0.817 0 0.005
0.252 0.036 0 0.005
0.2575 0.537 0 0.005
0.265 0.776 0 0.005
0.279 0.179 0 0.005
0.294 0.182 0 0.005
0.299 0.164 0 0.005
0.305 0.874 0 0.005
0.338 0.279 0 0.005
0.36 0.769 0 0.005
0.365 0.858 0 0.005
0.418 0.223 0 0.005
0.437 0.331 0 0.005
0.441 0.0022833333333333334 0 0.005
0.468 0.58 0 0.005
0.494 0.688 0 0.005
0.501 0.377 0 0.005
0.517 0.748 0 0.005
0.529 0.934 0 0.005
0.549 0.22 0 0.005
0.599 0.427 0 0.005
0.629 0.275 0 0.005
0.637 0.748 0 0.005
0.658 0.772 0 0.005
0.687 0.497 0 0.005
0.704 0.361 0 0.005
0.707 0.287 0 0.005
0.713 0.468 0 0.005
0.723 0.881 0 0.005
0.732 0.167 0 0.005
0.738 0.269 0 0.005
0.738 0.782 0 0.005
0.748 0.285 0 0.005
0.758 0.204 0 0.005
0.768 0.596 0 0.005
0.775 0.932 0 0.005
0.779 0.474 0 0.005
0.783 0.865 0 0.005
0.786 0.336 0 0.005
0.787 0.45 0 0.005
0.801 0.24 0 0.005
0.814 0.043 0 0.005
0.814 0.637 0 0.005
0.817 0.565 0 0.005
0.819 0.59 0 0.005
0.829 0.177 0 0.005
0.866 0.283 0 0.005
0.889 0.831 0 0.005
0.895 0.861 0 0.005
0.898 0.141 0 0.005
0.899 0.05 0 0.005
0.915 0.099 0 0.005
0.923 0.33 0 0.005
0.925 0.975 0 0.005
0.947 0.438 0 0.005
0.963 0.729 0 0.005
0.966 0.527 0 0.005
0.974 0.449 0 0.005
0.976 0.005 0 0.005
0.985 0.715 0 0.005
0.988 0.007 0 0.005
