0.0027746478873239434 0.046 0 0.005
0.021 0.44 0 0.005
0.021 0.758 0 0.005
0.026 0.103 0 0.005
0.058 0.072 0 0.005
0.073 0.349 0 0.005
0.099 0.335 0 0.005
0.099 0.782 0 0.005
0.117 0.565 0 0.005
0.117 0.583 0 0.005
0.128 0.037 0 0.005
0.128 0.896 0 0.005
0.13 0.091 0 0.005
0.148 0.209 0 0.005
0.167 0.302 0 0.005
0.176 0.485 0 0.005
0.176 0.643 0 0.005
0.188 0.317 0 0.005
0.194 0.769 0 0.005
0.205 0.895 0 0.005
0.214 0.142 0 0.005
0.229 0.52 0 0.005
0.246 0.322 0 0.005
0.293 0.372 0 0.005
0.294 0.103 0 0.005
0.296 0.022 0 0.005
0.323 0.9 0 0.005
0.338 0.712 0 0.005
0.357 0.64 0 0.005
0.365 0.212 0 0.005
0.369 0.137 0 0.005
0.369 0.977 0 0.005
0.371 0.403 0 0.005
0.384 0.738 0 0.005
0.393 0.231 0 0.005
0.401 0.66 0 0.005
0.412 0.649 0 0.005
0.413 0.825 0 0.005
0.432 0.755 0 0.005
0.436 0.973 0 0.005
0.444 0.256 0 0.005
0.457 0.611 0 0.005
0.47 0.924 0 0.005
0.478 0.234 0 0.005
0.491 0.263 0 0.005
0.491 0.755 0 0.005
0.506 0.312 0 0.005
0.51 0.148 0 0.005
0.513 0.3 0 0.005
0.523 0.929 0 0.005
0.54 0.565 0 0.005
0.575 0.956 0 0.005
0.599 0.656 0 0.005
0.617 0.028 0 0.005
0.619 0.817 0 0.005
0.636 0.681 0 0.005
0.645 0.097 0 0.005
0.655 0.791 0 0.005
0.657 0.204 0 0.005
0.667 0.673 0 0.005
0.674 0.791 0 0.005
0.691 0.09 0 0.005
0.692 0.202 0 0.005
0.699 0.87 0 0.005
0.716 0.337 0 0.005
0.723 0.457 0 0.005
0.732 0.527 0 0.005
0.745 0.431 0 0.005
0.79 0.038 0 0.005
0.791 0.624 0 0.005
0.795 0.984 0 0.005
0.806 0.378 0 0.005
0.823 0.615 0 0.005
0.836 0.489 0 0.005
0.853 0.274 0 0.005
0.862 0.087 0 0.005
0.868 0.894 0 0.005
0.886 0.073 0 0.005
0.891 0.021 0 0.005
0.898 0.435 0 0.005
0.914 0.041 0 0.005
0.925 0.255 0 0.005
0.931 0.287 0 0.005
0.951 0.884 0 0.005
0.952 0.941 0 0.005
0.966 0.339 0 0.005
0.966 0.604 0 0.005
0.973 0.764 0 0.005
