0.005 0.116 0 0.005
0.003763440860215054 0.208 0 0.005
0.0022833333333333334 0.265 0 0.005
0.003268292682926829 0.577 0 0.005
0.006 0.695 0 0.005
0.006 0.813 0 0.005
0.012 0.525 0 0.005
0.015 0.54 0 0.005
0.016 0.607 0 0.005
0.016 0.739 0 0.005
0.022 0.005 0 0.005
0.023 0.856 0 0.005
0.023 0.922 0 0.005
0.028 0.476 0 0.005
0.032 0.45 0 0.005
0.055 0.29 0 0.005
0.057 0.635 0 0.005
0.059 0.785 0 0.005
0.06 0.372 0 0.005
0.068 0.521 0 0.005
0.069 0.688 0 0.005
0.073 0.796 0 0.005
0.076 0.073 0 0.005
0.077 0.926 0 0.005
0.082 0.267 0 0.005
0.083 0.716 0 0.005
0.085 0.787 0 0.005
0.092 0.401 0 0.005
0.098 0.927 0 0.005
0.1 0.811 0 0.005
0.101 0.431 0 0.005
0.102 0.099 0 0.005
0.103 0.702 0 0.005
0.105 0.719 0 0.005
0.11 0.549 0 0.005
0.113 0.657 0 0.005
0.116 0.868 0 0.005
0.118 0.39 0 0.005
0.122 0.327 0 0.005
0.129 0.491 0 0.005
0.132 0.386 0 0.005
0.136 0.167 0 0.005
0.14 0.792 0 0.005
0.145 0.846 0 0.005
0.145 0.864 0 0.005
0.146 0.241 0 0.005
0.146 0.416 0 0.005
0.151 0.345 0 0.005
0.153 0.224 0 0.005
0.153 0.744 0 0.005
0.154 0.276 0 0.005
0.156 0.501 0 0.005
0.159 0.247 0 0.005
0.16 0.006 0 0.005
0.161 0.44 0 0.005
0.165 0.336 0 0.005
0.169 0.152 0 0.005
0.174 0.076 0 0.005
0.174 0.986 0 0.005
0.176 0.962 0 0.005
0.18 0.917 0 0.005
0.183 0.673 0 0.005
0.184 0.327 0 0.005
0.19 0.853 0 0.005
0.192 0.096 0 0.005
0.194 0.277 0 0.005
0.199 0.922 0 0.005
0.201 0.227 0 0.005
0.209 0.669 0 0.005
0.215 0.319 0 0.005
0.221 0.3 0 0.005
0.221 0.902 0 0.005
0.221 0.944 0 0.005
0.223 0.536 0 0.005
0.224 0.244 0 0.005
0.224 0.596 0 0.005
0.225 0.68 0 0.005
0.231 0.459 0 0.005
0.231 0.664 0 0.005
0.231 0.879 0 0.005
0.237 0.738 0 0.005
0.242 0.363 0 0.005
0.246 0.552 0 0.005
0.251 0.792 0 0.005
0.252 0.57 0 0.005
0.256 0.9952365591397849 0 0.005
0.263 0.249 0 0.005
0.264 0.578 0 0.005
0.269 0.475 0 0.005
0.271 0.871 0 0.005
0.272 0.766 0 0.005
0.278 0.577 0 0.005
0.279 0.065 0 0.005
0.282 0.324 0 0.005
0.286 0.607 0 0.005
0.293 0.069 0 0.005
0.298 0.746 0 0.005
0.301 0.52 0 0.005
0.305 0.835 0 0.005
0.312 0.793 0 0.005
0.32 0.337 0 0.005
0.322 0.051 0 0.005
0.324 0.729 0 0.005
0.329 0.357 0 0.005
0.336 0.734 0 0.005
0.338 0.87 0 0.005
0.34 0.212 0 0.005
0.346 0.367 0 0.005
0.348 0.38 0 0.005
0.349 0.483 0 0.005
0.349 0.716 0 0.005
0.351 0.105 0 0.005
0.356 0.885 0 0.005
0.361 0.792 0 0.005
0.363 0.188 0 0.005
0.363 0.945 0 0.005
0.367 0.625 0 0.005
0.369 0.664 0 0.005
0.369 0.85 0 0.005
0.371 0.035 0 0.005
0.373 0.201 0 0.005
0.374 0.284 0 0.005
0.376 0.15 0 0.005
0.379 0.051 0 0.005
0.383 0.125 0 0.005
0.383 0.138 0 0.005
0.384 0.714 0 0.005
0.385 0.941 0 0.005
0.3915 0.412 0 0.005
0.391 0.112 0 0.005
0.391 0.495 0 0.005
0.392 0.26 0 0.005
0.395 0.238 0 0.005
0.397 0.889 0 0.005
0.402 0.727 0 0.005
0.405 0.508 0 0.005
0.408 0.823 0 0.005
0.414 0.219 0 0.005
0.417 0.682 0 0.005
0.418 0.466 0 0.005
0.42 0.305 0 0.005
0.421 0.289 0 0.005
0.421 0.324 0 0.005
0.422 0.133 0 0.005
0.428 0.631 0 0.005
0.43 0.874 0 0.005
0.431 0.923 0 0.005
0.434 0.425 0 0.005
0.435 0.469 0 0.005
0.439 0.305 0 0.005
0.439 0.884 0 0.005
0.44 0.833 0 0.005
0.444 0.458 0 0.005
0.446 0.634 0 0.005
0.451 0.027 0 0.005
0.452 0.393 0 0.005
0.453 0.851 0 0.005
0.457 0.591 0 0.005
0.459 0.191 0 0.005
0.461 0.38 0 0.005
0.465 0.926 0 0.005
0.478 0.761 0 0.005
0.478 0.836 0 0.005
0.482 0.784 0 0.005
0.485 0.186 0 0.005
0.486 0.116 0 0.005
0.493 0.951 0 0.005
0.496 0.742 0 0.005
0.498 0.573 0 0.005
0.501 0.296 0 0.005
0.501 0.68 0 0.005
0.505 0.186 0 0.005
0.507 0.853 0 0.005
0.509 0.211 0 0.005
0.524 0.527 0 0.005
0.528 0.787 0 0.005
0.529 0.761 0 0.005
0.531 0.32 0 0.005
0.531 0.41 0 0.005
0.531 0.703 0 0.005
0.535 0.849 0 0.005
0.541 0.799 0 0.005
0.543 0.944 0 0.005
0.545 0.173 0 0.005
0.545 0.654 0 0.005
0.552 0.895 0 0.005
0.56 0.627 0 0.005
0.561 0.763 0 0.005
0.564 0.02 0 0.005
0.567 0.438 0 0.005
0.568 0.749 0 0.005
0.569 0.884 0 0.005
0.575 0.675 0 0.005
0.576 0.917 0 0.005
0.577 0.766 0 0.005
0.578 0.097 0 0.005
0.579 0.9 0 0.005
0.58 0.08 0 0.005
0.58 0.64 0 0.005
0.582 0.273 0 0.005
0.583 0.711 0 0.005
0.585 0.008 0 0.005
0.588 0.496 0 0.005
0.589 0.252 0 0.005
0.593 0.574 0 0.005
0.597 0.31 0 0.005
0.607 0.776 0 0.005
0.608 0.682 0 0.005
0.609 0.597 0 0.005
0.61 0.353 0 0.005
0.615 0.618 0 0.005
0.618 0.021 0 0.005
0.618 0.093 0 0.005
0.618 0.852 0 0.005
0.622 0.081 0 0.005
0.622 0.891 0 0.005
0.625 0.598 0 0.005
0.631 0.449 0 0.005
0.632 0.342 0 0.005
0.632 0.39 0 0.005
0.635 0.485 0 0.005
0.635 0.964 0 0.005
0.642 0.794 0 0.005
0.643 0.095 0 0.005
0.645 0.155 0 0.005
0.646 0.687 0 0.005
0.652 0.006 0 0.005
0.652 0.778 0 0.005
0.653 0.758 0 0.005
0.662 0.105 0 0.005
0.667 0.582 0 0.005
0.67 0.776 0 0.005
0.675 0.418 0 0.005
0.675 0.494 0 0.005
0.68 0.353 0 0.005
0.683 0.114 0 0.005
0.691 0.257 0 0.005
0.694 0.528 0 0.005
0.697 0.623 0 0.005
0.701 0.075 0 0.005
0.701 0.382 0 0.005
0.701 0.696 0 0.005
0.708 0.547 0 0.005
0.711 0.204 0 0.005
0.712 0.407 0 0.005
0.712 0.427 0 0.005
0.714 0.602 0 0.005
0.718 0.495 0 0.005
0.727 0.071 0 0.005
0.729 0.302 0 0.005
0.731 0.003763440860215054 0 0.005
0.742 0.6365 0 0.005
0.739 0.409 0 0.005
0.739 0.577 0 0.005
0.742 0.196 0 0.005
0.744 0.917 0 0.005
0.747 0.465 0 0.005
0.752 0.256 0 0.005
0.752 0.725 0 0.005
0.754 0.494 0 0.005
0.755 0.546 0 0.005
0.764 0.141 0 0.005
0.765 0.909 0 0.005
0.766 0.204 0 0.005
0.766 0.258 0 0.005
0.77 0.566 0 0.005
0.774 0.224 0 0.005
0.774 0.879 0 0.005
0.78 0.831 0 0.005
0.781 0.324 0 0.005
0.784 0.493 0 0.005
0.792 0.162 0 0.005
0.792 0.19 0 0.005
0.792 0.726 0 0.005
0.795 0.322 0 0.005
0.795 0.688 0 0.005
0.796 0.136 0 0.005
0.796 0.509 0 0.005
0.801 0.334 0 0.005
0.802 0.087 0 0.005
0.802 0.855 0 0.005
0.807 0.444 0 0.005
0.808 0.353 0 0.005
0.81 0.773 0 0.005
0.815 0.42 0 0.005
0.817 0.817 0 0.005
0.817 0.878 0 0.005
0.8265 0.108 0 0.005
0.822 0.62 0 0.005
0.823 0.228 0 0.005
0.825 0.135 0 0.005
0.826 0.705 0 0.005
0.827 0.91 0 0.005
0.828 0.607 0 0.005
0.832 0.067 0 0.005
0.835 0.753 0 0.005
0.837 0.438 0 0.005
0.838 0.629 0 0.005
0.84 0.672 0 0.005
0.841 0.321 0 0.005
0.844 0.862 0 0.005
0.845 0.091 0 0.005
0.847 0.125 0 0.005
0.85 0.631 0 0.005
0.85 0.685 0 0.005
0.854 0.89 0 0.005
0.862 0.068 0 0.005
0.863 0.336 0 0.005
0.866 0.662 0 0.005
0.868 0.576 0 0.005
0.868 0.905 0 0.005
0.871 0.037 0 0.005
0.872 0.401 0 0.005
0.874 0.983 0 0.005
0.879 0.107 0 0.005
0.88 0.52 0 0.005
0.88 0.682 0 0.005
0.881 0.654 0 0.005
0.886 0.799 0 0.005
0.893 0.283 0 0.005
0.893 0.523 0 0.005
0.896 0.499 0 0.005
0.897 0.654 0 0.005
0.899 0.36 0 0.005
0.899 0.971 0 0.005
0.901 0.1 0 0.005
0.905 0.139 0 0.005
0.906 0.452 0 0.005
0.91 0.716 0 0.005
0.911 0.43 0 0.005
0.912 0.271 0 0.005
0.918 0.968 0 0.005
0.919 0.17 0 0.005
0.924 0.75 0 0.005
0.934 0.53 0 0.005
0.935 0.968 0 0.005
0.936 0.202 0 0.005
0.943 0.175 0 0.005
0.95 0.045 0 0.005
0.951 0.268 0 0.005
0.962 0.005 0 0.005
0.962 0.461 0 0.005
0.962 0.575 0 0.005
0.962 0.955 0 0.005
0.972 0.367 0 0.005
0.973 0.565 0 0.005
0.975 0.601 0 0.005
0.986 0.63 0 0.005
0.989 0.971 0 0.005
0.994 0.039 0 0.005
0.996225352112676 0.862 0 0.005
