0.006544444444444444 0.94055 0 0.005
0.007 0.355 0 0.005
0.012 0.219 0 0.005
0.013 0.413 0 0.005
0.016 0.291 0 0.005
0.018 0.577 0 0.005
0.019 0.528 0 0.005
0.021 0.085 0 0.005
0.023 0.44 0 0.005
0.024 0.971 0 0.005
0.027 0.178 0 0.005
0.027 0.472 0 0.005
0.029 0.736 0 0.005
0.03 0.707 0 0.005
0.041 0.111 0 0.005
0.043 0.844 0 0.005
0.053 0.102 0 0.005
0.053 0.398 0 0.005
0.055 0.41 0 0.005
0.06 0.344 0 0.005
0.061 0.086 0 0.005
0.063 0.013 0 0.005
0.067 0.729 0 0.005
0.074 0.298 0 0.005
0.079 0.216 0 0.005
0.081 0.983 0 0.005
0.082 0.182 0 0.005
0.085 0.04 0 0.005
0.088 0.249 0 0.005
0.089 0.169 0 0.005
0.098 0.507 0 0.005
0.098 0.885 0 0.005
0.098 0.939 0 0.005
0.1 0.474 0 0.005
0.104 0.441 0 0.005
0.108 0.334 0 0.005
0.118 0.139 0 0.005
0.12 0.731 0 0.005
0.123 0.867 0 0.005
0.125 0.156 0 0.005
0.128 0.751 0 0.005
0.129 0.82 0 0.005
0.13 0.359 0 0.005
0.133 0.2 0 0.005
0.134 0.127 0 0.005
0.134 0.332 0 0.005
0.136 0.568 0 0.005
0.139 0.063 0 0.005
0.139 0.961 0 0.005
0.141 0.545 0 0.005
0.144 0.18 0 0.005
0.147 0.462 0 0.005
0.147 0.837 0 0.005
0.151 0.732 0 0.005
0.153 0.475 0 0.005
0.153 0.66 0 0.005
0.156 0.304 0 0.005
0.159 0.33 0 0.005
0.159 0.616 0 0.005
0.166 0.509 0 0.005
0.172 0.159 0 0.005
0.178 0.478 0 0.005
0.18 0.657 0 0.005
0.182 0.768 0 0.005
0.183 0.266 0 0.005
0.192 0.67 0 0.005
0.198 0.099 0 0.005
0.2 0.952 0 0.005
0.203 0.125 0 0.005
0.205 0.436 0 0.005
0.205 0.589 0 0.005
0.21 0.085 0 0.005
0.217 0.36 0 0.005
0.218 0.521 0 0.005
0.223 0.025 0 0.005
0.225 0.726 0 0.005
0.228 0.473 0 0.005
0.229 0.205 0 0.005
0.2355 0.1695 0 0.005
0.232 0.833 0 0.005
0.232 0.845 0 0.005
0.233 0.874 0 0.005
0.247 0.514 0 0.005
0.25 0.742 0 0.005
0.259 0.541 0 0.005
0.26 0.322 0 0.005
0.261 0.22 0 0.005
0.262 0.475 0 0.005
0.263 0.11 0 0.005
0.275 0.155 0 0.005
0.28 0.685 0 0.005
0.28 0.922 0 0.005
0.281 0.521 0 0.005
0.283 0.121 0 0.005
0.293 0.933 0 0.005
0.294 0.181 0 0.005
0.297 0.067 0 0.005
0.298 0.432 0 0.005
0.299 0.235 0 0.005
0.3 0.834 0 0.005
0.318 0.149 0 0.005
0.32 0.449 0 0.005
0.324 0.752 0 0.005
0.329 0.364 0 0.005
0.329 0.767 0 0.005
0.332 0.914 0 0.005
0.334 0.455 0 0.005
0.337 0.629 0 0.005
0.338 0.738 0 0.005
0.339 0.311 0 0.005
0.34 0.844 0 0.005
0.342 0.039 0 0.005
0.342 0.406 0 0.005
0.351 0.355 0 0.005
0.351 0.553 0 0.005
0.357 0.113 0 0.005
0.365 0.685 0 0.005
0.367 0.762 0 0.005
0.373 0.424 0 0.005
0.373 0.449 0 0.005
0.378 0.297 0 0.005
0.382 0.144 0 0.005
0.383 0.98 0 0.005
0.389 0.538 0 0.005
0.39 0.206 0 0.005
0.391 0.059 0 0.005
0.394 0.594 0 0.005
0.395 0.003763440860215054 0 0.005
0.397 0.167 0 0.005
0.398 0.964 0 0.005
0.399 0.074 0 0.005
0.4 0.377 0 0.005
0.402 0.26 0 0.005
0.403 0.992 0 0.005
0.405 0.672 0 0.005
0.407 0.873 0 0.005
0.408 0.212 0 0.005
0.41 0.126 0 0.005
0.415 0.2 0 0.005
0.416 0.386 0 0.005
0.42 0.644 0 0.005
0.421 0.313 0 0.005
0.425 0.699 0 0.005
0.43 0.171 0 0.005
0.43 0.567 0 0.005
0.43 0.746 0 0.005
0.431 0.418 0 0.005
0.431 0.982 0 0.005
0.435 0.216 0 0.005
0.439 0.656 0 0.005
0.449 0.295 0 0.005
0.452 0.505 0 0.005
0.453 0.726 0 0.005
0.454 0.889 0 0.005
0.455 0.745 0 0.005
0.456 0.962 0 0.005
0.457 0.905 0 0.005
0.46 0.635 0 0.005
0.462 0.34 0 0.005
0.47 0.178 0 0.005
0.475 0.517 0 0.005
0.476 0.693 0 0.005
0.478 0.794 0 0.005
0.478 0.918 0 0.005
0.486 0.623 0 0.005
0.493 0.751 0 0.005
0.497 0.283 0 0.005
0.497 0.575 0 0.005
0.499 0.236 0 0.005
0.504 0.386 0 0.005
0.507 0.251 0 0.005
0.508 0.676 0 0.005
0.516 0.291 0 0.005
0.522 0.657 0 0.005
0.523 0.122 0 0.005
0.524 0.481 0 0.005
0.527 0.162 0 0.005
0.532 0.255 0 0.005
0.532 0.901 0 0.005
0.538 0.49 0 0.005
0.54 0.695 0 0.005
0.547 0.677 0 0.005
0.549 0.007 0 0.005
0.549 0.996225352112676 0 0.005
0.555 0.358 0 0.005
0.555 0.49 0 0.005
0.56 0.523 0 0.005
0.563 0.74 0 0.005
0.563 0.894 0 0.005
0.57 0.087 0 0.005
0.571 0.597 0 0.005
0.571 0.807 0 0.005
0.577 0.382 0 0.005
0.577 0.741 0 0.005
0.583 0.702 0 0.005
0.587 0.301 0 0.005
0.587 0.877 0 0.005
0.592 0.957 0 0.005
0.593 0.605 0 0.005
0.594 0.372 0 0.005
0.596 0.067 0 0.005
0.601 0.587 0 0.005
0.601 0.923 0 0.005
0.606 0.0275 0 0.005
0.606 0.898 0 0.005
0.607 0.276 0 0.005
0.61 0.389 0 0.005
0.626 0.603 0 0.005
0.627 0.352 0 0.005
0.629 0.417 0 0.005
0.629 0.898 0 0.005
0.642 0.961 0 0.005
0.644 0.726 0 0.005
0.647 0.138 0 0.005
0.651 0.45 0 0.005
0.651 0.947 0 0.005
0.653 0.069 0 0.005
0.656 0.108 0 0.005
0.656 0.671 0 0.005
0.6635 0.819 0 0.005
0.662 0.766 0 0.005
0.663 0.015 0 0.005
0.663 0.201 0 0.005
0.663 0.651 0 0.005
0.664 0.033 0 0.005
0.669 0.591 0 0.005
0.673 0.535 0 0.005
0.673 0.549 0 0.005
0.675 0.192 0 0.005
0.676 0.158 0 0.005
0.676 0.304 0 0.005
0.678 0.00434313725490196 0 0.005
0.681 0.037 0 0.005
0.687 0.398 0 0.005
0.695 0.769 0 0.005
0.698 0.198 0 0.005
0.698 0.464 0 0.005
0.698 0.587 0 0.005
0.699 0.844 0 0.005
0.701 0.259 0 0.005
0.704 0.492 0 0.005
0.705 0.387 0 0.005
0.705 0.857 0 0.005
0.707 0.819 0 0.005
0.711 0.084 0 0.005
0.711 0.422 0 0.005
0.714 0.117 0 0.005
0.716 0.895 0 0.005
0.717 0.605 0 0.005
0.72 0.658 0 0.005
0.724 0.799 0 0.005
0.726 0.255 0 0.005
0.729 0.325 0 0.005
0.73 0.128 0 0.005
0.732 0.527 0 0.005
0.732 0.969 0 0.005
0.743 0.894 0 0.005
0.744 0.882 0 0.005
0.751 0.135 0 0.005
0.756 0.851 0 0.005
0.757 0.239 0 0.005
0.758 0.083 0 0.005
0.76 0.592 0 0.005
0.76 0.802 0 0.005
0.763 0.062 0 0.005
0.768 0.895 0 0.005
0.769 0.377 0 0.005
0.772 0.76 0 0.005
0.772 0.964 0 0.005
0.775 0.465 0 0.005
0.776 0.435 0 0.005
0.78 0.315 0 0.005
0.786 0.578 0 0.005
0.788 0.478 0 0.005
0.789 0.56 0 0.005
0.789 0.992 0 0.005
0.793 0.00434313725490196 0 0.005
0.795 0.789 0 0.005
0.796 0.194 0 0.005
0.801 0.903 0 0.005
0.803 0.254 0 0.005
0.806 0.468 0 0.005
0.807 0.524 0 0.005
0.807 0.786 0 0.005
0.808 0.057 0 0.005
0.814 0.341 0 0.005
0.817 0.451 0 0.005
0.819 0.593 0 0.005
0.823 0.748 0 0.005
0.831 0.691 0 0.005
0.833 0.015 0 0.005
0.833 0.333 0 0.005
0.835 0.487 0 0.005
0.842 0.896 0 0.005
0.847 0.003763440860215054 0 0.005
0.854 0.735 0 0.005
0.855 0.37 0 0.005
0.857 0.077 0 0.005
0.858 0.55 0 0.005
0.86 0.207 0 0.005
0.862 0.914 0 0.005
0.872 0.811 0 0.005
0.879 0.681 0 0.005
0.884 0.478 0 0.005
0.885 0.801 0 0.005
0.887 0.08 0 0.005
0.888 0.251 0 0.005
0.889 0.361 0 0.005
0.891 0.755 0 0.005
0.896 0.461 0 0.005
0.896 0.781 0 0.005
0.899 0.965 0 0.005
0.901 0.932 0 0.005
0.907 0.526 0 0.005
0.908 0.584 0 0.005
0.908 0.648 0 0.005
0.915 0.704 0 0.005
0.915 0.716 0 0.005
0.919 0.246 0 0.005
0.919 0.673 0 0.005
0.924 0.496 0 0.005
0.929 0.179 0 0.005
0.931 0.15 0 0.005
0.933 0.641 0 0.005
0.934 0.252 0 0.005
0.934 0.45 0 0.005
0.934 0.668 0 0.005
0.935 0.323 0 0.005
0.937 0.992 0 0.005
0.939 0.128 0 0.005
0.94 0.192 0 0.005
0.944 0.713 0 0.005
0.946 0.751 0 0.005
0.95 0.683 0 0.005
0.956 0.523 0 0.005
0.96 0.186 0 0.005
0.963 0.608 0 0.005
0.964 0.921 0 0.005
0.97 0.716 0 0.005
0.971 0.47 0 0.005
0.972 0.024 0 0.005
0.974 0.396 0 0.005
0.975 0.449 0 0.005
0.98 0.902 0 0.005
0.98 0.98 0 0.005
0.989 0.147 0 0.005
0.989 0.323 0 0.005
0.992 0.203 0 0.005
0.992 0.539 0 0.005
0.9957317073170732 0.346 0 0.005
