0.004845070422535211 0.007316901408450704 0 0.005
0.0027746478873239434 0.036 0 0.005
0.01378996282527881 0.059823420074349445 0 0.005
0.0022833333333333334 0.074 0 0.005
0.0022833333333333334 0.087 0 0.005
0.003268292682926829 0.103 0 0.005
0.005 0.119 0 0.005
0.0022833333333333334 0.148 0 0.005
0.0027746478873239434 0.183 0 0.005
0.003268292682926829 0.201 0 0.005
0.003763440860215054 0.217 0 0.005
0.00434313725490196 0.255 0 0.005
0.00872661870503597 0.27525539568345325 0 0.005
0.005 0.29 0 0.005
0.003763440860215054 0.309 0 0.005
0.0022833333333333334 0.326 0 0.005
0.00434313725490196 0.366 0 0.005
0.003763440860215054 0.391 0 0.005
0.0022833333333333334 0.431 0 0.005
0.005938888888888889 0.44905555555555554 0 0.005
0.0022833333333333334 0.463 0 0.005
0.0027746478873239434 0.495 0 0.005
0.005 0.507 0 0.005
0.003268292682926829 0.523 0 0.005
0.00434313725490196 0.54 0 0.005
0.0027746478873239434 0.598 0 0.005
0.003268292682926829 0.618 0 0.005
0.004727777777777778 0.6406611111111111 0 0.005
0.00434313725490196 0.682 0 0.005
0.003763440860215054 0.694 0 0.005
0.006564575645756457 0.7176568265682657 0 0.005
0.003763440860215054 0.786 0 0.005
0.005 0.8 0 0.005
0.003763440860215054 0.82 0 0.005
0.0027746478873239434 0.843 0 0.005
0.0027746478873239434 0.862 0 0.005
0.00434313725490196 0.88 0 0.005
0.0027746478873239434 0.894 0 0.005
0.0022833333333333334 0.918 0 0.005
0.003763440860215054 0.947 0 0.005
0.003763440860215054 0.962 0 0.005
0.005 0.974 0 0.005
0.0022833333333333334 0.988 0 0.005
0.006 0.229 0 0.005
0.006 0.346 0 0.005
0.007 0.574 0 0.005
0.007 0.74 0 0.005
0.007 0.755 0 0.005
0.011 0.7735 0 0.005
0.0115 0.407 0 0.005
0.008 0.664 0 0.005
0.009 0.167 0 0.005
0.009 0.242 0 0.005
0.009 0.484 0 0.005
0.009 0.556 0 0.005
0.009 0.909 0 0.005
0.018333333333333333 0.034666666666666665 0 0.005
0.011 0.131 0 0.005
0.011 0.852 0 0.005
0.011 0.929 0 0.005
0.012 0.094 0 0.005
0.013 0.151 0 0.005
0.013 0.334 0 0.005
0.017 0.4265 0 0.005
0.013 0.496 0 0.005
0.013 0.608 0 0.005
0.013 0.628 0 0.005
0.013 0.893 0 0.005
0.014 0.833 0 0.005
0.0175 0.3125 0 0.005
0.015 0.701 0 0.005
0.015 0.9952365591397849 0 0.005
0.016 0.18 0 0.005
0.016 0.537 0 0.005
0.016 0.878 0 0.005
0.017 0.008 0 0.005
0.017 0.11 0 0.005
0.017 0.2 0 0.005
0.018 0.258 0 0.005
0.018 0.372 0 0.005
0.0215 0.389 0 0.005
0.018 0.474 0 0.005
0.018 0.733 0 0.005
0.018 0.864 0 0.005
0.023 0.7595 0 0.005
0.019 0.973 0 0.005
0.02366666666666667 0.4513333333333333 0 0.005
0.02 0.596 0 0.005
0.02775 0.95775 0 0.005
0.021 0.168 0 0.005
0.021 0.514 0 0.005
0.021 0.815 0 0.005
0.021 0.916 0 0.005
0.022 0.231 0 0.005
0.0265 0.29 0 0.005
0.022 0.345 0 0.005
0.022 0.36 0 0.005
0.0275 0.796 0 0.005
0.023 0.212 0 0.005
0.0285 0.5685 0 0.005
0.023 0.583 0 0.005
0.023 0.637 0 0.005
0.0285 0.658 0 0.005
0.023 0.842 0 0.005
0.025 0.244 0 0.005
0.025 0.49 0 0.005
0.025 0.502 0 0.005
0.025 0.557 0 0.005
0.025 0.675 0 0.005
0.025 0.89 0 0.005
0.026 0.084 0 0.005
0.026 0.127 0 0.005
0.026 0.147 0 0.005
0.027 0.1 0 0.005
0.027 0.33 0 0.005
0.027 0.692 0 0.005
0.028 0.0022833333333333334 0 0.005
0.028 0.015 0 0.005
0.028 0.274 0 0.005
0.028 0.716 0 0.005
0.028 0.983 0 0.005
0.029 0.028 0 0.005
0.029 0.18 0 0.005
0.029 0.193 0 0.005
0.04325 0.71 0 0.005
0.03 0.406 0 0.005
0.03 0.604 0 0.005
0.03 0.858 0 0.005
0.031 0.731 0 0.005
0.031 0.871 0 0.005
0.032 0.317 0 0.005
0.032 0.618 0 0.005
0.032 0.744 0 0.005
0.032 0.905 0 0.005
0.032 0.928 0 0.005
0.033 0.061 0 0.005
0.033 0.303 0 0.005
0.033 0.38 0 0.005
0.033 0.531 0 0.005
0.034 0.341 0 0.005
0.034 0.428 0 0.005
0.034 0.511 0 0.005
0.034 0.775 0 0.005
0.035 0.359 0 0.005
0.035 0.944 0 0.005
0.036 0.252 0 0.005
0.036 0.464 0 0.005
0.036 0.546 0 0.005
0.036 0.584 0 0.005
0.036 0.646 0 0.005
0.037 0.073 0 0.005
0.037 0.393 0 0.005
0.038 0.63 0 0.005
0.038 0.805 0 0.005
0.038 0.833 0 0.005
0.039 0.085 0 0.005
0.04 0.017 0 0.005
0.043666666666666666 0.15133333333333335 0 0.005
0.04 0.443 0 0.005
0.04 0.883 0 0.005
0.051333333333333335 0.26866666666666666 0 0.005
0.041 0.896 0 0.005
0.041 0.979 0 0.005
0.042 0.175 0 0.005
0.042 0.225 0 0.005
0.042 0.239 0 0.005
0.042 0.405 0 0.005
0.042 0.479 0 0.005
0.042 0.697 0 0.005
0.042 0.754 0 0.005
0.042 0.845 0 0.005
0.042 0.992 0 0.005
0.043 0.042 0 0.005
0.04933333333333333 0.8283333333333334 0 0.005
0.043 0.862 0 0.005
0.0465 0.1055 0 0.005
0.044 0.68 0 0.005
0.044 0.932 0 0.005
0.045 0.301 0 0.005
0.045 0.373 0 0.005
0.046 0.21 0 0.005
0.046 0.425 0 0.005
0.046 0.668 0 0.005
0.047 0.063 0 0.005
0.047 0.193 0 0.005
0.047 0.335 0 0.005
0.047 0.359 0 0.005
0.047 0.5 0 0.005
0.047 0.618 0 0.005
0.047 0.654 0 0.005
0.047 0.916 0 0.005
0.048 0.317 0 0.005
0.048 0.597 0 0.005
0.048 0.783 0 0.005
0.048 0.95 0 0.005
0.049 0.46 0 0.005
0.0515 0.5335 0 0.005
0.049 0.577 0 0.005
0.049 0.771 0 0.005
0.05 0.005 0 0.005
0.05566666666666666 0.037 0 0.005
0.05 0.512 0 0.005
0.051 0.285 0 0.005
0.051 0.488 0 0.005
0.051 0.556 0 0.005
0.051 0.637 0 0.005
0.052 0.439 0 0.005
0.0575 0.7995 0 0.005
0.052 0.889 0 0.005
0.052 0.903 0 0.005
0.053 0.127 0 0.005
0.053 0.413 0 0.005
0.053 0.736 0 0.005
0.053 0.853 0 0.005
0.053 0.981 0 0.005
0.055 0.228 0 0.005
0.055 0.252 0 0.005
0.055 0.752 0 0.005
0.0615 0.3915 0 0.005
0.056 0.682 0 0.005
0.057 0.089 0 0.005
0.057 0.349 0 0.005
0.06333333333333334 0.8863333333333334 0 0.005
0.058 0.325 0 0.005
0.058 0.626 0 0.005
0.059 0.074 0 0.005
0.059 0.369 0 0.005
0.059 0.477 0 0.005
0.059 0.587 0 0.005
0.059 0.816 0 0.005
0.059 0.957 0 0.005
0.06 0.173 0 0.005
0.0645 0.211 0 0.005
0.06 0.312 0 0.005
0.06 0.609 0 0.005
0.06 0.666 0 0.005
0.06 0.695 0 0.005
0.061 0.14 0 0.005
0.061 0.299 0 0.005
0.061 0.45 0 0.005
0.061 0.462 0 0.005
0.065 0.0185 0 0.005
0.062 0.196 0 0.005
0.062 0.828 0 0.005
0.062 0.93 0 0.005
0.062 0.9957317073170732 0 0.005
0.063 0.0022833333333333334 0 0.005
0.0685 0.114 0 0.005
0.063 0.523 0 0.005
0.063 0.723 0 0.005
0.063 0.772 0 0.005
0.064 0.103 0 0.005
0.064 0.152 0 0.005
0.07066666666666667 0.492 0 0.005
0.064 0.51 0 0.005
0.0665 0.7485 0 0.005
0.065 0.42 0 0.005
0.065 0.789 0 0.005
0.066 0.535 0 0.005
0.066 0.573 0 0.005
0.066 0.852 0 0.005
0.067 0.055 0 0.005
0.072 0.2525 0 0.005
0.067 0.653 0 0.005
0.07775 0.90875 0 0.005
0.068 0.405 0 0.005
0.068 0.436 0 0.005
0.068 0.678 0 0.005
0.068 0.84 0 0.005
0.069 0.559 0 0.005
0.069 0.618 0 0.005
0.07 0.287 0 0.005
0.0725 0.3565 0 0.005
0.07 0.982 0 0.005
0.071 0.09 0 0.005
0.071 0.599 0 0.005
0.071 0.94 0 0.005
0.071 0.961 0 0.005
0.072 0.233 0 0.005
0.0755 0.468 0 0.005
0.081 0.555 0 0.005
0.073 0.075 0 0.005
0.073 0.179 0 0.005
0.073 0.337 0 0.005
0.074 0.143 0 0.005
0.074 0.302 0 0.005
0.074 0.635 0 0.005
0.075 0.003763440860215054 0 0.005
0.075 0.129 0 0.005
0.075 0.16 0 0.005
0.075 0.52 0 0.005
0.09566666666666668 0.6914166666666667 0 0.005
0.076 0.041 0 0.005
0.0785 0.2155 0 0.005
0.076 0.268 0 0.005
0.076 0.325 0 0.005
0.076 0.779 0 0.005
0.077 0.373 0 0.005
0.077 0.423 0 0.005
0.077 0.447 0 0.005
0.077 0.698 0 0.005
0.077 0.713 0 0.005
0.0825 0.8605 0 0.005
0.078 0.198 0 0.005
0.078 0.731 0 0.005
0.078 0.804 0 0.005
0.083 0.8195 0 0.005
0.0835 0.9255 0 0.005
0.079 0.386 0 0.005
0.079 0.579 0 0.005
0.079 0.743 0 0.005
0.08 0.026 0 0.005
0.08 0.056 0 0.005
0.08 0.875 0 0.005
0.08 0.951 0 0.005
0.08472251308900523 0.9930314136125654 0 0.005
0.081 0.401 0 0.005
0.081 0.84 0 0.005
0.086 0.5345 0 0.005
0.083 0.096 0 0.005
0.084 0.612 0 0.005
0.085 0.179 0 0.005
0.085 0.343 0 0.005
0.085 0.686 0 0.005
0.085 0.762 0 0.005
0.086 0.14 0 0.005
0.0885 0.7985 0 0.005
0.087 0.315 0 0.005
0.087 0.967 0 0.005
0.0905 0.1595 0 0.005
0.088 0.265 0 0.005
0.088 0.282 0 0.005
0.0935 0.5185 0 0.005
0.089 0.006 0 0.005
0.089 0.223 0 0.005
0.089 0.33 0 0.005
0.089 0.481 0 0.005
0.089 0.624 0 0.005
0.093 0.7745 0 0.005
0.09 0.038 0 0.005
0.09 0.073 0 0.005
0.09 0.115 0 0.005
0.09 0.194 0 0.005
0.09 0.3 0 0.005
0.09 0.363 0 0.005
0.091 0.236 0 0.005
0.091 0.251 0 0.005
0.09866666666666667 0.449 0 0.005
0.091 0.504 0 0.005
0.091 0.641 0 0.005
0.092 0.394 0 0.005
0.092 0.434 0 0.005
0.092 0.591 0 0.005
0.092 0.83 0 0.005
0.092 0.946 0 0.005
0.092 0.983 0 0.005
0.093 0.021 0 0.005
0.093 0.05 0 0.005
0.10166666666666667 0.41133333333333333 0 0.005
0.095 0.579 0 0.005
0.096 0.38 0 0.005
0.101 0.8695 0 0.005
0.097 0.062 0 0.005
0.102 0.5455 0 0.005
0.098 0.086 0 0.005
0.098 0.174 0 0.005
0.098 0.21 0 0.005
0.098 0.469 0 0.005
0.098 0.729 0 0.005
0.102 0.8375 0 0.005
0.098 0.887 0 0.005
0.098 0.901 0 0.005
0.099 0.31 0 0.005
0.099 0.49 0 0.005
0.099 0.756 0 0.005
0.1 0.138 0 0.005
0.1 0.26 0 0.005
0.1 0.607 0 0.005
0.1 0.741 0 0.005
0.108 0.9202 0 0.005
0.101 0.008 0 0.005
0.10933333333333332 0.107 0 0.005
0.102 0.033 0 0.005
0.102 0.338 0 0.005
0.102 0.354 0 0.005
0.103 0.223 0 0.005
0.103 0.568 0 0.005
0.103 0.9952365591397849 0 0.005
0.11266666666666666 0.325 0 0.005
0.104 0.814 0 0.005
0.104 0.972 0 0.005
0.105 0.072 0 0.005
0.11 0.7925 0 0.005
0.106 0.02 0 0.005
0.106 0.124 0 0.005
0.106 0.163 0 0.005
0.107 0.583 0 0.005
0.107 0.653 0 0.005
0.107 0.67 0 0.005
0.108 0.3 0 0.005
0.108 0.623 0 0.005
0.108 0.853 0 0.005
0.109 0.186 0 0.005
0.109 0.284 0 0.005
0.1145 0.957 0 0.005
0.11 0.271 0 0.005
0.1135 0.534 0 0.005
0.1145 0.155 0 0.005
0.111 0.24 0 0.005
0.113 0.003763440860215054 0 0.005
0.113 0.052 0 0.005
0.113 0.088 0 0.005
0.113 0.204 0 0.005
0.113 0.256 0 0.005
0.113 0.373 0 0.005
0.113 0.471 0 0.005
0.113 0.602 0 0.005
0.113 0.636 0 0.005
0.113 0.985 0 0.005
0.114 0.508 0 0.005
0.114 0.732 0 0.005
0.114 0.772 0 0.005
0.115 0.486 0 0.005
0.115 0.758 0 0.005
0.116 0.352 0 0.005
0.116 0.432 0 0.005
0.116 0.943 0 0.005
0.117 0.065 0 0.005
0.117 0.567 0 0.005
0.117 0.825 0 0.005
0.117 0.881 0 0.005
0.118 0.138 0 0.005
0.1205 0.4575 0 0.005
0.118 0.837 0 0.005
0.118 0.898 0 0.005
0.119 0.126 0 0.005
0.122 0.2115 0 0.005
0.119 0.401 0 0.005
0.119 0.806 0 0.005
0.12 0.038 0 0.005
0.12 0.389 0 0.005
0.1245 0.424 0 0.005
0.12 0.555 0 0.005
0.12 0.703 0 0.005
0.12 0.854 0 0.005
0.121 0.018 0 0.005
0.121 0.585 0 0.005
0.121 0.745 0 0.005
0.122 0.291 0 0.005
0.122 0.498 0 0.005
0.123 0.271 0 0.005
0.123 0.518 0 0.005
0.123 0.9952365591397849 0 0.005
0.124 0.079 0 0.005
0.124 0.175 0 0.005
0.124 0.668 0 0.005
0.125 0.193 0 0.005
0.129 0.6165 0 0.005
0.125 0.68 0 0.005
0.128 0.9285 0 0.005
0.126 0.314 0 0.005
0.126 0.64 0 0.005
0.126 0.731 0 0.005
0.126 0.772 0 0.005
0.127 0.342 0 0.005
0.131 0.4905 0 0.005
0.127 0.971 0 0.005
0.13085340314136126 0.008821989528795812 0 0.005
0.128 0.151 0 0.005
0.128 0.226 0 0.005
0.128 0.245 0 0.005
0.128 0.53 0 0.005
0.128 0.597 0 0.005
0.128 0.655 0 0.005
0.129 0.259 0 0.005
0.129 0.876 0 0.005
0.13 0.029 0 0.005
0.1335 0.063 0 0.005
0.13 0.095 0 0.005
0.13 0.361 0 0.005
0.1355 0.381 0 0.005
0.13 0.895 0 0.005
0.131 0.413 0 0.005
0.131 0.562 0 0.005
0.131 0.577 0 0.005
0.131 0.719 0 0.005
0.131 0.758 0 0.005
0.132 0.164 0 0.005
0.132 0.393 0 0.005
0.132 0.691 0 0.005
0.1452 0.8008 0 0.005
0.132 0.91 0 0.005
0.132 0.952 0 0.005
0.133 0.302 0 0.005
0.133 0.471 0 0.005
0.133 0.509 0 0.005
0.133 0.549 0 0.005
0.133 0.831 0 0.005
0.134 0.705 0 0.005
0.134 0.85 0 0.005
0.135 0.121 0 0.005
0.135 0.288 0 0.005
0.136 0.08 0 0.005
0.136 0.133 0 0.005
0.136 0.176 0 0.005
0.1415 0.455 0 0.005
0.136 0.665 0 0.005
0.136 0.783 0 0.005
0.141 0.9795 0 0.005
0.137 0.204 0 0.005
0.137 0.439 0 0.005
0.137 0.938 0 0.005
0.138 0.273 0 0.005
0.139 0.108 0 0.005
0.139 0.191 0 0.005
0.139 0.349 0 0.005
0.139 0.63 0 0.005
0.141 0.32 0 0.005
0.141 0.588 0 0.005
0.1445 0.748 0 0.005
0.141 0.77 0 0.005
0.141 0.872 0 0.005
0.1525 0.9605 0 0.005
0.142 0.029 0 0.005
0.142 0.401 0 0.005
0.142 0.426 0 0.005
0.142 0.727 0 0.005
0.147 0.8255 0 0.005
0.142 0.885 0 0.005
0.142 0.901 0 0.005
0.143 0.046 0 0.005
0.143 0.093 0 0.005
0.143 0.15 0 0.005
0.1475 0.483 0 0.005
0.1475 0.564 0 0.005
0.143 0.645 0 0.005
0.144 0.003268292682926829 0 0.005
0.144 0.228 0 0.005
0.144 0.859 0 0.005
0.144 0.993 0 0.005
0.145 0.248 0 0.005
0.145 0.547 0 0.005
0.149 0.6875 0 0.005
0.146 0.334 0 0.005
0.146 0.531 0 0.005
0.146 0.923 0 0.005
0.147 0.261 0 0.005
0.147 0.505 0 0.005
0.147 0.615 0 0.005
0.147 0.841 0 0.005
0.148 0.603 0 0.005
0.1505 0.7105 0 0.005
0.149 0.284 0 0.005
0.149 0.373 0 0.005
0.15 0.128 0 0.005
0.15 0.208 0 0.005
0.15 0.466 0 0.005
0.157 0.6666666666666666 0 0.005
0.159 0.7816666666666666 0 0.005
0.151 0.019 0 0.005
0.151 0.105 0 0.005
0.151 0.169 0 0.005
0.151 0.356 0 0.005
0.152 0.057 0 0.005
0.152 0.301 0 0.005
0.152 0.416 0 0.005
0.1565 0.944 0 0.005
0.153 0.519 0 0.005
0.159 0.6305 0 0.005
0.154 0.74 0 0.005
0.155 0.087 0 0.005
0.155 0.343 0 0.005
0.155 0.586 0 0.005
0.156 0.442 0 0.005
0.156 0.862 0 0.005
0.156 0.879 0 0.005
0.157 0.074 0 0.005
0.157 0.225 0 0.005
0.157 0.249 0 0.005
0.162 0.3955 0 0.005
0.157 0.904 0 0.005
0.158 0.325 0 0.005
0.158 0.696 0 0.005
0.158 0.764 0 0.005
0.159 0.043 0 0.005
0.159 0.55 0 0.005
0.163 0.8425 0 0.005
0.16 0.147 0 0.005
0.16 0.185 0 0.005
0.16 0.276 0 0.005
0.16 0.427 0 0.005
0.16 0.456 0 0.005
0.16 0.503 0 0.005
0.16 0.815 0 0.005
0.161 0.115 0 0.005
0.161 0.535 0 0.005
0.161 0.892 0 0.005
0.162 0.0027746478873239434 0 0.005
0.162 0.926 0 0.005
0.1675 0.9805 0 0.005
0.162 0.9952365591397849 0 0.005
0.163 0.291 0 0.005
0.1685 0.6475 0 0.005
0.164 0.022 0 0.005
0.164 0.1 0 0.005
0.164 0.17 0 0.005
0.164 0.374 0 0.005
0.165 0.207 0 0.005
0.166 0.131 0 0.005
0.176 0.4655 0 0.005
0.166 0.73 0 0.005
0.167 0.258 0 0.005
0.167 0.334 0 0.005
0.1725 0.347 0 0.005
0.167 0.56 0 0.005
0.167 0.595 0 0.005
0.167 0.745 0 0.005
0.168 0.304 0 0.005
0.168 0.491 0 0.005
0.168 0.521 0 0.005
0.168 0.575 0 0.005
0.168 0.611 0 0.005
0.169 0.911 0 0.005
0.174 0.0655 0 0.005
0.17 0.412 0 0.005
0.171 0.049 0 0.005
0.171 0.083 0 0.005
0.171 0.159 0 0.005
0.171 0.227 0 0.005
0.171 0.243 0 0.005
0.171 0.686 0 0.005
0.171 0.707 0 0.005
0.171 0.881 0 0.005
0.172 0.321 0 0.005
0.1755 0.44 0 0.005
0.172 0.503 0 0.005
0.173 0.536 0 0.005
0.173 0.867 0 0.005
0.177 0.9545 0 0.005
0.174 0.108 0 0.005
0.174 0.9957317073170732 0 0.005
0.175 0.012 0 0.005
0.175 0.363 0 0.005
0.175 0.388 0 0.005
0.175 0.759 0 0.005
0.175 0.823 0 0.005
0.1805 0.281 0 0.005
0.176 0.636 0 0.005
0.176 0.719 0 0.005
0.176 0.937 0 0.005
0.177 0.0022833333333333334 0 0.005
0.177 0.032 0 0.005
0.177 0.207 0 0.005
0.177 0.924 0 0.005
0.178 0.135 0 0.005
0.178 0.195 0 0.005
0.178 0.296 0 0.005
0.178 0.736 0 0.005
0.178 0.851 0 0.005
0.179 0.148 0 0.005
0.179 0.177 0 0.005
0.179 0.253 0 0.005
0.179 0.551 0 0.005
0.1845 0.7915 0 0.005
0.18 0.425 0 0.005
0.184 0.4885 0 0.005
0.18 0.514 0 0.005
0.18 0.666 0 0.005
0.18 0.772 0 0.005
0.181 0.836 0 0.005
0.181 0.911 0 0.005
0.182 0.588 0 0.005
0.182 0.679 0 0.005
0.183 0.052 0 0.005
0.183 0.098 0 0.005
0.183 0.412 0 0.005
0.183 0.526 0 0.005
0.184 0.119 0 0.005
0.184 0.896 0 0.005
0.185 0.081 0 0.005
0.185 0.375 0 0.005
0.185 0.396 0 0.005
0.1905 0.696 0 0.005
0.185 0.976 0 0.005
0.186 0.022 0 0.005
0.192 0.2623333333333333 0 0.005
0.186 0.321 0 0.005
0.186 0.622 0 0.005
0.186 0.88 0 0.005
0.1925 0.2195 0 0.005
0.187 0.57 0 0.005
0.187 0.809 0 0.005
0.187 0.991 0 0.005
0.188 0.243 0 0.005
0.188 0.539 0 0.005
0.192 0.6585 0 0.005
0.1935 0.7265 0 0.005
0.189 0.636 0 0.005
0.189 0.934 0 0.005
0.19 0.362 0 0.005
0.195 0.606 0 0.005
0.193 0.7615 0 0.005
0.19 0.92 0 0.005
0.191 0.451 0 0.005
0.191 0.502 0 0.005
0.196 0.8635 0 0.005
0.192 0.003763440860215054 0 0.005
0.192 0.136 0 0.005
0.192 0.149 0 0.005
0.192 0.186 0 0.005
0.192 0.201 0 0.005
0.192 0.304 0 0.005
0.192 0.552 0 0.005
0.193 0.164 0 0.005
0.193 0.848 0 0.005
0.193 0.955 0 0.005
0.194 0.064 0 0.005
0.194 0.337 0 0.005
0.194 0.829 0 0.005
0.195 0.523 0 0.005
0.195 0.683 0 0.005
0.195 0.712 0 0.005
0.196 0.35 0 0.005
0.201 0.2385 0 0.005
0.197 0.29 0 0.005
0.197 0.472 0 0.005
0.197 0.908 0 0.005
0.197 0.968 0 0.005
0.198 0.047 0 0.005
0.198 0.278 0 0.005
0.198 0.578 0 0.005
0.199 0.094 0 0.005
0.199 0.315 0 0.005
0.199 0.432 0 0.005
0.199 0.742 0 0.005
0.2 0.535 0 0.005
0.2 0.784 0 0.005
0.2 0.994656862745098 0 0.005
0.201 0.894 0 0.005
0.202 0.03 0 0.005
0.2075 0.079 0 0.005
0.202 0.108 0 0.005
0.202 0.209 0 0.005
0.202 0.38 0 0.005
0.202 0.418 0 0.005
0.202 0.566 0 0.005
0.202 0.797 0 0.005
0.203 0.176 0 0.005
0.203 0.366 0 0.005
0.203 0.755 0 0.005
0.203 0.882 0 0.005
0.203 0.942 0 0.005
0.204 0.018 0 0.005
0.204 0.488 0 0.005
0.204 0.511 0 0.005
0.207 0.8145 0 0.005
0.207 0.9765 0 0.005
0.205 0.122 0 0.005
0.2075 0.4025 0 0.005
0.205 0.554 0 0.005
0.205 0.637 0 0.005
0.206 0.195 0 0.005
0.206 0.255 0 0.005
0.206 0.331 0 0.005
0.209 0.6575 0 0.005
0.206 0.955 0 0.005
0.207 0.156 0 0.005
0.207 0.605 0 0.005
0.207 0.918 0 0.005
0.208 0.712 0 0.005
0.209 0.45 0 0.005
0.209 0.624 0 0.005
0.209 0.848 0 0.005
0.21 0.003763440860215054 0 0.005
0.21 0.276 0 0.005
0.21 0.347 0 0.005
0.211 0.136 0 0.005
0.214 0.3105 0 0.005
0.211 0.477 0 0.005
0.211 0.526 0 0.005
0.211 0.592 0 0.005
0.211 0.697 0 0.005
0.212 0.228 0 0.005
0.212 0.542 0 0.005
0.212 0.765 0 0.005
0.213 0.054 0 0.005
0.213 0.463 0 0.005
0.2155 0.5675 0 0.005
0.214 0.684 0 0.005
0.214 0.786 0 0.005
0.214 0.831 0 0.005
0.217 0.9845 0 0.005
0.215 0.204 0 0.005
0.215 0.733 0 0.005
0.215 0.876 0 0.005
0.216 0.066 0 0.005
0.216 0.181 0 0.005
0.216 0.753 0 0.005
0.219 0.9005 0 0.005
0.2225 0.2415 0 0.005
0.221 0.4145 0 0.005
0.218 0.168 0 0.005
0.218 0.261 0 0.005
0.222 0.5165 0 0.005
0.218 0.634 0 0.005
0.218 0.944 0 0.005
0.219 0.036 0 0.005
0.22966666666666666 0.10033333333333333 0 0.005
0.219 0.11 0 0.005
0.219 0.216 0 0.005
0.219 0.286 0 0.005
0.2215 0.3775 0 0.005
0.219 0.496 0 0.005
0.219 0.602 0 0.005
0.219 0.864 0 0.005
0.22 0.337 0 0.005
0.2255 0.435 0 0.005
0.22 0.932 0 0.005
0.221 0.36 0 0.005
0.221 0.719 0 0.005
0.221 0.797 0 0.005
0.221 0.918 0 0.005
0.223 0.133 0 0.005
0.223 0.323 0 0.005
0.223 0.484 0 0.005
0.226 0.6485 0 0.005
0.223 0.705 0 0.005
0.223 0.847 0 0.005
0.223 0.956 0 0.005
0.224 0.009 0 0.005
0.224 0.022 0 0.005
0.2275 0.391 0 0.005
0.224 0.768 0 0.005
0.224 0.811 0 0.005
0.225 0.466 0 0.005
0.225 0.589 0 0.005
0.226 0.049 0 0.005
0.226 0.992 0 0.005
0.227 0.073 0 0.005
0.227 0.736 0 0.005
0.227 0.83 0 0.005
0.228 0.154 0 0.005
0.228 0.226 0 0.005
0.2335 0.456 0 0.005
0.228 0.615 0 0.005
0.228 0.687 0 0.005
0.229 0.184 0 0.005
0.229 0.203 0 0.005
0.229 0.668 0 0.005
0.23 0.122 0 0.005
0.235 0.3455 0 0.005
0.235 0.5436666666666666 0 0.005
0.231 0.265 0 0.005
0.231 0.288 0 0.005
0.231 0.753 0 0.005
0.231 0.865 0 0.005
0.232 0.308 0 0.005
0.232 0.567 0 0.005
0.232 0.975 0 0.005
0.233 0.252 0 0.005
0.233 0.628 0 0.005
0.233 0.779 0 0.005
0.233 0.792 0 0.005
0.233 0.907 0 0.005
0.234 0.0022833333333333334 0 0.005
0.234 0.58 0 0.005
0.235 0.598 0 0.005
0.235 0.705 0 0.005
0.24366666666666667 0.8553333333333334 0 0.005
0.235 0.927 0 0.005
0.24363170163170164 0.018818181818181817 0 0.005
0.236 0.327 0 0.005
0.236 0.366 0 0.005
0.236 0.816 0 0.005
0.236 0.941 0 0.005
0.24533333333333335 0.4353333333333333 0 0.005
0.237 0.475 0 0.005
0.238 0.045 0 0.005
0.238 0.082 0 0.005
0.238 0.879 0 0.005
0.239 0.418 0 0.005
0.239 0.497 0 0.005
0.239 0.718 0 0.005
0.239 0.834 0 0.005
0.239 0.962 0 0.005
0.244 0.1465 0 0.005
0.24 0.227 0 0.005
0.2425 0.6815 0 0.005
0.2435 0.738 0 0.005
0.24 0.763 0 0.005
0.241 0.401 0 0.005
0.241 0.51 0 0.005
0.244 0.6195 0 0.005
0.2455 0.646 0 0.005
0.242 0.095 0 0.005
0.242 0.121 0 0.005
0.242 0.172 0 0.005
0.242 0.199 0 0.005
0.242 0.274 0 0.005
0.242 0.558 0 0.005
0.243 0.064 0 0.005
0.243 0.211 0 0.005
0.243 0.297 0 0.005
0.243 0.8 0 0.005
0.243 0.894 0 0.005
0.244 0.187 0 0.005
0.244 0.378 0 0.005
0.244 0.663 0 0.005
0.2466980198019802 0.9897128712871287 0 0.005
0.2475 0.7785 0 0.005
0.246 0.26 0 0.005
0.246 0.311 0 0.005
0.247 0.24 0 0.005
0.247 0.579 0 0.005
0.2563333333333333 0.6953333333333334 0 0.005
0.25066666666666665 0.9396666666666667 0 0.005
0.248 0.483 0 0.005
0.26180000000000003 0.5302 0 0.005
0.249 0.327 0 0.005
0.2525 0.466 0 0.005
0.249 0.603 0 0.005
0.252 0.9025 0 0.005
0.251 0.084 0 0.005
0.251 0.356 0 0.005
0.251 0.446 0 0.005
0.251 0.715 0 0.005
0.255 0.8165 0 0.005
0.252 0.163 0 0.005
0.252 0.288 0 0.005
0.252 0.75 0 0.005
0.252 0.836 0 0.005
0.253 0.339 0 0.005
0.253 0.393 0 0.005
0.253 0.507 0 0.005
0.257 0.9635 0 0.005
0.254 0.126 0 0.005
0.254 0.177 0 0.005
0.254 0.495 0 0.005
0.26466666666666666 0.056 0 0.005
0.2595 0.298 0 0.005
0.255 0.561 0 0.005
0.256 0.25 0 0.005
0.256 0.374 0 0.005
0.259 0.6675 0 0.005
0.256 0.884 0 0.005
0.256 0.996225352112676 0 0.005
0.257 0.044 0 0.005
0.257 0.918 0 0.005
0.265 0.09633333333333333 0 0.005
0.258 0.264 0 0.005
0.258 0.317 0 0.005
0.258 0.636 0 0.005
0.258 0.726 0 0.005
0.258 0.848 0 0.005
0.264 0.0335 0 0.005
0.259 0.142 0 0.005
0.259 0.414 0 0.005
0.259 0.615 0 0.005
0.26 0.74 0 0.005
0.261 0.075 0 0.005
0.261 0.113 0 0.005
0.26766666666666666 0.196 0 0.005
0.261 0.215 0 0.005
0.261 0.477 0 0.005
0.261 0.764 0 0.005
0.262 0.402 0 0.005
0.262 0.591 0 0.005
0.262 0.789 0 0.005
0.263 0.576 0 0.005
0.264 0.165 0 0.005
0.264 0.385 0 0.005
0.264 0.713 0 0.005
0.264 0.863 0 0.005
0.264 0.907 0 0.005
0.265 0.003763440860215054 0 0.005
0.265 0.231 0 0.005
0.265 0.282 0 0.005
0.265 0.331 0 0.005
0.265 0.353 0 0.005
0.2695 0.973 0 0.005
0.266 0.016 0 0.005
0.266 0.127 0 0.005
0.266 0.648 0 0.005
0.267 0.451 0 0.005
0.267 0.559 0 0.005
0.273 0.8336666666666667 0 0.005
0.271 0.4895 0 0.005
0.268 0.624 0 0.005
0.269 0.466 0 0.005
0.269 0.778 0 0.005
0.269 0.92 0 0.005
0.27 0.369 0 0.005
0.27 0.752 0 0.005
0.27 0.938 0 0.005
0.27 0.996225352112676 0 0.005
0.271 0.436 0 0.005
0.271 0.602 0 0.005
0.272 0.178 0 0.005
0.272 0.244 0 0.005
0.272 0.256 0 0.005
0.272 0.74 0 0.005
0.272 0.8 0 0.005
0.272 0.815 0 0.005
0.273 0.418 0 0.005
0.273 0.873 0 0.005
0.2765 0.0775 0 0.005
0.274 0.117 0 0.005
0.274 0.145 0 0.005
0.274 0.219 0 0.005
0.274 0.508 0 0.005
0.274 0.853 0 0.005
0.274 0.986 0 0.005
0.275 0.341 0 0.005
0.275 0.549 0 0.005
0.281 0.3845 0 0.005
0.276 0.634 0 0.005
0.277 0.0027746478873239434 0 0.005
0.2825 0.156 0 0.005
0.277 0.296 0 0.005
0.277 0.329 0 0.005
0.277 0.522 0 0.005
0.277 0.569 0 0.005
0.277 0.657 0 0.005
0.277 0.698 0 0.005
0.277 0.711 0 0.005
0.277 0.886 0 0.005
0.277 0.9 0 0.005
0.283 0.2725 0 0.005
0.278 0.355 0 0.005
0.278 0.583 0 0.005
0.278 0.763 0 0.005
0.279 0.133 0 0.005
0.279 0.231 0 0.005
0.279 0.31 0 0.005
0.279 0.402 0 0.005
0.279 0.729 0 0.005
0.28 0.79 0 0.005
0.285 0.4495 0 0.005
0.281 0.467 0 0.005
0.281 0.677 0 0.005
0.281 0.914 0 0.005
0.281 0.93 0 0.005
0.282 0.021 0 0.005
0.282 0.863 0 0.005
0.287 0.9475 0 0.005
0.292 0.6013333333333334 0 0.005
0.284 0.193 0 0.005
0.284 0.429 0 0.005
0.284 0.777 0 0.005
0.285 0.039 0 0.005
0.285 0.056 0 0.005
0.285 0.255 0 0.005
0.285 0.745 0 0.005
0.285 0.9967166666666667 0 0.005
0.286 0.207 0 0.005
0.29233333333333333 0.5546666666666666 0 0.005
0.286 0.614 0 0.005
0.2885 0.8225 0 0.005
0.287 0.093 0 0.005
0.287 0.367 0 0.005
0.287 0.502 0 0.005
0.287 0.967 0 0.005
0.288 0.631 0 0.005
0.288 0.719 0 0.005
0.289 0.069 0 0.005
0.289 0.123 0 0.005
0.2925 0.353 0 0.005
0.289 0.884 0 0.005
0.289 0.983 0 0.005
0.2955 0.1425 0 0.005
0.29 0.238 0 0.005
0.29 0.328 0 0.005
0.29 0.646 0 0.005
0.29 0.902 0 0.005
0.291 0.171 0 0.005
0.3006666666666667 0.469 0 0.005
0.2976666666666667 0.667 0 0.005
0.291 0.704 0 0.005
0.291 0.76 0 0.005
0.292 0.396 0 0.005
0.292 0.514 0 0.005
0.292 0.872 0 0.005
0.2985 0.2875 0 0.005
0.293 0.302 0 0.005
0.293 0.842 0 0.005
0.293 0.921 0 0.005
0.297 0.4125 0 0.005
0.294 0.576 0 0.005
0.295 0.018 0 0.005
0.31168447837150126 0.0071195928753180655 0 0.005
0.296 0.112 0 0.005
0.296 0.801 0 0.005
0.296 0.957 0 0.005
0.297 0.186 0 0.005
0.297 0.432 0 0.005
0.2995 0.4965 0 0.005
0.297 0.73 0 0.005
0.297 0.772 0 0.005
0.297 0.859 0 0.005
0.298 0.248 0 0.005
0.298 0.26 0 0.005
0.298 0.526 0 0.005
0.298 0.814 0 0.005
0.299 0.217 0 0.005
0.299 0.317 0 0.005
0.3076666666666667 0.3933333333333333 0 0.005
0.299 0.687 0 0.005
0.299 0.893 0 0.005
0.3 0.098 0 0.005
0.3065 0.0725 0 0.005
0.301 0.085 0 0.005
0.301 0.161 0 0.005
0.301 0.373 0 0.005
0.305 0.2345 0 0.005
0.302 0.93 0 0.005
0.3065 0.026 0 0.005
0.303 0.129 0 0.005
0.3065 0.269 0 0.005
0.303 0.969 0 0.005
0.304 0.202 0 0.005
0.304 0.621 0 0.005
0.311 0.7426666666666666 0 0.005
0.309 0.7615 0 0.005
0.304 0.947 0 0.005
0.305 0.048 0 0.005
0.305 0.34 0 0.005
0.305 0.702 0 0.005
0.305 0.786 0 0.005
0.3075 0.9115 0 0.005
0.306 0.304 0 0.005
0.3125 0.181 0 0.005
0.307 0.579 0 0.005
0.307 0.85 0 0.005
0.308 0.417 0 0.005
0.308 0.45 0 0.005
0.308 0.551 0 0.005
0.311 0.6025 0 0.005
0.308 0.99 0 0.005
0.309 0.479 0 0.005
0.32 0.5213333333333334 0 0.005
0.309 0.874 0 0.005
0.31 0.252 0 0.005
0.31 0.536 0 0.005
0.31 0.641 0 0.005
0.314 0.7145 0 0.005
0.311 0.801 0 0.005
0.316 0.8195 0 0.005
0.312 0.354 0 0.005
0.312 0.563 0 0.005
0.312 0.836 0 0.005
0.312 0.895 0 0.005
0.313 0.163 0 0.005
0.313 0.978 0 0.005
0.314 0.143 0 0.005
0.3195 0.433 0 0.005
0.314 0.688 0 0.005
0.314 0.934 0 0.005
0.315 0.276 0 0.005
0.315 0.318 0 0.005
0.316 0.293 0 0.005
0.316 0.33 0 0.005
0.316 0.674 0 0.005
0.317 0.097 0 0.005
0.317 0.372 0 0.005
0.317 0.489 0 0.005
0.317 0.503 0 0.005
0.317 0.956 0 0.005
0.318 0.113 0 0.005
0.318 0.79 0 0.005
0.319 0.656 0 0.005
0.336375 0.058875 0 0.005
0.321 0.208 0 0.005
0.321 0.552 0 0.005
0.321 0.581 0 0.005
0.321 0.85 0 0.005
0.322 0.065 0 0.005
0.322 0.776 0 0.005
0.322 0.871 0 0.005
0.322 0.912 0 0.005
0.322 0.99 0 0.005
0.323 0.024 0 0.005
0.323 0.242 0 0.005
0.323 0.415 0 0.005
0.323 0.475 0 0.005
0.323 0.538 0 0.005
0.323 0.638 0 0.005
0.329 0.1225 0 0.005
0.324 0.883 0 0.005
0.324 0.924 0 0.005
0.324 0.967 0 0.005
0.325 0.225 0 0.005
0.325 0.302 0 0.005
0.325 0.462 0 0.005
0.329 0.6175 0 0.005
0.325 0.699 0 0.005
0.325 0.729 0 0.005
0.326 0.079 0 0.005
0.326 0.143 0 0.005
0.326 0.174 0 0.005
0.326 0.194 0 0.005
0.326 0.8 0 0.005
0.326 0.896 0 0.005
0.327 0.155 0 0.005
0.327 0.339 0 0.005
0.327 0.764 0 0.005
0.327 0.945 0 0.005
0.328 0.27 0 0.005
0.328 0.363 0 0.005
0.328 0.444 0 0.005
0.328 0.599 0 0.005
0.328 0.672 0 0.005
0.328 0.685 0 0.005
0.328 0.829 0 0.005
0.329 0.283 0 0.005
0.329 0.388 0 0.005
0.329 0.86 0 0.005
0.33 0.327 0 0.005
0.34025 0.76225 0 0.005
0.3345 0.7115 0 0.005
0.333 0.003268292682926829 0 0.005
0.333 0.103 0 0.005
0.333 0.496 0 0.005
0.333 0.583 0 0.005
0.333 0.976 0 0.005
0.334 0.254 0 0.005
0.335 0.216 0 0.005
0.335 0.547 0 0.005
0.335 0.563 0 0.005
0.346 0.8763333333333334 0 0.005
0.336 0.184 0 0.005
0.336 0.312 0 0.005
0.336 0.48 0 0.005
0.336 0.655 0 0.005
0.337 0.131 0 0.005
0.337 0.228 0 0.005
0.337 0.458 0 0.005
0.337 0.632 0 0.005
0.337 0.694 0 0.005
0.337 0.739 0 0.005
0.337 0.788 0 0.005
0.337 0.933 0 0.005
0.337 0.961 0 0.005
0.338 0.02 0 0.005
0.338 0.163 0 0.005
0.338 0.4 0 0.005
0.3415 0.417 0 0.005
0.338 0.508 0 0.005
0.3415 0.902 0 0.005
0.339 0.202 0 0.005
0.3415 0.8185 0 0.005
0.339 0.949 0 0.005
0.339 0.9967166666666667 0 0.005
0.34 0.373 0 0.005
0.34 0.921 0 0.005
0.341 0.282 0 0.005
0.341 0.388 0 0.005
0.341 0.667 0 0.005
0.341 0.801 0 0.005
0.342 0.094 0 0.005
0.342 0.267 0 0.005
0.342 0.52 0 0.005
0.342 0.574 0 0.005
0.342 0.84 0 0.005
0.343 0.354 0 0.005
0.35525 0.85 0 0.005
0.3495 0.324 0 0.005
0.345 0.0027746478873239434 0 0.005
0.345 0.341 0 0.005
0.345 0.436 0 0.005
0.345 0.539 0 0.005
0.3505 0.9835 0 0.005
0.346 0.115 0 0.005
0.346 0.244 0 0.005
0.3485 0.6005 0 0.005
0.347 0.645 0 0.005
0.348 0.032 0 0.005
0.348 0.172 0 0.005
0.348 0.304 0 0.005
0.348 0.561 0 0.005
0.3535 0.6825 0 0.005
0.349 0.449 0 0.005
0.349 0.488 0 0.005
0.35733333333333334 0.6276666666666666 0 0.005
0.349 0.725 0 0.005
0.349 0.789 0 0.005
0.349 0.93 0 0.005
0.35 0.136 0 0.005
0.35 0.967 0 0.005
0.351 0.013 0 0.005
0.351 0.148 0 0.005
0.351 0.943 0 0.005
0.352 0.056 0 0.005
0.352 0.196 0 0.005
0.352 0.378 0 0.005
0.353 0.701 0 0.005
0.353 0.908 0 0.005
0.353 0.955 0 0.005
0.3692 0.21259999999999998 0 0.005
0.354 0.286 0 0.005
0.354 0.47 0 0.005
0.354 0.512 0 0.005
0.354 0.833 0 0.005
0.355 0.365 0 0.005
0.355 0.658 0 0.005
0.355 0.749 0 0.005
0.355 0.808 0 0.005
0.356 0.102 0 0.005
0.356 0.228 0 0.005
0.356 0.526 0 0.005
0.357 0.55 0 0.005
0.361 0.5745 0 0.005
0.357 0.996225352112676 0 0.005
0.358 0.122 0 0.005
0.358 0.257 0 0.005
0.358 0.89 0 0.005
0.359 0.0027746478873239434 0 0.005
0.359 0.392 0 0.005
0.3645 0.405 0 0.005
0.359 0.42 0 0.005
0.3625 0.437 0 0.005
0.359 0.778 0 0.005
0.366 0.9276666666666666 0 0.005
0.36 0.186 0 0.005
0.36 0.24 0 0.005
0.361 0.023 0 0.005
0.361 0.298 0 0.005
0.361 0.715 0 0.005
0.362 0.797 0 0.005
0.363 0.045 0 0.005
0.363 0.135 0 0.005
0.363 0.496 0 0.005
0.363 0.537 0 0.005
0.364 0.271 0 0.005
0.364 0.311 0 0.005
0.364 0.332 0 0.005
0.364 0.344 0 0.005
0.365 0.093 0 0.005
0.365 0.165 0 0.005
0.365 0.603 0 0.005
0.3748 0.7278 0 0.005
0.365 0.903 0 0.005
0.366 0.615 0 0.005
0.366 0.817 0 0.005
0.366 0.965 0 0.005
0.367 0.286 0 0.005
0.367 0.481 0 0.005
0.367 0.952 0 0.005
0.3705 0.6785 0 0.005
0.368 0.701 0 0.005
0.369 0.061 0 0.005
0.369 0.115 0 0.005
0.369 0.454 0 0.005
0.369 0.757 0 0.005
0.369 0.98 0 0.005
0.371 0.376 0 0.005
0.371 0.858 0 0.005
0.371 0.916 0 0.005
0.372 0.003268292682926829 0 0.005
0.372 0.425 0 0.005
0.3755 0.556 0 0.005
0.372 0.9957317073170732 0 0.005
0.373 0.196 0 0.005
0.373 0.23 0 0.005
0.373 0.469 0 0.005
0.373 0.805 0 0.005
0.378 0.2475 0 0.005
0.374 0.875 0 0.005
0.375 0.014 0 0.005
0.375 0.594 0 0.005
0.375 0.894 0 0.005
0.376 0.126 0 0.005
0.376 0.265 0 0.005
0.381 0.3205 0 0.005
0.376 0.363 0 0.005
0.376 0.524 0 0.005
0.376 0.774 0 0.005
0.376 0.786 0 0.005
0.377 0.077 0 0.005
0.378 0.159 0 0.005
0.3835 0.3015 0 0.005
0.378 0.511 0 0.005
0.378 0.536 0 0.005
0.378 0.943 0 0.005
0.379 0.091 0 0.005
0.379 0.106 0 0.005
0.379 0.143 0 0.005
0.379 0.174 0 0.005
0.379 0.606 0 0.005
0.3815 0.6345 0 0.005
0.379 0.656 0 0.005
0.38 0.035 0 0.005
0.38 0.341 0 0.005
0.38 0.493 0 0.005
0.38 0.671 0 0.005
0.38 0.843 0 0.005
0.38 0.967 0 0.005
0.381 0.061 0 0.005
0.381 0.983 0 0.005
0.382 0.287 0 0.005
0.382 0.818 0 0.005
0.383 0.385 0 0.005
0.383 0.568 0 0.005
0.383 0.884 0 0.005
0.383 0.915 0 0.005
0.384 0.439 0 0.005
0.384 0.692 0 0.005
0.384 0.749 0 0.005
0.385 0.461 0 0.005
0.385 0.867 0 0.005
0.386 0.274 0 0.005
0.386 0.478 0 0.005
0.3915 0.8005 0 0.005
0.387 0.02 0 0.005
0.387 0.117 0 0.005
0.387 0.353 0 0.005
0.387 0.399 0 0.005
0.387 0.584 0 0.005
0.387 0.596 0 0.005
0.388 0.312 0 0.005
0.3925 0.421 0 0.005
0.3925 0.906 0 0.005
0.389 0.077 0 0.005
0.389 0.524 0 0.005
0.389 0.68 0 0.005
0.3915 0.8285 0 0.005
0.39 0.052 0 0.005
0.39 0.197 0 0.005
0.39 0.237 0 0.005
0.39 0.367 0 0.005
0.391 0.003763440860215054 0 0.005
0.391 0.098 0 0.005
0.391 0.611 0 0.005
0.392 0.038 0 0.005
0.392 0.131 0 0.005
0.392 0.341 0 0.005
0.392 0.624 0 0.005
0.393 0.17 0 0.005
0.393 0.55 0 0.005
0.393 0.732 0 0.005
0.393 0.764 0 0.005
0.393 0.782 0 0.005
0.393 0.945 0 0.005
0.394 0.064 0 0.005
0.3975 0.513 0 0.005
0.394 0.932 0 0.005
0.395 0.183 0 0.005
0.395 0.265 0 0.005
0.395 0.446 0 0.005
0.395 0.667 0 0.005
0.395 0.881 0 0.005
0.3975 0.9815 0 0.005
0.395 0.9967166666666667 0 0.005
0.396 0.383 0 0.005
0.402 0.1425 0 0.005
0.397 0.468 0 0.005
0.397 0.696 0 0.005
0.4 0.8565 0 0.005
0.398 0.215 0 0.005
0.398 0.227 0 0.005
0.398 0.653 0 0.005
0.398 0.712 0 0.005
0.398 0.894 0 0.005
0.404 0.0265 0 0.005
0.399 0.586 0 0.005
0.399 0.601 0 0.005
0.399 0.961 0 0.005
0.4 0.486 0 0.005
0.404 0.3345 0 0.005
0.401 0.408 0 0.005
0.401 0.743 0 0.005
0.402 0.049 0 0.005
0.402 0.253 0 0.005
0.402 0.287 0 0.005
0.402 0.308 0 0.005
0.403 0.124 0 0.005
0.403 0.535 0 0.005
0.403 0.572 0 0.005
0.4085 0.7265 0 0.005
0.404 0.395 0 0.005
0.404 0.64 0 0.005
0.404 0.676 0 0.005
0.404 0.839 0 0.005
0.405 0.076 0 0.005
0.405 0.16 0 0.005
0.405 0.172 0 0.005
0.406 0.01 0 0.005
0.4095 0.094 0 0.005
0.406 0.111 0 0.005
0.406 0.355 0 0.005
0.406 0.454 0 0.005
0.406 0.503 0 0.005
0.4154 0.7717999999999999 0 0.005
0.411 0.6065 0 0.005
0.407 0.825 0 0.005
0.408 0.197 0 0.005
0.408 0.237 0 0.005
0.408 0.475 0 0.005
0.408 0.704 0 0.005
0.408 0.877 0 0.005
0.4125 0.368 0 0.005
0.409 0.431 0 0.005
0.409 0.811 0 0.005
0.41 0.89 0 0.005
0.41 0.917 0 0.005
0.411 0.061 0 0.005
0.411 0.264 0 0.005
0.411 0.588 0 0.005
0.411 0.658 0 0.005
0.411 0.788 0 0.005
0.412 0.296 0 0.005
0.412 0.318 0 0.005
0.412 0.967 0 0.005
0.4175 0.983 0 0.005
0.413 0.277 0 0.005
0.413 0.933 0 0.005
0.413 0.9967166666666667 0 0.005
0.418 0.4055 0 0.005
0.414 0.691 0 0.005
0.415 0.464 0 0.005
0.415 0.52 0 0.005
0.415 0.547 0 0.005
0.415 0.561 0 0.005
0.415 0.624 0 0.005
0.415 0.945 0 0.005
0.416 0.216 0 0.005
0.416 0.835 0 0.005
0.416 0.905 0 0.005
0.417 0.003268292682926829 0 0.005
0.417 0.118 0 0.005
0.417 0.743 0 0.005
0.417 0.853 0 0.005
0.418 0.077 0 0.005
0.418 0.103 0 0.005
0.418 0.182 0 0.005
0.422 0.2445 0 0.005
0.418 0.714 0 0.005
0.419 0.015 0 0.005
0.419 0.334 0 0.005
0.419 0.535 0 0.005
0.42 0.049 0 0.005
0.42 0.131 0 0.005
0.42 0.153 0 0.005
0.4245 0.488 0 0.005
0.42 0.501 0 0.005
0.426 0.1955 0 0.005
0.421 0.388 0 0.005
0.421 0.668 0 0.005
0.426 0.1725 0 0.005
0.422 0.376 0 0.005
0.427 0.4455 0 0.005
0.427 0.6985 0 0.005
0.422 0.822 0 0.005
0.422 0.874 0 0.005
0.423 0.261 0 0.005
0.423 0.64 0 0.005
0.424 0.032 0 0.005
0.424 0.316 0 0.005
0.424 0.426 0 0.005
0.424 0.895 0 0.005
0.424 0.926 0 0.005
0.425 0.227 0 0.005
0.425 0.571 0 0.005
0.425 0.681 0 0.005
0.425 0.754 0 0.005
0.426 0.288 0 0.005
0.426 0.35 0 0.005
0.427 0.516 0 0.005
0.427 0.599 0 0.005
0.427 0.623 0 0.005
0.427 0.655 0 0.005
0.428 0.086 0 0.005
0.428 0.302 0 0.005
0.428 0.803 0 0.005
0.429 0.122 0 0.005
0.44 0.3606666666666667 0 0.005
0.429 0.858 0 0.005
0.429 0.908 0 0.005
0.429 0.969 0 0.005
0.43 0.074 0 0.005
0.43 0.276 0 0.005
0.4363333333333333 0.471 0 0.005
0.43 0.547 0 0.005
0.43 0.586 0 0.005
0.43 0.953 0 0.005
0.4355 0.337 0 0.005
0.4403333333333333 0.8426666666666667 0 0.005
0.432 0.00434313725490196 0 0.005
0.432 0.047 0 0.005
0.432 0.77 0 0.005
0.435 0.9315 0 0.005
0.432 0.996225352112676 0 0.005
0.433 0.019 0 0.005
0.433 0.059 0 0.005
0.433 0.134 0 0.005
0.433 0.725 0 0.005
0.433 0.738 0 0.005
0.4375 0.376 0 0.005
0.434 0.436 0 0.005
0.435 0.406 0 0.005
0.435 0.986 0 0.005
0.436 0.11 0 0.005
0.4405 0.142 0 0.005
0.436 0.256 0 0.005
0.437 0.233 0 0.005
0.437 0.75 0 0.005
0.438 0.098 0 0.005
0.438 0.213 0 0.005
0.438 0.535 0 0.005
0.438 0.643 0 0.005
0.438 0.817 0 0.005
0.438 0.896 0 0.005
0.439 0.505 0 0.005
0.439 0.679 0 0.005
0.439 0.879 0 0.005
0.44 0.162 0 0.005
0.44 0.523 0 0.005
0.44 0.575 0 0.005
0.44 0.594 0 0.005
0.4456666666666667 0.718 0 0.005
0.44 0.799 0 0.005
0.441 0.32 0 0.005
0.441 0.563 0 0.005
0.441 0.61 0 0.005
0.441 0.783 0 0.005
0.442 0.068 0 0.005
0.442 0.295 0 0.005
0.442 0.308 0 0.005
0.442 0.624 0 0.005
0.442 0.66 0 0.005
0.442 0.864 0 0.005
0.442 0.913 0 0.005
0.443 0.027 0 0.005
0.443 0.245 0 0.005
0.444 0.007 0 0.005
0.444 0.947 0 0.005
0.444 0.97 0 0.005
0.4495 0.197 0 0.005
0.445 0.492 0 0.005
0.445 0.551 0 0.005
0.445 0.829 0 0.005
0.445 0.996225352112676 0 0.005
0.446 0.04 0 0.005
0.446 0.083 0 0.005
0.446 0.175 0 0.005
0.447 0.42 0 0.005
0.448 0.056 0 0.005
0.448 0.151 0 0.005
0.448 0.697 0 0.005
0.449 0.332 0 0.005
0.449 0.765 0 0.005
0.45 0.104 0 0.005
0.45 0.116 0 0.005
0.45 0.46 0 0.005
0.46025 0.53625 0 0.005
0.4535 0.648 0 0.005
0.4555 0.813 0 0.005
0.454 0.9255 0 0.005
0.451 0.35 0 0.005
0.451 0.389 0 0.005
0.451 0.432 0 0.005
0.463 0.9055 0 0.005
0.451 0.984 0 0.005
0.455 0.6755 0 0.005
0.452 0.751 0 0.005
0.457 0.2315 0 0.005
0.454 0.28 0 0.005
0.454 0.318 0 0.005
0.454 0.561 0 0.005
0.4585 0.607 0 0.005
0.454 0.626 0 0.005
0.454 0.877 0 0.005
0.454 0.96 0 0.005
0.455 0.447 0 0.005
0.455 0.576 0 0.005
0.455 0.592 0 0.005
0.456 0.263 0 0.005
0.456 0.479 0 0.005
0.456 0.512 0 0.005
0.457 0.018 0 0.005
0.471 0.0575 0 0.005
0.457 0.139 0 0.005
0.457 0.168 0 0.005
0.457 0.407 0 0.005
0.457 0.728 0 0.005
0.457 0.789 0 0.005
0.458 0.03 0 0.005
0.458 0.215 0 0.005
0.458 0.306 0 0.005
0.458 0.774 0 0.005
0.458 0.836 0 0.005
0.459 0.044 0 0.005
0.459 0.081 0 0.005
0.459 0.248 0 0.005
0.4645 0.4945 0 0.005
0.46 0.152 0 0.005
0.46 0.341 0 0.005
0.461 0.127 0 0.005
0.461 0.372 0 0.005
0.461 0.421 0 0.005
0.461 0.696 0 0.005
0.4665 0.7625 0 0.005
0.461 0.857 0 0.005
0.461 0.974 0 0.005
0.462 0.094 0 0.005
0.462 0.181 0 0.005
0.462 0.939 0 0.005
0.463 0.328 0 0.005
0.463 0.458 0 0.005
0.463 0.744 0 0.005
0.464 0.106 0 0.005
0.464 0.9952365591397849 0 0.005
0.4675 0.2815 0 0.005
0.465 0.715 0 0.005
0.4675 0.8275 0 0.005
0.466 0.436 0 0.005
0.4695 0.637 0 0.005
0.466 0.893 0 0.005
0.467 0.396 0 0.005
0.467 0.617 0 0.005
0.468 0.195 0 0.005
0.468 0.557 0 0.005
0.468 0.572 0 0.005
0.478 0.8853333333333334 0 0.005
0.469 0.003268292682926829 0 0.005
0.469 0.207 0 0.005
0.469 0.313 0 0.005
0.4716666666666667 0.7876666666666666 0 0.005
0.47 0.144 0 0.005
0.47 0.3 0 0.005
0.47 0.926 0 0.005
0.471 0.019 0 0.005
0.471 0.117 0 0.005
0.4735 0.3445 0 0.005
0.4755 0.37525 0 0.005
0.47733333333333333 0.4786666666666667 0 0.005
0.471 0.591 0 0.005
0.477 0.0325 0 0.005
0.472 0.157 0 0.005
0.472 0.254 0 0.005
0.472 0.507 0 0.005
0.472 0.95 0 0.005
0.472 0.986 0 0.005
0.473 0.082 0 0.005
0.473 0.521 0 0.005
0.48 0.651 0 0.005
0.473 0.679 0 0.005
0.473 0.812 0 0.005
0.473 0.969 0 0.005
0.474 0.413 0 0.005
0.475 0.603 0 0.005
0.475 0.693 0 0.005
0.475 0.727 0 0.005
0.476 0.221 0 0.005
0.476 0.239 0 0.005
0.477 0.169 0 0.005
0.477 0.287 0 0.005
0.477 0.852 0 0.005
0.478 0.182 0 0.005
0.478 0.434 0 0.005
0.478 0.449 0 0.005
0.478 0.871 0 0.005
0.479 0.265 0 0.005
0.479 0.615 0 0.005
0.479 0.74 0 0.005
0.48 0.571 0 0.005
0.48 0.714 0 0.005
0.481 0.0022833333333333334 0 0.005
0.4845 0.302 0 0.005
0.481 0.32 0 0.005
0.481 0.551 0 0.005
0.482 0.102 0 0.005
0.483 0.127 0 0.005
0.484 0.154 0 0.005
0.4875 0.353 0 0.005
0.484 0.507 0 0.005
0.484 0.584 0 0.005
0.484 0.835 0 0.005
0.484 0.988 0 0.005
0.485 0.086 0 0.005
0.485 0.193 0 0.005
0.485 0.211 0 0.005
0.4905 0.3985 0 0.005
0.485 0.461 0 0.005
0.485 0.664 0 0.005
0.485 0.81 0 0.005
0.486 0.072 0 0.005
0.486 0.139 0 0.005
0.486 0.42 0 0.005
0.486 0.68 0 0.005
0.486 0.932 0 0.005
0.487 0.944 0 0.005
0.488 0.626 0 0.005
0.489 0.751 0 0.005
0.489 0.767 0 0.005
0.489 0.969 0 0.005
0.49 0.257 0 0.005
0.49 0.957 0 0.005
0.491 0.012 0 0.005
0.491 0.175 0 0.005
0.491 0.443 0 0.005
0.491 0.797 0 0.005
0.492 0.111 0 0.005
0.492 0.534 0 0.005
0.492 0.571 0 0.005
0.492 0.876 0 0.005
0.492 0.914 0 0.005
0.493 0.27 0 0.005
0.493 0.703 0 0.005
0.493 0.733 0 0.005
0.4985 0.339 0 0.005
0.499 0.5015 0 0.005
0.494 0.85 0 0.005
0.495 0.04 0 0.005
0.498 0.2185 0 0.005
0.495 0.474 0 0.005
0.495 0.715 0 0.005
0.496 0.053 0 0.005
0.496 0.163 0 0.005
0.496 0.238 0 0.005
0.496 0.286 0 0.005
0.496 0.311 0 0.005
0.496 0.375 0 0.005
0.496 0.52 0 0.005
0.4995 0.7835 0 0.005
0.497 0.987 0 0.005
0.498 0.145 0 0.005
0.498 0.593 0 0.005
0.498 0.606 0 0.005
0.498 0.862 0 0.005
0.499 0.071 0 0.005
0.5096666666666667 0.08433333333333333 0 0.005
0.499 0.559 0 0.005
0.499 0.818 0 0.005
0.5015 0.9405 0 0.005
0.5 0.409 0 0.005
0.5 0.423 0 0.005
0.505 0.6835 0 0.005
0.501 0.194 0 0.005
0.501 0.65 0 0.005
0.502 0.324 0 0.005
0.502 0.831 0 0.005
0.502 0.895 0 0.005
0.502 0.958 0 0.005
0.503 0.03 0 0.005
0.5055 0.1165 0 0.005
0.5086666666666667 0.487 0 0.005
0.51 0.2795 0 0.005
0.505 0.463 0 0.005
0.505 0.546 0 0.005
0.505 0.666 0 0.005
0.505 0.751 0 0.005
0.51 0.8045 0 0.005
0.506 0.099 0 0.005
0.506 0.134 0 0.005
0.506 0.36 0 0.005
0.511 0.8405 0 0.005
0.506 0.912 0 0.005
0.507 0.182 0 0.005
0.507 0.439 0 0.005
0.507 0.768 0 0.005
0.508 0.169 0 0.005
0.508 0.253 0 0.005
0.508 0.31 0 0.005
0.508 0.725 0 0.005
0.508 0.873 0 0.005
0.508 0.9957317073170732 0 0.005
0.509 0.052 0 0.005
0.509 0.226 0 0.005
0.5125 0.387 0 0.005
0.51 0.636 0 0.005
0.511 0.0027746478873239434 0 0.005
0.514 0.2105 0 0.005
0.511 0.622 0 0.005
0.511 0.712 0 0.005
0.511 0.861 0 0.005
0.5175 0.0685 0 0.005
0.5175 0.5295 0 0.005
0.512 0.981 0 0.005
0.513 0.022 0 0.005
0.513 0.404 0 0.005
0.513 0.596 0 0.005
0.513 0.738 0 0.005
0.514 0.24 0 0.005
0.524 0.416 0 0.005
0.514 0.451 0 0.005
0.514 0.692 0 0.005
0.514 0.789 0 0.005
0.514 0.964 0 0.005
0.515 0.571 0 0.005
0.515 0.584 0 0.005
0.515 0.888 0 0.005
0.515 0.924 0 0.005
0.516 0.125 0 0.005
0.5185 0.3445 0 0.005
0.516 0.558 0 0.005
0.516 0.608 0 0.005
0.516 0.821 0 0.005
0.52 0.1465 0 0.005
0.517 0.76 0 0.005
0.518 0.327 0 0.005
0.5205 0.6735 0 0.005
0.518 0.776 0 0.005
0.52 0.511 0 0.005
0.52 0.546 0 0.005
0.525 0.8465 0 0.005
0.52 0.873 0 0.005
0.5235 0.939 0 0.005
0.521 0.164 0 0.005
0.521 0.188 0 0.005
0.521 0.253 0 0.005
0.521 0.648 0 0.005
0.5326666666666666 0.04633333333333334 0 0.005
0.522 0.301 0 0.005
0.522 0.314 0 0.005
0.522 0.725 0 0.005
0.522 0.748 0 0.005
0.5300946745562131 0.004035502958579881 0 0.005
0.523 0.2 0 0.005
0.523 0.269 0 0.005
0.523 0.474 0 0.005
0.523 0.632 0 0.005
0.524 0.113 0 0.005
0.5275 0.436 0 0.005
0.524 0.908 0 0.005
0.525 0.372 0 0.005
0.525 0.492 0 0.005
0.529 0.2335 0 0.005
0.526 0.618 0 0.005
0.527 0.101 0 0.005
0.527 0.456 0 0.005
0.5325 0.5945 0 0.005
0.532 0.7915 0 0.005
0.5315 0.025 0 0.005
0.528 0.059 0 0.005
0.528 0.828 0 0.005
0.528 0.959 0 0.005
0.529 0.213 0 0.005
0.529 0.358 0 0.005
0.529 0.661 0 0.005
0.529 0.882 0 0.005
0.5338341232227489 0.991218009478673 0 0.005
0.53 0.126 0 0.005
0.53 0.389 0 0.005
0.53 0.711 0 0.005
0.531 0.173 0 0.005
0.5365 0.5785 0 0.005
0.531 0.697 0 0.005
0.531 0.86 0 0.005
0.532 0.74 0 0.005
0.532 0.808 0 0.005
0.532 0.896 0 0.005
0.533 0.328 0 0.005
0.533 0.552 0 0.005
0.5395 0.7625 0 0.005
0.534 0.284 0 0.005
0.534 0.566 0 0.005
0.534 0.973 0 0.005
0.535 0.157 0 0.005
0.535 0.301 0 0.005
0.535 0.345 0 0.005
0.535 0.468 0 0.005
0.536 0.086 0 0.005
0.536 0.521 0 0.005
0.54 0.6535 0 0.005
0.536 0.728 0 0.005
0.536 0.923 0 0.005
0.537 0.143 0 0.005
0.541 0.5075 0 0.005
0.537 0.627 0 0.005
0.537 0.685 0 0.005
0.538 0.315 0 0.005
0.538 0.945 0 0.005
0.539 0.111 0 0.005
0.539 0.251 0 0.005
0.539 0.431 0 0.005
0.5435 0.874 0 0.005
0.541 0.48 0 0.005
0.541 0.536 0 0.005
0.5465 0.385 0 0.005
0.542 0.673 0 0.005
0.543 0.196 0 0.005
0.543 0.447 0 0.005
0.543 0.607 0 0.005
0.546 0.8135 0 0.005
0.543 0.911 0 0.005
0.544 0.274 0 0.005
0.544 0.712 0 0.005
0.544 0.742 0 0.005
0.545 0.236 0 0.005
0.545 0.363 0 0.005
0.545 0.78 0 0.005
0.546 0.015 0 0.005
0.546 0.184 0 0.005
0.546 0.262 0 0.005
0.546 0.336 0 0.005
0.546 0.406 0 0.005
0.546 0.42 0 0.005
0.546 0.554 0 0.005
0.5505 0.83 0 0.005
0.546 0.898 0 0.005
0.546 0.973 0 0.005
0.547 0.124 0 0.005
0.548 0.0022833333333333334 0 0.005
0.548 0.028 0 0.005
0.548 0.1 0 0.005
0.5535 0.175 0 0.005
0.548 0.224 0 0.005
0.548 0.846 0 0.005
0.548 0.934 0 0.005
0.548 0.957 0 0.005
0.549 0.152 0 0.005
0.5535 0.302 0 0.005
0.55 0.04 0 0.005
0.55 0.083 0 0.005
0.55 0.49 0 0.005
0.55 0.69 0 0.005
0.554 0.7875 0 0.005
0.551 0.069 0 0.005
0.5565 0.2145 0 0.005
0.551 0.318 0 0.005
0.551 0.524 0 0.005
0.551 0.642 0 0.005
0.563 0.34833333333333333 0 0.005
0.552 0.456 0 0.005
0.553 0.246 0 0.005
0.554 0.112 0 0.005
0.554 0.434 0 0.005
0.554 0.668 0 0.005
0.554 0.989 0 0.005
0.555 0.2 0 0.005
0.555 0.502 0 0.005
0.559 0.6285 0 0.005
0.56575 0.289 0 0.005
0.556 0.726 0 0.005
0.557 0.744 0 0.005
0.557 0.868 0 0.005
0.557 0.944 0 0.005
0.558 0.54 0 0.005
0.558 0.565 0 0.005
0.558 0.607 0 0.005
0.558 0.856 0 0.005
0.558 0.917 0 0.005
0.5621952662721893 0.005970414201183431 0 0.005
0.559 0.049 0 0.005
0.5615 0.2595 0 0.005
0.559 0.68 0 0.005
0.5645 0.467 0 0.005
0.56 0.591 0 0.005
0.56 0.711 0 0.005
0.56 0.903 0 0.005
0.561 0.025 0 0.005
0.561 0.144 0 0.005
0.561 0.232 0 0.005
0.561 0.93 0 0.005
0.561 0.956 0 0.005
0.5665 0.9675 0 0.005
0.562 0.158 0 0.005
0.562 0.422 0 0.005
0.562 0.489 0 0.005
0.562 0.515 0 0.005
0.562 0.839 0 0.005
0.563 0.037 0 0.005
0.563 0.061 0 0.005
0.563 0.096 0 0.005
0.563 0.8 0 0.005
0.563 0.886 0 0.005
0.564 0.378 0 0.005
0.564 0.652 0 0.005
0.565 0.444 0 0.005
0.566 0.39 0 0.005
0.566 0.409 0 0.005
0.5705 0.664 0 0.005
0.567 0.696 0 0.005
0.567 0.763 0 0.005
0.568 0.12 0 0.005
0.568 0.329 0 0.005
0.568 0.366 0 0.005
0.5735 0.8195 0 0.005
0.569 0.132 0 0.005
0.569 0.527 0 0.005
0.569 0.578 0 0.005
0.569 0.865 0 0.005
0.57 0.169 0 0.005
0.57 0.505 0 0.005
0.57 0.557 0 0.005
0.57 0.622 0 0.005
0.57 0.776 0 0.005
0.57 0.989 0 0.005
0.571 0.079 0 0.005
0.571 0.106 0 0.005
0.575 0.7245 0 0.005
0.5765 0.8485 0 0.005
0.571 0.916 0 0.005
0.571 0.944 0 0.005
0.572 0.204 0 0.005
0.572 0.267 0 0.005
0.573 0.708 0 0.005
0.573 0.904 0 0.005
0.573 0.977 0 0.005
0.574 0.187 0 0.005
0.574 0.221 0 0.005
0.574 0.425 0 0.005
0.575 0.043 0 0.005
0.575 0.484 0 0.005
0.575 0.542 0 0.005
0.575 0.801 0 0.005
0.576 0.016 0 0.005
0.576 0.057 0 0.005
0.576 0.437 0 0.005
0.576 0.451 0 0.005
0.576 0.677 0 0.005
0.576 0.788 0 0.005
0.58 0.0975 0 0.005
0.577 0.516 0 0.005
0.577 0.635 0 0.005
0.577 0.748 0 0.005
0.577 0.878 0 0.005
0.577 0.891 0 0.005
0.578 0.246 0 0.005
0.578 0.313 0 0.005
0.578 0.607 0 0.005
0.578 0.648 0 0.005
0.579 0.156 0 0.005
0.579 0.338 0 0.005
0.579 0.695 0 0.005
0.58 0.0022833333333333334 0 0.005
0.5896666666666667 0.954 0 0.005
0.581 0.406 0 0.005
0.581 0.464 0 0.005
0.581 0.587 0 0.005
0.581 0.762 0 0.005
0.581 0.834 0 0.005
0.587 0.9223333333333333 0 0.005
0.581 0.996225352112676 0 0.005
0.587 0.1175 0 0.005
0.5865 0.177 0 0.005
0.582 0.299 0 0.005
0.582 0.376 0 0.005
0.583 0.032 0 0.005
0.583 0.135 0 0.005
0.5865 0.272 0 0.005
0.588 0.5245 0 0.005
0.583 0.864 0 0.005
0.584 0.392 0 0.005
0.584 0.734 0 0.005
0.5885 0.77 0 0.005
0.585 0.418 0 0.005
0.585 0.903 0 0.005
0.59 0.9865 0 0.005
0.586 0.193 0 0.005
0.586 0.573 0 0.005
0.586 0.939 0 0.005
0.587 0.503 0 0.005
0.587 0.627 0 0.005
0.5925 0.6595 0 0.005
0.592 0.7135 0 0.005
0.588 0.059 0 0.005
0.588 0.085 0 0.005
0.588 0.205 0 0.005
0.588 0.22 0 0.005
0.588 0.255 0 0.005
0.588 0.353 0 0.005
0.5963333333333334 0.5413333333333333 0 0.005
0.592 0.7945 0 0.005
0.588 0.811 0 0.005
0.589 0.013 0 0.005
0.606 0.6887142857142856 0 0.005
0.589 0.888 0 0.005
0.59 0.232 0 0.005
0.591 0.072 0 0.005
0.592 0.286 0 0.005
0.592 0.331 0 0.005
0.5955 0.456 0 0.005
0.592 0.481 0 0.005
0.592 0.596 0 0.005
0.604 0.403 0 0.005
0.594 0.151 0 0.005
0.595 0.299 0 0.005
0.595 0.753 0 0.005
0.595 0.831 0 0.005
0.5986666666666667 0.3826666666666667 0 0.005
0.599 0.4235 0 0.005
0.596 0.644 0 0.005
0.596 0.862 0 0.005
0.597 0.0022833333333333334 0 0.005
0.597 0.05 0 0.005
0.597 0.971 0 0.005
0.598 0.032 0 0.005
0.598 0.493 0 0.005
0.598 0.559 0 0.005
0.598 0.582 0 0.005
0.599 0.311 0 0.005
0.599 0.738 0 0.005
0.599 0.845 0 0.005
0.599 0.899 0 0.005
0.6 0.131 0 0.005
0.6 0.203 0 0.005
0.611 0.24766666666666665 0 0.005
0.6 0.606 0 0.005
0.6 0.911 0 0.005
0.601 0.013 0 0.005
0.601 0.085 0 0.005
0.601 0.813 0 0.005
0.602 0.233 0 0.005
0.602 0.887 0 0.005
0.603 0.064 0 0.005
0.6065 0.111 0 0.005
0.603 0.165 0 0.005
0.603 0.35 0 0.005
0.604 0.22 0 0.005
0.6095 0.263 0 0.005
0.606 0.279 0 0.005
0.606 0.48 0 0.005
0.611 0.8685 0 0.005
0.606 0.934 0 0.005
0.6085 0.9745 0 0.005
0.607 0.18 0 0.005
0.607 0.295 0 0.005
0.607 0.569 0 0.005
0.607 0.618 0 0.005
0.607 0.749 0 0.005
0.607 0.779 0 0.005
0.608 0.724 0 0.005
0.608 0.825 0 0.005
0.609 0.192 0 0.005
0.609 0.319 0 0.005
0.609 0.437 0 0.005
0.609 0.59 0 0.005
0.609 0.792 0 0.005
0.61 0.333 0 0.005
0.61 0.502 0 0.005
0.61 0.52 0 0.005
0.61 0.95 0 0.005
0.611 0.0022833333333333334 0 0.005
0.611 0.464 0 0.005
0.611 0.55 0 0.005
0.615 0.6335 0 0.005
0.612 0.993 0 0.005
0.613 0.042 0 0.005
0.613 0.211 0 0.005
0.613 0.361 0 0.005
0.613 0.603 0 0.005
0.618 0.6535 0 0.005
0.613 0.764 0 0.005
0.613 0.845 0 0.005
0.614 0.128 0 0.005
0.614 0.411 0 0.005
0.614 0.812 0 0.005
0.614 0.899 0 0.005
0.615 0.029 0 0.005
0.615 0.102 0 0.005
0.615 0.149 0 0.005
0.615 0.166 0 0.005
0.615 0.92 0 0.005
0.616 0.017 0 0.005
0.616 0.076 0 0.005
0.616 0.224 0 0.005
0.616 0.45 0 0.005
0.617 0.344 0 0.005
0.618 0.056 0 0.005
0.6235 0.3705 0 0.005
0.618 0.58 0 0.005
0.618 0.934 0 0.005
0.619 0.529 0 0.005
0.619 0.733 0 0.005
0.62 0.182 0 0.005
0.62 0.274 0 0.005
0.62 0.752 0 0.005
0.62 0.775 0 0.005
0.62 0.978 0 0.005
0.621 0.197 0 0.005
0.621 0.491 0 0.005
0.621 0.721 0 0.005
0.6255 0.307 0 0.005
0.622 0.424 0 0.005
0.628 0.5133333333333334 0 0.005
0.622 0.801 0 0.005
0.622 0.889 0 0.005
0.622 0.95 0 0.005
0.623 0.089 0 0.005
0.623 0.288 0 0.005
0.624 0.55 0 0.005
0.624 0.852 0 0.005
0.6295 0.012 0 0.005
0.63 0.0335 0 0.005
0.625 0.138 0 0.005
0.625 0.211 0 0.005
0.625 0.476 0 0.005
0.629 0.5986666666666667 0 0.005
0.625 0.84 0 0.005
0.625 0.874 0 0.005
0.625 0.962 0 0.005
0.626 0.158 0 0.005
0.626 0.234 0 0.005
0.626 0.563 0 0.005
0.626 0.692 0 0.005
0.632 0.3275 0 0.005
0.627 0.356 0 0.005
0.627 0.44 0 0.005
0.627 0.642 0 0.005
0.628 0.383 0 0.005
0.628 0.789 0 0.005
0.6335 0.9045 0 0.005
0.628 0.919 0 0.005
0.629 0.265 0 0.005
0.629 0.406 0 0.005
0.629 0.67 0 0.005
0.629 0.708 0 0.005
0.629 0.996225352112676 0 0.005
0.63 0.063 0 0.005
0.63 0.109 0 0.005
0.63 0.171 0 0.005
0.63 0.619 0 0.005
0.631 0.121 0 0.005
0.631 0.344 0 0.005
0.631 0.459 0 0.005
0.631 0.739 0 0.005
0.635 0.8325 0 0.005
0.64 0.21025 0 0.005
0.632 0.278 0 0.005
0.6385 0.49 0 0.005
0.633 0.577 0 0.005
0.633 0.758 0 0.005
0.634 0.079 0 0.005
0.634 0.188 0 0.005
0.634 0.81 0 0.005
0.634 0.949 0 0.005
0.634 0.976 0 0.005
0.635 0.146 0 0.005
0.644 0.42875 0 0.005
0.636 0.048 0 0.005
0.6395 0.238 0 0.005
0.636 0.547 0 0.005
0.636 0.726 0 0.005
0.636 0.858 0 0.005
0.6415 0.889 0 0.005
0.637 0.291 0 0.005
0.637 0.684 0 0.005
0.643 0.1545 0 0.005
0.638 0.779 0 0.005
0.643 0.0935 0 0.005
0.639 0.531 0 0.005
0.639 0.65 0 0.005
0.6425 0.704 0 0.005
0.639 0.928 0 0.005
0.64 0.634 0 0.005
0.641 0.318 0 0.005
0.641 0.451 0 0.005
0.641 0.964 0 0.005
0.642 0.069 0 0.005
0.642 0.401 0 0.005
0.642 0.507 0 0.005
0.6455 0.667 0 0.005
0.642 0.746 0 0.005
0.648 0.8723333333333334 0 0.005
0.643 0.258 0 0.005
0.643 0.766 0 0.005
0.644 0.382 0 0.005
0.644 0.558 0 0.005
0.645 0.007 0 0.005
0.645 0.821 0 0.005
0.646 0.127 0 0.005
0.6495 0.178 0 0.005
0.646 0.301 0 0.005
0.646 0.583 0 0.005
0.647 0.035 0 0.005
0.647 0.363 0 0.005
0.647 0.979 0 0.005
0.648 0.469 0 0.005
0.648 0.62 0 0.005
0.651 0.8065 0 0.005
0.648 0.991 0 0.005
0.649 0.139 0 0.005
0.649 0.246 0 0.005
0.649 0.345 0 0.005
0.654 0.4095 0 0.005
0.649 0.54 0 0.005
0.649 0.596 0 0.005
0.649 0.942 0 0.005
0.65 0.782 0 0.005
0.6535 0.915 0 0.005
0.651 0.114 0 0.005
0.651 0.278 0 0.005
0.651 0.329 0 0.005
0.652 0.023 0 0.005
0.652 0.049 0 0.005
0.652 0.519 0 0.005
0.652 0.632 0 0.005
0.6585 0.1035 0 0.005
0.653 0.758 0 0.005
0.654 0.314 0 0.005
0.654 0.456 0 0.005
0.654 0.569 0 0.005
0.654 0.688 0 0.005
0.654 0.841 0 0.005
0.654 0.965 0 0.005
0.6618047337278107 0.005970414201183431 0 0.005
0.656 0.376 0 0.005
0.656 0.726 0 0.005
0.657 0.224 0 0.005
0.657 0.391 0 0.005
0.658 0.163 0 0.005
0.658 0.289 0 0.005
0.658 0.496 0 0.005
0.658 0.648 0 0.005
0.658 0.9 0 0.005
0.6645 0.1275 0 0.005
0.659 0.301 0 0.005
0.659 0.532 0 0.005
0.668 0.608 0 0.005
0.662 0.7115 0 0.005
0.6655 0.0365 0 0.005
0.66 0.669 0 0.005
0.6635 0.738 0 0.005
0.661 0.139 0 0.005
0.661 0.151 0 0.005
0.661 0.193 0 0.005
0.661 0.209 0 0.005
0.661 0.237 0 0.005
0.6683333333333333 0.26366666666666666 0 0.005
0.6703333333333333 0.3636666666666667 0 0.005
0.661 0.933 0 0.005
0.661 0.945 0 0.005
0.661 0.988 0 0.005
0.662 0.066 0 0.005
0.662 0.081 0 0.005
0.662 0.346 0 0.005
0.662 0.554 0 0.005
0.664 0.782 0 0.005
0.664 0.795 0 0.005
0.664 0.824 0 0.005
0.665 0.44 0 0.005
0.665 0.635 0 0.005
0.666 0.315 0 0.005
0.666 0.591 0 0.005
0.666 0.763 0 0.005
0.667 0.455 0 0.005
0.6725 0.509 0 0.005
0.6733333333333333 0.573 0 0.005
0.667 0.622 0 0.005
0.667 0.657 0 0.005
0.667 0.811 0 0.005
0.668 0.052 0 0.005
0.668 0.331 0 0.005
0.668 0.469 0 0.005
0.668 0.482 0 0.005
0.668 0.86 0 0.005
0.668 0.872 0 0.005
0.6725 0.963 0 0.005
0.668 0.976 0 0.005
0.669 0.383 0 0.005
0.669 0.695 0 0.005
0.674 0.8385 0 0.005
0.67 0.022 0 0.005
0.67 0.175 0 0.005
0.67 0.284 0 0.005
0.67 0.914 0 0.005
0.676 0.9015 0 0.005
0.672 0.16 0 0.005
0.672 0.422 0 0.005
0.672 0.745 0 0.005
0.673 0.074 0 0.005
0.673 0.116 0 0.005
0.677 0.3405 0 0.005
0.681 0.6655 0 0.005
0.674 0.99 0 0.005
0.675 0.194 0 0.005
0.675 0.884 0 0.005
0.675 0.93 0 0.005
0.676 0.093 0 0.005
0.679 0.3895 0 0.005
0.6805 0.714 0 0.005
0.676 0.772 0 0.005
0.677 0.298 0 0.005
0.68 0.5525 0 0.005
0.677 0.799 0 0.005
0.678 0.208 0 0.005
0.685 0.22466666666666665 0 0.005
0.678 0.247 0 0.005
0.678 0.441 0 0.005
0.678 0.49 0 0.005
0.6805 0.5285 0 0.005
0.678 0.819 0 0.005
0.679 0.0022833333333333334 0 0.005
0.679 0.012 0 0.005
0.679 0.144 0 0.005
0.679 0.785 0 0.005
0.6845 0.951 0 0.005
0.68 0.318 0 0.005
0.6855 0.6185 0 0.005
0.68 0.732 0 0.005
0.68 0.849 0 0.005
0.681 0.465 0 0.005
0.681 0.864 0 0.005
0.682 0.024 0 0.005
0.682 0.058 0 0.005
0.698 0.4756 0 0.005
0.683 0.168 0 0.005
0.683 0.282 0 0.005
0.684 0.426 0 0.005
0.686 0.599 0 0.005
0.6915 0.6405 0 0.005
0.686 0.987 0 0.005
0.692 0.1075 0 0.005
0.687 0.267 0 0.005
0.687 0.693 0 0.005
0.687 0.891 0 0.005
0.687 0.975 0 0.005
0.688 0.135 0 0.005
0.688 0.361 0 0.005
0.688 0.705 0 0.005
0.6935 0.7755 0 0.005
0.689 0.042 0 0.005
0.689 0.085 0 0.005
0.695 0.1835 0 0.005
0.69 0.201 0 0.005
0.69 0.411 0 0.005
0.69 0.51 0 0.005
0.69 0.76 0 0.005
0.6955 0.874 0 0.005
0.69 0.936 0 0.005
0.691 0.003268292682926829 0 0.005
0.696 0.2965 0 0.005
0.691 0.348 0 0.005
0.6965 0.9155 0 0.005
0.692 0.066 0 0.005
0.6965 0.15 0 0.005
0.692 0.681 0 0.005
0.692 0.744 0 0.005
0.692 0.832 0 0.005
0.704 0.8385 0 0.005
0.693 0.398 0 0.005
0.697 0.5495 0 0.005
0.693 0.58 0 0.005
0.694 0.123 0 0.005
0.697 0.4445 0 0.005
0.694 0.565 0 0.005
0.694 0.86 0 0.005
0.695 0.383 0 0.005
0.695 0.793 0 0.005
0.696 0.025 0 0.005
0.696 0.325 0 0.005
0.696 0.492 0 0.005
0.697 0.053 0 0.005
0.697 0.53 0 0.005
0.702 0.7345 0 0.005
0.697 0.82 0 0.005
0.698 0.371 0 0.005
0.698 0.425 0 0.005
0.698 0.808 0 0.005
0.699 0.241 0 0.005
0.699 0.254 0 0.005
0.699 0.267 0 0.005
0.699 0.896 0 0.005
0.7 0.077 0 0.005
0.7 0.338 0 0.005
0.701 0.089 0 0.005
0.701 0.712 0 0.005
0.702 0.168 0 0.005
0.702 0.594 0 0.005
0.706 0.6275 0 0.005
0.702 0.958 0 0.005
0.704 0.003268292682926829 0 0.005
0.704 0.216 0 0.005
0.7075 0.757 0 0.005
0.7066980198019802 0.9897128712871287 0 0.005
0.705 0.064 0 0.005
0.7095 0.2 0 0.005
0.705 0.513 0 0.005
0.705 0.668 0 0.005
0.706 0.392 0 0.005
0.7085 0.9405 0 0.005
0.707 0.279 0 0.005
0.707 0.349 0 0.005
0.707 0.568 0 0.005
0.708 0.037 0 0.005
0.708 0.581 0 0.005
0.708 0.884 0 0.005
0.709 0.113 0 0.005
0.709 0.228 0 0.005
0.709 0.306 0 0.005
0.709 0.535 0 0.005
0.709 0.856 0 0.005
0.71 0.052 0 0.005
0.7155 0.365 0 0.005
0.71 0.404 0 0.005
0.7125 0.6115 0 0.005
0.71 0.656 0 0.005
0.717 0.6866666666666666 0 0.005
0.71 0.923 0 0.005
0.71 0.969 0 0.005
0.715 0.0945 0 0.005
0.711 0.331 0 0.005
0.711 0.378 0 0.005
0.711 0.701 0 0.005
0.711 0.722 0 0.005
0.711 0.778 0 0.005
0.711 0.793 0 0.005
0.712 0.021 0 0.005
0.712 0.078 0 0.005
0.712 0.241 0 0.005
0.712 0.425 0 0.005
0.712 0.439 0 0.005
0.7175 0.466 0 0.005
0.713 0.816 0 0.005
0.713 0.87 0 0.005
0.714 0.129 0 0.005
0.714 0.266 0 0.005
0.714 0.593 0 0.005
0.715 0.501 0 0.005
0.72 0.5495 0 0.005
0.716 0.15 0 0.005
0.716 0.167 0 0.005
0.717 0.065 0 0.005
0.717 0.905 0 0.005
0.718 0.294 0 0.005
0.7215 0.324 0 0.005
0.719 0.179 0 0.005
0.7235 0.282 0 0.005
0.719 0.945 0 0.005
0.724 0.3985 0 0.005
0.72 0.515 0 0.005
0.72 0.96 0 0.005
0.721 0.032 0 0.005
0.7266666666666667 0.22033333333333335 0 0.005
0.721 0.646 0 0.005
0.721 0.714 0 0.005
0.721 0.806 0 0.005
0.722 0.051 0 0.005
0.722 0.449 0 0.005
0.7293333333333334 0.6646666666666666 0 0.005
0.728 0.2535 0 0.005
0.723 0.787 0 0.005
0.724 0.631 0 0.005
0.724 0.76 0 0.005
0.724 0.918 0 0.005
0.725 0.308 0 0.005
0.725 0.347 0 0.005
0.725 0.429 0 0.005
0.725 0.576 0 0.005
0.725 0.742 0 0.005
0.725 0.867 0 0.005
0.725 0.994656862745098 0 0.005
0.726 0.975 0 0.005
0.727 0.00434313725490196 0 0.005
0.727 0.017 0 0.005
0.727 0.113 0 0.005
0.7295 0.5245 0 0.005
0.727 0.879 0 0.005
0.728 0.157 0 0.005
0.7325 0.699 0 0.005
0.728 0.851 0 0.005
0.728 0.933 0 0.005
0.729 0.1 0 0.005
0.729 0.135 0 0.005
0.729 0.559 0 0.005
0.729 0.588 0 0.005
0.729 0.607 0 0.005
0.729 0.619 0 0.005
0.7356666666666666 0.722 0 0.005
0.7345 0.9065 0 0.005
0.73 0.38 0 0.005
0.73 0.48 0 0.005
0.73 0.773 0 0.005
0.73 0.826 0 0.005
0.73 0.892 0 0.005
0.731 0.416 0 0.005
0.732 0.04 0 0.005
0.736 0.1755 0 0.005
0.732 0.197 0 0.005
0.732 0.458 0 0.005
0.732 0.501 0 0.005
0.733 0.084 0 0.005
0.734 0.028 0 0.005
0.734 0.067 0 0.005
0.734 0.986 0 0.005
0.735 0.055 0 0.005
0.735 0.839 0 0.005
0.736 0.298 0 0.005
0.736 0.65 0 0.005
0.7395 0.2785 0 0.005
0.737 0.445 0 0.005
0.737 0.805 0 0.005
0.738 0.146 0 0.005
0.7463333333333334 0.22933333333333333 0 0.005
0.738 0.315 0 0.005
0.738 0.368 0 0.005
0.739 0.351 0 0.005
0.739 0.428 0 0.005
0.739 0.542 0 0.005
0.739 0.633 0 0.005
0.739 0.9967166666666667 0 0.005
0.7425 0.1075 0 0.005
0.74 0.682 0 0.005
0.74 0.872 0 0.005
0.74 0.964 0 0.005
0.741 0.0027746478873239434 0 0.005
0.741 0.584 0 0.005
0.741 0.789 0 0.005
0.742 0.13 0 0.005
0.742 0.384 0 0.005
0.742 0.619 0 0.005
0.742 0.736 0 0.005
0.742 0.946 0 0.005
0.743 0.336 0 0.005
0.7475 0.412 0 0.005
0.743 0.486 0 0.005
0.743 0.53 0 0.005
0.746 0.8345 0 0.005
0.7485 0.9275 0 0.005
0.744 0.165 0 0.005
0.744 0.46 0 0.005
0.744 0.853 0 0.005
0.744 0.886 0 0.005
0.744 0.978 0 0.005
0.745 0.2 0 0.005
0.745 0.568 0 0.005
0.7505 0.7615 0 0.005
0.746 0.04 0 0.005
0.746 0.71 0 0.005
0.7505 0.819 0 0.005
0.7533333333333334 0.515 0 0.005
0.747 0.75 0 0.005
0.748 0.052 0 0.005
0.748 0.087 0 0.005
0.748 0.556 0 0.005
0.749 0.023 0 0.005
0.749 0.212 0 0.005
0.749 0.671 0 0.005
0.749 0.694 0 0.005
0.75 0.321 0 0.005
0.75 0.395 0 0.005
0.7555 0.435 0 0.005
0.7555 0.4745 0 0.005
0.75 0.593 0 0.005
0.754 0.6516666666666666 0 0.005
0.754 0.2475 0 0.005
0.751 0.27 0 0.005
0.751 0.61 0 0.005
0.753 0.071 0 0.005
0.753 0.149 0 0.005
0.753 0.347 0 0.005
0.762 0.974 0 0.005
0.753 0.993 0 0.005
0.75755 0.006544444444444444 0 0.005
0.754 0.878 0 0.005
0.754 0.937 0 0.005
0.755 0.452 0 0.005
0.755 0.578 0 0.005
0.755 0.795 0 0.005
0.756 0.304 0 0.005
0.756 0.861 0 0.005
0.757 0.177 0 0.005
0.757 0.191 0 0.005
0.7625 0.2865 0 0.005
0.7625 0.378 0 0.005
0.757 0.905 0 0.005
0.757 0.951 0 0.005
0.758 0.535 0 0.005
0.758 0.626 0 0.005
0.759 0.113 0 0.005
0.759 0.363 0 0.005
0.759 0.782 0 0.005
0.76 0.128 0 0.005
0.76 0.494 0 0.005
0.7635 0.561 0 0.005
0.765 0.1605 0 0.005
0.761 0.337 0 0.005
0.762 0.02 0 0.005
0.7645 0.0745 0 0.005
0.762 0.204 0 0.005
0.762 0.216 0 0.005
0.762 0.675 0 0.005
0.763 0.271 0 0.005
0.763 0.716 0 0.005
0.7685 0.736 0 0.005
0.764 0.038 0 0.005
0.764 0.258 0 0.005
0.764 0.324 0 0.005
0.764 0.419 0 0.005
0.764 0.59 0 0.005
0.764 0.844 0 0.005
0.765 0.097 0 0.005
0.765 0.444 0 0.005
0.765 0.463 0 0.005
0.765 0.701 0 0.005
0.765 0.807 0 0.005
0.77575 0.8855 0 0.005
0.766 0.394 0 0.005
0.766 0.687 0 0.005
0.766 0.94 0 0.005
0.767 0.603 0 0.005
0.767 0.639 0 0.005
0.767 0.996225352112676 0 0.005
0.7735 0.232 0 0.005
0.768 0.918 0 0.005
0.769 0.245 0 0.005
0.769 0.503 0 0.005
0.769 0.751 0 0.005
0.77 0.531 0 0.005
0.77 0.576 0 0.005
0.77 0.829 0 0.005
0.7773333333333333 0.058 0 0.005
0.772 0.123 0 0.005
0.772 0.517 0 0.005
0.772 0.96 0 0.005
0.773 0.346 0 0.005
0.773 0.407 0 0.005
0.773 0.623 0 0.005
0.773 0.656 0 0.005
0.773 0.906 0 0.005
0.774 0.012 0 0.005
0.774 0.202 0 0.005
0.774 0.668 0 0.005
0.774 0.765 0 0.005
0.781 0.8606666666666666 0 0.005
0.775 0.144 0 0.005
0.775 0.178 0 0.005
0.775 0.302 0 0.005
0.778 0.7225 0 0.005
0.776 0.08 0 0.005
0.776 0.258 0 0.005
0.776 0.271 0 0.005
0.776 0.318 0 0.005
0.777 0.371 0 0.005
0.777 0.543 0 0.005
0.777 0.704 0 0.005
0.7805 0.8 0 0.005
0.778 0.03 0 0.005
0.778 0.215 0 0.005
0.778 0.394 0 0.005
0.778 0.458 0 0.005
0.778 0.68 0 0.005
0.778 0.817 0 0.005
0.7835 0.836 0 0.005
0.779 0.359 0 0.005
0.7835 0.421 0 0.005
0.7895 0.55825 0 0.005
0.7815 0.6365 0 0.005
0.779 0.992 0 0.005
0.78 0.095 0 0.005
0.78 0.166 0 0.005
0.78 0.19 0 0.005
0.78 0.437 0 0.005
0.78 0.477 0 0.005
0.78 0.595 0 0.005
0.78 0.609 0 0.005
0.78 0.782 0 0.005
0.781 0.109 0 0.005
0.781 0.335 0 0.005
0.7856666666666666 0.5003333333333333 0 0.005
0.783 0.247 0 0.005
0.784 0.581 0 0.005
0.784 0.938 0 0.005
0.7895 0.958 0 0.005
0.785 0.131 0 0.005
0.785 0.154 0 0.005
0.785 0.284 0 0.005
0.7885 0.352 0 0.005
0.785 0.656 0 0.005
0.785 0.748 0 0.005
0.79059375 0.0139875 0 0.005
0.786 0.204 0 0.005
0.787 0.529 0 0.005
0.787 0.926 0 0.005
0.788 0.299 0 0.005
0.788 0.312 0 0.005
0.795 0.3856666666666667 0 0.005
0.788 0.404 0 0.005
0.7905 0.6755 0 0.005
0.788 0.914 0 0.005
0.788 0.977 0 0.005
0.789 0.081 0 0.005
0.789 0.225 0 0.005
0.789 0.698 0 0.005
0.79 0.45 0 0.005
0.7935 0.467 0 0.005
0.79 0.485 0 0.005
0.791 0.064 0 0.005
0.791 0.117 0 0.005
0.791 0.264 0 0.005
0.791 0.541 0 0.005
0.792 0.165 0 0.005
0.792 0.602 0 0.005
0.793 0.784 0 0.005
0.793 0.99 0 0.005
0.798 0.0365 0 0.005
0.794 0.182 0 0.005
0.794 0.43 0 0.005
0.794 0.645 0 0.005
0.796 0.093 0 0.005
0.796 0.194 0 0.005
0.796 0.514 0 0.005
0.796 0.722 0 0.005
0.796 0.816 0 0.005
0.797 0.134 0 0.005
0.8025 0.2855 0 0.005
0.797 0.321 0 0.005
0.802 0.6575 0 0.005
0.797 0.768 0 0.005
0.798 0.106 0 0.005
0.798 0.588 0 0.005
0.798 0.735 0 0.005
0.798 0.877 0 0.005
0.799 0.206 0 0.005
0.799 0.246 0 0.005
0.799 0.345 0 0.005
0.799 0.53 0 0.005
0.799 0.63 0 0.005
0.799 0.905 0 0.005
0.802 0.9425 0 0.005
0.8 0.409 0 0.005
0.8 0.618 0 0.005
0.8045 0.71 0 0.005
0.8 0.751 0 0.005
0.8 0.85 0 0.005
0.8 0.924 0 0.005
0.8 0.974 0 0.005
0.801 0.015 0 0.005
0.801 0.081 0 0.005
0.801 0.369 0 0.005
0.802 0.485 0 0.005
0.8075 0.8015 0 0.005
0.802 0.834 0 0.005
0.803 0.064 0 0.005
0.808 0.1255 0 0.005
0.803 0.147 0 0.005
0.804 0.891 0 0.005
0.805 0.456 0 0.005
0.805 0.566 0 0.005
0.81 0.6835 0 0.005
0.806 0.301 0 0.005
0.806 0.605 0 0.005
0.806 0.9952365591397849 0 0.005
0.807 0.269 0 0.005
0.808 0.427 0 0.005
0.808 0.439 0 0.005
0.8135 0.5 0 0.005
0.808 0.515 0 0.005
0.808 0.914 0 0.005
0.809 0.819 0 0.005
0.81 0.049 0 0.005
0.81 0.092 0 0.005
0.81 0.109 0 0.005
0.81 0.184 0 0.005
0.81 0.232 0 0.005
0.81 0.539 0 0.005
0.81 0.963 0 0.005
0.811 0.347 0 0.005
0.811 0.79 0 0.005
0.811 0.862 0 0.005
0.812 0.074 0 0.005
0.812 0.63 0 0.005
0.812 0.642 0 0.005
0.812 0.733 0 0.005
0.812 0.847 0 0.005
0.812 0.951 0 0.005
0.813 0.003268292682926829 0 0.005
0.813 0.171 0 0.005
0.818 0.3665 0 0.005
0.813 0.466 0 0.005
0.813 0.578 0 0.005
0.814 0.022 0 0.005
0.814 0.22 0 0.005
0.814 0.98 0 0.005
0.815 0.062 0 0.005
0.8195 0.204 0 0.005
0.815 0.332 0 0.005
0.815 0.486 0 0.005
0.816 0.151 0 0.005
0.8276 0.24159999999999998 0 0.005
0.816 0.397 0 0.005
0.816 0.667 0 0.005
0.816 0.762 0 0.005
0.816 0.777 0 0.005
0.82375 0.882 0 0.005
0.817 0.612 0 0.005
0.818 0.28 0 0.005
0.818 0.598 0 0.005
0.819 0.415 0 0.005
0.819 0.654 0 0.005
0.819 0.699 0 0.005
0.819 0.75 0 0.005
0.82 0.034 0 0.005
0.821 0.083 0 0.005
0.821 0.1 0 0.005
0.821 0.312 0 0.005
0.821 0.452 0 0.005
0.821 0.531 0 0.005
0.821 0.563 0 0.005
0.822 0.012 0 0.005
0.822 0.297 0 0.005
0.822 0.545 0 0.005
0.8275 0.7155 0 0.005
0.8275 0.822 0 0.005
0.822 0.833 0 0.005
0.822 0.967 0 0.005
0.822 0.996225352112676 0 0.005
0.823 0.434 0 0.005
0.823 0.515 0 0.005
0.823 0.866 0 0.005
0.823 0.904 0 0.005
0.823 0.923 0 0.005
0.824 0.732 0 0.005
0.824 0.938 0 0.005
0.825 0.048 0 0.005
0.825 0.584 0 0.005
0.826 0.22 0 0.005
0.826 0.38 0 0.005
0.8315 0.854 0 0.005
0.827 0.191 0 0.005
0.827 0.487 0 0.005
0.827 0.633 0 0.005
0.827 0.674 0 0.005
0.832 0.6925 0 0.005
0.828 0.116 0 0.005
0.828 0.146 0 0.005
0.833 0.1605 0 0.005
0.828 0.265 0 0.005
0.828 0.774 0 0.005
0.829 0.472 0 0.005
0.829 0.759 0 0.005
0.829 0.791 0 0.005
0.83 0.068 0 0.005
0.83 0.336 0 0.005
0.83 0.602 0 0.005
0.83 0.977 0 0.005
0.831 0.0027746478873239434 0 0.005
0.832 0.031 0 0.005
0.8375 0.6195 0 0.005
0.832 0.65 0 0.005
0.8375 0.917 0 0.005
0.833 0.08 0 0.005
0.833 0.443 0 0.005
0.833 0.562 0 0.005
0.833 0.81 0 0.005
0.834 0.101 0 0.005
0.834 0.281 0 0.005
0.834 0.296 0 0.005
0.834 0.352 0 0.005
0.834 0.403 0 0.005
0.837 0.9525 0 0.005
0.835 0.013 0 0.005
0.8423333333333334 0.14366666666666666 0 0.005
0.835 0.176 0 0.005
0.8416666666666667 0.3143333333333333 0 0.005
0.835 0.503 0 0.005
0.835 0.547 0 0.005
0.835 0.662 0 0.005
0.835 0.931 0 0.005
0.836 0.423 0 0.005
0.836 0.522 0 0.005
0.837 0.364 0 0.005
0.8425 0.7275 0 0.005
0.837 0.742 0 0.005
0.838 0.211 0 0.005
0.838 0.384 0 0.005
0.8435 0.9895 0 0.005
0.839 0.05 0 0.005
0.839 0.681 0 0.005
0.839 0.891 0 0.005
0.841 0.114 0 0.005
0.841 0.24 0 0.005
0.841 0.593 0 0.005
0.841 0.634 0 0.005
0.842 0.844 0 0.005
0.8465 0.975 0 0.005
0.843 0.003268292682926829 0 0.005
0.843 0.067 0 0.005
0.843 0.337 0 0.005
0.844 0.087 0 0.005
0.8485 0.452 0 0.005
0.844 0.472 0 0.005
0.844 0.646 0 0.005
0.845 0.126 0 0.005
0.845 0.412 0 0.005
0.845 0.579 0 0.005
0.845 0.752 0 0.005
0.848 0.8215 0 0.005
0.846 0.194 0 0.005
0.846 0.608 0 0.005
0.846 0.904 0 0.005
0.847 0.259 0 0.005
0.847 0.433 0 0.005
0.847 0.502 0 0.005
0.848 0.032 0 0.005
0.848 0.102 0 0.005
0.8535 0.167 0 0.005
0.848 0.529 0 0.005
0.848 0.669 0 0.005
0.848 0.767 0 0.005
0.848 0.791 0 0.005
0.848 0.803 0 0.005
0.848 0.868 0 0.005
0.848 0.881 0 0.005
0.849 0.486 0 0.005
0.849 0.689 0 0.005
0.85 0.02 0 0.005
0.85 0.206 0 0.005
0.85 0.378 0 0.005
0.85 0.563 0 0.005
0.85 0.712 0 0.005
0.85 0.95 0 0.005
0.851 0.219 0 0.005
0.852 0.284 0 0.005
0.852 0.935 0 0.005
0.853 0.239 0 0.005
0.853 0.326 0 0.005
0.853 0.4 0 0.005
0.853 0.516 0 0.005
0.8585 0.043 0 0.005
0.854 0.3 0 0.005
0.854 0.551 0 0.005
0.855 0.068 0 0.005
0.855 0.85 0 0.005
0.856 0.359 0 0.005
0.856 0.648 0 0.005
0.856 0.735 0 0.005
0.857 0.008 0 0.005
0.857 0.832 0 0.005
0.858 0.126 0 0.005
0.858 0.181 0 0.005
0.858 0.464 0 0.005
0.859 0.7 0 0.005
0.859 0.968 0 0.005
0.86 0.142 0 0.005
0.86 0.251 0 0.005
0.86 0.273 0 0.005
0.86 0.891 0 0.005
0.861 0.635 0 0.005
0.861 0.662 0 0.005
0.861 0.679 0 0.005
0.861 0.919 0 0.005
0.867 0.5055 0 0.005
0.862 0.54 0 0.005
0.862 0.572 0 0.005
0.867 0.1185 0 0.005
0.863 0.347 0 0.005
0.863 0.42 0 0.005
0.8675 0.486 0 0.005
0.863 0.592 0 0.005
0.863 0.811 0 0.005
0.864 0.083 0 0.005
0.864 0.201 0 0.005
0.864 0.311 0 0.005
0.864 0.775 0 0.005
0.864 0.799 0 0.005
0.864 0.937 0 0.005
0.8702774869109947 0.9936020942408377 0 0.005
0.865 0.623 0 0.005
0.866 0.216 0 0.005
0.866 0.237 0 0.005
0.866 0.389 0 0.005
0.869 0.5265 0 0.005
0.866 0.743 0 0.005
0.866 0.949 0 0.005
0.867 0.372 0 0.005
0.867 0.407 0 0.005
0.867 0.722 0 0.005
0.868 0.063 0 0.005
0.868 0.61 0 0.005
0.868 0.758 0 0.005
0.872 0.8765 0 0.005
0.869 0.173 0 0.005
0.869 0.907 0 0.005
0.869 0.98 0 0.005
0.87 0.024 0 0.005
0.87 0.098 0 0.005
0.87 0.325 0 0.005
0.87 0.435 0 0.005
0.8735 0.4655 0 0.005
0.8823333333333334 0.14966666666666667 0 0.005
0.872 0.185 0 0.005
0.872 0.301 0 0.005
0.872 0.686 0 0.005
0.873 0.273 0 0.005
0.873 0.288 0 0.005
0.873 0.559 0 0.005
0.873 0.642 0 0.005
0.873 0.657 0 0.005
0.873 0.67 0 0.005
0.873 0.701 0 0.005
0.873 0.845 0 0.005
0.874 0.049 0 0.005
0.874 0.227 0 0.005
0.874 0.338 0 0.005
0.874 0.894 0 0.005
0.875 0.011 0 0.005
0.875 0.256 0 0.005
0.875 0.447 0 0.005
0.876 0.35 0 0.005
0.876 0.575 0 0.005
0.876 0.789 0 0.005
0.881 0.0835 0 0.005
0.877 0.591 0 0.005
0.88 0.7655 0 0.005
0.877 0.806 0 0.005
0.877 0.859 0 0.005
0.878 0.392 0 0.005
0.878 0.942 0 0.005
0.878 0.956 0 0.005
0.879 0.037 0 0.005
0.879 0.828 0 0.005
0.879 0.929 0 0.005
0.88 0.209 0 0.005
0.88 0.314 0 0.005
0.88 0.378 0 0.005
0.88 0.408 0 0.005
0.88 0.973 0 0.005
0.881 0.135 0 0.005
0.881 0.729 0 0.005
0.881 0.743 0 0.005
0.882 0.715 0 0.005
0.883 0.168 0 0.005
0.883 0.459 0 0.005
0.884 0.24 0 0.005
0.884 0.42 0 0.005
0.884 0.87 0 0.005
0.885 0.0027746478873239434 0 0.005
0.888 0.0185 0 0.005
0.885 0.507 0 0.005
0.885 0.52 0 0.005
0.885 0.551 0 0.005
0.885 0.667 0 0.005
0.8875 0.6845 0 0.005
0.885 0.702 0 0.005
0.886 0.049 0 0.005
0.886 0.065 0 0.005
0.886 0.108 0 0.005
0.886 0.185 0 0.005
0.886 0.228 0 0.005
0.886 0.299 0 0.005
0.886 0.33 0 0.005
0.886 0.359 0 0.005
0.886 0.843 0 0.005
0.887 0.44 0 0.005
0.887 0.612 0 0.005
0.8983333333333333 0.3486666666666667 0 0.005
0.8926666666666666 0.478 0 0.005
0.888 0.57 0 0.005
0.888 0.626 0 0.005
0.888 0.883 0 0.005
0.888 0.908 0 0.005
0.889 0.534 0 0.005
0.889 0.582 0 0.005
0.889 0.595 0 0.005
0.89 0.28 0 0.005
0.89 0.858 0 0.005
0.891 0.158 0 0.005
0.891 0.941 0 0.005
0.891 0.963 0 0.005
0.892 0.25 0 0.005
0.901 0.29725 0 0.005
0.892 0.39 0 0.005
0.892 0.805 0 0.005
0.897 0.1255 0 0.005
0.893 0.411 0 0.005
0.893 0.722 0 0.005
0.893 0.736 0 0.005
0.893 0.896 0 0.005
0.893 0.927 0 0.005
0.894 0.038 0 0.005
0.8975 0.221 0 0.005
0.894 0.268 0 0.005
0.894 0.369 0 0.005
0.894 0.833 0 0.005
0.894 0.989 0 0.005
0.895 0.637 0 0.005
0.895 0.649 0 0.005
0.895 0.777 0 0.005
0.9015 0.196 0 0.005
0.896 0.79 0 0.005
0.897 0.085 0 0.005
0.897 0.426 0 0.005
0.897 0.701 0 0.005
0.898 0.516 0 0.005
0.898 0.757 0 0.005
0.898 0.821 0 0.005
0.899 0.61 0 0.005
0.9 0.172 0 0.005
0.9 0.323 0 0.005
0.9 0.574 0 0.005
0.901 0.005 0 0.005
0.901 0.239 0 0.005
0.901 0.381 0 0.005
0.901 0.597 0 0.005
0.9055 0.841 0 0.005
0.91 0.037 0 0.005
0.902 0.055 0 0.005
0.902 0.097 0 0.005
0.902 0.336 0 0.005
0.902 0.438 0 0.005
0.902 0.451 0 0.005
0.902 0.531 0 0.005
0.902 0.545 0 0.005
0.902 0.874 0 0.005
0.906 0.5005 0 0.005
0.903 0.684 0 0.005
0.903 0.714 0 0.005
0.904 0.071 0 0.005
0.904 0.396 0 0.005
0.904 0.56 0 0.005
0.904 0.659 0 0.005
0.905 0.148 0 0.005
0.905 0.251 0 0.005
0.9105 0.7345 0 0.005
0.905 0.918 0 0.005
0.905 0.947 0 0.005
0.905 0.959 0 0.005
0.905 0.974 0 0.005
0.906 0.266 0 0.005
0.91475 0.88325 0 0.005
0.9105 0.316 0 0.005
0.907 0.369 0 0.005
0.907 0.903 0 0.005
0.908 0.162 0 0.005
0.908 0.408 0 0.005
0.914 0.6343333333333334 0 0.005
0.909 0.672 0 0.005
0.909 0.783 0 0.005
0.909 0.858 0 0.005
0.909 0.991 0 0.005
0.91 0.519 0 0.005
0.914 0.7635 0 0.005
0.91 0.93 0 0.005
0.911 0.082 0 0.005
0.911 0.481 0 0.005
0.911 0.801 0 0.005
0.911 0.823 0 0.005
0.912 0.209 0 0.005
0.913 0.105 0 0.005
0.913 0.343 0 0.005
0.913 0.386 0 0.005
0.913 0.538 0 0.005
0.913 0.592 0 0.005
0.914 0.018 0 0.005
0.914 0.134 0 0.005
0.9195 0.4315 0 0.005
0.9175 0.45 0 0.005
0.914 0.469 0 0.005
0.914 0.61 0 0.005
0.914 0.722 0 0.005
0.915 0.117 0 0.005
0.922 0.17066666666666666 0 0.005
0.916 0.057 0 0.005
0.916 0.237 0 0.005
0.917 0.152 0 0.005
0.917 0.224 0 0.005
0.9195 0.9805 0 0.005
0.918 0.257 0 0.005
0.918 0.698 0 0.005
0.919 0.363 0 0.005
0.919 0.4 0 0.005
0.919 0.579 0 0.005
0.919 0.943 0 0.005
0.92 0.274 0 0.005
0.924 0.7445 0 0.005
0.92 0.814 0 0.005
0.92 0.904 0 0.005
0.921 0.031 0 0.005
0.921 0.069 0 0.005
0.921 0.093 0 0.005
0.9245 0.292 0 0.005
0.921 0.685 0 0.005
0.92775 0.808 0 0.005
0.921 0.847 0 0.005
0.922 0.201 0 0.005
0.922 0.415 0 0.005
0.922 0.517 0 0.005
0.922 0.567 0 0.005
0.922 0.656 0 0.005
0.922 0.673 0 0.005
0.922 0.711 0 0.005
0.922 0.78 0 0.005
0.923 0.0022833333333333334 0 0.005
0.923 0.189 0 0.005
0.923 0.483 0 0.005
0.923 0.551 0 0.005
0.923 0.9967166666666667 0 0.005
0.924 0.499 0 0.005
0.924 0.917 0 0.005
0.924 0.96 0 0.005
0.925 0.381 0 0.005
0.926 0.93 0 0.005
0.927 0.532 0 0.005
0.927 0.607 0 0.005
0.928 0.081 0 0.005
0.928 0.323 0 0.005
0.928 0.593 0 0.005
0.929 0.054 0 0.005
0.9315 0.2235 0 0.005
0.93 0.347 0 0.005
0.93 0.623 0 0.005
0.93 0.76 0 0.005
0.93 0.863 0 0.005
0.931 0.12 0 0.005
0.931 0.264 0 0.005
0.932 0.108 0 0.005
0.932 0.466 0 0.005
0.932 0.948 0 0.005
0.9375 0.299 0 0.005
0.933 0.72 0 0.005
0.936 0.7775 0 0.005
0.9383333333333334 0.905 0 0.005
0.934 0.007 0 0.005
0.934 0.161 0 0.005
0.934 0.968 0 0.005
0.935 0.026 0 0.005
0.935 0.204 0 0.005
0.9375 0.5765 0 0.005
0.935 0.646 0 0.005
0.935 0.673 0 0.005
0.936 0.403 0 0.005
0.936 0.552 0 0.005
0.936 0.994656862745098 0 0.005
0.9425 0.0415 0 0.005
0.937 0.14 0 0.005
0.937 0.192 0 0.005
0.9425 0.2435 0 0.005
0.937 0.37 0 0.005
0.937 0.453 0 0.005
0.937 0.513 0 0.005
0.937 0.707 0 0.005
0.938 0.072 0 0.005
0.9405 0.4345 0 0.005
0.938 0.748 0 0.005
0.948 0.8863333333333334 0 0.005
0.939 0.478 0 0.005
0.939 0.613 0 0.005
0.939 0.694 0 0.005
0.94 0.417 0 0.005
0.94 0.661 0 0.005
0.94 0.797 0 0.005
0.95575 0.09575 0 0.005
0.941 0.526 0 0.005
0.941 0.539 0 0.005
0.941 0.6 0 0.005
0.942 0.058 0 0.005
0.942 0.281 0 0.005
0.942 0.332 0 0.005
0.942 0.981 0 0.005
0.943 0.124 0 0.005
0.943 0.177 0 0.005
0.943 0.383 0 0.005
0.943 0.493 0 0.005
0.943 0.636 0 0.005
0.943 0.734 0 0.005
0.943 0.847 0 0.005
0.944 0.765 0 0.005
0.945 0.347 0 0.005
0.945 0.937 0 0.005
0.9485 0.958 0 0.005
0.946 0.466 0 0.005
0.946 0.865 0 0.005
0.947 0.584 0 0.005
0.947 0.648 0 0.005
0.947 0.677 0 0.005
0.947 0.816 0 0.005
0.948 0.022 0 0.005
0.948 0.16 0 0.005
0.948 0.21 0 0.005
0.948 0.359 0 0.005
0.949 0.264 0 0.005
0.949 0.709 0 0.005
0.95 0.079 0 0.005
0.955 0.4425 0 0.005
0.95 0.552 0 0.005
0.95 0.621 0 0.005
0.95 0.831 0 0.005
0.95 0.994656862745098 0 0.005
0.951 0.229 0 0.005
0.9565 0.5145 0 0.005
0.952 0.323 0 0.005
0.952 0.482 0 0.005
0.952 0.662 0 0.005
0.952 0.754 0 0.005
0.953 0.0027746478873239434 0 0.005
0.953 0.311 0 0.005
0.9565 0.498 0 0.005
0.953 0.79 0 0.005
0.953 0.906 0 0.005
0.954 0.067 0 0.005
0.954 0.336 0 0.005
0.959 0.8055 0 0.005
0.954 0.982 0 0.005
0.955 0.395 0 0.005
0.955 0.6 0 0.005
0.955 0.697 0 0.005
0.955 0.737 0 0.005
0.9605 0.779 0 0.005
0.956 0.112 0 0.005
0.957 0.143 0 0.005
0.957 0.18 0 0.005
0.957 0.407 0 0.005
0.957 0.856 0 0.005
0.957 0.93 0 0.005
0.958 0.013 0 0.005
0.9686666666666667 0.169 0 0.005
0.958 0.381 0 0.005
0.958 0.568 0 0.005
0.9605 0.6385 0 0.005
0.959 0.253 0 0.005
0.959 0.419 0 0.005
0.959 0.678 0 0.005
0.959 0.918 0 0.005
0.959 0.944 0 0.005
0.96 0.127 0 0.005
0.96 0.192 0 0.005
0.965 0.2425 0 0.005
0.96 0.531 0 0.005
0.96 0.719 0 0.005
0.961 0.288 0 0.005
0.961 0.84 0 0.005
0.962 0.35 0 0.005
0.962 0.365 0 0.005
0.963 0.207 0 0.005
0.9675 0.469 0 0.005
0.963 0.824 0 0.005
0.9695 0.029 0 0.005
0.964 0.047 0 0.005
0.964 0.324 0 0.005
0.964 0.451 0 0.005
0.964 0.552 0 0.005
0.964 0.875 0 0.005
0.965 0.795 0 0.005
0.965 0.9952365591397849 0 0.005
0.966 0.226 0 0.005
0.967 0.336 0 0.005
0.967 0.394 0 0.005
0.967 0.579 0 0.005
0.967 0.907 0 0.005
0.967 0.975 0 0.005
0.968 0.0027746478873239434 0 0.005
0.968 0.277 0 0.005
0.969 0.692 0 0.005
0.969 0.744 0 0.005
0.969 0.758 0 0.005
0.969 0.888 0 0.005
0.969 0.931 0 0.005
0.97 0.014 0 0.005
0.97 0.157 0 0.005
0.97 0.302 0 0.005
0.97 0.382 0 0.005
0.97 0.593 0 0.005
0.971 0.658 0 0.005
0.972 0.114 0 0.005
0.972 0.259 0 0.005
0.972 0.493 0 0.005
0.97775 0.52825 0 0.005
0.972 0.614 0 0.005
0.9775 0.7215 0 0.005
0.973 0.058 0 0.005
0.973 0.126 0 0.005
0.973 0.29 0 0.005
0.973 0.43 0 0.005
0.973 0.566 0 0.005
0.973 0.631 0 0.005
0.973 0.673 0 0.005
0.973 0.848 0 0.005
0.973 0.945 0 0.005
0.974 0.072 0 0.005
0.974 0.189 0 0.005
0.974 0.417 0 0.005
0.974 0.704 0 0.005
0.974 0.958 0 0.005
0.975 0.315 0 0.005
0.975 0.366 0 0.005
0.975 0.987 0 0.005
0.976 0.043 0 0.005
0.9805 0.4 0 0.005
0.977 0.353 0 0.005
0.978 0.092 0 0.005
0.9835 0.142 0 0.005
0.978 0.229 0 0.005
0.978 0.827 0 0.005
0.978 0.86 0 0.005
0.98 0.555 0 0.005
0.98 0.584 0 0.005
0.98 0.774 0 0.005
0.98 0.786 0 0.005
0.98 0.903 0 0.005
0.98 0.973 0 0.005
0.9878041958041959 0.34593473193473195 0 0.005
0.981 0.447 0 0.005
0.981 0.604 0 0.005
0.981 0.917 0 0.005
0.982 0.106 0 0.005
0.982 0.215 0 0.005
0.9880979899497487 0.26821608040201006 0 0.005
0.983 0.506 0 0.005
0.983 0.691 0 0.005
0.983 0.813 0 0.005
0.983 0.89 0 0.005
0.984 0.617 0 0.005
0.984 0.655 0 0.005
0.984 0.756 0 0.005
0.984 0.874 0 0.005
0.985 0.473 0 0.005
0.985 0.798 0 0.005
0.985 0.939 0 0.005
0.9901780104712041 0.06114659685863875 0 0.005
0.986 0.251 0 0.005
0.9895 0.381 0 0.005
0.986 0.415 0 0.005
0.9895454545454545 0.005642857142857143 0 0.005
0.987 0.181 0 0.005
0.9907486910994765 0.8419947643979058 0 0.005
0.988 0.044 0 0.005
0.988 0.3 0 0.005
0.988 0.734 0 0.005
0.9913657587548638 0.9880428015564203 0 0.005
0.989 0.022 0 0.005
0.9917396449704142 0.3115147928994083 0 0.005
0.99 0.077 0 0.005
0.99 0.438 0 0.005
0.99 0.962 0 0.005
0.991 0.195 0 0.005
0.991 0.234 0 0.005
0.991 0.486 0 0.005
0.991 0.575 0 0.005
0.991 0.708 0 0.005
0.992 0.114 0 0.005
0.992 0.126 0 0.005
0.992 0.162 0 0.005
0.992 0.862 0 0.005
0.993 0.33 0 0.005
0.993 0.826 0 0.005
0.994 0.102 0 0.005
0.994 0.637 0 0.005
0.994 0.771 0 0.005
0.994 0.787 0 0.005
0.994656862745098 0.207 0 0.005
0.994656862745098 0.452 0 0.005
0.994656862745098 0.667 0 0.005
0.9952365591397849 0.221 0 0.005
0.9952365591397849 0.288 0 0.005
0.9952365591397849 0.543 0 0.005
0.9952365591397849 0.593 0 0.005
0.9952365591397849 0.745 0 0.005
0.9957317073170732 0.468 0 0.005
0.9957317073170732 0.51 0 0.005
0.9957317073170732 0.524 0 0.005
0.9957317073170732 0.615 0 0.005
0.9957317073170732 0.679 0 0.005
0.9957317073170732 0.693 0 0.005
0.9957317073170732 0.811 0 0.005
0.996225352112676 0.087 0 0.005
0.996225352112676 0.245 0 0.005
0.996225352112676 0.399 0 0.005
0.996225352112676 0.421 0 0.005
0.996225352112676 0.558 0 0.005
0.996225352112676 0.877 0 0.005
0.996225352112676 0.929 0 0.005
0.9967166666666667 0.035 0 0.005
0.9967166666666667 0.496 0 0.005
0.9967166666666667 0.655 0 0.005
0.9967166666666667 0.726 0 0.005
0.9967166666666667 0.757 0 0.005
0.9967166666666667 0.85 0 0.005
0.9967166666666667 0.892 0 0.005
0.9967166666666667 0.906 0 0.005
0.9967166666666667 0.95 0 0.005
