0.0017435897435897436 0.041 0 0.005
0.0008095238095238096 0.363 0 0.005
0.0017435897435897436 0.386 0 0.005
0.0012666666666666666 0.771 0 0.005
0.0022291666666666666 0.819 0 0.005
0.0017435897435897436 0.835 0 0.005
0.005 0.719 0 0.005
0.007 0.056 0 0.005
0.007 0.963 0 0.005
0.008 0.647 0 0.005
0.01 0.486 0 0.005
0.01 0.903 0 0.005
0.011 0.682 0 0.005
0.012 0.0033125 0 0.005
0.012 0.039 0 0.005
0.012 0.799 0 0.005
0.013 0.185 0 0.005
0.013 0.888 0 0.005
0.014 0.288 0 0.005
0.014 0.413 0 0.005
0.015 0.597 0 0.005
0.015 0.633 0 0.005
0.016 0.028 0 0.005
0.016 0.066 0 0.005
0.016 0.125 0 0.005
0.019 0.266 0 0.005
0.019 0.73 0 0.005
0.02 0.096 0 0.005
0.02 0.432 0 0.005
0.021 0.901 0 0.005
0.022 0.199 0 0.005
0.022 0.36 0 0.005
0.022 0.812 0 0.005
0.022 0.911 0 0.005
0.024 0.154 0 0.005
0.024 0.412 0 0.005
0.025 0.451 0 0.005
0.025 0.754 0 0.005
0.026 0.842 0 0.005
0.028 0.141 0 0.005
0.029 0.228 0 0.005
0.031 0.011 0 0.005
0.031 0.461 0 0.005
0.032 0.252 0 0.005
0.032 0.617 0 0.005
0.033 0.884 0 0.005
0.034 0.529 0 0.005
0.034 0.833 0 0.005
0.035 0.4 0 0.005
0.035 0.776 0 0.005
0.036 0.786 0 0.005
0.036 0.941 0 0.005
0.036 0.992 0 0.005
0.037 0.904 0 0.005
0.038 0.172 0 0.005
0.038 0.857 0 0.005
0.039 0.452 0 0.005
0.039 0.562 0 0.005
0.04 0.427 0 0.005
0.041 0.511 0 0.005
0.041 0.67 0 0.005
0.041 0.873 0 0.005
0.042 0.095 0 0.005
0.042 0.738 0 0.005
0.043 0.039 0 0.005
0.043 0.218 0 0.005
0.043 0.484 0 0.005
0.045 0.36 0 0.005
0.045 0.633 0 0.005
0.046 0.946 0 0.005
0.047 0.571 0 0.005
0.047 0.65 0 0.005
0.048 0.105 0 0.005
0.048 0.141 0 0.005
0.048 0.248 0 0.005
0.048 0.819 0 0.005
0.049 0.535 0 0.005
0.05 0.384 0 0.005
0.051 0.087 0 0.005
0.051 0.435 0 0.005
0.052 0.187 0 0.005
0.052 0.606 0 0.005
0.052 0.673 0 0.005
0.053 0.258 0 0.005
0.054 0.8 0 0.005
0.055 0.007 0 0.005
0.055 0.447 0 0.005
0.056 0.837 0 0.005
0.056 0.934 0 0.005
0.057 0.663 0 0.005
0.058 0.505 0 0.005
0.058 0.587 0 0.005
0.058 0.875 0 0.005
0.059 0.473 0 0.005
0.06 0.35 0 0.005
0.06 0.63 0 0.005
0.062 0.143 0 0.005
0.062 0.73 0 0.005
0.062 0.993 0 0.005
0.063 0.538 0 0.005
0.063 0.749 0 0.005
0.064 0.071 0 0.005
0.064 0.571 0 0.005
0.067 0.184 0 0.005
0.067 0.693 0 0.005
0.067 0.708 0 0.005
0.067 0.978 0 0.005
0.068 0.279 0 0.005
0.068 0.4 0 0.005
0.068 0.522 0 0.005
0.068 0.957 0 0.005
0.071 0.251 0 0.005
0.074 0.304 0 0.005
0.074 0.856 0 0.005
0.075 0.035 0 0.005
0.075 0.072 0 0.005
0.075 0.616 0 0.005
0.075 0.729 0 0.005
0.075 0.767 0 0.005
0.075 0.875 0 0.005
0.076 0.355 0 0.005
0.077 0.426 0 0.005
0.077 0.789 0 0.005
0.079 0.578 0 0.005
0.079 0.67 0 0.005
0.08 0.48 0 0.005
0.08 0.741 0 0.005
0.08 0.982 0 0.005
0.081 0.467 0 0.005
0.081 0.702 0 0.005
0.082 0.101 0 0.005
0.083 0.651 0 0.005
0.084 0.198 0 0.005
0.085 0.489 0 0.005
0.085 0.894 0 0.005
0.085 0.9981904761904762 0 0.005
0.086 0.027 0 0.005
0.087 0.007 0 0.005
0.087 0.188 0 0.005
0.087 0.382 0 0.005
0.087 0.403 0 0.005
0.087 0.751 0 0.005
0.088 0.949 0 0.005
0.089 0.128 0 0.005
0.091 0.672 0 0.005
0.092 0.217 0 0.005
0.092 0.247 0 0.005
0.092 0.835 0 0.005
0.093 0.497 0 0.005
0.093 0.728 0 0.005
0.094 0.14 0 0.005
0.096 0.907 0 0.005
0.097 0.884 0 0.005
0.098 0.607 0 0.005
0.098 0.8 0 0.005
0.099 0.197 0 0.005
0.099 0.565 0 0.005
0.099 0.692 0 0.005
0.099 0.751 0 0.005
0.1 0.263 0 0.005
0.1 0.555 0 0.005
0.1 0.628 0 0.005
0.101 0.9967708333333334 0 0.005
0.102 0.858 0 0.005
0.103 0.12 0 0.005
0.103 0.722 0 0.005
0.104 0.352 0 0.005
0.104 0.825 0 0.005
0.104 0.941 0 0.005
0.105 0.394 0 0.005
0.107 0.05 0 0.005
0.107 0.591 0 0.005
0.108 0.513 0 0.005
0.108 0.869 0 0.005
0.109 0.467 0 0.005
0.109 0.795 0 0.005
0.11 0.06 0 0.005
0.11 0.226 0 0.005
0.11 0.617 0 0.005
0.111 0.165 0 0.005
0.113 0.321 0 0.005
0.113 0.78 0 0.005
0.114 0.408 0 0.005
0.115 0.698 0 0.005
0.116 0.085 0 0.005
0.117 0.008 0 0.005
0.117 0.122 0 0.005
0.119 0.732 0 0.005
0.12 0.018 0 0.005
0.122 0.256 0 0.005
0.122 0.44 0 0.005
0.123 0.305 0 0.005
0.123 0.753 0 0.005
0.125 0.468 0 0.005
0.126 0.487 0 0.005
0.127 0.886 0 0.005
0.126 0.999 0 0.005
0.129 0.795 0 0.005
0.129 0.809 0 0.005
0.13 0.333 0 0.005
0.131 0.154 0 0.005
0.131 0.601 0 0.005
0.131 0.673 0 0.005
0.131 0.726 0 0.005
0.131 0.969 0 0.005
0.132 0.115 0 0.005
0.132 0.612 0 0.005
0.132 0.783 0 0.005
0.133 0.437 0 0.005
0.134 0.634 0 0.005
0.135 0.704 0 0.005
0.136 0.079 0 0.005
0.136 0.105 0 0.005
0.136 0.477 0 0.005
0.136 0.501 0 0.005
0.137 0.878 0 0.005
0.137 0.906 0 0.005
0.139 0.2 0 0.005
0.14 0.055 0 0.005
0.142 0.392 0 0.005
0.142 0.407 0 0.005
0.144 0.218 0 0.005
0.144 0.664 0 0.005
0.146 0.293 0 0.005
0.146 0.682 0 0.005
0.146 0.778 0 0.005
0.147 0.158 0 0.005
0.147 0.374 0 0.005
0.147 0.85 0 0.005
0.147 0.996280701754386 0 0.005
0.149 0.646 0 0.005
0.15 0.032 0 0.005
0.151 0.832 0 0.005
0.152 0.311 0 0.005
0.153 0.885 0 0.005
0.154 0.093 0 0.005
0.155 0.17 0 0.005
0.155 0.691 0 0.005
0.155 0.704 0 0.005
0.156 0.255 0 0.005
0.156 0.362 0 0.005
0.156 0.584 0 0.005
0.158 0.052 0 0.005
0.159 0.158 0 0.005
0.159 0.242 0 0.005
0.16 0.774 0 0.005
0.162 0.96 0 0.005
0.163 0.43 0 0.005
0.163 0.859 0 0.005
0.165 0.324 0 0.005
0.165 0.888 0 0.005
0.166 0.581 0 0.005
0.166 0.731 0 0.005
0.166 0.804 0 0.005
0.166 0.903 0 0.005
0.167 0.597 0 0.005
0.167 0.914 0 0.005
0.167 0.984 0 0.005
0.168 0.352 0 0.005
0.168 0.659 0 0.005
0.168 0.72 0 0.005
0.171 0.208 0 0.005
0.172 0.745 0 0.005
0.173 0.051 0 0.005
0.173 0.375 0 0.005
0.173 0.632 0 0.005
0.174 0.172 0 0.005
0.175 0.434 0 0.005
0.175 0.491 0 0.005
0.176 0.507 0 0.005
0.176 0.765 0 0.005
0.178 0.0017435897435897436 0 0.005
0.178 0.552 0 0.005
0.178 0.989 0 0.005
0.179 0.019 0 0.005
0.179 0.087 0 0.005
0.179 0.614 0 0.005
0.179 0.876 0 0.005
0.18 0.934 0 0.005
0.181 0.481 0 0.005
0.182 0.589 0 0.005
0.182 0.737 0 0.005
0.183 0.305 0 0.005
0.184 0.048 0 0.005
0.185 0.524 0 0.005
0.185 0.625 0 0.005
0.187 0.844 0 0.005
0.188 0.707 0 0.005
0.189 0.297 0 0.005
0.19 0.638 0 0.005
0.191 0.006 0 0.005
0.191 0.034 0 0.005
0.192 0.814 0 0.005
0.192 0.951 0 0.005
0.193 0.534 0 0.005
0.195 0.351 0 0.005
0.195 0.404 0 0.005
0.195 0.677 0 0.005
0.197 0.231 0 0.005
0.199 0.843 0 0.005
0.2 0.657 0 0.005
0.2 0.96 0 0.005
0.201 0.139 0 0.005
0.201 0.301 0 0.005
0.201 0.495 0 0.005
0.201 0.742 0 0.005
0.201 0.894 0 0.005
0.203 0.459 0 0.005
0.203 0.624 0 0.005
0.204 0.526 0 0.005
0.204 0.863 0 0.005
0.205 0.402 0 0.005
0.205 0.469 0 0.005
0.205 0.789 0 0.005
0.206 0.9977333333333334 0 0.005
0.207 0.288 0 0.005
0.209 0.596 0 0.005
0.211 0.515 0 0.005
0.211 0.872 0 0.005
0.212 0.035 0 0.005
0.213 0.736 0 0.005
0.213 0.976 0 0.005
0.214 0.572 0 0.005
0.214 0.705 0 0.005
0.215 0.376 0 0.005
0.217 0.191 0 0.005
0.217 0.362 0 0.005
0.217 0.544 0 0.005
0.219 0.439 0 0.005
0.221 0.306 0 0.005
0.221 0.389 0 0.005
0.221 0.811 0 0.005
0.222 0.772 0 0.005
0.223 0.596 0 0.005
0.223 0.9977333333333334 0 0.005
0.224 0.236 0 0.005
0.224 0.751 0 0.005
0.225 0.279 0 0.005
0.225 0.646 0 0.005
0.227 0.707 0 0.005
0.231 0.205 0 0.005
0.232 0.319 0 0.005
0.232 0.609 0 0.005
0.233 0.025 0 0.005
0.233 0.172 0 0.005
0.233 0.924 0 0.005
0.233 0.938 0 0.005
0.234 0.004 0 0.005
0.234 0.723 0 0.005
0.235 0.381 0 0.005
0.235 0.457 0 0.005
0.235 0.562 0 0.005
0.237 0.751 0 0.005
0.239 0.425 0 0.005
0.239 0.641 0 0.005
0.241 0.032 0 0.005
0.242 0.848 0 0.005
0.243 0.084 0 0.005
0.244 0.662 0 0.005
0.244 0.692 0 0.005
0.245 0.9967708333333334 0 0.005
0.246 0.14 0 0.005
0.246 0.714 0 0.005
0.247 0.209 0 0.005
0.247 0.446 0 0.005
0.247 0.86 0 0.005
0.248 0.106 0 0.005
0.248 0.525 0 0.005
0.249 0.682 0 0.005
0.251 0.241 0 0.005
0.252 0.548 0 0.005
0.252 0.808 0 0.005
0.253 0.459 0 0.005
0.253 0.831 0 0.005
0.254 0.358 0 0.005
0.254 0.723 0 0.005
0.255 0.202 0 0.005
0.255 0.344 0 0.005
0.255 0.911 0 0.005
0.255 0.995 0 0.005
0.257 0.155 0 0.005
0.257 0.95 0 0.005
0.258 0.009 0 0.005
0.258 0.646 0 0.005
0.258 0.78 0 0.005
0.259 0.328 0 0.005
0.259 0.425 0 0.005
0.26 0.93 0 0.005
0.261 0.09 0 0.005
0.261 0.277 0 0.005
0.261 0.632 0 0.005
0.261 0.705 0 0.005
0.261 0.797 0 0.005
0.262 0.039 0 0.005
0.262 0.819 0 0.005
0.263 0.351 0 0.005
0.263 0.739 0 0.005
0.265 0.147 0 0.005
0.265 0.248 0 0.005
0.266 0.222 0 0.005
0.267 0.459 0 0.005
0.267 0.68 0 0.005
0.268 0.022 0 0.005
0.268 0.338 0 0.005
0.269 0.383 0 0.005
0.269 0.507 0 0.005
0.27 0.487 0 0.005
0.27 0.751 0 0.005
0.271 0.191 0 0.005
0.271 0.808 0 0.005
0.272 0.523 0 0.005
0.272 0.708 0 0.005
0.273 0.201 0 0.005
0.273 0.612 0 0.005
0.273 0.836 0 0.005
0.273 0.955 0 0.005
0.274 0.136 0 0.005
0.276 0.499 0 0.005
0.276 0.769 0 0.005
0.277 0.158 0 0.005
0.277 0.329 0 0.005
0.277 0.911 0 0.005
0.278 0.645 0 0.005
0.279 0.25 0 0.005
0.28 0.717 0 0.005
0.28 0.857 0 0.005
0.281 0.026 0 0.005
0.283 0.991 0 0.005
0.284 0.537 0 0.005
0.284 0.739 0 0.005
0.284 0.926 0 0.005
0.285 0.166 0 0.005
0.285 0.346 0 0.005
0.286 0.062 0 0.005
0.286 0.584 0 0.005
0.287 0.048 0 0.005
0.287 0.836 0 0.005
0.288 0.895 0 0.005
0.29 0.076 0 0.005
0.29 0.865 0 0.005
0.291 0.235 0 0.005
0.291 0.767 0 0.005
0.292 0.961 0 0.005
0.293 0.352 0 0.005
0.293 0.63 0 0.005
0.293 0.677 0 0.005
0.295 0.204 0 0.005
0.295 0.844 0 0.005
0.296 0.7 0 0.005
0.296 0.0004166666666666667 0 0.005
0.297 0.184 0 0.005
0.298 0.277 0 0.005
0.302 0.023 0 0.005
0.302 0.214 0 0.005
0.302 0.951 0 0.005
0.303 0.076 0 0.005
0.304 0.426 0 0.005
0.304 0.875 0 0.005
0.306 0.845 0 0.005
0.306 0.928 0 0.005
0.307 0.337 0 0.005
0.308 0.644 0 0.005
0.309 0.059 0 0.005
0.309 0.243 0 0.005
0.309 0.63 0 0.005
0.31 0.008 0 0.005
0.31 0.716 0 0.005
0.311 0.551 0 0.005
0.313 0.45 0 0.005
0.313 0.831 0 0.005
0.314 0.087 0 0.005
0.314 0.486 0 0.005
0.314 0.569 0 0.005
0.315 0.75 0 0.005
0.316 0.348 0 0.005
0.317 0.215 0 0.005
0.317 0.4 0 0.005
0.317 0.82 0 0.005
0.317 0.856 0 0.005
0.319 0.876 0 0.005
0.319 0.911 0 0.005
0.32 0.514 0 0.005
0.325 0.195 0 0.005
0.328 0.478 0 0.005
0.328 0.597 0 0.005
0.328 0.666 0 0.005
0.328 0.706 0 0.005
0.328 0.922 0 0.005
0.329 0.441 0 0.005
0.329 0.784 0 0.005
0.331 0.236 0 0.005
0.331 0.866 0 0.005
0.332 0.112 0 0.005
0.332 0.525 0 0.005
0.332 0.744 0 0.005
0.333 0.969 0 0.005
0.334 0.429 0 0.005
0.335 0.085 0 0.005
0.336 0.304 0 0.005
0.337 0.133 0 0.005
0.338 0.598 0 0.005
0.339 0.783 0 0.005
0.341 0.991 0 0.005
0.342 0.588 0 0.005
0.342 0.958 0 0.005
0.343 0.514 0 0.005
0.343 0.633 0 0.005
0.343 0.759 0 0.005
0.344 0.283 0 0.005
0.344 0.33 0 0.005
0.345 0.263 0 0.005
0.346 0.229 0 0.005
0.346 0.925 0 0.005
0.346 0.97 0 0.005
0.347 0.097 0 0.005
0.347 0.446 0 0.005
0.349 0.315 0 0.005
0.35 0.172 0 0.005
0.35 0.295 0 0.005
0.352 0.838 0 0.005
0.353 0.108 0 0.005
0.354 0.017 0 0.005
0.354 0.22 0 0.005
0.354 0.49 0 0.005
0.354 0.511 0 0.005
0.357 0.342 0 0.005
0.358 0.537 0 0.005
0.359 0.911 0 0.005
0.36 0.328 0 0.005
0.36 0.368 0 0.005
0.361 0.938 0 0.005
0.364 0.061 0 0.005
0.364 0.198 0 0.005
0.368 0.169 0 0.005
0.368 0.924 0 0.005
0.366 0.999 0 0.005
0.37 0.025 0 0.005
0.371 0.278 0 0.005
0.372 0.948 0 0.005
0.373 0.98 0 0.005
0.374 0.245 0 0.005
0.375 0.215 0 0.005
0.375 0.258 0 0.005
0.375 0.65 0 0.005
0.375 0.669 0 0.005
0.376 0.288 0 0.005
0.376 0.591 0 0.005
0.379 0.856 0 0.005
0.379 0.879 0 0.005
0.38 0.108 0 0.005
0.38 0.3 0 0.005
0.381 0.079 0 0.005
0.381 0.788 0 0.005
0.382 0.123 0 0.005
0.382 0.719 0 0.005
0.382 0.896 0 0.005
0.383 0.392 0 0.005
0.384 0.481 0 0.005
0.384 0.958 0 0.005
0.385 0.354 0 0.005
0.386 0.669 0 0.005
0.387 0.152 0 0.005
0.387 0.199 0 0.005
0.387 0.341 0 0.005
0.387 0.593 0 0.005
0.387 0.98 0 0.005
0.389 0.267 0 0.005
0.391 0.211 0 0.005
0.391 0.634 0 0.005
0.392 0.544 0 0.005
0.392 0.872 0 0.005
0.393 0.307 0 0.005
0.393 0.434 0 0.005
0.395 0.359 0 0.005
0.395 0.396 0 0.005
0.399 0.295 0 0.005
0.399 0.919 0 0.005
0.4 0.135 0 0.005
0.4 0.477 0 0.005
0.4 0.508 0 0.005
0.4 0.648 0 0.005
0.401 0.805 0 0.005
0.403 0.317 0 0.005
0.403 0.959 0 0.005
0.404 0.552 0 0.005
0.404 0.773 0 0.005
0.405 0.406 0 0.005
0.405 0.724 0 0.005
0.406 0.117 0 0.005
0.406 0.266 0 0.005
0.407 0.815 0 0.005
0.409 0.151 0 0.005
0.409 0.461 0 0.005
0.409 0.639 0 0.005
0.411 0.48 0 0.005
0.411 0.653 0 0.005
0.411 0.683 0 0.005
0.411 0.698 0 0.005
0.412 0.505 0 0.005
0.414 0.667 0 0.005
0.415 0.549 0 0.005
0.416 0.93 0 0.005
0.417 0.262 0 0.005
0.417 0.628 0 0.005
0.418 0.743 0 0.005
0.419 0.094 0 0.005
0.422 0.942 0 0.005
0.423 0.693 0 0.005
0.423 0.836 0 0.005
0.425 0.523 0 0.005
0.425 0.719 0 0.005
0.425 0.755 0 0.005
0.426 0.906 0 0.005
0.427 0.216 0 0.005
0.428 0.024 0 0.005
0.428 0.852 0 0.005
0.428 0.989 0 0.005
0.429 0.118 0 0.005
0.43 0.647 0 0.005
0.431 0.306 0 0.005
0.431 0.367 0 0.005
0.431 0.634 0 0.005
0.432 0.776 0 0.005
0.434 0.238 0 0.005
0.434 0.276 0 0.005
0.437 0.085 0 0.005
0.437 0.9981904761904762 0 0.005
0.438 0.403 0 0.005
0.438 0.597 0 0.005
0.438 0.922 0 0.005
0.439 0.953 0 0.005
0.44 0.049 0 0.005
0.441 0.434 0 0.005
0.441 0.563 0 0.005
0.442 0.067 0 0.005
0.442 0.697 0 0.005
0.446 0.015 0 0.005
0.446 0.587 0 0.005
0.446 0.661 0 0.005
0.447 0.305 0 0.005
0.447 0.473 0 0.005
0.447 0.864 0 0.005
0.448 0.034 0 0.005
0.448 0.102 0 0.005
0.448 0.151 0 0.005
0.448 0.492 0 0.005
0.448 0.68 0 0.005
0.448 0.729 0 0.005
0.45 0.315 0 0.005
0.452 0.117 0 0.005
0.455 0.375 0 0.005
0.455 0.484 0 0.005
0.456 0.977 0 0.005
0.457 0.182 0 0.005
0.459 0.399 0 0.005
0.46 0.104 0 0.005
0.46 0.334 0 0.005
0.46 0.536 0 0.005
0.461 0.261 0 0.005
0.461 0.366 0 0.005
0.462 0.44 0 0.005
0.463 0.592 0 0.005
0.464 0.351 0 0.005
0.464 0.422 0 0.005
0.464 0.518 0 0.005
0.464 0.809 0 0.005
0.464 0.934 0 0.005
0.465 0.032 0 0.005
0.465 0.129 0 0.005
0.465 0.489 0 0.005
0.466 0.845 0 0.005
0.467 0.218 0 0.005
0.467 0.954 0 0.005
0.468 0.473 0 0.005
0.469 0.656 0 0.005
0.47 0.011 0 0.005
0.47 0.568 0 0.005
0.471 0.385 0 0.005
0.471 0.98 0 0.005
0.472 0.052 0 0.005
0.472 0.461 0 0.005
0.474 0.9972564102564103 0 0.005
0.475 0.287 0 0.005
0.476 0.826 0 0.005
0.477 0.184 0 0.005
0.477 0.243 0 0.005
0.478 0.886 0 0.005
0.478 0.961 0 0.005
0.479 0.168 0 0.005
0.479 0.699 0 0.005
0.48 0.355 0 0.005
0.48 0.757 0 0.005
0.48 0.767 0 0.005
0.481 0.084 0 0.005
0.481 0.427 0 0.005
0.481 0.978 0 0.005
0.483 0.145 0 0.005
0.483 0.253 0 0.005
0.483 0.51 0 0.005
0.483 0.573 0 0.005
0.484 0.218 0 0.005
0.484 0.392 0 0.005
0.484 0.533 0 0.005
0.485 0.74 0 0.005
0.485 0.796 0 0.005
0.486 0.905 0 0.005
0.487 0.66 0 0.005
0.49 0.886 0 0.005
0.49 0.954 0 0.005
0.492 0.307 0 0.005
0.492 0.567 0 0.005
0.492 0.724 0 0.005
0.492 0.987 0 0.005
0.493 0.646 0 0.005
0.494 0.125 0 0.005
0.494 0.734 0 0.005
0.495 0.0012666666666666666 0 0.005
0.496 0.553 0 0.005
0.497 0.291 0 0.005
0.497 0.36 0 0.005
0.497 0.7 0 0.005
0.499 0.542 0 0.005
0.499 0.795 0 0.005
0.499 0.966 0 0.005
0.5 0.573 0 0.005
0.5 0.77 0 0.005
0.502 0.236 0 0.005
0.503 0.436 0 0.005
0.504 0.092 0 0.005
0.504 0.105 0 0.005
0.504 0.402 0 0.005
0.505 0.26 0 0.005
0.505 0.711 0 0.005
0.506 0.06 0 0.005
0.506 0.074 0 0.005
0.507 0.701 0 0.005
0.508 0.558 0 0.005
0.508 0.918 0 0.005
0.509 0.482 0 0.005
0.51 0.574 0 0.005
0.511 0.944 0 0.005
0.512 0.667 0 0.005
0.512 0.851 0 0.005
0.513 0.725 0 0.005
0.515 0.0022291666666666666 0 0.005
0.516 0.076 0 0.005
0.516 0.779 0 0.005
0.517 0.705 0 0.005
0.517 0.884 0 0.005
0.518 0.743 0 0.005
0.518 0.841 0 0.005
0.519 0.17 0 0.005
0.519 0.217 0 0.005
0.52 0.417 0 0.005
0.522 0.262 0 0.005
0.523 0.239 0 0.005
0.523 0.362 0 0.005
0.523 0.663 0 0.005
0.526 0.774 0 0.005
0.527 0.73 0 0.005
0.528 0.013 0 0.005
0.528 0.33 0 0.005
0.528 0.691 0 0.005
0.53 0.571 0 0.005
0.531 0.054 0 0.005
0.531 0.368 0 0.005
0.532 0.074 0 0.005
0.532 0.864 0 0.005
0.533 0.347 0 0.005
0.535 0.115 0 0.005
0.535 0.433 0 0.005
0.535 0.828 0 0.005
0.536 0.736 0 0.005
0.536 0.922 0 0.005
0.537 0.136 0 0.005
0.538 0.408 0 0.005
0.539 0.27 0 0.005
0.541 0.95 0 0.005
0.542 0.893 0 0.005
0.543 0.036 0 0.005
0.543 0.097 0 0.005
0.543 0.655 0 0.005
0.543 0.666 0 0.005
0.545 0.497 0 0.005
0.546 0.313 0 0.005
0.546 0.375 0 0.005
0.546 0.561 0 0.005
0.547 0.26 0 0.005
0.547 0.62 0 0.005
0.55 0.592 0 0.005
0.551 0.507 0 0.005
0.552 0.87 0 0.005
0.553 0.752 0 0.005
0.554 0.738 0 0.005
0.555 0.644 0 0.005
0.556 0.195 0 0.005
0.556 0.767 0 0.005
0.557 0.861 0 0.005
0.558 0.957 0 0.005
0.56 0.439 0 0.005
0.561 0.265 0 0.005
0.562 0.047 0 0.005
0.563 0.504 0 0.005
0.563 0.617 0 0.005
0.563 0.665 0 0.005
0.564 0.989 0 0.005
0.566 0.526 0 0.005
0.566 0.7 0 0.005
0.566 0.936 0 0.005
0.567 0.646 0 0.005
0.568 0.018 0 0.005
0.568 0.127 0 0.005
0.568 0.351 0 0.005
0.569 0.028 0 0.005
0.569 0.836 0 0.005
0.57 0.449 0 0.005
0.573 0.43 0 0.005
0.573 0.631 0 0.005
0.573 0.763 0 0.005
0.574 0.582 0 0.005
0.575 0.383 0 0.005
0.575 0.673 0 0.005
0.576 0.878 0 0.005
0.576 0.978 0 0.005
0.577 0.915 0 0.005
0.58 0.476 0 0.005
0.581 0.315 0 0.005
0.581 0.328 0 0.005
0.581 0.813 0 0.005
0.582 0.167 0 0.005
0.582 0.504 0 0.005
0.583 0.4 0 0.005
0.584 0.055 0 0.005
0.585 0.126 0 0.005
0.585 0.713 0 0.005
0.585 0.899 0 0.005
0.587 0.04 0 0.005
0.588 0.116 0 0.005
0.588 0.426 0 0.005
0.589 0.465 0 0.005
0.589 0.592 0 0.005
0.589 0.641 0 0.005
0.59 0.255 0 0.005
0.591 0.143 0 0.005
0.592 0.684 0 0.005
0.592 0.827 0 0.005
0.593 0.015 0 0.005
0.596 0.336 0 0.005
0.597 0.078 0 0.005
0.597 0.317 0 0.005
0.598 0.005 0 0.005
0.598 0.616 0 0.005
0.599 0.062 0 0.005
0.599 0.245 0 0.005
0.599 0.674 0 0.005
0.599 0.858 0 0.005
0.6 0.445 0 0.005
0.6 0.494 0 0.005
0.6 0.745 0 0.005
0.601 0.269 0 0.005
0.601 0.897 0 0.005
0.601 0.978 0 0.005
0.602 0.027 0 0.005
0.602 0.383 0 0.005
0.602 0.529 0 0.005
0.604 0.17 0 0.005
0.604 0.425 0 0.005
0.604 0.929 0 0.005
0.605 0.347 0 0.005
0.606 0.568 0 0.005
0.607 0.716 0 0.005
0.608 0.774 0 0.005
0.61 0.235 0 0.005
0.611 0.155 0 0.005
0.611 0.554 0 0.005
0.611 0.589 0 0.005
0.611 0.632 0 0.005
0.612 0.453 0 0.005
0.614 0.703 0 0.005
0.614 0.864 0 0.005
0.615 0.835 0 0.005
0.616 0.884 0 0.005
0.616 0.9967708333333334 0 0.005
0.617 0.135 0 0.005
0.618 0.015 0 0.005
0.619 0.182 0 0.005
0.619 0.285 0 0.005
0.62 0.673 0 0.005
0.62 0.792 0 0.005
0.621 0.353 0 0.005
0.621 0.827 0 0.005
0.621 0.896 0 0.005
0.622 0.369 0 0.005
0.622 0.588 0 0.005
0.622 0.603 0 0.005
0.622 0.908 0 0.005
0.623 0.459 0 0.005
0.624 0.852 0 0.005
0.625 0.269 0 0.005
0.626 0.026 0 0.005
0.626 0.393 0 0.005
0.626 0.689 0 0.005
0.628 0.052 0 0.005
0.628 0.118 0 0.005
0.628 0.318 0 0.005
0.629 0.526 0 0.005
0.629 0.741 0 0.005
0.629 0.959 0 0.005
0.63 0.441 0 0.005
0.631 0.562 0 0.005
0.631 0.594 0 0.005
0.633 0.753 0 0.005
0.634 0.281 0 0.005
0.634 0.337 0 0.005
0.635 0.379 0 0.005
0.636 0.291 0 0.005
0.636 0.535 0 0.005
0.636 0.715 0 0.005
0.637 0.631 0 0.005
0.638 0.406 0 0.005
0.639 0.055 0 0.005
0.639 0.481 0 0.005
0.641 0.031 0 0.005
0.641 0.17 0 0.005
0.641 0.248 0 0.005
0.641 0.565 0 0.005
0.641 0.889 0 0.005
0.642 0.451 0 0.005
0.642 0.929 0 0.005
0.643 0.006 0 0.005
0.643 0.766 0 0.005
0.644 0.135 0 0.005
0.647 0.537 0 0.005
0.647 0.578 0 0.005
0.648 0.273 0 0.005
0.649 0.314 0 0.005
0.649 0.507 0 0.005
0.649 0.664 0 0.005
0.649 0.921 0 0.005
0.649 0.946 0 0.005
0.65 0.682 0 0.005
0.65 0.692 0 0.005
0.651 0.561 0 0.005
0.651 0.605 0 0.005
0.651 0.759 0 0.005
0.652 0.126 0 0.005
0.652 0.235 0 0.005
0.653 0.036 0 0.005
0.653 0.478 0 0.005
0.653 0.871 0 0.005
0.654 0.109 0 0.005
0.654 0.861 0 0.005
0.655 0.383 0 0.005
0.655 0.42 0 0.005
0.656 0.169 0 0.005
0.656 0.223 0 0.005
0.657 0.827 0 0.005
0.658 0.278 0 0.005
0.659 0.193 0 0.005
0.659 0.977 0 0.005
0.66 0.359 0 0.005
0.66 0.487 0 0.005
0.66 0.71 0 0.005
0.661 0.606 0 0.005
0.663 0.081 0 0.005
0.663 0.331 0 0.005
0.663 0.447 0 0.005
0.664 0.158 0 0.005
0.664 0.58 0 0.005
0.664 0.788 0 0.005
0.665 0.251 0 0.005
0.665 0.0004166666666666667 0 0.005
0.666 0.52 0 0.005
0.667 0.778 0 0.005
0.667 0.9977333333333334 0 0.005
0.668 0.414 0 0.005
0.669 0.033 0 0.005
0.67 0.263 0 0.005
0.672 0.733 0 0.005
0.673 0.933 0 0.005
0.674 0.225 0 0.005
0.674 0.437 0 0.005
0.674 0.596 0 0.005
0.675 0.547 0 0.005
0.675 0.912 0 0.005
0.676 0.716 0 0.005
0.677 0.041 0 0.005
0.677 0.877 0 0.005
0.678 0.978 0 0.005
0.682 0.013 0 0.005
0.683 0.695 0 0.005
0.684 0.033 0 0.005
0.684 0.386 0 0.005
0.684 0.987 0 0.005
0.685 0.367 0 0.005
0.685 0.776 0 0.005
0.685 0.794 0 0.005
0.686 0.446 0 0.005
0.686 0.646 0 0.005
0.687 0.635 0 0.005
0.687 0.751 0 0.005
0.687 0.937 0 0.005
0.688 0.098 0 0.005
0.688 0.274 0 0.005
0.689 0.11 0 0.005
0.689 0.512 0 0.005
0.689 0.96 0 0.005
0.69 0.34 0 0.005
0.69 0.502 0 0.005
0.691 0.223 0 0.005
0.692 0.199 0 0.005
0.692 0.846 0 0.005
0.693 0.432 0 0.005
0.694 0.15 0 0.005
0.696 0.9972564102564103 0 0.005
0.697 0.893 0 0.005
0.698 0.694 0 0.005
0.699 0.986 0 0.005
0.7 0.609 0 0.005
0.701 0.061 0 0.005
0.702 0.88 0 0.005
0.703 0.943 0 0.005
0.704 0.406 0 0.005
0.704 0.634 0 0.005
0.705 0.106 0 0.005
0.705 0.236 0 0.005
0.706 0.145 0 0.005
0.706 0.259 0 0.005
0.708 0.431 0 0.005
0.708 0.671 0 0.005
0.708 0.888 0 0.005
0.709 0.047 0 0.005
0.709 0.707 0 0.005
0.709 0.967 0 0.005
0.711 0.771 0 0.005
0.712 0.115 0 0.005
0.713 0.646 0 0.005
0.714 0.605 0 0.005
0.717 0.98 0 0.005
0.718 0.281 0 0.005
0.718 0.947 0 0.005
0.719 0.023 0 0.005
0.719 0.06 0 0.005
0.719 0.312 0 0.005
0.719 0.514 0 0.005
0.719 0.688 0 0.005
0.72 0.138 0 0.005
0.721 0.368 0 0.005
0.721 0.461 0 0.005
0.721 0.894 0 0.005
0.722 0.096 0 0.005
0.722 0.119 0 0.005
0.722 0.742 0 0.005
0.723 0.473 0 0.005
0.723 0.634 0 0.005
0.725 0.354 0 0.005
0.725 0.405 0 0.005
0.725 0.705 0 0.005
0.725 0.799 0 0.005
0.725 0.855 0 0.005
0.726 0.107 0 0.005
0.727 0.957 0 0.005
0.729 0.446 0 0.005
0.73 0.692 0 0.005
0.731 0.068 0 0.005
0.731 0.312 0 0.005
0.731 0.841 0 0.005
0.732 0.168 0 0.005
0.733 0.297 0 0.005
0.733 0.508 0 0.005
0.733 0.904 0 0.005
0.734 0.548 0 0.005
0.735 0.642 0 0.005
0.735 0.785 0 0.005
0.736 0.884 0 0.005
0.736 0.975 0 0.005
0.737 0.934 0 0.005
0.738 0.96 0 0.005
0.739 0.244 0 0.005
0.741 0.345 0 0.005
0.741 0.368 0 0.005
0.741 0.754 0 0.005
0.742 0.847 0 0.005
0.743 0.73 0 0.005
0.744 0.256 0 0.005
0.744 0.331 0 0.005
0.745 0.592 0 0.005
0.745 0.7 0 0.005
0.746 0.889 0 0.005
0.747 0.529 0 0.005
0.748 0.019 0 0.005
0.748 0.299 0 0.005
0.75 0.13 0 0.005
0.75 0.381 0 0.005
0.75 0.74 0 0.005
0.751 0.344 0 0.005
0.751 0.412 0 0.005
0.752 0.481 0 0.005
0.752 0.493 0 0.005
0.752 0.963 0 0.005
0.753 0.504 0 0.005
0.753 0.84 0 0.005
0.754 0.291 0 0.005
0.754 0.817 0 0.005
0.754 0.983 0 0.005
0.755 0.212 0 0.005
0.756 0.249 0 0.005
0.756 0.684 0 0.005
0.76 0.023 0 0.005
0.76 0.401 0 0.005
0.76 0.623 0 0.005
0.762 0.278 0 0.005
0.762 0.864 0 0.005
0.763 0.384 0 0.005
0.764 0.777 0 0.005
0.765 0.435 0 0.005
0.766 0.666 0 0.005
0.766 0.955 0 0.005
0.767 0.112 0 0.005
0.767 0.174 0 0.005
0.768 0.844 0 0.005
0.769 0.618 0 0.005
0.769 0.923 0 0.005
0.771 0.028 0 0.005
0.772 0.63 0 0.005
0.772 0.649 0 0.005
0.773 0.04 0 0.005
0.773 0.799 0 0.005
0.775 0.729 0 0.005
0.775 0.942 0 0.005
0.776 0.066 0 0.005
0.776 0.304 0 0.005
0.777 0.365 0 0.005
0.777 0.689 0 0.005
0.777 0.713 0 0.005
0.778 0.461 0 0.005
0.778 0.753 0 0.005
0.779 0.238 0 0.005
0.78 0.172 0 0.005
0.78 0.275 0 0.005
0.781 0.316 0 0.005
0.781 0.521 0 0.005
0.783 0.416 0 0.005
0.784 0.917 0 0.005
0.785 0.481 0 0.005
0.785 0.727 0 0.005
0.786 0.215 0 0.005
0.786 0.265 0 0.005
0.786 0.622 0 0.005
0.786 0.94 0 0.005
0.787 0.89 0 0.005
0.788 0.195 0 0.005
0.788 0.715 0 0.005
0.788 0.772 0 0.005
0.789 0.253 0 0.005
0.79 0.855 0 0.005
0.791 0.032 0 0.005
0.791 0.072 0 0.005
0.791 0.126 0 0.005
0.793 0.223 0 0.005
0.795 0.37 0 0.005
0.795 0.799 0 0.005
0.797 0.147 0 0.005
0.797 0.469 0 0.005
0.797 0.876 0 0.005
0.798 0.608 0 0.005
0.799 0.709 0 0.005
0.8 0.339 0 0.005
0.8 0.568 0 0.005
0.801 0.679 0 0.005
0.802 0.549 0 0.005
0.803 0.454 0 0.005
0.805 0.0008095238095238096 0 0.005
0.805 0.072 0 0.005
0.805 0.353 0 0.005
0.805 0.633 0 0.005
0.806 0.589 0 0.005
0.808 0.016 0 0.005
0.808 0.901 0 0.005
0.809 0.603 0 0.005
0.811 0.179 0 0.005
0.811 0.365 0 0.005
0.814 0.103 0 0.005
0.814 0.169 0 0.005
0.814 0.311 0 0.005
0.816 0.659 0 0.005
0.817 0.85 0 0.005
0.818 0.679 0 0.005
0.819 0.961 0 0.005
0.82 0.011 0 0.005
0.821 0.062 0 0.005
0.821 0.196 0 0.005
0.821 0.925 0 0.005
0.821 0.993 0 0.005
0.822 0.124 0 0.005
0.822 0.403 0 0.005
0.822 0.446 0 0.005
0.822 0.628 0 0.005
0.822 0.837 0 0.005
0.823 0.773 0 0.005
0.824 0.392 0 0.005
0.825 0.643 0 0.005
0.825 0.0004166666666666667 0 0.005
0.826 0.244 0 0.005
0.826 0.492 0 0.005
0.826 0.698 0 0.005
0.827 0.109 0 0.005
0.827 0.761 0 0.005
0.828 0.9981904761904762 0 0.005
0.829 0.141 0 0.005
0.829 0.807 0 0.005
0.832 0.67 0 0.005
0.834 0.233 0 0.005
0.836 0.014 0 0.005
0.836 0.448 0 0.005
0.838 0.158 0 0.005
0.838 0.776 0 0.005
0.839 0.091 0 0.005
0.839 0.208 0 0.005
0.839 0.425 0 0.005
0.84 0.225 0 0.005
0.841 0.942 0 0.005
0.842 0.614 0 0.005
0.843 0.169 0 0.005
0.843 0.501 0 0.005
0.843 0.511 0 0.005
0.843 0.746 0 0.005
0.844 0.138 0 0.005
0.844 0.649 0 0.005
0.847 0.267 0 0.005
0.847 0.563 0 0.005
0.848 0.069 0 0.005
0.848 0.112 0 0.005
0.848 0.198 0 0.005
0.848 0.95 0 0.005
0.849 0.465 0 0.005
0.849 0.602 0 0.005
0.851 0.304 0 0.005
0.852 0.023 0 0.005
0.852 0.975 0 0.005
0.853 0.715 0 0.005
0.856 0.386 0 0.005
0.856 0.445 0 0.005
0.855 0.0 0 0.005
0.857 0.73 0 0.005
0.858 0.184 0 0.005
0.86 0.316 0 0.005
0.86 0.887 0 0.005
0.861 0.825 0 0.005
0.861 0.923 0 0.005
0.862 0.516 0 0.005
0.862 0.651 0 0.005
0.864 0.341 0 0.005
0.864 0.777 0 0.005
0.865 0.429 0 0.005
0.867 0.236 0 0.005
0.867 0.298 0 0.005
0.867 0.619 0 0.005
0.868 0.056 0 0.005
0.871 0.803 0 0.005
0.872 0.42 0 0.005
0.872 0.707 0 0.005
0.873 0.475 0 0.005
0.876 0.32 0 0.005
0.877 0.377 0 0.005
0.878 0.923 0 0.005
0.879 0.796 0 0.005
0.88 0.765 0 0.005
0.882 0.217 0 0.005
0.882 0.698 0 0.005
0.882 0.784 0 0.005
0.883 0.056 0 0.005
0.884 0.297 0 0.005
0.884 0.338 0 0.005
0.884 0.363 0 0.005
0.885 0.621 0 0.005
0.885 0.666 0 0.005
0.886 0.837 0 0.005
0.887 0.874 0 0.005
0.888 0.949 0 0.005
0.889 0.261 0 0.005
0.89 0.419 0 0.005
0.892 0.006 0 0.005
0.892 0.158 0 0.005
0.892 0.303 0 0.005
0.893 0.186 0 0.005
0.894 0.093 0 0.005
0.894 0.37 0 0.005
0.895 0.509 0 0.005
0.896 0.326 0 0.005
0.896 0.94 0 0.005
0.897 0.709 0 0.005
0.897 0.9977333333333334 0 0.005
0.9 0.411 0 0.005
0.9 0.521 0 0.005
0.9 0.835 0 0.005
0.901 0.728 0 0.005
0.902 0.532 0 0.005
0.903 0.313 0 0.005
0.903 0.846 0 0.005
0.904 0.339 0 0.005
0.906 0.071 0 0.005
0.906 0.167 0 0.005
0.906 0.272 0 0.005
0.906 0.609 0 0.005
0.907 0.247 0 0.005
0.907 0.878 0 0.005
0.91 0.014 0 0.005
0.911 0.231 0 0.005
0.911 0.375 0 0.005
0.913 0.957 0 0.005
0.914 0.082 0 0.005
0.915 0.052 0 0.005
0.915 0.292 0 0.005
0.916 0.792 0 0.005
0.916 0.85 0 0.005
0.917 0.343 0 0.005
0.917 0.692 0 0.005
0.919 0.887 0 0.005
0.92 0.355 0 0.005
0.92 0.391 0 0.005
0.92 0.539 0 0.005
0.921 0.104 0 0.005
0.921 0.714 0 0.005
0.922 0.206 0 0.005
0.923 0.235 0 0.005
0.924 0.123 0 0.005
0.925 0.622 0 0.005
0.925 0.703 0 0.005
0.925 0.737 0 0.005
0.926 0.493 0 0.005
0.926 0.962 0 0.005
0.927 0.306 0 0.005
0.927 0.442 0 0.005
0.927 0.727 0 0.005
0.927 0.93 0 0.005
0.928 0.996280701754386 0 0.005
0.929 0.378 0 0.005
0.929 0.785 0 0.005
0.929 0.872 0 0.005
0.931 0.016 0 0.005
0.932 0.417 0 0.005
0.932 0.764 0 0.005
0.933 0.0022291666666666666 0 0.005
0.935 0.753 0 0.005
0.935 0.987 0 0.005
0.938 0.075 0 0.005
0.938 0.899 0 0.005
0.939 0.122 0 0.005
0.939 0.308 0 0.005
0.939 0.636 0 0.005
0.94 0.037 0 0.005
0.94 0.826 0 0.005
0.941 0.791 0 0.005
0.942 0.331 0 0.005
0.943 0.59 0 0.005
0.944 0.804 0 0.005
0.945 0.204 0 0.005
0.945 0.613 0 0.005
0.946 0.516 0 0.005
0.946 0.926 0 0.005
0.947 0.104 0 0.005
0.947 0.187 0 0.005
0.947 0.34 0 0.005
0.947 0.776 0 0.005
0.948 0.731 0 0.005
0.949 0.667 0 0.005
0.95 0.151 0 0.005
0.951 0.631 0 0.005
0.953 0.03 0 0.005
0.954 0.172 0 0.005
0.955 0.424 0 0.005
0.955 0.526 0 0.005
0.956 0.015 0 0.005
0.957 0.249 0 0.005
0.957 0.48 0 0.005
0.957 0.572 0 0.005
0.958 0.73 0 0.005
0.958 0.746 0 0.005
0.959 0.445 0 0.005
0.96 0.832 0 0.005
0.96 0.858 0 0.005
0.961 0.2 0 0.005
0.961 0.67 0 0.005
0.961 0.953 0 0.005
0.962 0.236 0 0.005
0.963 0.627 0 0.005
0.964 0.103 0 0.005
0.965 0.341 0 0.005
0.965 0.913 0 0.005
0.968 0.023 0 0.005
0.968 0.118 0 0.005
0.968 0.319 0 0.005
0.968 0.556 0 0.005
0.968 0.571 0 0.005
0.968 0.61 0 0.005
0.968 0.693 0 0.005
0.969 0.453 0 0.005
0.969 0.929 0 0.005
0.97 0.177 0 0.005
0.97 0.284 0 0.005
0.971 0.851 0 0.005
0.973 0.038 0 0.005
0.976 0.709 0 0.005
0.977 0.672 0 0.005
0.977 0.822 0 0.005
0.978 0.9977333333333334 0 0.005
0.979 0.886 0 0.005
0.979 0.976 0 0.005
0.981 0.052 0 0.005
0.981 0.738 0 0.005
0.983 0.098 0 0.005
0.983 0.577 0 0.005
0.983 0.593 0 0.005
0.983 0.628 0 0.005
0.983 0.862 0 0.005
0.984 0.208 0 0.005
0.984 0.391 0 0.005
0.984 0.456 0 0.005
0.984 0.535 0 0.005
0.984 0.772 0 0.005
0.984 0.787 0 0.005
0.987 0.319 0 0.005
0.987 0.608 0 0.005
0.988 0.004 0 0.005
0.988 0.156 0 0.005
0.988 0.49 0 0.005
0.988 0.674 0 0.005
0.988 0.818 0 0.005
0.989 0.407 0 0.005
0.989 0.843 0 0.005
0.989 0.916 0 0.005
0.99 0.183 0 0.005
0.99 0.251 0 0.005
0.99 0.375 0 0.005
0.99 0.661 0 0.005
0.992 0.733 0 0.005
0.995 0.435 0 0.005
0.996280701754386 0.352 0 0.005
0.9967708333333334 0.035 0 0.005
0.9972564102564103 0.601 0 0.005
0.9972564102564103 0.82 0 0.005
0.9972564102564103 0.944 0 0.005
0.9981904761904762 0.59 0 0.005
0.999 0.098 0 0.005
