0.0012666666666666666 0.029 0 0.005
0.0012666666666666666 0.081 0 0.005
0.004 0.115 0 0.005
0.0017435897435897436 0.153 0 0.005
0.0017435897435897436 0.189 0 0.005
0.0008095238095238096 0.209 0 0.005
0.0033125 0.221 0 0.005
0.0022291666666666666 0.248 0 0.005
0.004 0.284 0 0.005
0.0033125 0.296 0 0.005
0.0022291666666666666 0.311 0 0.005
0.0004166666666666667 0.324 0 0.005
0.0033125 0.345 0 0.005
0.0004166666666666667 0.357 0 0.005
0.0004166666666666667 0.378 0 0.005
0.0 0.389 0 0.005
0.0004166666666666667 0.445 0 0.005
0.004 0.468 0 0.005
0.004 0.544 0 0.005
0.0004166666666666667 0.567 0 0.005
0.0033125 0.604 0 0.005
0.0033125 0.617 0 0.005
0.0012666666666666666 0.639 0 0.005
0.004 0.649 0 0.005
0.0012666666666666666 0.683 0 0.005
0.002719298245614035 0.704 0 0.005
0.0022291666666666666 0.737 0 0.005
0.0 0.746 0 0.005
0.002719298245614035 0.763 0 0.005
0.0033125 0.773 0 0.005
0.0022291666666666666 0.787 0 0.005
0.0008095238095238096 0.798 0 0.005
0.0017435897435897436 0.808 0 0.005
0.002719298245614035 0.823 0 0.005
0.0017435897435897436 0.834 0 0.005
0.0 0.845 0 0.005
0.0012666666666666666 0.858 0 0.005
0.0004166666666666667 0.869 0 0.005
0.0033125 0.888 0 0.005
0.0012666666666666666 0.909 0 0.005
0.0022291666666666666 0.94 0 0.005
0.0033125 0.962 0 0.005
0.0012666666666666666 0.978 0 0.005
0.005 0.37 0 0.005
0.005 0.496 0 0.005
0.005 0.577 0 0.005
0.005 0.716 0 0.005
0.006 0.092 0 0.005
0.006 0.135 0 0.005
0.006 0.506 0 0.005
0.007 0.004 0 0.005
0.007 0.672 0 0.005
0.008 0.038 0 0.005
0.008 0.125 0 0.005
0.008 0.451 0 0.005
0.008 0.48 0 0.005
0.008 0.867 0 0.005
0.008 0.932 0 0.005
0.009 0.158 0 0.005
0.009 0.236 0 0.005
0.009 0.409 0 0.005
0.009 0.745 0 0.005
0.009 0.905 0 0.005
0.01 0.146 0 0.005
0.01 0.595 0 0.005
0.01 0.804 0 0.005
0.01 0.979 0 0.005
0.011 0.385 0 0.005
0.011 0.43 0 0.005
0.011 0.641 0 0.005
0.011 0.733 0 0.005
0.011 0.993 0 0.005
0.012 0.083 0 0.005
0.012 0.181 0 0.005
0.012 0.267 0 0.005
0.012 0.323 0 0.005
0.012 0.894 0 0.005
0.013 0.029 0 0.005
0.013 0.915 0 0.005
0.014 0.106 0 0.005
0.014 0.49 0 0.005
0.014 0.513 0 0.005
0.014 0.528 0 0.005
0.014 0.817 0 0.005
0.014 0.966 0 0.005
0.015 0.313 0 0.005
0.015 0.881 0 0.005
0.016 0.248 0 0.005
0.016 0.573 0 0.005
0.016 0.719 0 0.005
0.016 0.838 0 0.005
0.017 0.12 0 0.005
0.017 0.292 0 0.005
0.017 0.555 0 0.005
0.017 0.603 0 0.005
0.017 0.849 0 0.005
0.017 0.954 0 0.005
0.018 0.368 0 0.005
0.018 0.671 0 0.005
0.018 0.688 0 0.005
0.018 0.868 0 0.005
0.019 0.544 0 0.005
0.019 0.583 0 0.005
0.019 0.655 0 0.005
0.019 0.827 0 0.005
0.02 0.465 0 0.005
0.021 0.221 0 0.005
0.022 0.034 0 0.005
0.022 0.151 0 0.005
0.022 0.234 0 0.005
0.022 0.281 0 0.005
0.022 0.698 0 0.005
0.022 0.768 0 0.005
0.022 0.804 0 0.005
0.022 0.901 0 0.005
0.022 0.938 0 0.005
0.023 0.112 0 0.005
0.023 0.13 0 0.005
0.023 0.475 0 0.005
0.023 0.783 0 0.005
0.024 0.062 0 0.005
0.024 0.176 0 0.005
0.024 0.36 0 0.005
0.024 0.439 0 0.005
0.024 0.734 0 0.005
0.025 0.422 0 0.005
0.025 0.449 0 0.005
0.025 0.86 0 0.005
0.025 0.926 0 0.005
0.026 0.047 0 0.005
0.026 0.324 0 0.005
0.026 0.338 0 0.005
0.026 0.403 0 0.005
0.024 0.999 0 0.005
0.027 0.21 0 0.005
0.027 0.258 0 0.005
0.027 0.839 0 0.005
0.028 0.007 0 0.005
0.028 0.017 0 0.005
0.028 0.077 0 0.005
0.028 0.615 0 0.005
0.028 0.627 0 0.005
0.028 0.911 0 0.005
0.028 0.948 0 0.005
0.028 0.96 0 0.005
0.029 0.505 0 0.005
0.029 0.885 0 0.005
0.03 0.101 0 0.005
0.03 0.312 0 0.005
0.03 0.385 0 0.005
0.03 0.413 0 0.005
0.03 0.54 0 0.005
0.031 0.243 0 0.005
0.031 0.27 0 0.005
0.031 0.518 0 0.005
0.031 0.59 0 0.005
0.031 0.666 0 0.005
0.031 0.678 0 0.005
0.031 0.776 0 0.005
0.031 0.796 0 0.005
0.031 0.851 0 0.005
0.031 0.973 0 0.005
0.032 0.028 0 0.005
0.032 0.22 0 0.005
0.032 0.645 0 0.005
0.032 0.702 0 0.005
0.032 0.875 0 0.005
0.032 0.985 0 0.005
0.033 0.125 0 0.005
0.033 0.135 0 0.005
0.033 0.197 0 0.005
0.033 0.716 0 0.005
0.033 0.757 0 0.005
0.033 0.814 0 0.005
0.034 0.352 0 0.005
0.034 0.372 0 0.005
0.035 0.466 0 0.005
0.036 0.176 0 0.005
0.036 0.733 0 0.005
0.037 0.086 0 0.005
0.037 0.229 0 0.005
0.038 0.115 0 0.005
0.038 0.32 0 0.005
0.038 0.571 0 0.005
0.038 0.628 0 0.005
0.039 0.84 0 0.005
0.04 0.0017435897435897436 0 0.005
0.04 0.15 0 0.005
0.04 0.26 0 0.005
0.04 0.34 0 0.005
0.04 0.383 0 0.005
0.04 0.456 0 0.005
0.04 0.613 0 0.005
0.041 0.053 0 0.005
0.041 0.421 0 0.005
0.041 0.49 0 0.005
0.041 0.544 0 0.005
0.041 0.581 0 0.005
0.039 0.999 0 0.005
0.042 0.743 0 0.005
0.042 0.979 0 0.005
0.043 0.276 0 0.005
0.043 0.302 0 0.005
0.043 0.514 0 0.005
0.043 0.722 0 0.005
0.043 0.828 0 0.005
0.044 0.043 0 0.005
0.044 0.069 0 0.005
0.044 0.209 0 0.005
0.044 0.396 0 0.005
0.044 0.534 0 0.005
0.044 0.637 0 0.005
0.044 0.801 0 0.005
0.044 0.883 0 0.005
0.045 0.103 0 0.005
0.045 0.37 0 0.005
0.046 0.141 0 0.005
0.046 0.772 0 0.005
0.047 0.239 0 0.005
0.047 0.286 0 0.005
0.047 0.413 0 0.005
0.047 0.6 0 0.005
0.047 0.782 0 0.005
0.048 0.356 0 0.005
0.048 0.672 0 0.005
0.049 0.155 0 0.005
0.049 0.219 0 0.005
0.049 0.432 0 0.005
0.049 0.451 0 0.005
0.049 0.501 0 0.005
0.05 0.311 0 0.005
0.05 0.559 0 0.005
0.05 0.941 0 0.005
0.051 0.708 0 0.005
0.051 0.792 0 0.005
0.051 0.818 0 0.005
0.051 0.925 0 0.005
0.052 0.028 0 0.005
0.052 0.087 0 0.005
0.052 0.297 0 0.005
0.052 0.475 0 0.005
0.052 0.622 0 0.005
0.052 0.869 0 0.005
0.052 0.895 0 0.005
0.053 0.381 0 0.005
0.053 0.485 0 0.005
0.053 0.696 0 0.005
0.053 0.76 0 0.005
0.053 0.85 0 0.005
0.054 0.257 0 0.005
0.054 0.549 0 0.005
0.055 0.013 0 0.005
0.055 0.124 0 0.005
0.055 0.135 0 0.005
0.055 0.19 0 0.005
0.055 0.971 0 0.005
0.056 0.163 0 0.005
0.056 0.539 0 0.005
0.056 0.772 0 0.005
0.056 0.881 0 0.005
0.056 0.911 0 0.005
0.055 0.0 0 0.005
0.058 0.327 0 0.005
0.058 0.516 0 0.005
0.058 0.739 0 0.005
0.058 0.96 0 0.005
0.059 0.153 0 0.005
0.059 0.239 0 0.005
0.059 0.266 0 0.005
0.059 0.288 0 0.005
0.059 0.466 0 0.005
0.06 0.576 0 0.005
0.06 0.639 0 0.005
0.06 0.863 0 0.005
0.061 0.402 0 0.005
0.061 0.493 0 0.005
0.061 0.562 0 0.005
0.061 0.822 0 0.005
0.062 0.375 0 0.005
0.062 0.94 0 0.005
0.063 0.079 0 0.005
0.063 0.418 0 0.005
0.063 0.53 0 0.005
0.063 0.78 0 0.005
0.064 0.106 0 0.005
0.064 0.302 0 0.005
0.064 0.388 0 0.005
0.064 0.446 0 0.005
0.064 0.605 0 0.005
0.064 0.833 0 0.005
0.064 0.921 0 0.005
0.064 0.978 0 0.005
0.065 0.663 0 0.005
0.065 0.701 0 0.005
0.065 0.725 0 0.005
0.066 0.347 0 0.005
0.066 0.845 0 0.005
0.066 0.881 0 0.005
0.067 0.126 0 0.005
0.067 0.193 0 0.005
0.067 0.768 0 0.005
0.067 0.0004166666666666667 0 0.005
0.068 0.247 0 0.005
0.068 0.313 0 0.005
0.068 0.691 0 0.005
0.068 0.752 0 0.005
0.069 0.017 0 0.005
0.069 0.092 0 0.005
0.069 0.324 0 0.005
0.07 0.049 0 0.005
0.07 0.065 0 0.005
0.07 0.155 0 0.005
0.07 0.169 0 0.005
0.07 0.21 0 0.005
0.07 0.28 0 0.005
0.07 0.587 0 0.005
0.07 0.626 0 0.005
0.071 0.038 0 0.005
0.071 0.142 0 0.005
0.071 0.18 0 0.005
0.071 0.338 0 0.005
0.071 0.653 0 0.005
0.072 0.23 0 0.005
0.072 0.519 0 0.005
0.072 0.809 0 0.005
0.073 0.474 0 0.005
0.073 0.489 0 0.005
0.073 0.56 0 0.005
0.074 0.292 0 0.005
0.074 0.397 0 0.005
0.074 0.529 0 0.005
0.074 0.897 0 0.005
0.075 0.111 0 0.005
0.075 0.362 0 0.005
0.075 0.733 0 0.005
0.075 0.744 0 0.005
0.075 0.871 0 0.005
0.075 0.975 0 0.005
0.075 0.993 0 0.005
0.076 0.429 0 0.005
0.076 0.614 0 0.005
0.077 0.547 0 0.005
0.077 0.759 0 0.005
0.077 0.829 0 0.005
0.077 0.841 0 0.005
0.077 0.912 0 0.005
0.078 0.009 0 0.005
0.078 0.192 0 0.005
0.078 0.253 0 0.005
0.078 0.268 0 0.005
0.078 0.411 0 0.005
0.079 0.205 0 0.005
0.079 0.443 0 0.005
0.079 0.667 0 0.005
0.079 0.717 0 0.005
0.079 0.926 0 0.005
0.079 0.951 0 0.005
0.079 0.962 0 0.005
0.08 0.769 0 0.005
0.081 0.031 0 0.005
0.081 0.066 0 0.005
0.081 0.794 0 0.005
0.082 0.052 0 0.005
0.082 0.373 0 0.005
0.082 0.517 0 0.005
0.082 0.594 0 0.005
0.082 0.706 0 0.005
0.082 0.779 0 0.005
0.083 0.135 0 0.005
0.083 0.222 0 0.005
0.083 0.28 0 0.005
0.083 0.33 0 0.005
0.083 0.606 0 0.005
0.083 0.863 0 0.005
0.084 0.353 0 0.005
0.084 0.645 0 0.005
0.084 0.726 0 0.005
0.084 0.853 0 0.005
0.084 0.985 0 0.005
0.085 0.0017435897435897436 0 0.005
0.085 0.123 0 0.005
0.085 0.401 0 0.005
0.085 0.681 0 0.005
0.085 0.811 0 0.005
0.085 0.884 0 0.005
0.085 0.973 0 0.005
0.086 0.173 0 0.005
0.086 0.233 0 0.005
0.086 0.311 0 0.005
0.086 0.489 0 0.005
0.086 0.538 0 0.005
0.086 0.629 0 0.005
0.086 0.934 0 0.005
0.087 0.077 0 0.005
0.087 0.158 0 0.005
0.087 0.468 0 0.005
0.087 0.569 0 0.005
0.087 0.66 0 0.005
0.088 0.04 0 0.005
0.088 0.102 0 0.005
0.088 0.417 0 0.005
0.088 0.914 0 0.005
0.089 0.143 0 0.005
0.089 0.247 0 0.005
0.089 0.444 0 0.005
0.089 0.746 0 0.005
0.091 0.774 0 0.005
0.091 0.828 0 0.005
0.091 0.872 0 0.005
0.093 0.13 0 0.005
0.093 0.293 0 0.005
0.093 0.593 0 0.005
0.093 0.839 0 0.005
0.094 0.187 0 0.005
0.094 0.718 0 0.005
0.094 0.996280701754386 0 0.005
0.095 0.316 0 0.005
0.095 0.371 0 0.005
0.095 0.381 0 0.005
0.095 0.429 0 0.005
0.095 0.461 0 0.005
0.095 0.475 0 0.005
0.095 0.673 0 0.005
0.095 0.701 0 0.005
0.095 0.794 0 0.005
0.095 0.98 0 0.005
0.096 0.217 0 0.005
0.096 0.488 0 0.005
0.096 0.541 0 0.005
0.096 0.965 0 0.005
0.097 0.065 0 0.005
0.097 0.081 0 0.005
0.097 0.272 0 0.005
0.097 0.613 0 0.005
0.097 0.81 0 0.005
0.098 0.262 0 0.005
0.098 0.335 0 0.005
0.098 0.349 0 0.005
0.098 0.511 0 0.005
0.098 0.637 0 0.005
0.098 0.932 0 0.005
0.099 0.116 0 0.005
0.099 0.231 0 0.005
0.099 0.282 0 0.005
0.099 0.552 0 0.005
0.099 0.727 0 0.005
0.099 0.759 0 0.005
0.099 0.866 0 0.005
0.1 0.159 0 0.005
0.1 0.582 0 0.005
0.1 0.878 0 0.005
0.1 0.919 0 0.005
0.101 0.244 0 0.005
0.101 0.779 0 0.005
0.101 0.893 0 0.005
0.102 0.303 0 0.005
0.103 0.09 0 0.005
0.103 0.201 0 0.005
0.103 0.455 0 0.005
0.103 0.563 0 0.005
0.104 0.174 0 0.005
0.104 0.364 0 0.005
0.104 0.412 0 0.005
0.104 0.822 0 0.005
0.105 0.0022291666666666666 0 0.005
0.105 0.499 0 0.005
0.105 0.803 0 0.005
0.105 0.948 0 0.005
0.106 0.049 0 0.005
0.106 0.314 0 0.005
0.106 0.389 0 0.005
0.106 0.444 0 0.005
0.106 0.668 0 0.005
0.106 0.735 0 0.005
0.107 0.606 0 0.005
0.107 0.649 0 0.005
0.108 0.015 0 0.005
0.108 0.289 0 0.005
0.108 0.47 0 0.005
0.108 0.574 0 0.005
0.108 0.629 0 0.005
0.108 0.709 0 0.005
0.108 0.911 0 0.005
0.109 0.689 0 0.005
0.11 0.062 0 0.005
0.11 0.258 0 0.005
0.11 0.589 0 0.005
0.11 0.761 0 0.005
0.11 0.969 0 0.005
0.11 0.985 0 0.005
0.111 0.136 0 0.005
0.111 0.433 0 0.005
0.111 0.842 0 0.005
0.112 0.193 0 0.005
0.112 0.223 0 0.005
0.112 0.371 0 0.005
0.112 0.524 0 0.005
0.112 0.746 0 0.005
0.112 0.871 0 0.005
0.113 0.035 0 0.005
0.113 0.784 0 0.005
0.113 0.881 0 0.005
0.113 0.928 0 0.005
0.114 0.12 0 0.005
0.114 0.535 0 0.005
0.114 0.7 0 0.005
0.116 0.165 0 0.005
0.116 0.327 0 0.005
0.116 0.601 0 0.005
0.116 0.903 0 0.005
0.117 0.178 0 0.005
0.117 0.337 0 0.005
0.117 0.452 0 0.005
0.117 0.558 0 0.005
0.117 0.581 0 0.005
0.117 0.949 0 0.005
0.118 0.069 0 0.005
0.118 0.271 0 0.005
0.118 0.805 0 0.005
0.119 0.392 0 0.005
0.119 0.472 0 0.005
0.119 0.64 0 0.005
0.12 0.0017435897435897436 0 0.005
0.12 0.048 0 0.005
0.12 0.377 0 0.005
0.12 0.502 0 0.005
0.12 0.627 0 0.005
0.12 0.765 0 0.005
0.12 0.891 0 0.005
0.121 0.016 0 0.005
0.121 0.09 0 0.005
0.121 0.149 0 0.005
0.121 0.253 0 0.005
0.121 0.315 0 0.005
0.121 0.612 0 0.005
0.121 0.654 0 0.005
0.121 0.674 0 0.005
0.121 0.79 0 0.005
0.121 0.965 0 0.005
0.122 0.192 0 0.005
0.123 0.304 0 0.005
0.123 0.484 0 0.005
0.123 0.818 0 0.005
0.123 0.877 0 0.005
0.124 0.078 0 0.005
0.124 0.21 0 0.005
0.124 0.221 0 0.005
0.124 0.866 0 0.005
0.125 0.125 0 0.005
0.125 0.235 0 0.005
0.125 0.343 0 0.005
0.125 0.357 0 0.005
0.125 0.592 0 0.005
0.125 0.719 0 0.005
0.125 0.835 0 0.005
0.125 0.928 0 0.005
0.125 0.941 0 0.005
0.126 0.282 0 0.005
0.126 0.427 0 0.005
0.127 0.104 0 0.005
0.127 0.447 0 0.005
0.127 0.564 0 0.005
0.127 0.703 0 0.005
0.127 0.731 0 0.005
0.128 0.745 0 0.005
0.128 0.91 0 0.005
0.128 0.979 0 0.005
0.128 0.991 0 0.005
0.129 0.136 0 0.005
0.129 0.473 0 0.005
0.129 0.527 0 0.005
0.129 0.554 0 0.005
0.129 0.886 0 0.005
0.13 0.686 0 0.005
0.13 0.804 0 0.005
0.131 0.61 0 0.005
0.132 0.087 0 0.005
0.132 0.115 0 0.005
0.132 0.668 0 0.005
0.132 0.85 0 0.005
0.133 0.247 0 0.005
0.133 0.265 0 0.005
0.133 0.386 0 0.005
0.133 0.397 0 0.005
0.133 0.408 0 0.005
0.133 0.622 0 0.005
0.133 0.827 0 0.005
0.134 0.013 0 0.005
0.134 0.203 0 0.005
0.134 0.223 0 0.005
0.134 0.517 0 0.005
0.134 0.539 0 0.005
0.134 0.775 0 0.005
0.135 0.072 0 0.005
0.135 0.156 0 0.005
0.135 0.341 0 0.005
0.135 0.493 0 0.005
0.135 0.757 0 0.005
0.135 0.794 0 0.005
0.135 0.902 0 0.005
0.135 0.94 0 0.005
0.136 0.027 0 0.005
0.136 0.424 0 0.005
0.136 0.632 0 0.005
0.136 0.97 0 0.005
0.137 0.307 0 0.005
0.137 0.356 0 0.005
0.137 0.373 0 0.005
0.137 0.892 0 0.005
0.137 0.923 0 0.005
0.138 0.256 0 0.005
0.139 0.041 0 0.005
0.139 0.186 0 0.005
0.139 0.598 0 0.005
0.139 0.952 0 0.005
0.14 0.061 0 0.005
0.14 0.294 0 0.005
0.14 0.449 0 0.005
0.14 0.468 0 0.005
0.14 0.873 0 0.005
0.141 0.0017435897435897436 0 0.005
0.141 0.236 0 0.005
0.141 0.273 0 0.005
0.141 0.415 0 0.005
0.142 0.432 0 0.005
0.142 0.579 0 0.005
0.142 0.608 0 0.005
0.142 0.64 0 0.005
0.142 0.767 0 0.005
0.142 0.807 0 0.005
0.143 0.544 0 0.005
0.143 0.689 0 0.005
0.144 0.099 0 0.005
0.144 0.111 0 0.005
0.144 0.22 0 0.005
0.144 0.332 0 0.005
0.144 0.381 0 0.005
0.144 0.515 0 0.005
0.144 0.673 0 0.005
0.145 0.012 0 0.005
0.145 0.13 0 0.005
0.145 0.392 0 0.005
0.146 0.262 0 0.005
0.146 0.403 0 0.005
0.146 0.531 0 0.005
0.146 0.9981904761904762 0 0.005
0.147 0.315 0 0.005
0.147 0.861 0 0.005
0.147 0.938 0 0.005
0.147 0.96 0 0.005
0.147 0.985 0 0.005
0.148 0.084 0 0.005
0.148 0.175 0 0.005
0.148 0.21 0 0.005
0.148 0.286 0 0.005
0.148 0.662 0 0.005
0.148 0.72 0 0.005
0.148 0.779 0 0.005
0.148 0.832 0 0.005
0.149 0.199 0 0.005
0.149 0.621 0 0.005
0.149 0.737 0 0.005
0.149 0.818 0 0.005
0.149 0.881 0 0.005
0.15 0.026 0 0.005
0.15 0.476 0 0.005
0.15 0.49 0 0.005
0.152 0.238 0 0.005
0.152 0.438 0 0.005
0.152 0.601 0 0.005
0.152 0.703 0 0.005
0.153 0.152 0 0.005
0.153 0.455 0 0.005
0.153 0.559 0 0.005
0.154 0.067 0 0.005
0.154 0.272 0 0.005
0.154 0.35 0 0.005
0.154 0.5 0 0.005
0.154 0.747 0 0.005
0.154 0.765 0 0.005
0.154 0.906 0 0.005
0.155 0.044 0 0.005
0.155 0.14 0 0.005
0.155 0.305 0 0.005
0.155 0.872 0 0.005
0.156 0.004 0 0.005
0.156 0.099 0 0.005
0.156 0.647 0 0.005
0.156 0.845 0 0.005
0.156 0.9967708333333334 0 0.005
0.157 0.057 0 0.005
0.157 0.97 0 0.005
0.157 0.981 0 0.005
0.158 0.321 0 0.005
0.158 0.372 0 0.005
0.158 0.388 0 0.005
0.158 0.627 0 0.005
0.158 0.787 0 0.005
0.159 0.248 0 0.005
0.159 0.534 0 0.005
0.159 0.586 0 0.005
0.159 0.822 0 0.005
0.16 0.088 0 0.005
0.16 0.413 0 0.005
0.16 0.616 0 0.005
0.16 0.957 0 0.005
0.161 0.191 0 0.005
0.161 0.473 0 0.005
0.161 0.484 0 0.005
0.161 0.553 0 0.005
0.161 0.669 0 0.005
0.161 0.732 0 0.005
0.162 0.11 0 0.005
0.162 0.265 0 0.005
0.162 0.597 0 0.005
0.162 0.934 0 0.005
0.163 0.12 0 0.005
0.163 0.151 0 0.005
0.163 0.283 0 0.005
0.163 0.295 0 0.005
0.163 0.342 0 0.005
0.163 0.692 0 0.005
0.163 0.892 0 0.005
0.164 0.072 0 0.005
0.164 0.428 0 0.005
0.164 0.463 0 0.005
0.164 0.772 0 0.005
0.164 0.881 0 0.005
0.164 0.913 0 0.005
0.165 0.515 0 0.005
0.166 0.004 0 0.005
0.166 0.526 0 0.005
0.166 0.571 0 0.005
0.166 0.761 0 0.005
0.167 0.837 0 0.005
0.168 0.714 0 0.005
0.169 0.175 0 0.005
0.169 0.243 0 0.005
0.169 0.325 0 0.005
0.169 0.386 0 0.005
0.169 0.79 0 0.005
0.169 0.964 0 0.005
0.17 0.682 0 0.005
0.17 0.873 0 0.005
0.17 0.995 0 0.005
0.171 0.408 0 0.005
0.171 0.453 0 0.005
0.171 0.561 0 0.005
0.171 0.583 0 0.005
0.171 0.847 0 0.005
0.171 0.929 0 0.005
0.172 0.09 0 0.005
0.172 0.67 0 0.005
0.172 0.735 0 0.005
0.172 0.858 0 0.005
0.173 0.037 0 0.005
0.173 0.049 0 0.005
0.173 0.229 0 0.005
0.173 0.637 0 0.005
0.173 0.918 0 0.005
0.174 0.16 0 0.005
0.174 0.218 0 0.005
0.174 0.369 0 0.005
0.175 0.02 0 0.005
0.175 0.267 0 0.005
0.175 0.595 0 0.005
0.175 0.725 0 0.005
0.176 0.125 0 0.005
0.176 0.137 0 0.005
0.176 0.483 0 0.005
0.176 0.655 0 0.005
0.177 0.188 0 0.005
0.177 0.708 0 0.005
0.177 0.805 0 0.005
0.177 0.829 0 0.005
0.178 0.108 0 0.005
0.178 0.28 0 0.005
0.178 0.417 0 0.005
0.179 0.171 0 0.005
0.179 0.947 0 0.005
0.18 0.206 0 0.005
0.18 0.354 0 0.005
0.18 0.882 0 0.005
0.181 0.069 0 0.005
0.181 0.296 0 0.005
0.181 0.335 0 0.005
0.181 0.38 0 0.005
0.181 0.539 0 0.005
0.181 0.631 0 0.005
0.181 0.844 0 0.005
0.181 0.931 0 0.005
0.182 0.31 0 0.005
0.182 0.452 0 0.005
0.182 0.511 0 0.005
0.182 0.763 0 0.005
0.182 0.791 0 0.005
0.182 0.816 0 0.005
0.182 0.865 0 0.005
0.182 0.9967708333333334 0 0.005
0.183 0.474 0 0.005
0.183 0.647 0 0.005
0.183 0.78 0 0.005
0.184 0.049 0 0.005
0.184 0.118 0 0.005
0.184 0.157 0 0.005
0.184 0.557 0 0.005
0.184 0.585 0 0.005
0.185 0.26 0 0.005
0.185 0.674 0 0.005
0.185 0.686 0 0.005
0.185 0.725 0 0.005
0.185 0.753 0 0.005
0.186 0.431 0 0.005
0.186 0.571 0 0.005
0.186 0.962 0 0.005
0.186 0.974 0 0.005
0.187 0.093 0 0.005
0.187 0.197 0 0.005
0.188 0.215 0 0.005
0.188 0.274 0 0.005
0.188 0.326 0 0.005
0.188 0.799 0 0.005
0.188 0.875 0 0.005
0.188 0.894 0 0.005
0.189 0.388 0 0.005
0.189 0.706 0 0.005
0.19 0.247 0 0.005
0.19 0.916 0 0.005
0.19 0.986 0 0.005
0.191 0.033 0 0.005
0.191 0.066 0 0.005
0.191 0.293 0 0.005
0.191 0.607 0 0.005
0.191 0.735 0 0.005
0.192 0.356 0 0.005
0.192 0.46 0 0.005
0.192 0.662 0 0.005
0.193 0.484 0 0.005
0.193 0.783 0 0.005
0.194 0.004 0 0.005
0.194 0.015 0 0.005
0.194 0.144 0 0.005
0.194 0.696 0 0.005
0.194 0.955 0 0.005
0.195 0.236 0 0.005
0.195 0.425 0 0.005
0.195 0.716 0 0.005
0.195 0.772 0 0.005
0.195 0.944 0 0.005
0.196 0.052 0 0.005
0.196 0.203 0 0.005
0.196 0.637 0 0.005
0.197 0.382 0 0.005
0.197 0.451 0 0.005
0.197 0.495 0 0.005
0.197 0.566 0 0.005
0.197 0.761 0 0.005
0.197 0.829 0 0.005
0.197 0.854 0 0.005
0.198 0.622 0 0.005
0.199 0.027 0 0.005
0.199 0.158 0 0.005
0.199 0.175 0 0.005
0.2 0.372 0 0.005
0.201 0.083 0 0.005
0.201 0.126 0 0.005
0.201 0.311 0 0.005
0.201 0.921 0 0.005
0.202 0.334 0 0.005
0.202 0.399 0 0.005
0.202 0.803 0 0.005
0.202 0.838 0 0.005
0.203 0.675 0 0.005
0.203 0.819 0 0.005
0.204 0.059 0 0.005
0.204 0.273 0 0.005
0.204 0.344 0 0.005
0.204 0.435 0 0.005
0.204 0.609 0 0.005
0.204 0.778 0 0.005
0.205 0.106 0 0.005
0.205 0.143 0 0.005
0.205 0.186 0 0.005
0.205 0.237 0 0.005
0.205 0.476 0 0.005
0.205 0.722 0 0.005
0.205 0.97 0 0.005
0.206 0.048 0 0.005
0.206 0.071 0 0.005
0.206 0.517 0 0.005
0.206 0.541 0 0.005
0.206 0.649 0 0.005
0.206 0.701 0 0.005
0.206 0.741 0 0.005
0.206 0.751 0 0.005
0.207 0.381 0 0.005
0.207 0.423 0 0.005
0.207 0.901 0 0.005
0.207 0.954 0 0.005
0.208 0.207 0 0.005
0.208 0.218 0 0.005
0.208 0.888 0 0.005
0.208 0.995 0 0.005
0.209 0.032 0 0.005
0.209 0.197 0 0.005
0.209 0.285 0 0.005
0.209 0.295 0 0.005
0.21 0.253 0 0.005
0.21 0.371 0 0.005
0.21 0.405 0 0.005
0.21 0.448 0 0.005
0.21 0.871 0 0.005
0.211 0.151 0 0.005
0.211 0.501 0 0.005
0.212 0.263 0 0.005
0.212 0.36 0 0.005
0.212 0.392 0 0.005
0.212 0.465 0 0.005
0.212 0.525 0 0.005
0.212 0.588 0 0.005
0.212 0.763 0 0.005
0.212 0.935 0 0.005
0.213 0.601 0 0.005
0.214 0.0022291666666666666 0 0.005
0.214 0.019 0 0.005
0.214 0.098 0 0.005
0.214 0.275 0 0.005
0.214 0.56 0 0.005
0.214 0.576 0 0.005
0.214 0.641 0 0.005
0.215 0.04 0 0.005
0.215 0.081 0 0.005
0.215 0.491 0 0.005
0.215 0.907 0 0.005
0.216 0.715 0 0.005
0.216 0.9981904761904762 0 0.005
0.217 0.066 0 0.005
0.217 0.341 0 0.005
0.217 0.432 0 0.005
0.217 0.549 0 0.005
0.217 0.78 0 0.005
0.217 0.918 0 0.005
0.217 0.961 0 0.005
0.218 0.172 0 0.005
0.218 0.186 0 0.005
0.218 0.238 0 0.005
0.218 0.421 0 0.005
0.218 0.753 0 0.005
0.219 0.306 0 0.005
0.219 0.327 0 0.005
0.219 0.834 0 0.005
0.219 0.971 0 0.005
0.22 0.473 0 0.005
0.22 0.743 0 0.005
0.22 0.792 0 0.005
0.22 0.859 0 0.005
0.22 0.882 0 0.005
0.22 0.983 0 0.005
0.221 0.288 0 0.005
0.221 0.506 0 0.005
0.221 0.618 0 0.005
0.221 0.871 0 0.005
0.222 0.14 0 0.005
0.222 0.261 0 0.005
0.222 0.364 0 0.005
0.222 0.813 0 0.005
0.223 0.202 0 0.005
0.223 0.516 0 0.005
0.223 0.649 0 0.005
0.223 0.677 0 0.005
0.224 0.568 0 0.005
0.224 0.659 0 0.005
0.224 0.733 0 0.005
0.224 0.946 0 0.005
0.225 0.126 0 0.005
0.225 0.583 0 0.005
0.225 0.896 0 0.005
0.226 0.179 0 0.005
0.226 0.381 0 0.005
0.226 0.456 0 0.005
0.226 0.691 0 0.005
0.226 0.929 0 0.005
0.227 0.038 0 0.005
0.227 0.083 0 0.005
0.227 0.432 0 0.005
0.227 0.548 0 0.005
0.227 0.599 0 0.005
0.228 0.0008095238095238096 0 0.005
0.228 0.402 0 0.005
0.228 0.769 0 0.005
0.228 0.799 0 0.005
0.229 0.243 0 0.005
0.229 0.35 0 0.005
0.229 0.989 0 0.005
0.227 0.999 0 0.005
0.23 0.282 0 0.005
0.23 0.329 0 0.005
0.23 0.639 0 0.005
0.23 0.708 0 0.005
0.23 0.882 0 0.005
0.23 0.979 0 0.005
0.231 0.11 0 0.005
0.232 0.097 0 0.005
0.232 0.19 0 0.005
0.232 0.224 0 0.005
0.232 0.718 0 0.005
0.232 0.809 0 0.005
0.232 0.85 0 0.005
0.232 0.952 0 0.005
0.233 0.018 0 0.005
0.233 0.168 0 0.005
0.233 0.302 0 0.005
0.233 0.319 0 0.005
0.233 0.339 0 0.005
0.233 0.419 0 0.005
0.233 0.534 0 0.005
0.233 0.672 0 0.005
0.234 0.268 0 0.005
0.234 0.474 0 0.005
0.235 0.234 0 0.005
0.235 0.496 0 0.005
0.235 0.908 0 0.005
0.236 0.061 0 0.005
0.236 0.693 0 0.005
0.236 0.731 0 0.005
0.236 0.835 0 0.005
0.237 0.006 0 0.005
0.237 0.384 0 0.005
0.237 0.648 0 0.005
0.238 0.034 0 0.005
0.238 0.407 0 0.005
0.238 0.935 0 0.005
0.239 0.118 0 0.005
0.239 0.287 0 0.005
0.239 0.633 0 0.005
0.239 0.773 0 0.005
0.24 0.145 0 0.005
0.24 0.213 0 0.005
0.24 0.461 0 0.005
0.24 0.569 0 0.005
0.24 0.58 0 0.005
0.24 0.803 0 0.005
0.241 0.548 0 0.005
0.242 0.077 0 0.005
0.242 0.247 0 0.005
0.242 0.358 0 0.005
0.242 0.521 0 0.005
0.242 0.594 0 0.005
0.242 0.824 0 0.005
0.243 0.168 0 0.005
0.243 0.191 0 0.005
0.243 0.675 0 0.005
0.243 0.889 0 0.005
0.244 0.268 0 0.005
0.244 0.709 0 0.005
0.244 0.759 0 0.005
0.245 0.223 0 0.005
0.245 0.614 0 0.005
0.246 0.233 0 0.005
0.246 0.396 0 0.005
0.246 0.967 0 0.005
0.247 0.056 0 0.005
0.247 0.13 0 0.005
0.247 0.642 0 0.005
0.247 0.859 0 0.005
0.247 0.94 0 0.005
0.248 0.305 0 0.005
0.248 0.37 0 0.005
0.248 0.481 0 0.005
0.249 0.032 0 0.005
0.249 0.089 0 0.005
0.249 0.318 0 0.005
0.249 0.333 0 0.005
0.249 0.448 0 0.005
0.249 0.53 0 0.005
0.249 0.743 0 0.005
0.249 0.771 0 0.005
0.249 0.9972564102564103 0 0.005
0.25 0.21 0 0.005
0.25 0.789 0 0.005
0.25 0.905 0 0.005
0.251 0.016 0 0.005
0.251 0.252 0 0.005
0.251 0.545 0 0.005
0.251 0.955 0 0.005
0.252 0.405 0 0.005
0.252 0.458 0 0.005
0.252 0.514 0 0.005
0.252 0.555 0 0.005
0.253 0.496 0 0.005
0.253 0.582 0 0.005
0.253 0.678 0 0.005
0.253 0.828 0 0.005
0.254 0.197 0 0.005
0.254 0.269 0 0.005
0.254 0.379 0 0.005
0.255 0.181 0 0.005
0.255 0.657 0 0.005
0.255 0.753 0 0.005
0.255 0.813 0 0.005
0.255 0.843 0 0.005
0.256 0.007 0 0.005
0.256 0.167 0 0.005
0.256 0.878 0 0.005
0.257 0.04 0 0.005
0.257 0.059 0 0.005
0.257 0.71 0 0.005
0.257 0.98 0 0.005
0.258 0.234 0 0.005
0.258 0.299 0 0.005
0.258 0.609 0 0.005
0.258 0.795 0 0.005
0.258 0.868 0 0.005
0.259 0.093 0 0.005
0.259 0.356 0 0.005
0.259 0.422 0 0.005
0.259 0.591 0 0.005
0.259 0.937 0 0.005
0.26 0.076 0 0.005
0.26 0.138 0 0.005
0.26 0.286 0 0.005
0.26 0.534 0 0.005
0.26 0.619 0 0.005
0.26 0.689 0 0.005
0.26 0.77 0 0.005
0.26 0.926 0 0.005
0.259 0.0 0 0.005
0.261 0.017 0 0.005
0.261 0.335 0 0.005
0.261 0.475 0 0.005
0.261 0.55 0 0.005
0.261 0.641 0 0.005
0.261 0.9956875 0 0.005
0.262 0.128 0 0.005
0.262 0.249 0 0.005
0.262 0.515 0 0.005
0.262 0.891 0 0.005
0.263 0.19 0 0.005
0.263 0.26 0 0.005
0.264 0.387 0 0.005
0.264 0.732 0 0.005
0.264 0.83 0 0.005
0.265 0.115 0 0.005
0.265 0.155 0 0.005
0.265 0.208 0 0.005
0.265 0.37 0 0.005
0.265 0.719 0 0.005
0.265 0.743 0 0.005
0.265 0.974 0 0.005
0.266 0.227 0 0.005
0.266 0.451 0 0.005
0.266 0.575 0 0.005
0.266 0.603 0 0.005
0.267 0.03 0 0.005
0.267 0.04 0 0.005
0.267 0.56 0 0.005
0.267 0.905 0 0.005
0.268 0.07 0 0.005
0.268 0.502 0 0.005
0.268 0.932 0 0.005
0.268 0.958 0 0.005
0.269 0.081 0 0.005
0.269 0.293 0 0.005
0.269 0.439 0 0.005
0.269 0.684 0 0.005
0.269 0.817 0 0.005
0.269 0.854 0 0.005
0.27 0.106 0 0.005
0.27 0.325 0 0.005
0.27 0.426 0 0.005
0.27 0.671 0 0.005
0.271 0.244 0 0.005
0.271 0.59 0 0.005
0.271 0.752 0 0.005
0.272 0.008 0 0.005
0.272 0.183 0 0.005
0.272 0.265 0 0.005
0.272 0.35 0 0.005
0.272 0.491 0 0.005
0.272 0.943 0 0.005
0.273 0.094 0 0.005
0.273 0.13 0 0.005
0.273 0.14 0 0.005
0.273 0.194 0 0.005
0.273 0.472 0 0.005
0.273 0.535 0 0.005
0.273 0.637 0 0.005
0.274 0.021 0 0.005
0.274 0.394 0 0.005
0.274 0.659 0 0.005
0.275 0.172 0 0.005
0.275 0.213 0 0.005
0.275 0.381 0 0.005
0.275 0.624 0 0.005
0.275 0.832 0 0.005
0.276 0.555 0 0.005
0.276 0.571 0 0.005
0.276 0.648 0 0.005
0.277 0.049 0 0.005
0.277 0.064 0 0.005
0.277 0.368 0 0.005
0.277 0.545 0 0.005
0.278 0.12 0 0.005
0.278 0.156 0 0.005
0.278 0.304 0 0.005
0.278 0.319 0 0.005
0.278 0.711 0 0.005
0.278 0.732 0 0.005
0.278 0.879 0 0.005
0.278 0.912 0 0.005
0.278 0.99 0 0.005
0.279 0.078 0 0.005
0.279 0.41 0 0.005
0.279 0.515 0 0.005
0.279 0.582 0 0.005
0.279 0.765 0 0.005
0.279 0.931 0 0.005
0.28 0.813 0 0.005
0.28 0.9981904761904762 0 0.005
0.281 0.337 0 0.005
0.281 0.449 0 0.005
0.281 0.84 0 0.005
0.281 0.902 0 0.005
0.282 0.484 0 0.005
0.282 0.978 0 0.005
0.283 0.099 0 0.005
0.283 0.348 0 0.005
0.283 0.607 0 0.005
0.284 0.742 0 0.005
0.284 0.795 0 0.005
0.285 0.087 0 0.005
0.285 0.279 0 0.005
0.285 0.399 0 0.005
0.285 0.494 0 0.005
0.285 0.655 0 0.005
0.285 0.693 0 0.005
0.285 0.871 0 0.005
0.286 0.112 0 0.005
0.286 0.181 0 0.005
0.287 0.141 0 0.005
0.287 0.252 0 0.005
0.287 0.525 0 0.005
0.287 0.946 0 0.005
0.288 0.209 0 0.005
0.288 0.293 0 0.005
0.288 0.469 0 0.005
0.288 0.852 0 0.005
0.288 0.886 0 0.005
0.289 0.716 0 0.005
0.288 0.0 0 0.005
0.29 0.77 0 0.005
0.29 0.913 0 0.005
0.29 0.961 0 0.005
0.291 0.191 0 0.005
0.291 0.241 0 0.005
0.291 0.538 0 0.005
0.291 0.6 0 0.005
0.291 0.646 0 0.005
0.292 0.047 0 0.005
0.292 0.15 0 0.005
0.292 0.324 0 0.005
0.292 0.377 0 0.005
0.292 0.387 0 0.005
0.292 0.456 0 0.005
0.292 0.934 0 0.005
0.292 0.985 0 0.005
0.293 0.035 0 0.005
0.293 0.06 0 0.005
0.293 0.104 0 0.005
0.293 0.314 0 0.005
0.293 0.417 0 0.005
0.293 0.517 0 0.005
0.293 0.666 0 0.005
0.293 0.728 0 0.005
0.294 0.175 0 0.005
0.294 0.23 0 0.005
0.294 0.483 0 0.005
0.294 0.627 0 0.005
0.294 0.797 0 0.005
0.294 0.9972564102564103 0 0.005
0.295 0.005 0 0.005
0.295 0.265 0 0.005
0.295 0.579 0 0.005
0.295 0.59 0 0.005
0.296 0.397 0 0.005
0.296 0.752 0 0.005
0.297 0.833 0 0.005
0.297 0.921 0 0.005
0.298 0.126 0 0.005
0.298 0.293 0 0.005
0.298 0.814 0 0.005
0.299 0.531 0 0.005
0.299 0.944 0 0.005
0.3 0.088 0 0.005
0.3 0.652 0 0.005
0.3 0.876 0 0.005
0.3 0.898 0 0.005
0.301 0.195 0 0.005
0.301 0.438 0 0.005
0.301 0.712 0 0.005
0.301 0.722 0 0.005
0.302 0.386 0 0.005
0.302 0.41 0 0.005
0.302 0.424 0 0.005
0.302 0.497 0 0.005
0.302 0.561 0 0.005
0.303 0.157 0 0.005
0.303 0.667 0 0.005
0.303 0.765 0 0.005
0.304 0.139 0 0.005
0.304 0.218 0 0.005
0.304 0.352 0 0.005
0.304 0.6 0 0.005
0.304 0.686 0 0.005
0.305 0.174 0 0.005
0.305 0.244 0 0.005
0.305 0.255 0 0.005
0.305 0.277 0 0.005
0.305 0.509 0 0.005
0.305 0.519 0 0.005
0.305 0.622 0 0.005
0.305 0.983 0 0.005
0.306 0.016 0 0.005
0.306 0.029 0 0.005
0.306 0.096 0 0.005
0.306 0.111 0 0.005
0.306 0.184 0 0.005
0.306 0.936 0 0.005
0.306 0.9956875 0 0.005
0.307 0.229 0 0.005
0.307 0.799 0 0.005
0.308 0.078 0 0.005
0.308 0.121 0 0.005
0.308 0.326 0 0.005
0.308 0.809 0 0.005
0.308 0.833 0 0.005
0.308 0.971 0 0.005
0.309 0.585 0 0.005
0.309 0.7 0 0.005
0.309 0.854 0 0.005
0.31 0.291 0 0.005
0.31 0.418 0 0.005
0.31 0.639 0 0.005
0.311 0.064 0 0.005
0.311 0.2 0 0.005
0.311 0.375 0 0.005
0.311 0.789 0 0.005
0.311 0.911 0 0.005
0.312 0.457 0 0.005
0.312 0.864 0 0.005
0.313 0.261 0 0.005
0.313 0.503 0 0.005
0.313 0.823 0 0.005
0.314 0.041 0 0.005
0.314 0.135 0 0.005
0.314 0.16 0 0.005
0.314 0.484 0 0.005
0.314 0.534 0 0.005
0.314 0.545 0 0.005
0.314 0.603 0 0.005
0.314 0.755 0 0.005
0.314 0.778 0 0.005
0.315 0.341 0 0.005
0.315 0.692 0 0.005
0.316 0.107 0 0.005
0.316 0.406 0 0.005
0.316 0.432 0 0.005
0.316 0.521 0 0.005
0.316 0.574 0 0.005
0.316 0.652 0 0.005
0.316 0.682 0 0.005
0.316 0.933 0 0.005
0.317 0.303 0 0.005
0.317 0.662 0 0.005
0.318 0.095 0 0.005
0.318 0.218 0 0.005
0.318 0.27 0 0.005
0.318 0.329 0 0.005
0.318 0.556 0 0.005
0.318 0.814 0 0.005
0.318 0.844 0 0.005
0.318 0.892 0 0.005
0.319 0.032 0 0.005
0.319 0.057 0 0.005
0.319 0.189 0 0.005
0.319 0.253 0 0.005
0.319 0.495 0 0.005
0.319 0.627 0 0.005
0.319 0.799 0 0.005
0.32 0.0022291666666666666 0 0.005
0.32 0.921 0 0.005
0.321 0.179 0 0.005
0.321 0.361 0 0.005
0.321 0.397 0 0.005
0.321 0.449 0 0.005
0.321 0.672 0 0.005
0.321 0.788 0 0.005
0.321 0.902 0 0.005
0.322 0.084 0 0.005
0.322 0.166 0 0.005
0.322 0.207 0 0.005
0.322 0.971 0 0.005
0.323 0.07 0 0.005
0.324 0.705 0 0.005
0.324 0.766 0 0.005
0.324 0.989 0 0.005
0.325 0.147 0 0.005
0.325 0.312 0 0.005
0.325 0.371 0 0.005
0.325 0.602 0 0.005
0.325 0.619 0 0.005
0.325 0.748 0 0.005
0.325 0.881 0 0.005
0.326 0.426 0 0.005
0.326 0.477 0 0.005
0.326 0.657 0 0.005
0.326 0.826 0 0.005
0.327 0.195 0 0.005
0.327 0.413 0 0.005
0.327 0.507 0 0.005
0.327 0.576 0 0.005
0.327 0.86 0 0.005
0.327 0.9972564102564103 0 0.005
0.328 0.014 0 0.005
0.328 0.225 0 0.005
0.328 0.646 0 0.005
0.328 0.731 0 0.005
0.329 0.103 0 0.005
0.329 0.326 0 0.005
0.329 0.35 0 0.005
0.33 0.299 0 0.005
0.33 0.793 0 0.005
0.33 0.89 0 0.005
0.331 0.127 0 0.005
0.331 0.273 0 0.005
0.331 0.562 0 0.005
0.331 0.957 0 0.005
0.332 0.469 0 0.005
0.332 0.534 0 0.005
0.332 0.69 0 0.005
0.332 0.918 0 0.005
0.333 0.044 0 0.005
0.333 0.382 0 0.005
0.333 0.714 0 0.005
0.333 0.815 0 0.005
0.334 0.155 0 0.005
0.334 0.45 0 0.005
0.334 0.763 0 0.005
0.335 0.061 0 0.005
0.335 0.4 0 0.005
0.335 0.498 0 0.005
0.335 0.612 0 0.005
0.335 0.784 0 0.005
0.335 0.874 0 0.005
0.336 0.285 0 0.005
0.336 0.483 0 0.005
0.336 0.855 0 0.005
0.337 0.411 0 0.005
0.337 0.518 0 0.005
0.337 0.622 0 0.005
0.337 0.701 0 0.005
0.337 0.84 0 0.005
0.338 0.662 0 0.005
0.338 0.737 0 0.005
0.338 0.99 0 0.005
0.34 0.029 0 0.005
0.34 0.071 0 0.005
0.34 0.363 0 0.005
0.34 0.585 0 0.005
0.34 0.804 0 0.005
0.341 0.119 0 0.005
0.341 0.952 0 0.005
0.341 0.978 0 0.005
0.342 0.438 0 0.005
0.342 0.548 0 0.005
0.342 0.641 0 0.005
0.342 0.899 0 0.005
0.343 0.179 0 0.005
0.343 0.275 0 0.005
0.343 0.333 0 0.005
0.343 0.345 0 0.005
0.343 0.652 0 0.005
0.343 0.671 0 0.005
0.343 0.746 0 0.005
0.344 0.047 0 0.005
0.344 0.145 0 0.005
0.344 0.31 0 0.005
0.344 0.533 0 0.005
0.344 0.56 0 0.005
0.344 0.777 0 0.005
0.344 0.849 0 0.005
0.345 0.503 0 0.005
0.345 0.57 0 0.005
0.345 0.827 0 0.005
0.346 0.168 0 0.005
0.346 0.417 0 0.005
0.346 0.694 0 0.005
0.346 0.884 0 0.005
0.347 0.0022291666666666666 0 0.005
0.347 0.06 0 0.005
0.347 0.198 0 0.005
0.347 0.213 0 0.005
0.347 0.473 0 0.005
0.347 0.611 0 0.005
0.348 0.252 0 0.005
0.348 0.601 0 0.005
0.348 0.713 0 0.005
0.348 0.814 0 0.005
0.348 0.909 0 0.005
0.348 0.931 0 0.005
0.349 0.079 0 0.005
0.349 0.295 0 0.005
0.349 0.46 0 0.005
0.349 0.789 0 0.005
0.35 0.624 0 0.005
0.351 0.379 0 0.005
0.351 0.393 0 0.005
0.351 0.428 0 0.005
0.351 0.489 0 0.005
0.351 0.635 0 0.005
0.351 0.74 0 0.005
0.351 0.99 0 0.005
0.352 0.409 0 0.005
0.353 0.009 0 0.005
0.353 0.101 0 0.005
0.353 0.276 0 0.005
0.353 0.322 0 0.005
0.353 0.361 0 0.005
0.353 0.758 0 0.005
0.353 0.861 0 0.005
0.354 0.043 0 0.005
0.354 0.111 0 0.005
0.354 0.124 0 0.005
0.354 0.156 0 0.005
0.354 0.184 0 0.005
0.354 0.232 0 0.005
0.354 0.676 0 0.005
0.354 0.779 0 0.005
0.354 0.843 0 0.005
0.354 0.876 0 0.005
0.354 0.893 0 0.005
0.354 0.947 0 0.005
0.355 0.447 0 0.005
0.355 0.966 0 0.005
0.356 0.511 0 0.005
0.356 0.801 0 0.005
0.357 0.662 0 0.005
0.357 0.824 0 0.005
0.358 0.245 0 0.005
0.358 0.303 0 0.005
0.358 0.522 0 0.005
0.358 0.977 0 0.005
0.359 0.02 0 0.005
0.359 0.29 0 0.005
0.359 0.575 0 0.005
0.359 0.651 0 0.005
0.359 0.928 0 0.005
0.36 0.835 0 0.005
0.361 0.14 0 0.005
0.361 0.375 0 0.005
0.361 0.386 0 0.005
0.361 0.765 0 0.005
0.362 0.032 0 0.005
0.362 0.055 0 0.005
0.362 0.547 0 0.005
0.362 0.694 0 0.005
0.363 0.427 0 0.005
0.363 0.494 0 0.005
0.363 0.597 0 0.005
0.363 0.793 0 0.005
0.364 0.156 0 0.005
0.364 0.207 0 0.005
0.364 0.343 0 0.005
0.364 0.403 0 0.005
0.364 0.615 0 0.005
0.364 0.812 0 0.005
0.364 0.99 0 0.005
0.365 0.007 0 0.005
0.365 0.109 0 0.005
0.365 0.852 0 0.005
0.366 0.192 0 0.005
0.366 0.256 0 0.005
0.367 0.268 0 0.005
0.367 0.329 0 0.005
0.367 0.585 0 0.005
0.367 0.712 0 0.005
0.368 0.089 0 0.005
0.368 0.304 0 0.005
0.368 0.317 0 0.005
0.368 0.775 0 0.005
0.368 0.9 0 0.005
0.369 0.368 0 0.005
0.369 0.443 0 0.005
0.369 0.635 0 0.005
0.369 0.685 0 0.005
0.369 0.759 0 0.005
0.37 0.73 0 0.005
0.37 0.749 0 0.005
0.37 0.89 0 0.005
0.371 0.038 0 0.005
0.371 0.279 0 0.005
0.371 0.661 0 0.005
0.371 0.911 0 0.005
0.372 0.019 0 0.005
0.372 0.066 0 0.005
0.372 0.12 0 0.005
0.372 0.143 0 0.005
0.372 0.231 0 0.005
0.372 0.294 0 0.005
0.372 0.349 0 0.005
0.372 0.475 0 0.005
0.372 0.505 0 0.005
0.372 0.871 0 0.005
0.372 0.958 0 0.005
0.373 0.077 0 0.005
0.373 0.675 0 0.005
0.374 0.101 0 0.005
0.374 0.527 0 0.005
0.374 0.612 0 0.005
0.374 0.847 0 0.005
0.375 0.217 0 0.005
0.375 0.819 0 0.005
0.375 0.995 0 0.005
0.376 0.376 0 0.005
0.376 0.592 0 0.005
0.376 0.623 0 0.005
0.376 0.79 0 0.005
0.377 0.178 0 0.005
0.377 0.4 0 0.005
0.377 0.801 0 0.005
0.378 0.156 0 0.005
0.378 0.333 0 0.005
0.378 0.57 0 0.005
0.379 0.24 0 0.005
0.379 0.321 0 0.005
0.379 0.667 0 0.005
0.379 0.97 0 0.005
0.38 0.032 0 0.005
0.38 0.133 0 0.005
0.38 0.288 0 0.005
0.38 0.301 0 0.005
0.38 0.362 0 0.005
0.38 0.535 0 0.005
0.38 0.688 0 0.005
0.38 0.883 0 0.005
0.381 0.055 0 0.005
0.381 0.713 0 0.005
0.381 0.834 0 0.005
0.381 0.897 0 0.005
0.382 0.017 0 0.005
0.382 0.23 0 0.005
0.382 0.462 0 0.005
0.382 0.486 0 0.005
0.382 0.929 0 0.005
0.383 0.415 0 0.005
0.383 0.507 0 0.005
0.384 0.074 0 0.005
0.384 0.257 0 0.005
0.384 0.44 0 0.005
0.384 0.524 0 0.005
0.384 0.775 0 0.005
0.385 0.005 0 0.005
0.385 0.088 0 0.005
0.385 0.099 0 0.005
0.385 0.205 0 0.005
0.385 0.268 0 0.005
0.385 0.646 0 0.005
0.386 0.042 0 0.005
0.386 0.279 0 0.005
0.386 0.608 0 0.005
0.386 0.621 0 0.005
0.387 0.382 0 0.005
0.387 0.392 0 0.005
0.387 0.575 0 0.005
0.387 0.8 0 0.005
0.388 0.113 0 0.005
0.388 0.158 0 0.005
0.388 0.405 0 0.005
0.388 0.75 0 0.005
0.388 0.858 0 0.005
0.389 0.346 0 0.005
0.389 0.694 0 0.005
0.389 0.985 0 0.005
0.39 0.139 0 0.005
0.39 0.169 0 0.005
0.39 0.289 0 0.005
0.39 0.673 0 0.005
0.39 0.724 0 0.005
0.39 0.82 0 0.005
0.391 0.124 0 0.005
0.391 0.56 0 0.005
0.391 0.636 0 0.005
0.391 0.705 0 0.005
0.391 0.901 0 0.005
0.392 0.3 0 0.005
0.393 0.015 0 0.005
0.393 0.189 0 0.005
0.393 0.434 0 0.005
0.393 0.539 0 0.005
0.393 0.765 0 0.005
0.393 0.919 0 0.005
0.394 0.489 0 0.005
0.394 0.776 0 0.005
0.394 0.834 0 0.005
0.395 0.053 0 0.005
0.395 0.525 0 0.005
0.395 0.845 0 0.005
0.396 0.0033125 0 0.005
0.396 0.273 0 0.005
0.396 0.471 0 0.005
0.396 0.947 0 0.005
0.397 0.786 0 0.005
0.397 0.809 0 0.005
0.398 0.205 0 0.005
0.398 0.237 0 0.005
0.398 0.503 0 0.005
0.398 0.9972564102564103 0 0.005
0.399 0.077 0 0.005
0.4 0.106 0 0.005
0.4 0.135 0 0.005
0.4 0.261 0 0.005
0.4 0.31 0 0.005
0.4 0.342 0 0.005
0.4 0.461 0 0.005
0.4 0.547 0 0.005
0.4 0.569 0 0.005
0.4 0.683 0 0.005
0.4 0.864 0 0.005
0.401 0.149 0 0.005
0.401 0.399 0 0.005
0.401 0.588 0 0.005
0.401 0.604 0 0.005
0.401 0.672 0 0.005
0.401 0.715 0 0.005
0.402 0.328 0 0.005
0.403 0.116 0 0.005
0.403 0.372 0 0.005
0.403 0.446 0 0.005
0.403 0.982 0 0.005
0.404 0.215 0 0.005
0.404 0.614 0 0.005
0.404 0.853 0 0.005
0.405 0.031 0 0.005
0.405 0.25 0 0.005
0.405 0.416 0 0.005
0.405 0.823 0 0.005
0.405 0.923 0 0.005
0.406 0.016 0 0.005
0.406 0.093 0 0.005
0.406 0.171 0 0.005
0.406 0.359 0 0.005
0.406 0.482 0 0.005
0.406 0.658 0 0.005
0.406 0.944 0 0.005
0.407 0.28 0 0.005
0.407 0.535 0 0.005
0.407 0.699 0 0.005
0.407 0.966 0 0.005
0.408 0.06 0 0.005
0.408 0.072 0 0.005
0.408 0.191 0 0.005
0.408 0.385 0 0.005
0.408 0.641 0 0.005
0.408 0.755 0 0.005
0.408 0.884 0 0.005
0.409 0.597 0 0.005
0.409 0.844 0 0.005
0.409 0.956 0 0.005
0.41 0.103 0 0.005
0.411 0.467 0 0.005
0.411 0.668 0 0.005
0.411 0.766 0 0.005
0.411 0.789 0 0.005
0.411 0.803 0 0.005
0.411 0.901 0 0.005
0.412 0.133 0 0.005
0.412 0.152 0 0.005
0.412 0.722 0 0.005
0.413 0.326 0 0.005
0.413 0.398 0 0.005
0.413 0.508 0 0.005
0.413 0.554 0 0.005
0.413 0.744 0 0.005
0.412 0.0 0 0.005
0.414 0.376 0 0.005
0.415 0.203 0 0.005
0.415 0.93 0 0.005
0.416 0.046 0 0.005
0.416 0.245 0 0.005
0.416 0.261 0 0.005
0.416 0.611 0 0.005
0.417 0.35 0 0.005
0.417 0.417 0 0.005
0.417 0.459 0 0.005
0.417 0.564 0 0.005
0.417 0.631 0 0.005
0.417 0.678 0 0.005
0.418 0.125 0 0.005
0.418 0.222 0 0.005
0.418 0.698 0 0.005
0.418 0.972 0 0.005
0.419 0.171 0 0.005
0.419 0.274 0 0.005
0.419 0.651 0 0.005
0.419 0.662 0 0.005
0.419 0.985 0 0.005
0.42 0.081 0 0.005
0.42 0.293 0 0.005
0.42 0.53 0 0.005
0.42 0.736 0 0.005
0.42 0.879 0 0.005
0.421 0.025 0 0.005
0.421 0.825 0 0.005
0.422 0.015 0 0.005
0.422 0.112 0 0.005
0.422 0.156 0 0.005
0.422 0.313 0 0.005
0.422 0.363 0 0.005
0.422 0.577 0 0.005
0.422 0.588 0 0.005
0.423 0.0033125 0 0.005
0.423 0.917 0 0.005
0.423 0.94 0 0.005
0.424 0.338 0 0.005
0.424 0.429 0 0.005
0.424 0.772 0 0.005
0.425 0.1 0 0.005
0.425 0.453 0 0.005
0.425 0.617 0 0.005
0.425 0.862 0 0.005
0.425 0.902 0 0.005
0.426 0.089 0 0.005
0.426 0.282 0 0.005
0.427 0.068 0 0.005
0.427 0.349 0 0.005
0.427 0.411 0 0.005
0.427 0.464 0 0.005
0.427 0.52 0 0.005
0.427 0.63 0 0.005
0.427 0.686 0 0.005
0.428 0.213 0 0.005
0.428 0.596 0 0.005
0.428 0.701 0 0.005
0.428 0.713 0 0.005
0.428 0.73 0 0.005
0.428 0.885 0 0.005
0.429 0.138 0 0.005
0.429 0.227 0 0.005
0.429 0.441 0 0.005
0.429 0.607 0 0.005
0.429 0.653 0 0.005
0.429 0.757 0 0.005
0.429 0.808 0 0.005
0.43 0.37 0 0.005
0.43 0.401 0 0.005
0.43 0.492 0 0.005
0.43 0.507 0 0.005
0.43 0.567 0 0.005
0.431 0.556 0 0.005
0.431 0.932 0 0.005
0.431 0.977 0 0.005
0.432 0.324 0 0.005
0.432 0.38 0 0.005
0.432 0.48 0 0.005
0.432 0.643 0 0.005
0.433 0.016 0 0.005
0.433 0.271 0 0.005
0.433 0.391 0 0.005
0.433 0.744 0 0.005
0.433 0.963 0 0.005
0.434 0.04 0 0.005
0.434 0.848 0 0.005
0.435 0.113 0 0.005
0.435 0.188 0 0.005
0.435 0.298 0 0.005
0.435 0.544 0 0.005
0.435 0.837 0 0.005
0.435 0.9972564102564103 0 0.005
0.436 0.151 0 0.005
0.436 0.177 0 0.005
0.436 0.248 0 0.005
0.436 0.451 0 0.005
0.436 0.786 0 0.005
0.436 0.987 0 0.005
0.437 0.341 0 0.005
0.437 0.942 0 0.005
0.438 0.069 0 0.005
0.438 0.129 0 0.005
0.438 0.161 0 0.005
0.438 0.36 0 0.005
0.438 0.411 0 0.005
0.438 0.466 0 0.005
0.438 0.625 0 0.005
0.438 0.827 0 0.005
0.439 0.0022291666666666666 0 0.005
0.439 0.585 0 0.005
0.439 0.81 0 0.005
0.439 0.893 0 0.005
0.44 0.372 0 0.005
0.44 0.563 0 0.005
0.44 0.684 0 0.005
0.44 0.716 0 0.005
0.44 0.771 0 0.005
0.441 0.099 0 0.005
0.441 0.277 0 0.005
0.441 0.4 0 0.005
0.442 0.314 0 0.005
0.442 0.608 0 0.005
0.442 0.91 0 0.005
0.443 0.015 0 0.005
0.443 0.057 0 0.005
0.443 0.256 0 0.005
0.443 0.436 0 0.005
0.444 0.029 0 0.005
0.444 0.528 0 0.005
0.445 0.041 0 0.005
0.445 0.545 0 0.005
0.445 0.574 0 0.005
0.445 0.593 0 0.005
0.445 0.661 0 0.005
0.445 0.741 0 0.005
0.446 0.329 0 0.005
0.446 0.501 0 0.005
0.446 0.784 0 0.005
0.446 0.931 0 0.005
0.447 0.294 0 0.005
0.447 0.392 0 0.005
0.447 0.419 0 0.005
0.447 0.461 0 0.005
0.447 0.672 0 0.005
0.447 0.703 0 0.005
0.447 0.796 0 0.005
0.447 0.881 0 0.005
0.448 0.149 0 0.005
0.448 0.164 0 0.005
0.448 0.472 0 0.005
0.448 0.618 0 0.005
0.448 0.956 0 0.005
0.448 0.967 0 0.005
0.449 0.651 0 0.005
0.449 0.725 0 0.005
0.449 0.862 0 0.005
0.45 0.76 0 0.005
0.451 0.124 0 0.005
0.451 0.185 0 0.005
0.451 0.309 0 0.005
0.451 0.562 0 0.005
0.452 0.083 0 0.005
0.452 0.098 0 0.005
0.452 0.231 0 0.005
0.452 0.283 0 0.005
0.452 0.521 0 0.005
0.452 0.986 0 0.005
0.453 0.174 0 0.005
0.453 0.381 0 0.005
0.453 0.683 0 0.005
0.454 0.072 0 0.005
0.454 0.254 0 0.005
0.454 0.27 0 0.005
0.454 0.434 0 0.005
0.454 0.586 0 0.005
0.454 0.815 0 0.005
0.454 0.833 0 0.005
0.453 0.0 0 0.005
0.455 0.363 0 0.005
0.456 0.905 0 0.005
0.456 0.932 0 0.005
0.457 0.009 0 0.005
0.457 0.045 0 0.005
0.457 0.219 0 0.005
0.457 0.297 0 0.005
0.457 0.324 0 0.005
0.457 0.34 0 0.005
0.457 0.423 0 0.005
0.457 0.502 0 0.005
0.457 0.658 0 0.005
0.457 0.703 0 0.005
0.457 0.791 0 0.005
0.457 0.876 0 0.005
0.458 0.67 0 0.005
0.459 0.353 0 0.005
0.46 0.163 0 0.005
0.46 0.208 0 0.005
0.46 0.394 0 0.005
0.46 0.492 0 0.005
0.46 0.648 0 0.005
0.46 0.893 0 0.005
0.46 0.943 0 0.005
0.461 0.056 0 0.005
0.461 0.12 0 0.005
0.461 0.198 0 0.005
0.461 0.476 0 0.005
0.461 0.541 0 0.005
0.461 0.567 0 0.005
0.461 0.628 0 0.005
0.461 0.731 0 0.005
0.461 0.862 0 0.005
0.462 0.035 0 0.005
0.462 0.083 0 0.005
0.462 0.31 0 0.005
0.462 0.407 0 0.005
0.462 0.743 0 0.005
0.462 0.914 0 0.005
0.463 0.279 0 0.005
0.463 0.459 0 0.005
0.463 0.772 0 0.005
0.463 0.994 0 0.005
0.464 0.263 0 0.005
0.464 0.531 0 0.005
0.465 0.616 0 0.005
0.465 0.68 0 0.005
0.465 0.711 0 0.005
0.465 0.756 0 0.005
0.466 0.016 0 0.005
0.466 0.073 0 0.005
0.466 0.225 0 0.005
0.466 0.25 0 0.005
0.466 0.38 0 0.005
0.466 0.521 0 0.005
0.466 0.952 0 0.005
0.467 0.417 0 0.005
0.467 0.638 0 0.005
0.467 0.967 0 0.005
0.468 0.43 0 0.005
0.468 0.585 0 0.005
0.468 0.799 0 0.005
0.468 0.826 0 0.005
0.469 0.105 0 0.005
0.469 0.153 0 0.005
0.469 0.447 0 0.005
0.469 0.484 0 0.005
0.469 0.602 0 0.005
0.47 0.293 0 0.005
0.47 0.494 0 0.005
0.47 0.788 0 0.005
0.47 0.877 0 0.005
0.471 0.05 0 0.005
0.471 0.125 0 0.005
0.471 0.238 0 0.005
0.471 0.508 0 0.005
0.471 0.657 0 0.005
0.471 0.671 0 0.005
0.471 0.981 0 0.005
0.472 0.006 0 0.005
0.472 0.136 0 0.005
0.472 0.323 0 0.005
0.472 0.337 0 0.005
0.472 0.372 0 0.005
0.472 0.551 0 0.005
0.472 0.918 0 0.005
0.473 0.179 0 0.005
0.473 0.409 0 0.005
0.473 0.89 0 0.005
0.474 0.475 0 0.005
0.474 0.718 0 0.005
0.474 0.775 0 0.005
0.475 0.204 0 0.005
0.475 0.532 0 0.005
0.475 0.753 0 0.005
0.475 0.905 0 0.005
0.475 0.936 0 0.005
0.476 0.303 0 0.005
0.476 0.992 0 0.005
0.477 0.022 0 0.005
0.477 0.081 0 0.005
0.477 0.169 0 0.005
0.477 0.194 0 0.005
0.477 0.219 0 0.005
0.477 0.385 0 0.005
0.477 0.563 0 0.005
0.477 0.845 0 0.005
0.477 0.867 0 0.005
0.478 0.4 0 0.005
0.478 0.437 0 0.005
0.478 0.679 0 0.005
0.479 0.855 0 0.005
0.48 0.0012666666666666666 0 0.005
0.48 0.144 0 0.005
0.48 0.642 0 0.005
0.48 0.825 0 0.005
0.481 0.111 0 0.005
0.481 0.248 0 0.005
0.481 0.956 0 0.005
0.482 0.288 0 0.005
0.482 0.51 0 0.005
0.482 0.523 0 0.005
0.482 0.814 0 0.005
0.483 0.098 0 0.005
0.483 0.156 0 0.005
0.483 0.184 0 0.005
0.483 0.377 0 0.005
0.483 0.541 0 0.005
0.483 0.879 0 0.005
0.483 0.891 0 0.005
0.483 0.915 0 0.005
0.484 0.264 0 0.005
0.484 0.359 0 0.005
0.484 0.448 0 0.005
0.484 0.652 0 0.005
0.484 0.708 0 0.005
0.484 0.739 0 0.005
0.485 0.278 0 0.005
0.485 0.408 0 0.005
0.485 0.61 0 0.005
0.485 0.697 0 0.005
0.486 0.011 0 0.005
0.486 0.055 0 0.005
0.486 0.427 0 0.005
0.486 0.597 0 0.005
0.487 0.322 0 0.005
0.487 0.562 0 0.005
0.488 0.22 0 0.005
0.488 0.47 0 0.005
0.488 0.63 0 0.005
0.489 0.044 0 0.005
0.489 0.307 0 0.005
0.489 0.348 0 0.005
0.489 0.793 0 0.005
0.489 0.996280701754386 0 0.005
0.49 0.034 0 0.005
0.49 0.133 0 0.005
0.49 0.585 0 0.005
0.49 0.934 0 0.005
0.491 0.196 0 0.005
0.491 0.244 0 0.005
0.491 0.293 0 0.005
0.491 0.575 0 0.005
0.491 0.761 0 0.005
0.491 0.86 0 0.005
0.492 0.072 0 0.005
0.492 0.371 0 0.005
0.492 0.548 0 0.005
0.492 0.949 0 0.005
0.492 0.978 0 0.005
0.493 0.487 0 0.005
0.493 0.724 0 0.005
0.493 0.773 0 0.005
0.493 0.898 0 0.005
0.493 0.961 0 0.005
0.494 0.121 0 0.005
0.494 0.809 0 0.005
0.495 0.104 0 0.005
0.495 0.691 0 0.005
0.496 0.524 0 0.005
0.496 0.646 0 0.005
0.496 0.666 0 0.005
0.496 0.707 0 0.005
0.497 0.026 0 0.005
0.497 0.157 0 0.005
0.497 0.269 0 0.005
0.497 0.408 0 0.005
0.497 0.819 0 0.005
0.498 0.08 0 0.005
0.498 0.144 0 0.005
0.498 0.209 0 0.005
0.498 0.539 0 0.005
0.498 0.746 0 0.005
0.498 0.831 0 0.005
0.498 0.868 0 0.005
0.498 0.884 0 0.005
0.498 0.987 0 0.005
0.499 0.013 0 0.005
0.499 0.044 0 0.005
0.499 0.427 0 0.005
0.499 0.605 0 0.005
0.5 0.255 0 0.005
0.5 0.397 0 0.005
0.5 0.513 0 0.005
0.501 0.133 0 0.005
0.501 0.168 0 0.005
0.501 0.348 0 0.005
0.501 0.621 0 0.005
0.501 0.853 0 0.005
0.501 0.0004166666666666667 0 0.005
0.502 0.465 0 0.005
0.503 0.59 0 0.005
0.504 0.092 0 0.005
0.504 0.365 0 0.005
0.504 0.493 0 0.005
0.504 0.806 0 0.005
0.504 0.926 0 0.005
0.505 0.632 0 0.005
0.505 0.979 0 0.005
0.506 0.199 0 0.005
0.506 0.565 0 0.005
0.506 0.794 0 0.005
0.506 0.993 0 0.005
0.507 0.05 0 0.005
0.507 0.757 0 0.005
0.507 0.953 0 0.005
0.507 0.963 0 0.005
0.508 0.081 0 0.005
0.508 0.124 0 0.005
0.508 0.305 0 0.005
0.508 0.391 0 0.005
0.508 0.433 0 0.005
0.508 0.477 0 0.005
0.509 0.215 0 0.005
0.509 0.274 0 0.005
0.509 0.341 0 0.005
0.509 0.653 0 0.005
0.509 0.684 0 0.005
0.51 0.254 0 0.005
0.51 0.381 0 0.005
0.51 0.419 0 0.005
0.51 0.444 0 0.005
0.51 0.716 0 0.005
0.511 0.316 0 0.005
0.511 0.507 0 0.005
0.511 0.583 0 0.005
0.511 0.769 0 0.005
0.511 0.85 0 0.005
0.512 0.144 0 0.005
0.512 0.191 0 0.005
0.512 0.525 0 0.005
0.512 0.896 0 0.005
0.513 0.235 0 0.005
0.513 0.404 0 0.005
0.513 0.827 0 0.005
0.513 0.913 0 0.005
0.514 0.295 0 0.005
0.514 0.369 0 0.005
0.515 0.604 0 0.005
0.513 0.999 0 0.005
0.516 0.034 0 0.005
0.516 0.787 0 0.005
0.516 0.86 0 0.005
0.517 0.015 0 0.005
0.517 0.104 0 0.005
0.517 0.358 0 0.005
0.517 0.427 0 0.005
0.517 0.468 0 0.005
0.517 0.634 0 0.005
0.517 0.735 0 0.005
0.517 0.926 0 0.005
0.518 0.08 0 0.005
0.518 0.747 0 0.005
0.519 0.276 0 0.005
0.519 0.322 0 0.005
0.519 0.517 0 0.005
0.519 0.691 0 0.005
0.519 0.757 0 0.005
0.519 0.946 0 0.005
0.519 0.98 0 0.005
0.52 0.091 0 0.005
0.52 0.175 0 0.005
0.52 0.265 0 0.005
0.52 0.305 0 0.005
0.52 0.576 0 0.005
0.52 0.96 0 0.005
0.521 0.05 0 0.005
0.521 0.564 0 0.005
0.521 0.596 0 0.005
0.521 0.906 0 0.005
0.522 0.07 0 0.005
0.522 0.489 0 0.005
0.522 0.652 0 0.005
0.522 0.769 0 0.005
0.523 0.41 0 0.005
0.523 0.622 0 0.005
0.523 0.843 0 0.005
0.523 0.9956875 0 0.005
0.524 0.215 0 0.005
0.524 0.238 0 0.005
0.524 0.459 0 0.005
0.524 0.501 0 0.005
0.524 0.531 0 0.005
0.524 0.833 0 0.005
0.525 0.16 0 0.005
0.525 0.186 0 0.005
0.525 0.336 0 0.005
0.525 0.553 0 0.005
0.525 0.884 0 0.005
0.526 0.15 0 0.005
0.526 0.798 0 0.005
0.527 0.204 0 0.005
0.527 0.393 0 0.005
0.527 0.819 0 0.005
0.527 0.918 0 0.005
0.527 0.934 0 0.005
0.528 0.126 0 0.005
0.528 0.314 0 0.005
0.528 0.512 0 0.005
0.528 0.752 0 0.005
0.529 0.86 0 0.005
0.529 0.98 0 0.005
0.528 0.0 0 0.005
0.53 0.267 0 0.005
0.53 0.442 0 0.005
0.53 0.573 0 0.005
0.53 0.69 0 0.005
0.53 0.715 0 0.005
0.531 0.328 0 0.005
0.531 0.601 0 0.005
0.531 0.673 0 0.005
0.532 0.248 0 0.005
0.532 0.369 0 0.005
0.532 0.893 0 0.005
0.533 0.062 0 0.005
0.533 0.083 0 0.005
0.533 0.117 0 0.005
0.533 0.301 0 0.005
0.533 0.562 0 0.005
0.533 0.741 0 0.005
0.534 0.037 0 0.005
0.534 0.134 0 0.005
0.534 0.498 0 0.005
0.535 0.021 0 0.005
0.535 0.872 0 0.005
0.535 0.925 0 0.005
0.535 0.9956875 0 0.005
0.536 0.101 0 0.005
0.536 0.186 0 0.005
0.536 0.415 0 0.005
0.536 0.432 0 0.005
0.536 0.616 0 0.005
0.536 0.636 0 0.005
0.536 0.773 0 0.005
0.537 0.283 0 0.005
0.538 0.316 0 0.005
0.538 0.353 0 0.005
0.538 0.459 0 0.005
0.538 0.477 0 0.005
0.538 0.65 0 0.005
0.538 0.698 0 0.005
0.538 0.834 0 0.005
0.538 0.971 0 0.005
0.539 0.534 0 0.005
0.539 0.626 0 0.005
0.539 0.709 0 0.005
0.539 0.945 0 0.005
0.54 0.381 0 0.005
0.54 0.721 0 0.005
0.54 0.809 0 0.005
0.54 0.852 0 0.005
0.54 0.981 0 0.005
0.541 0.547 0 0.005
0.541 0.668 0 0.005
0.541 0.819 0 0.005
0.542 0.148 0 0.005
0.542 0.253 0 0.005
0.543 0.0017435897435897436 0 0.005
0.543 0.052 0 0.005
0.543 0.085 0 0.005
0.543 0.12 0 0.005
0.543 0.343 0 0.005
0.544 0.218 0 0.005
0.544 0.24 0 0.005
0.544 0.574 0 0.005
0.544 0.762 0 0.005
0.544 0.798 0 0.005
0.544 0.957 0 0.005
0.545 0.016 0 0.005
0.545 0.039 0 0.005
0.545 0.07 0 0.005
0.545 0.095 0 0.005
0.545 0.181 0 0.005
0.545 0.502 0 0.005
0.545 0.922 0 0.005
0.546 0.028 0 0.005
0.546 0.45 0 0.005
0.546 0.6 0 0.005
0.546 0.751 0 0.005
0.547 0.272 0 0.005
0.547 0.401 0 0.005
0.547 0.52 0 0.005
0.547 0.737 0 0.005
0.547 0.888 0 0.005
0.547 0.908 0 0.005
0.547 0.991 0 0.005
0.548 0.282 0 0.005
0.548 0.352 0 0.005
0.548 0.477 0 0.005
0.549 0.296 0 0.005
0.549 0.365 0 0.005
0.549 0.431 0 0.005
0.549 0.677 0 0.005
0.55 0.26 0 0.005
0.55 0.418 0 0.005
0.55 0.489 0 0.005
0.55 0.726 0 0.005
0.55 0.772 0 0.005
0.55 0.968 0 0.005
0.552 0.115 0 0.005
0.552 0.155 0 0.005
0.552 0.535 0 0.005
0.552 0.546 0 0.005
0.552 0.585 0 0.005
0.552 0.843 0 0.005
0.552 0.877 0 0.005
0.553 0.127 0 0.005
0.553 0.171 0 0.005
0.553 0.714 0 0.005
0.553 0.793 0 0.005
0.553 0.941 0 0.005
0.554 0.331 0 0.005
0.554 0.382 0 0.005
0.554 0.635 0 0.005
0.554 0.82 0 0.005
0.554 0.854 0 0.005
0.554 0.978 0 0.005
0.555 0.188 0 0.005
0.555 0.203 0 0.005
0.555 0.466 0 0.005
0.555 0.499 0 0.005
0.555 0.509 0 0.005
0.555 0.571 0 0.005
0.555 0.61 0 0.005
0.555 0.65 0 0.005
0.556 0.0033125 0 0.005
0.556 0.081 0 0.005
0.556 0.226 0 0.005
0.556 0.525 0 0.005
0.557 0.344 0 0.005
0.557 0.445 0 0.005
0.557 0.7 0 0.005
0.558 0.269 0 0.005
0.558 0.304 0 0.005
0.558 0.317 0 0.005
0.559 0.363 0 0.005
0.559 0.763 0 0.005
0.56 0.258 0 0.005
0.56 0.432 0 0.005
0.56 0.677 0 0.005
0.561 0.055 0 0.005
0.562 0.247 0 0.005
0.562 0.283 0 0.005
0.562 0.41 0 0.005
0.562 0.484 0 0.005
0.562 0.588 0 0.005
0.562 0.801 0 0.005
0.562 0.92 0 0.005
0.563 0.019 0 0.005
0.563 0.127 0 0.005
0.563 0.398 0 0.005
0.563 0.552 0 0.005
0.563 0.727 0 0.005
0.563 0.865 0 0.005
0.563 0.903 0 0.005
0.564 0.087 0 0.005
0.564 0.098 0 0.005
0.564 0.539 0 0.005
0.564 0.773 0 0.005
0.564 0.93 0 0.005
0.565 0.181 0 0.005
0.565 0.2 0 0.005
0.565 0.218 0 0.005
0.565 0.661 0 0.005
0.566 0.337 0 0.005
0.566 0.374 0 0.005
0.566 0.455 0 0.005
0.566 0.506 0 0.005
0.566 0.519 0 0.005
0.566 0.57 0 0.005
0.566 0.689 0 0.005
0.566 0.981 0 0.005
0.567 0.147 0 0.005
0.567 0.229 0 0.005
0.567 0.327 0 0.005
0.567 0.473 0 0.005
0.567 0.647 0 0.005
0.567 0.701 0 0.005
0.567 0.834 0 0.005
0.568 0.108 0 0.005
0.568 0.168 0 0.005
0.568 0.883 0 0.005
0.568 0.969 0 0.005
0.569 0.0008095238095238096 0 0.005
0.569 0.316 0 0.005
0.569 0.614 0 0.005
0.569 0.995 0 0.005
0.57 0.388 0 0.005
0.57 0.712 0 0.005
0.571 0.433 0 0.005
0.571 0.444 0 0.005
0.571 0.742 0 0.005
0.571 0.812 0 0.005
0.572 0.284 0 0.005
0.572 0.301 0 0.005
0.572 0.753 0 0.005
0.573 0.038 0 0.005
0.573 0.767 0 0.005
0.573 0.944 0 0.005
0.574 0.118 0 0.005
0.574 0.499 0 0.005
0.574 0.626 0 0.005
0.574 0.905 0 0.005
0.574 0.955 0 0.005
0.575 0.014 0 0.005
0.575 0.131 0 0.005
0.575 0.185 0 0.005
0.575 0.565 0 0.005
0.575 0.934 0 0.005
0.576 0.049 0 0.005
0.576 0.072 0 0.005
0.576 0.456 0 0.005
0.576 0.511 0 0.005
0.576 0.548 0 0.005
0.577 0.228 0 0.005
0.577 0.271 0 0.005
0.577 0.525 0 0.005
0.577 0.857 0 0.005
0.577 0.977 0 0.005
0.578 0.093 0 0.005
0.578 0.651 0 0.005
0.578 0.698 0 0.005
0.578 0.967 0 0.005
0.579 0.31 0 0.005
0.579 0.395 0 0.005
0.579 0.489 0 0.005
0.579 0.679 0 0.005
0.579 0.992 0 0.005
0.58 0.005 0 0.005
0.58 0.801 0 0.005
0.581 0.615 0 0.005
0.582 0.248 0 0.005
0.582 0.381 0 0.005
0.582 0.573 0 0.005
0.582 0.59 0 0.005
0.582 0.601 0 0.005
0.582 0.719 0 0.005
0.583 0.291 0 0.005
0.583 0.408 0 0.005
0.583 0.433 0 0.005
0.583 0.54 0 0.005
0.583 0.741 0 0.005
0.583 0.786 0 0.005
0.584 0.022 0 0.005
0.584 0.123 0 0.005
0.584 0.136 0 0.005
0.584 0.819 0 0.005
0.585 0.189 0 0.005
0.585 0.322 0 0.005
0.585 0.345 0 0.005
0.585 0.418 0 0.005
0.585 0.471 0 0.005
0.585 0.628 0 0.005
0.585 0.913 0 0.005
0.585 0.927 0 0.005
0.586 0.043 0 0.005
0.586 0.068 0 0.005
0.586 0.165 0 0.005
0.586 0.261 0 0.005
0.586 0.37 0 0.005
0.586 0.444 0 0.005
0.586 0.499 0 0.005
0.586 0.756 0 0.005
0.586 0.841 0 0.005
0.586 0.879 0 0.005
0.587 0.232 0 0.005
0.587 0.277 0 0.005
0.587 0.857 0 0.005
0.587 0.898 0 0.005
0.588 0.111 0 0.005
0.589 0.359 0 0.005
0.589 0.645 0 0.005
0.589 0.867 0 0.005
0.589 0.9981904761904762 0 0.005
0.59 0.098 0 0.005
0.59 0.209 0 0.005
0.59 0.3 0 0.005
0.59 0.529 0 0.005
0.59 0.656 0 0.005
0.59 0.672 0 0.005
0.59 0.776 0 0.005
0.59 0.801 0 0.005
0.593 0.429 0 0.005
0.593 0.699 0 0.005
0.593 0.814 0 0.005
0.594 0.076 0 0.005
0.594 0.174 0 0.005
0.594 0.395 0 0.005
0.594 0.569 0 0.005
0.594 0.94 0 0.005
0.595 0.01 0 0.005
0.595 0.2 0 0.005
0.595 0.271 0 0.005
0.595 0.514 0 0.005
0.595 0.636 0 0.005
0.595 0.715 0 0.005
0.596 0.0008095238095238096 0 0.005
0.596 0.089 0 0.005
0.596 0.155 0 0.005
0.596 0.457 0 0.005
0.596 0.47 0 0.005
0.596 0.684 0 0.005
0.596 0.92 0 0.005
0.597 0.026 0 0.005
0.597 0.317 0 0.005
0.597 0.345 0 0.005
0.597 0.368 0 0.005
0.597 0.442 0 0.005
0.597 0.557 0 0.005
0.597 0.617 0 0.005
0.597 0.979 0 0.005
0.598 0.049 0 0.005
0.598 0.24 0 0.005
0.598 0.411 0 0.005
0.598 0.757 0 0.005
0.598 0.795 0 0.005
0.598 0.845 0 0.005
0.599 0.227 0 0.005
0.599 0.255 0 0.005
0.599 0.824 0 0.005
0.6 0.125 0 0.005
0.6 0.137 0 0.005
0.6 0.38 0 0.005
0.6 0.881 0 0.005
0.601 0.287 0 0.005
0.602 0.336 0 0.005
0.602 0.485 0 0.005
0.602 0.899 0 0.005
0.6 0.999 0 0.005
0.603 0.035 0 0.005
0.603 0.184 0 0.005
0.603 0.326 0 0.005
0.603 0.358 0 0.005
0.603 0.608 0 0.005
0.603 0.657 0 0.005
0.603 0.836 0 0.005
0.603 0.933 0 0.005
0.604 0.216 0 0.005
0.604 0.501 0 0.005
0.604 0.592 0 0.005
0.604 0.731 0 0.005
0.605 0.536 0 0.005
0.605 0.582 0 0.005
0.605 0.91 0 0.005
0.606 0.074 0 0.005
0.606 0.471 0 0.005
0.606 0.776 0 0.005
0.606 0.81 0 0.005
0.607 0.448 0 0.005
0.607 0.555 0 0.005
0.607 0.631 0 0.005
0.608 0.388 0 0.005
0.608 0.868 0 0.005
0.609 0.005 0 0.005
0.609 0.098 0 0.005
0.609 0.204 0 0.005
0.609 0.245 0 0.005
0.609 0.569 0 0.005
0.609 0.951 0 0.005
0.61 0.264 0 0.005
0.61 0.37 0 0.005
0.61 0.492 0 0.005
0.61 0.847 0 0.005
0.61 0.978 0 0.005
0.611 0.114 0 0.005
0.611 0.682 0 0.005
0.612 0.016 0 0.005
0.612 0.061 0 0.005
0.612 0.124 0 0.005
0.612 0.332 0 0.005
0.612 0.42 0 0.005
0.612 0.793 0 0.005
0.613 0.168 0 0.005
0.613 0.433 0 0.005
0.613 0.919 0 0.005
0.614 0.047 0 0.005
0.614 0.086 0 0.005
0.614 0.938 0 0.005
0.615 0.191 0 0.005
0.615 0.314 0 0.005
0.615 0.697 0 0.005
0.615 0.989 0 0.005
0.616 0.284 0 0.005
0.616 0.41 0 0.005
0.616 0.625 0 0.005
0.617 0.134 0 0.005
0.617 0.212 0 0.005
0.617 0.359 0 0.005
0.617 0.515 0 0.005
0.617 0.549 0 0.005
0.617 0.751 0 0.005
0.617 0.811 0 0.005
0.617 0.855 0 0.005
0.618 0.346 0 0.005
0.618 0.612 0 0.005
0.619 0.527 0 0.005
0.619 0.661 0 0.005
0.619 0.823 0 0.005
0.62 0.074 0 0.005
0.62 0.234 0 0.005
0.62 0.305 0 0.005
0.62 0.733 0 0.005
0.62 0.893 0 0.005
0.62 0.905 0 0.005
0.621 0.466 0 0.005
0.621 0.881 0 0.005
0.621 0.98 0 0.005
0.622 0.452 0 0.005
0.622 0.477 0 0.005
0.622 0.506 0 0.005
0.622 0.57 0 0.005
0.622 0.582 0 0.005
0.622 0.801 0 0.005
0.623 0.374 0 0.005
0.623 0.387 0 0.005
0.623 0.558 0 0.005
0.623 0.602 0 0.005
0.623 0.779 0 0.005
0.623 0.964 0 0.005
0.623 0.996280701754386 0 0.005
0.624 0.418 0 0.005
0.624 0.929 0 0.005
0.625 0.219 0 0.005
0.625 0.705 0 0.005
0.626 0.05 0 0.005
0.626 0.156 0 0.005
0.626 0.263 0 0.005
0.626 0.315 0 0.005
0.626 0.433 0 0.005
0.626 0.724 0 0.005
0.627 0.098 0 0.005
0.627 0.145 0 0.005
0.627 0.169 0 0.005
0.628 0.061 0 0.005
0.628 0.329 0 0.005
0.628 0.743 0 0.005
0.629 0.282 0 0.005
0.629 0.298 0 0.005
0.629 0.611 0 0.005
0.629 0.649 0 0.005
0.629 0.681 0 0.005
0.63 0.351 0 0.005
0.63 0.493 0 0.005
0.63 0.763 0 0.005
0.63 0.845 0 0.005
0.63 0.899 0 0.005
0.631 0.237 0 0.005
0.631 0.364 0 0.005
0.631 0.402 0 0.005
0.631 0.462 0 0.005
0.631 0.542 0 0.005
0.632 0.004 0 0.005
0.632 0.129 0 0.005
0.632 0.251 0 0.005
0.632 0.553 0 0.005
0.632 0.667 0 0.005
0.632 0.856 0 0.005
0.633 0.589 0 0.005
0.633 0.988 0 0.005
0.634 0.375 0 0.005
0.634 0.801 0 0.005
0.635 0.035 0 0.005
0.635 0.109 0 0.005
0.635 0.631 0 0.005
0.635 0.884 0 0.005
0.636 0.162 0 0.005
0.636 0.174 0 0.005
0.636 0.185 0 0.005
0.636 0.431 0 0.005
0.636 0.479 0 0.005
0.636 0.705 0 0.005
0.636 0.819 0 0.005
0.637 0.025 0 0.005
0.637 0.092 0 0.005
0.637 0.782 0 0.005
0.637 0.961 0 0.005
0.638 0.048 0 0.005
0.638 0.197 0 0.005
0.638 0.293 0 0.005
0.638 0.62 0 0.005
0.638 0.688 0 0.005
0.638 0.832 0 0.005
0.638 0.927 0 0.005
0.639 0.144 0 0.005
0.639 0.729 0 0.005
0.64 0.386 0 0.005
0.639 0.9985833333333334 0 0.005
0.641 0.411 0 0.005
0.641 0.492 0 0.005
0.641 0.572 0 0.005
0.641 0.75 0 0.005
0.642 0.073 0 0.005
0.642 0.537 0 0.005
0.642 0.548 0 0.005
0.642 0.808 0 0.005
0.643 0.252 0 0.005
0.643 0.322 0 0.005
0.643 0.77 0 0.005
0.643 0.945 0 0.005
0.644 0.218 0 0.005
0.644 0.513 0 0.005
0.644 0.612 0 0.005
0.644 0.644 0 0.005
0.644 0.984 0 0.005
0.645 0.113 0 0.005
0.645 0.846 0 0.005
0.645 0.899 0 0.005
0.646 0.134 0 0.005
0.646 0.187 0 0.005
0.646 0.278 0 0.005
0.646 0.445 0 0.005
0.646 0.819 0 0.005
0.647 0.033 0 0.005
0.647 0.157 0 0.005
0.647 0.421 0 0.005
0.647 0.7 0 0.005
0.647 0.788 0 0.005
0.648 0.583 0 0.005
0.648 0.861 0 0.005
0.648 0.921 0 0.005
0.648 0.971 0 0.005
0.649 0.048 0 0.005
0.649 0.676 0 0.005
0.649 0.757 0 0.005
0.649 0.883 0 0.005
0.65 0.06 0 0.005
0.65 0.097 0 0.005
0.65 0.376 0 0.005
0.65 0.466 0 0.005
0.65 0.631 0 0.005
0.65 0.729 0 0.005
0.65 0.956 0 0.005
0.651 0.198 0 0.005
0.651 0.559 0 0.005
0.651 0.713 0 0.005
0.651 0.74 0 0.005
0.652 0.009 0 0.005
0.652 0.257 0 0.005
0.652 0.307 0 0.005
0.652 0.402 0 0.005
0.652 0.828 0 0.005
0.653 0.165 0 0.005
0.653 0.806 0 0.005
0.653 0.944 0 0.005
0.654 0.0012666666666666666 0 0.005
0.654 0.071 0 0.005
0.654 0.24 0 0.005
0.654 0.392 0 0.005
0.654 0.453 0 0.005
0.654 0.602 0 0.005
0.654 0.665 0 0.005
0.654 0.9977333333333334 0 0.005
0.655 0.483 0 0.005
0.655 0.646 0 0.005
0.656 0.271 0 0.005
0.656 0.33 0 0.005
0.656 0.426 0 0.005
0.656 0.543 0 0.005
0.656 0.621 0 0.005
0.656 0.85 0 0.005
0.656 0.981 0 0.005
0.657 0.022 0 0.005
0.657 0.223 0 0.005
0.657 0.296 0 0.005
0.657 0.412 0 0.005
0.658 0.207 0 0.005
0.658 0.315 0 0.005
0.659 0.494 0 0.005
0.659 0.695 0 0.005
0.659 0.77 0 0.005
0.66 0.033 0 0.005
0.66 0.063 0 0.005
0.66 0.931 0 0.005
0.661 0.043 0 0.005
0.661 0.11 0 0.005
0.661 0.127 0 0.005
0.661 0.177 0 0.005
0.661 0.72 0 0.005
0.661 0.815 0 0.005
0.661 0.881 0 0.005
0.662 0.081 0 0.005
0.662 0.283 0 0.005
0.662 0.438 0 0.005
0.662 0.569 0 0.005
0.662 0.747 0 0.005
0.663 0.138 0 0.005
0.663 0.235 0 0.005
0.663 0.357 0 0.005
0.664 0.098 0 0.005
0.664 0.153 0 0.005
0.664 0.389 0 0.005
0.664 0.449 0 0.005
0.664 0.53 0 0.005
0.664 0.61 0 0.005
0.664 0.652 0 0.005
0.664 0.869 0 0.005
0.665 0.633 0 0.005
0.666 0.623 0 0.005
0.666 0.803 0 0.005
0.666 0.962 0 0.005
0.666 0.975 0 0.005
0.667 0.258 0 0.005
0.667 0.302 0 0.005
0.667 0.341 0 0.005
0.667 0.676 0 0.005
0.667 0.842 0 0.005
0.667 0.91 0 0.005
0.668 0.418 0 0.005
0.668 0.827 0 0.005
0.669 0.33 0 0.005
0.669 0.476 0 0.005
0.669 0.548 0 0.005
0.669 0.601 0 0.005
0.669 0.761 0 0.005
0.669 0.779 0 0.005
0.67 0.187 0 0.005
0.67 0.558 0 0.005
0.67 0.585 0 0.005
0.67 0.989 0 0.005
0.671 0.071 0 0.005
0.671 0.931 0 0.005
0.671 0.953 0 0.005
0.672 0.016 0 0.005
0.672 0.028 0 0.005
0.672 0.122 0 0.005
0.672 0.225 0 0.005
0.672 0.4 0 0.005
0.672 0.659 0 0.005
0.672 0.895 0 0.005
0.673 0.093 0 0.005
0.673 0.523 0 0.005
0.673 0.646 0 0.005
0.673 0.73 0 0.005
0.674 0.049 0 0.005
0.674 0.206 0 0.005
0.674 0.611 0 0.005
0.674 0.72 0 0.005
0.674 0.741 0 0.005
0.675 0.135 0 0.005
0.675 0.431 0 0.005
0.676 0.249 0 0.005
0.676 0.271 0 0.005
0.676 0.32 0 0.005
0.676 0.456 0 0.005
0.677 0.289 0 0.005
0.677 0.804 0 0.005
0.678 0.059 0 0.005
0.678 0.513 0 0.005
0.679 0.168 0 0.005
0.679 0.306 0 0.005
0.679 0.478 0 0.005
0.679 0.495 0 0.005
0.679 0.627 0 0.005
0.679 0.85 0 0.005
0.679 0.969 0 0.005
0.68 0.827 0 0.005
0.68 0.888 0 0.005
0.681 0.686 0 0.005
0.681 0.761 0 0.005
0.681 0.956 0 0.005
0.682 0.534 0 0.005
0.682 0.572 0 0.005
0.682 0.698 0 0.005
0.682 0.941 0 0.005
0.683 0.02 0 0.005
0.683 0.146 0 0.005
0.683 0.23 0 0.005
0.684 0.2 0 0.005
0.684 0.343 0 0.005
0.684 0.589 0 0.005
0.684 0.778 0 0.005
0.685 0.179 0 0.005
0.685 0.384 0 0.005
0.685 0.551 0 0.005
0.685 0.867 0 0.005
0.686 0.035 0 0.005
0.686 0.135 0 0.005
0.687 0.369 0 0.005
0.687 0.401 0 0.005
0.687 0.415 0 0.005
0.687 0.439 0 0.005
0.687 0.646 0 0.005
0.687 0.663 0 0.005
0.687 0.803 0 0.005
0.687 0.9967708333333334 0 0.005
0.688 0.008 0 0.005
0.688 0.104 0 0.005
0.688 0.27 0 0.005
0.688 0.283 0 0.005
0.688 0.294 0 0.005
0.689 0.08 0 0.005
0.689 0.717 0 0.005
0.689 0.734 0 0.005
0.69 0.218 0 0.005
0.69 0.257 0 0.005
0.69 0.858 0 0.005
0.69 0.881 0 0.005
0.69 0.0004166666666666667 0 0.005
0.691 0.068 0 0.005
0.691 0.153 0 0.005
0.691 0.325 0 0.005
0.691 0.682 0 0.005
0.691 0.844 0 0.005
0.692 0.354 0 0.005
0.692 0.448 0 0.005
0.692 0.631 0 0.005
0.692 0.814 0 0.005
0.693 0.058 0 0.005
0.693 0.427 0 0.005
0.693 0.529 0 0.005
0.693 0.705 0 0.005
0.693 0.758 0 0.005
0.694 0.776 0 0.005
0.694 0.924 0 0.005
0.695 0.167 0 0.005
0.695 0.234 0 0.005
0.695 0.468 0 0.005
0.695 0.507 0 0.005
0.695 0.592 0 0.005
0.695 0.748 0 0.005
0.696 0.027 0 0.005
0.696 0.089 0 0.005
0.696 0.341 0 0.005
0.696 0.672 0 0.005
0.696 0.909 0 0.005
0.697 0.306 0 0.005
0.697 0.561 0 0.005
0.697 0.615 0 0.005
0.697 0.977 0 0.005
0.698 0.145 0 0.005
0.698 0.267 0 0.005
0.698 0.282 0 0.005
0.698 0.49 0 0.005
0.699 0.551 0 0.005
0.699 0.713 0 0.005
0.7 0.015 0 0.005
0.7 0.178 0 0.005
0.7 0.292 0 0.005
0.7 0.574 0 0.005
0.7 0.736 0 0.005
0.701 0.044 0 0.005
0.701 0.112 0 0.005
0.701 0.726 0 0.005
0.701 0.821 0 0.005
0.701 0.873 0 0.005
0.701 0.95 0 0.005
0.702 0.393 0 0.005
0.702 0.936 0 0.005
0.703 0.205 0 0.005
0.703 0.317 0 0.005
0.703 0.477 0 0.005
0.703 0.765 0 0.005
0.704 0.135 0 0.005
0.704 0.159 0 0.005
0.704 0.379 0 0.005
0.704 0.886 0 0.005
0.705 0.645 0 0.005
0.705 0.9972564102564103 0 0.005
0.706 0.121 0 0.005
0.706 0.522 0 0.005
0.706 0.62 0 0.005
0.706 0.751 0 0.005
0.706 0.85 0 0.005
0.707 0.251 0 0.005
0.707 0.445 0 0.005
0.708 0.172 0 0.005
0.708 0.188 0 0.005
0.708 0.265 0 0.005
0.708 0.368 0 0.005
0.708 0.417 0 0.005
0.708 0.457 0 0.005
0.708 0.509 0 0.005
0.709 0.063 0 0.005
0.709 0.631 0 0.005
0.709 0.707 0 0.005
0.709 0.977 0 0.005
0.71 0.308 0 0.005
0.71 0.685 0 0.005
0.711 0.012 0 0.005
0.711 0.099 0 0.005
0.711 0.143 0 0.005
0.711 0.336 0 0.005
0.711 0.803 0 0.005
0.711 0.96 0 0.005
0.712 0.11 0 0.005
0.712 0.275 0 0.005
0.712 0.497 0 0.005
0.713 0.086 0 0.005
0.713 0.231 0 0.005
0.713 0.561 0 0.005
0.713 0.654 0 0.005
0.713 0.858 0 0.005
0.714 0.163 0 0.005
0.714 0.218 0 0.005
0.714 0.487 0 0.005
0.714 0.6 0 0.005
0.714 0.731 0 0.005
0.714 0.815 0 0.005
0.714 0.922 0 0.005
0.714 0.932 0 0.005
0.715 0.53 0 0.005
0.715 0.995 0 0.005
0.716 0.292 0 0.005
0.716 0.54 0 0.005
0.717 0.584 0 0.005
0.717 0.872 0 0.005
0.718 0.037 0 0.005
0.718 0.186 0 0.005
0.718 0.464 0 0.005
0.718 0.746 0 0.005
0.718 0.972 0 0.005
0.719 0.391 0 0.005
0.719 0.434 0 0.005
0.719 0.662 0 0.005
0.719 0.679 0 0.005
0.719 0.717 0 0.005
0.719 0.762 0 0.005
0.719 0.839 0 0.005
0.719 0.947 0 0.005
0.72 0.323 0 0.005
0.72 0.702 0 0.005
0.72 0.773 0 0.005
0.721 0.101 0 0.005
0.721 0.119 0 0.005
0.721 0.479 0 0.005
0.721 0.552 0 0.005
0.721 0.635 0 0.005
0.721 0.901 0 0.005
0.721 0.984 0 0.005
0.722 0.174 0 0.005
0.722 0.2 0 0.005
0.722 0.308 0 0.005
0.722 0.348 0 0.005
0.723 0.267 0 0.005
0.723 0.613 0 0.005
0.723 0.89 0 0.005
0.723 0.0004166666666666667 0 0.005
0.724 0.227 0 0.005
0.724 0.362 0 0.005
0.724 0.85 0 0.005
0.725 0.286 0 0.005
0.725 0.53 0 0.005
0.725 0.597 0 0.005
0.725 0.69 0 0.005
0.725 0.827 0 0.005
0.726 0.072 0 0.005
0.727 0.053 0 0.005
0.727 0.093 0 0.005
0.727 0.11 0 0.005
0.727 0.134 0 0.005
0.727 0.145 0 0.005
0.727 0.297 0 0.005
0.727 0.399 0 0.005
0.727 0.711 0 0.005
0.729 0.012 0 0.005
0.729 0.334 0 0.005
0.729 0.432 0 0.005
0.73 0.726 0 0.005
0.731 0.034 0 0.005
0.731 0.16 0 0.005
0.731 0.259 0 0.005
0.731 0.494 0 0.005
0.731 0.643 0 0.005
0.731 0.674 0 0.005
0.731 0.939 0 0.005
0.732 0.082 0 0.005
0.732 0.125 0 0.005
0.732 0.195 0 0.005
0.732 0.245 0 0.005
0.732 0.272 0 0.005
0.732 0.927 0 0.005
0.733 0.418 0 0.005
0.733 0.447 0 0.005
0.733 0.613 0 0.005
0.733 0.657 0 0.005
0.734 0.213 0 0.005
0.734 0.317 0 0.005
0.734 0.351 0 0.005
0.734 0.483 0 0.005
0.734 0.538 0 0.005
0.734 0.684 0 0.005
0.734 0.781 0 0.005
0.734 0.795 0 0.005
0.734 0.856 0 0.005
0.734 0.885 0 0.005
0.734 0.967 0 0.005
0.734 0.994 0 0.005
0.735 0.381 0 0.005
0.735 0.697 0 0.005
0.735 0.758 0 0.005
0.735 0.814 0 0.005
0.736 0.558 0 0.005
0.737 0.572 0 0.005
0.737 0.586 0 0.005
0.737 0.597 0 0.005
0.737 0.708 0 0.005
0.737 0.845 0 0.005
0.738 0.091 0 0.005
0.738 0.46 0 0.005
0.739 0.0033125 0 0.005
0.739 0.178 0 0.005
0.739 0.736 0 0.005
0.74 0.361 0 0.005
0.74 0.397 0 0.005
0.74 0.409 0 0.005
0.74 0.523 0 0.005
0.74 0.92 0 0.005
0.74 0.955 0 0.005
0.741 0.044 0 0.005
0.741 0.063 0 0.005
0.741 0.867 0 0.005
0.742 0.224 0 0.005
0.742 0.476 0 0.005
0.742 0.803 0 0.005
0.742 0.978 0 0.005
0.74 0.999 0 0.005
0.743 0.252 0 0.005
0.743 0.278 0 0.005
0.743 0.305 0 0.005
0.743 0.345 0 0.005
0.743 0.638 0 0.005
0.743 0.657 0 0.005
0.744 0.126 0 0.005
0.744 0.725 0 0.005
0.744 0.902 0 0.005
0.744 0.94 0 0.005
0.745 0.237 0 0.005
0.745 0.291 0 0.005
0.745 0.698 0 0.005
0.745 0.89 0 0.005
0.746 0.011 0 0.005
0.746 0.082 0 0.005
0.746 0.512 0 0.005
0.747 0.052 0 0.005
0.747 0.193 0 0.005
0.747 0.267 0 0.005
0.747 0.841 0 0.005
0.748 0.022 0 0.005
0.748 0.383 0 0.005
0.748 0.714 0 0.005
0.748 0.749 0 0.005
0.748 0.78 0 0.005
0.748 0.812 0 0.005
0.749 0.318 0 0.005
0.749 0.429 0 0.005
0.749 0.486 0 0.005
0.749 0.619 0 0.005
0.75 0.071 0 0.005
0.75 0.172 0 0.005
0.75 0.217 0 0.005
0.75 0.452 0 0.005
0.75 0.685 0 0.005
0.751 0.002719298245614035 0 0.005
0.751 0.107 0 0.005
0.751 0.926 0 0.005
0.751 0.949 0 0.005
0.751 0.99 0 0.005
0.752 0.395 0 0.005
0.752 0.673 0 0.005
0.752 0.736 0 0.005
0.752 0.965 0 0.005
0.753 0.251 0 0.005
0.753 0.408 0 0.005
0.753 0.473 0 0.005
0.753 0.532 0 0.005
0.753 0.604 0 0.005
0.754 0.206 0 0.005
0.754 0.518 0 0.005
0.754 0.558 0 0.005
0.754 0.655 0 0.005
0.754 0.829 0 0.005
0.755 0.139 0 0.005
0.755 0.438 0 0.005
0.755 0.799 0 0.005
0.755 0.872 0 0.005
0.756 0.033 0 0.005
0.756 0.229 0 0.005
0.756 0.592 0 0.005
0.757 0.096 0 0.005
0.757 0.129 0 0.005
0.757 0.354 0 0.005
0.758 0.195 0 0.005
0.758 0.417 0 0.005
0.758 0.85 0 0.005
0.758 0.906 0 0.005
0.759 0.054 0 0.005
0.759 0.279 0 0.005
0.759 0.384 0 0.005
0.759 0.462 0 0.005
0.759 0.839 0 0.005
0.759 0.888 0 0.005
0.76 0.164 0 0.005
0.76 0.337 0 0.005
0.76 0.371 0 0.005
0.76 0.547 0 0.005
0.76 0.642 0 0.005
0.76 0.729 0 0.005
0.76 0.79 0 0.005
0.76 0.979 0 0.005
0.76 0.9967708333333334 0 0.005
0.761 0.149 0 0.005
0.761 0.177 0 0.005
0.761 0.452 0 0.005
0.761 0.505 0 0.005
0.761 0.574 0 0.005
0.761 0.685 0 0.005
0.763 0.024 0 0.005
0.763 0.246 0 0.005
0.763 0.606 0 0.005
0.763 0.696 0 0.005
0.763 0.757 0 0.005
0.763 0.814 0 0.005
0.763 0.933 0 0.005
0.764 0.259 0 0.005
0.764 0.405 0 0.005
0.764 0.531 0 0.005
0.764 0.626 0 0.005
0.765 0.075 0 0.005
0.765 0.12 0 0.005
0.765 0.665 0 0.005
0.765 0.896 0 0.005
0.765 0.951 0 0.005
0.766 0.741 0 0.005
0.767 0.235 0 0.005
0.767 0.427 0 0.005
0.767 0.439 0 0.005
0.767 0.71 0 0.005
0.768 0.037 0 0.005
0.768 0.395 0 0.005
0.768 0.479 0 0.005
0.768 0.521 0 0.005
0.768 0.845 0 0.005
0.769 0.063 0 0.005
0.769 0.213 0 0.005
0.77 0.005 0 0.005
0.77 0.084 0 0.005
0.77 0.096 0 0.005
0.77 0.338 0 0.005
0.77 0.678 0 0.005
0.77 0.773 0 0.005
0.771 0.283 0 0.005
0.771 0.302 0 0.005
0.771 0.651 0 0.005
0.771 0.794 0 0.005
0.772 0.192 0 0.005
0.772 0.377 0 0.005
0.772 0.449 0 0.005
0.772 0.542 0 0.005
0.772 0.591 0 0.005
0.772 0.862 0 0.005
0.772 0.879 0 0.005
0.772 0.904 0 0.005
0.772 0.962 0 0.005
0.773 0.127 0 0.005
0.773 0.156 0 0.005
0.773 0.461 0 0.005
0.773 0.728 0 0.005
0.773 0.824 0 0.005
0.773 0.945 0 0.005
0.773 0.975 0 0.005
0.774 0.784 0 0.005
0.775 0.051 0 0.005
0.775 0.177 0 0.005
0.775 0.366 0 0.005
0.775 0.555 0 0.005
0.775 0.616 0 0.005
0.776 0.076 0 0.005
0.776 0.321 0 0.005
0.776 0.567 0 0.005
0.776 0.634 0 0.005
0.776 0.987 0 0.005
0.777 0.269 0 0.005
0.777 0.693 0 0.005
0.777 0.741 0 0.005
0.777 0.893 0 0.005
0.777 0.922 0 0.005
0.778 0.032 0 0.005
0.778 0.331 0 0.005
0.778 0.407 0 0.005
0.778 0.714 0 0.005
0.778 0.756 0 0.005
0.779 0.428 0 0.005
0.779 0.496 0 0.005
0.779 0.599 0 0.005
0.78 0.0008095238095238096 0 0.005
0.78 0.017 0 0.005
0.78 0.137 0 0.005
0.78 0.293 0 0.005
0.78 0.645 0 0.005
0.78 0.67 0 0.005
0.781 0.197 0 0.005
0.781 0.241 0 0.005
0.781 0.283 0 0.005
0.781 0.395 0 0.005
0.781 0.516 0 0.005
0.781 0.579 0 0.005
0.781 0.951 0 0.005
0.782 0.212 0 0.005
0.782 0.352 0 0.005
0.782 0.625 0 0.005
0.782 0.803 0 0.005
0.782 0.939 0 0.005
0.783 0.222 0 0.005
0.783 0.529 0 0.005
0.784 0.479 0 0.005
0.784 0.993 0 0.005
0.785 0.656 0 0.005
0.786 0.097 0 0.005
0.786 0.834 0 0.005
0.786 0.964 0 0.005
0.787 0.154 0 0.005
0.787 0.25 0 0.005
0.787 0.57 0 0.005
0.787 0.725 0 0.005
0.787 0.818 0 0.005
0.788 0.068 0 0.005
0.788 0.449 0 0.005
0.788 0.558 0 0.005
0.788 0.765 0 0.005
0.788 0.793 0 0.005
0.788 0.879 0 0.005
0.788 0.898 0 0.005
0.789 0.058 0 0.005
0.789 0.231 0 0.005
0.789 0.611 0 0.005
0.789 0.739 0 0.005
0.79 0.275 0 0.005
0.79 0.303 0 0.005
0.79 0.316 0 0.005
0.79 0.366 0 0.005
0.79 0.507 0 0.005
0.79 0.687 0 0.005
0.79 0.709 0 0.005
0.79 0.864 0 0.005
0.791 0.011 0 0.005
0.791 0.391 0 0.005
0.791 0.548 0 0.005
0.792 0.145 0 0.005
0.792 0.437 0 0.005
0.792 0.537 0 0.005
0.792 0.75 0 0.005
0.793 0.078 0 0.005
0.793 0.186 0 0.005
0.793 0.327 0 0.005
0.793 0.407 0 0.005
0.793 0.472 0 0.005
0.793 0.634 0 0.005
0.793 0.697 0 0.005
0.793 0.914 0 0.005
0.794 0.025 0 0.005
0.794 0.125 0 0.005
0.794 0.174 0 0.005
0.795 0.213 0 0.005
0.795 0.58 0 0.005
0.795 0.623 0 0.005
0.795 0.774 0 0.005
0.795 0.949 0 0.005
0.796 0.046 0 0.005
0.796 0.565 0 0.005
0.796 0.805 0 0.005
0.797 0.352 0 0.005
0.797 0.673 0 0.005
0.797 0.721 0 0.005
0.797 0.839 0 0.005
0.797 0.932 0 0.005
0.798 0.601 0 0.005
0.798 0.874 0 0.005
0.798 0.979 0 0.005
0.799 0.057 0 0.005
0.8 0.0008095238095238096 0 0.005
0.8 0.279 0 0.005
0.8 0.589 0 0.005
0.8 0.711 0 0.005
0.8 0.759 0 0.005
0.8 0.961 0 0.005
0.801 0.338 0 0.005
0.801 0.66 0 0.005
0.801 0.74 0 0.005
0.801 0.849 0 0.005
0.801 0.862 0 0.005
0.802 0.205 0 0.005
0.802 0.236 0 0.005
0.802 0.683 0 0.005
0.802 0.793 0 0.005
0.803 0.29 0 0.005
0.803 0.36 0 0.005
0.803 0.398 0 0.005
0.803 0.473 0 0.005
0.803 0.488 0 0.005
0.803 0.828 0 0.005
0.804 0.07 0 0.005
0.804 0.102 0 0.005
0.804 0.119 0 0.005
0.804 0.459 0 0.005
0.804 0.913 0 0.005
0.804 0.996280701754386 0 0.005
0.805 0.037 0 0.005
0.805 0.249 0 0.005
0.805 0.702 0 0.005
0.806 0.011 0 0.005
0.806 0.375 0 0.005
0.806 0.408 0 0.005
0.806 0.552 0 0.005
0.806 0.808 0 0.005
0.806 0.882 0 0.005
0.806 0.986 0 0.005
0.807 0.219 0 0.005
0.807 0.259 0 0.005
0.808 0.027 0 0.005
0.808 0.135 0 0.005
0.808 0.445 0 0.005
0.808 0.527 0 0.005
0.808 0.607 0 0.005
0.808 0.649 0 0.005
0.809 0.146 0 0.005
0.809 0.312 0 0.005
0.809 0.422 0 0.005
0.809 0.508 0 0.005
0.809 0.904 0 0.005
0.81 0.177 0 0.005
0.81 0.23 0 0.005
0.81 0.619 0 0.005
0.81 0.721 0 0.005
0.811 0.387 0 0.005
0.811 0.59 0 0.005
0.811 0.752 0 0.005
0.811 0.763 0 0.005
0.811 0.778 0 0.005
0.812 0.323 0 0.005
0.812 0.432 0 0.005
0.812 0.931 0 0.005
0.813 0.093 0 0.005
0.813 0.344 0 0.005
0.813 0.8 0 0.005
0.813 0.87 0 0.005
0.814 0.193 0 0.005
0.814 0.658 0 0.005
0.814 0.819 0 0.005
0.815 0.105 0 0.005
0.815 0.273 0 0.005
0.815 0.474 0 0.005
0.815 0.517 0 0.005
0.815 0.633 0 0.005
0.815 0.73 0 0.005
0.815 0.942 0 0.005
0.816 0.056 0 0.005
0.816 0.286 0 0.005
0.816 0.643 0 0.005
0.816 0.978 0 0.005
0.817 0.888 0 0.005
0.817 0.992 0 0.005
0.818 0.124 0 0.005
0.818 0.304 0 0.005
0.818 0.549 0 0.005
0.818 0.565 0 0.005
0.818 0.576 0 0.005
0.818 0.6 0 0.005
0.818 0.831 0 0.005
0.818 0.841 0 0.005
0.818 0.965 0 0.005
0.819 0.136 0 0.005
0.819 0.216 0 0.005
0.819 0.484 0 0.005
0.819 0.675 0 0.005
0.819 0.715 0 0.005
0.82 0.076 0 0.005
0.82 0.114 0 0.005
0.82 0.404 0 0.005
0.821 0.0017435897435897436 0 0.005
0.821 0.243 0 0.005
0.821 0.318 0 0.005
0.821 0.378 0 0.005
0.821 0.588 0 0.005
0.821 0.687 0 0.005
0.821 0.909 0 0.005
0.823 0.334 0 0.005
0.823 0.363 0 0.005
0.823 0.392 0 0.005
0.823 0.416 0 0.005
0.823 0.451 0 0.005
0.823 0.702 0 0.005
0.823 0.773 0 0.005
0.823 0.876 0 0.005
0.824 0.01 0 0.005
0.824 0.535 0 0.005
0.824 0.664 0 0.005
0.824 0.742 0 0.005
0.824 0.818 0 0.005
0.824 0.865 0 0.005
0.825 0.441 0 0.005
0.825 0.493 0 0.005
0.825 0.649 0 0.005
0.826 0.03 0 0.005
0.826 0.163 0 0.005
0.826 0.266 0 0.005
0.826 0.612 0 0.005
0.826 0.758 0 0.005
0.826 0.938 0 0.005
0.827 0.344 0 0.005
0.827 0.431 0 0.005
0.827 0.794 0 0.005
0.828 0.98 0 0.005
0.829 0.041 0 0.005
0.829 0.058 0 0.005
0.829 0.185 0 0.005
0.829 0.212 0 0.005
0.829 0.507 0 0.005
0.829 0.852 0 0.005
0.83 0.124 0 0.005
0.83 0.46 0 0.005
0.83 0.52 0 0.005
0.83 0.548 0 0.005
0.829 0.9985833333333334 0 0.005
0.831 0.154 0 0.005
0.831 0.236 0 0.005
0.831 0.629 0 0.005
0.831 0.673 0 0.005
0.832 0.258 0 0.005
0.832 0.472 0 0.005
0.832 0.926 0 0.005
0.832 0.952 0 0.005
0.833 0.291 0 0.005
0.833 0.578 0 0.005
0.833 0.597 0 0.005
0.833 0.715 0 0.005
0.833 0.728 0 0.005
0.833 0.78 0 0.005
0.834 0.318 0 0.005
0.834 0.391 0 0.005
0.834 0.842 0 0.005
0.834 0.864 0 0.005
0.834 0.886 0 0.005
0.835 0.247 0 0.005
0.835 0.335 0 0.005
0.835 0.414 0 0.005
0.835 0.642 0 0.005
0.835 0.692 0 0.005
0.836 0.021 0 0.005
0.836 0.105 0 0.005
0.836 0.137 0 0.005
0.837 0.078 0 0.005
0.837 0.403 0 0.005
0.837 0.449 0 0.005
0.837 0.539 0 0.005
0.837 0.766 0 0.005
0.837 0.818 0 0.005
0.838 0.435 0 0.005
0.838 0.558 0 0.005
0.838 0.874 0 0.005
0.839 0.302 0 0.005
0.84 0.004 0 0.005
0.84 0.748 0 0.005
0.841 0.735 0 0.005
0.841 0.897 0 0.005
0.841 0.921 0 0.005
0.842 0.366 0 0.005
0.842 0.509 0 0.005
0.842 0.657 0 0.005
0.843 0.348 0 0.005
0.843 0.579 0 0.005
0.843 0.668 0 0.005
0.843 0.964 0 0.005
0.844 0.494 0 0.005
0.844 0.678 0 0.005
0.844 0.724 0 0.005
0.844 0.834 0 0.005
0.844 0.853 0 0.005
0.845 0.114 0 0.005
0.845 0.125 0 0.005
0.845 0.318 0 0.005
0.845 0.688 0 0.005
0.846 0.165 0 0.005
0.846 0.883 0 0.005
0.846 0.908 0 0.005
0.847 0.063 0 0.005
0.847 0.091 0 0.005
0.847 0.151 0 0.005
0.847 0.175 0 0.005
0.847 0.336 0 0.005
0.847 0.426 0 0.005
0.847 0.567 0 0.005
0.847 0.593 0 0.005
0.847 0.61 0 0.005
0.847 0.943 0 0.005
0.848 0.233 0 0.005
0.848 0.249 0 0.005
0.848 0.264 0 0.005
0.848 0.458 0 0.005
0.848 0.635 0 0.005
0.849 0.376 0 0.005
0.849 0.436 0 0.005
0.849 0.531 0 0.005
0.849 0.787 0 0.005
0.849 0.976 0 0.005
0.849 0.9972564102564103 0 0.005
0.85 0.195 0 0.005
0.85 0.208 0 0.005
0.85 0.301 0 0.005
0.85 0.359 0 0.005
0.85 0.482 0 0.005
0.85 0.52 0 0.005
0.85 0.697 0 0.005
0.85 0.929 0 0.005
0.851 0.472 0 0.005
0.851 0.555 0 0.005
0.851 0.815 0 0.005
0.852 0.709 0 0.005
0.852 0.956 0 0.005
0.853 0.397 0 0.005
0.853 0.5 0 0.005
0.853 0.918 0 0.005
0.854 0.219 0 0.005
0.854 0.576 0 0.005
0.854 0.778 0 0.005
0.855 0.416 0 0.005
0.855 0.801 0 0.005
0.855 0.848 0 0.005
0.855 0.866 0 0.005
0.856 0.025 0 0.005
0.856 0.053 0 0.005
0.856 0.074 0 0.005
0.856 0.18 0 0.005
0.857 0.256 0 0.005
0.857 0.762 0 0.005
0.858 0.285 0 0.005
0.858 0.541 0 0.005
0.858 0.586 0 0.005
0.858 0.691 0 0.005
0.859 0.107 0 0.005
0.859 0.237 0 0.005
0.859 0.679 0 0.005
0.859 0.83 0 0.005
0.86 0.372 0 0.005
0.86 0.608 0 0.005
0.86 0.64 0 0.005
0.861 0.119 0 0.005
0.861 0.445 0 0.005
0.861 0.664 0 0.005
0.861 0.788 0 0.005
0.862 0.035 0 0.005
0.862 0.167 0 0.005
0.862 0.213 0 0.005
0.862 0.473 0 0.005
0.863 0.276 0 0.005
0.863 0.53 0 0.005
0.863 0.722 0 0.005
0.864 0.296 0 0.005
0.864 0.386 0 0.005
0.864 0.459 0 0.005
0.864 0.564 0 0.005
0.865 0.019 0 0.005
0.865 0.426 0 0.005
0.865 0.5 0 0.005
0.865 0.846 0 0.005
0.865 0.891 0 0.005
0.865 0.914 0 0.005
0.865 0.962 0 0.005
0.866 0.223 0 0.005
0.866 0.326 0 0.005
0.866 0.4 0 0.005
0.866 0.779 0 0.005
0.866 0.87 0 0.005
0.866 0.933 0 0.005
0.867 0.0033125 0 0.005
0.867 0.075 0 0.005
0.867 0.484 0 0.005
0.867 0.656 0 0.005
0.867 0.732 0 0.005
0.867 0.948 0 0.005
0.867 0.981 0 0.005
0.868 0.132 0 0.005
0.868 0.263 0 0.005
0.868 0.34 0 0.005
0.868 0.514 0 0.005
0.868 0.751 0 0.005
0.869 0.242 0 0.005
0.869 0.696 0 0.005
0.87 0.37 0 0.005
0.87 0.579 0 0.005
0.87 0.593 0 0.005
0.871 0.188 0 0.005
0.871 0.679 0 0.005
0.872 0.313 0 0.005
0.872 0.546 0 0.005
0.872 0.621 0 0.005
0.872 0.861 0 0.005
0.873 0.06 0 0.005
0.873 0.279 0 0.005
0.873 0.557 0 0.005
0.873 0.667 0 0.005
0.873 0.804 0 0.005
0.875 0.169 0 0.005
0.875 0.361 0 0.005
0.875 0.469 0 0.005
0.875 0.713 0 0.005
0.875 0.887 0 0.005
0.875 0.906 0 0.005
0.876 0.02 0 0.005
0.876 0.03 0 0.005
0.876 0.651 0 0.005
0.876 0.844 0 0.005
0.877 0.077 0 0.005
0.877 0.116 0 0.005
0.877 0.402 0 0.005
0.877 0.834 0 0.005
0.877 0.932 0 0.005
0.877 0.9972564102564103 0 0.005
0.878 0.298 0 0.005
0.878 0.347 0 0.005
0.878 0.392 0 0.005
0.878 0.427 0 0.005
0.878 0.765 0 0.005
0.878 0.953 0 0.005
0.879 0.156 0 0.005
0.879 0.234 0 0.005
0.879 0.517 0 0.005
0.879 0.609 0 0.005
0.88 0.05 0 0.005
0.88 0.27 0 0.005
0.88 0.733 0 0.005
0.881 0.104 0 0.005
0.881 0.376 0 0.005
0.881 0.454 0 0.005
0.881 0.817 0 0.005
0.882 0.038 0 0.005
0.882 0.621 0 0.005
0.882 0.971 0 0.005
0.883 0.183 0 0.005
0.883 0.259 0 0.005
0.883 0.496 0 0.005
0.883 0.527 0 0.005
0.883 0.557 0 0.005
0.883 0.596 0 0.005
0.883 0.665 0 0.005
0.883 0.689 0 0.005
0.884 0.195 0 0.005
0.884 0.244 0 0.005
0.884 0.41 0 0.005
0.884 0.443 0 0.005
0.884 0.577 0 0.005
0.884 0.679 0 0.005
0.884 0.749 0 0.005
0.884 0.773 0 0.005
0.884 0.851 0 0.005
0.885 0.061 0 0.005
0.885 0.083 0 0.005
0.885 0.313 0 0.005
0.885 0.701 0 0.005
0.885 0.921 0 0.005
0.886 0.131 0 0.005
0.886 0.285 0 0.005
0.886 0.364 0 0.005
0.886 0.473 0 0.005
0.887 0.148 0 0.005
0.887 0.938 0 0.005
0.888 0.877 0 0.005
0.889 0.011 0 0.005
0.889 0.175 0 0.005
0.889 0.342 0 0.005
0.889 0.612 0 0.005
0.889 0.955 0 0.005
0.89 0.022 0 0.005
0.89 0.203 0 0.005
0.891 0.051 0 0.005
0.891 0.268 0 0.005
0.891 0.512 0 0.005
0.891 0.651 0 0.005
0.891 0.727 0 0.005
0.892 0.304 0 0.005
0.892 0.384 0 0.005
0.892 0.421 0 0.005
0.892 0.786 0 0.005
0.892 0.989 0 0.005
0.893 0.54 0 0.005
0.893 0.555 0 0.005
0.893 0.598 0 0.005
0.893 0.831 0 0.005
0.894 0.106 0 0.005
0.894 0.714 0 0.005
0.894 0.896 0 0.005
0.895 0.324 0 0.005
0.895 0.352 0 0.005
0.895 0.701 0 0.005
0.895 0.821 0 0.005
0.895 0.869 0 0.005
0.895 0.974 0 0.005
0.896 0.64 0 0.005
0.896 0.841 0 0.005
0.897 0.497 0 0.005
0.897 0.565 0 0.005
0.898 0.004 0 0.005
0.898 0.064 0 0.005
0.898 0.167 0 0.005
0.898 0.187 0 0.005
0.898 0.296 0 0.005
0.898 0.58 0 0.005
0.899 0.471 0 0.005
0.899 0.623 0 0.005
0.899 0.742 0 0.005
0.899 0.926 0 0.005
0.9 0.117 0 0.005
0.9 0.792 0 0.005
0.901 0.268 0 0.005
0.901 0.667 0 0.005
0.901 0.753 0 0.005
0.901 0.943 0 0.005
0.901 0.982 0 0.005
0.901 0.995 0 0.005
0.902 0.134 0 0.005
0.902 0.254 0 0.005
0.902 0.812 0 0.005
0.902 0.881 0 0.005
0.902 0.965 0 0.005
0.903 0.1 0 0.005
0.903 0.177 0 0.005
0.903 0.224 0 0.005
0.903 0.317 0 0.005
0.903 0.367 0 0.005
0.903 0.59 0 0.005
0.903 0.831 0 0.005
0.904 0.088 0 0.005
0.904 0.234 0 0.005
0.904 0.657 0 0.005
0.904 0.916 0 0.005
0.905 0.02 0 0.005
0.905 0.036 0 0.005
0.905 0.204 0 0.005
0.905 0.306 0 0.005
0.905 0.396 0 0.005
0.905 0.418 0 0.005
0.906 0.429 0 0.005
0.906 0.513 0 0.005
0.906 0.607 0 0.005
0.906 0.682 0 0.005
0.907 0.349 0 0.005
0.907 0.706 0 0.005
0.908 0.245 0 0.005
0.908 0.339 0 0.005
0.909 0.441 0 0.005
0.91 0.543 0 0.005
0.91 0.758 0 0.005
0.91 0.77 0 0.005
0.91 0.851 0 0.005
0.911 0.052 0 0.005
0.911 0.49 0 0.005
0.911 0.574 0 0.005
0.911 0.931 0 0.005
0.912 0.278 0 0.005
0.912 0.386 0 0.005
0.912 0.795 0 0.005
0.912 0.976 0 0.005
0.913 0.158 0 0.005
0.913 0.33 0 0.005
0.913 0.406 0 0.005
0.913 0.529 0 0.005
0.913 0.557 0 0.005
0.913 0.626 0 0.005
0.913 0.818 0 0.005
0.913 0.862 0 0.005
0.914 0.142 0 0.005
0.914 0.314 0 0.005
0.914 0.455 0 0.005
0.915 0.067 0 0.005
0.915 0.086 0 0.005
0.915 0.101 0 0.005
0.915 0.646 0 0.005
0.916 0.231 0 0.005
0.916 0.289 0 0.005
0.916 0.687 0 0.005
0.917 0.028 0 0.005
0.917 0.482 0 0.005
0.918 0.378 0 0.005
0.918 0.615 0 0.005
0.918 0.711 0 0.005
0.918 0.963 0 0.005
0.919 0.255 0 0.005
0.919 0.427 0 0.005
0.919 0.497 0 0.005
0.919 0.587 0 0.005
0.919 0.808 0 0.005
0.919 0.923 0 0.005
0.92 0.21 0 0.005
0.92 0.511 0 0.005
0.92 0.722 0 0.005
0.92 0.732 0 0.005
0.92 0.759 0 0.005
0.92 0.84 0 0.005
0.921 0.017 0 0.005
0.921 0.2 0 0.005
0.921 0.54 0 0.005
0.922 0.122 0 0.005
0.922 0.265 0 0.005
0.922 0.466 0 0.005
0.922 0.602 0 0.005
0.922 0.942 0 0.005
0.924 0.094 0 0.005
0.924 0.138 0 0.005
0.924 0.239 0 0.005
0.924 0.347 0 0.005
0.924 0.438 0 0.005
0.924 0.452 0 0.005
0.924 0.561 0 0.005
0.924 0.636 0 0.005
0.925 0.19 0 0.005
0.925 0.662 0 0.005
0.925 0.776 0 0.005
0.925 0.905 0 0.005
0.926 0.039 0 0.005
0.926 0.164 0 0.005
0.926 0.284 0 0.005
0.926 0.818 0 0.005
0.926 0.889 0 0.005
0.926 0.954 0 0.005
0.927 0.0033125 0 0.005
0.927 0.074 0 0.005
0.927 0.111 0 0.005
0.927 0.317 0 0.005
0.927 0.386 0 0.005
0.927 0.932 0 0.005
0.928 0.702 0 0.005
0.928 0.801 0 0.005
0.928 0.995 0 0.005
0.929 0.478 0 0.005
0.929 0.626 0 0.005
0.929 0.742 0 0.005
0.929 0.975 0 0.005
0.93 0.296 0 0.005
0.93 0.581 0 0.005
0.931 0.028 0 0.005
0.931 0.062 0 0.005
0.931 0.231 0 0.005
0.932 0.429 0 0.005
0.932 0.505 0 0.005
0.932 0.609 0 0.005
0.932 0.643 0 0.005
0.932 0.866 0 0.005
0.933 0.133 0 0.005
0.933 0.373 0 0.005
0.933 0.468 0 0.005
0.933 0.681 0 0.005
0.933 0.692 0 0.005
0.934 0.016 0 0.005
0.934 0.452 0 0.005
0.934 0.533 0 0.005
0.934 0.758 0 0.005
0.934 0.768 0 0.005
0.935 0.102 0 0.005
0.935 0.122 0 0.005
0.935 0.205 0 0.005
0.935 0.323 0 0.005
0.935 0.723 0 0.005
0.936 0.049 0 0.005
0.936 0.186 0 0.005
0.936 0.793 0 0.005
0.936 0.92 0 0.005
0.937 0.968 0 0.005
0.938 0.078 0 0.005
0.938 0.223 0 0.005
0.938 0.334 0 0.005
0.938 0.398 0 0.005
0.938 0.571 0 0.005
0.938 0.883 0 0.005
0.939 0.0012666666666666666 0 0.005
0.939 0.242 0 0.005
0.939 0.266 0 0.005
0.939 0.283 0 0.005
0.939 0.49 0 0.005
0.94 0.158 0 0.005
0.94 0.345 0 0.005
0.94 0.517 0 0.005
0.94 0.59 0 0.005
0.941 0.665 0 0.005
0.941 0.712 0 0.005
0.941 0.779 0 0.005
0.942 0.031 0 0.005
0.942 0.42 0 0.005
0.942 0.548 0 0.005
0.942 0.895 0 0.005
0.942 0.946 0 0.005
0.943 0.739 0 0.005
0.943 0.812 0 0.005
0.943 0.832 0 0.005
0.943 0.932 0 0.005
0.944 0.442 0 0.005
0.944 0.641 0 0.005
0.944 0.651 0 0.005
0.945 0.088 0 0.005
0.945 0.125 0 0.005
0.945 0.171 0 0.005
0.945 0.301 0 0.005
0.945 0.621 0 0.005
0.945 0.678 0 0.005
0.945 0.983 0 0.005
0.946 0.372 0 0.005
0.946 0.387 0 0.005
0.946 0.43 0 0.005
0.947 0.357 0 0.005
0.947 0.464 0 0.005
0.947 0.533 0 0.005
0.947 0.598 0 0.005
0.947 0.796 0 0.005
0.948 0.039 0 0.005
0.948 0.257 0 0.005
0.948 0.313 0 0.005
0.948 0.753 0 0.005
0.949 0.114 0 0.005
0.949 0.404 0 0.005
0.949 0.489 0 0.005
0.949 0.844 0 0.005
0.95 0.049 0 0.005
0.95 0.142 0 0.005
0.95 0.29 0 0.005
0.951 0.237 0 0.005
0.951 0.335 0 0.005
0.951 0.479 0 0.005
0.951 0.579 0 0.005
0.951 0.72 0 0.005
0.952 0.097 0 0.005
0.952 0.703 0 0.005
0.952 0.857 0 0.005
0.952 0.915 0 0.005
0.953 0.029 0 0.005
0.953 0.347 0 0.005
0.953 0.548 0 0.005
0.953 0.885 0 0.005
0.953 0.928 0 0.005
0.954 0.011 0 0.005
0.954 0.21 0 0.005
0.954 0.455 0 0.005
0.954 0.657 0 0.005
0.954 0.672 0 0.005
0.954 0.804 0 0.005
0.954 0.949 0 0.005
0.955 0.078 0 0.005
0.955 0.63 0 0.005
0.955 0.779 0 0.005
0.956 0.155 0 0.005
0.956 0.168 0 0.005
0.956 0.38 0 0.005
0.957 0.107 0 0.005
0.957 0.263 0 0.005
0.957 0.745 0 0.005
0.957 0.833 0 0.005
0.955 0.999 0 0.005
0.958 0.317 0 0.005
0.958 0.588 0 0.005
0.958 0.756 0 0.005
0.958 0.979 0 0.005
0.959 0.193 0 0.005
0.959 0.36 0 0.005
0.959 0.517 0 0.005
0.96 0.038 0 0.005
0.96 0.063 0 0.005
0.96 0.47 0 0.005
0.96 0.822 0 0.005
0.961 0.4 0 0.005
0.961 0.537 0 0.005
0.961 0.62 0 0.005
0.961 0.695 0 0.005
0.961 0.73 0 0.005
0.961 0.87 0 0.005
0.962 0.335 0 0.005
0.962 0.435 0 0.005
0.963 0.118 0 0.005
0.963 0.271 0 0.005
0.963 0.302 0 0.005
0.963 0.797 0 0.005
0.964 0.501 0 0.005
0.964 0.566 0 0.005
0.964 0.847 0 0.005
0.964 0.956 0 0.005
0.964 0.969 0 0.005
0.964 0.0004166666666666667 0 0.005
0.965 0.291 0 0.005
0.965 0.653 0 0.005
0.965 0.713 0 0.005
0.965 0.923 0 0.005
0.966 0.46 0 0.005
0.966 0.782 0 0.005
0.966 0.908 0 0.005
0.967 0.074 0 0.005
0.967 0.253 0 0.005
0.967 0.488 0 0.005
0.967 0.81 0 0.005
0.968 0.749 0 0.005
0.969 0.092 0 0.005
0.969 0.223 0 0.005
0.969 0.516 0 0.005
0.97 0.139 0 0.005
0.97 0.233 0 0.005
0.97 0.878 0 0.005
0.971 0.058 0 0.005
0.971 0.316 0 0.005
0.971 0.351 0 0.005
0.971 0.403 0 0.005
0.971 0.427 0 0.005
0.971 0.441 0 0.005
0.971 0.865 0 0.005
0.972 0.243 0 0.005
0.972 0.573 0 0.005
0.972 0.673 0 0.005
0.972 0.702 0 0.005
0.972 0.759 0 0.005
0.972 0.82 0 0.005
0.973 0.472 0 0.005
0.973 0.981 0 0.005
0.974 0.562 0 0.005
0.974 0.958 0 0.005
0.974 0.969 0 0.005
0.975 0.274 0 0.005
0.975 0.549 0 0.005
0.975 0.612 0 0.005
0.975 0.947 0 0.005
0.976 0.506 0 0.005
0.976 0.739 0 0.005
0.976 0.842 0 0.005
0.976 0.895 0 0.005
0.977 0.155 0 0.005
0.977 0.172 0 0.005
0.977 0.301 0 0.005
0.977 0.339 0 0.005
0.977 0.365 0 0.005
0.977 0.418 0 0.005
0.977 0.685 0 0.005
0.977 0.792 0 0.005
0.977 0.9981904761904762 0 0.005
0.978 0.257 0 0.005
0.978 0.382 0 0.005
0.978 0.598 0 0.005
0.978 0.751 0 0.005
0.978 0.908 0 0.005
0.979 0.004 0 0.005
0.979 0.07 0 0.005
0.979 0.187 0 0.005
0.98 0.08 0 0.005
0.98 0.874 0 0.005
0.981 0.449 0 0.005
0.981 0.463 0 0.005
0.981 0.485 0 0.005
0.981 0.718 0 0.005
0.982 0.397 0 0.005
0.982 0.641 0 0.005
0.982 0.669 0 0.005
0.983 0.23 0 0.005
0.983 0.292 0 0.005
0.983 0.309 0 0.005
0.983 0.58 0 0.005
0.983 0.931 0 0.005
0.984 0.045 0 0.005
0.984 0.268 0 0.005
0.985 0.024 0 0.005
0.985 0.917 0 0.005
0.985 0.978 0 0.005
0.986 0.139 0 0.005
0.986 0.149 0 0.005
0.986 0.246 0 0.005
0.986 0.503 0 0.005
0.986 0.519 0 0.005
0.986 0.555 0 0.005
0.986 0.803 0 0.005
0.986 0.994 0 0.005
0.987 0.089 0 0.005
0.987 0.123 0 0.005
0.987 0.17 0 0.005
0.987 0.408 0 0.005
0.987 0.426 0 0.005
0.987 0.785 0 0.005
0.987 0.826 0 0.005
0.987 0.859 0 0.005
0.988 0.102 0 0.005
0.988 0.529 0 0.005
0.988 0.54 0 0.005
0.988 0.652 0 0.005
0.988 0.696 0 0.005
0.989 0.322 0 0.005
0.99 0.61 0 0.005
0.99 0.711 0 0.005
0.99 0.748 0 0.005
0.99 0.762 0 0.005
0.99 0.905 0 0.005
0.991 0.0008095238095238096 0 0.005
0.991 0.198 0 0.005
0.991 0.626 0 0.005
0.991 0.726 0 0.005
0.992 0.078 0 0.005
0.992 0.215 0 0.005
0.992 0.346 0 0.005
0.992 0.371 0 0.005
0.992 0.391 0 0.005
0.992 0.493 0 0.005
0.992 0.965 0 0.005
0.993 0.059 0 0.005
0.993 0.289 0 0.005
0.993 0.381 0 0.005
0.993 0.775 0 0.005
0.994 0.115 0 0.005
0.994 0.359 0 0.005
0.994 0.569 0 0.005
0.994 0.592 0 0.005
0.994 0.815 0 0.005
0.994 0.885 0 0.005
0.995 0.437 0 0.005
0.995 0.579 0 0.005
0.9956875 0.229 0 0.005
0.9956875 0.415 0 0.005
0.9956875 0.456 0 0.005
0.9956875 0.645 0 0.005
0.9956875 0.686 0 0.005
0.9956875 0.847 0 0.005
0.996280701754386 0.241 0 0.005
0.996280701754386 0.303 0 0.005
0.996280701754386 0.329 0 0.005
0.996280701754386 0.426 0 0.005
0.996280701754386 0.675 0 0.005
0.996280701754386 0.857 0 0.005
0.9967708333333334 0.007 0 0.005
0.9967708333333334 0.148 0 0.005
0.9967708333333334 0.74 0 0.005
0.9967708333333334 0.921 0 0.005
0.9967708333333334 0.934 0 0.005
0.9972564102564103 0.481 0 0.005
0.9977333333333334 0.091 0 0.005
0.9977333333333334 0.176 0 0.005
0.9977333333333334 0.802 0 0.005
0.9977333333333334 0.874 0 0.005
0.9977333333333334 0.979 0 0.005
0.9981904761904762 0.398 0 0.005
0.9981904761904762 0.52 0 0.005
0.9981904761904762 0.62 0 0.005
0.9981904761904762 0.899 0 0.005
0.9981904761904762 0.911 0 0.005
0.9981904761904762 0.944 0 0.005
0.9981904761904762 0.991 0 0.005
0.9985833333333334 0.104 0 0.005
0.9985833333333334 0.264 0 0.005
0.9985833333333334 0.655 0 0.005
0.999 0.139 0 0.005
0.999 0.201 0 0.005
0.999 0.282 0 0.005
0.999 0.337 0 0.005
0.999 0.51 0 0.005
0.999 0.999 0 0.005
