0.004680473372781065 0.01609467455621302 0 0.005
0.00715 0.04684444444444444 0 0.005
0.0022833333333333334 0.06 0 0.005
0.009916666666666666 0.07750476190476191 0 0.005
0.003268292682926829 0.122 0 0.005
0.003763440860215054 0.154 0 0.005
0.00715 0.17215555555555556 0 0.005
0.003268292682926829 0.189 0 0.005
0.0027746478873239434 0.206 0 0.005
0.003268292682926829 0.225 0 0.005
0.00434313725490196 0.24 0 0.005
0.0027746478873239434 0.254 0 0.005
0.003268292682926829 0.271 0 0.005
0.0022833333333333334 0.284 0 0.005
0.00434313725490196 0.301 0 0.005
0.0027746478873239434 0.313 0 0.005
0.003268292682926829 0.342 0 0.005
0.0027746478873239434 0.372 0 0.005
0.0027746478873239434 0.392 0 0.005
0.003763440860215054 0.417 0 0.005
0.003763440860215054 0.436 0 0.005
0.0022833333333333334 0.451 0 0.005
0.0027746478873239434 0.466 0 0.005
0.0022833333333333334 0.488 0 0.005
0.0022833333333333334 0.516 0 0.005
0.003763440860215054 0.538 0 0.005
0.003763440860215054 0.551 0 0.005
0.0022833333333333334 0.588 0 0.005
0.0022833333333333334 0.603 0 0.005
0.005480349344978166 0.624 0 0.005
0.003268292682926829 0.646 0 0.005
0.0022833333333333334 0.659 0 0.005
0.003763440860215054 0.68 0 0.005
0.0027746478873239434 0.72 0 0.005
0.00434313725490196 0.762 0 0.005
0.016277389277389278 0.7732960372960374 0 0.005
0.011079136690647482 0.7976079136690647 0 0.005
0.0027746478873239434 0.813 0 0.005
0.0022833333333333334 0.826 0 0.005
0.0022833333333333334 0.842 0 0.005
0.005970414201183431 0.8788047337278106 0 0.005
0.003268292682926829 0.917 0 0.005
0.00434313725490196 0.932 0 0.005
0.008207920792079207 0.9816831683168317 0 0.005
0.0023333333333333335 0.9962051282051282 0 0.005
0.006 0.108 0 0.005
0.006 0.325 0 0.005
0.008666666666666666 0.957 0 0.005
0.007 0.358 0 0.005
0.0155 0.72375 0 0.005
0.007 0.853 0 0.005
0.007 0.898 0 0.005
0.008 0.139 0 0.005
0.008 0.569 0 0.005
0.008 0.695 0 0.005
0.02 0.4963333333333333 0 0.005
0.009 0.707 0 0.005
0.0125 0.752 0 0.005
0.01 0.406 0 0.005
0.01 0.476 0 0.005
0.011 0.216 0 0.005
0.011 0.384 0 0.005
0.011 0.528 0 0.005
0.011 0.834 0 0.005
0.012 0.199 0 0.005
0.012 0.455 0 0.005
0.012 0.602 0 0.005
0.012 0.996225352112676 0 0.005
0.013 0.31 0 0.005
0.019 0.2445 0 0.005
0.014 0.37 0 0.005
0.014 0.586 0 0.005
0.014 0.656 0 0.005
0.014 0.909 0 0.005
0.014 0.924 0 0.005
0.015 0.0022833333333333334 0 0.005
0.015 0.038 0 0.005
0.019 0.2265 0 0.005
0.015 0.265 0 0.005
0.015 0.284 0 0.005
0.015 0.552 0 0.005
0.02075 0.11075 0 0.005
0.016 0.668 0 0.005
0.016 0.818 0 0.005
0.017 0.419 0 0.005
0.02275 0.63175 0 0.005
0.017 0.68 0 0.005
0.025333333333333333 0.866 0 0.005
0.018 0.159 0 0.005
0.018 0.182 0 0.005
0.018 0.337 0 0.005
0.0245 0.536 0 0.005
0.02 0.139 0 0.005
0.02 0.353 0 0.005
0.02 0.844 0 0.005
0.02 0.881 0 0.005
0.021 0.465 0 0.005
0.021 0.506 0 0.005
0.021 0.519 0 0.005
0.021 0.566 0 0.005
0.027 0.3275 0 0.005
0.025 0.4325 0 0.005
0.0348076923076923 0.9864127218934912 0 0.005
0.029666666666666668 0.379 0 0.005
0.023 0.934 0 0.005
0.023 0.946 0 0.005
0.024 0.074 0 0.005
0.024 0.202 0 0.005
0.029 0.6035 0 0.005
0.024 0.966 0 0.005
0.025 0.011 0 0.005
0.025 0.023 0 0.005
0.025 0.086 0 0.005
0.025 0.294 0 0.005
0.025 0.31 0 0.005
0.025 0.477 0 0.005
0.025 0.831 0 0.005
0.0315 0.3945 0 0.005
0.03133333333333333 0.585 0 0.005
0.026 0.749 0 0.005
0.032 0.0655 0 0.005
0.027 0.41 0 0.005
0.027 0.691 0 0.005
0.027 0.782 0 0.005
0.027 0.801 0 0.005
0.03575 0.91025 0 0.005
0.028 0.037 0 0.005
0.029 0.05 0 0.005
0.036 0.45466666666666666 0 0.005
0.029 0.813 0 0.005
0.0345 0.8935 0 0.005
0.03 0.255 0 0.005
0.03 0.275 0 0.005
0.0345 0.551 0 0.005
0.03 0.703 0 0.005
0.031 0.168 0 0.005
0.031 0.19 0 0.005
0.031 0.656 0 0.005
0.0355 0.674 0 0.005
0.04170833333333333 0.005025 0 0.005
0.036 0.1295 0 0.005
0.032 0.154 0 0.005
0.032 0.212 0 0.005
0.033 0.345 0 0.005
0.033 0.521 0 0.005
0.033 0.721 0 0.005
0.034 0.957 0 0.005
0.0505 0.11225 0 0.005
0.041 0.0975 0 0.005
0.043333333333333335 0.298 0 0.005
0.0425 0.0835 0 0.005
0.037 0.241 0 0.005
0.037 0.473 0 0.005
0.037 0.485 0 0.005
0.037 0.644 0 0.005
0.0425 0.735 0 0.005
0.037 0.825 0 0.005
0.038 0.228 0 0.005
0.038 0.316 0 0.005
0.038 0.44 0 0.005
0.038 0.775 0 0.005
0.039 0.359 0 0.005
0.039 0.405 0 0.005
0.039 0.793 0 0.005
0.039 0.843 0 0.005
0.0496 0.9346 0 0.005
0.041 0.038 0 0.005
0.041 0.18 0 0.005
0.042 0.275 0 0.005
0.042 0.691 0 0.005
0.042 0.757 0 0.005
0.043 0.617 0 0.005
0.043 0.805 0 0.005
0.0485 0.017 0 0.005
0.044 0.051 0 0.005
0.044 0.194 0 0.005
0.044 0.708 0 0.005
0.045 0.42 0 0.005
0.045 0.563 0 0.005
0.0505 0.5785 0 0.005
0.045 0.881 0 0.005
0.0505 0.9675 0 0.005
0.0495 0.137 0 0.005
0.046 0.158 0 0.005
0.046 0.333 0 0.005
0.0505 0.22 0 0.005
0.05 0.2555 0 0.005
0.0525 0.3485 0 0.005
0.047 0.505 0 0.005
0.054 0.8556666666666666 0 0.005
0.048 0.633 0 0.005
0.048 0.783 0 0.005
0.05825 0.463 0 0.005
0.049 0.483 0 0.005
0.049 0.533 0 0.005
0.05 0.071 0 0.005
0.05 0.311 0 0.005
0.0545 0.428 0 0.005
0.05 0.605 0 0.005
0.05 0.652 0 0.005
0.05 0.665 0 0.005
0.05 0.769 0 0.005
0.053 0.8135 0 0.005
0.051 0.385 0 0.005
0.051 0.795 0 0.005
0.051 0.836 0 0.005
0.052 0.368 0 0.005
0.058 0.5563333333333333 0 0.005
0.06825 0.4365 0 0.005
0.053 0.684 0 0.005
0.053 0.896 0 0.005
0.054 0.059 0 0.005
0.054 0.237 0 0.005
0.054 0.718 0 0.005
0.055 0.031 0 0.005
0.055 0.185 0 0.005
0.055 0.274 0 0.005
0.0575 0.4055 0 0.005
0.055 0.743 0 0.005
0.0615 0.0445 0 0.005
0.056 0.173 0 0.005
0.056 0.518 0 0.005
0.056 0.87 0 0.005
0.056 0.955 0 0.005
0.057 0.324 0 0.005
0.0625 0.499 0 0.005
0.057 0.755 0 0.005
0.058 0.149 0 0.005
0.058 0.592 0 0.005
0.058 0.625 0 0.005
0.059 0.64 0 0.005
0.059 0.882 0 0.005
0.06 0.161 0 0.005
0.06 0.198 0 0.005
0.06 0.337 0 0.005
0.06 0.777 0 0.005
0.061 0.082 0 0.005
0.061 0.261 0 0.005
0.061 0.702 0 0.005
0.061 0.985 0 0.005
0.062 0.657 0 0.005
0.063 0.003763440860215054 0 0.005
0.063 0.292 0 0.005
0.063 0.48 0 0.005
0.0665 0.616 0 0.005
0.063 0.79 0 0.005
0.064 0.669 0 0.005
0.064 0.842 0 0.005
0.064 0.944 0 0.005
0.064 0.9957317073170732 0 0.005
0.065 0.134 0 0.005
0.07333333333333333 0.30033333333333334 0 0.005
0.065 0.827 0 0.005
0.066 0.055 0 0.005
0.066 0.067 0 0.005
0.066 0.225 0 0.005
0.071 0.3755 0 0.005
0.066 0.388 0 0.005
0.067 0.024 0 0.005
0.067 0.544 0 0.005
0.068 0.094 0 0.005
0.068 0.25 0 0.005
0.068 0.583 0 0.005
0.07333333333333333 0.77 0 0.005
0.068 0.872 0 0.005
0.068 0.911 0 0.005
0.069 0.213 0 0.005
0.069 0.685 0 0.005
0.069 0.73 0 0.005
0.069 0.972 0 0.005
0.07833333333333332 0.146 0 0.005
0.07 0.348 0 0.005
0.07 0.36 0 0.005
0.07 0.528 0 0.005
0.07 0.743 0 0.005
0.071 0.717 0 0.005
0.071 0.814 0 0.005
0.072 0.159 0 0.005
0.072 0.201 0 0.005
0.072 0.404 0 0.005
0.072 0.516 0 0.005
0.072 0.6 0 0.005
0.0765 0.633 0 0.005
0.072 0.802 0 0.005
0.076 0.8815 0 0.005
0.072 0.899 0 0.005
0.073 0.173 0 0.005
0.073 0.188 0 0.005
0.073 0.322 0 0.005
0.073 0.957 0 0.005
0.073 0.988 0 0.005
0.075 0.239 0 0.005
0.075 0.274 0 0.005
0.075 0.649 0 0.005
0.076 0.078 0 0.005
0.076 0.702 0 0.005
0.076 0.838 0 0.005
0.076 0.85 0 0.005
0.077 0.125 0 0.005
0.077 0.492 0 0.005
0.078 0.007 0 0.005
0.078 0.05 0 0.005
0.078 0.57 0 0.005
0.078 0.661 0 0.005
0.0815 0.7465 0 0.005
0.08 0.022 0 0.005
0.08 0.092 0 0.005
0.08 0.419 0 0.005
0.08 0.452 0 0.005
0.08 0.466 0 0.005
0.08 0.48 0 0.005
0.08 0.913 0 0.005
0.08 0.93 0 0.005
0.081 0.225 0 0.005
0.081 0.34 0 0.005
0.081 0.968 0 0.005
0.082 0.259 0 0.005
0.082 0.557 0 0.005
0.083 0.037 0 0.005
0.083 0.108 0 0.005
0.0855 0.3845 0 0.005
0.083 0.525 0 0.005
0.083 0.586 0 0.005
0.083 0.682 0 0.005
0.0885 0.814 0 0.005
0.09275 0.95025 0 0.005
0.084 0.063 0 0.005
0.084 0.309 0 0.005
0.085 0.717 0 0.005
0.085 0.794 0 0.005
0.085 0.864 0 0.005
0.086 0.182 0 0.005
0.086 0.538 0 0.005
0.086 0.83 0 0.005
0.086 0.889 0 0.005
0.086 0.991 0 0.005
0.087 0.201 0 0.005
0.087 0.506 0 0.005
0.0925 0.673 0 0.005
0.087 0.729 0 0.005
0.088 0.366 0 0.005
0.088 0.608 0 0.005
0.088 0.646 0 0.005
0.088 0.705 0 0.005
0.088 0.851 0 0.005
0.09 0.05 0 0.005
0.09 0.129 0 0.005
0.09 0.213 0 0.005
0.09 0.349 0 0.005
0.09 0.658 0 0.005
0.09 0.902 0 0.005
0.091 0.573 0 0.005
0.091 0.621 0 0.005
0.091 0.692 0 0.005
0.092 0.167 0 0.005
0.093 0.225 0 0.005
0.093 0.274 0 0.005
0.094 0.08 0 0.005
0.094 0.405 0 0.005
0.094 0.559 0 0.005
0.098 0.7465 0 0.005
0.094 0.973 0 0.005
0.095 0.028 0 0.005
0.095 0.249 0 0.005
0.10066666666666667 0.327 0 0.005
0.095 0.783 0 0.005
0.096 0.003763440860215054 0 0.005
0.096 0.066 0 0.005
0.096 0.237 0 0.005
0.096 0.423 0 0.005
0.096 0.461 0 0.005
0.096 0.482 0 0.005
0.10133333333333333 0.501 0 0.005
0.096 0.523 0 0.005
0.096 0.597 0 0.005
0.096 0.635 0 0.005
0.096 0.876 0 0.005
0.096 0.916 0 0.005
0.101 0.1575 0 0.005
0.097 0.289 0 0.005
0.097 0.442 0 0.005
0.097 0.765 0 0.005
0.097 0.84 0 0.005
0.098 0.015 0 0.005
0.098 0.183 0 0.005
0.098 0.262 0 0.005
0.098 0.539 0 0.005
0.098 0.795 0 0.005
0.099 0.098 0 0.005
0.099 0.307 0 0.005
0.099 0.73 0 0.005
0.099 0.996225352112676 0 0.005
0.1 0.14 0 0.005
0.1 0.612 0 0.005
0.104 0.8545 0 0.005
0.106 0.1105 0 0.005
0.10333333333333333 0.359 0 0.005
0.101 0.824 0 0.005
0.102 0.041 0 0.005
0.102 0.656 0 0.005
0.102 0.889 0 0.005
0.102 0.983 0 0.005
0.103 0.581 0 0.005
0.11 0.911 0 0.005
0.103 0.931 0 0.005
0.1162 0.04 0 0.005
0.105 0.39 0 0.005
0.105 0.552 0 0.005
0.1105 0.5715 0 0.005
0.105 0.963 0 0.005
0.106 0.078 0 0.005
0.106 0.474 0 0.005
0.11366666666666667 0.6913333333333334 0 0.005
0.106 0.714 0 0.005
0.107 0.776 0 0.005
0.108 0.175 0 0.005
0.1125 0.24075 0 0.005
0.108 0.486 0 0.005
0.108 0.813 0 0.005
0.119 0.059666666666666666 0 0.005
0.109 0.199 0 0.005
0.1254 0.2318 0 0.005
0.113 0.3015 0 0.005
0.109 0.412 0 0.005
0.109 0.446 0 0.005
0.109 0.458 0 0.005
0.116 0.5936666666666667 0 0.005
0.109 0.838 0 0.005
0.11 0.187 0 0.005
0.113 0.2785 0 0.005
0.11 0.434 0 0.005
0.11 0.794 0 0.005
0.111 0.0022833333333333334 0 0.005
0.111 0.012 0 0.005
0.121 0.137 0 0.005
0.111 0.873 0 0.005
0.112 0.261 0 0.005
0.112 0.612 0 0.005
0.112 0.626 0 0.005
0.112 0.727 0 0.005
0.112 0.751 0 0.005
0.112 0.9957317073170732 0 0.005
0.113 0.516 0 0.005
0.113 0.763 0 0.005
0.114 0.152 0 0.005
0.114 0.531 0 0.005
0.114 0.739 0 0.005
0.115 0.348 0 0.005
0.115 0.371 0 0.005
0.11966666666666667 0.647 0 0.005
0.115 0.936 0 0.005
0.115 0.98 0 0.005
0.116 0.086 0 0.005
0.116 0.543 0 0.005
0.116 0.948 0 0.005
0.122 0.1685 0 0.005
0.117 0.383 0 0.005
0.117 0.401 0 0.005
0.117 0.669 0 0.005
0.12725 0.95725 0 0.005
0.118 0.783 0 0.005
0.12 0.321 0 0.005
0.12 0.334 0 0.005
0.1245 0.857 0 0.005
0.12 0.892 0 0.005
0.12 0.906 0 0.005
0.121 0.447 0 0.005
0.126 0.4665 0 0.005
0.121 0.827 0 0.005
0.1245 0.2015 0 0.005
0.122 0.479 0 0.005
0.122 0.811 0 0.005
0.123 0.121 0 0.005
0.123 0.423 0 0.005
0.123 0.491 0 0.005
0.123 0.557 0 0.005
0.124 0.615 0 0.005
0.124 0.771 0 0.005
0.125 0.411 0 0.005
0.125 0.71 0 0.005
0.125 0.728 0 0.005
0.125 0.746 0 0.005
0.126 0.29 0 0.005
0.126 0.794 0 0.005
0.127 0.264 0 0.005
0.127 0.9952365591397849 0 0.005
0.128 0.184 0 0.005
0.133 0.5025 0 0.005
0.1335 0.631 0 0.005
0.128 0.686 0 0.005
0.128 0.934 0 0.005
0.129 0.077 0 0.005
0.1345 0.3675 0 0.005
0.129 0.383 0 0.005
0.129 0.521 0 0.005
0.134 0.5826666666666667 0 0.005
0.13 0.005 0 0.005
0.1325 0.0965 0 0.005
0.13 0.35 0 0.005
0.13 0.395 0 0.005
0.13 0.843 0 0.005
0.131 0.759 0 0.005
0.131 0.879 0 0.005
0.132 0.157 0 0.005
0.135 0.2215 0 0.005
0.132 0.333 0 0.005
0.132 0.437 0 0.005
0.132 0.535 0 0.005
0.132 0.665 0 0.005
0.135 0.9765 0 0.005
0.133 0.825 0 0.005
0.1365 0.925 0 0.005
0.139 0.6965 0 0.005
0.139 0.8095 0 0.005
0.14 0.123 0 0.005
0.135 0.276 0 0.005
0.135 0.456 0 0.005
0.1385 0.896 0 0.005
0.136 0.063 0 0.005
0.136 0.615 0 0.005
0.137 0.301 0 0.005
0.137 0.313 0 0.005
0.137 0.775 0 0.005
0.138 0.023 0 0.005
0.138 0.553 0 0.005
0.138 0.645 0 0.005
0.1435 0.731 0 0.005
0.139 0.191 0 0.005
0.139 0.405 0 0.005
0.139 0.72 0 0.005
0.142 0.7545 0 0.005
0.14 0.046 0 0.005
0.14 0.204 0 0.005
0.14733333333333334 0.7843333333333333 0 0.005
0.14833333333333334 0.855 0 0.005
0.149 0.16775 0 0.005
0.141 0.511 0 0.005
0.141 0.523 0 0.005
0.141 0.68 0 0.005
0.146 0.2835 0 0.005
0.142 0.419 0 0.005
0.146 0.9855 0 0.005
0.1455 0.4685 0 0.005
0.144 0.147 0 0.005
0.1475 0.491 0 0.005
0.1465 0.6095 0 0.005
0.145 0.942 0 0.005
0.146 0.101 0 0.005
0.146 0.324 0 0.005
0.1495 0.341 0 0.005
0.1485 0.8305 0 0.005
0.146 0.874 0 0.005
0.15317625899280574 0.00833453237410072 0 0.005
0.147 0.263 0 0.005
0.147 0.906 0 0.005
0.148 0.241 0 0.005
0.148 0.396 0 0.005
0.148 0.451 0 0.005
0.148 0.541 0 0.005
0.148 0.919 0 0.005
0.149 0.078 0 0.005
0.149 0.379 0 0.005
0.149 0.57 0 0.005
0.149 0.706 0 0.005
0.1525 0.0285 0 0.005
0.15 0.228 0 0.005
0.1545 0.354 0 0.005
0.151 0.056 0 0.005
0.151 0.19 0 0.005
0.151 0.434 0 0.005
0.151 0.647 0 0.005
0.16066666666666665 0.661 0 0.005
0.152 0.588 0 0.005
0.152 0.635 0 0.005
0.1555 0.964 0 0.005
0.153 0.09 0 0.005
0.153 0.51 0 0.005
0.153 0.523 0 0.005
0.153 0.554 0 0.005
0.16266666666666665 0.13066666666666665 0 0.005
0.154 0.306 0 0.005
0.1565 0.4165 0 0.005
0.155 0.216 0 0.005
0.155 0.292 0 0.005
0.156 0.111 0 0.005
0.156 0.151 0 0.005
0.156 0.694 0 0.005
0.157 0.203 0 0.005
0.157 0.813 0 0.005
0.157 0.886 0 0.005
0.158 0.745 0 0.005
0.158 0.8 0 0.005
0.158 0.929 0 0.005
0.16875 0.98125 0 0.005
0.16 0.466 0 0.005
0.16 0.903 0 0.005
0.1635 0.2325 0 0.005
0.161 0.251 0 0.005
0.161 0.32 0 0.005
0.161 0.388 0 0.005
0.161 0.442 0 0.005
0.161 0.454 0 0.005
0.1635 0.6175 0 0.005
0.161 0.674 0 0.005
0.161 0.73 0 0.005
0.161 0.826 0 0.005
0.169 0.034333333333333334 0 0.005
0.162 0.563 0 0.005
0.162 0.597 0 0.005
0.162 0.716 0 0.005
0.162 0.761 0 0.005
0.163 0.075 0 0.005
0.163 0.271 0 0.005
0.163 0.493 0 0.005
0.163 0.531 0 0.005
0.163 0.947 0 0.005
0.18 0.05275 0 0.005
0.164 0.063 0 0.005
0.174 0.17866666666666667 0 0.005
0.165 0.481 0 0.005
0.165 0.514 0 0.005
0.17366666666666666 0.5406666666666666 0 0.005
0.17333333333333334 0.6946666666666667 0 0.005
0.1685 0.0925 0 0.005
0.166 0.429 0 0.005
0.183 0.6266 0 0.005
0.166 0.787 0 0.005
0.167 0.339 0 0.005
0.167 0.367 0 0.005
0.167 0.868 0 0.005
0.168 0.113 0 0.005
0.168 0.9967166666666667 0 0.005
0.169 0.0022833333333333334 0 0.005
0.169 0.205 0 0.005
0.169 0.576 0 0.005
0.17 0.297 0 0.005
0.17 0.379 0 0.005
0.17 0.744 0 0.005
0.17 0.889 0 0.005
0.17 0.919 0 0.005
0.171 0.156 0 0.005
0.171 0.192 0 0.005
0.171 0.588 0 0.005
0.171 0.846 0 0.005
0.172 0.144 0 0.005
0.172 0.284 0 0.005
0.18325 0.4795 0 0.005
0.173 0.405 0 0.005
0.173 0.648 0 0.005
0.173 0.815 0 0.005
0.18166666666666667 0.8986666666666666 0 0.005
0.173 0.938 0 0.005
0.174 0.257 0 0.005
0.174 0.324 0 0.005
0.174 0.419 0 0.005
0.174 0.453 0 0.005
0.179 0.5205 0 0.005
0.174 0.676 0 0.005
0.174 0.96 0 0.005
0.175 0.24 0 0.005
0.175 0.31 0 0.005
0.176 0.499 0 0.005
0.176 0.729 0 0.005
0.176 0.771 0 0.005
0.177 0.803 0 0.005
0.19111111111111112 0.8447777777777778 0 0.005
0.1875 0.70575 0 0.005
0.178 0.759 0 0.005
0.179 0.393 0 0.005
0.1815 0.4335 0 0.005
0.179 0.565 0 0.005
0.179 0.609 0 0.005
0.18 0.018 0 0.005
0.18 0.215 0 0.005
0.18 0.345 0 0.005
0.18 0.876 0 0.005
0.181 0.097 0 0.005
0.181 0.357 0 0.005
0.181 0.55 0 0.005
0.182 0.003763440860215054 0 0.005
0.182 0.076 0 0.005
0.182 0.112 0 0.005
0.185 0.2785 0 0.005
0.19225 0.37325 0 0.005
0.182 0.579 0 0.005
0.18966666666666665 0.16733333333333333 0 0.005
0.183 0.229 0 0.005
0.184 0.064 0 0.005
0.1885 0.785 0 0.005
0.185 0.968 0 0.005
0.186 0.296 0 0.005
0.186 0.404 0 0.005
0.191 0.4195 0 0.005
0.187 0.598 0 0.005
0.187 0.658 0 0.005
0.197 0.749 0 0.005
0.187 0.951 0 0.005
0.187 0.9957317073170732 0 0.005
0.188 0.142 0 0.005
0.188 0.322 0 0.005
0.188 0.923 0 0.005
0.189 0.246 0 0.005
0.189 0.45 0 0.005
0.19 0.03 0 0.005
0.19 0.196 0 0.005
0.19 0.673 0 0.005
0.19 0.764 0 0.005
0.191 0.729 0 0.005
0.192 0.215 0 0.005
0.192 0.258 0 0.005
0.192 0.911 0 0.005
0.193 0.337 0 0.005
0.193 0.356 0 0.005
0.193 0.813 0 0.005
0.194 0.125 0 0.005
0.194 0.465 0 0.005
0.194 0.509 0 0.005
0.198 0.5705 0 0.005
0.194 0.642 0 0.005
0.19980575539568346 0.988705035971223 0 0.005
0.195 0.071 0 0.005
0.195 0.801 0 0.005
0.195 0.936 0 0.005
0.196 0.438 0 0.005
0.19966666666666666 0.541 0 0.005
0.2005 0.086 0 0.005
0.197 0.152 0 0.005
0.197 0.232 0 0.005
0.208 0.262 0 0.005
0.197 0.311 0 0.005
0.198 0.299 0 0.005
0.198 0.88 0 0.005
0.199 0.391 0 0.005
0.199 0.592 0 0.005
0.20366666666666666 0.657 0 0.005
0.2 0.104 0 0.005
0.2 0.137 0 0.005
0.2 0.287 0 0.005
0.2 0.403 0 0.005
0.201 0.009 0 0.005
0.201 0.48 0 0.005
0.202 0.022 0 0.005
0.202 0.451 0 0.005
0.202 0.766 0 0.005
0.202 0.959 0 0.005
0.203 0.116 0 0.005
0.203 0.866 0 0.005
0.203 0.921 0 0.005
0.204 0.193 0 0.005
0.204 0.22 0 0.005
0.204 0.718 0 0.005
0.205 0.037 0 0.005
0.205 0.787 0 0.005
0.215 0.8901666666666667 0 0.005
0.205 0.971 0 0.005
0.206 0.325 0 0.005
0.206 0.631 0 0.005
0.2115 0.695 0 0.005
0.206 0.89 0 0.005
0.207 0.064 0 0.005
0.207 0.162 0 0.005
0.207 0.337 0 0.005
0.207 0.349 0 0.005
0.21333333333333335 0.461 0 0.005
0.207 0.606 0 0.005
0.207 0.812 0 0.005
0.208 0.381 0 0.005
0.208 0.515 0 0.005
0.2125 0.942 0 0.005
0.209 0.236 0 0.005
0.209 0.42 0 0.005
0.2145 0.6155 0 0.005
0.21 0.051 0 0.005
0.21 0.149 0 0.005
0.2155 0.2055 0 0.005
0.2165 0.727 0 0.005
0.211 0.825 0 0.005
0.212 0.406 0 0.005
0.212 0.561 0 0.005
0.2151301775147929 0.007905325443786982 0 0.005
0.213 0.281 0 0.005
0.233 0.4218 0 0.005
0.213 0.479 0 0.005
0.213 0.497 0 0.005
0.214 0.023 0 0.005
0.214 0.134 0 0.005
0.225 0.3636666666666667 0 0.005
0.214 0.394 0 0.005
0.215 0.093 0 0.005
0.219 0.1185 0 0.005
0.215 0.546 0 0.005
0.215 0.583 0 0.005
0.215 0.799 0 0.005
0.216 0.081 0 0.005
0.216 0.221 0 0.005
0.216 0.313 0 0.005
0.216 0.978 0 0.005
0.217 0.188 0 0.005
0.217 0.293 0 0.005
0.217 0.53 0 0.005
0.226 0.667 0 0.005
0.217 0.783 0 0.005
0.217 0.837 0 0.005
0.217 0.962 0 0.005
0.218 0.754 0 0.005
0.218 0.852 0 0.005
0.219 0.176 0 0.005
0.219 0.346 0 0.005
0.219 0.675 0 0.005
0.219 0.812 0 0.005
0.22 0.325 0 0.005
0.225 0.0345 0 0.005
0.221 0.233 0 0.005
0.221 0.382 0 0.005
0.221 0.601 0 0.005
0.221 0.63 0 0.005
0.221 0.771 0 0.005
0.227 0.4115 0 0.005
0.222 0.444 0 0.005
0.222 0.926 0 0.005
0.223 0.513 0 0.005
0.229 0.8233333333333334 0 0.005
0.223 0.993 0 0.005
0.224 0.105 0 0.005
0.224 0.644 0 0.005
0.225 0.269 0 0.005
0.225 0.737 0 0.005
0.2362 0.048799999999999996 0 0.005
0.2315 0.074 0 0.005
0.226 0.145 0 0.005
0.226 0.563 0 0.005
0.226 0.949 0 0.005
0.227 0.158 0 0.005
0.227 0.69 0 0.005
0.227 0.906 0 0.005
0.228 0.481 0 0.005
0.228 0.586 0 0.005
0.2335 0.9745 0 0.005
0.229 0.017 0 0.005
0.229 0.191 0 0.005
0.229 0.255 0 0.005
0.2335 0.294 0 0.005
0.2315 0.3425 0 0.005
0.229 0.709 0 0.005
0.229 0.789 0 0.005
0.23 0.242 0 0.005
0.233 0.5045 0 0.005
0.23 0.851 0 0.005
0.23 0.937 0 0.005
0.236 0.1725 0 0.005
0.231 0.528 0 0.005
0.233 0.211 0 0.005
0.233 0.39 0 0.005
0.233 0.436 0 0.005
0.233 0.457 0 0.005
0.233 0.552 0 0.005
0.236 0.6155 0 0.005
0.233 0.891 0 0.005
0.234 0.003268292682926829 0 0.005
0.234 0.09 0 0.005
0.234 0.116 0 0.005
0.247 0.7155 0 0.005
0.234 0.802 0 0.005
0.2425 0.87525 0 0.005
0.235 0.325 0 0.005
0.2375 0.7545 0 0.005
0.236 0.104 0 0.005
0.236 0.54 0 0.005
0.238 0.128 0 0.005
0.2425 0.22 0 0.005
0.2435 0.476 0 0.005
0.238 0.961 0 0.005
0.238 0.992 0 0.005
0.244 0.2695 0 0.005
0.239 0.572 0 0.005
0.244 0.7325 0 0.005
0.24 0.144 0 0.005
0.24 0.375 0 0.005
0.249 0.669 0 0.005
0.24 0.773 0 0.005
0.24 0.906 0 0.005
0.241 0.597 0 0.005
0.241 0.924 0 0.005
0.241 0.945 0 0.005
0.242 0.635 0 0.005
0.242 0.694 0 0.005
0.243 0.522 0 0.005
0.243 0.785 0 0.005
0.243 0.847 0 0.005
0.251 0.6503333333333333 0 0.005
0.245 0.399 0 0.005
0.245 0.812 0 0.005
0.246 0.09 0 0.005
0.25433333333333336 0.25233333333333335 0 0.005
0.246 0.434 0 0.005
0.246 0.462 0 0.005
0.246 0.682 0 0.005
0.247 0.021 0 0.005
0.258 0.3803333333333333 0 0.005
0.248 0.0022833333333333334 0 0.005
0.248 0.102 0 0.005
0.2573333333333333 0.10933333333333332 0 0.005
0.248 0.185 0 0.005
0.248 0.199 0 0.005
0.248 0.344 0 0.005
0.248 0.493 0 0.005
0.253 0.5085 0 0.005
0.248 0.547 0 0.005
0.248 0.559 0 0.005
0.248 0.586 0 0.005
0.249 0.155 0 0.005
0.2545 0.449 0 0.005
0.249 0.608 0 0.005
0.249 0.824 0 0.005
0.25 0.067 0 0.005
0.25 0.305 0 0.005
0.25 0.836 0 0.005
0.251 0.356 0 0.005
0.251 0.368 0 0.005
0.251 0.741 0 0.005
0.252 0.236 0 0.005
0.2555 0.806 0 0.005
0.252 0.906 0 0.005
0.252 0.962 0 0.005
0.252 0.993 0 0.005
0.257 0.32566666666666666 0 0.005
0.253 0.761 0 0.005
0.2555 0.8535 0 0.005
0.254 0.048 0 0.005
0.254 0.287 0 0.005
0.254 0.633 0 0.005
0.254 0.692 0 0.005
0.257 0.9353333333333333 0 0.005
0.255 0.081 0 0.005
0.261 0.16633333333333333 0 0.005
0.255 0.524 0 0.005
0.255 0.775 0 0.005
0.255 0.788 0 0.005
0.256 0.129 0 0.005
0.256 0.536 0 0.005
0.2623333333333333 0.9726666666666667 0 0.005
0.258 0.393 0 0.005
0.258 0.567 0 0.005
0.258 0.617 0 0.005
0.258 0.875 0 0.005
0.259 0.43 0 0.005
0.26 0.026 0 0.005
0.26 0.186 0 0.005
0.26 0.199 0 0.005
0.2625 0.2185 0 0.005
0.26 0.344 0 0.005
0.26 0.581 0 0.005
0.261 0.007 0 0.005
0.261 0.596 0 0.005
0.2786 0.8408 0 0.005
0.2665 0.138 0 0.005
0.262 0.304 0 0.005
0.262 0.464 0 0.005
0.262 0.5 0 0.005
0.262 0.748 0 0.005
0.262 0.895 0 0.005
0.263 0.273 0 0.005
0.263 0.736 0 0.005
0.279 0.48860000000000003 0 0.005
0.2695 0.657 0 0.005
0.265 0.236 0 0.005
0.2675 0.7045 0 0.005
0.265 0.9957317073170732 0 0.005
0.266 0.052 0 0.005
0.266 0.072 0 0.005
0.266 0.862 0 0.005
0.267 0.088 0 0.005
0.272 0.5585 0 0.005
0.267 0.779 0 0.005
0.267 0.791 0 0.005
0.2735 0.289 0 0.005
0.268 0.358 0 0.005
0.268 0.526 0 0.005
0.268 0.908 0 0.005
0.272 0.9485 0 0.005
0.27666666666666667 0.42533333333333334 0 0.005
0.2735 0.395 0 0.005
0.27 0.443 0 0.005
0.27 0.54 0 0.005
0.2725 0.6225 0 0.005
0.275 0.9285 0 0.005
0.271 0.122 0 0.005
0.272 0.028 0 0.005
0.272 0.04 0 0.005
0.272 0.189 0 0.005
0.272 0.201 0 0.005
0.272 0.225 0 0.005
0.273 0.157 0 0.005
0.273 0.337 0 0.005
0.288 0.6168571428571429 0 0.005
0.276 0.6795 0 0.005
0.273 0.811 0 0.005
0.274 0.304 0 0.005
0.274 0.464 0 0.005
0.274 0.64 0 0.005
0.274 0.761 0 0.005
0.275 0.012 0 0.005
0.275 0.318 0 0.005
0.275 0.879 0 0.005
0.276 0.578 0 0.005
0.276 0.966 0 0.005
0.277 0.0022833333333333334 0 0.005
0.277 0.213 0 0.005
0.277 0.267 0 0.005
0.277 0.515 0 0.005
0.281 0.8975 0 0.005
0.278 0.728 0 0.005
0.279 0.073 0 0.005
0.279 0.172 0 0.005
0.279 0.992 0 0.005
0.285 0.0845 0 0.005
0.28 0.358 0 0.005
0.2876666666666667 0.7553333333333334 0 0.005
0.28 0.979 0 0.005
0.281 0.773 0 0.005
0.286 0.7875 0 0.005
0.282 0.059 0 0.005
0.282 0.11 0 0.005
0.282 0.252 0 0.005
0.282 0.408 0 0.005
0.282 0.714 0 0.005
0.283 0.138 0 0.005
0.283 0.452 0 0.005
0.29233333333333333 0.202 0 0.005
0.284 0.226 0 0.005
0.284 0.238 0 0.005
0.284 0.329 0 0.005
0.284 0.373 0 0.005
0.288 0.6995 0 0.005
0.2905 0.3395 0 0.005
0.285 0.917 0 0.005
0.2915 0.0275 0 0.005
0.286 0.305 0 0.005
0.286 0.545 0 0.005
0.287 0.038 0 0.005
0.287 0.473 0 0.005
0.287 0.586 0 0.005
0.2925 0.6465 0 0.005
0.288 0.188 0 0.005
0.288 0.274 0 0.005
0.288 0.533 0 0.005
0.288 0.961 0 0.005
0.289 0.121 0 0.005
0.289 0.397 0 0.005
0.289 0.663 0 0.005
0.289 0.802 0 0.005
0.289 0.946 0 0.005
0.29 0.006 0 0.005
0.29 0.515 0 0.005
0.29 0.567 0 0.005
0.291 0.148 0 0.005
0.291 0.441 0 0.005
0.291 0.733 0 0.005
0.3026666666666667 0.17566666666666667 0 0.005
0.292 0.26 0 0.005
0.2955 0.927 0 0.005
0.293 0.094 0 0.005
0.293 0.161 0 0.005
0.293 0.288 0 0.005
0.293 0.359 0 0.005
0.293 0.383 0 0.005
0.293 0.979 0 0.005
0.294 0.32 0 0.005
0.294 0.887 0 0.005
0.295 0.069 0 0.005
0.295 0.996225352112676 0 0.005
0.3 0.0495 0 0.005
0.296 0.235 0 0.005
0.296 0.684 0 0.005
0.297 0.018 0 0.005
0.297 0.222 0 0.005
0.297 0.454 0 0.005
0.297 0.719 0 0.005
0.297 0.873 0 0.005
0.298 0.3 0 0.005
0.298 0.557 0 0.005
0.3043333333333333 0.6 0 0.005
0.302 0.9055 0 0.005
0.299 0.41 0 0.005
0.299 0.426 0 0.005
0.299 0.579 0 0.005
0.299 0.835 0 0.005
0.304 0.2805 0 0.005
0.3 0.498 0 0.005
0.3 0.529 0 0.005
0.3 0.542 0 0.005
0.301 0.249 0 0.005
0.3055 0.374 0 0.005
0.301 0.469 0 0.005
0.301 0.751 0 0.005
0.301 0.798 0 0.005
0.302 0.085 0 0.005
0.302 0.138 0 0.005
0.302 0.396 0 0.005
0.302 0.517 0 0.005
0.3065 0.652 0 0.005
0.302 0.813 0 0.005
0.302 0.953 0 0.005
0.303 0.109 0 0.005
0.303 0.668 0 0.005
0.303 0.782 0 0.005
0.304 0.439 0 0.005
0.304 0.706 0 0.005
0.3085 0.938 0 0.005
0.306 0.00434313725490196 0 0.005
0.306 0.124 0 0.005
0.306 0.157 0 0.005
0.306 0.311 0 0.005
0.313 0.7306666666666666 0 0.005
0.307 0.481 0 0.005
0.307 0.887 0 0.005
0.307 0.981 0 0.005
0.308 0.06 0 0.005
0.3135 0.07 0 0.005
0.32 0.7677142857142857 0 0.005
0.308 0.864 0 0.005
0.308 0.967 0 0.005
0.309 0.025 0 0.005
0.309 0.232 0 0.005
0.309 0.267 0 0.005
0.3135 0.217 0 0.005
0.31 0.338 0 0.005
0.31 0.35 0 0.005
0.31 0.69 0 0.005
0.311 0.19 0 0.005
0.311 0.417 0 0.005
0.311 0.559 0 0.005
0.311 0.62 0 0.005
0.311 0.915 0 0.005
0.312 0.455 0 0.005
0.312 0.678 0 0.005
0.313 0.299 0 0.005
0.313 0.499 0 0.005
0.313 0.633 0 0.005
0.314 0.326 0 0.005
0.314 0.528 0 0.005
0.314 0.576 0 0.005
0.314 0.994 0 0.005
0.315 0.665 0 0.005
0.315 0.841 0 0.005
0.315 0.853 0 0.005
0.316 0.042 0 0.005
0.316 0.094 0 0.005
0.321 0.5125 0 0.005
0.316 0.823 0 0.005
0.317 0.257 0 0.005
0.3215 0.389 0 0.005
0.3225 0.5375 0 0.005
0.32 0.7135 0 0.005
0.318 0.11 0 0.005
0.3215 0.87 0 0.005
0.326 0.013666666666666666 0 0.005
0.319 0.13 0 0.005
0.319 0.359 0 0.005
0.3245 0.4035 0 0.005
0.319 0.443 0 0.005
0.319 0.805 0 0.005
0.319 0.982 0 0.005
0.32 0.081 0 0.005
0.32939999999999997 0.31660000000000005 0 0.005
0.32 0.48 0 0.005
0.3245 0.21 0 0.005
0.321 0.239 0 0.005
0.32666666666666666 0.9603333333333334 0 0.005
0.322 0.149 0 0.005
0.322 0.431 0 0.005
0.322 0.467 0 0.005
0.322 0.612 0 0.005
0.323 0.055 0 0.005
0.323 0.285 0 0.005
0.323 0.554 0 0.005
0.323 0.91 0 0.005
0.323 0.929 0 0.005
0.324 0.335 0 0.005
0.324 0.891 0 0.005
0.325 0.17 0 0.005
0.326 0.033 0 0.005
0.3333333333333333 0.6806666666666666 0 0.005
0.326 0.698 0 0.005
0.3315 0.747 0 0.005
0.33266666666666667 0.18633333333333335 0 0.005
0.3295 0.4905 0 0.005
0.327 0.581 0 0.005
0.3305 0.602 0 0.005
0.336 0.6323333333333334 0 0.005
0.327 0.84 0 0.005
0.327 0.9967166666666667 0 0.005
0.328 0.522 0 0.005
0.328 0.568 0 0.005
0.328 0.649 0 0.005
0.329 0.273 0 0.005
0.329 0.351 0 0.005
0.33 0.122 0 0.005
0.3325 0.2545 0 0.005
0.33 0.415 0 0.005
0.331 0.372 0 0.005
0.33566666666666667 0.4593333333333333 0 0.005
0.332 0.09 0 0.005
0.34025 0.4245 0 0.005
0.332 0.662 0 0.005
0.332 0.828 0 0.005
0.332 0.94 0 0.005
0.3355 0.0725 0 0.005
0.333 0.102 0 0.005
0.333 0.237 0 0.005
0.3375 0.875 0 0.005
0.345 0.9161666666666666 0 0.005
0.333 0.981 0 0.005
0.334 0.62 0 0.005
0.334 0.732 0 0.005
0.335 0.055 0 0.005
0.335 0.139 0 0.005
0.335 0.796 0 0.005
0.336 0.156 0 0.005
0.336 0.72 0 0.005
0.34 0.7825 0 0.005
0.336 0.813 0 0.005
0.337 0.225 0 0.005
0.342 0.8545 0 0.005
0.338 0.512 0 0.005
0.339 0.578 0 0.005
0.339 0.706 0 0.005
0.34 0.00434313725490196 0 0.005
0.34 0.288 0 0.005
0.34 0.3 0 0.005
0.34 0.381 0 0.005
0.34 0.499 0 0.005
0.34 0.652 0 0.005
0.3465 0.0385 0 0.005
0.341 0.992 0 0.005
0.342 0.529 0 0.005
0.342 0.549 0 0.005
0.342 0.562 0 0.005
0.342 0.961 0 0.005
0.343 0.355 0 0.005
0.343 0.888 0 0.005
0.344 0.111 0 0.005
0.344 0.265 0 0.005
0.3465 0.6705 0 0.005
0.3465 0.8405 0 0.005
0.345 0.02 0 0.005
0.345 0.478 0 0.005
0.345 0.942 0 0.005
0.346 0.095 0 0.005
0.346 0.341 0 0.005
0.346 0.445 0 0.005
0.3485 0.5855 0 0.005
0.346 0.603 0 0.005
0.346 0.759 0 0.005
0.346 0.823 0 0.005
0.3525 0.738 0 0.005
0.348 0.167 0 0.005
0.348 0.182 0 0.005
0.348 0.2 0 0.005
0.3505 0.2185 0 0.005
0.348 0.236 0 0.005
0.348 0.248 0 0.005
0.348 0.395 0 0.005
0.353 0.7685 0 0.005
0.352 0.7965 0 0.005
0.349 0.067 0 0.005
0.357 0.9785 0 0.005
0.35 0.081 0 0.005
0.358 0.2835 0 0.005
0.35 0.371 0 0.005
0.3545 0.62 0 0.005
0.354 0.6985 0 0.005
0.356 0.0495 0 0.005
0.351 0.127 0 0.005
0.351 0.325 0 0.005
0.351 0.514 0 0.005
0.351 0.722 0 0.005
0.357 0.4315 0 0.005
0.352 0.641 0 0.005
0.352 0.655 0 0.005
0.353 0.932 0 0.005
0.354 0.0027746478873239434 0 0.005
0.354 0.146 0 0.005
0.354 0.383 0 0.005
0.354 0.536 0 0.005
0.354 0.996225352112676 0 0.005
0.355 0.308 0 0.005
0.355 0.464 0 0.005
0.355 0.898 0 0.005
0.356 0.352 0 0.005
0.356 0.494 0 0.005
0.357 0.257 0 0.005
0.357 0.564 0 0.005
0.357 0.883 0 0.005
0.362 0.0105 0 0.005
0.358 0.159 0 0.005
0.358 0.597 0 0.005
0.367 0.804 0 0.005
0.358 0.828 0 0.005
0.358 0.953 0 0.005
0.359 0.416 0 0.005
0.359 0.668 0 0.005
0.36 0.201 0 0.005
0.36 0.396 0 0.005
0.36 0.686 0 0.005
0.3665 0.2435 0 0.005
0.362 0.215 0 0.005
0.363 0.08 0 0.005
0.363 0.117 0 0.005
0.363 0.135 0 0.005
0.363 0.319 0 0.005
0.363 0.454 0 0.005
0.363 0.475 0 0.005
0.3655 0.4995 0 0.005
0.364 0.189 0 0.005
0.364 0.517 0 0.005
0.364 0.58 0 0.005
0.37 0.6363333333333334 0 0.005
0.375 0.749 0 0.005
0.364 0.869 0 0.005
0.365 0.033 0 0.005
0.365 0.105 0 0.005
0.3756666666666667 0.23366666666666666 0 0.005
0.365 0.552 0 0.005
0.365 0.651 0 0.005
0.38271428571428573 0.9004285714285715 0 0.005
0.371 0.0545 0 0.005
0.366 0.174 0 0.005
0.366 0.337 0 0.005
0.366 0.937 0 0.005
0.371 0.7765 0 0.005
0.367 0.838 0 0.005
0.367 0.85 0 0.005
0.368 0.093 0 0.005
0.3776666666666667 0.3053333333333333 0 0.005
0.3756666666666667 0.362 0 0.005
0.368 0.608 0 0.005
0.368 0.977 0 0.005
0.37 0.149 0 0.005
0.37 0.349 0 0.005
0.37 0.534 0 0.005
0.37 0.709 0 0.005
0.381 0.72625 0 0.005
0.371 0.386 0 0.005
0.371 0.417 0 0.005
0.3755 0.468 0 0.005
0.371 0.595 0 0.005
0.371 0.663 0 0.005
0.3813333333333333 0.014333333333333333 0 0.005
0.373 0.677 0 0.005
0.373 0.697 0 0.005
0.374 0.072 0 0.005
0.375 0.129 0 0.005
0.375 0.21 0 0.005
0.3795 0.259 0 0.005
0.378 0.2885 0 0.005
0.375 0.319 0 0.005
0.375 0.759 0 0.005
0.375 0.877 0 0.005
0.375 0.955 0 0.005
0.376 0.117 0 0.005
0.376 0.436 0 0.005
0.376 0.45 0 0.005
0.376 0.516 0 0.005
0.376 0.571 0 0.005
0.376 0.825 0 0.005
0.376 0.996225352112676 0 0.005
0.3805 0.158 0 0.005
0.377 0.485 0 0.005
0.377 0.504 0 0.005
0.38 0.5405 0 0.005
0.377 0.863 0 0.005
0.378 0.003763440860215054 0 0.005
0.378 0.188 0 0.005
0.378 0.336 0 0.005
0.378 0.406 0 0.005
0.378 0.968 0 0.005
0.386 0.5583333333333333 0 0.005
0.379 0.585 0 0.005
0.379 0.92 0 0.005
0.38 0.104 0 0.005
0.38 0.939 0 0.005
0.381 0.09 0 0.005
0.381 0.376 0 0.005
0.3875 0.027 0 0.005
0.388 0.7085 0 0.005
0.384 0.613 0 0.005
0.384 0.63 0 0.005
0.384 0.656 0 0.005
0.384 0.69 0 0.005
0.384 0.988 0 0.005
0.3875 0.4315 0 0.005
0.385 0.785 0 0.005
0.386 0.178 0 0.005
0.386 0.846 0 0.005
0.387 0.06 0 0.005
0.387 0.074 0 0.005
0.387 0.138 0 0.005
0.387 0.202 0 0.005
0.387 0.282 0 0.005
0.39566666666666667 0.4013333333333333 0 0.005
0.387 0.493 0 0.005
0.394 0.86775 0 0.005
0.388 0.27 0 0.005
0.388 0.324 0 0.005
0.392 0.6825 0 0.005
0.388 0.765 0 0.005
0.388 0.808 0 0.005
0.389 0.042 0 0.005
0.389 0.119 0 0.005
0.389 0.226 0 0.005
0.389 0.449 0 0.005
0.39 0.463 0 0.005
0.39 0.596 0 0.005
0.3935 0.952 0 0.005
0.391 0.339 0 0.005
0.391 0.479 0 0.005
0.391 0.9967166666666667 0 0.005
0.392 0.579 0 0.005
0.3955 0.661 0 0.005
0.392 0.977 0 0.005
0.393 0.414 0 0.005
0.393 0.922 0 0.005
0.394 0.085 0 0.005
0.394 0.213 0 0.005
0.394 0.355 0 0.005
0.394 0.504 0 0.005
0.4003333333333333 0.797 0 0.005
0.394 0.834 0 0.005
0.395 0.292 0 0.005
0.395 0.523 0 0.005
0.395 0.7 0 0.005
0.395 0.777 0 0.005
0.395 0.821 0 0.005
0.396 0.256 0 0.005
0.396 0.371 0 0.005
0.396 0.625 0 0.005
0.397 0.639 0 0.005
0.407 0.17 0 0.005
0.398 0.75 0 0.005
0.398 0.934 0 0.005
0.399 0.059 0 0.005
0.399 0.073 0 0.005
0.399 0.104 0 0.005
0.399 0.132 0 0.005
0.399 0.191 0 0.005
0.4073333333333333 0.3893333333333333 0 0.005
0.399 0.544 0 0.005
0.399 0.733 0 0.005
0.4 0.179 0 0.005
0.4 0.268 0 0.005
0.4 0.764 0 0.005
0.402 0.047 0 0.005
0.402 0.242 0 0.005
0.402 0.599 0 0.005
0.402 0.874 0 0.005
0.4055 0.4315 0 0.005
0.4096666666666667 0.214 0 0.005
0.404 0.467 0 0.005
0.4205 0.48125 0 0.005
0.404 0.575 0 0.005
0.4126666666666667 0.11266666666666666 0 0.005
0.417 0.29825 0 0.005
0.41 0.6145 0 0.005
0.405 0.9952365591397849 0 0.005
0.406 0.0027746478873239434 0 0.005
0.406 0.148 0 0.005
0.4115 0.2825 0 0.005
0.406 0.556 0 0.005
0.4095 0.0335 0 0.005
0.407 0.355 0 0.005
0.407 0.45 0 0.005
0.407 0.587 0 0.005
0.407 0.667 0 0.005
0.4166666666666667 0.7883333333333333 0 0.005
0.4125 0.8445 0 0.005
0.41333333333333333 0.885 0 0.005
0.408 0.258 0 0.005
0.408 0.323 0 0.005
0.4125 0.679 0 0.005
0.408 0.704 0 0.005
0.412 0.727 0 0.005
0.408 0.829 0 0.005
0.408 0.981 0 0.005
0.409 0.083 0 0.005
0.419 0.344 0 0.005
0.41 0.645 0 0.005
0.41 0.918 0 0.005
0.4145 0.95 0 0.005
0.41 0.964 0 0.005
0.411 0.015 0 0.005
0.411 0.191 0 0.005
0.411 0.53 0 0.005
0.411 0.631 0 0.005
0.411 0.865 0 0.005
0.412 0.095 0 0.005
0.412 0.508 0 0.005
0.412 0.753 0 0.005
0.412 0.768 0 0.005
0.413 0.37 0 0.005
0.417 0.9345 0 0.005
0.415 0.061 0 0.005
0.4195 0.456 0 0.005
0.415 0.602 0 0.005
0.4215 0.1605 0 0.005
0.4185 0.8175 0 0.005
0.416 0.904 0 0.005
0.417 0.131 0 0.005
0.417 0.421 0 0.005
0.417 0.493 0 0.005
0.42380473372781063 0.005970414201183431 0 0.005
0.418 0.073 0 0.005
0.418 0.23 0 0.005
0.4236666666666667 0.5726666666666667 0 0.005
0.418 0.996225352112676 0 0.005
0.4245 0.146 0 0.005
0.419 0.546 0 0.005
0.4215 0.7025 0 0.005
0.425 0.2715 0 0.005
0.42 0.407 0 0.005
0.42 0.983 0 0.005
0.421 0.085 0 0.005
0.422 0.243 0 0.005
0.423 0.321 0 0.005
0.4265 0.666 0 0.005
0.423 0.92 0 0.005
0.43 0.9673333333333334 0 0.005
0.424 0.256 0 0.005
0.424 0.44 0 0.005
0.4295 0.7465 0 0.005
0.424 0.76 0 0.005
0.428 0.7785 0 0.005
0.424 0.86 0 0.005
0.425 0.023 0 0.005
0.436 0.0445 0 0.005
0.425 0.2 0 0.005
0.43 0.8315 0 0.005
0.426 0.61 0 0.005
0.426 0.625 0 0.005
0.427 0.215 0 0.005
0.427 0.525 0 0.005
0.427 0.683 0 0.005
0.428 0.383 0 0.005
0.428 0.644 0 0.005
0.431 0.8735 0 0.005
0.429 0.188 0 0.005
0.429 0.421 0 0.005
0.429 0.495 0 0.005
0.429 0.729 0 0.005
0.4396666666666667 0.303 0 0.005
0.43 0.395 0 0.005
0.43 0.511 0 0.005
0.4355 0.597 0 0.005
0.431 0.464 0 0.005
0.431 0.543 0 0.005
0.431 0.559 0 0.005
0.432 0.337 0 0.005
0.433 0.931 0 0.005
0.434 0.099 0 0.005
0.434 0.113 0 0.005
0.434 0.129 0 0.005
0.4385 0.17 0 0.005
0.434 0.226 0 0.005
0.439 0.2385 0 0.005
0.434 0.81 0 0.005
0.434 0.899 0 0.005
0.434 0.913 0 0.005
0.435 0.369 0 0.005
0.436 0.062 0 0.005
0.436 0.692 0 0.005
0.4475 0.761 0 0.005
0.436 0.851 0 0.005
0.437 0.434 0 0.005
0.437 0.719 0 0.005
0.438 0.207 0 0.005
0.438 0.254 0 0.005
0.442 0.4525 0 0.005
0.438 0.58 0 0.005
0.444 0.0205 0 0.005
0.439 0.079 0 0.005
0.439 0.266 0 0.005
0.444 0.5243333333333333 0 0.005
0.439 0.994 0 0.005
0.44 0.0022833333333333334 0 0.005
0.44 0.321 0 0.005
0.44 0.627 0 0.005
0.44 0.705 0 0.005
0.441 0.141 0 0.005
0.441 0.411 0 0.005
0.441 0.798 0 0.005
0.4435 0.9505 0 0.005
0.442 0.186 0 0.005
0.442 0.347 0 0.005
0.442 0.568 0 0.005
0.446 0.6845 0 0.005
0.443 0.5 0 0.005
0.443 0.613 0 0.005
0.4465 0.734 0 0.005
0.4465 0.3655 0 0.005
0.448 0.6645 0 0.005
0.444 0.786 0 0.005
0.445 0.091 0 0.005
0.445 0.218 0 0.005
0.445 0.64 0 0.005
0.4475 0.8905 0 0.005
0.445 0.968 0 0.005
0.446 0.28 0 0.005
0.446 0.981 0 0.005
0.4505 0.1105 0 0.005
0.448 0.129 0 0.005
0.448 0.153 0 0.005
0.448 0.829 0 0.005
0.45775 0.8555 0 0.005
0.448 0.872 0 0.005
0.448 0.911 0 0.005
0.449 0.335 0 0.005
0.449 0.47 0 0.005
0.449 0.81 0 0.005
0.45 0.07 0 0.005
0.45 0.203 0 0.005
0.45 0.386 0 0.005
0.45 0.4 0 0.005
0.45 0.539 0 0.005
0.45 0.555 0 0.005
0.451 0.248 0 0.005
0.451 0.268 0 0.005
0.451 0.441 0 0.005
0.451 0.715 0 0.005
0.452 0.0027746478873239434 0 0.005
0.452 0.322 0 0.005
0.452 0.428 0 0.005
0.452 0.485 0 0.005
0.4622 0.9406 0 0.005
0.4633333333333333 0.5886666666666667 0 0.005
0.4595 0.17 0 0.005
0.454 0.185 0 0.005
0.46066666666666667 0.5693333333333334 0 0.005
0.455 0.039 0 0.005
0.455 0.141 0 0.005
0.4642 0.3332 0 0.005
0.46 0.4185 0 0.005
0.455 0.615 0 0.005
0.455 0.702 0 0.005
0.455 0.797 0 0.005
0.46093564356435646 0.9929504950495049 0 0.005
0.456 0.235 0 0.005
0.456 0.627 0 0.005
0.4585 0.6495 0 0.005
0.457 0.972 0 0.005
0.458 0.222 0 0.005
0.458 0.283 0 0.005
0.458 0.452 0 0.005
0.458 0.958 0 0.005
0.459 0.09 0 0.005
0.459 0.258 0 0.005
0.459 0.499 0 0.005
0.459 0.601 0 0.005
0.46 0.783 0 0.005
0.466 0.9143333333333333 0 0.005
0.461 0.021 0 0.005
0.4673333333333333 0.377 0 0.005
0.461 0.518 0 0.005
0.462 0.116 0 0.005
0.462 0.297 0 0.005
0.462 0.396 0 0.005
0.462 0.689 0 0.005
0.462 0.893 0 0.005
0.463 0.071 0 0.005
0.463 0.544 0 0.005
0.4675 0.717 0 0.005
0.463 0.732 0 0.005
0.47015140845070424 0.007165492957746479 0 0.005
0.468 0.2745 0 0.005
0.464 0.361 0 0.005
0.4685 0.678 0 0.005
0.464 0.748 0 0.005
0.464 0.813 0 0.005
0.464 0.88 0 0.005
0.465 0.057 0 0.005
0.465 0.53 0 0.005
0.466 0.129 0 0.005
0.47433333333333333 0.149 0 0.005
0.469 0.2165 0 0.005
0.466 0.44 0 0.005
0.466 0.464 0 0.005
0.466 0.826 0 0.005
0.466 0.839 0 0.005
0.467 0.044 0 0.005
0.467 0.181 0 0.005
0.4725 0.198 0 0.005
0.468 0.477 0 0.005
0.468 0.659 0 0.005
0.4715 0.798 0 0.005
0.469 0.235 0 0.005
0.4755 0.4915 0 0.005
0.47 0.699 0 0.005
0.4893333333333333 0.24883333333333335 0 0.005
0.4746666666666667 0.5106666666666667 0 0.005
0.471 0.769 0 0.005
0.471 0.968 0 0.005
0.472 0.03 0 0.005
0.472 0.408 0 0.005
0.472 0.621 0 0.005
0.473 0.608 0 0.005
0.473 0.757 0 0.005
0.473 0.781 0 0.005
0.477 0.092 0 0.005
0.474 0.113 0 0.005
0.474 0.298 0 0.005
0.474 0.868 0 0.005
0.481 0.0685 0 0.005
0.476 0.56 0 0.005
0.48 0.6355 0 0.005
0.477 0.311 0 0.005
0.48333333333333334 0.34833333333333333 0 0.005
0.477 0.424 0 0.005
0.477 0.583 0 0.005
0.477 0.88 0 0.005
0.477 0.893 0 0.005
0.478 0.466 0 0.005
0.478 0.533 0 0.005
0.478 0.934 0 0.005
0.479 0.052 0 0.005
0.479 0.183 0 0.005
0.484 0.3265 0 0.005
0.479 0.452 0 0.005
0.48 0.165 0 0.005
0.481 0.021 0 0.005
0.481 0.127 0 0.005
0.481 0.393 0 0.005
0.481 0.478 0 0.005
0.481 0.708 0 0.005
0.481 0.73 0 0.005
0.481 0.826 0 0.005
0.481 0.98 0 0.005
0.482 0.696 0 0.005
0.482 0.844 0 0.005
0.482 0.994656862745098 0 0.005
0.4885 0.2125 0 0.005
0.4875 0.746 0 0.005
0.483 0.857 0 0.005
0.483 0.917 0 0.005
0.484 0.23 0 0.005
0.484 0.437 0 0.005
0.484 0.618 0 0.005
0.484 0.671 0 0.005
0.4866666666666667 0.803 0 0.005
0.484 0.968 0 0.005
0.485 0.548 0 0.005
0.486 0.08 0 0.005
0.486 0.268 0 0.005
0.486 0.369 0 0.005
0.486 0.407 0 0.005
0.486 0.766 0 0.005
0.4895 0.5655 0 0.005
0.487 0.605 0 0.005
0.487 0.653 0 0.005
0.488 0.0027746478873239434 0 0.005
0.488 0.036 0 0.005
0.488 0.522 0 0.005
0.488 0.905 0 0.005
0.489 0.104 0 0.005
0.489 0.289 0 0.005
0.489 0.423 0 0.005
0.489 0.782 0 0.005
0.489 0.879 0 0.005
0.489 0.891 0 0.005
0.49 0.116 0 0.005
0.4935 0.464 0 0.005
0.491 0.053 0 0.005
0.491 0.317 0 0.005
0.491 0.383 0 0.005
0.492 0.198 0 0.005
0.492 0.536 0 0.005
0.492 0.684 0 0.005
0.492 0.836 0 0.005
0.492 0.953 0 0.005
0.493 0.022 0 0.005
0.493 0.132 0 0.005
0.493 0.396 0 0.005
0.493 0.493 0 0.005
0.493 0.508 0 0.005
0.493 0.715 0 0.005
0.493 0.977 0 0.005
0.494 0.148 0 0.005
0.494 0.162 0 0.005
0.494 0.183 0 0.005
0.4985 0.581 0 0.005
0.494 0.696 0 0.005
0.494 0.864 0 0.005
0.5006666666666667 0.9206666666666666 0 0.005
0.495 0.089 0 0.005
0.495 0.732 0 0.005
0.495 0.991 0 0.005
0.5006666666666667 0.27 0 0.005
0.496 0.304 0 0.005
0.501 0.6135 0 0.005
0.5122000000000001 0.653 0 0.005
0.496 0.965 0 0.005
0.497 0.447 0 0.005
0.497 0.941 0 0.005
0.498 0.067 0 0.005
0.498 0.764 0 0.005
0.498 0.821 0 0.005
0.499 0.359 0 0.005
0.5045 0.4815 0 0.005
0.499 0.667 0 0.005
0.5 0.225 0 0.005
0.5 0.526 0 0.005
0.5096666666666667 0.6226666666666666 0 0.005
0.5 0.849 0 0.005
0.504 0.0975 0 0.005
0.501 0.776 0 0.005
0.5115958333333334 0.01100625 0 0.005
0.502 0.035 0 0.005
0.502 0.121 0 0.005
0.502 0.371 0 0.005
0.502 0.79 0 0.005
0.502 0.875 0 0.005
0.5045 0.8975 0 0.005
0.503 0.329 0 0.005
0.5095 0.2845 0 0.005
0.504 0.434 0 0.005
0.5095 0.804 0 0.005
0.509 0.063 0 0.005
0.505 0.418 0 0.005
0.505 0.497 0 0.005
0.505 0.51 0 0.005
0.505 0.835 0 0.005
0.506 0.151 0 0.005
0.506 0.18 0 0.005
0.506 0.199 0 0.005
0.5115 0.5575 0 0.005
0.506 0.598 0 0.005
0.5126666666666666 0.707 0 0.005
0.507 0.315 0 0.005
0.507 0.346 0 0.005
0.507 0.404 0 0.005
0.507 0.543 0 0.005
0.507 0.745 0 0.005
0.508 0.389 0 0.005
0.508 0.683 0 0.005
0.509 0.471 0 0.005
0.509 0.936 0 0.005
0.5135 0.979 0 0.005
0.51 0.214 0 0.005
0.51 0.459 0 0.005
0.51 0.757 0 0.005
0.511 0.3 0 0.005
0.511 0.36 0 0.005
0.511 0.823 0 0.005
0.511 0.948 0 0.005
0.512 0.165 0 0.005
0.512 0.227 0 0.005
0.524 0.7295 0 0.005
0.512 0.863 0 0.005
0.513 0.107 0 0.005
0.513 0.138 0 0.005
0.5155 0.6675 0 0.005
0.513 0.778 0 0.005
0.513 0.962 0 0.005
0.5175654450261781 0.9913193717277488 0 0.005
0.5195 0.039 0 0.005
0.515 0.239 0 0.005
0.515 0.637 0 0.005
0.515 0.882 0 0.005
0.5205 0.333 0 0.005
0.516 0.533 0 0.005
0.517 0.257 0 0.005
0.5215 0.497 0 0.005
0.5225 0.588 0 0.005
0.518 0.427 0 0.005
0.518 0.449 0 0.005
0.518 0.513 0 0.005
0.5225 0.148 0 0.005
0.519 0.178 0 0.005
0.519 0.833 0 0.005
0.519 0.895 0 0.005
0.519 0.907 0 0.005
0.52 0.088 0 0.005
0.52 0.373 0 0.005
0.52 0.413 0 0.005
0.52 0.572 0 0.005
0.52 0.691 0 0.005
0.52 0.92 0 0.005
0.521 0.477 0 0.005
0.521 0.851 0 0.005
0.522 0.311 0 0.005
0.522 0.788 0 0.005
0.522 0.934 0 0.005
0.523 0.025 0 0.005
0.5285 0.1285 0 0.005
0.523 0.193 0 0.005
0.523 0.386 0 0.005
0.523 0.747 0 0.005
0.524 0.076 0 0.005
0.5295 0.6055 0 0.005
0.524 0.76 0 0.005
0.524 0.814 0 0.005
0.5365 0.28025 0 0.005
0.525 0.291 0 0.005
0.525 0.355 0 0.005
0.529 0.6325 0 0.005
0.526 0.112 0 0.005
0.5366666666666666 0.466 0 0.005
0.527 0.95 0 0.005
0.528 0.055 0 0.005
0.528 0.206 0 0.005
0.532 0.2215 0 0.005
0.528 0.239 0 0.005
0.528 0.401 0 0.005
0.528 0.801 0 0.005
0.5305 0.8595 0 0.005
0.528 0.883 0 0.005
0.5477000000000001 0.07959999999999999 0 0.005
0.533 0.1605 0 0.005
0.529 0.528 0 0.005
0.529 0.559 0 0.005
0.529 0.963 0 0.005
0.53825 0.4305 0 0.005
0.53 0.544 0 0.005
0.531 0.508 0 0.005
0.531 0.913 0 0.005
0.532 0.834 0 0.005
0.533 0.26 0 0.005
0.533 0.706 0 0.005
0.533 0.771 0 0.005
0.533 0.976 0 0.005
0.533 0.994 0 0.005
0.534 0.576 0 0.005
0.535 0.189 0 0.005
0.541 0.3253333333333333 0 0.005
0.535 0.482 0 0.005
0.536 0.177 0 0.005
0.536 0.345 0 0.005
0.536 0.391 0 0.005
0.536 0.45 0 0.005
0.536 0.787 0 0.005
0.537 0.015 0 0.005
0.537 0.306 0 0.005
0.537 0.686 0 0.005
0.537 0.901 0 0.005
0.537 0.937 0 0.005
0.538 0.04 0 0.005
0.5483333333333333 0.6266666666666666 0 0.005
0.538 0.718 0 0.005
0.539 0.363 0 0.005
0.539 0.752 0 0.005
0.539 0.951 0 0.005
0.54 0.0022833333333333334 0 0.005
0.54 0.028 0 0.005
0.54 0.375 0 0.005
0.54 0.409 0 0.005
0.54 0.535 0 0.005
0.549 0.6703333333333333 0 0.005
0.54 0.816 0 0.005
0.54 0.889 0 0.005
0.54 0.924 0 0.005
0.541 0.495 0 0.005
0.541 0.652 0 0.005
0.542 0.587 0 0.005
0.548 0.1215 0 0.005
0.543 0.228 0 0.005
0.543 0.563 0 0.005
0.543 0.967 0 0.005
0.544 0.054 0 0.005
0.544 0.243 0 0.005
0.544 0.798 0 0.005
0.544 0.876 0 0.005
0.545 0.258 0 0.005
0.545 0.515 0 0.005
0.545 0.6 0 0.005
0.545 0.696 0 0.005
0.545 0.851 0 0.005
0.545 0.864 0 0.005
0.5511978417266187 0.9883129496402878 0 0.005
0.546 0.838 0 0.005
0.547 0.137 0 0.005
0.547 0.2 0 0.005
0.547 0.639 0 0.005
0.547 0.742 0 0.005
0.555 0.18766666666666665 0 0.005
0.5535 0.2125 0 0.005
0.5535 0.011 0 0.005
0.549 0.35 0 0.005
0.5535 0.546 0 0.005
0.5545 0.616 0 0.005
0.549 0.684 0 0.005
0.549 0.769 0 0.005
0.549 0.906 0 0.005
0.555 0.4005 0 0.005
0.551 0.157 0 0.005
0.551 0.169 0 0.005
0.5555 0.367 0 0.005
0.552 0.422 0 0.005
0.556 0.9235 0 0.005
0.553 0.04 0 0.005
0.5585 0.294 0 0.005
0.553 0.383 0 0.005
0.553 0.651 0 0.005
0.5643333333333334 0.5036666666666667 0 0.005
0.554 0.578 0 0.005
0.557 0.6995 0 0.005
0.554 0.781 0 0.005
0.554 0.944 0 0.005
0.555 0.028 0 0.005
0.555 0.888 0 0.005
0.555 0.973 0 0.005
0.56 0.0985 0 0.005
0.556 0.249 0 0.005
0.556 0.309 0 0.005
0.556 0.478 0 0.005
0.556 0.824 0 0.005
0.556 0.875 0 0.005
0.557 0.53 0 0.005
0.557 0.566 0 0.005
0.557 0.596 0 0.005
0.557 0.717 0 0.005
0.557 0.73 0 0.005
0.557 0.797 0 0.005
0.557 0.812 0 0.005
0.557 0.863 0 0.005
0.558 0.264 0 0.005
0.558 0.45 0 0.005
0.559 0.227 0 0.005
0.559 0.338 0 0.005
0.559 0.516 0 0.005
0.559 0.742 0 0.005
0.559 0.958 0 0.005
0.5645 0.322 0 0.005
0.56 0.757 0 0.005
0.561 0.353 0 0.005
0.562 0.462 0 0.005
0.562 0.907 0 0.005
0.563 0.842 0 0.005
0.564 0.155 0 0.005
0.564 0.417 0 0.005
0.565 0.123 0 0.005
0.565 0.139 0 0.005
0.5695 0.273 0 0.005
0.565 0.655 0 0.005
0.565 0.774 0 0.005
0.575 0.089 0 0.005
0.575 0.384 0 0.005
0.567 0.024 0 0.005
0.567 0.24 0 0.005
0.567 0.434 0 0.005
0.567 0.854 0 0.005
0.567 0.883 0 0.005
0.567 0.93 0 0.005
0.568 0.041 0 0.005
0.568 0.486 0 0.005
0.568 0.604 0 0.005
0.568 0.705 0 0.005
0.5713333333333334 0.9803333333333334 0 0.005
0.5753333333333334 0.5316666666666666 0 0.005
0.569 0.685 0 0.005
0.573 0.7885 0 0.005
0.57 0.177 0 0.005
0.57 0.363 0 0.005
0.57 0.551 0 0.005
0.57 0.808 0 0.005
0.571 0.822 0 0.005
0.571 0.868 0 0.005
0.576 0.9475 0 0.005
0.571 0.96 0 0.005
0.572 0.00434313725490196 0 0.005
0.572 0.165 0 0.005
0.572 0.19 0 0.005
0.572 0.209 0 0.005
0.572 0.449 0 0.005
0.572 0.757 0 0.005
0.572 0.896 0 0.005
0.573 0.112 0 0.005
0.573 0.35 0 0.005
0.573 0.565 0 0.005
0.573 0.583 0 0.005
0.573 0.619 0 0.005
0.573 0.666 0 0.005
0.574 0.221 0 0.005
0.575 0.338 0 0.005
0.5795 0.046 0 0.005
0.576 0.303 0 0.005
0.576 0.723 0 0.005
0.576 0.737 0 0.005
0.577 0.146 0 0.005
0.577 0.476 0 0.005
0.577 0.641 0 0.005
0.577 0.834 0 0.005
0.5835 0.2305 0 0.005
0.578 0.252 0 0.005
0.578 0.416 0 0.005
0.579 0.911 0 0.005
0.587 0.7206666666666667 0 0.005
0.583 0.8515 0 0.005
0.5865 0.018 0 0.005
0.581 0.404 0 0.005
0.581 0.656 0 0.005
0.5855 0.698 0 0.005
0.582 0.072 0 0.005
0.582 0.199 0 0.005
0.582 0.286 0 0.005
0.582 0.605 0 0.005
0.582 0.677 0 0.005
0.587 0.9635 0 0.005
0.582 0.994 0 0.005
0.583 0.132 0 0.005
0.584 0.003763440860215054 0 0.005
0.584 0.119 0 0.005
0.584 0.164 0 0.005
0.5895 0.432 0 0.005
0.584 0.759 0 0.005
0.584 0.801 0 0.005
0.584 0.817 0 0.005
0.584 0.923 0 0.005
0.585 0.443 0 0.005
0.585 0.461 0 0.005
0.585 0.624 0 0.005
0.586 0.363 0 0.005
0.59 0.3935 0 0.005
0.586 0.495 0 0.005
0.5915 0.514 0 0.005
0.586 0.572 0 0.005
0.586 0.772 0 0.005
0.586 0.893 0 0.005
0.587 0.323 0 0.005
0.587 0.553 0 0.005
0.587 0.746 0 0.005
0.587 0.878 0 0.005
0.587 0.936 0 0.005
0.588 0.242 0 0.005
0.588 0.268 0 0.005
0.5935 0.3135 0 0.005
0.589 0.083 0 0.005
0.5945 0.3465 0 0.005
0.589 0.584 0 0.005
0.589 0.636 0 0.005
0.596 0.056666666666666664 0 0.005
0.59 0.184 0 0.005
0.59 0.255 0 0.005
0.59 0.296 0 0.005
0.59 0.336 0 0.005
0.59 0.415 0 0.005
0.591 0.483 0 0.005
0.591 0.596 0 0.005
0.592 0.211 0 0.005
0.592 0.863 0 0.005
0.594 0.199 0 0.005
0.594 0.534 0 0.005
0.594 0.61 0 0.005
0.594 0.649 0 0.005
0.594 0.671 0 0.005
0.594 0.829 0 0.005
0.597 0.9415 0 0.005
0.6005 0.03 0 0.005
0.595 0.112 0 0.005
0.595 0.809 0 0.005
0.595 0.972 0 0.005
0.595 0.986 0 0.005
0.596 0.785 0 0.005
0.596 0.996225352112676 0 0.005
0.597 0.143 0 0.005
0.602 0.6185 0 0.005
0.6005 0.1625 0 0.005
0.598 0.447 0 0.005
0.598 0.847 0 0.005
0.598 0.924 0 0.005
0.599 0.493 0 0.005
0.599 0.685 0 0.005
0.6025 0.2805 0 0.005
0.6 0.363 0 0.005
0.6 0.381 0 0.005
0.6055 0.502 0 0.005
0.6 0.572 0 0.005
0.6 0.767 0 0.005
0.6 0.91 0 0.005
0.601 0.096 0 0.005
0.601 0.304 0 0.005
0.601 0.46 0 0.005
0.601 0.472 0 0.005
0.6063333333333334 0.7163333333333334 0 0.005
0.6065 0.7395 0 0.005
0.601 0.876 0 0.005
0.602 0.0022833333333333334 0 0.005
0.602 0.244 0 0.005
0.602 0.26 0 0.005
0.603 0.754 0 0.005
0.603 0.897 0 0.005
0.604 0.012 0 0.005
0.608 0.22566666666666665 0 0.005
0.604 0.82 0 0.005
0.6133333333333334 0.13766666666666666 0 0.005
0.605 0.796 0 0.005
0.605 0.836 0 0.005
0.6145 0.07025 0 0.005
0.606 0.403 0 0.005
0.606 0.531 0 0.005
0.606 0.544 0 0.005
0.607 0.561 0 0.005
0.607 0.861 0 0.005
0.608 0.109 0 0.005
0.608 0.204 0 0.005
0.608 0.325 0 0.005
0.608 0.42 0 0.005
0.608 0.587 0 0.005
0.608 0.972 0 0.005
0.609 0.047 0 0.005
0.609 0.482 0 0.005
0.609 0.601 0 0.005
0.609 0.655 0 0.005
0.609 0.675 0 0.005
0.609 0.808 0 0.005
0.61 0.153 0 0.005
0.61 0.18 0 0.005
0.61 0.192 0 0.005
0.61 0.434 0 0.005
0.61 0.446 0 0.005
0.61 0.515 0 0.005
0.61 0.778 0 0.005
0.61 0.926 0 0.005
0.611 0.636 0 0.005
0.611 0.694 0 0.005
0.611 0.953 0 0.005
0.612 0.34 0 0.005
0.6155 0.356 0 0.005
0.612 0.374 0 0.005
0.613 0.294 0 0.005
0.617 0.8885 0 0.005
0.613 0.993 0 0.005
0.6195 0.2595 0 0.005
0.614 0.392 0 0.005
0.614 0.459 0 0.005
0.6175 0.912 0 0.005
0.614 0.938 0 0.005
0.615 0.246 0 0.005
0.615 0.757 0 0.005
0.6217841726618705 0.00872661870503597 0 0.005
0.616 0.845 0 0.005
0.6225 0.1715 0 0.005
0.617 0.571 0 0.005
0.6235 0.041 0 0.005
0.618 0.409 0 0.005
0.618 0.795 0 0.005
0.6332000000000001 0.84 0 0.005
0.622 0.5205 0 0.005
0.62 0.117 0 0.005
0.62 0.129 0 0.005
0.62 0.315 0 0.005
0.62 0.543 0 0.005
0.623 0.9765 0 0.005
0.621 0.026 0 0.005
0.6266666666666666 0.686 0 0.005
0.621 0.808 0 0.005
0.621 0.858 0 0.005
0.622 0.094 0 0.005
0.622 0.279 0 0.005
0.622 0.303 0 0.005
0.622 0.421 0 0.005
0.622 0.443 0 0.005
0.622 0.586 0 0.005
0.622 0.648 0 0.005
0.622 0.705 0 0.005
0.622 0.874 0 0.005
0.623 0.157 0 0.005
0.6355 0.1955 0 0.005
0.623 0.468 0 0.005
0.623 0.48 0 0.005
0.623 0.558 0 0.005
0.623 0.617 0 0.005
0.628 0.7755 0 0.005
0.6286666666666666 0.218 0 0.005
0.624 0.723 0 0.005
0.624 0.929 0 0.005
0.625 0.382 0 0.005
0.625 0.636 0 0.005
0.625 0.9967166666666667 0 0.005
0.626 0.37 0 0.005
0.626 0.941 0 0.005
0.627 0.331 0 0.005
0.6305 0.658 0 0.005
0.627 0.82 0 0.005
0.628 0.494 0 0.005
0.629 0.073 0 0.005
0.633 0.3985 0 0.005
0.629 0.954 0 0.005
0.631 0.294 0 0.005
0.631 0.343 0 0.005
0.631 0.603 0 0.005
0.631 0.743 0 0.005
0.6376666666666666 0.8043333333333333 0 0.005
0.632 0.536 0 0.005
0.632 0.757 0 0.005
0.632 0.884 0 0.005
0.632 0.986 0 0.005
0.633 0.131 0 0.005
0.633 0.268 0 0.005
0.6385 0.7115 0 0.005
0.633 0.918 0 0.005
0.634 0.087 0 0.005
0.6395 0.236 0 0.005
0.634 0.439 0 0.005
0.641 0.5246666666666666 0 0.005
0.634 0.569 0 0.005
0.634 0.859 0 0.005
0.635 0.451 0 0.005
0.645 0.49675 0 0.005
0.635 0.506 0 0.005
0.635 0.555 0 0.005
0.635 0.872 0 0.005
0.636 0.102 0 0.005
0.637 0.115 0 0.005
0.637 0.148 0 0.005
0.637 0.253 0 0.005
0.637 0.584 0 0.005
0.637 0.619 0 0.005
0.637 0.641 0 0.005
0.644 0.6715 0 0.005
0.637 0.904 0 0.005
0.638 0.358 0 0.005
0.6435 0.4225 0 0.005
0.638 0.937 0 0.005
0.639 0.183 0 0.005
0.648 0.276 0 0.005
0.639 0.312 0 0.005
0.639 0.37 0 0.005
0.639 0.9957317073170732 0 0.005
0.64 0.026 0 0.005
0.64 0.382 0 0.005
0.64 0.966 0 0.005
0.641 0.00434313725490196 0 0.005
0.641 0.733 0 0.005
0.641 0.767 0 0.005
0.641 0.95 0 0.005
0.645 0.0695 0 0.005
0.642 0.468 0 0.005
0.6513333333333333 0.3333333333333333 0 0.005
0.643 0.607 0 0.005
0.643 0.745 0 0.005
0.644 0.159 0 0.005
0.644 0.829 0 0.005
0.645 0.038 0 0.005
0.645 0.629 0 0.005
0.645 0.889 0 0.005
0.646 0.543 0 0.005
0.646 0.784 0 0.005
0.646 0.926 0 0.005
0.647 0.052 0 0.005
0.647 0.173 0 0.005
0.647 0.347 0 0.005
0.647 0.557 0 0.005
0.647 0.86 0 0.005
0.647 0.875 0 0.005
0.647 0.983 0 0.005
0.6515 0.13 0 0.005
0.648 0.449 0 0.005
0.648 0.912 0 0.005
0.649 0.298 0 0.005
0.649 0.391 0 0.005
0.649 0.594 0 0.005
0.656 0.7206666666666667 0 0.005
0.65 0.089 0 0.005
0.65 0.101 0 0.005
0.65 0.483 0 0.005
0.65 0.694 0 0.005
0.6592 0.3678 0 0.005
0.651 0.9967166666666667 0 0.005
0.656 0.1515 0 0.005
0.653 0.113 0 0.005
0.6613333333333333 0.216 0 0.005
0.653 0.437 0 0.005
0.653 0.642 0 0.005
0.653 0.771 0 0.005
0.653 0.949 0 0.005
0.654 0.0027746478873239434 0 0.005
0.654 0.316 0 0.005
0.654 0.581 0 0.005
0.654 0.654 0 0.005
0.654 0.738 0 0.005
0.654 0.8 0 0.005
0.6595 0.9335 0 0.005
0.654 0.965 0 0.005
0.655 0.242 0 0.005
0.655 0.464 0 0.005
0.655 0.607 0 0.005
0.655 0.68 0 0.005
0.6595 0.756 0 0.005
0.655 0.899 0 0.005
0.656 0.017 0 0.005
0.656 0.413 0 0.005
0.656 0.832 0 0.005
0.657 0.229 0 0.005
0.657 0.254 0 0.005
0.6625 0.5305 0 0.005
0.657 0.569 0 0.005
0.658 0.039 0 0.005
0.6605 0.1915 0 0.005
0.658 0.62 0 0.005
0.666 0.07233333333333333 0 0.005
0.66 0.399 0 0.005
0.66 0.451 0 0.005
0.66 0.914 0 0.005
0.66 0.981 0 0.005
0.661 0.425 0 0.005
0.661 0.492 0 0.005
0.664 0.5895 0 0.005
0.661 0.814 0 0.005
0.6665 0.8825 0 0.005
0.662 0.09 0 0.005
0.6706666666666666 0.10566666666666667 0 0.005
0.6645 0.2915 0 0.005
0.662 0.478 0 0.005
0.663 0.054 0 0.005
0.663 0.168 0 0.005
0.664 0.138 0 0.005
0.664 0.324 0 0.005
0.6685 0.552 0 0.005
0.665 0.689 0 0.005
0.665 0.952 0 0.005
0.666 0.00434313725490196 0 0.005
0.666 0.437 0 0.005
0.666 0.634 0 0.005
0.6705 0.647 0 0.005
0.666 0.663 0 0.005
0.666 0.994656862745098 0 0.005
0.667 0.704 0 0.005
0.6695 0.7415 0 0.005
0.667 0.786 0 0.005
0.667 0.854 0 0.005
0.668 0.024 0 0.005
0.668 0.837 0 0.005
0.668 0.866 0 0.005
0.669 0.125 0 0.005
0.669 0.27 0 0.005
0.669 0.605 0 0.005
0.6745 0.828 0 0.005
0.669 0.898 0 0.005
0.67 0.242 0 0.005
0.67 0.677 0 0.005
0.67 0.772 0 0.005
0.67 0.799 0 0.005
0.671 0.186 0 0.005
0.671 0.506 0 0.005
0.672 0.159 0 0.005
0.672 0.312 0 0.005
0.672 0.393 0 0.005
0.673 0.41 0 0.005
0.673 0.494 0 0.005
0.673 0.978 0 0.005
0.674 0.424 0 0.005
0.6885 0.467 0 0.005
0.675 0.256 0 0.005
0.676 0.088 0 0.005
0.685 0.333 0 0.005
0.676 0.381 0 0.005
0.681 0.4425 0 0.005
0.676 0.568 0 0.005
0.676 0.964 0 0.005
0.677 0.035 0 0.005
0.677 0.212 0 0.005
0.677 0.936 0 0.005
0.677 0.95 0 0.005
0.678 0.005 0 0.005
0.678 0.047 0 0.005
0.678 0.285 0 0.005
0.678 0.324 0 0.005
0.678 0.812 0 0.005
0.679 0.139 0 0.005
0.679 0.364 0 0.005
0.679 0.538 0 0.005
0.679 0.721 0 0.005
0.683 0.9085 0 0.005
0.68 0.226 0 0.005
0.68 0.302 0 0.005
0.68 0.352 0 0.005
0.68 0.519 0 0.005
0.68 0.58 0 0.005
0.68 0.695 0 0.005
0.68 0.9952365591397849 0 0.005
0.681 0.198 0 0.005
0.681 0.484 0 0.005
0.681 0.617 0 0.005
0.6865 0.6575 0 0.005
0.681 0.848 0 0.005
0.681 0.869 0 0.005
0.682 0.117 0 0.005
0.687 0.2745 0 0.005
0.682 0.789 0 0.005
0.6875 0.063 0 0.005
0.688 0.5065 0 0.005
0.683 0.753 0 0.005
0.684 0.595 0 0.005
0.684 0.89 0 0.005
0.685 0.154 0 0.005
0.6933333333333334 0.17933333333333334 0 0.005
0.685 0.411 0 0.005
0.685 0.629 0 0.005
0.685 0.707 0 0.005
0.685 0.77 0 0.005
0.685 0.925 0 0.005
0.686 0.016 0 0.005
0.696 0.25433333333333336 0 0.005
0.692 0.4025 0 0.005
0.7006 0.434 0 0.005
0.6936666666666667 0.544 0 0.005
0.692 0.6725 0 0.005
0.689 0.238 0 0.005
0.689 0.738 0 0.005
0.689 0.987 0 0.005
0.69 0.312 0 0.005
0.69 0.452 0 0.005
0.69 0.95 0 0.005
0.691 0.034 0 0.005
0.691 0.126 0 0.005
0.691 0.386 0 0.005
0.691 0.563 0 0.005
0.691 0.641 0 0.005
0.691 0.839 0 0.005
0.692 0.108 0 0.005
0.692 0.211 0 0.005
0.692 0.523 0 0.005
0.692 0.719 0 0.005
0.6985 0.1955 0 0.005
0.693 0.226 0 0.005
0.693 0.348 0 0.005
0.693 0.579 0 0.005
0.693 0.853 0 0.005
0.694 0.051 0 0.005
0.694 0.086 0 0.005
0.694 0.373 0 0.005
0.694 0.802 0 0.005
0.694 0.871 0 0.005
0.695 0.605 0 0.005
0.695 0.783 0 0.005
0.695 0.971 0 0.005
0.696 0.006 0 0.005
0.696 0.693 0 0.005
0.696 0.885 0 0.005
0.7015 0.136 0 0.005
0.697 0.153 0 0.005
0.701 0.2945 0 0.005
0.697 0.625 0 0.005
0.697 0.914 0 0.005
0.697 0.932 0 0.005
0.698 0.165 0 0.005
0.698 0.822 0 0.005
0.698 0.996225352112676 0 0.005
0.699 0.493 0 0.005
0.7045 0.709 0 0.005
0.7181666666666666 0.7345 0 0.005
0.7 0.959 0 0.005
0.7035 0.0205 0 0.005
0.701 0.242 0 0.005
0.701 0.746 0 0.005
0.7065 0.354 0 0.005
0.7076666666666667 0.595 0 0.005
0.703 0.099 0 0.005
0.703 0.386 0 0.005
0.703 0.64 0 0.005
0.706 0.8375 0 0.005
0.708 0.9025 0 0.005
0.704 0.114 0 0.005
0.704 0.275 0 0.005
0.704 0.339 0 0.005
0.704 0.652 0 0.005
0.7175 0.76125 0 0.005
0.7123333333333334 0.07366666666666667 0 0.005
0.7095 0.231 0 0.005
0.705 0.326 0 0.005
0.705 0.775 0 0.005
0.7105 0.8135 0 0.005
0.705 0.855 0 0.005
0.705 0.987 0 0.005
0.706 0.312 0 0.005
0.706 0.567 0 0.005
0.706 0.798 0 0.005
0.707 0.057 0 0.005
0.707 0.68 0 0.005
0.71 0.8725 0 0.005
0.708 0.0022833333333333334 0 0.005
0.708 0.041 0 0.005
0.708 0.667 0 0.005
0.7145 0.1525 0 0.005
0.709 0.214 0 0.005
0.709 0.407 0 0.005
0.709 0.423 0 0.005
0.709 0.502 0 0.005
0.7145 0.526 0 0.005
0.71 0.538 0 0.005
0.71 0.92 0 0.005
0.71 0.932 0 0.005
0.7218333333333333 0.374 0 0.005
0.716 0.5545 0 0.005
0.711 0.949 0 0.005
0.712 0.698 0 0.005
0.712 0.9967166666666667 0 0.005
0.713 0.481 0 0.005
0.713 0.579 0 0.005
0.715 0.121 0 0.005
0.715 0.181 0 0.005
0.715 0.289 0 0.005
0.716 0.169 0 0.005
0.716 0.196 0 0.005
0.716 0.269 0 0.005
0.716 0.619 0 0.005
0.716 0.977 0 0.005
0.717 0.106 0 0.005
0.717 0.301 0 0.005
0.718 0.255 0 0.005
0.718 0.636 0 0.005
0.718 0.799 0 0.005
0.718 0.857 0 0.005
0.718 0.891 0 0.005
0.718 0.965 0 0.005
0.719 0.015 0 0.005
0.719 0.142 0 0.005
0.728 0.3176666666666667 0 0.005
0.719 0.653 0 0.005
0.719 0.779 0 0.005
0.72 0.003763440860215054 0 0.005
0.72 0.514 0 0.005
0.72 0.667 0 0.005
0.725 0.0445 0 0.005
0.721 0.211 0 0.005
0.721 0.223 0 0.005
0.721 0.421 0 0.005
0.73 0.44575 0 0.005
0.7235 0.4935 0 0.005
0.721 0.831 0 0.005
0.721 0.845 0 0.005
0.722 0.336 0 0.005
0.722 0.409 0 0.005
0.7275 0.088 0 0.005
0.723 0.47 0 0.005
0.728 0.5405 0 0.005
0.7265 0.923 0 0.005
0.723 0.953 0 0.005
0.7355 0.7133333333333334 0 0.005
0.724 0.869 0 0.005
0.724 0.9957317073170732 0 0.005
0.728 0.5725 0 0.005
0.725 0.59 0 0.005
0.726 0.61 0 0.005
0.7305 0.136 0 0.005
0.7353333333333334 0.18333333333333335 0 0.005
0.727 0.292 0 0.005
0.727 0.686 0 0.005
0.728 0.279 0 0.005
0.728 0.79 0 0.005
0.728 0.905 0 0.005
0.7315 0.945 0 0.005
0.728 0.976 0 0.005
0.729 0.118 0 0.005
0.729 0.881 0 0.005
0.73 0.643 0 0.005
0.73 0.856 0 0.005
0.73 0.893 0 0.005
0.731 0.167 0 0.005
0.7376824644549763 0.006748815165876778 0 0.005
0.732 0.072 0 0.005
0.732 0.155 0 0.005
0.732 0.397 0 0.005
0.732 0.629 0 0.005
0.732 0.805 0 0.005
0.732 0.962 0 0.005
0.733 0.201 0 0.005
0.733 0.246 0 0.005
0.733 0.265 0 0.005
0.734 0.023 0 0.005
0.734 0.215 0 0.005
0.734 0.672 0 0.005
0.735 0.232 0 0.005
0.735 0.355 0 0.005
0.735 0.414 0 0.005
0.735 0.599 0 0.005
0.736 0.504 0 0.005
0.7405 0.529 0 0.005
0.737 0.1 0 0.005
0.737 0.833 0 0.005
0.738 0.34 0 0.005
0.738 0.76 0 0.005
0.738 0.772 0 0.005
0.739 0.049 0 0.005
0.739 0.292 0 0.005
0.739 0.467 0 0.005
0.739 0.658 0 0.005
0.739 0.817 0 0.005
0.739 0.868 0 0.005
0.74 0.061 0 0.005
0.74 0.481 0 0.005
0.749 0.679 0 0.005
0.74 0.746 0 0.005
0.744 0.2735 0 0.005
0.741 0.558 0 0.005
0.741 0.849 0 0.005
0.741 0.908 0 0.005
0.741 0.9952365591397849 0 0.005
0.742 0.389 0 0.005
0.742 0.425 0 0.005
0.742 0.577 0 0.005
0.7463333333333334 0.6383333333333334 0 0.005
0.742 0.896 0 0.005
0.753 0.9193333333333333 0 0.005
0.743 0.369 0 0.005
0.743 0.437 0 0.005
0.743 0.545 0 0.005
0.743 0.609 0 0.005
0.743 0.79 0 0.005
0.7485 0.88 0 0.005
0.744 0.94 0 0.005
0.744 0.978 0 0.005
0.745 0.08 0 0.005
0.745 0.113 0 0.005
0.745 0.246 0 0.005
0.745 0.306 0 0.005
0.751 0.0195 0 0.005
0.746 0.037 0 0.005
0.747 0.132 0 0.005
0.756 0.19775 0 0.005
0.747 0.327 0 0.005
0.747 0.704 0 0.005
0.748 0.092 0 0.005
0.748 0.407 0 0.005
0.748 0.965 0 0.005
0.749 0.156 0 0.005
0.749 0.217 0 0.005
0.749 0.595 0 0.005
0.749 0.803 0 0.005
0.7536666666666666 0.3486666666666667 0 0.005
0.75 0.459 0 0.005
0.75 0.497 0 0.005
0.7648333333333334 0.52 0 0.005
0.75 0.737 0 0.005
0.75475 0.76125 0 0.005
0.7535 0.844 0 0.005
0.751 0.17 0 0.005
0.751 0.292 0 0.005
0.751 0.815 0 0.005
0.752 0.446 0 0.005
0.752 0.472 0 0.005
0.752 0.484 0 0.005
0.752 0.569 0 0.005
0.752 0.929 0 0.005
0.753 0.0022833333333333334 0 0.005
0.754 0.144 0 0.005
0.754 0.315 0 0.005
0.754 0.827 0 0.005
0.754 0.893 0 0.005
0.755 0.105 0 0.005
0.755 0.393 0 0.005
0.755 0.429 0 0.005
0.755 0.544 0 0.005
0.755 0.624 0 0.005
0.755 0.785 0 0.005
0.755 0.948 0 0.005
0.756 0.07 0 0.005
0.756 0.233 0 0.005
0.756 0.417 0 0.005
0.756 0.557 0 0.005
0.7595502958579882 0.9936745562130177 0 0.005
0.76 0.0535 0 0.005
0.7625 0.381 0 0.005
0.7625 0.7095 0 0.005
0.757 0.864 0 0.005
0.758 0.028 0 0.005
0.758 0.247 0 0.005
0.763 0.6545 0 0.005
0.759 0.277 0 0.005
0.7625 0.598 0 0.005
0.76 0.975 0 0.005
0.761 0.303 0 0.005
0.761 0.329 0 0.005
0.7645 0.4655 0 0.005
0.767 0.4905 0 0.005
0.763 0.09 0 0.005
0.763 0.13 0 0.005
0.7685 0.1555 0 0.005
0.763 0.69 0 0.005
0.763 0.797 0 0.005
0.7683333333333334 0.8166666666666667 0 0.005
0.764 0.172 0 0.005
0.764 0.261 0 0.005
0.768 0.4015 0 0.005
0.769 0.4435 0 0.005
0.764 0.581 0 0.005
0.764 0.732 0 0.005
0.764 0.885 0 0.005
0.765 0.118 0 0.005
0.765 0.219 0 0.005
0.765 0.959 0 0.005
0.766 0.142 0 0.005
0.766 0.291 0 0.005
0.766 0.315 0 0.005
0.766 0.934 0 0.005
0.767 0.102 0 0.005
0.767 0.906 0 0.005
0.768 0.371 0 0.005
0.768 0.946 0 0.005
0.769 0.003268292682926829 0 0.005
0.769 0.047 0 0.005
0.7715 0.6275 0 0.005
0.77 0.018 0 0.005
0.77 0.079 0 0.005
0.77 0.207 0 0.005
0.77 0.235 0 0.005
0.77 0.425 0 0.005
0.771 0.342 0 0.005
0.771 0.354 0 0.005
0.771 0.841 0 0.005
0.772 0.546 0 0.005
0.772 0.666 0 0.005
0.772 0.783 0 0.005
0.773 0.031 0 0.005
0.773 0.183 0 0.005
0.773 0.249 0 0.005
0.7813333333333333 0.2623333333333333 0 0.005
0.773 0.894 0 0.005
0.78625 0.50125 0 0.005
0.774 0.558 0 0.005
0.774 0.571 0 0.005
0.774 0.719 0 0.005
0.774 0.744 0 0.005
0.774 0.854 0 0.005
0.774 0.869 0 0.005
0.774 0.985 0 0.005
0.775 0.602 0 0.005
0.775 0.683 0 0.005
0.775 0.756 0 0.005
0.7795 0.972 0 0.005
0.776 0.059 0 0.005
0.776 0.731 0 0.005
0.776 0.917 0 0.005
0.777 0.113 0 0.005
0.777 0.128 0 0.005
0.778 0.168 0 0.005
0.778 0.286 0 0.005
0.781 0.4055 0 0.005
0.778 0.534 0 0.005
0.778 0.768 0 0.005
0.778 0.9957317073170732 0 0.005
0.7856666666666666 0.2 0 0.005
0.779 0.225 0 0.005
0.779 0.32 0 0.005
0.786 0.47333333333333333 0 0.005
0.7815 0.5845 0 0.005
0.779 0.696 0 0.005
0.7825 0.808 0 0.005
0.78 0.301 0 0.005
0.78 0.945 0 0.005
0.781 0.088 0 0.005
0.781 0.101 0 0.005
0.784 0.3685 0 0.005
0.781 0.459 0 0.005
0.781 0.881 0 0.005
0.782 0.645 0 0.005
0.782 0.93 0 0.005
0.786905325443787 0.004680473372781065 0 0.005
0.783 0.426 0 0.005
0.783 0.624 0 0.005
0.784 0.069 0 0.005
0.784 0.387 0 0.005
0.7885 0.553 0 0.005
0.785 0.029 0 0.005
0.785 0.14 0 0.005
0.785 0.334 0 0.005
0.785 0.347 0 0.005
0.7895 0.679 0 0.005
0.785 0.827 0 0.005
0.7905 0.8975 0 0.005
0.785 0.959 0 0.005
0.786 0.44 0 0.005
0.786 0.663 0 0.005
0.787 0.869 0 0.005
0.7935 0.6055 0 0.005
0.788 0.718 0 0.005
0.788 0.73 0 0.005
0.788 0.857 0 0.005
0.789 0.047 0 0.005
0.789 0.742 0 0.005
0.789 0.84 0 0.005
0.789 0.912 0 0.005
0.79 0.111 0 0.005
0.79 0.705 0 0.005
0.79 0.774 0 0.005
0.7965 0.1245 0 0.005
0.791 0.153 0 0.005
0.791 0.218 0 0.005
0.791 0.794 0 0.005
0.792 0.23 0 0.005
0.792 0.242 0 0.005
0.792 0.9967166666666667 0 0.005
0.793 0.079 0 0.005
0.793 0.169 0 0.005
0.793 0.276 0 0.005
0.793 0.306 0 0.005
0.797 0.5245 0 0.005
0.793 0.756 0 0.005
0.793 0.987 0 0.005
0.794 0.092 0 0.005
0.795 0.013 0 0.005
0.795 0.183 0 0.005
0.8005 0.9325 0 0.005
0.795 0.951 0 0.005
0.796 0.058 0 0.005
0.796 0.293 0 0.005
0.796 0.318 0 0.005
0.796 0.398 0 0.005
0.8015 0.4125 0 0.005
0.796 0.423 0 0.005
0.797 0.355 0 0.005
0.8063333333333333 0.8766666666666666 0 0.005
0.798 0.036 0 0.005
0.798 0.373 0 0.005
0.798 0.44 0 0.005
0.798 0.454 0 0.005
0.798 0.826 0 0.005
0.799 0.263 0 0.005
0.8006666666666666 0.584 0 0.005
0.799 0.652 0 0.005
0.799 0.806 0 0.005
0.799 0.966 0 0.005
0.8 0.334 0 0.005
0.8 0.639 0 0.005
0.801 0.62 0 0.005
0.809 0.7443333333333334 0 0.005
0.802 0.84 0 0.005
0.8063333333333333 0.16366666666666665 0 0.005
0.803 0.67 0 0.005
0.803 0.7 0 0.005
0.804 0.226 0 0.005
0.804 0.243 0 0.005
0.8075 0.543 0 0.005
0.804 0.722 0 0.005
0.809 0.7785 0 0.005
0.8095 0.797 0 0.005
0.804 0.919 0 0.005
0.804 0.9957317073170732 0 0.005
0.805 0.069 0 0.005
0.8105 0.1395 0 0.005
0.805 0.387 0 0.005
0.805 0.764 0 0.005
0.806 0.024 0 0.005
0.806 0.097 0 0.005
0.806 0.482 0 0.005
0.806 0.686 0 0.005
0.806 0.906 0 0.005
0.807 0.005 0 0.005
0.807 0.214 0 0.005
0.807 0.3 0 0.005
0.807 0.859 0 0.005
0.807 0.985 0 0.005
0.808 0.052 0 0.005
0.808 0.365 0 0.005
0.808 0.894 0 0.005
0.809 0.186 0 0.005
0.809 0.399 0 0.005
0.809 0.818 0 0.005
0.81 0.085 0 0.005
0.81 0.112 0 0.005
0.81 0.199 0 0.005
0.81 0.286 0 0.005
0.8166666666666667 0.338 0 0.005
0.81 0.429 0 0.005
0.813 0.5043333333333333 0 0.005
0.811 0.607 0 0.005
0.811 0.629 0 0.005
0.812 0.315 0 0.005
0.812 0.467 0 0.005
0.812 0.559 0 0.005
0.815 0.6485 0 0.005
0.8292 0.0292 0 0.005
0.813 0.253 0 0.005
0.817 0.2715 0 0.005
0.813 0.45 0 0.005
0.8155 0.9645 0 0.005
0.814 0.127 0 0.005
0.815 0.667 0 0.005
0.815 0.946 0 0.005
0.82 0.0575 0 0.005
0.816 0.696 0 0.005
0.8192248520710059 0.991094674556213 0 0.005
0.817 0.014 0 0.005
0.817 0.375 0 0.005
0.817 0.577 0 0.005
0.817 0.709 0 0.005
0.817 0.842 0 0.005
0.818 0.353 0 0.005
0.818 0.905 0 0.005
0.818 0.934 0 0.005
0.825 0.3035 0 0.005
0.819 0.83 0 0.005
0.82 0.226 0 0.005
0.82 0.389 0 0.005
0.82 0.547 0 0.005
0.82 0.763 0 0.005
0.82 0.918 0 0.005
0.8316 0.0868 0 0.005
0.821 0.241 0 0.005
0.821 0.721 0 0.005
0.822 0.197 0 0.005
0.822 0.402 0 0.005
0.822 0.431 0 0.005
0.822 0.486 0 0.005
0.822 0.529 0 0.005
0.822 0.594 0 0.005
0.822 0.887 0 0.005
0.823 0.112 0 0.005
0.823 0.157 0 0.005
0.823 0.606 0 0.005
0.823 0.678 0 0.005
0.823 0.75 0 0.005
0.823 0.857 0 0.005
0.824 0.185 0 0.005
0.824 0.21 0 0.005
0.824 0.56 0 0.005
0.825 0.257 0 0.005
0.825 0.444 0 0.005
0.825 0.79 0 0.005
0.826 0.00434313725490196 0 0.005
0.8315 0.1295 0 0.005
0.826 0.171 0 0.005
0.827 0.327 0 0.005
0.827 0.367 0 0.005
0.827 0.619 0 0.005
0.827 0.735 0 0.005
0.828 0.817 0 0.005
0.829 0.419 0 0.005
0.8345 0.476 0 0.005
0.829 0.503 0 0.005
0.829 0.661 0 0.005
0.829 0.703 0 0.005
0.83 0.461 0 0.005
0.83 0.518 0 0.005
0.83 0.633 0 0.005
0.83 0.691 0 0.005
0.831 0.648 0 0.005
0.8365 0.826 0 0.005
0.8355 0.227 0 0.005
0.8345 0.3495 0 0.005
0.832 0.393 0 0.005
0.832 0.55 0 0.005
0.832 0.762 0 0.005
0.8375 0.7725 0 0.005
0.832 0.841 0 0.005
0.832 0.895 0 0.005
0.832 0.943 0 0.005
0.832 0.959 0 0.005
0.833 0.538 0 0.005
0.833 0.578 0 0.005
0.8383333333333334 0.859 0 0.005
0.833 0.915 0 0.005
0.833 0.981 0 0.005
0.835 0.111 0 0.005
0.8456666666666667 0.14966666666666667 0 0.005
0.835 0.195 0 0.005
0.835 0.604 0 0.005
0.8405 0.6815 0 0.005
0.835 0.747 0 0.005
0.8385 0.0485 0 0.005
0.8415 0.1805 0 0.005
0.836 0.21 0 0.005
0.836 0.317 0 0.005
0.841 0.795 0 0.005
0.836 0.9967166666666667 0 0.005
0.837 0.067 0 0.005
0.837 0.283 0 0.005
0.837 0.381 0 0.005
0.837 0.429 0 0.005
0.837 0.721 0 0.005
0.838 0.255 0 0.005
0.838 0.565 0 0.005
0.838 0.927 0 0.005
0.839 0.008 0 0.005
0.849 0.4 0 0.005
0.84 0.619 0 0.005
0.8455 0.7305 0 0.005
0.841 0.271 0 0.005
0.841 0.366 0 0.005
0.8433333333333334 0.456 0 0.005
0.841 0.496 0 0.005
0.8445 0.635 0 0.005
0.8435 0.9745 0 0.005
0.842 0.593 0 0.005
0.842 0.66 0 0.005
0.842 0.7 0 0.005
0.843 0.243 0 0.005
0.843 0.298 0 0.005
0.843 0.328 0 0.005
0.844 0.166 0 0.005
0.848 0.5233333333333333 0 0.005
0.8475 0.554 0 0.005
0.844 0.881 0 0.005
0.844 0.9 0 0.005
0.846 0.916 0 0.005
0.846 0.939 0 0.005
0.847 0.352 0 0.005
0.8505 0.416 0 0.005
0.847 0.835 0 0.005
0.848 0.121 0 0.005
0.848 0.231 0 0.005
0.8543333333333334 0.8046666666666666 0 0.005
0.849 0.213 0 0.005
0.8545 0.311 0 0.005
0.85 0.063 0 0.005
0.85 0.08 0 0.005
0.85 0.377 0 0.005
0.85 0.576 0 0.005
0.854 0.7445 0 0.005
0.851 0.133 0 0.005
0.852 0.035 0 0.005
0.8728333333333333 0.19533333333333333 0 0.005
0.852 0.503 0 0.005
0.8555 0.645 0 0.005
0.852 0.953 0 0.005
0.852 0.994 0 0.005
0.853 0.051 0 0.005
0.853 0.34 0 0.005
0.8612000000000001 0.8844 0 0.005
0.853 0.968 0 0.005
0.854 0.00434313725490196 0 0.005
0.854 0.104 0 0.005
0.8593333333333334 0.479 0 0.005
0.854 0.716 0 0.005
0.854 0.763 0 0.005
0.854 0.823 0 0.005
0.855 0.439 0 0.005
0.855 0.541 0 0.005
0.855 0.611 0 0.005
0.855 0.669 0 0.005
0.8575 0.9325 0 0.005
0.856 0.249 0 0.005
0.861 0.7065 0 0.005
0.857 0.279 0 0.005
0.857 0.295 0 0.005
0.863 0.5923333333333334 0 0.005
0.861 0.9135 0 0.005
0.858 0.325 0 0.005
0.8605 0.6855 0 0.005
0.859 0.205 0 0.005
0.859 0.265 0 0.005
0.8645 0.354 0 0.005
0.8635 0.421 0 0.005
0.86 0.124 0 0.005
0.86 0.235 0 0.005
0.86 0.628 0 0.005
0.86 0.785 0 0.005
0.861 0.175 0 0.005
0.861 0.847 0 0.005
0.867 0.0115 0 0.005
0.862 0.08 0 0.005
0.862 0.378 0 0.005
0.8665 0.449 0 0.005
0.863 0.067 0 0.005
0.863 0.513 0 0.005
0.863 0.554 0 0.005
0.863 0.576 0 0.005
0.867 0.0975 0 0.005
0.864 0.159 0 0.005
0.864 0.754 0 0.005
0.864 0.772 0 0.005
0.864 0.9967166666666667 0 0.005
0.865 0.028 0 0.005
0.865 0.054 0 0.005
0.865 0.223 0 0.005
0.865 0.337 0 0.005
0.866 0.651 0 0.005
0.866 0.727 0 0.005
0.866 0.835 0 0.005
0.8705 0.4 0 0.005
0.867 0.465 0 0.005
0.867 0.527 0 0.005
0.867 0.615 0 0.005
0.867 0.978 0 0.005
0.868 0.956 0 0.005
0.869 0.115 0 0.005
0.869 0.285 0 0.005
0.869 0.366 0 0.005
0.874 0.4295 0 0.005
0.87 0.82 0 0.005
0.87 0.874 0 0.005
0.8763333333333334 0.2576666666666667 0 0.005
0.871 0.542 0 0.005
0.8745 0.56 0 0.005
0.8775 0.1385 0 0.005
0.872 0.307 0 0.005
0.872 0.791 0 0.005
0.872 0.857 0 0.005
0.876 0.0345 0 0.005
0.873 0.128 0 0.005
0.876 0.5035 0 0.005
0.873 0.639 0 0.005
0.873 0.663 0 0.005
0.873 0.695 0 0.005
0.873 0.94 0 0.005
0.874 0.626 0 0.005
0.875 0.081 0 0.005
0.875 0.383 0 0.005
0.875 0.805 0 0.005
0.875 0.844 0 0.005
0.876 0.165 0 0.005
0.876 0.675 0 0.005
0.876 0.738 0 0.005
0.876 0.77 0 0.005
0.876 0.9967166666666667 0 0.005
0.8825 0.049 0 0.005
0.877 0.226 0 0.005
0.877 0.336 0 0.005
0.877 0.601 0 0.005
0.877 0.927 0 0.005
0.878 0.32 0 0.005
0.878 0.709 0 0.005
0.879 0.152 0 0.005
0.879 0.476 0 0.005
0.879 0.726 0 0.005
0.88 0.178 0 0.005
0.88 0.414 0 0.005
0.88 0.521 0 0.005
0.88 0.757 0 0.005
0.881 0.24 0 0.005
0.8855 0.275 0 0.005
0.881 0.293 0 0.005
0.881 0.488 0 0.005
0.881 0.576 0 0.005
0.881 0.975 0 0.005
0.882 0.064 0 0.005
0.882 0.095 0 0.005
0.886 0.5935 0 0.005
0.8845 0.8335 0 0.005
0.882 0.905 0 0.005
0.883 0.0027746478873239434 0 0.005
0.8875 0.12 0 0.005
0.883 0.351 0 0.005
0.883 0.366 0 0.005
0.883 0.441 0 0.005
0.883 0.463 0 0.005
0.883 0.815 0 0.005
0.884 0.533 0 0.005
0.884 0.877 0 0.005
0.8935 0.9435 0 0.005
0.8905 0.985 0 0.005
0.886 0.013 0 0.005
0.886 0.393 0 0.005
0.886 0.623 0 0.005
0.886 0.637 0 0.005
0.886 0.692 0 0.005
0.886 0.863 0 0.005
0.886 0.917 0 0.005
0.887 0.083 0 0.005
0.887 0.381 0 0.005
0.887 0.611 0 0.005
0.887 0.649 0 0.005
0.904875 0.792625 0 0.005
0.891 0.5685 0 0.005
0.8905 0.6735 0 0.005
0.888 0.743 0 0.005
0.888 0.773 0 0.005
0.89 0.333 0 0.005
0.89 0.502 0 0.005
0.891 0.03 0 0.005
0.891 0.215 0 0.005
0.897 0.23133333333333334 0 0.005
0.891 0.429 0 0.005
0.894 0.5395 0 0.005
0.892 0.163 0 0.005
0.892 0.761 0 0.005
0.893 0.32 0 0.005
0.893 0.472 0 0.005
0.893 0.713 0 0.005
0.893 0.851 0 0.005
0.894 0.448 0 0.005
0.894 0.52 0 0.005
0.897 0.8985 0 0.005
0.895 0.00434313725490196 0 0.005
0.895 0.137 0 0.005
0.895 0.15 0 0.005
0.895 0.256 0 0.005
0.895 0.308 0 0.005
0.895 0.411 0 0.005
0.895 0.731 0 0.005
0.896 0.372 0 0.005
0.898 0.017 0 0.005
0.898 0.066 0 0.005
0.9025 0.094 0 0.005
0.898 0.179 0 0.005
0.898 0.656 0 0.005
0.898 0.696 0 0.005
0.898 0.919 0 0.005
0.899 0.11 0 0.005
0.899 0.286 0 0.005
0.9046666666666666 0.3383333333333333 0 0.005
0.899 0.392 0 0.005
0.9165555555555556 0.6062222222222222 0 0.005
0.9035 0.879 0 0.005
0.9 0.078 0 0.005
0.903 0.4555 0 0.005
0.9 0.747 0 0.005
0.9 0.835 0 0.005
0.9035 0.963 0 0.005
0.9 0.9967166666666667 0 0.005
0.901 0.203 0 0.005
0.901 0.359 0 0.005
0.91 0.4886666666666667 0 0.005
0.901 0.628 0 0.005
0.901 0.679 0 0.005
0.901 0.822 0 0.005
0.902 0.273 0 0.005
0.902 0.56 0 0.005
0.902 0.644 0 0.005
0.907 0.7665 0 0.005
0.903 0.03 0 0.005
0.903 0.053 0 0.005
0.903 0.216 0 0.005
0.903 0.51 0 0.005
0.903 0.546 0 0.005
0.908 0.1295 0 0.005
0.91 0.15466666666666665 0 0.005
0.905 0.848 0 0.005
0.906 0.573 0 0.005
0.907 0.304 0 0.005
0.907 0.409 0 0.005
0.907 0.705 0 0.005
0.907 0.862 0 0.005
0.908 0.003268292682926829 0 0.005
0.908 0.437 0 0.005
0.909 0.188 0 0.005
0.909 0.317 0 0.005
0.913 0.0355 0 0.005
0.91 0.371 0 0.005
0.911 0.247 0 0.005
0.911 0.394 0 0.005
0.911 0.468 0 0.005
0.911 0.536 0 0.005
0.9165 0.732 0 0.005
0.9145 0.932 0 0.005
0.912 0.424 0 0.005
0.912 0.521 0 0.005
0.912 0.717 0 0.005
0.926 0.834 0 0.005
0.912 0.913 0 0.005
0.913 0.015 0 0.005
0.9185 0.1055 0 0.005
0.913 0.356 0 0.005
0.913 0.821 0 0.005
0.914 0.26 0 0.005
0.914 0.288 0 0.005
0.9203333333333333 0.5676666666666667 0 0.005
0.914 0.748 0 0.005
0.914 0.809 0 0.005
0.9237366666666667 0.98975 0 0.005
0.92 0.5455 0 0.005
0.915 0.664 0 0.005
0.915 0.9967166666666667 0 0.005
0.9215 0.2325 0 0.005
0.916 0.275 0 0.005
0.916 0.649 0 0.005
0.916 0.684 0 0.005
0.916 0.898 0 0.005
0.917 0.119 0 0.005
0.9206666666666666 0.328 0 0.005
0.917 0.87 0 0.005
0.923 0.1675 0 0.005
0.9273333333333333 0.05333333333333334 0 0.005
0.919 0.069 0 0.005
0.919 0.201 0 0.005
0.9293333333333333 0.452 0 0.005
0.919 0.505 0 0.005
0.919 0.702 0 0.005
0.931 0.9586666666666667 0 0.005
0.9303333333333333 0.978 0 0.005
0.921 0.636 0 0.005
0.922 0.144 0 0.005
0.923 0.081 0 0.005
0.923 0.215 0 0.005
0.9255 0.4065 0 0.005
0.926 0.4695 0 0.005
0.923 0.856 0 0.005
0.9295 0.1335 0 0.005
0.924 0.426 0 0.005
0.924 0.762 0 0.005
0.925 0.388 0 0.005
0.925 0.717 0 0.005
0.9333333333333333 0.879 0 0.005
0.926 0.19 0 0.005
0.926 0.304 0 0.005
0.929 0.3695 0 0.005
0.927 0.53 0 0.005
0.927 0.745 0 0.005
0.928 0.251 0 0.005
0.928 0.652 0 0.005
0.928 0.675 0 0.005
0.9305 0.9015 0 0.005
0.929 0.003268292682926829 0 0.005
0.929 0.352 0 0.005
0.929 0.778 0 0.005
0.929 0.806 0 0.005
0.929 0.92 0 0.005
0.929 0.946 0 0.005
0.9356666666666666 0.088 0 0.005
0.93 0.439 0 0.005
0.9335 0.49 0 0.005
0.93 0.933 0 0.005
0.931 0.037 0 0.005
0.931 0.27 0 0.005
0.931 0.29 0 0.005
0.931 0.327 0 0.005
0.933 0.122 0 0.005
0.933 0.554 0 0.005
0.937 0.5735 0 0.005
0.9365 0.641 0 0.005
0.938 0.0235 0 0.005
0.934 0.519 0 0.005
0.934 0.687 0 0.005
0.9365 0.7365 0 0.005
0.935 0.217 0 0.005
0.935 0.339 0 0.005
0.936 0.699 0 0.005
0.937 0.152 0 0.005
0.937 0.202 0 0.005
0.9405 0.536 0 0.005
0.94675 0.58825 0 0.005
0.937 0.717 0 0.005
0.938 0.424 0 0.005
0.938 0.505 0 0.005
0.938 0.663 0 0.005
0.938 0.769 0 0.005
0.939 0.181 0 0.005
0.939 0.313 0 0.005
0.939 0.393 0 0.005
0.939 0.793 0 0.005
0.943 0.8505 0 0.005
0.94 0.3 0 0.005
0.94 0.407 0 0.005
0.941 0.064 0 0.005
0.941 0.355 0 0.005
0.942 0.247 0 0.005
0.9475 0.258 0 0.005
0.942 0.815 0 0.005
0.942 0.924 0 0.005
0.942 0.969 0 0.005
0.943 0.104 0 0.005
0.943 0.757 0 0.005
0.944 0.04 0 0.005
0.944 0.622 0 0.005
0.945 0.123 0 0.005
0.945 0.609 0 0.005
0.945 0.674 0 0.005
0.946 0.0022833333333333334 0 0.005
0.946 0.143 0 0.005
0.9563333333333334 0.22683333333333333 0 0.005
0.946 0.368 0 0.005
0.9495 0.907 0 0.005
0.947 0.218 0 0.005
0.947 0.274 0 0.005
0.947 0.325 0 0.005
0.947 0.343 0 0.005
0.9525 0.9365 0 0.005
0.948 0.38 0 0.005
0.948 0.518 0 0.005
0.954 0.6376666666666666 0 0.005
0.949 0.166 0 0.005
0.949 0.435 0 0.005
0.949 0.449 0 0.005
0.949 0.557 0 0.005
0.949 0.693 0 0.005
0.949 0.734 0 0.005
0.95 0.193 0 0.005
0.95 0.287 0 0.005
0.95 0.722 0 0.005
0.95 0.774 0 0.005
0.951 0.481 0 0.005
0.951 0.746 0 0.005
0.951 0.87 0 0.005
0.9616666666666667 0.979 0 0.005
0.952 0.016 0 0.005
0.952 0.469 0 0.005
0.952 0.497 0 0.005
0.952 0.994656862745098 0 0.005
0.953 0.054 0 0.005
0.953 0.087 0 0.005
0.953 0.312 0 0.005
0.9565 0.802 0 0.005
0.954 0.03 0 0.005
0.954 0.154 0 0.005
0.96075 0.67025 0 0.005
0.96225 0.842 0 0.005
0.955 0.072 0 0.005
0.9656666666666667 0.7536666666666666 0 0.005
0.955 0.826 0 0.005
0.956 0.112 0 0.005
0.956 0.4 0 0.005
0.956 0.413 0 0.005
0.956 0.53 0 0.005
0.9585 0.7005 0 0.005
0.956 0.889 0 0.005
0.957 0.334 0 0.005
0.957 0.574 0 0.005
0.958 0.178 0 0.005
0.96875 0.34225 0 0.005
0.958 0.547 0 0.005
0.9663333333333334 0.6223333333333334 0 0.005
0.958 0.914 0 0.005
0.959 0.124 0 0.005
0.959 0.277 0 0.005
0.96 0.14 0 0.005
0.9655 0.292 0 0.005
0.96 0.428 0 0.005
0.96 0.457 0 0.005
0.961 0.265 0 0.005
0.961 0.441 0 0.005
0.961 0.965 0 0.005
0.962 0.718 0 0.005
0.962 0.739 0 0.005
0.972 0.1098 0 0.005
0.963 0.486 0 0.005
0.963 0.873 0 0.005
0.963 0.95 0 0.005
0.964 0.005 0 0.005
0.964 0.374 0 0.005
0.964 0.511 0 0.005
0.964 0.786 0 0.005
0.964 0.9952365591397849 0 0.005
0.965 0.043 0 0.005
0.966 0.021 0 0.005
0.966 0.087 0 0.005
0.97 0.2535 0 0.005
0.966 0.562 0 0.005
0.966 0.595 0 0.005
0.966 0.647 0 0.005
0.966 0.897 0 0.005
0.967 0.314 0 0.005
0.9756666666666667 0.3846666666666667 0 0.005
0.967 0.499 0 0.005
0.967 0.774 0 0.005
0.968 0.161 0 0.005
0.968 0.472 0 0.005
0.968 0.523 0 0.005
0.968 0.861 0 0.005
0.9715 0.1435 0 0.005
0.9715 0.1805 0 0.005
0.969 0.419 0 0.005
0.97 0.057 0 0.005
0.97 0.206 0 0.005
0.9756666666666667 0.934 0 0.005
0.971 0.362 0 0.005
0.9765 0.403 0 0.005
0.971 0.687 0 0.005
0.971 0.916 0 0.005
0.972 0.301 0 0.005
0.972 0.535 0 0.005
0.972 0.583 0 0.005
0.973 0.547 0 0.005
0.973 0.701 0 0.005
0.973 0.795 0 0.005
0.974 0.223 0 0.005
0.974 0.431 0 0.005
0.974 0.455 0 0.005
0.974 0.662 0 0.005
0.974 0.988 0 0.005
0.975 0.075 0 0.005
0.975 0.487 0 0.005
0.975 0.847 0 0.005
0.975 0.887 0 0.005
0.976 0.61 0 0.005
0.976 0.721 0 0.005
0.9805 0.806 0 0.005
0.977 0.035 0 0.005
0.978 0.00434313725490196 0 0.005
0.978 0.278 0 0.005
0.978 0.644 0 0.005
0.979 0.019 0 0.005
0.9862491349480969 0.4359204152249135 0 0.005
0.979 0.565 0 0.005
0.979 0.594 0 0.005
0.979 0.734 0 0.005
0.979 0.875 0 0.005
0.979 0.965 0 0.005
0.98 0.512 0 0.005
0.98 0.524 0 0.005
0.98 0.762 0 0.005
0.98 0.784 0 0.005
0.981 0.156 0 0.005
0.981 0.319 0 0.005
0.98866 0.47545 0 0.005
0.981 0.906 0 0.005
0.9883129496402878 0.08225539568345325 0 0.005
0.982 0.241 0 0.005
0.982 0.836 0 0.005
0.983 0.21 0 0.005
0.983 0.291 0 0.005
0.983 0.624 0 0.005
0.983 0.678 0 0.005
0.983 0.69 0 0.005
0.984 0.062 0 0.005
0.984 0.365 0 0.005
0.9885 0.418 0 0.005
0.990803125 0.953790625 0 0.005
0.985 0.131 0 0.005
0.985 0.5 0 0.005
0.985 0.821 0 0.005
0.985 0.994656862745098 0 0.005
0.986 0.05 0 0.005
0.986 0.174 0 0.005
0.986 0.186 0 0.005
0.986 0.459 0 0.005
0.9901780104712041 0.5808534031413612 0 0.005
0.986 0.894 0 0.005
0.987 0.304 0 0.005
0.987 0.55 0 0.005
0.987 0.657 0 0.005
0.991094674556213 0.1471301775147929 0 0.005
0.991094674556213 0.19622485207100593 0 0.005
0.9905 0.2595 0 0.005
0.9926043956043956 0.35424542124542124 0 0.005
0.9925676855895197 0.751 0 0.005
0.991890052356021 0.7158638743455498 0 0.005
0.989 0.861 0 0.005
0.989 0.973 0 0.005
0.99 0.012 0 0.005
0.9930295857988166 0.3318047337278106 0 0.005
0.991 0.532 0 0.005
0.991 0.735 0 0.005
0.9930295857988166 0.9148047337278107 0 0.005
0.992 0.097 0 0.005
0.992 0.52 0 0.005
0.992 0.64 0 0.005
0.992 0.769 0 0.005
0.993 0.565 0 0.005
0.993 0.607 0 0.005
0.994 0.031 0 0.005
0.994 0.38 0 0.005
0.994 0.4 0 0.005
0.994656862745098 0.229 0 0.005
0.994656862745098 0.445 0 0.005
0.994656862745098 0.671 0 0.005
0.994656862745098 0.69 0 0.005
0.9952365591397849 0.118 0 0.005
0.9952365591397849 0.314 0 0.005
0.9952365591397849 0.828 0 0.005
0.9952365591397849 0.935 0 0.005
0.9952365591397849 0.985 0 0.005
0.9957317073170732 0.702 0 0.005
0.9957317073170732 0.808 0 0.005
0.9957317073170732 0.874 0 0.005
0.996225352112676 0.066 0 0.005
0.996225352112676 0.136 0 0.005
0.996225352112676 0.181 0 0.005
0.996225352112676 0.245 0 0.005
0.996225352112676 0.277 0 0.005
0.996225352112676 0.458 0 0.005
0.996225352112676 0.59 0 0.005
0.996225352112676 0.793 0 0.005
0.9966666666666666 0.0027948717948717947 0 0.005
0.9967166666666667 0.047 0 0.005
0.9967166666666667 0.166 0 0.005
0.9967166666666667 0.209 0 0.005
0.9967166666666667 0.296 0 0.005
0.9967166666666667 0.493 0 0.005
0.9967166666666667 0.508 0 0.005
0.9967166666666667 0.55 0 0.005
0.9967166666666667 0.627 0 0.005
0.9967166666666667 0.659 0 0.005
0.9967166666666667 0.781 0 0.005
0.9967166666666667 0.845 0 0.005
0.9967166666666667 0.894 0 0.005
0.9966666666666666 0.9962051282051282 0 0.005
