0.016 0.118 0 0.005
0.025 0.023 0 0.005
0.032 0.212 0 0.005
0.038 0.316 0 0.005
0.052 0.546 0 0.005
0.056 0.173 0 0.005
0.059 0.64 0 0.005
0.063 0.856 0 0.005
0.081 0.968 0 0.005
0.101 0.114 0 0.005
0.109 0.412 0 0.005
0.11 0.794 0 0.005
0.112 0.261 0 0.005
0.115 0.64 0 0.005
0.117 0.967 0 0.005
0.129 0.584 0 0.005
0.141 0.68 0 0.005
0.174 0.676 0 0.005
0.178 0.759 0 0.005
0.18 0.345 0 0.005
0.202 0.552 0 0.005
0.208 0.946 0 0.005
0.254 0.633 0 0.005
0.273 0.337 0 0.005
0.275 0.484 0 0.005
0.287 0.649 0 0.005
0.296 0.684 0 0.005
0.326 0.385 0 0.005
0.335 0.139 0 0.005
0.337 0.638 0 0.005
0.343 0.355 0 0.005
0.394 0.862 0 0.005
0.408 0.829 0 0.005
0.419 0.546 0 0.005
0.425 0.023 0 0.005
0.425 0.04 0 0.005
0.465 0.167 0 0.005
0.477 0.424 0 0.005
0.481 0.98 0 0.005
0.496 0.965 0 0.005
0.516 0.329 0 0.005
0.52 0.373 0 0.005
0.523 0.747 0 0.005
0.533 0.26 0 0.005
0.533 0.637 0 0.005
0.549 0.35 0 0.005
0.562 0.462 0 0.005
0.566 0.392 0 0.005
0.574 0.269 0 0.005
0.597 0.622 0 0.005
0.605 0.129 0 0.005
0.627 0.686 0 0.005
0.631 0.294 0 0.005
0.664 0.324 0 0.005
0.664 0.76 0 0.005
0.672 0.88 0 0.005
0.684 0.89 0 0.005
0.695 0.605 0 0.005
0.701 0.026 0 0.005
0.712 0.698 0 0.005
0.722 0.336 0 0.005
0.735 0.707 0 0.005
0.737 0.1 0 0.005
0.748 0.407 0 0.005
0.749 0.803 0 0.005
0.756 0.016 0 0.005
0.768 0.384 0 0.005
0.77 0.512 0 0.005
0.784 0.506 0 0.005
0.785 0.827 0 0.005
0.786 0.44 0 0.005
0.789 0.742 0 0.005
0.806 0.686 0 0.005
0.807 0.3 0 0.005
0.826 0.00434313725490196 0 0.005
0.829 0.473 0 0.005
0.837 0.381 0 0.005
0.842 0.7 0 0.005
0.85 0.08 0 0.005
0.857 0.295 0 0.005
0.872 0.857 0 0.005
0.899 0.346 0 0.005
0.907 0.09 0 0.005
0.912 0.521 0 0.005
0.925 0.388 0 0.005
0.931 0.27 0 0.005
0.931 0.962 0 0.005
0.969 0.186 0 0.005
