0.005 0.173 0 0.005
0.003268292682926829 0.202 0 0.005
0.003268292682926829 0.478 0 0.005
0.003763440860215054 0.687 0 0.005
0.0022833333333333334 0.728 0 0.005
0.003763440860215054 0.884 0 0.005
0.005 0.916 0 0.005
0.007 0.39 0 0.005
0.007 0.792 0 0.005
0.01 0.768 0 0.005
0.01 0.979 0 0.005
0.012 0.578 0 0.005
0.012 0.593 0 0.005
0.0225 0.4005 0 0.005
0.021 0.174 0 0.005
0.024 0.298 0 0.005
0.028 0.104 0 0.005
0.028 0.922 0 0.005
0.029 0.426 0 0.005
0.03 0.605 0 0.005
0.034 0.708 0 0.005
0.034 0.817 0 0.005
0.036 0.049 0 0.005
0.036 0.145 0 0.005
0.0405 0.869 0 0.005
0.039 0.00434313725490196 0 0.005
0.039 0.303 0 0.005
0.043 0.745 0 0.005
0.047 0.992 0 0.005
0.048 0.685 0 0.005
0.049 0.85 0 0.005
0.054 0.428 0 0.005
0.054 0.787 0 0.005
0.055 0.29 0 0.005
0.056 0.767 0 0.005
0.06 0.923 0 0.005
0.061 0.953 0 0.005
0.062 0.643 0 0.005
0.063 0.076 0 0.005
0.066 0.909 0 0.005
0.067 0.402 0 0.005
0.07 0.458 0 0.005
0.07 0.547 0 0.005
0.073 0.872 0 0.005
0.081 0.273 0 0.005
0.082 0.571 0 0.005
0.084 0.599 0 0.005
0.088 0.055 0 0.005
0.088 0.696 0 0.005
0.091 0.261 0 0.005
0.091 0.758 0 0.005
0.092 0.096 0 0.005
0.093 0.119 0 0.005
0.095 0.935 0 0.005
0.1 0.293 0 0.005
0.102 0.485 0 0.005
0.102 0.836 0 0.005
0.102 0.973 0 0.005
0.105 0.31 0 0.005
0.106 0.28 0 0.005
0.107 0.082 0 0.005
0.108 0.897 0 0.005
0.109 0.784 0 0.005
0.109 0.985 0 0.005
0.11 0.862 0 0.005
0.112 0.475 0 0.005
0.113 0.357 0 0.005
0.114 0.688 0 0.005
0.115 0.805 0 0.005
0.117 0.176 0 0.005
0.118 0.494 0 0.005
0.119 0.138 0 0.005
0.1245 0.918 0 0.005
0.121 0.565 0 0.005
0.122 0.452 0 0.005
0.123 0.839 0 0.005
0.124 0.415 0 0.005
0.124 0.517 0 0.005
0.127 0.661 0 0.005
0.129 0.362 0 0.005
0.135 0.312 0 0.005
0.136 0.566 0 0.005
0.136 0.723 0 0.005
0.139 0.34 0 0.005
0.139 0.476 0 0.005
0.14 0.914 0 0.005
0.14 0.951 0 0.005
0.141 0.544 0 0.005
0.142 0.411 0 0.005
0.149 0.205 0 0.005
0.149 0.633 0 0.005
0.15 0.285 0 0.005
0.15 0.492 0 0.005
0.151 0.758 0 0.005
0.152 0.082 0 0.005
0.152 0.458 0 0.005
0.154 0.325 0 0.005
0.154 0.809 0 0.005
0.155 0.342 0 0.005
0.155 0.886 0 0.005
0.156 0.386 0 0.005
0.157 0.058 0 0.005
0.159 0.023 0 0.005
0.159 0.217 0 0.005
0.161 0.767 0 0.005
0.163 0.907 0 0.005
0.167 0.099 0 0.005
0.167 0.67 0 0.005
0.169 0.792 0 0.005
0.17 0.331 0 0.005
0.17 0.453 0 0.005
0.17 0.695 0 0.005
0.172 0.199 0 0.005
0.173 0.819 0 0.005
0.176 0.468 0 0.005
0.178 0.723 0 0.005
0.18 0.36 0 0.005
0.182 0.59 0 0.005
0.183 0.005 0 0.005
0.183 0.895 0 0.005
0.188 0.955 0 0.005
0.19 0.635 0 0.005
0.191 0.574 0 0.005
0.192 0.819 0 0.005
0.195 0.915 0 0.005
0.198 0.038 0 0.005
0.198 0.211 0 0.005
0.201 0.709 0 0.005
0.202 0.977 0 0.005
0.203 0.325 0 0.005
0.203 0.738 0 0.005
0.207 0.86 0 0.005
0.209 0.181 0 0.005
0.21 0.674 0 0.005
0.214 0.347 0 0.005
0.214 0.504 0 0.005
0.215 0.758 0 0.005
0.216 0.435 0 0.005
0.217 0.06 0 0.005
0.217 0.083 0 0.005
0.2245 0.704 0 0.005
0.223 0.863 0 0.005
0.224 0.978 0 0.005
0.226 0.791 0 0.005
0.226 0.838 0 0.005
0.228 0.957 0 0.005
0.232 0.07 0 0.005
0.233 0.046 0 0.005
0.233 0.21 0 0.005
0.235 0.74 0 0.005
0.238 0.755 0 0.005
0.239 0.589 0 0.005
0.242 0.367 0 0.005
0.245 0.434 0 0.005
0.247 0.316 0 0.005
0.247 0.964 0 0.005
0.248 0.7 0 0.005
0.248 0.771 0 0.005
0.251 0.106 0 0.005
0.253 0.98 0 0.005
0.254 0.329 0 0.005
0.254 0.851 0 0.005
0.255 0.639 0 0.005
0.256 0.469 0 0.005
0.259 0.613 0 0.005
0.26 0.024 0 0.005
0.26 0.415 0 0.005
0.261 0.042 0 0.005
0.267 0.158 0 0.005
0.268 0.115 0 0.005
0.27 0.432 0 0.005
0.272 0.969 0 0.005
0.274 0.833 0 0.005
0.275 0.504 0 0.005
0.276 0.293 0 0.005
0.278 0.242 0 0.005
0.283 0.88 0 0.005
0.284 0.273 0 0.005
0.287 0.01 0 0.005
0.289 0.128 0 0.005
0.293 0.296 0 0.005
0.294 0.607 0 0.005
0.295 0.625 0 0.005
0.297 0.104 0 0.005
0.297 0.158 0 0.005
0.297 0.583 0 0.005
0.297 0.9967166666666667 0 0.005
0.298 0.948 0 0.005
0.301 0.892 0 0.005
0.306 0.713 0 0.005
0.307 0.379 0 0.005
0.308 0.823 0 0.005
0.312 0.415 0 0.005
0.313 0.042 0 0.005
0.315 0.915 0 0.005
0.319 0.016 0 0.005
0.319 0.101 0 0.005
0.319 0.133 0 0.005
0.319 0.446 0 0.005
0.321 0.194 0 0.005
0.321 0.222 0 0.005
0.323 0.32 0 0.005
0.324 0.904 0 0.005
0.325 0.542 0 0.005
0.328 0.058 0 0.005
0.328 0.919 0 0.005
0.329 0.703 0 0.005
0.331 0.448 0 0.005
0.334 0.894 0 0.005
0.335 0.384 0 0.005
0.336 0.292 0 0.005
0.336 0.793 0 0.005
0.337 0.361 0 0.005
0.338 0.768 0 0.005
0.339 0.812 0 0.005
0.34 0.23 0 0.005
0.34 0.98 0 0.005
0.344 0.449 0 0.005
0.344 0.59 0 0.005
0.347 0.502 0 0.005
0.35 0.96 0 0.005
0.352 0.721 0 0.005
0.354 0.294 0 0.005
0.354 0.776 0 0.005
0.357 0.318 0 0.005
0.36 0.276 0 0.005
0.36 0.835 0 0.005
0.365 0.065 0 0.005
0.373 0.589 0 0.005
0.376 0.204 0 0.005
0.379 0.689 0 0.005
0.379 0.733 0 0.005
0.38 0.621 0 0.005
0.382 0.178 0 0.005
0.382 0.357 0 0.005
0.3885 0.055 0 0.005
0.384 0.136 0 0.005
0.392 0.739 0 0.005
0.396 0.425 0 0.005
0.396 0.815 0 0.005
0.398 0.294 0 0.005
0.4 0.637 0 0.005
0.402 0.747 0 0.005
0.406 0.84 0 0.005
0.407 0.527 0 0.005
0.408 0.338 0 0.005
0.411 0.889 0 0.005
0.413 0.937 0 0.005
0.414 0.318 0 0.005
0.414 0.739 0 0.005
0.415 0.379 0 0.005
0.417 0.814 0 0.005
0.418 0.598 0 0.005
0.42 0.146 0 0.005
0.421 0.683 0 0.005
0.426 0.079 0 0.005
0.426 0.332 0 0.005
0.427 0.209 0 0.005
0.43 0.748 0 0.005
0.434 0.699 0 0.005
0.438 0.512 0 0.005
0.439 0.804 0 0.005
0.44 0.042 0 0.005
0.44 0.315 0 0.005
0.441 0.114 0 0.005
0.441 0.253 0 0.005
0.441 0.452 0 0.005
0.441 0.852 0 0.005
0.444 0.777 0 0.005
0.451 0.105 0 0.005
0.456 0.177 0 0.005
0.457 0.164 0 0.005
0.459 0.253 0 0.005
0.459 0.273 0 0.005
0.46 0.428 0 0.005
0.462 0.532 0 0.005
0.463 0.504 0 0.005
0.466 0.025 0 0.005
0.471 0.68 0 0.005
0.472 0.156 0 0.005
0.472 0.652 0 0.005
0.478 0.787 0 0.005
0.48 0.278 0 0.005
0.481 0.024 0 0.005
0.485 0.243 0 0.005
0.488 0.826 0 0.005
0.489 0.585 0 0.005
0.49 0.356 0 0.005
0.49 0.439 0 0.005
0.49 0.899 0 0.005
0.491 0.532 0 0.005
0.491 0.933 0 0.005
0.492 0.419 0 0.005
0.493 0.293 0 0.005
0.493 0.455 0 0.005
0.494 0.658 0 0.005
0.494 0.855 0 0.005
0.497 0.873 0 0.005
0.506 0.82 0 0.005
0.509 0.261 0 0.005
0.509 0.839 0 0.005
0.512 0.298 0 0.005
0.512 0.715 0 0.005
0.514 0.461 0 0.005
0.516 0.381 0 0.005
0.516 0.478 0 0.005
0.517 0.186 0 0.005
0.518 0.563 0 0.005
0.519 0.43 0 0.005
0.519 0.595 0 0.005
0.52 0.364 0 0.005
0.523 0.259 0 0.005
0.523 0.343 0 0.005
0.526 0.576 0 0.005
0.527 0.764 0 0.005
0.533 0.4135 0 0.005
0.529 0.63 0 0.005
0.53 0.232 0 0.005
0.53 0.706 0 0.005
0.533 0.191 0 0.005
0.537 0.00434313725490196 0 0.005
0.54 0.34 0 0.005
0.54 0.368 0 0.005
0.542 0.241 0 0.005
0.542 0.902 0 0.005
0.543 0.693 0 0.005
0.545 0.591 0 0.005
0.545 0.73 0 0.005
0.547 0.286 0 0.005
0.547 0.98 0 0.005
0.548 0.89 0 0.005
0.549 0.706 0 0.005
0.556 0.914 0 0.005
0.558 0.017 0 0.005
0.559 0.786 0 0.005
0.56 0.049 0 0.005
0.56 0.27 0 0.005
0.561 0.098 0 0.005
0.562 0.845 0 0.005
0.564 0.496 0 0.005
0.564 0.529 0 0.005
0.567 0.211 0 0.005
0.568 0.74 0 0.005
0.568 0.797 0 0.005
0.57 0.296 0 0.005
0.573 0.675 0 0.005
0.574 0.436 0 0.005
0.575 0.093 0 0.005
0.576 0.946 0 0.005
0.577 0.779 0 0.005
0.58 0.041 0 0.005
0.58 0.327 0 0.005
0.58 0.882 0 0.005
0.583 0.417 0 0.005
0.585 0.528 0 0.005
0.59 0.933 0 0.005
0.591 0.818 0 0.005
0.594 0.497 0 0.005
0.596 0.442 0 0.005
0.597 0.428 0 0.005
0.601 0.768 0 0.005
0.602 0.403 0 0.005
0.603 0.056 0 0.005
0.606 0.08 0 0.005
0.607 0.603 0 0.005
0.609 0.028 0 0.005
0.609 0.543 0 0.005
0.611 0.043 0 0.005
0.613 0.672 0 0.005
0.615 0.11 0 0.005
0.615 0.235 0 0.005
0.616 0.308 0 0.005
0.616 0.381 0 0.005
0.618 0.726 0 0.005
0.621 0.2 0 0.005
0.621 0.695 0 0.005
0.622 0.992 0 0.005
0.623 0.577 0 0.005
0.624 0.297 0 0.005
0.626 0.651 0 0.005
0.629 0.964 0 0.005
0.6355 0.7655 0 0.005
0.631 0.162 0 0.005
0.632 0.14 0 0.005
0.632 0.629 0 0.005
0.635 0.124 0 0.005
0.636 0.214 0 0.005
0.636 0.404 0 0.005
0.636 0.908 0 0.005
0.638 0.094 0 0.005
0.641 0.31 0 0.005
0.642 0.15 0 0.005
0.642 0.798 0 0.005
0.647 0.246 0 0.005
0.648 0.204 0 0.005
0.648 0.659 0 0.005
0.649 0.129 0 0.005
0.649 0.615 0 0.005
0.65 0.03 0 0.005
0.651 0.902 0 0.005
0.654 0.287 0 0.005
0.655 0.509 0 0.005
0.657 0.529 0 0.005
0.659 0.471 0 0.005
0.665 0.163 0 0.005
0.666 0.89 0 0.005
0.667 0.3 0 0.005
0.669 0.208 0 0.005
0.669 0.324 0 0.005
0.669 0.511 0 0.005
0.67 0.746 0 0.005
0.672 0.139 0 0.005
0.677 0.805 0 0.005
0.677 0.957 0 0.005
0.678 0.057 0 0.005
0.678 0.291 0 0.005
0.678 0.991 0 0.005
0.68 0.864 0 0.005
0.685 0.085 0 0.005
0.685 0.472 0 0.005
0.687 0.351 0 0.005
0.694 0.986 0 0.005
0.695 0.259 0 0.005
0.696 0.297 0 0.005
0.698 0.363 0 0.005
0.701 0.831 0 0.005
0.701 0.926 0 0.005
0.704 0.119 0 0.005
0.705 0.385 0 0.005
0.705 0.397 0 0.005
0.705 0.519 0 0.005
0.705 0.609 0 0.005
0.706 0.168 0 0.005
0.707 0.372 0 0.005
0.711 0.294 0 0.005
0.712 0.234 0 0.005
0.713 0.482 0 0.005
0.716 0.419 0 0.005
0.717 0.602 0 0.005
0.719 0.031 0 0.005
0.719 0.468 0 0.005
0.72 0.822 0 0.005
0.721 0.912 0 0.005
0.722 0.075 0 0.005
0.722 0.956 0 0.005
0.727 0.189 0 0.005
0.727 0.201 0 0.005
0.727 0.751 0 0.005
0.73 0.507 0 0.005
0.732 0.012 0 0.005
0.733 0.559 0 0.005
0.735 0.466 0 0.005
0.736 0.52 0 0.005
0.738 0.236 0 0.005
0.738 0.399 0 0.005
0.738 0.533 0 0.005
0.74 0.627 0 0.005
0.741 0.172 0 0.005
0.741 0.69 0 0.005
0.742 0.19 0 0.005
0.742 0.608 0 0.005
0.744 0.804 0 0.005
0.746 0.336 0 0.005
0.747 0.497 0 0.005
0.747 0.725 0 0.005
0.747 0.992 0 0.005
0.748 0.116 0 0.005
0.75 0.003268292682926829 0 0.005
0.75 0.546 0 0.005
0.75 0.656 0 0.005
0.751 0.533 0 0.005
0.752 0.48 0 0.005
0.755 0.241 0 0.005
0.755 0.283 0 0.005
0.757 0.209 0 0.005
0.759 0.355 0 0.005
0.759 0.62 0 0.005
0.76 0.855 0 0.005
0.763 0.035 0 0.005
0.763 0.983 0 0.005
0.764 0.051 0 0.005
0.764 0.787 0 0.005
0.7715 0.551 0 0.005
0.769 0.676 0 0.005
0.771 0.608 0 0.005
0.772 0.221 0 0.005
0.779 0.893 0 0.005
0.78 0.645 0 0.005
0.781 0.51 0 0.005
0.782 0.063 0 0.005
0.783 0.584 0 0.005
0.787 0.487 0 0.005
0.789 0.969 0 0.005
0.792 0.216 0 0.005
0.793 0.256 0 0.005
0.794 0.231 0 0.005
0.795 0.048 0 0.005
0.796 0.502 0 0.005
0.796 0.913 0 0.005
0.798 0.1 0 0.005
0.799 0.187 0 0.005
0.799 0.646 0 0.005
0.799 0.751 0 0.005
0.799 0.898 0 0.005
0.8 0.483 0 0.005
0.801 0.611 0 0.005
0.801 0.777 0 0.005
0.802 0.365 0 0.005
0.805 0.802 0 0.005
0.807 0.3 0 0.005
0.809 0.835 0 0.005
0.813 0.964 0 0.005
0.814 0.147 0 0.005
0.814 0.62 0 0.005
0.816 0.996225352112676 0 0.005
0.819 0.528 0 0.005
0.823 0.224 0 0.005
0.825 0.169 0 0.005
0.825 0.454 0 0.005
0.825 0.778 0 0.005
0.828 0.328 0 0.005
0.828 0.421 0 0.005
0.834 0.441 0 0.005
0.839 0.637 0 0.005
0.839 0.919 0 0.005
0.84 0.756 0 0.005
0.841 0.092 0 0.005
0.842 0.575 0 0.005
0.844 0.069 0 0.005
0.845 0.226 0 0.005
0.845 0.714 0 0.005
0.845 0.907 0 0.005
0.846 0.179 0 0.005
0.846 0.649 0 0.005
0.846 0.743 0 0.005
0.85 0.358 0 0.005
0.85 0.553 0 0.005
0.852 0.101 0 0.005
0.852 0.125 0 0.005
0.854 0.5 0 0.005
0.855 0.158 0 0.005
0.857 0.405 0 0.005
0.858 0.291 0 0.005
0.861 0.227 0 0.005
0.862 0.031 0 0.005
0.862 0.87 0 0.005
0.868 0.82 0 0.005
0.87 0.458 0 0.005
0.871 0.119 0 0.005
0.871 0.879 0 0.005
0.872 0.31 0 0.005
0.872 0.483 0 0.005
0.872 0.796 0 0.005
0.875 0.739 0 0.005
0.876 0.752 0 0.005
0.879 0.6 0 0.005
0.88 0.108 0 0.005
0.88 0.269 0 0.005
0.881 0.131 0 0.005
0.883 0.384 0 0.005
0.892 0.634 0 0.005
0.894 0.096 0 0.005
0.895 0.162 0 0.005
0.898 0.98 0 0.005
0.899 0.121 0 0.005
0.901 0.563 0 0.005
0.902 0.842 0 0.005
0.905 0.3 0 0.005
0.908 0.875 0 0.005
0.912 0.096 0 0.005
0.914 0.813 0 0.005
0.92 0.24 0 0.005
0.92 0.993 0 0.005
0.929 0.126 0 0.005
0.93 0.411 0 0.005
0.931 0.251 0 0.005
0.932 0.614 0 0.005
0.935 0.816 0 0.005
0.938 0.577 0 0.005
0.94 0.088 0 0.005
0.943 0.966 0 0.005
0.948 0.139 0 0.005
0.95 0.66 0 0.005
0.95 0.818 0 0.005
0.951 0.409 0 0.005
0.952 0.95 0 0.005
0.953 0.056 0 0.005
0.954 0.629 0 0.005
0.957 0.544 0 0.005
0.96 0.043 0 0.005
0.96 0.573 0 0.005
0.963 0.401 0 0.005
0.963 0.597 0 0.005
0.963 0.774 0 0.005
0.964 0.492 0 0.005
0.964 0.861 0 0.005
0.973 0.091 0 0.005
0.973 0.326 0 0.005
0.978 0.037 0 0.005
0.98 0.156 0 0.005
0.98 0.385 0 0.005
0.984 0.727 0 0.005
0.985 0.33 0 0.005
0.986 0.625 0 0.005
0.986 0.827 0 0.005
0.989 0.065 0 0.005
0.989 0.398 0 0.005
0.99 0.236 0 0.005
0.99 0.368 0 0.005
0.991 0.92 0 0.005
0.993 0.462 0 0.005
