0.009 0.603 0 0.005
0.0165 0.583 0 0.005
0.012 0.475 0 0.005
0.014 0.748 0 0.005
0.023 0.248 0 0.005
0.027 0.559 0 0.005
0.037 0.593 0 0.005
0.045 0.199 0 0.005
0.053 0.399 0 0.005
0.062 0.839 0 0.005
0.062 0.909 0 0.005
0.075 0.349 0 0.005
0.075 0.723 0 0.005
0.076 0.378 0 0.005
0.08 0.874 0 0.005
0.087 0.113 0 0.005
0.092 0.957 0 0.005
0.095 0.603 0 0.005
0.097 0.846 0 0.005
0.107 0.578 0 0.005
0.115 0.742 0 0.005
0.117 0.449 0 0.005
0.12 0.705 0 0.005
0.121 0.375 0 0.005
0.124 0.914 0 0.005
0.128 0.527 0 0.005
0.132 0.342 0 0.005
0.134 0.604 0 0.005
0.138 0.284 0 0.005
0.143 0.619 0 0.005
0.144 0.665 0 0.005
0.15 0.653 0 0.005
0.152 0.99 0 0.005
0.153 0.215 0 0.005
0.153 0.376 0 0.005
0.156 0.301 0 0.005
0.157 0.36 0 0.005
0.158 0.838 0 0.005
0.165 0.915 0 0.005
0.167 0.889 0 0.005
0.172 0.041 0 0.005
0.172 0.475 0 0.005
0.176 0.688 0 0.005
0.177 0.504 0 0.005
0.181 0.25 0 0.005
0.181 0.307 0 0.005
0.182 0.076 0 0.005
0.182 0.898 0 0.005
0.183 0.427 0 0.005
0.189 0.987 0 0.005
0.194 0.134 0 0.005
0.197 0.996225352112676 0 0.005
0.203 0.744 0 0.005
0.205 0.665 0 0.005
0.206 0.201 0 0.005
0.207 0.86 0 0.005
0.216 0.828 0 0.005
0.219 0.978 0 0.005
0.22 0.644 0 0.005
0.221 0.746 0 0.005
0.223 0.592 0 0.005
0.224 0.464 0 0.005
0.225 0.668 0 0.005
0.226 0.231 0 0.005
0.229 0.199 0 0.005
0.232 0.766 0 0.005
0.234 0.041 0 0.005
0.234 0.079 0 0.005
0.235 0.817 0 0.005
0.242 0.164 0 0.005
0.242 0.802 0 0.005
0.243 0.244 0 0.005
0.246 0.265 0 0.005
0.253 0.43 0 0.005
0.258 0.291 0 0.005
0.26 0.36 0 0.005
0.261 0.514 0 0.005
0.261 0.607 0 0.005
0.268 0.011 0 0.005
0.29 0.691 0 0.005
0.299 0.434 0 0.005
0.302 0.581 0 0.005
0.304 0.871 0 0.005
0.307 0.455 0 0.005
0.308 0.414 0 0.005
0.31 0.759 0 0.005
0.315 0.058 0 0.005
0.318 0.518 0 0.005
0.327 0.622 0 0.005
0.329 0.728 0 0.005
0.329 0.823 0 0.005
0.335 0.475 0 0.005
0.336 0.552 0 0.005
0.34 0.717 0 0.005
0.342 0.51 0 0.005
0.343 0.533 0 0.005
0.346 0.798 0 0.005
0.36 0.229 0 0.005
0.367 0.377 0 0.005
0.368 0.632 0 0.005
0.369 0.586 0 0.005
0.375 0.753 0 0.005
0.377 0.541 0 0.005
0.38 0.361 0 0.005
0.381 0.084 0 0.005
0.39 0.27 0 0.005
0.393 0.655 0 0.005
0.396 0.779 0 0.005
0.398 0.023 0 0.005
0.408 0.605 0 0.005
0.41 0.68 0 0.005
0.415 0.206 0 0.005
0.423 0.648 0 0.005
0.431 0.413 0 0.005
0.438 0.668 0 0.005
0.439 0.609 0 0.005
0.442 0.454 0 0.005
0.448 0.098 0 0.005
0.454 0.821 0 0.005
0.458 0.492 0 0.005
0.464 0.599 0 0.005
0.472 0.328 0 0.005
0.472 0.437 0 0.005
0.477 0.65 0 0.005
0.478 0.856 0 0.005
0.485 0.815 0 0.005
0.488 0.153 0 0.005
0.489 0.288 0 0.005
0.491 0.329 0 0.005
0.495 0.79 0 0.005
0.498 0.641 0 0.005
0.499 0.768 0 0.005
0.503 0.742 0 0.005
0.509 0.378 0 0.005
0.509 0.801 0 0.005
0.514 0.613 0 0.005
0.515 0.582 0 0.005
0.527 0.365 0 0.005
0.531 0.696 0 0.005
0.531 0.904 0 0.005
0.533 0.835 0 0.005
0.543 0.633 0 0.005
0.544 0.35 0 0.005
0.549 0.888 0 0.005
0.55 0.851 0 0.005
0.565 0.994 0 0.005
0.567 0.16 0 0.005
0.567 0.494 0 0.005
0.573 0.233 0 0.005
0.575 0.453 0 0.005
0.576 0.903 0 0.005
0.578 0.331 0 0.005
0.587 0.634 0 0.005
0.604 0.269 0 0.005
0.604 0.468 0 0.005
0.608 0.293 0 0.005
0.616 0.947 0 0.005
0.618 0.889 0 0.005
0.623 0.34 0 0.005
0.623 0.868 0 0.005
0.63 0.974 0 0.005
0.639 0.432 0 0.005
0.643 0.445 0 0.005
0.646 0.82 0 0.005
0.653 0.672 0 0.005
0.66 0.9952365591397849 0 0.005
0.673 0.406 0 0.005
0.677 0.082 0 0.005
0.682 0.1 0 0.005
0.683 0.23 0 0.005
0.684 0.392 0 0.005
0.687 0.619 0 0.005
0.689 0.651 0 0.005
0.692 0.702 0 0.005
0.695 0.303 0 0.005
0.698 0.00434313725490196 0 0.005
0.707 0.093 0 0.005
0.712 0.853 0 0.005
0.713 0.17 0 0.005
0.7185 0.489 0 0.005
0.719 0.656 0 0.005
0.719 0.669 0 0.005
0.724 0.232 0 0.005
0.73 0.782 0 0.005
0.735 0.123 0 0.005
0.736 0.535 0 0.005
0.736 0.918 0 0.005
0.738 0.382 0 0.005
0.742 0.023 0 0.005
0.743 0.767 0 0.005
0.749 0.316 0 0.005
0.751 0.579 0 0.005
0.752 0.934 0 0.005
0.757 0.223 0 0.005
0.764 0.727 0 0.005
0.767 0.057 0 0.005
0.769 0.684 0 0.005
0.771 0.02 0 0.005
0.771 0.488 0 0.005
0.771 0.905 0 0.005
0.772 0.966 0 0.005
0.773 0.833 0 0.005
0.774 0.642 0 0.005
0.779 0.318 0 0.005
0.795 0.963 0 0.005
0.799 0.77 0 0.005
0.8 0.685 0 0.005
0.803 0.951 0 0.005
0.81 0.922 0 0.005
0.811 0.56 0 0.005
0.812 0.467 0 0.005
0.812 0.985 0 0.005
0.82 0.273 0 0.005
0.824 0.3 0 0.005
0.83 0.391 0 0.005
0.833 0.179 0 0.005
0.834 0.495 0 0.005
0.837 0.655 0 0.005
0.841 0.0022833333333333334 0 0.005
0.842 0.762 0 0.005
0.846 0.246 0 0.005
0.851 0.478 0 0.005
0.853 0.219 0 0.005
0.853 0.7 0 0.005
0.854 0.607 0 0.005
0.86 0.007 0 0.005
0.86 0.138 0 0.005
0.862 0.492 0 0.005
0.863 0.841 0 0.005
0.872 0.063 0 0.005
0.872 0.079 0 0.005
0.88 0.89 0 0.005
0.883 0.023 0 0.005
0.883 0.252 0 0.005
0.884 0.991 0 0.005
0.887 0.626 0 0.005
0.889 0.123 0 0.005
0.889 0.351 0 0.005
0.89 0.931 0 0.005
0.898 0.518 0 0.005
0.905 0.802 0 0.005
0.909 0.077 0 0.005
0.909 0.457 0 0.005
0.92 0.131 0 0.005
0.922 0.306 0 0.005
0.929 0.367 0 0.005
0.938 0.904 0 0.005
0.94 0.85 0 0.005
0.947 0.709 0 0.005
0.949 0.429 0 0.005
0.95 0.12 0 0.005
0.962 0.34 0 0.005
0.962 0.767 0 0.005
0.97 0.098 0 0.005
0.97 0.289 0 0.005
0.976 0.565 0 0.005
0.982 0.715 0 0.005
0.984 0.118 0 0.005
0.986 0.042 0 0.005
0.987 0.376 0 0.005
0.991 0.406 0 0.005
0.992 0.659 0 0.005
0.996225352112676 0.323 0 0.005
