0.0008333333333333334 0.0015833333333333333 0 0.005
0.0008095238095238096 0.012 0 0.005
0.0033125 0.034 0 0.005
0.0012666666666666666 0.055 0 0.005
0.0 0.093 0 0.005
0.0012666666666666666 0.106 0 0.005
0.0033125 0.122 0 0.005
0.0004166666666666667 0.152 0 0.005
0.0017435897435897436 0.201 0 0.005
0.0022291666666666666 0.239 0 0.005
0.0033125 0.252 0 0.005
0.0017435897435897436 0.262 0 0.005
0.0012666666666666666 0.328 0 0.005
0.002719298245614035 0.37 0 0.005
0.0017435897435897436 0.39 0 0.005
0.002719298245614035 0.427 0 0.005
0.0004166666666666667 0.454 0 0.005
0.0008095238095238096 0.476 0 0.005
0.0008095238095238096 0.513 0 0.005
0.0008095238095238096 0.528 0 0.005
0.0008095238095238096 0.538 0 0.005
0.0022291666666666666 0.558 0 0.005
0.002719298245614035 0.571 0 0.005
0.0004166666666666667 0.592 0 0.005
0.004 0.602 0 0.005
0.002719298245614035 0.615 0 0.005
0.0033125 0.63 0 0.005
0.0017435897435897436 0.67 0 0.005
0.0008095238095238096 0.686 0 0.005
0.0012666666666666666 0.711 0 0.005
0.0022291666666666666 0.721 0 0.005
0.0 0.731 0 0.005
0.0008095238095238096 0.792 0 0.005
0.0008095238095238096 0.847 0 0.005
0.0 0.865 0 0.005
0.0022291666666666666 0.874 0 0.005
0.004 0.892 0 0.005
0.0 0.924 0 0.005
0.0033125 0.939 0 0.005
0.0008095238095238096 0.951 0 0.005
0.0033125 0.961 0 0.005
0.004 0.98 0 0.005
0.0 0.986 0 0.005
0.005 0.284 0 0.005
0.005 0.336 0 0.005
0.005 0.77 0 0.005
0.006 0.306 0 0.005
0.006 0.46 0 0.005
0.006 0.497 0 0.005
0.006 0.862 0 0.005
0.006 0.928 0 0.005
0.007 0.071 0 0.005
0.007 0.21 0 0.005
0.007 0.294 0 0.005
0.007 0.322 0 0.005
0.007 0.38 0 0.005
0.007 0.678 0 0.005
0.008 0.149 0 0.005
0.008 0.821 0 0.005
0.009 0.132 0 0.005
0.009 0.19 0 0.005
0.009 0.23 0 0.005
0.009 0.41 0 0.005
0.009 0.448 0 0.005
0.009 0.65 0 0.005
0.009 0.837 0 0.005
0.009 0.901 0 0.005
0.01 0.092 0 0.005
0.01 0.36 0 0.005
0.01 0.42 0 0.005
0.011 0.273 0 0.005
0.011 0.4 0 0.005
0.011 0.698 0 0.005
0.011 0.79 0 0.005
0.012 0.046 0 0.005
0.012 0.114 0 0.005
0.012 0.484 0 0.005
0.012 0.595 0 0.005
0.012 0.737 0 0.005
0.012 0.913 0 0.005
0.013 0.17 0 0.005
0.013 0.664 0 0.005
0.012 0.0 0 0.005
0.014 0.199 0 0.005
0.014 0.389 0 0.005
0.014 0.582 0 0.005
0.014 0.805 0 0.005
0.015 0.249 0 0.005
0.015 0.435 0 0.005
0.015 0.559 0 0.005
0.015 0.767 0 0.005
0.015 0.954 0 0.005
0.016 0.101 0 0.005
0.016 0.687 0 0.005
0.016 0.754 0 0.005
0.016 0.852 0 0.005
0.016 0.993 0 0.005
0.017 0.058 0 0.005
0.017 0.493 0 0.005
0.017 0.888 0 0.005
0.017 0.923 0 0.005
0.019 0.036 0 0.005
0.019 0.072 0 0.005
0.019 0.331 0 0.005
0.019 0.619 0 0.005
0.019 0.796 0 0.005
0.019 0.822 0 0.005
0.019 0.9 0 0.005
0.02 0.183 0 0.005
0.02 0.45 0 0.005
0.021 0.269 0 0.005
0.021 0.346 0 0.005
0.021 0.37 0 0.005
0.021 0.537 0 0.005
0.021 0.57 0 0.005
0.022 0.123 0 0.005
0.022 0.356 0 0.005
0.022 0.842 0 0.005
0.023 0.165 0 0.005
0.023 0.22 0 0.005
0.023 0.305 0 0.005
0.023 0.606 0 0.005
0.023 0.645 0 0.005
0.023 0.985 0 0.005
0.024 0.293 0 0.005
0.024 0.465 0 0.005
0.024 0.475 0 0.005
0.024 0.878 0 0.005
0.025 0.008 0 0.005
0.025 0.023 0 0.005
0.025 0.096 0 0.005
0.025 0.249 0 0.005
0.025 0.279 0 0.005
0.025 0.508 0 0.005
0.025 0.714 0 0.005
0.025 0.739 0 0.005
0.025 0.759 0 0.005
0.025 0.859 0 0.005
0.025 0.914 0 0.005
0.026 0.147 0 0.005
0.026 0.175 0 0.005
0.026 0.388 0 0.005
0.026 0.782 0 0.005
0.027 0.204 0 0.005
0.027 0.833 0 0.005
0.028 0.23 0 0.005
0.028 0.524 0 0.005
0.028 0.9981904761904762 0 0.005
0.029 0.403 0 0.005
0.029 0.488 0 0.005
0.029 0.695 0 0.005
0.029 0.971 0 0.005
0.03 0.078 0 0.005
0.031 0.137 0 0.005
0.031 0.62 0 0.005
0.031 0.652 0 0.005
0.031 0.675 0 0.005
0.032 0.052 0 0.005
0.032 0.321 0 0.005
0.032 0.443 0 0.005
0.033 0.016 0 0.005
0.033 0.114 0 0.005
0.033 0.584 0 0.005
0.034 0.799 0 0.005
0.035 0.21 0 0.005
0.035 0.22 0 0.005
0.035 0.464 0 0.005
0.035 0.713 0 0.005
0.036 0.1 0 0.005
0.036 0.157 0 0.005
0.036 0.344 0 0.005
0.036 0.749 0 0.005
0.036 0.0004166666666666667 0 0.005
0.037 0.597 0 0.005
0.037 0.661 0 0.005
0.037 0.82 0 0.005
0.037 0.865 0 0.005
0.038 0.479 0 0.005
0.038 0.56 0 0.005
0.038 0.7 0 0.005
0.038 0.735 0 0.005
0.039 0.147 0 0.005
0.039 0.247 0 0.005
0.039 0.293 0 0.005
0.039 0.52 0 0.005
0.039 0.544 0 0.005
0.04 0.13 0 0.005
0.04 0.184 0 0.005
0.04 0.264 0 0.005
0.04 0.394 0 0.005
0.04 0.854 0 0.005
0.041 0.091 0 0.005
0.041 0.201 0 0.005
0.041 0.409 0 0.005
0.041 0.509 0 0.005
0.041 0.575 0 0.005
0.041 0.808 0 0.005
0.041 0.959 0 0.005
0.042 0.316 0 0.005
0.042 0.984 0 0.005
0.043 0.032 0 0.005
0.043 0.11 0 0.005
0.043 0.174 0 0.005
0.043 0.23 0 0.005
0.043 0.283 0 0.005
0.043 0.329 0 0.005
0.043 0.45 0 0.005
0.043 0.683 0 0.005
0.043 0.84 0 0.005
0.043 0.943 0 0.005
0.044 0.363 0 0.005
0.044 0.762 0 0.005
0.044 0.877 0 0.005
0.045 0.424 0 0.005
0.045 0.495 0 0.005
0.046 0.06 0 0.005
0.046 0.708 0 0.005
0.047 0.01 0 0.005
0.047 0.589 0 0.005
0.047 0.746 0 0.005
0.048 0.464 0 0.005
0.048 0.618 0 0.005
0.048 0.653 0 0.005
0.049 0.825 0 0.005
0.049 0.967 0 0.005
0.048 0.9985833333333334 0 0.005
0.05 0.266 0 0.005
0.05 0.306 0 0.005
0.05 0.374 0 0.005
0.05 0.518 0 0.005
0.05 0.854 0 0.005
0.05 0.891 0 0.005
0.051 0.051 0 0.005
0.051 0.479 0 0.005
0.051 0.631 0 0.005
0.052 0.348 0 0.005
0.052 0.391 0 0.005
0.052 0.794 0 0.005
0.052 0.928 0 0.005
0.053 0.081 0 0.005
0.053 0.211 0 0.005
0.053 0.24 0 0.005
0.053 0.455 0 0.005
0.053 0.699 0 0.005
0.053 0.872 0 0.005
0.053 0.938 0 0.005
0.054 0.02 0 0.005
0.054 0.132 0 0.005
0.054 0.189 0 0.005
0.054 0.562 0 0.005
0.054 0.664 0 0.005
0.054 0.917 0 0.005
0.055 0.157 0 0.005
0.055 0.225 0 0.005
0.055 0.501 0 0.005
0.055 0.581 0 0.005
0.055 0.763 0 0.005
0.055 0.833 0 0.005
0.056 0.43 0 0.005
0.056 0.604 0 0.005
0.056 0.814 0 0.005
0.057 0.097 0 0.005
0.057 0.2 0 0.005
0.057 0.281 0 0.005
0.057 0.293 0 0.005
0.057 0.774 0 0.005
0.059 0.738 0 0.005
0.059 0.844 0 0.005
0.059 0.897 0 0.005
0.059 0.958 0 0.005
0.061 0.035 0 0.005
0.061 0.32 0 0.005
0.062 0.445 0 0.005
0.062 0.525 0 0.005
0.062 0.712 0 0.005
0.062 0.929 0 0.005
0.062 0.948 0 0.005
0.063 0.067 0 0.005
0.063 0.117 0 0.005
0.063 0.215 0 0.005
0.063 0.264 0 0.005
0.063 0.538 0 0.005
0.064 0.0008095238095238096 0 0.005
0.064 0.136 0 0.005
0.064 0.611 0 0.005
0.064 0.691 0 0.005
0.064 0.758 0 0.005
0.065 0.33 0 0.005
0.065 0.376 0 0.005
0.065 0.408 0 0.005
0.065 0.457 0 0.005
0.065 0.505 0 0.005
0.065 0.661 0 0.005
0.065 0.795 0 0.005
0.065 0.866 0 0.005
0.065 0.88 0 0.005
0.066 0.597 0 0.005
0.066 0.818 0 0.005
0.066 0.971 0 0.005
0.067 0.164 0 0.005
0.067 0.182 0 0.005
0.068 0.01 0 0.005
0.068 0.357 0 0.005
0.068 0.555 0 0.005
0.068 0.631 0 0.005
0.069 0.224 0 0.005
0.069 0.579 0 0.005
0.069 0.645 0 0.005
0.07 0.29 0 0.005
0.07 0.397 0 0.005
0.07 0.677 0 0.005
0.07 0.901 0 0.005
0.07 0.917 0 0.005
0.071 0.037 0 0.005
0.071 0.109 0 0.005
0.071 0.243 0 0.005
0.071 0.279 0 0.005
0.071 0.342 0 0.005
0.071 0.783 0 0.005
0.072 0.835 0 0.005
0.072 0.845 0 0.005
0.072 0.858 0 0.005
0.072 0.927 0 0.005
0.072 0.988 0 0.005
0.073 0.05 0 0.005
0.073 0.082 0 0.005
0.073 0.369 0 0.005
0.073 0.421 0 0.005
0.073 0.469 0 0.005
0.073 0.482 0 0.005
0.073 0.938 0 0.005
0.074 0.207 0 0.005
0.074 0.385 0 0.005
0.074 0.704 0 0.005
0.075 0.409 0 0.005
0.075 0.458 0 0.005
0.075 0.74 0 0.005
0.075 0.794 0 0.005
0.075 0.876 0 0.005
0.075 0.963 0 0.005
0.076 0.027 0 0.005
0.076 0.061 0 0.005
0.076 0.126 0 0.005
0.076 0.148 0 0.005
0.076 0.497 0 0.005
0.076 0.751 0 0.005
0.077 0.256 0 0.005
0.077 0.442 0 0.005
0.077 0.603 0 0.005
0.077 0.616 0 0.005
0.078 0.002719298245614035 0 0.005
0.078 0.192 0 0.005
0.078 0.534 0 0.005
0.078 0.996280701754386 0 0.005
0.079 0.115 0 0.005
0.079 0.659 0 0.005
0.08 0.101 0 0.005
0.08 0.292 0 0.005
0.08 0.813 0 0.005
0.08 0.901 0 0.005
0.08 0.918 0 0.005
0.081 0.042 0 0.005
0.081 0.16 0 0.005
0.081 0.545 0 0.005
0.082 0.592 0 0.005
0.082 0.693 0 0.005
0.082 0.777 0 0.005
0.082 0.864 0 0.005
0.083 0.011 0 0.005
0.083 0.279 0 0.005
0.083 0.317 0 0.005
0.083 0.516 0 0.005
0.083 0.556 0 0.005
0.084 0.267 0 0.005
0.084 0.634 0 0.005
0.085 0.072 0 0.005
0.085 0.091 0 0.005
0.085 0.176 0 0.005
0.085 0.207 0 0.005
0.085 0.355 0 0.005
0.085 0.424 0 0.005
0.085 0.714 0 0.005
0.086 0.222 0 0.005
0.086 0.239 0 0.005
0.086 0.338 0 0.005
0.086 0.724 0 0.005
0.087 0.469 0 0.005
0.087 0.799 0 0.005
0.087 0.91 0 0.005
0.087 0.933 0 0.005
0.088 0.306 0 0.005
0.088 0.391 0 0.005
0.088 0.438 0 0.005
0.088 0.878 0 0.005
0.088 0.967 0 0.005
0.089 0.022 0 0.005
0.089 0.755 0 0.005
0.089 0.943 0 0.005
0.089 0.989 0 0.005
0.09 0.381 0 0.005
0.09 0.493 0 0.005
0.09 0.585 0 0.005
0.09 0.683 0 0.005
0.09 0.842 0 0.005
0.091 0.035 0 0.005
0.091 0.056 0 0.005
0.091 0.452 0 0.005
0.091 0.508 0 0.005
0.091 0.65 0 0.005
0.091 0.811 0 0.005
0.092 0.295 0 0.005
0.092 0.483 0 0.005
0.092 0.705 0 0.005
0.093 0.167 0 0.005
0.093 0.198 0 0.005
0.093 0.213 0 0.005
0.093 0.25 0 0.005
0.093 0.276 0 0.005
0.093 0.66 0 0.005
0.093 0.776 0 0.005
0.093 0.891 0 0.005
0.094 0.01 0 0.005
0.094 0.127 0 0.005
0.094 0.327 0 0.005
0.094 0.41 0 0.005
0.094 0.537 0 0.005
0.094 0.856 0 0.005
0.094 0.959 0 0.005
0.095 0.569 0 0.005
0.095 0.614 0 0.005
0.095 0.765 0 0.005
0.095 0.901 0 0.005
0.096 0.091 0 0.005
0.096 0.424 0 0.005
0.096 0.639 0 0.005
0.097 0.101 0 0.005
0.097 0.398 0 0.005
0.098 0.369 0 0.005
0.098 0.792 0 0.005
0.098 0.925 0 0.005
0.099 0.08 0 0.005
0.099 0.24 0 0.005
0.099 0.343 0 0.005
0.099 0.469 0 0.005
0.099 0.515 0 0.005
0.1 0.137 0 0.005
0.1 0.977 0 0.005
0.101 0.625 0 0.005
0.101 0.676 0 0.005
0.102 0.062 0 0.005
0.102 0.301 0 0.005
0.102 0.529 0 0.005
0.102 0.834 0 0.005
0.102 0.936 0 0.005
0.102 0.992 0 0.005
0.103 0.02 0 0.005
0.103 0.441 0 0.005
0.103 0.451 0 0.005
0.103 0.49 0 0.005
0.103 0.552 0 0.005
0.104 0.009 0 0.005
0.104 0.202 0 0.005
0.104 0.285 0 0.005
0.104 0.479 0 0.005
0.104 0.752 0 0.005
0.104 0.771 0 0.005
0.104 0.871 0 0.005
0.104 0.883 0 0.005
0.105 0.072 0 0.005
0.105 0.25 0 0.005
0.105 0.335 0 0.005
0.105 0.382 0 0.005
0.105 0.6 0 0.005
0.105 0.821 0 0.005
0.105 0.906 0 0.005
0.106 0.153 0 0.005
0.106 0.188 0 0.005
0.106 0.314 0 0.005
0.106 0.649 0 0.005
0.107 0.093 0 0.005
0.107 0.406 0 0.005
0.107 0.587 0 0.005
0.107 0.707 0 0.005
0.107 0.718 0 0.005
0.107 0.736 0 0.005
0.107 0.784 0 0.005
0.108 0.521 0 0.005
0.108 0.61 0 0.005
0.108 0.696 0 0.005
0.108 0.807 0 0.005
0.109 0.143 0 0.005
0.109 0.858 0 0.005
0.11 0.221 0 0.005
0.11 0.416 0 0.005
0.11 0.896 0 0.005
0.111 0.131 0 0.005
0.111 0.294 0 0.005
0.111 0.66 0 0.005
0.111 0.956 0 0.005
0.111 0.985 0 0.005
0.112 0.039 0 0.005
0.112 0.504 0 0.005
0.112 0.973 0 0.005
0.113 0.115 0 0.005
0.113 0.257 0 0.005
0.113 0.684 0 0.005
0.114 0.002719298245614035 0 0.005
0.114 0.079 0 0.005
0.114 0.104 0 0.005
0.114 0.443 0 0.005
0.114 0.827 0 0.005
0.115 0.02 0 0.005
0.115 0.241 0 0.005
0.115 0.567 0 0.005
0.115 0.632 0 0.005
0.116 0.165 0 0.005
0.116 0.324 0 0.005
0.116 0.875 0 0.005
0.117 0.431 0 0.005
0.117 0.761 0 0.005
0.117 0.778 0 0.005
0.118 0.28 0 0.005
0.118 0.362 0 0.005
0.118 0.372 0 0.005
0.118 0.939 0 0.005
0.119 0.197 0 0.005
0.119 0.535 0 0.005
0.119 0.612 0 0.005
0.119 0.717 0 0.005
0.119 0.739 0 0.005
0.119 0.994 0 0.005
0.12 0.581 0 0.005
0.12 0.707 0 0.005
0.12 0.79 0 0.005
0.12 0.864 0 0.005
0.121 0.034 0 0.005
0.121 0.134 0 0.005
0.121 0.184 0 0.005
0.121 0.297 0 0.005
0.121 0.393 0 0.005
0.121 0.486 0 0.005
0.121 0.642 0 0.005
0.121 0.809 0 0.005
0.121 0.955 0 0.005
0.122 0.089 0 0.005
0.123 0.41 0 0.005
0.123 0.496 0 0.005
0.123 0.889 0 0.005
0.123 0.912 0 0.005
0.123 0.923 0 0.005
0.124 0.061 0 0.005
0.124 0.078 0 0.005
0.124 0.106 0 0.005
0.124 0.145 0 0.005
0.124 0.456 0 0.005
0.124 0.52 0 0.005
0.125 0.262 0 0.005
0.125 0.446 0 0.005
0.126 0.307 0 0.005
0.126 0.327 0 0.005
0.126 0.599 0 0.005
0.126 0.751 0 0.005
0.127 0.344 0 0.005
0.127 0.901 0 0.005
0.128 0.0022291666666666666 0 0.005
0.128 0.046 0 0.005
0.128 0.475 0 0.005
0.128 0.624 0 0.005
0.128 0.692 0 0.005
0.128 0.837 0 0.005
0.128 0.874 0 0.005
0.129 0.241 0 0.005
0.129 0.427 0 0.005
0.129 0.732 0 0.005
0.129 0.783 0 0.005
0.129 0.8 0 0.005
0.129 0.97 0 0.005
0.13 0.162 0 0.005
0.13 0.534 0 0.005
0.13 0.583 0 0.005
0.13 0.662 0 0.005
0.13 0.932 0 0.005
0.13 0.982 0 0.005
0.131 0.118 0 0.005
0.131 0.172 0 0.005
0.131 0.678 0 0.005
0.131 0.771 0 0.005
0.132 0.293 0 0.005
0.132 0.365 0 0.005
0.132 0.551 0 0.005
0.132 0.612 0 0.005
0.132 0.647 0 0.005
0.132 0.709 0 0.005
0.132 0.918 0 0.005
0.132 0.952 0 0.005
0.133 0.206 0 0.005
0.134 0.029 0 0.005
0.134 0.271 0 0.005
0.134 0.283 0 0.005
0.134 0.436 0 0.005
0.134 0.514 0 0.005
0.135 0.19 0 0.005
0.135 0.218 0 0.005
0.133 0.999 0 0.005
0.136 0.068 0 0.005
0.136 0.105 0 0.005
0.136 0.408 0 0.005
0.136 0.449 0 0.005
0.137 0.128 0 0.005
0.137 0.319 0 0.005
0.137 0.524 0 0.005
0.137 0.593 0 0.005
0.138 0.082 0 0.005
0.138 0.851 0 0.005
0.139 0.012 0 0.005
0.139 0.485 0 0.005
0.139 0.501 0 0.005
0.14 0.093 0 0.005
0.14 0.248 0 0.005
0.14 0.629 0 0.005
0.141 0.172 0 0.005
0.141 0.811 0 0.005
0.141 0.828 0 0.005
0.141 0.906 0 0.005
0.142 0.644 0 0.005
0.142 0.684 0 0.005
0.142 0.794 0 0.005
0.142 0.885 0 0.005
0.143 0.024 0 0.005
0.143 0.231 0 0.005
0.143 0.724 0 0.005
0.144 0.002719298245614035 0 0.005
0.144 0.29 0 0.005
0.144 0.429 0 0.005
0.144 0.441 0 0.005
0.144 0.927 0 0.005
0.145 0.12 0 0.005
0.145 0.259 0 0.005
0.145 0.337 0 0.005
0.145 0.348 0 0.005
0.145 0.39 0 0.005
0.145 0.551 0 0.005
0.145 0.564 0 0.005
0.145 0.579 0 0.005
0.145 0.753 0 0.005
0.145 0.781 0 0.005
0.145 0.977 0 0.005
0.146 0.142 0 0.005
0.146 0.301 0 0.005
0.146 0.413 0 0.005
0.146 0.47 0 0.005
0.146 0.944 0 0.005
0.146 0.9956875 0 0.005
0.147 0.049 0 0.005
0.147 0.077 0 0.005
0.147 0.314 0 0.005
0.147 0.37 0 0.005
0.147 0.856 0 0.005
0.148 0.217 0 0.005
0.148 0.358 0 0.005
0.148 0.603 0 0.005
0.148 0.867 0 0.005
0.149 0.107 0 0.005
0.149 0.896 0 0.005
0.149 0.964 0 0.005
0.15 0.207 0 0.005
0.15 0.496 0 0.005
0.15 0.517 0 0.005
0.151 0.271 0 0.005
0.151 0.674 0 0.005
0.151 0.704 0 0.005
0.151 0.812 0 0.005
0.151 0.91 0 0.005
0.152 0.456 0 0.005
0.152 0.734 0 0.005
0.152 0.767 0 0.005
0.152 0.826 0 0.005
0.152 0.879 0 0.005
0.153 0.172 0 0.005
0.154 0.01 0 0.005
0.154 0.322 0 0.005
0.154 0.649 0 0.005
0.155 0.084 0 0.005
0.155 0.198 0 0.005
0.155 0.241 0 0.005
0.155 0.419 0 0.005
0.155 0.717 0 0.005
0.155 0.778 0 0.005
0.156 0.382 0 0.005
0.156 0.544 0 0.005
0.157 0.252 0 0.005
0.157 0.392 0 0.005
0.157 0.481 0 0.005
0.157 0.504 0 0.005
0.157 0.948 0 0.005
0.158 0.056 0 0.005
0.158 0.182 0 0.005
0.158 0.217 0 0.005
0.158 0.695 0 0.005
0.158 0.85 0 0.005
0.159 0.228 0 0.005
0.159 0.527 0 0.005
0.159 0.558 0 0.005
0.159 0.611 0 0.005
0.159 0.743 0 0.005
0.159 0.754 0 0.005
0.16 0.117 0 0.005
0.16 0.281 0 0.005
0.16 0.299 0 0.005
0.16 0.34 0 0.005
0.16 0.683 0 0.005
0.16 0.889 0 0.005
0.16 0.97 0 0.005
0.161 0.099 0 0.005
0.161 0.447 0 0.005
0.161 0.864 0 0.005
0.162 0.14 0 0.005
0.162 0.15 0 0.005
0.162 0.877 0 0.005
0.163 0.371 0 0.005
0.164 0.017 0 0.005
0.164 0.029 0 0.005
0.164 0.352 0 0.005
0.164 0.918 0 0.005
0.165 0.267 0 0.005
0.165 0.58 0 0.005
0.165 0.806 0 0.005
0.165 0.961 0 0.005
0.166 0.198 0 0.005
0.166 0.469 0 0.005
0.167 0.002719298245614035 0 0.005
0.167 0.177 0 0.005
0.167 0.241 0 0.005
0.167 0.316 0 0.005
0.167 0.594 0 0.005
0.167 0.674 0 0.005
0.167 0.836 0 0.005
0.167 0.987 0 0.005
0.167 0.9977333333333334 0 0.005
0.168 0.215 0 0.005
0.168 0.397 0 0.005
0.168 0.433 0 0.005
0.168 0.489 0 0.005
0.168 0.513 0 0.005
0.168 0.626 0 0.005
0.169 0.042 0 0.005
0.169 0.086 0 0.005
0.169 0.105 0 0.005
0.169 0.327 0 0.005
0.169 0.479 0 0.005
0.17 0.656 0 0.005
0.17 0.751 0 0.005
0.17 0.938 0 0.005
0.171 0.281 0 0.005
0.171 0.572 0 0.005
0.171 0.86 0 0.005
0.172 0.064 0 0.005
0.172 0.539 0 0.005
0.172 0.782 0 0.005
0.172 0.819 0 0.005
0.172 0.894 0 0.005
0.173 0.023 0 0.005
0.173 0.138 0 0.005
0.173 0.406 0 0.005
0.173 0.763 0 0.005
0.173 0.877 0 0.005
0.174 0.123 0 0.005
0.174 0.152 0 0.005
0.174 0.186 0 0.005
0.174 0.425 0 0.005
0.174 0.733 0 0.005
0.174 0.797 0 0.005
0.174 0.976 0 0.005
0.175 0.684 0 0.005
0.175 0.909 0 0.005
0.176 0.234 0 0.005
0.176 0.711 0 0.005
0.177 0.594 0 0.005
0.177 0.618 0 0.005
0.177 0.962 0 0.005
0.178 0.005 0 0.005
0.178 0.164 0 0.005
0.178 0.201 0 0.005
0.178 0.608 0 0.005
0.179 0.036 0 0.005
0.179 0.177 0 0.005
0.179 0.359 0 0.005
0.179 0.383 0 0.005
0.179 0.451 0 0.005
0.179 0.505 0 0.005
0.179 0.651 0 0.005
0.179 0.808 0 0.005
0.179 0.849 0 0.005
0.179 0.932 0 0.005
0.18 0.253 0 0.005
0.18 0.476 0 0.005
0.18 0.487 0 0.005
0.18 0.558 0 0.005
0.18 0.58 0 0.005
0.181 0.055 0 0.005
0.181 0.071 0 0.005
0.181 0.315 0 0.005
0.181 0.328 0 0.005
0.181 0.345 0 0.005
0.181 0.628 0 0.005
0.181 0.944 0 0.005
0.179 0.999 0 0.005
0.182 0.099 0 0.005
0.182 0.224 0 0.005
0.182 0.525 0 0.005
0.183 0.191 0 0.005
0.183 0.271 0 0.005
0.183 0.672 0 0.005
0.183 0.692 0 0.005
0.183 0.882 0 0.005
0.183 0.954 0 0.005
0.184 0.129 0 0.005
0.184 0.296 0 0.005
0.184 0.413 0 0.005
0.185 0.542 0 0.005
0.185 0.772 0 0.005
0.185 0.798 0 0.005
0.187 0.337 0 0.005
0.187 0.368 0 0.005
0.187 0.399 0 0.005
0.187 0.459 0 0.005
0.187 0.572 0 0.005
0.187 0.619 0 0.005
0.187 0.659 0 0.005
0.187 0.712 0 0.005
0.187 0.748 0 0.005
0.187 0.903 0 0.005
0.189 0.432 0 0.005
0.189 0.758 0 0.005
0.189 0.839 0 0.005
0.189 0.913 0 0.005
0.189 0.937 0 0.005
0.19 0.024 0 0.005
0.19 0.085 0 0.005
0.19 0.231 0 0.005
0.19 0.98 0 0.005
0.189 0.9985833333333334 0 0.005
0.192 0.042 0 0.005
0.192 0.106 0 0.005
0.192 0.259 0 0.005
0.192 0.352 0 0.005
0.192 0.472 0 0.005
0.192 0.591 0 0.005
0.192 0.734 0 0.005
0.192 0.854 0 0.005
0.193 0.139 0 0.005
0.193 0.249 0 0.005
0.193 0.313 0 0.005
0.193 0.601 0 0.005
0.193 0.966 0 0.005
0.194 0.006 0 0.005
0.194 0.065 0 0.005
0.194 0.126 0 0.005
0.194 0.166 0 0.005
0.194 0.178 0 0.005
0.194 0.208 0 0.005
0.194 0.285 0 0.005
0.194 0.299 0 0.005
0.194 0.879 0 0.005
0.195 0.827 0 0.005
0.196 0.193 0 0.005
0.196 0.527 0 0.005
0.196 0.769 0 0.005
0.196 0.793 0 0.005
0.196 0.864 0 0.005
0.197 0.421 0 0.005
0.197 0.487 0 0.005
0.197 0.51 0 0.005
0.197 0.701 0 0.005
0.197 0.716 0 0.005
0.198 0.323 0 0.005
0.198 0.623 0 0.005
0.198 0.639 0 0.005
0.199 0.677 0 0.005
0.2 0.268 0 0.005
0.2 0.399 0 0.005
0.2 0.443 0 0.005
0.2 0.461 0 0.005
0.2 0.901 0 0.005
0.2 0.993 0 0.005
0.201 0.565 0 0.005
0.201 0.66 0 0.005
0.201 0.808 0 0.005
0.202 0.548 0 0.005
0.202 0.951 0 0.005
0.203 0.034 0 0.005
0.203 0.094 0 0.005
0.203 0.413 0 0.005
0.203 0.498 0 0.005
0.203 0.584 0 0.005
0.203 0.761 0 0.005
0.203 0.913 0 0.005
0.203 0.938 0 0.005
0.204 0.062 0 0.005
0.204 0.072 0 0.005
0.204 0.229 0 0.005
0.204 0.477 0 0.005
0.204 0.781 0 0.005
0.204 0.982 0 0.005
0.205 0.165 0 0.005
0.205 0.218 0 0.005
0.205 0.31 0 0.005
0.205 0.732 0 0.005
0.205 0.927 0 0.005
0.206 0.611 0 0.005
0.207 0.203 0 0.005
0.207 0.28 0 0.005
0.207 0.381 0 0.005
0.207 0.67 0 0.005
0.207 0.791 0 0.005
0.207 0.862 0 0.005
0.209 0.324 0 0.005
0.209 0.43 0 0.005
0.209 0.819 0 0.005
0.209 0.891 0 0.005
0.21 0.017 0 0.005
0.21 0.082 0 0.005
0.21 0.37 0 0.005
0.21 0.51 0 0.005
0.21 0.525 0 0.005
0.21 0.874 0 0.005
0.21 0.905 0 0.005
0.21 0.971 0 0.005
0.21 0.992 0 0.005
0.211 0.181 0 0.005
0.211 0.292 0 0.005
0.211 0.392 0 0.005
0.211 0.444 0 0.005
0.211 0.54 0 0.005
0.212 0.041 0 0.005
0.212 0.13 0 0.005
0.212 0.25 0 0.005
0.212 0.271 0 0.005
0.212 0.358 0 0.005
0.212 0.55 0 0.005
0.212 0.756 0 0.005
0.213 0.054 0 0.005
0.213 0.103 0 0.005
0.213 0.115 0 0.005
0.213 0.68 0 0.005
0.214 0.304 0 0.005
0.214 0.692 0 0.005
0.214 0.704 0 0.005
0.214 0.716 0 0.005
0.214 0.743 0 0.005
0.214 0.767 0 0.005
0.215 0.157 0 0.005
0.215 0.474 0 0.005
0.215 0.484 0 0.005
0.215 0.783 0 0.005
0.216 0.0008095238095238096 0 0.005
0.216 0.949 0 0.005
0.217 0.418 0 0.005
0.218 0.168 0 0.005
0.218 0.609 0 0.005
0.218 0.628 0 0.005
0.218 0.652 0 0.005
0.219 0.064 0 0.005
0.219 0.207 0 0.005
0.219 0.318 0 0.005
0.219 0.596 0 0.005
0.219 0.8 0 0.005
0.219 0.838 0 0.005
0.22 0.242 0 0.005
0.22 0.515 0 0.005
0.22 0.531 0 0.005
0.22 0.571 0 0.005
0.22 0.734 0 0.005
0.22 0.883 0 0.005
0.221 0.096 0 0.005
0.221 0.339 0 0.005
0.221 0.868 0 0.005
0.222 0.132 0 0.005
0.222 0.328 0 0.005
0.222 0.494 0 0.005
0.222 0.638 0 0.005
0.222 0.824 0 0.005
0.222 0.977 0 0.005
0.223 0.149 0 0.005
0.223 0.178 0 0.005
0.223 0.231 0 0.005
0.223 0.446 0 0.005
0.223 0.681 0 0.005
0.223 0.925 0 0.005
0.224 0.013 0 0.005
0.224 0.399 0 0.005
0.224 0.753 0 0.005
0.225 0.114 0 0.005
0.225 0.193 0 0.005
0.225 0.41 0 0.005
0.225 0.459 0 0.005
0.223 0.999 0 0.005
0.226 0.045 0 0.005
0.226 0.074 0 0.005
0.226 0.29 0 0.005
0.226 0.484 0 0.005
0.226 0.615 0 0.005
0.226 0.956 0 0.005
0.227 0.377 0 0.005
0.227 0.434 0 0.005
0.227 0.579 0 0.005
0.227 0.603 0 0.005
0.227 0.742 0 0.005
0.228 0.782 0 0.005
0.229 0.648 0 0.005
0.229 0.877 0 0.005
0.229 0.993 0 0.005
0.231 0.058 0 0.005
0.231 0.264 0 0.005
0.231 0.527 0 0.005
0.231 0.795 0 0.005
0.231 0.858 0 0.005
0.232 0.134 0 0.005
0.232 0.671 0 0.005
0.232 0.77 0 0.005
0.232 0.837 0 0.005
0.232 0.942 0 0.005
0.233 0.021 0 0.005
0.233 0.313 0 0.005
0.233 0.393 0 0.005
0.233 0.425 0 0.005
0.233 0.817 0 0.005
0.234 0.0008095238095238096 0 0.005
0.234 0.163 0 0.005
0.234 0.362 0 0.005
0.234 0.51 0 0.005
0.234 0.556 0 0.005
0.234 0.638 0 0.005
0.235 0.454 0 0.005
0.235 0.592 0 0.005
0.235 0.9981904761904762 0 0.005
0.236 0.15 0 0.005
0.236 0.211 0 0.005
0.236 0.223 0 0.005
0.236 0.475 0 0.005
0.236 0.707 0 0.005
0.236 0.751 0 0.005
0.236 0.961 0 0.005
0.237 0.254 0 0.005
0.238 0.033 0 0.005
0.238 0.923 0 0.005
0.238 0.972 0 0.005
0.239 0.351 0 0.005
0.239 0.624 0 0.005
0.239 0.829 0 0.005
0.24 0.043 0 0.005
0.24 0.094 0 0.005
0.24 0.185 0 0.005
0.24 0.377 0 0.005
0.24 0.536 0 0.005
0.241 0.061 0 0.005
0.241 0.237 0 0.005
0.241 0.287 0 0.005
0.241 0.337 0 0.005
0.241 0.807 0 0.005
0.242 0.198 0 0.005
0.242 0.408 0 0.005
0.242 0.486 0 0.005
0.243 0.729 0 0.005
0.243 0.882 0 0.005
0.244 0.568 0 0.005
0.244 0.584 0 0.005
0.244 0.603 0 0.005
0.244 0.765 0 0.005
0.244 0.894 0 0.005
0.244 0.939 0 0.005
0.245 0.075 0 0.005
0.245 0.364 0 0.005
0.245 0.616 0 0.005
0.245 0.85 0 0.005
0.246 0.01 0 0.005
0.246 0.248 0 0.005
0.246 0.461 0 0.005
0.246 0.652 0 0.005
0.246 0.84 0 0.005
0.246 0.989 0 0.005
0.247 0.118 0 0.005
0.247 0.175 0 0.005
0.247 0.496 0 0.005
0.247 0.0004166666666666667 0 0.005
0.248 0.268 0 0.005
0.248 0.393 0 0.005
0.248 0.444 0 0.005
0.248 0.87 0 0.005
0.249 0.64 0 0.005
0.249 0.673 0 0.005
0.25 0.796 0 0.005
0.25 0.911 0 0.005
0.251 0.049 0 0.005
0.251 0.148 0 0.005
0.251 0.298 0 0.005
0.251 0.54 0 0.005
0.251 0.719 0 0.005
0.252 0.409 0 0.005
0.252 0.483 0 0.005
0.252 0.695 0 0.005
0.252 0.743 0 0.005
0.253 0.028 0 0.005
0.253 0.133 0 0.005
0.253 0.258 0 0.005
0.253 0.786 0 0.005
0.254 0.06 0 0.005
0.254 0.192 0 0.005
0.254 0.217 0 0.005
0.254 0.33 0 0.005
0.254 0.378 0 0.005
0.254 0.83 0 0.005
0.254 0.895 0 0.005
0.254 0.921 0 0.005
0.255 0.352 0 0.005
0.255 0.425 0 0.005
0.255 0.629 0 0.005
0.256 0.466 0 0.005
0.256 0.938 0 0.005
0.257 0.088 0 0.005
0.257 0.232 0 0.005
0.257 0.649 0 0.005
0.257 0.851 0 0.005
0.258 0.163 0 0.005
0.258 0.287 0 0.005
0.258 0.667 0 0.005
0.259 0.116 0 0.005
0.259 0.504 0 0.005
0.259 0.618 0 0.005
0.259 0.821 0 0.005
0.26 0.272 0 0.005
0.26 0.317 0 0.005
0.26 0.53 0 0.005
0.26 0.714 0 0.005
0.261 0.639 0 0.005
0.262 0.008 0 0.005
0.262 0.391 0 0.005
0.262 0.514 0 0.005
0.262 0.577 0 0.005
0.262 0.587 0 0.005
0.263 0.179 0 0.005
0.263 0.251 0 0.005
0.263 0.368 0 0.005
0.263 0.436 0 0.005
0.263 0.904 0 0.005
0.263 0.916 0 0.005
0.264 0.063 0 0.005
0.264 0.209 0 0.005
0.264 0.893 0 0.005
0.264 0.96 0 0.005
0.264 0.975 0 0.005
0.265 0.347 0 0.005
0.265 0.723 0 0.005
0.265 0.781 0 0.005
0.266 0.696 0 0.005
0.266 0.804 0 0.005
0.266 0.991 0 0.005
0.267 0.082 0 0.005
0.267 0.094 0 0.005
0.267 0.221 0 0.005
0.267 0.331 0 0.005
0.267 0.419 0 0.005
0.267 0.543 0 0.005
0.267 0.626 0 0.005
0.267 0.793 0 0.005
0.268 0.031 0 0.005
0.268 0.144 0 0.005
0.268 0.461 0 0.005
0.268 0.746 0 0.005
0.268 0.939 0 0.005
0.269 0.113 0 0.005
0.269 0.159 0 0.005
0.269 0.599 0 0.005
0.269 0.841 0 0.005
0.269 0.872 0 0.005
0.27 0.123 0 0.005
0.27 0.499 0 0.005
0.27 0.571 0 0.005
0.27 0.609 0 0.005
0.27 0.674 0 0.005
0.27 0.686 0 0.005
0.27 0.708 0 0.005
0.27 0.758 0 0.005
0.271 0.015 0 0.005
0.271 0.482 0 0.005
0.271 0.638 0 0.005
0.272 0.381 0 0.005
0.273 0.171 0 0.005
0.273 0.471 0 0.005
0.273 0.924 0 0.005
0.274 0.263 0 0.005
0.274 0.444 0 0.005
0.274 0.656 0 0.005
0.274 0.96 0 0.005
0.275 0.133 0 0.005
0.275 0.183 0 0.005
0.275 0.717 0 0.005
0.275 0.767 0 0.005
0.276 0.235 0 0.005
0.276 0.283 0 0.005
0.276 0.401 0 0.005
0.276 0.533 0 0.005
0.276 0.552 0 0.005
0.277 0.328 0 0.005
0.277 0.36 0 0.005
0.277 0.802 0 0.005
0.277 0.889 0 0.005
0.278 0.416 0 0.005
0.278 0.73 0 0.005
0.278 0.784 0 0.005
0.279 0.49 0 0.005
0.279 0.603 0 0.005
0.279 0.614 0 0.005
0.279 0.747 0 0.005
0.28 0.067 0 0.005
0.28 0.217 0 0.005
0.28 0.35 0 0.005
0.28 0.453 0 0.005
0.28 0.574 0 0.005
0.28 0.9967708333333334 0 0.005
0.281 0.023 0 0.005
0.281 0.044 0 0.005
0.281 0.09 0 0.005
0.281 0.705 0 0.005
0.281 0.848 0 0.005
0.281 0.985 0 0.005
0.282 0.256 0 0.005
0.282 0.673 0 0.005
0.282 0.688 0 0.005
0.282 0.819 0 0.005
0.283 0.107 0 0.005
0.283 0.369 0 0.005
0.283 0.952 0 0.005
0.284 0.14 0 0.005
0.284 0.524 0 0.005
0.284 0.592 0 0.005
0.284 0.632 0 0.005
0.284 0.656 0 0.005
0.284 0.902 0 0.005
0.284 0.935 0 0.005
0.285 0.2 0 0.005
0.285 0.766 0 0.005
0.286 0.185 0 0.005
0.286 0.319 0 0.005
0.286 0.47 0 0.005
0.286 0.565 0 0.005
0.286 0.834 0 0.005
0.286 0.87 0 0.005
0.287 0.301 0 0.005
0.287 0.38 0 0.005
0.287 0.801 0 0.005
0.288 0.079 0 0.005
0.288 0.162 0 0.005
0.288 0.24 0 0.005
0.288 0.446 0 0.005
0.288 0.724 0 0.005
0.289 0.175 0 0.005
0.289 0.226 0 0.005
0.289 0.271 0 0.005
0.289 0.413 0 0.005
0.289 0.487 0 0.005
0.289 0.0004166666666666667 0 0.005
0.29 0.03 0 0.005
0.29 0.394 0 0.005
0.29 0.425 0 0.005
0.29 0.577 0 0.005
0.291 0.062 0 0.005
0.291 0.622 0 0.005
0.291 0.847 0 0.005
0.292 0.099 0 0.005
0.292 0.991 0 0.005
0.293 0.497 0 0.005
0.293 0.552 0 0.005
0.293 0.646 0 0.005
0.293 0.663 0 0.005
0.293 0.787 0 0.005
0.293 0.826 0 0.005
0.295 0.117 0 0.005
0.295 0.263 0 0.005
0.295 0.361 0 0.005
0.295 0.529 0 0.005
0.295 0.607 0 0.005
0.295 0.76 0 0.005
0.296 0.284 0 0.005
0.296 0.461 0 0.005
0.296 0.471 0 0.005
0.296 0.59 0 0.005
0.296 0.634 0 0.005
0.296 0.968 0 0.005
0.297 0.253 0 0.005
0.297 0.385 0 0.005
0.298 0.165 0 0.005
0.298 0.837 0 0.005
0.298 0.885 0 0.005
0.298 0.915 0 0.005
0.299 0.013 0 0.005
0.299 0.05 0 0.005
0.299 0.195 0 0.005
0.299 0.217 0 0.005
0.299 0.672 0 0.005
0.299 0.776 0 0.005
0.299 0.795 0 0.005
0.299 0.944 0 0.005
0.3 0.132 0 0.005
0.3 0.241 0 0.005
0.3 0.299 0 0.005
0.3 0.437 0 0.005
0.3 0.703 0 0.005
0.301 0.406 0 0.005
0.301 0.449 0 0.005
0.301 0.575 0 0.005
0.301 0.9956875 0 0.005
0.302 0.275 0 0.005
0.302 0.521 0 0.005
0.302 0.902 0 0.005
0.303 0.422 0 0.005
0.303 0.859 0 0.005
0.303 0.871 0 0.005
0.304 0.173 0 0.005
0.304 0.817 0 0.005
0.305 0.071 0 0.005
0.305 0.081 0 0.005
0.305 0.101 0 0.005
0.305 0.489 0 0.005
0.305 0.641 0 0.005
0.305 0.723 0 0.005
0.305 0.983 0 0.005
0.306 0.15 0 0.005
0.306 0.478 0 0.005
0.306 0.558 0 0.005
0.306 0.761 0 0.005
0.306 0.849 0 0.005
0.307 0.114 0 0.005
0.307 0.693 0 0.005
0.307 0.734 0 0.005
0.307 0.751 0 0.005
0.307 0.829 0 0.005
0.308 0.045 0 0.005
0.308 0.231 0 0.005
0.308 0.321 0 0.005
0.308 0.365 0 0.005
0.309 0.016 0 0.005
0.309 0.031 0 0.005
0.309 0.347 0 0.005
0.309 0.542 0 0.005
0.309 0.678 0 0.005
0.309 0.968 0 0.005
0.31 0.255 0 0.005
0.31 0.385 0 0.005
0.31 0.443 0 0.005
0.31 0.711 0 0.005
0.31 0.798 0 0.005
0.311 0.137 0 0.005
0.311 0.293 0 0.005
0.311 0.414 0 0.005
0.311 0.428 0 0.005
0.311 0.9977333333333334 0 0.005
0.312 0.583 0 0.005
0.312 0.604 0 0.005
0.312 0.618 0 0.005
0.312 0.884 0 0.005
0.312 0.95 0 0.005
0.313 0.123 0 0.005
0.313 0.337 0 0.005
0.313 0.4 0 0.005
0.315 0.059 0 0.005
0.315 0.193 0 0.005
0.315 0.217 0 0.005
0.315 0.483 0 0.005
0.315 0.531 0 0.005
0.315 0.987 0 0.005
0.316 0.077 0 0.005
0.316 0.157 0 0.005
0.316 0.784 0 0.005
0.316 0.934 0 0.005
0.317 0.206 0 0.005
0.317 0.521 0 0.005
0.317 0.559 0 0.005
0.317 0.739 0 0.005
0.317 0.919 0 0.005
0.318 0.229 0 0.005
0.318 0.248 0 0.005
0.318 0.865 0 0.005
0.318 0.9 0 0.005
0.319 0.448 0 0.005
0.319 0.642 0 0.005
0.319 0.757 0 0.005
0.319 0.825 0 0.005
0.32 0.046 0 0.005
0.32 0.108 0 0.005
0.32 0.264 0 0.005
0.32 0.392 0 0.005
0.32 0.717 0 0.005
0.32 0.843 0 0.005
0.321 0.087 0 0.005
0.321 0.14 0 0.005
0.321 0.176 0 0.005
0.321 0.502 0 0.005
0.321 0.694 0 0.005
0.321 0.727 0 0.005
0.321 0.815 0 0.005
0.322 0.0033125 0 0.005
0.322 0.314 0 0.005
0.322 0.36 0 0.005
0.322 0.573 0 0.005
0.322 0.6 0 0.005
0.322 0.677 0 0.005
0.322 0.875 0 0.005
0.323 0.619 0 0.005
0.323 0.653 0 0.005
0.323 0.956 0 0.005
0.324 0.166 0 0.005
0.324 0.331 0 0.005
0.324 0.346 0 0.005
0.326 0.028 0 0.005
0.326 0.381 0 0.005
0.326 0.545 0 0.005
0.326 0.993 0 0.005
0.327 0.1 0 0.005
0.327 0.425 0 0.005
0.327 0.633 0 0.005
0.327 0.777 0 0.005
0.328 0.299 0 0.005
0.328 0.608 0 0.005
0.329 0.279 0 0.005
0.329 0.86 0 0.005
0.329 0.979 0 0.005
0.33 0.414 0 0.005
0.33 0.457 0 0.005
0.33 0.835 0 0.005
0.33 0.886 0 0.005
0.33 0.907 0 0.005
0.33 0.967 0 0.005
0.331 0.233 0 0.005
0.331 0.588 0 0.005
0.332 0.197 0 0.005
0.332 0.578 0 0.005
0.332 0.726 0 0.005
0.333 0.02 0 0.005
0.333 0.391 0 0.005
0.333 0.667 0 0.005
0.333 0.701 0 0.005
0.333 0.812 0 0.005
0.333 0.823 0 0.005
0.334 0.174 0 0.005
0.334 0.334 0 0.005
0.334 0.403 0 0.005
0.334 0.434 0 0.005
0.334 0.444 0 0.005
0.334 0.926 0 0.005
0.335 0.033 0 0.005
0.335 0.063 0 0.005
0.335 0.138 0 0.005
0.335 0.157 0 0.005
0.335 0.222 0 0.005
0.335 0.248 0 0.005
0.335 0.538 0 0.005
0.335 0.74 0 0.005
0.336 0.079 0 0.005
0.336 0.261 0 0.005
0.336 0.362 0 0.005
0.336 0.567 0 0.005
0.336 0.639 0 0.005
0.336 0.654 0 0.005
0.336 0.895 0 0.005
0.337 0.372 0 0.005
0.337 0.508 0 0.005
0.337 0.618 0 0.005
0.337 0.712 0 0.005
0.338 0.121 0 0.005
0.338 0.848 0 0.005
0.338 0.87 0 0.005
0.339 0.292 0 0.005
0.339 0.303 0 0.005
0.339 0.762 0 0.005
0.339 0.782 0 0.005
0.339 0.94 0 0.005
0.34 0.046 0 0.005
0.34 0.205 0 0.005
0.34 0.498 0 0.005
0.34 0.915 0 0.005
0.34 0.987 0 0.005
0.341 0.234 0 0.005
0.341 0.352 0 0.005
0.341 0.599 0 0.005
0.341 0.673 0 0.005
0.341 0.956 0 0.005
0.342 0.1 0 0.005
0.342 0.318 0 0.005
0.342 0.487 0 0.005
0.342 0.974 0 0.005
0.343 0.456 0 0.005
0.343 0.475 0 0.005
0.343 0.725 0 0.005
0.343 0.86 0 0.005
0.344 0.131 0 0.005
0.344 0.401 0 0.005
0.344 0.523 0 0.005
0.345 0.25 0 0.005
0.345 0.541 0 0.005
0.345 0.551 0 0.005
0.345 0.824 0 0.005
0.346 0.013 0 0.005
0.346 0.151 0 0.005
0.346 0.262 0 0.005
0.346 0.689 0 0.005
0.346 0.923 0 0.005
0.347 0.162 0 0.005
0.347 0.708 0 0.005
0.348 0.057 0 0.005
0.348 0.383 0 0.005
0.348 0.613 0 0.005
0.348 0.659 0 0.005
0.348 0.812 0 0.005
0.348 0.844 0 0.005
0.348 0.891 0 0.005
0.349 0.679 0 0.005
0.349 0.783 0 0.005
0.349 0.938 0 0.005
0.349 0.963 0 0.005
0.35 0.083 0 0.005
0.35 0.093 0 0.005
0.351 0.214 0 0.005
0.351 0.224 0 0.005
0.351 0.349 0 0.005
0.351 0.759 0 0.005
0.352 0.068 0 0.005
0.352 0.332 0 0.005
0.352 0.37 0 0.005
0.352 0.772 0 0.005
0.352 0.802 0 0.005
0.353 0.17 0 0.005
0.353 0.291 0 0.005
0.353 0.418 0 0.005
0.353 0.864 0 0.005
0.354 0.591 0 0.005
0.355 0.192 0 0.005
0.355 0.444 0 0.005
0.355 0.736 0 0.005
0.355 0.951 0 0.005
0.356 0.104 0 0.005
0.356 0.115 0 0.005
0.356 0.128 0 0.005
0.356 0.466 0 0.005
0.356 0.651 0 0.005
0.357 0.024 0 0.005
0.357 0.15 0 0.005
0.357 0.63 0 0.005
0.357 0.723 0 0.005
0.358 0.038 0 0.005
0.358 0.387 0 0.005
0.358 0.537 0 0.005
0.358 0.818 0 0.005
0.358 0.845 0 0.005
0.358 0.878 0 0.005
0.358 0.927 0 0.005
0.359 0.483 0 0.005
0.36 0.089 0 0.005
0.36 0.232 0 0.005
0.36 0.503 0 0.005
0.36 0.518 0 0.005
0.36 0.619 0 0.005
0.361 0.338 0 0.005
0.361 0.89 0 0.005
0.361 0.993 0 0.005
0.362 0.012 0 0.005
0.362 0.075 0 0.005
0.362 0.279 0 0.005
0.362 0.364 0 0.005
0.362 0.436 0 0.005
0.362 0.787 0 0.005
0.362 0.943 0 0.005
0.363 0.002719298245614035 0 0.005
0.363 0.267 0 0.005
0.363 0.426 0 0.005
0.363 0.56 0 0.005
0.363 0.64 0 0.005
0.364 0.186 0 0.005
0.364 0.585 0 0.005
0.364 0.754 0 0.005
0.364 0.769 0 0.005
0.364 0.836 0 0.005
0.365 0.159 0 0.005
0.365 0.327 0 0.005
0.365 0.375 0 0.005
0.365 0.71 0 0.005
0.365 0.855 0 0.005
0.365 0.953 0 0.005
0.365 0.983 0 0.005
0.367 0.213 0 0.005
0.367 0.412 0 0.005
0.367 0.473 0 0.005
0.367 0.491 0 0.005
0.367 0.656 0 0.005
0.367 0.667 0 0.005
0.367 0.692 0 0.005
0.367 0.866 0 0.005
0.368 0.046 0 0.005
0.368 0.172 0 0.005
0.368 0.288 0 0.005
0.368 0.304 0 0.005
0.368 0.606 0 0.005
0.369 0.031 0 0.005
0.369 0.061 0 0.005
0.369 0.249 0 0.005
0.369 0.552 0 0.005
0.369 0.678 0 0.005
0.369 0.971 0 0.005
0.37 0.083 0 0.005
0.37 0.142 0 0.005
0.37 0.624 0 0.005
0.37 0.744 0 0.005
0.37 0.809 0 0.005
0.37 0.924 0 0.005
0.371 0.314 0 0.005
0.371 0.454 0 0.005
0.371 0.734 0 0.005
0.372 0.12 0 0.005
0.372 0.277 0 0.005
0.372 0.782 0 0.005
0.372 0.9956875 0 0.005
0.373 0.103 0 0.005
0.373 0.346 0 0.005
0.374 0.358 0 0.005
0.374 0.426 0 0.005
0.374 0.504 0 0.005
0.374 0.796 0 0.005
0.374 0.89 0 0.005
0.375 0.163 0 0.005
0.375 0.517 0 0.005
0.375 0.593 0 0.005
0.375 0.823 0 0.005
0.375 0.957 0 0.005
0.376 0.295 0 0.005
0.376 0.374 0 0.005
0.376 0.722 0 0.005
0.377 0.481 0 0.005
0.377 0.532 0 0.005
0.377 0.566 0 0.005
0.378 0.01 0 0.005
0.378 0.266 0 0.005
0.378 0.413 0 0.005
0.378 0.577 0 0.005
0.378 0.652 0 0.005
0.379 0.056 0 0.005
0.379 0.152 0 0.005
0.379 0.391 0 0.005
0.379 0.608 0 0.005
0.379 0.834 0 0.005
0.379 0.863 0 0.005
0.379 0.984 0 0.005
0.38 0.14 0 0.005
0.38 0.494 0 0.005
0.38 0.922 0 0.005
0.38 0.973 0 0.005
0.381 0.206 0 0.005
0.381 0.619 0 0.005
0.381 0.668 0 0.005
0.381 0.69 0 0.005
0.382 0.184 0 0.005
0.382 0.766 0 0.005
0.383 0.083 0 0.005
0.383 0.222 0 0.005
0.383 0.337 0 0.005
0.383 0.463 0 0.005
0.383 0.705 0 0.005
0.384 0.026 0 0.005
0.384 0.323 0 0.005
0.384 0.75 0 0.005
0.384 0.781 0 0.005
0.384 0.876 0 0.005
0.384 0.903 0 0.005
0.384 0.945 0 0.005
0.385 0.29 0 0.005
0.385 0.599 0 0.005
0.385 0.807 0 0.005
0.385 0.851 0 0.005
0.386 0.067 0 0.005
0.386 0.307 0 0.005
0.387 0.365 0 0.005
0.387 0.406 0 0.005
0.387 0.442 0 0.005
0.388 0.11 0 0.005
0.388 0.146 0 0.005
0.388 0.739 0 0.005
0.389 0.38 0 0.005
0.389 0.717 0 0.005
0.389 0.962 0 0.005
0.389 0.988 0 0.005
0.39 0.0017435897435897436 0 0.005
0.39 0.011 0 0.005
0.39 0.253 0 0.005
0.39 0.348 0 0.005
0.39 0.507 0 0.005
0.39 0.552 0 0.005
0.39 0.632 0 0.005
0.39 0.727 0 0.005
0.39 0.798 0 0.005
0.391 0.034 0 0.005
0.391 0.163 0 0.005
0.391 0.472 0 0.005
0.391 0.489 0 0.005
0.391 0.649 0 0.005
0.391 0.678 0 0.005
0.391 0.9972564102564103 0 0.005
0.392 0.282 0 0.005
0.392 0.416 0 0.005
0.392 0.426 0 0.005
0.392 0.541 0 0.005
0.392 0.788 0 0.005
0.392 0.83 0 0.005
0.393 0.056 0 0.005
0.393 0.269 0 0.005
0.393 0.621 0 0.005
0.393 0.842 0 0.005
0.394 0.571 0 0.005
0.394 0.922 0 0.005
0.395 0.085 0 0.005
0.395 0.196 0 0.005
0.395 0.611 0 0.005
0.395 0.773 0 0.005
0.395 0.88 0 0.005
0.395 0.947 0 0.005
0.396 0.226 0 0.005
0.396 0.32 0 0.005
0.396 0.817 0 0.005
0.398 0.1 0 0.005
0.398 0.292 0 0.005
0.398 0.364 0 0.005
0.398 0.499 0 0.005
0.398 0.64 0 0.005
0.398 0.686 0 0.005
0.398 0.7 0 0.005
0.399 0.173 0 0.005
0.399 0.213 0 0.005
0.399 0.403 0 0.005
0.399 0.656 0 0.005
0.399 0.737 0 0.005
0.399 0.869 0 0.005
0.399 0.974 0 0.005
0.4 0.133 0 0.005
0.4 0.149 0 0.005
0.4 0.454 0 0.005
0.401 0.045 0 0.005
0.401 0.335 0 0.005
0.402 0.253 0 0.005
0.402 0.304 0 0.005
0.402 0.595 0 0.005
0.402 0.892 0 0.005
0.403 0.427 0 0.005
0.403 0.624 0 0.005
0.404 0.035 0 0.005
0.404 0.378 0 0.005
0.404 0.528 0 0.005
0.404 0.678 0 0.005
0.404 0.957 0 0.005
0.405 0.0022291666666666666 0 0.005
0.405 0.114 0 0.005
0.405 0.185 0 0.005
0.405 0.238 0 0.005
0.405 0.437 0 0.005
0.405 0.847 0 0.005
0.406 0.568 0 0.005
0.406 0.58 0 0.005
0.406 0.614 0 0.005
0.406 0.749 0 0.005
0.406 0.943 0 0.005
0.407 0.463 0 0.005
0.407 0.491 0 0.005
0.407 0.668 0 0.005
0.408 0.414 0 0.005
0.408 0.811 0 0.005
0.409 0.079 0 0.005
0.409 0.272 0 0.005
0.409 0.54 0 0.005
0.41 0.224 0 0.005
0.41 0.834 0 0.005
0.411 0.069 0 0.005
0.411 0.718 0 0.005
0.411 0.779 0 0.005
0.411 0.965 0 0.005
0.411 0.991 0 0.005
0.412 0.452 0 0.005
0.412 0.646 0 0.005
0.412 0.864 0 0.005
0.412 0.875 0 0.005
0.413 0.018 0 0.005
0.413 0.126 0 0.005
0.413 0.357 0 0.005
0.413 0.384 0 0.005
0.413 0.705 0 0.005
0.414 0.285 0 0.005
0.414 0.677 0 0.005
0.415 0.205 0 0.005
0.415 0.257 0 0.005
0.415 0.559 0 0.005
0.415 0.587 0 0.005
0.415 0.797 0 0.005
0.415 0.888 0 0.005
0.415 0.92 0 0.005
0.415 0.931 0 0.005
0.416 0.478 0 0.005
0.416 0.755 0 0.005
0.417 0.039 0 0.005
0.417 0.194 0 0.005
0.417 0.497 0 0.005
0.417 0.66 0 0.005
0.417 0.735 0 0.005
0.417 0.765 0 0.005
0.417 0.847 0 0.005
0.418 0.178 0 0.005
0.418 0.232 0 0.005
0.418 0.313 0 0.005
0.418 0.394 0 0.005
0.418 0.516 0 0.005
0.418 0.623 0 0.005
0.418 0.688 0 0.005
0.418 0.951 0 0.005
0.419 0.818 0 0.005
0.419 0.899 0 0.005
0.42 0.57 0 0.005
0.421 0.213 0 0.005
0.421 0.406 0 0.005
0.421 0.418 0 0.005
0.422 0.333 0 0.005
0.422 0.455 0 0.005
0.422 0.639 0 0.005
0.423 0.111 0 0.005
0.423 0.15 0 0.005
0.423 0.163 0 0.005
0.423 0.537 0 0.005
0.423 0.71 0 0.005
0.423 0.79 0 0.005
0.424 0.381 0 0.005
0.425 0.344 0 0.005
0.425 0.598 0 0.005
0.426 0.007 0 0.005
0.426 0.018 0 0.005
0.426 0.044 0 0.005
0.426 0.075 0 0.005
0.426 0.801 0 0.005
0.427 0.124 0 0.005
0.427 0.256 0 0.005
0.427 0.964 0 0.005
0.428 0.298 0 0.005
0.428 0.317 0 0.005
0.428 0.615 0 0.005
0.429 0.032 0 0.005
0.429 0.196 0 0.005
0.429 0.361 0 0.005
0.429 0.397 0 0.005
0.429 0.5 0 0.005
0.429 0.722 0 0.005
0.429 0.762 0 0.005
0.43 0.181 0 0.005
0.43 0.285 0 0.005
0.43 0.673 0 0.005
0.43 0.898 0 0.005
0.43 0.939 0 0.005
0.43 0.9972564102564103 0 0.005
0.431 0.064 0 0.005
0.431 0.413 0 0.005
0.431 0.439 0 0.005
0.431 0.53 0 0.005
0.431 0.75 0 0.005
0.431 0.847 0 0.005
0.432 0.697 0 0.005
0.432 0.984 0 0.005
0.433 0.144 0 0.005
0.433 0.558 0 0.005
0.433 0.571 0 0.005
0.433 0.625 0 0.005
0.433 0.647 0 0.005
0.434 0.115 0 0.005
0.434 0.809 0 0.005
0.434 0.883 0 0.005
0.435 0.22 0 0.005
0.435 0.581 0 0.005
0.435 0.709 0 0.005
0.436 0.087 0 0.005
0.436 0.207 0 0.005
0.436 0.599 0 0.005
0.437 0.464 0 0.005
0.437 0.477 0 0.005
0.437 0.918 0 0.005
0.438 0.339 0 0.005
0.438 0.391 0 0.005
0.438 0.52 0 0.005
0.438 0.688 0 0.005
0.439 0.004 0 0.005
0.439 0.158 0 0.005
0.439 0.249 0 0.005
0.439 0.865 0 0.005
0.439 0.961 0 0.005
0.44 0.077 0 0.005
0.44 0.381 0 0.005
0.44 0.502 0 0.005
0.44 0.617 0 0.005
0.44 0.731 0 0.005
0.44 0.799 0 0.005
0.44 0.875 0 0.005
0.441 0.268 0 0.005
0.441 0.316 0 0.005
0.441 0.786 0 0.005
0.442 0.17 0 0.005
0.442 0.539 0 0.005
0.442 0.827 0 0.005
0.442 0.95 0 0.005
0.443 0.095 0 0.005
0.444 0.042 0 0.005
0.444 0.137 0 0.005
0.444 0.278 0 0.005
0.444 0.677 0 0.005
0.444 0.702 0 0.005
0.444 0.776 0 0.005
0.444 0.909 0 0.005
0.445 0.418 0 0.005
0.445 0.443 0 0.005
0.445 0.766 0 0.005
0.445 0.857 0 0.005
0.446 0.884 0 0.005
0.446 0.894 0 0.005
0.446 0.975 0 0.005
0.447 0.149 0 0.005
0.447 0.563 0 0.005
0.447 0.842 0 0.005
0.448 0.233 0 0.005
0.448 0.324 0 0.005
0.448 0.369 0 0.005
0.448 0.483 0 0.005
0.448 0.511 0 0.005
0.448 0.551 0 0.005
0.448 0.592 0 0.005
0.448 0.607 0 0.005
0.448 0.936 0 0.005
0.449 0.253 0 0.005
0.449 0.298 0 0.005
0.449 0.633 0 0.005
0.45 0.024 0 0.005
0.45 0.222 0 0.005
0.45 0.406 0 0.005
0.45 0.648 0 0.005
0.45 0.0004166666666666667 0 0.005
0.451 0.5 0 0.005
0.451 0.522 0 0.005
0.451 0.748 0 0.005
0.451 0.92 0 0.005
0.452 0.335 0 0.005
0.452 0.347 0 0.005
0.452 0.687 0 0.005
0.452 0.827 0 0.005
0.453 0.067 0 0.005
0.453 0.116 0 0.005
0.453 0.159 0 0.005
0.453 0.177 0 0.005
0.453 0.196 0 0.005
0.453 0.578 0 0.005
0.454 0.433 0 0.005
0.454 0.659 0 0.005
0.454 0.669 0 0.005
0.454 0.703 0 0.005
0.455 0.287 0 0.005
0.455 0.449 0 0.005
0.455 0.719 0 0.005
0.455 0.764 0 0.005
0.456 0.013 0 0.005
0.456 0.09 0 0.005
0.456 0.472 0 0.005
0.456 0.849 0 0.005
0.456 0.989 0 0.005
0.457 0.421 0 0.005
0.457 0.967 0 0.005
0.458 0.318 0 0.005
0.458 0.866 0 0.005
0.459 0.037 0 0.005
0.459 0.131 0 0.005
0.459 0.207 0 0.005
0.459 0.606 0 0.005
0.459 0.739 0 0.005
0.459 0.928 0 0.005
0.459 0.943 0 0.005
0.46 0.812 0 0.005
0.46 0.882 0 0.005
0.461 0.504 0 0.005
0.461 0.893 0 0.005
0.462 0.384 0 0.005
0.462 0.569 0 0.005
0.462 0.65 0 0.005
0.462 0.675 0 0.005
0.462 0.781 0 0.005
0.462 0.905 0 0.005
0.463 0.1 0 0.005
0.463 0.141 0 0.005
0.463 0.261 0 0.005
0.463 0.413 0 0.005
0.464 0.23 0 0.005
0.464 0.297 0 0.005
0.464 0.367 0 0.005
0.464 0.699 0 0.005
0.465 0.582 0 0.005
0.465 0.665 0 0.005
0.466 0.085 0 0.005
0.466 0.121 0 0.005
0.466 0.216 0 0.005
0.466 0.62 0 0.005
0.466 0.751 0 0.005
0.466 0.872 0 0.005
0.467 0.199 0 0.005
0.467 0.468 0 0.005
0.467 0.521 0 0.005
0.468 0.323 0 0.005
0.468 0.396 0 0.005
0.468 0.429 0 0.005
0.469 0.058 0 0.005
0.469 0.278 0 0.005
0.469 0.44 0 0.005
0.469 0.486 0 0.005
0.469 0.796 0 0.005
0.469 0.828 0 0.005
0.47 0.188 0 0.005
0.47 0.24 0 0.005
0.47 0.289 0 0.005
0.47 0.926 0 0.005
0.471 0.605 0 0.005
0.471 0.814 0 0.005
0.471 0.841 0 0.005
0.471 0.897 0 0.005
0.472 0.346 0 0.005
0.472 0.654 0 0.005
0.472 0.691 0 0.005
0.472 0.782 0 0.005
0.472 0.971 0 0.005
0.473 0.022 0 0.005
0.473 0.105 0 0.005
0.473 0.362 0 0.005
0.473 0.455 0 0.005
0.473 0.551 0 0.005
0.473 0.632 0 0.005
0.473 0.9977333333333334 0 0.005
0.474 0.0033125 0 0.005
0.474 0.595 0 0.005
0.474 0.73 0 0.005
0.475 0.148 0 0.005
0.475 0.336 0 0.005
0.475 0.675 0 0.005
0.475 0.712 0 0.005
0.475 0.948 0 0.005
0.476 0.046 0 0.005
0.476 0.747 0 0.005
0.477 0.086 0 0.005
0.477 0.169 0 0.005
0.477 0.475 0 0.005
0.477 0.857 0 0.005
0.478 0.411 0 0.005
0.478 0.87 0 0.005
0.479 0.076 0 0.005
0.479 0.583 0 0.005
0.479 0.614 0 0.005
0.479 0.646 0 0.005
0.479 0.763 0 0.005
0.48 0.216 0 0.005
0.48 0.439 0 0.005
0.48 0.572 0 0.005
0.48 0.721 0 0.005
0.48 0.916 0 0.005
0.48 0.984 0 0.005
0.481 0.122 0 0.005
0.481 0.301 0 0.005
0.481 0.838 0 0.005
0.481 0.886 0 0.005
0.481 0.896 0 0.005
0.482 0.188 0 0.005
0.482 0.703 0 0.005
0.482 0.962 0 0.005
0.483 0.264 0 0.005
0.483 0.547 0 0.005
0.483 0.686 0 0.005
0.484 0.106 0 0.005
0.484 0.157 0 0.005
0.484 0.4 0 0.005
0.484 0.422 0 0.005
0.484 0.453 0 0.005
0.484 0.496 0 0.005
0.484 0.661 0 0.005
0.485 0.033 0 0.005
0.485 0.236 0 0.005
0.485 0.39 0 0.005
0.485 0.484 0 0.005
0.486 0.017 0 0.005
0.486 0.532 0 0.005
0.486 0.795 0 0.005
0.487 0.006 0 0.005
0.487 0.197 0 0.005
0.487 0.254 0 0.005
0.487 0.346 0 0.005
0.487 0.636 0 0.005
0.487 0.771 0 0.005
0.488 0.055 0 0.005
0.488 0.712 0 0.005
0.488 0.782 0 0.005
0.489 0.068 0 0.005
0.489 0.318 0 0.005
0.489 0.378 0 0.005
0.489 0.558 0 0.005
0.489 0.617 0 0.005
0.49 0.475 0 0.005
0.49 0.572 0 0.005
0.49 0.596 0 0.005
0.49 0.821 0 0.005
0.49 0.941 0 0.005
0.491 0.137 0 0.005
0.491 0.3 0 0.005
0.491 0.541 0 0.005
0.492 0.168 0 0.005
0.492 0.187 0 0.005
0.492 0.649 0 0.005
0.492 0.861 0 0.005
0.493 0.046 0 0.005
0.493 0.271 0 0.005
0.493 0.367 0 0.005
0.493 0.517 0 0.005
0.493 0.874 0 0.005
0.494 0.113 0 0.005
0.494 0.155 0 0.005
0.494 0.414 0 0.005
0.494 0.506 0 0.005
0.494 0.688 0 0.005
0.494 0.835 0 0.005
0.494 0.911 0 0.005
0.495 0.226 0 0.005
0.495 0.245 0 0.005
0.495 0.95 0 0.005
0.495 0.985 0 0.005
0.496 0.404 0 0.005
0.496 0.43 0 0.005
0.496 0.704 0 0.005
0.497 0.29 0 0.005
0.497 0.347 0 0.005
0.497 0.467 0 0.005
0.497 0.72 0 0.005
0.497 0.754 0 0.005
0.498 0.036 0 0.005
0.498 0.551 0 0.005
0.498 0.742 0 0.005
0.499 0.446 0 0.005
0.5 0.235 0 0.005
0.5 0.263 0 0.005
0.5 0.308 0 0.005
0.5 0.377 0 0.005
0.5 0.526 0 0.005
0.5 0.672 0 0.005
0.5 0.808 0 0.005
0.5 0.924 0 0.005
0.501 0.06 0 0.005
0.501 0.28 0 0.005
0.501 0.497 0 0.005
0.501 0.585 0 0.005
0.502 0.007 0 0.005
0.502 0.021 0 0.005
0.502 0.146 0 0.005
0.502 0.189 0 0.005
0.502 0.391 0 0.005
0.502 0.651 0 0.005
0.502 0.731 0 0.005
0.502 0.787 0 0.005
0.502 0.902 0 0.005
0.503 0.361 0 0.005
0.503 0.963 0 0.005
0.504 0.174 0 0.005
0.504 0.251 0 0.005
0.504 0.459 0 0.005
0.505 0.099 0 0.005
0.505 0.435 0 0.005
0.505 0.634 0 0.005
0.505 0.822 0 0.005
0.505 0.839 0 0.005
0.505 0.942 0 0.005
0.506 0.079 0 0.005
0.506 0.326 0 0.005
0.506 0.684 0 0.005
0.506 0.704 0 0.005
0.507 0.043 0 0.005
0.507 0.562 0 0.005
0.507 0.607 0 0.005
0.508 0.129 0 0.005
0.508 0.314 0 0.005
0.508 0.768 0 0.005
0.509 0.115 0 0.005
0.509 0.473 0 0.005
0.509 0.531 0 0.005
0.51 0.229 0 0.005
0.51 0.426 0 0.005
0.51 0.507 0 0.005
0.511 0.027 0 0.005
0.511 0.293 0 0.005
0.512 0.281 0 0.005
0.512 0.414 0 0.005
0.512 0.793 0 0.005
0.512 0.875 0 0.005
0.512 0.981 0 0.005
0.513 0.205 0 0.005
0.513 0.269 0 0.005
0.513 0.379 0 0.005
0.513 0.723 0 0.005
0.513 0.861 0 0.005
0.514 0.061 0 0.005
0.515 0.089 0 0.005
0.515 0.161 0 0.005
0.515 0.64 0 0.005
0.515 0.656 0 0.005
0.515 0.783 0 0.005
0.515 0.91 0 0.005
0.515 0.924 0 0.005
0.515 0.942 0 0.005
0.516 0.453 0 0.005
0.516 0.894 0 0.005
0.517 0.038 0 0.005
0.517 0.551 0 0.005
0.517 0.599 0 0.005
0.517 0.616 0 0.005
0.517 0.956 0 0.005
0.518 0.148 0 0.005
0.518 0.578 0 0.005
0.518 0.589 0 0.005
0.519 0.399 0 0.005
0.519 0.481 0 0.005
0.519 0.701 0 0.005
0.519 0.817 0 0.005
0.519 0.827 0 0.005
0.52 0.313 0 0.005
0.52 0.752 0 0.005
0.521 0.0017435897435897436 0 0.005
0.521 0.05 0 0.005
0.521 0.421 0 0.005
0.521 0.691 0 0.005
0.522 0.097 0 0.005
0.522 0.181 0 0.005
0.522 0.366 0 0.005
0.522 0.736 0 0.005
0.523 0.13 0 0.005
0.523 0.214 0 0.005
0.523 0.51 0 0.005
0.523 0.935 0 0.005
0.524 0.061 0 0.005
0.524 0.537 0 0.005
0.524 0.675 0 0.005
0.524 0.774 0 0.005
0.524 0.886 0 0.005
0.524 0.901 0 0.005
0.524 0.969 0 0.005
0.525 0.01 0 0.005
0.525 0.193 0 0.005
0.525 0.237 0 0.005
0.525 0.27 0 0.005
0.525 0.333 0 0.005
0.525 0.383 0 0.005
0.525 0.448 0 0.005
0.525 0.664 0 0.005
0.526 0.645 0 0.005
0.526 0.854 0 0.005
0.527 0.042 0 0.005
0.527 0.075 0 0.005
0.527 0.432 0 0.005
0.527 0.469 0 0.005
0.527 0.498 0 0.005
0.527 0.526 0 0.005
0.527 0.564 0 0.005
0.527 0.63 0 0.005
0.528 0.253 0 0.005
0.528 0.344 0 0.005
0.528 0.763 0 0.005
0.529 0.087 0 0.005
0.529 0.173 0 0.005
0.529 0.303 0 0.005
0.529 0.834 0 0.005
0.53 0.142 0 0.005
0.53 0.719 0 0.005
0.53 0.961 0 0.005
0.531 0.207 0 0.005
0.531 0.729 0 0.005
0.532 0.16 0 0.005
0.532 0.293 0 0.005
0.532 0.367 0 0.005
0.532 0.517 0 0.005
0.532 0.555 0 0.005
0.532 0.621 0 0.005
0.532 0.656 0 0.005
0.532 0.802 0 0.005
0.532 0.813 0 0.005
0.533 0.318 0 0.005
0.533 0.914 0 0.005
0.533 0.986 0 0.005
0.534 0.123 0 0.005
0.534 0.743 0 0.005
0.534 0.846 0 0.005
0.535 0.005 0 0.005
0.535 0.098 0 0.005
0.535 0.382 0 0.005
0.535 0.578 0 0.005
0.535 0.889 0 0.005
0.536 0.773 0 0.005
0.534 0.999 0 0.005
0.537 0.224 0 0.005
0.537 0.433 0 0.005
0.537 0.462 0 0.005
0.537 0.599 0 0.005
0.537 0.669 0 0.005
0.537 0.867 0 0.005
0.538 0.029 0 0.005
0.538 0.04 0 0.005
0.538 0.068 0 0.005
0.538 0.336 0 0.005
0.539 0.358 0 0.005
0.54 0.645 0 0.005
0.54 0.682 0 0.005
0.54 0.71 0 0.005
0.54 0.936 0 0.005
0.54 0.961 0 0.005
0.541 0.088 0 0.005
0.541 0.209 0 0.005
0.541 0.261 0 0.005
0.541 0.397 0 0.005
0.541 0.538 0 0.005
0.541 0.757 0 0.005
0.542 0.134 0 0.005
0.542 0.791 0 0.005
0.543 0.113 0 0.005
0.543 0.512 0 0.005
0.543 0.825 0 0.005
0.543 0.878 0 0.005
0.543 0.979 0 0.005
0.544 0.442 0 0.005
0.544 0.493 0 0.005
0.544 0.613 0 0.005
0.545 0.171 0 0.005
0.545 0.304 0 0.005
0.545 0.407 0 0.005
0.545 0.423 0 0.005
0.545 0.582 0 0.005
0.545 0.838 0 0.005
0.546 0.017 0 0.005
0.546 0.074 0 0.005
0.546 0.16 0 0.005
0.546 0.527 0 0.005
0.546 0.949 0 0.005
0.546 0.9967708333333334 0 0.005
0.547 0.184 0 0.005
0.547 0.236 0 0.005
0.547 0.249 0 0.005
0.547 0.594 0 0.005
0.548 0.005 0 0.005
0.548 0.285 0 0.005
0.548 0.558 0 0.005
0.548 0.856 0 0.005
0.548 0.895 0 0.005
0.549 0.047 0 0.005
0.549 0.061 0 0.005
0.549 0.321 0 0.005
0.549 0.451 0 0.005
0.549 0.476 0 0.005
0.55 0.098 0 0.005
0.55 0.658 0 0.005
0.55 0.814 0 0.005
0.55 0.971 0 0.005
0.551 0.761 0 0.005
0.552 0.204 0 0.005
0.552 0.39 0 0.005
0.552 0.538 0 0.005
0.552 0.721 0 0.005
0.552 0.781 0 0.005
0.553 0.128 0 0.005
0.553 0.337 0 0.005
0.553 0.434 0 0.005
0.553 0.622 0 0.005
0.553 0.707 0 0.005
0.554 0.109 0 0.005
0.554 0.265 0 0.005
0.554 0.348 0 0.005
0.554 0.362 0 0.005
0.554 0.374 0 0.005
0.554 0.696 0 0.005
0.554 0.873 0 0.005
0.555 0.142 0 0.005
0.555 0.414 0 0.005
0.555 0.549 0 0.005
0.555 0.574 0 0.005
0.556 0.489 0 0.005
0.556 0.514 0 0.005
0.556 0.584 0 0.005
0.556 0.683 0 0.005
0.556 0.923 0 0.005
0.556 0.989 0 0.005
0.557 0.22 0 0.005
0.557 0.499 0 0.005
0.557 0.73 0 0.005
0.557 0.799 0 0.005
0.558 0.834 0 0.005
0.559 0.19 0 0.005
0.559 0.286 0 0.005
0.559 0.957 0 0.005
0.56 0.088 0 0.005
0.56 0.296 0 0.005
0.56 0.645 0 0.005
0.56 0.945 0 0.005
0.56 0.973 0 0.005
0.558 0.999 0 0.005
0.561 0.049 0 0.005
0.561 0.161 0 0.005
0.561 0.238 0 0.005
0.561 0.328 0 0.005
0.561 0.449 0 0.005
0.561 0.524 0 0.005
0.561 0.594 0 0.005
0.561 0.656 0 0.005
0.561 0.893 0 0.005
0.562 0.539 0 0.005
0.562 0.614 0 0.005
0.562 0.715 0 0.005
0.562 0.752 0 0.005
0.562 0.852 0 0.005
0.563 0.307 0 0.005
0.563 0.467 0 0.005
0.563 0.809 0 0.005
0.564 0.002719298245614035 0 0.005
0.564 0.026 0 0.005
0.564 0.038 0 0.005
0.564 0.129 0 0.005
0.564 0.377 0 0.005
0.564 0.915 0 0.005
0.565 0.014 0 0.005
0.565 0.172 0 0.005
0.565 0.736 0 0.005
0.566 0.477 0 0.005
0.566 0.568 0 0.005
0.566 0.774 0 0.005
0.566 0.983 0 0.005
0.567 0.219 0 0.005
0.567 0.256 0 0.005
0.567 0.819 0 0.005
0.568 0.145 0 0.005
0.568 0.63 0 0.005
0.568 0.764 0 0.005
0.568 0.799 0 0.005
0.569 0.392 0 0.005
0.57 0.066 0 0.005
0.57 0.112 0 0.005
0.57 0.202 0 0.005
0.57 0.243 0 0.005
0.57 0.289 0 0.005
0.57 0.337 0 0.005
0.57 0.552 0 0.005
0.57 0.608 0 0.005
0.571 0.079 0 0.005
0.571 0.276 0 0.005
0.571 0.684 0 0.005
0.571 0.727 0 0.005
0.571 0.9972564102564103 0 0.005
0.572 0.096 0 0.005
0.572 0.318 0 0.005
0.572 0.365 0 0.005
0.572 0.533 0 0.005
0.573 0.155 0 0.005
0.573 0.165 0 0.005
0.573 0.465 0 0.005
0.573 0.956 0 0.005
0.573 0.971 0 0.005
0.574 0.019 0 0.005
0.574 0.036 0 0.005
0.574 0.137 0 0.005
0.574 0.266 0 0.005
0.574 0.665 0 0.005
0.574 0.809 0 0.005
0.575 0.008 0 0.005
0.575 0.225 0 0.005
0.575 0.517 0 0.005
0.575 0.913 0 0.005
0.576 0.0008095238095238096 0 0.005
0.576 0.586 0 0.005
0.576 0.637 0 0.005
0.577 0.347 0 0.005
0.577 0.441 0 0.005
0.577 0.598 0 0.005
0.577 0.709 0 0.005
0.577 0.739 0 0.005
0.577 0.926 0 0.005
0.578 0.418 0 0.005
0.578 0.566 0 0.005
0.578 0.828 0 0.005
0.578 0.902 0 0.005
0.579 0.085 0 0.005
0.579 0.121 0 0.005
0.579 0.395 0 0.005
0.579 0.406 0 0.005
0.579 0.43 0 0.005
0.579 0.696 0 0.005
0.579 0.856 0 0.005
0.579 0.868 0 0.005
0.58 0.236 0 0.005
0.58 0.474 0 0.005
0.58 0.8 0 0.005
0.581 0.056 0 0.005
0.581 0.337 0 0.005
0.581 0.484 0 0.005
0.581 0.78 0 0.005
0.582 0.251 0 0.005
0.582 0.298 0 0.005
0.582 0.541 0 0.005
0.582 0.964 0 0.005
0.583 0.451 0 0.005
0.583 0.498 0 0.005
0.583 0.882 0 0.005
0.584 0.037 0 0.005
0.584 0.095 0 0.005
0.584 0.207 0 0.005
0.584 0.272 0 0.005
0.584 0.318 0 0.005
0.584 0.845 0 0.005
0.584 0.893 0 0.005
0.585 0.138 0 0.005
0.586 0.186 0 0.005
0.586 0.196 0 0.005
0.586 0.383 0 0.005
0.586 0.64 0 0.005
0.586 0.835 0 0.005
0.586 0.935 0 0.005
0.587 0.076 0 0.005
0.587 0.61 0 0.005
0.587 0.723 0 0.005
0.587 0.973 0 0.005
0.588 0.673 0 0.005
0.588 0.758 0 0.005
0.588 0.909 0 0.005
0.589 0.009 0 0.005
0.589 0.531 0 0.005
0.589 0.58 0 0.005
0.589 0.744 0 0.005
0.589 0.952 0 0.005
0.59 0.308 0 0.005
0.59 0.407 0 0.005
0.59 0.438 0 0.005
0.59 0.812 0 0.005
0.59 0.9981904761904762 0 0.005
0.591 0.426 0 0.005
0.591 0.662 0 0.005
0.591 0.801 0 0.005
0.591 0.856 0 0.005
0.592 0.086 0 0.005
0.592 0.231 0 0.005
0.592 0.551 0 0.005
0.593 0.149 0 0.005
0.593 0.362 0 0.005
0.593 0.503 0 0.005
0.593 0.78 0 0.005
0.594 0.052 0 0.005
0.594 0.276 0 0.005
0.594 0.339 0 0.005
0.594 0.471 0 0.005
0.594 0.541 0 0.005
0.594 0.629 0 0.005
0.594 0.965 0 0.005
0.595 0.591 0 0.005
0.595 0.692 0 0.005
0.595 0.707 0 0.005
0.596 0.032 0 0.005
0.596 0.218 0 0.005
0.596 0.561 0 0.005
0.596 0.87 0 0.005
0.596 0.897 0 0.005
0.597 0.207 0 0.005
0.597 0.88 0 0.005
0.598 0.178 0 0.005
0.598 0.256 0 0.005
0.598 0.525 0 0.005
0.598 0.651 0 0.005
0.598 0.99 0 0.005
0.599 0.068 0 0.005
0.599 0.107 0 0.005
0.599 0.288 0 0.005
0.599 0.743 0 0.005
0.6 0.08 0 0.005
0.6 0.835 0 0.005
0.6 0.976 0 0.005
0.601 0.165 0 0.005
0.601 0.245 0 0.005
0.601 0.637 0 0.005
0.601 0.809 0 0.005
0.601 0.852 0 0.005
0.601 0.909 0 0.005
0.601 0.924 0 0.005
0.602 0.008 0 0.005
0.602 0.578 0 0.005
0.602 0.771 0 0.005
0.602 0.935 0 0.005
0.603 0.436 0 0.005
0.603 0.952 0 0.005
0.604 0.348 0 0.005
0.604 0.471 0 0.005
0.604 0.502 0 0.005
0.604 0.821 0 0.005
0.605 0.022 0 0.005
0.605 0.311 0 0.005
0.605 0.365 0 0.005
0.606 0.13 0 0.005
0.606 0.564 0 0.005
0.606 0.729 0 0.005
0.606 0.796 0 0.005
0.607 0.057 0 0.005
0.607 0.396 0 0.005
0.608 0.21 0 0.005
0.608 0.276 0 0.005
0.608 0.457 0 0.005
0.608 0.598 0 0.005
0.609 0.042 0 0.005
0.609 0.095 0 0.005
0.609 0.158 0 0.005
0.609 0.223 0 0.005
0.609 0.259 0 0.005
0.609 0.296 0 0.005
0.609 0.543 0 0.005
0.609 0.657 0 0.005
0.609 0.686 0 0.005
0.609 0.996280701754386 0 0.005
0.61 0.612 0 0.005
0.61 0.624 0 0.005
0.61 0.866 0 0.005
0.611 0.141 0 0.005
0.611 0.178 0 0.005
0.611 0.38 0 0.005
0.611 0.674 0 0.005
0.611 0.919 0 0.005
0.612 0.005 0 0.005
0.612 0.239 0 0.005
0.612 0.576 0 0.005
0.612 0.769 0 0.005
0.613 0.439 0 0.005
0.613 0.514 0 0.005
0.613 0.738 0 0.005
0.613 0.834 0 0.005
0.613 0.9 0 0.005
0.613 0.951 0 0.005
0.614 0.118 0 0.005
0.614 0.751 0 0.005
0.614 0.807 0 0.005
0.614 0.846 0 0.005
0.614 0.93 0 0.005
0.615 0.02 0 0.005
0.615 0.065 0 0.005
0.616 0.104 0 0.005
0.616 0.324 0 0.005
0.616 0.525 0 0.005
0.616 0.637 0 0.005
0.617 0.561 0 0.005
0.617 0.706 0 0.005
0.617 0.886 0 0.005
0.617 0.964 0 0.005
0.617 0.991 0 0.005
0.618 0.036 0 0.005
0.618 0.198 0 0.005
0.618 0.307 0 0.005
0.618 0.401 0 0.005
0.618 0.592 0 0.005
0.619 0.153 0 0.005
0.619 0.263 0 0.005
0.619 0.338 0 0.005
0.619 0.783 0 0.005
0.619 0.873 0 0.005
0.62 0.21 0 0.005
0.62 0.278 0 0.005
0.62 0.492 0 0.005
0.621 0.136 0 0.005
0.621 0.358 0 0.005
0.621 0.418 0 0.005
0.621 0.464 0 0.005
0.621 0.616 0 0.005
0.621 0.658 0 0.005
0.621 0.906 0 0.005
0.622 0.01 0 0.005
0.622 0.047 0 0.005
0.622 0.375 0 0.005
0.622 0.645 0 0.005
0.622 0.693 0 0.005
0.623 0.189 0 0.005
0.623 0.292 0 0.005
0.623 0.794 0 0.005
0.623 0.952 0 0.005
0.622 0.9985833333333334 0 0.005
0.624 0.074 0 0.005
0.624 0.165 0 0.005
0.624 0.233 0 0.005
0.624 0.246 0 0.005
0.624 0.531 0 0.005
0.624 0.683 0 0.005
0.624 0.766 0 0.005
0.625 0.519 0 0.005
0.625 0.75 0 0.005
0.626 0.506 0 0.005
0.626 0.851 0 0.005
0.627 0.147 0 0.005
0.627 0.804 0 0.005
0.628 0.111 0 0.005
0.628 0.41 0 0.005
0.628 0.432 0 0.005
0.628 0.474 0 0.005
0.628 0.561 0 0.005
0.628 0.634 0 0.005
0.628 0.713 0 0.005
0.628 0.992 0 0.005
0.629 0.061 0 0.005
0.629 0.367 0 0.005
0.629 0.733 0 0.005
0.629 0.828 0 0.005
0.63 0.087 0 0.005
0.63 0.099 0 0.005
0.63 0.217 0 0.005
0.63 0.971 0 0.005
0.631 0.285 0 0.005
0.631 0.788 0 0.005
0.631 0.981 0 0.005
0.632 0.271 0 0.005
0.632 0.49 0 0.005
0.632 0.9 0 0.005
0.633 0.127 0 0.005
0.633 0.551 0 0.005
0.633 0.595 0 0.005
0.633 0.695 0 0.005
0.633 0.938 0 0.005
0.634 0.295 0 0.005
0.634 0.877 0 0.005
0.634 0.921 0 0.005
0.632 0.999 0 0.005
0.635 0.037 0 0.005
0.635 0.172 0 0.005
0.635 0.455 0 0.005
0.635 0.724 0 0.005
0.636 0.339 0 0.005
0.636 0.516 0 0.005
0.636 0.657 0 0.005
0.636 0.707 0 0.005
0.636 0.77 0 0.005
0.636 0.811 0 0.005
0.636 0.848 0 0.005
0.637 0.32 0 0.005
0.637 0.396 0 0.005
0.637 0.53 0 0.005
0.637 0.744 0 0.005
0.637 0.95 0 0.005
0.638 0.152 0 0.005
0.638 0.201 0 0.005
0.638 0.357 0 0.005
0.638 0.379 0 0.005
0.638 0.416 0 0.005
0.638 0.623 0 0.005
0.638 0.909 0 0.005
0.639 0.049 0 0.005
0.639 0.234 0 0.005
0.639 0.505 0 0.005
0.639 0.676 0 0.005
0.64 0.004 0 0.005
0.64 0.069 0 0.005
0.64 0.247 0 0.005
0.64 0.406 0 0.005
0.64 0.58 0 0.005
0.64 0.972 0 0.005
0.642 0.083 0 0.005
0.642 0.111 0 0.005
0.642 0.304 0 0.005
0.642 0.567 0 0.005
0.642 0.69 0 0.005
0.642 0.891 0 0.005
0.643 0.097 0 0.005
0.643 0.134 0 0.005
0.643 0.27 0 0.005
0.643 0.33 0 0.005
0.643 0.789 0 0.005
0.643 0.831 0 0.005
0.643 0.866 0 0.005
0.644 0.021 0 0.005
0.644 0.634 0 0.005
0.644 0.646 0 0.005
0.645 0.439 0 0.005
0.645 0.477 0 0.005
0.645 0.521 0 0.005
0.645 0.94 0 0.005
0.646 0.225 0 0.005
0.646 0.589 0 0.005
0.646 0.706 0 0.005
0.646 0.956 0 0.005
0.647 0.428 0 0.005
0.647 0.491 0 0.005
0.647 0.546 0 0.005
0.647 0.811 0 0.005
0.647 0.856 0 0.005
0.648 0.044 0 0.005
0.648 0.169 0 0.005
0.648 0.28 0 0.005
0.648 0.295 0 0.005
0.648 0.353 0 0.005
0.648 0.458 0 0.005
0.648 0.9981904761904762 0 0.005
0.649 0.185 0 0.005
0.65 0.008 0 0.005
0.65 0.341 0 0.005
0.65 0.748 0 0.005
0.65 0.884 0 0.005
0.651 0.562 0 0.005
0.651 0.731 0 0.005
0.651 0.825 0 0.005
0.652 0.027 0 0.005
0.652 0.063 0 0.005
0.652 0.6 0 0.005
0.652 0.652 0 0.005
0.652 0.664 0 0.005
0.652 0.719 0 0.005
0.652 0.837 0 0.005
0.652 0.847 0 0.005
0.653 0.149 0 0.005
0.653 0.241 0 0.005
0.653 0.383 0 0.005
0.653 0.768 0 0.005
0.653 0.969 0 0.005
0.654 0.504 0 0.005
0.654 0.786 0 0.005
0.655 0.322 0 0.005
0.655 0.401 0 0.005
0.655 0.517 0 0.005
0.656 0.486 0 0.005
0.656 0.614 0 0.005
0.656 0.87 0 0.005
0.656 0.919 0 0.005
0.657 0.117 0 0.005
0.657 0.127 0 0.005
0.657 0.16 0 0.005
0.657 0.2 0 0.005
0.657 0.213 0 0.005
0.657 0.311 0 0.005
0.657 0.452 0 0.005
0.658 0.179 0 0.005
0.658 0.25 0 0.005
0.658 0.365 0 0.005
0.658 0.632 0 0.005
0.658 0.891 0 0.005
0.659 0.079 0 0.005
0.659 0.412 0 0.005
0.659 0.679 0 0.005
0.659 0.739 0 0.005
0.659 0.802 0 0.005
0.659 0.957 0 0.005
0.66 0.007 0 0.005
0.66 0.039 0 0.005
0.66 0.346 0 0.005
0.66 0.424 0 0.005
0.66 0.698 0 0.005
0.66 0.726 0 0.005
0.66 0.749 0 0.005
0.66 0.987 0 0.005
0.661 0.103 0 0.005
0.661 0.9972564102564103 0 0.005
0.662 0.47 0 0.005
0.662 0.565 0 0.005
0.662 0.591 0 0.005
0.662 0.664 0 0.005
0.662 0.826 0 0.005
0.663 0.023 0 0.005
0.663 0.935 0 0.005
0.663 0.974 0 0.005
0.664 0.576 0 0.005
0.664 0.877 0 0.005
0.665 0.266 0 0.005
0.665 0.601 0 0.005
0.665 0.839 0 0.005
0.666 0.068 0 0.005
0.666 0.51 0 0.005
0.666 0.544 0 0.005
0.666 0.708 0 0.005
0.667 0.121 0 0.005
0.667 0.167 0 0.005
0.667 0.36 0 0.005
0.667 0.763 0 0.005
0.667 0.78 0 0.005
0.668 0.088 0 0.005
0.668 0.371 0 0.005
0.668 0.39 0 0.005
0.668 0.624 0 0.005
0.669 0.241 0 0.005
0.669 0.256 0 0.005
0.669 0.45 0 0.005
0.67 0.275 0 0.005
0.67 0.294 0 0.005
0.67 0.925 0 0.005
0.671 0.011 0 0.005
0.671 0.132 0 0.005
0.671 0.192 0 0.005
0.671 0.212 0 0.005
0.671 0.231 0 0.005
0.671 0.321 0 0.005
0.671 0.56 0 0.005
0.671 0.585 0 0.005
0.671 0.806 0 0.005
0.671 0.85 0 0.005
0.672 0.331 0 0.005
0.672 0.405 0 0.005
0.672 0.492 0 0.005
0.672 0.735 0 0.005
0.672 0.826 0 0.005
0.672 0.867 0 0.005
0.672 0.954 0 0.005
0.673 0.045 0 0.005
0.673 0.469 0 0.005
0.673 0.908 0 0.005
0.674 0.437 0 0.005
0.674 0.527 0 0.005
0.674 0.659 0 0.005
0.674 0.974 0 0.005
0.675 0.816 0 0.005
0.676 0.031 0 0.005
0.676 0.055 0 0.005
0.676 0.712 0 0.005
0.676 0.754 0 0.005
0.677 0.377 0 0.005
0.677 0.459 0 0.005
0.677 0.701 0 0.005
0.677 0.841 0 0.005
0.678 0.085 0 0.005
0.678 0.162 0 0.005
0.678 0.204 0 0.005
0.678 0.55 0 0.005
0.678 0.606 0 0.005
0.678 0.773 0 0.005
0.679 0.238 0 0.005
0.679 0.256 0 0.005
0.679 0.354 0 0.005
0.679 0.743 0 0.005
0.68 0.017 0 0.005
0.68 0.069 0 0.005
0.68 0.127 0 0.005
0.68 0.143 0 0.005
0.68 0.631 0 0.005
0.68 0.691 0 0.005
0.68 0.728 0 0.005
0.681 0.412 0 0.005
0.682 0.582 0 0.005
0.682 0.89 0 0.005
0.683 0.541 0 0.005
0.683 0.789 0 0.005
0.683 0.822 0 0.005
0.683 0.993 0 0.005
0.684 0.112 0 0.005
0.684 0.329 0 0.005
0.684 0.507 0 0.005
0.684 0.675 0 0.005
0.685 0.176 0 0.005
0.685 0.34 0 0.005
0.685 0.517 0 0.005
0.686 0.467 0 0.005
0.686 0.568 0 0.005
0.687 0.217 0 0.005
0.687 0.294 0 0.005
0.687 0.431 0 0.005
0.687 0.451 0 0.005
0.687 0.479 0 0.005
0.687 0.49 0 0.005
0.687 0.651 0 0.005
0.687 0.661 0 0.005
0.687 0.76 0 0.005
0.687 0.95 0 0.005
0.688 0.0033125 0 0.005
0.688 0.041 0 0.005
0.688 0.198 0 0.005
0.688 0.365 0 0.005
0.688 0.397 0 0.005
0.688 0.528 0 0.005
0.688 0.973 0 0.005
0.689 0.602 0 0.005
0.689 0.805 0 0.005
0.689 0.862 0 0.005
0.689 0.917 0 0.005
0.689 0.984 0 0.005
0.69 0.08 0 0.005
0.69 0.241 0 0.005
0.69 0.711 0 0.005
0.69 0.907 0 0.005
0.692 0.147 0 0.005
0.692 0.162 0 0.005
0.692 0.623 0 0.005
0.692 0.692 0 0.005
0.693 0.022 0 0.005
0.693 0.316 0 0.005
0.693 0.637 0 0.005
0.693 0.778 0 0.005
0.693 0.882 0 0.005
0.694 0.1 0 0.005
0.694 0.115 0 0.005
0.694 0.262 0 0.005
0.694 0.727 0 0.005
0.694 0.827 0 0.005
0.695 0.208 0 0.005
0.695 0.279 0 0.005
0.695 0.577 0 0.005
0.695 0.929 0 0.005
0.696 0.222 0 0.005
0.696 0.354 0 0.005
0.696 0.374 0 0.005
0.696 0.403 0 0.005
0.696 0.516 0 0.005
0.696 0.539 0 0.005
0.696 0.842 0 0.005
0.697 0.056 0 0.005
0.697 0.069 0 0.005
0.697 0.127 0 0.005
0.697 0.252 0 0.005
0.697 0.341 0 0.005
0.697 0.9956875 0 0.005
0.698 0.439 0 0.005
0.698 0.653 0 0.005
0.698 0.769 0 0.005
0.699 0.364 0 0.005
0.699 0.675 0 0.005
0.699 0.98 0 0.005
0.7 0.042 0 0.005
0.7 0.616 0 0.005
0.7 0.629 0 0.005
0.7 0.943 0 0.005
0.701 0.029 0 0.005
0.701 0.851 0 0.005
0.702 0.416 0 0.005
0.703 0.181 0 0.005
0.703 0.292 0 0.005
0.703 0.33 0 0.005
0.703 0.552 0 0.005
0.703 0.815 0 0.005
0.703 0.897 0 0.005
0.704 0.094 0 0.005
0.704 0.152 0 0.005
0.704 0.391 0 0.005
0.704 0.481 0 0.005
0.704 0.563 0 0.005
0.705 0.0008095238095238096 0 0.005
0.705 0.428 0 0.005
0.705 0.698 0 0.005
0.705 0.783 0 0.005
0.706 0.538 0 0.005
0.706 0.747 0 0.005
0.706 0.873 0 0.005
0.707 0.126 0 0.005
0.707 0.204 0 0.005
0.707 0.639 0 0.005
0.708 0.078 0 0.005
0.708 0.346 0 0.005
0.708 0.509 0 0.005
0.708 0.594 0 0.005
0.708 0.721 0 0.005
0.708 0.828 0 0.005
0.708 0.923 0 0.005
0.708 0.955 0 0.005
0.709 0.36 0 0.005
0.709 0.842 0 0.005
0.71 0.067 0 0.005
0.71 0.52 0 0.005
0.71 0.659 0 0.005
0.71 0.966 0 0.005
0.711 0.023 0 0.005
0.711 0.311 0 0.005
0.711 0.676 0 0.005
0.711 0.858 0 0.005
0.711 0.907 0 0.005
0.712 0.011 0 0.005
0.712 0.112 0 0.005
0.712 0.163 0 0.005
0.712 0.582 0 0.005
0.713 0.249 0 0.005
0.713 0.626 0 0.005
0.713 0.732 0 0.005
0.713 0.817 0 0.005
0.713 0.889 0 0.005
0.714 0.218 0 0.005
0.714 0.26 0 0.005
0.714 0.291 0 0.005
0.714 0.472 0 0.005
0.714 0.76 0 0.005
0.715 0.411 0 0.005
0.715 0.427 0 0.005
0.715 0.448 0 0.005
0.715 0.558 0 0.005
0.715 0.947 0 0.005
0.716 0.614 0 0.005
0.716 0.689 0 0.005
0.715 0.0 0 0.005
0.717 0.182 0 0.005
0.717 0.399 0 0.005
0.717 0.529 0 0.005
0.717 0.645 0 0.005
0.717 0.989 0 0.005
0.718 0.154 0 0.005
0.718 0.207 0 0.005
0.718 0.327 0 0.005
0.718 0.367 0 0.005
0.719 0.136 0 0.005
0.719 0.197 0 0.005
0.719 0.275 0 0.005
0.719 0.881 0 0.005
0.72 0.062 0 0.005
0.72 0.079 0 0.005
0.72 0.714 0 0.005
0.72 0.937 0 0.005
0.721 0.233 0 0.005
0.721 0.343 0 0.005
0.721 0.831 0 0.005
0.722 0.779 0 0.005
0.722 0.805 0 0.005
0.723 0.039 0 0.005
0.723 0.114 0 0.005
0.723 0.296 0 0.005
0.723 0.39 0 0.005
0.723 0.497 0 0.005
0.723 0.868 0 0.005
0.724 0.253 0 0.005
0.724 0.358 0 0.005
0.724 0.578 0 0.005
0.724 0.749 0 0.005
0.724 0.91 0 0.005
0.724 0.9972564102564103 0 0.005
0.725 0.008 0 0.005
0.725 0.652 0 0.005
0.725 0.947 0 0.005
0.726 0.094 0 0.005
0.726 0.127 0 0.005
0.726 0.187 0 0.005
0.726 0.213 0 0.005
0.726 0.54 0 0.005
0.726 0.662 0 0.005
0.727 0.142 0 0.005
0.727 0.425 0 0.005
0.727 0.44 0 0.005
0.727 0.736 0 0.005
0.727 0.925 0 0.005
0.727 0.969 0 0.005
0.728 0.377 0 0.005
0.728 0.551 0 0.005
0.728 0.593 0 0.005
0.728 0.692 0 0.005
0.728 0.843 0 0.005
0.729 0.073 0 0.005
0.729 0.278 0 0.005
0.73 0.028 0 0.005
0.73 0.268 0 0.005
0.73 0.468 0 0.005
0.73 0.609 0 0.005
0.73 0.787 0 0.005
0.73 0.894 0 0.005
0.731 0.243 0 0.005
0.731 0.312 0 0.005
0.731 0.519 0 0.005
0.731 0.704 0 0.005
0.731 0.853 0 0.005
0.732 0.046 0 0.005
0.732 0.334 0 0.005
0.732 0.478 0 0.005
0.732 0.755 0 0.005
0.732 0.934 0 0.005
0.733 0.508 0 0.005
0.733 0.584 0 0.005
0.733 0.637 0 0.005
0.733 0.833 0 0.005
0.733 0.961 0 0.005
0.734 0.014 0 0.005
0.734 0.16 0 0.005
0.734 0.228 0 0.005
0.734 0.256 0 0.005
0.734 0.773 0 0.005
0.735 0.088 0 0.005
0.735 0.995 0 0.005
0.736 0.295 0 0.005
0.736 0.719 0 0.005
0.736 0.804 0 0.005
0.736 0.815 0 0.005
0.737 0.144 0 0.005
0.737 0.41 0 0.005
0.737 0.429 0 0.005
0.737 0.447 0 0.005
0.737 0.877 0 0.005
0.737 0.947 0 0.005
0.738 0.0012666666666666666 0 0.005
0.738 0.538 0 0.005
0.738 0.9 0 0.005
0.739 0.125 0 0.005
0.739 0.372 0 0.005
0.739 0.619 0 0.005
0.739 0.679 0 0.005
0.739 0.981 0 0.005
0.74 0.192 0 0.005
0.74 0.39 0 0.005
0.74 0.865 0 0.005
0.741 0.105 0 0.005
0.741 0.207 0 0.005
0.741 0.458 0 0.005
0.741 0.57 0 0.005
0.742 0.172 0 0.005
0.742 0.246 0 0.005
0.742 0.515 0 0.005
0.742 0.65 0 0.005
0.742 0.916 0 0.005
0.743 0.024 0 0.005
0.743 0.491 0 0.005
0.743 0.584 0 0.005
0.743 0.604 0 0.005
0.743 0.633 0 0.005
0.743 0.831 0 0.005
0.744 0.135 0 0.005
0.744 0.182 0 0.005
0.744 0.262 0 0.005
0.744 0.321 0 0.005
0.744 0.479 0 0.005
0.744 0.731 0 0.005
0.744 0.785 0 0.005
0.744 0.962 0 0.005
0.745 0.013 0 0.005
0.745 0.043 0 0.005
0.746 0.345 0 0.005
0.746 0.401 0 0.005
0.746 0.94 0 0.005
0.747 0.28 0 0.005
0.747 0.66 0 0.005
0.748 0.382 0 0.005
0.748 0.507 0 0.005
0.748 0.546 0 0.005
0.748 0.796 0 0.005
0.749 0.055 0 0.005
0.75 0.224 0 0.005
0.75 0.674 0 0.005
0.751 0.106 0 0.005
0.751 0.312 0 0.005
0.751 0.452 0 0.005
0.751 0.56 0 0.005
0.751 0.87 0 0.005
0.751 0.88 0 0.005
0.752 0.27 0 0.005
0.752 0.331 0 0.005
0.752 0.579 0 0.005
0.752 0.703 0 0.005
0.752 0.741 0 0.005
0.752 0.847 0 0.005
0.752 0.99 0 0.005
0.753 0.069 0 0.005
0.753 0.6 0 0.005
0.753 0.724 0 0.005
0.753 0.758 0 0.005
0.753 0.768 0 0.005
0.753 0.857 0 0.005
0.754 0.022 0 0.005
0.754 0.124 0 0.005
0.754 0.466 0 0.005
0.754 0.488 0 0.005
0.754 0.69 0 0.005
0.754 0.917 0 0.005
0.755 0.165 0 0.005
0.755 0.361 0 0.005
0.755 0.394 0 0.005
0.755 0.828 0 0.005
0.756 0.0008095238095238096 0 0.005
0.756 0.198 0 0.005
0.756 0.232 0 0.005
0.756 0.25 0 0.005
0.756 0.619 0 0.005
0.756 0.906 0 0.005
0.757 0.038 0 0.005
0.757 0.44 0 0.005
0.757 0.534 0 0.005
0.758 0.288 0 0.005
0.759 0.407 0 0.005
0.759 0.782 0 0.005
0.759 0.796 0 0.005
0.76 0.384 0 0.005
0.76 0.512 0 0.005
0.76 0.644 0 0.005
0.76 0.886 0 0.005
0.76 0.953 0 0.005
0.761 0.091 0 0.005
0.761 0.142 0 0.005
0.761 0.373 0 0.005
0.761 0.63 0 0.005
0.762 0.664 0 0.005
0.762 0.994 0 0.005
0.763 0.172 0 0.005
0.763 0.341 0 0.005
0.763 0.493 0 0.005
0.763 0.98 0 0.005
0.764 0.115 0 0.005
0.764 0.225 0 0.005
0.764 0.318 0 0.005
0.764 0.449 0 0.005
0.764 0.58 0 0.005
0.764 0.77 0 0.005
0.764 0.835 0 0.005
0.765 0.032 0 0.005
0.765 0.044 0 0.005
0.765 0.07 0 0.005
0.765 0.102 0 0.005
0.765 0.276 0 0.005
0.765 0.848 0 0.005
0.766 0.247 0 0.005
0.766 0.461 0 0.005
0.766 0.474 0 0.005
0.766 0.607 0 0.005
0.766 0.654 0 0.005
0.766 0.931 0 0.005
0.767 0.161 0 0.005
0.767 0.188 0 0.005
0.767 0.198 0 0.005
0.767 0.308 0 0.005
0.767 0.419 0 0.005
0.767 0.59 0 0.005
0.767 0.823 0 0.005
0.768 0.713 0 0.005
0.768 0.728 0 0.005
0.768 0.901 0 0.005
0.768 0.968 0 0.005
0.769 0.022 0 0.005
0.769 0.261 0 0.005
0.769 0.559 0 0.005
0.769 0.806 0 0.005
0.77 0.75 0 0.005
0.77 0.0 0 0.005
0.772 0.353 0 0.005
0.772 0.381 0 0.005
0.772 0.484 0 0.005
0.772 0.503 0 0.005
0.773 0.078 0 0.005
0.773 0.13 0 0.005
0.773 0.695 0 0.005
0.773 0.914 0 0.005
0.773 0.978 0 0.005
0.771 0.999 0 0.005
0.774 0.393 0 0.005
0.774 0.628 0 0.005
0.774 0.948 0 0.005
0.775 0.279 0 0.005
0.775 0.433 0 0.005
0.775 0.53 0 0.005
0.775 0.648 0 0.005
0.775 0.816 0 0.005
0.776 0.33 0 0.005
0.776 0.365 0 0.005
0.776 0.618 0 0.005
0.776 0.787 0 0.005
0.776 0.988 0 0.005
0.777 0.05 0 0.005
0.777 0.19 0 0.005
0.777 0.443 0 0.005
0.777 0.473 0 0.005
0.777 0.553 0 0.005
0.777 0.833 0 0.005
0.778 0.11 0 0.005
0.778 0.141 0 0.005
0.778 0.173 0 0.005
0.778 0.54 0 0.005
0.778 0.567 0 0.005
0.778 0.708 0 0.005
0.778 0.772 0 0.005
0.778 0.887 0 0.005
0.778 0.962 0 0.005
0.779 0.163 0 0.005
0.779 0.238 0 0.005
0.779 0.732 0 0.005
0.78 0.597 0 0.005
0.781 0.21 0 0.005
0.781 0.404 0 0.005
0.781 0.609 0 0.005
0.781 0.677 0 0.005
0.781 0.757 0 0.005
0.782 0.125 0 0.005
0.782 0.227 0 0.005
0.782 0.357 0 0.005
0.782 0.587 0 0.005
0.782 0.899 0 0.005
0.783 0.024 0 0.005
0.783 0.346 0 0.005
0.784 0.309 0 0.005
0.784 0.639 0 0.005
0.784 0.689 0 0.005
0.785 0.375 0 0.005
0.785 0.532 0 0.005
0.785 0.7 0 0.005
0.785 0.923 0 0.005
0.785 0.94 0 0.005
0.786 0.059 0 0.005
0.786 0.575 0 0.005
0.786 0.657 0 0.005
0.786 0.87 0 0.005
0.787 0.272 0 0.005
0.787 0.467 0 0.005
0.787 0.521 0 0.005
0.787 0.786 0 0.005
0.788 0.443 0 0.005
0.788 0.723 0 0.005
0.788 0.811 0 0.005
0.788 0.889 0 0.005
0.789 0.043 0 0.005
0.789 0.178 0 0.005
0.789 0.602 0 0.005
0.789 0.74 0 0.005
0.79 0.102 0 0.005
0.79 0.132 0 0.005
0.79 0.235 0 0.005
0.79 0.332 0 0.005
0.79 0.392 0 0.005
0.79 0.496 0 0.005
0.791 0.119 0 0.005
0.791 0.221 0 0.005
0.791 0.411 0 0.005
0.791 0.71 0 0.005
0.791 0.831 0 0.005
0.789 0.999 0 0.005
0.792 0.208 0 0.005
0.792 0.586 0 0.005
0.792 0.667 0 0.005
0.793 0.014 0 0.005
0.793 0.247 0 0.005
0.793 0.369 0 0.005
0.793 0.459 0 0.005
0.793 0.621 0 0.005
0.793 0.901 0 0.005
0.794 0.554 0 0.005
0.794 0.772 0 0.005
0.794 0.801 0 0.005
0.794 0.984 0 0.005
0.795 0.155 0 0.005
0.795 0.479 0 0.005
0.795 0.749 0 0.005
0.795 0.855 0 0.005
0.796 0.053 0 0.005
0.796 0.258 0 0.005
0.796 0.564 0 0.005
0.797 0.428 0 0.005
0.797 0.841 0 0.005
0.797 0.911 0 0.005
0.797 0.96 0 0.005
0.798 0.082 0 0.005
0.798 0.173 0 0.005
0.798 0.973 0 0.005
0.799 0.301 0 0.005
0.799 0.312 0 0.005
0.799 0.35 0 0.005
0.8 0.107 0 0.005
0.8 0.272 0 0.005
0.8 0.282 0 0.005
0.8 0.645 0 0.005
0.8 0.925 0 0.005
0.801 0.137 0 0.005
0.801 0.226 0 0.005
0.801 0.518 0 0.005
0.802 0.385 0 0.005
0.802 0.74 0 0.005
0.802 0.935 0 0.005
0.803 0.12 0 0.005
0.803 0.407 0 0.005
0.803 0.442 0 0.005
0.803 0.541 0 0.005
0.803 0.601 0 0.005
0.803 0.68 0 0.005
0.803 0.863 0 0.005
0.804 0.02 0 0.005
0.804 0.032 0 0.005
0.804 0.373 0 0.005
0.804 0.531 0 0.005
0.804 0.667 0 0.005
0.805 0.5 0 0.005
0.805 0.583 0 0.005
0.805 0.787 0 0.005
0.805 0.885 0 0.005
0.805 0.954 0 0.005
0.806 0.182 0 0.005
0.806 0.653 0 0.005
0.806 0.693 0 0.005
0.806 0.8 0 0.005
0.806 0.875 0 0.005
0.807 0.145 0 0.005
0.807 0.565 0 0.005
0.807 0.704 0 0.005
0.808 0.266 0 0.005
0.808 0.99 0 0.005
0.808 0.9977333333333334 0 0.005
0.809 0.07 0 0.005
0.809 0.193 0 0.005
0.809 0.433 0 0.005
0.809 0.462 0 0.005
0.809 0.631 0 0.005
0.81 0.17 0 0.005
0.81 0.316 0 0.005
0.81 0.337 0 0.005
0.81 0.422 0 0.005
0.81 0.451 0 0.005
0.81 0.839 0 0.005
0.811 0.218 0 0.005
0.811 0.234 0 0.005
0.811 0.618 0 0.005
0.812 0.326 0 0.005
0.813 0.095 0 0.005
0.813 0.108 0 0.005
0.813 0.523 0 0.005
0.813 0.576 0 0.005
0.813 0.6 0 0.005
0.813 0.781 0 0.005
0.813 0.818 0 0.005
0.814 0.012 0 0.005
0.814 0.022 0 0.005
0.814 0.25 0 0.005
0.814 0.861 0 0.005
0.814 0.907 0 0.005
0.814 0.944 0 0.005
0.815 0.395 0 0.005
0.815 0.481 0 0.005
0.815 0.542 0 0.005
0.815 0.552 0 0.005
0.815 0.749 0 0.005
0.815 0.893 0 0.005
0.816 0.274 0 0.005
0.816 0.501 0 0.005
0.817 0.0022291666666666666 0 0.005
0.817 0.298 0 0.005
0.817 0.348 0 0.005
0.817 0.41 0 0.005
0.817 0.711 0 0.005
0.818 0.142 0 0.005
0.818 0.512 0 0.005
0.818 0.92 0 0.005
0.818 0.9981904761904762 0 0.005
0.819 0.187 0 0.005
0.819 0.957 0 0.005
0.819 0.985 0 0.005
0.82 0.038 0 0.005
0.82 0.116 0 0.005
0.82 0.129 0 0.005
0.82 0.382 0 0.005
0.82 0.636 0 0.005
0.82 0.869 0 0.005
0.821 0.162 0 0.005
0.821 0.646 0 0.005
0.821 0.684 0 0.005
0.821 0.759 0 0.005
0.822 0.054 0 0.005
0.822 0.068 0 0.005
0.822 0.457 0 0.005
0.822 0.666 0 0.005
0.822 0.795 0 0.005
0.823 0.36 0 0.005
0.823 0.437 0 0.005
0.823 0.886 0 0.005
0.824 0.257 0 0.005
0.824 0.49 0 0.005
0.824 0.525 0 0.005
0.824 0.784 0 0.005
0.824 0.815 0 0.005
0.824 0.836 0 0.005
0.824 0.974 0 0.005
0.825 0.217 0 0.005
0.825 0.403 0 0.005
0.825 0.42 0 0.005
0.825 0.475 0 0.005
0.825 0.581 0 0.005
0.825 0.941 0 0.005
0.826 0.29 0 0.005
0.826 0.326 0 0.005
0.826 0.861 0 0.005
0.826 0.929 0 0.005
0.827 0.004 0 0.005
0.827 0.772 0 0.005
0.828 0.076 0 0.005
0.828 0.501 0 0.005
0.828 0.749 0 0.005
0.828 0.849 0 0.005
0.829 0.106 0 0.005
0.829 0.153 0 0.005
0.829 0.206 0 0.005
0.829 0.269 0 0.005
0.829 0.566 0 0.005
0.829 0.693 0 0.005
0.829 0.907 0 0.005
0.83 0.142 0 0.005
0.83 0.236 0 0.005
0.83 0.376 0 0.005
0.83 0.728 0 0.005
0.83 0.878 0 0.005
0.831 0.094 0 0.005
0.831 0.609 0 0.005
0.831 0.624 0 0.005
0.832 0.344 0 0.005
0.832 0.465 0 0.005
0.833 0.062 0 0.005
0.833 0.513 0 0.005
0.833 0.895 0 0.005
0.834 0.117 0 0.005
0.834 0.962 0 0.005
0.835 0.261 0 0.005
0.835 0.396 0 0.005
0.836 0.009 0 0.005
0.836 0.038 0 0.005
0.836 0.163 0 0.005
0.836 0.249 0 0.005
0.836 0.29 0 0.005
0.836 0.314 0 0.005
0.836 0.333 0 0.005
0.836 0.809 0 0.005
0.836 0.825 0 0.005
0.837 0.024 0 0.005
0.837 0.448 0 0.005
0.837 0.574 0 0.005
0.837 0.591 0 0.005
0.837 0.659 0 0.005
0.838 0.558 0 0.005
0.838 0.766 0 0.005
0.838 0.795 0 0.005
0.839 0.179 0 0.005
0.839 0.191 0 0.005
0.839 0.23 0 0.005
0.839 0.368 0 0.005
0.839 0.677 0 0.005
0.839 0.737 0 0.005
0.839 0.873 0 0.005
0.84 0.078 0 0.005
0.84 0.35 0 0.005
0.84 0.851 0 0.005
0.841 0.275 0 0.005
0.841 0.409 0 0.005
0.841 0.485 0 0.005
0.841 0.602 0 0.005
0.841 0.975 0 0.005
0.842 0.205 0 0.005
0.842 0.215 0 0.005
0.842 0.525 0 0.005
0.842 0.544 0 0.005
0.842 0.936 0 0.005
0.842 0.951 0 0.005
0.843 0.094 0 0.005
0.843 0.495 0 0.005
0.843 0.712 0 0.005
0.844 0.002719298245614035 0 0.005
0.844 0.063 0 0.005
0.844 0.107 0 0.005
0.844 0.153 0 0.005
0.844 0.901 0 0.005
0.844 0.914 0 0.005
0.844 0.996280701754386 0 0.005
0.845 0.014 0 0.005
0.845 0.326 0 0.005
0.845 0.388 0 0.005
0.845 0.634 0 0.005
0.846 0.046 0 0.005
0.847 0.691 0 0.005
0.847 0.726 0 0.005
0.847 0.823 0 0.005
0.848 0.252 0 0.005
0.848 0.811 0 0.005
0.849 0.269 0 0.005
0.849 0.296 0 0.005
0.849 0.312 0 0.005
0.849 0.839 0 0.005
0.85 0.337 0 0.005
0.85 0.364 0 0.005
0.85 0.402 0 0.005
0.85 0.424 0 0.005
0.85 0.446 0 0.005
0.85 0.476 0 0.005
0.85 0.611 0 0.005
0.85 0.777 0 0.005
0.85 0.983 0 0.005
0.851 0.127 0 0.005
0.851 0.183 0 0.005
0.851 0.513 0 0.005
0.851 0.595 0 0.005
0.851 0.669 0 0.005
0.851 0.93 0 0.005
0.852 0.08 0 0.005
0.852 0.17 0 0.005
0.852 0.501 0 0.005
0.853 0.146 0 0.005
0.853 0.456 0 0.005
0.853 0.58 0 0.005
0.853 0.871 0 0.005
0.854 0.738 0 0.005
0.855 0.0022291666666666666 0 0.005
0.855 0.203 0 0.005
0.855 0.222 0 0.005
0.855 0.554 0 0.005
0.855 0.568 0 0.005
0.855 0.787 0 0.005
0.856 0.491 0 0.005
0.857 0.016 0 0.005
0.857 0.681 0 0.005
0.857 0.752 0 0.005
0.857 0.902 0 0.005
0.857 0.921 0 0.005
0.858 0.055 0 0.005
0.858 0.072 0 0.005
0.858 0.113 0 0.005
0.858 0.284 0 0.005
0.858 0.963 0 0.005
0.859 0.265 0 0.005
0.859 0.31 0 0.005
0.859 0.644 0 0.005
0.86 0.324 0 0.005
0.86 0.403 0 0.005
0.86 0.508 0 0.005
0.86 0.536 0 0.005
0.86 0.626 0 0.005
0.861 0.137 0 0.005
0.861 0.416 0 0.005
0.861 0.433 0 0.005
0.861 0.525 0 0.005
0.861 0.714 0 0.005
0.861 0.848 0 0.005
0.862 0.249 0 0.005
0.862 0.35 0 0.005
0.862 0.392 0 0.005
0.863 0.032 0 0.005
0.863 0.777 0 0.005
0.863 0.94 0 0.005
0.863 0.981 0 0.005
0.864 0.157 0 0.005
0.864 0.175 0 0.005
0.864 0.559 0 0.005
0.864 0.613 0 0.005
0.864 0.869 0 0.005
0.864 0.89 0 0.005
0.865 0.01 0 0.005
0.865 0.584 0 0.005
0.865 0.662 0 0.005
0.865 0.809 0 0.005
0.866 0.229 0 0.005
0.866 0.597 0 0.005
0.867 0.217 0 0.005
0.867 0.674 0 0.005
0.867 0.747 0 0.005
0.868 0.083 0 0.005
0.868 0.912 0 0.005
0.869 0.292 0 0.005
0.869 0.649 0 0.005
0.869 0.858 0 0.005
0.87 0.357 0 0.005
0.87 0.454 0 0.005
0.87 0.509 0 0.005
0.87 0.709 0 0.005
0.87 0.97 0 0.005
0.87 0.989 0 0.005
0.871 0.198 0 0.005
0.871 0.432 0 0.005
0.871 0.695 0 0.005
0.871 0.721 0 0.005
0.872 0.019 0 0.005
0.872 0.327 0 0.005
0.872 0.484 0 0.005
0.872 0.638 0 0.005
0.872 0.797 0 0.005
0.873 0.0012666666666666666 0 0.005
0.873 0.092 0 0.005
0.873 0.778 0 0.005
0.874 0.108 0 0.005
0.874 0.577 0 0.005
0.874 0.735 0 0.005
0.874 0.849 0 0.005
0.875 0.138 0 0.005
0.875 0.148 0 0.005
0.875 0.932 0 0.005
0.876 0.056 0 0.005
0.876 0.072 0 0.005
0.876 0.54 0 0.005
0.876 0.833 0 0.005
0.877 0.377 0 0.005
0.877 0.561 0 0.005
0.877 0.602 0 0.005
0.877 0.788 0 0.005
0.878 0.271 0 0.005
0.878 0.308 0 0.005
0.878 0.55 0 0.005
0.878 0.629 0 0.005
0.879 0.122 0 0.005
0.879 0.208 0 0.005
0.879 0.667 0 0.005
0.879 0.754 0 0.005
0.879 0.88 0 0.005
0.879 0.958 0 0.005
0.88 0.01 0 0.005
0.88 0.4 0 0.005
0.88 0.417 0 0.005
0.88 0.805 0 0.005
0.88 0.82 0 0.005
0.88 0.9967708333333334 0 0.005
0.881 0.042 0 0.005
0.881 0.178 0 0.005
0.881 0.191 0 0.005
0.881 0.291 0 0.005
0.881 0.361 0 0.005
0.881 0.427 0 0.005
0.883 0.23 0 0.005
0.883 0.45 0 0.005
0.883 0.506 0 0.005
0.883 0.531 0 0.005
0.883 0.655 0 0.005
0.883 0.724 0 0.005
0.884 0.613 0 0.005
0.884 0.971 0 0.005
0.885 0.066 0 0.005
0.885 0.112 0 0.005
0.885 0.346 0 0.005
0.885 0.437 0 0.005
0.885 0.463 0 0.005
0.885 0.64 0 0.005
0.885 0.981 0 0.005
0.886 0.138 0 0.005
0.886 0.699 0 0.005
0.887 0.331 0 0.005
0.887 0.387 0 0.005
0.887 0.589 0 0.005
0.888 0.027 0 0.005
0.888 0.544 0 0.005
0.888 0.57 0 0.005
0.888 0.916 0 0.005
0.889 0.298 0 0.005
0.889 0.676 0 0.005
0.889 0.952 0 0.005
0.89 0.259 0 0.005
0.89 0.374 0 0.005
0.89 0.483 0 0.005
0.89 0.712 0 0.005
0.89 0.735 0 0.005
0.89 0.767 0 0.005
0.891 0.184 0 0.005
0.891 0.217 0 0.005
0.891 0.799 0 0.005
0.891 0.818 0 0.005
0.891 0.853 0 0.005
0.892 0.009 0 0.005
0.892 0.083 0 0.005
0.892 0.354 0 0.005
0.892 0.515 0 0.005
0.893 0.097 0 0.005
0.893 0.495 0 0.005
0.893 0.828 0 0.005
0.893 0.839 0 0.005
0.893 0.929 0 0.005
0.894 0.145 0 0.005
0.894 0.56 0 0.005
0.894 0.662 0 0.005
0.894 0.756 0 0.005
0.894 0.786 0 0.005
0.895 0.043 0 0.005
0.895 0.207 0 0.005
0.895 0.34 0 0.005
0.895 0.627 0 0.005
0.896 0.121 0 0.005
0.896 0.4 0 0.005
0.896 0.465 0 0.005
0.897 0.196 0 0.005
0.897 0.233 0 0.005
0.897 0.887 0 0.005
0.898 0.157 0 0.005
0.898 0.91 0 0.005
0.898 0.943 0 0.005
0.899 0.443 0 0.005
0.899 0.504 0 0.005
0.899 0.682 0 0.005
0.9 0.021 0 0.005
0.9 0.321 0 0.005
0.9 0.481 0 0.005
0.901 0.07 0 0.005
0.901 0.278 0 0.005
0.901 0.3 0 0.005
0.901 0.707 0 0.005
0.901 0.966 0 0.005
0.902 0.011 0 0.005
0.902 0.059 0 0.005
0.902 0.181 0 0.005
0.902 0.528 0 0.005
0.902 0.591 0 0.005
0.903 0.099 0 0.005
0.903 0.353 0 0.005
0.903 0.604 0 0.005
0.903 0.847 0 0.005
0.903 0.879 0 0.005
0.904 0.141 0 0.005
0.904 0.421 0 0.005
0.904 0.454 0 0.005
0.904 0.567 0 0.005
0.904 0.738 0 0.005
0.905 0.693 0 0.005
0.905 0.718 0 0.005
0.905 0.817 0 0.005
0.906 0.384 0 0.005
0.906 0.406 0 0.005
0.906 0.787 0 0.005
0.906 0.869 0 0.005
0.906 0.936 0 0.005
0.906 0.996280701754386 0 0.005
0.907 0.047 0 0.005
0.907 0.081 0 0.005
0.907 0.497 0 0.005
0.907 0.77 0 0.005
0.907 0.905 0 0.005
0.908 0.118 0 0.005
0.908 0.203 0 0.005
0.908 0.249 0 0.005
0.908 0.288 0 0.005
0.908 0.955 0 0.005
0.909 0.166 0 0.005
0.909 0.267 0 0.005
0.909 0.362 0 0.005
0.909 0.442 0 0.005
0.909 0.551 0 0.005
0.909 0.669 0 0.005
0.909 0.98 0 0.005
0.91 0.577 0 0.005
0.911 0.02 0 0.005
0.911 0.03 0 0.005
0.911 0.892 0 0.005
0.912 0.521 0 0.005
0.912 0.622 0 0.005
0.912 0.861 0 0.005
0.913 0.343 0 0.005
0.913 0.758 0 0.005
0.913 0.88 0 0.005
0.914 0.688 0 0.005
0.914 0.921 0 0.005
0.914 0.0004166666666666667 0 0.005
0.915 0.15 0 0.005
0.915 0.323 0 0.005
0.915 0.421 0 0.005
0.915 0.466 0 0.005
0.915 0.698 0 0.005
0.915 0.813 0 0.005
0.915 0.945 0 0.005
0.916 0.282 0 0.005
0.916 0.354 0 0.005
0.916 0.391 0 0.005
0.916 0.535 0 0.005
0.916 0.65 0 0.005
0.916 0.677 0 0.005
0.916 0.787 0 0.005
0.917 0.187 0 0.005
0.917 0.71 0 0.005
0.917 0.823 0 0.005
0.918 0.112 0 0.005
0.918 0.306 0 0.005
0.918 0.333 0 0.005
0.918 0.733 0 0.005
0.918 0.746 0 0.005
0.918 0.906 0 0.005
0.919 0.012 0 0.005
0.919 0.123 0 0.005
0.919 0.172 0 0.005
0.919 0.214 0 0.005
0.919 0.364 0 0.005
0.92 0.376 0 0.005
0.921 0.082 0 0.005
0.921 0.451 0 0.005
0.921 0.891 0 0.005
0.921 0.993 0 0.005
0.922 0.098 0 0.005
0.922 0.239 0 0.005
0.922 0.507 0 0.005
0.922 0.638 0 0.005
0.922 0.769 0 0.005
0.922 0.841 0 0.005
0.922 0.872 0 0.005
0.923 0.156 0 0.005
0.923 0.408 0 0.005
0.923 0.662 0 0.005
0.923 0.86 0 0.005
0.924 0.249 0 0.005
0.924 0.427 0 0.005
0.924 0.523 0 0.005
0.924 0.58 0 0.005
0.924 0.754 0 0.005
0.925 0.297 0 0.005
0.926 0.223 0 0.005
0.926 0.969 0 0.005
0.927 0.711 0 0.005
0.927 0.806 0 0.005
0.928 0.13 0 0.005
0.928 0.627 0 0.005
0.929 0.204 0 0.005
0.929 0.399 0 0.005
0.929 0.852 0 0.005
0.929 0.979 0 0.005
0.93 0.025 0 0.005
0.93 0.173 0 0.005
0.93 0.565 0 0.005
0.93 0.724 0 0.005
0.93 0.835 0 0.005
0.93 0.954 0 0.005
0.931 0.047 0 0.005
0.931 0.788 0 0.005
0.932 0.083 0 0.005
0.932 0.323 0 0.005
0.932 0.341 0 0.005
0.932 0.489 0 0.005
0.932 0.684 0 0.005
0.932 0.943 0 0.005
0.933 0.602 0 0.005
0.933 0.762 0 0.005
0.933 0.889 0 0.005
0.933 0.932 0 0.005
0.933 0.0004166666666666667 0 0.005
0.934 0.069 0 0.005
0.934 0.105 0 0.005
0.934 0.243 0 0.005
0.934 0.865 0 0.005
0.934 0.909 0 0.005
0.934 0.9977333333333334 0 0.005
0.935 0.14 0 0.005
0.935 0.159 0 0.005
0.935 0.826 0 0.005
0.936 0.122 0 0.005
0.936 0.266 0 0.005
0.936 0.287 0 0.005
0.936 0.305 0 0.005
0.936 0.546 0 0.005
0.936 0.662 0 0.005
0.936 0.743 0 0.005
0.937 0.44 0 0.005
0.937 0.714 0 0.005
0.938 0.425 0 0.005
0.938 0.451 0 0.005
0.939 0.193 0 0.005
0.939 0.218 0 0.005
0.939 0.52 0 0.005
0.939 0.571 0 0.005
0.94 0.233 0 0.005
0.94 0.391 0 0.005
0.94 0.408 0 0.005
0.94 0.701 0 0.005
0.94 0.959 0 0.005
0.94 0.969 0 0.005
0.941 0.039 0 0.005
0.942 0.016 0 0.005
0.942 0.087 0 0.005
0.942 0.472 0 0.005
0.943 0.279 0 0.005
0.943 0.678 0 0.005
0.943 0.82 0 0.005
0.943 0.934 0 0.005
0.944 0.06 0 0.005
0.944 0.862 0 0.005
0.945 0.115 0 0.005
0.945 0.249 0 0.005
0.945 0.596 0 0.005
0.945 0.614 0 0.005
0.945 0.801 0 0.005
0.945 0.982 0 0.005
0.946 0.296 0 0.005
0.946 0.506 0 0.005
0.946 0.531 0 0.005
0.946 0.55 0 0.005
0.946 0.775 0 0.005
0.947 0.125 0 0.005
0.947 0.265 0 0.005
0.947 0.368 0 0.005
0.947 0.379 0 0.005
0.947 0.459 0 0.005
0.947 0.585 0 0.005
0.947 0.662 0 0.005
0.947 0.725 0 0.005
0.947 0.845 0 0.005
0.947 0.894 0 0.005
0.948 0.311 0 0.005
0.948 0.487 0 0.005
0.949 0.145 0 0.005
0.949 0.217 0 0.005
0.949 0.353 0 0.005
0.949 0.643 0 0.005
0.949 0.735 0 0.005
0.949 0.79 0 0.005
0.949 0.914 0 0.005
0.949 0.952 0 0.005
0.95 0.325 0 0.005
0.95 0.34 0 0.005
0.95 0.569 0 0.005
0.951 0.188 0 0.005
0.951 0.199 0 0.005
0.951 0.522 0 0.005
0.951 0.628 0 0.005
0.951 0.826 0 0.005
0.952 0.1 0 0.005
0.952 0.168 0 0.005
0.952 0.438 0 0.005
0.952 0.559 0 0.005
0.952 0.962 0 0.005
0.953 0.815 0 0.005
0.952 0.9985833333333334 0 0.005
0.954 0.066 0 0.005
0.954 0.451 0 0.005
0.954 0.882 0 0.005
0.955 0.056 0 0.005
0.955 0.085 0 0.005
0.955 0.242 0 0.005
0.955 0.276 0 0.005
0.955 0.29 0 0.005
0.955 0.601 0 0.005
0.955 0.901 0 0.005
0.956 0.011 0 0.005
0.956 0.394 0 0.005
0.956 0.578 0 0.005
0.956 0.696 0 0.005
0.956 0.751 0 0.005
0.956 0.767 0 0.005
0.956 0.863 0 0.005
0.957 0.0012666666666666666 0 0.005
0.957 0.11 0 0.005
0.957 0.301 0 0.005
0.957 0.428 0 0.005
0.957 0.799 0 0.005
0.957 0.847 0 0.005
0.958 0.314 0 0.005
0.958 0.384 0 0.005
0.958 0.535 0 0.005
0.959 0.025 0 0.005
0.959 0.144 0 0.005
0.959 0.232 0 0.005
0.959 0.675 0 0.005
0.96 0.132 0 0.005
0.96 0.183 0 0.005
0.96 0.212 0 0.005
0.96 0.337 0 0.005
0.96 0.779 0 0.005
0.96 0.911 0 0.005
0.96 0.923 0 0.005
0.961 0.413 0 0.005
0.961 0.462 0 0.005
0.961 0.644 0 0.005
0.962 0.072 0 0.005
0.962 0.26 0 0.005
0.962 0.586 0 0.005
0.962 0.728 0 0.005
0.962 0.742 0 0.005
0.962 0.946 0 0.005
0.963 0.163 0 0.005
0.963 0.348 0 0.005
0.963 0.371 0 0.005
0.964 0.035 0 0.005
0.964 0.55 0 0.005
0.964 0.62 0 0.005
0.964 0.709 0 0.005
0.965 0.284 0 0.005
0.965 0.657 0 0.005
0.965 0.79 0 0.005
0.965 0.834 0 0.005
0.965 0.974 0 0.005
0.965 0.985 0 0.005
0.965 0.9956875 0 0.005
0.966 0.404 0 0.005
0.966 0.516 0 0.005
0.966 0.565 0 0.005
0.966 0.63 0 0.005
0.966 0.761 0 0.005
0.966 0.903 0 0.005
0.967 0.874 0 0.005
0.968 0.049 0 0.005
0.968 0.086 0 0.005
0.968 0.111 0 0.005
0.968 0.197 0 0.005
0.968 0.303 0 0.005
0.968 0.316 0 0.005
0.968 0.435 0 0.005
0.968 0.696 0 0.005
0.969 0.007 0 0.005
0.969 0.391 0 0.005
0.97 0.096 0 0.005
0.97 0.602 0 0.005
0.971 0.525 0 0.005
0.971 0.892 0 0.005
0.972 0.168 0 0.005
0.972 0.265 0 0.005
0.972 0.334 0 0.005
0.972 0.376 0 0.005
0.972 0.503 0 0.005
0.972 0.826 0 0.005
0.972 0.862 0 0.005
0.972 0.93 0 0.005
0.973 0.131 0 0.005
0.973 0.156 0 0.005
0.973 0.776 0 0.005
0.974 0.077 0 0.005
0.974 0.289 0 0.005
0.974 0.648 0 0.005
0.974 0.685 0 0.005
0.974 0.726 0 0.005
0.974 0.736 0 0.005
0.975 0.036 0 0.005
0.975 0.119 0 0.005
0.975 0.145 0 0.005
0.975 0.219 0 0.005
0.975 0.243 0 0.005
0.975 0.443 0 0.005
0.975 0.468 0 0.005
0.975 0.482 0 0.005
0.975 0.556 0 0.005
0.975 0.575 0 0.005
0.975 0.8 0 0.005
0.975 0.816 0 0.005
0.975 0.847 0 0.005
0.976 0.184 0 0.005
0.976 0.231 0 0.005
0.976 0.546 0 0.005
0.976 0.761 0 0.005
0.976 0.985 0 0.005
0.977 0.355 0 0.005
0.977 0.673 0 0.005
0.977 0.786 0 0.005
0.978 0.344 0 0.005
0.978 0.534 0 0.005
0.979 0.004 0 0.005
0.979 0.204 0 0.005
0.979 0.384 0 0.005
0.979 0.62 0 0.005
0.98 0.302 0 0.005
0.981 0.067 0 0.005
0.981 0.492 0 0.005
0.981 0.509 0 0.005
0.982 0.023 0 0.005
0.982 0.054 0 0.005
0.982 0.278 0 0.005
0.982 0.328 0 0.005
0.982 0.694 0 0.005
0.983 0.137 0 0.005
0.983 0.403 0 0.005
0.983 0.87 0 0.005
0.984 0.085 0 0.005
0.984 0.166 0 0.005
0.984 0.705 0 0.005
0.985 0.661 0 0.005
0.985 0.928 0 0.005
0.986 0.043 0 0.005
0.986 0.108 0 0.005
0.986 0.545 0 0.005
0.986 0.729 0 0.005
0.986 0.916 0 0.005
0.987 0.258 0 0.005
0.987 0.425 0 0.005
0.987 0.445 0 0.005
0.987 0.806 0 0.005
0.987 0.995 0 0.005
0.988 0.608 0 0.005
0.988 0.716 0 0.005
0.988 0.84 0 0.005
0.988 0.968 0 0.005
0.989 0.097 0 0.005
0.989 0.154 0 0.005
0.989 0.225 0 0.005
0.989 0.371 0 0.005
0.989 0.679 0 0.005
0.99 0.074 0 0.005
0.99 0.184 0 0.005
0.99 0.463 0 0.005
0.99 0.639 0 0.005
0.99 0.817 0 0.005
0.991 0.13 0 0.005
0.991 0.361 0 0.005
0.991 0.758 0 0.005
0.991 0.861 0 0.005
0.991 0.979 0 0.005
0.992 0.052 0 0.005
0.992 0.556 0 0.005
0.992 0.776 0 0.005
0.993 0.281 0 0.005
0.993 0.573 0 0.005
0.993 0.83 0 0.005
0.994 0.312 0 0.005
0.994 0.593 0 0.005
0.994 0.939 0 0.005
0.995 0.016 0 0.005
0.995 0.038 0 0.005
0.995 0.14 0 0.005
0.995 0.518 0 0.005
0.9956875 0.328 0 0.005
0.9956875 0.39 0 0.005
0.9956875 0.543 0 0.005
0.9956875 0.874 0 0.005
0.9956875 0.96 0 0.005
0.996280701754386 0.006 0 0.005
0.996280701754386 0.17 0 0.005
0.996280701754386 0.4 0 0.005
0.996280701754386 0.453 0 0.005
0.996280701754386 0.491 0 0.005
0.996280701754386 0.62 0 0.005
0.996280701754386 0.767 0 0.005
0.996280701754386 0.808 0 0.005
0.996280701754386 0.904 0 0.005
0.9967708333333334 0.294 0 0.005
0.9967708333333334 0.376 0 0.005
0.9967708333333334 0.507 0 0.005
0.9972564102564103 0.228 0 0.005
0.9972564102564103 0.239 0 0.005
0.9972564102564103 0.473 0 0.005
0.9972564102564103 0.654 0 0.005
0.9972564102564103 0.917 0 0.005
0.9977333333333334 0.195 0 0.005
0.9977333333333334 0.716 0 0.005
0.9977333333333334 0.948 0 0.005
0.9981904761904762 0.105 0 0.005
0.9981904761904762 0.35 0 0.005
0.9981904761904762 0.755 0 0.005
0.9981904761904762 0.987 0 0.005
0.9985833333333334 0.336 0 0.005
0.9985833333333334 0.535 0 0.005
0.9985833333333334 0.567 0 0.005
0.9985833333333334 0.894 0 0.005
0.9986666666666666 0.9986666666666666 0 0.005
0.999 0.047 0 0.005
0.999 0.088 0 0.005
0.999 0.155 0 0.005
0.999 0.212 0 0.005
0.999 0.255 0 0.005
0.999 0.271 0 0.005
0.999 0.285 0 0.005
0.999 0.364 0 0.005
0.999 0.463 0 0.005
0.999 0.735 0 0.005
0.999 0.786 0 0.005
