0.0017435897435897436 0.017 0 0.005
0.0008095238095238096 0.037 0 0.005
0.0008095238095238096 0.057 0 0.005
0.0 0.067 0 0.005
0.0017435897435897436 0.151 0 0.005
0.0008095238095238096 0.163 0 0.005
0.004 0.181 0 0.005
0.0004166666666666667 0.189 0 0.005
0.004 0.211 0 0.005
0.0008095238095238096 0.22 0 0.005
0.0004166666666666667 0.275 0 0.005
0.0 0.287 0 0.005
0.0012666666666666666 0.322 0 0.005
0.0008095238095238096 0.341 0 0.005
0.0008095238095238096 0.351 0 0.005
0.0 0.364 0 0.005
0.0 0.375 0 0.005
0.002719298245614035 0.419 0 0.005
0.0012666666666666666 0.433 0 0.005
0.0033125 0.466 0 0.005
0.0004166666666666667 0.474 0 0.005
0.0022291666666666666 0.53 0 0.005
0.0008095238095238096 0.573 0 0.005
0.0022291666666666666 0.589 0 0.005
0.0022291666666666666 0.611 0 0.005
0.0004166666666666667 0.621 0 0.005
0.0 0.632 0 0.005
0.0017435897435897436 0.666 0 0.005
0.0033125 0.676 0 0.005
0.0008095238095238096 0.704 0 0.005
0.0004166666666666667 0.717 0 0.005
0.0004166666666666667 0.743 0 0.005
0.0012666666666666666 0.753 0 0.005
0.0017435897435897436 0.784 0 0.005
0.0004166666666666667 0.812 0 0.005
0.0004166666666666667 0.826 0 0.005
0.0033125 0.837 0 0.005
0.0017435897435897436 0.851 0 0.005
0.002719298245614035 0.868 0 0.005
0.0012666666666666666 0.898 0 0.005
0.002719298245614035 0.909 0 0.005
0.0004166666666666667 0.918 0 0.005
0.0 0.943 0 0.005
0.0004166666666666667 0.953 0 0.005
0.0 0.964 0 0.005
0.002719298245614035 0.987 0 0.005
0.001 0.999 0 0.005
0.005 0.306 0 0.005
0.005 0.393 0 0.005
0.006 0.068 0 0.005
0.006 0.084 0 0.005
0.006 0.236 0 0.005
0.006 0.958 0 0.005
0.007 0.123 0 0.005
0.007 0.287 0 0.005
0.007 0.77 0 0.005
0.007 0.8 0 0.005
0.007 0.938 0 0.005
0.008 0.107 0 0.005
0.008 0.145 0 0.005
0.008 0.572 0 0.005
0.009 0.369 0 0.005
0.009 0.411 0 0.005
0.009 0.482 0 0.005
0.009 0.689 0 0.005
0.01 0.166 0 0.005
0.01 0.552 0 0.005
0.011 0.057 0 0.005
0.011 0.246 0 0.005
0.011 0.459 0 0.005
0.011 0.597 0 0.005
0.011 0.658 0 0.005
0.011 0.735 0 0.005
0.012 0.035 0 0.005
0.012 0.189 0 0.005
0.012 0.228 0 0.005
0.012 0.359 0 0.005
0.012 0.471 0 0.005
0.012 0.501 0 0.005
0.012 0.513 0 0.005
0.012 0.61 0 0.005
0.012 0.758 0 0.005
0.012 0.902 0 0.005
0.012 0.922 0 0.005
0.013 0.096 0 0.005
0.013 0.385 0 0.005
0.013 0.873 0 0.005
0.013 0.9967708333333334 0 0.005
0.014 0.323 0 0.005
0.014 0.646 0 0.005
0.014 0.702 0 0.005
0.014 0.952 0 0.005
0.015 0.076 0 0.005
0.015 0.268 0 0.005
0.015 0.932 0 0.005
0.016 0.297 0 0.005
0.016 0.587 0 0.005
0.016 0.632 0 0.005
0.016 0.973 0 0.005
0.017 0.538 0 0.005
0.017 0.725 0 0.005
0.017 0.833 0 0.005
0.017 0.911 0 0.005
0.018 0.776 0 0.005
0.018 0.791 0 0.005
0.019 0.286 0 0.005
0.019 0.397 0 0.005
0.019 0.681 0 0.005
0.02 0.124 0 0.005
0.02 0.521 0 0.005
0.021 0.276 0 0.005
0.021 0.558 0 0.005
0.021 0.654 0 0.005
0.022 0.134 0 0.005
0.022 0.147 0 0.005
0.022 0.364 0 0.005
0.022 0.615 0 0.005
0.022 0.671 0 0.005
0.022 0.804 0 0.005
0.023 0.055 0 0.005
0.023 0.199 0 0.005
0.023 0.239 0 0.005
0.023 0.256 0 0.005
0.023 0.31 0 0.005
0.023 0.502 0 0.005
0.023 0.857 0 0.005
0.023 0.985 0 0.005
0.024 0.173 0 0.005
0.024 0.433 0 0.005
0.024 0.737 0 0.005
0.024 0.876 0 0.005
0.025 0.004 0 0.005
0.025 0.042 0 0.005
0.025 0.163 0 0.005
0.025 0.416 0 0.005
0.025 0.488 0 0.005
0.025 0.695 0 0.005
0.025 0.755 0 0.005
0.025 0.937 0 0.005
0.026 0.477 0 0.005
0.026 0.598 0 0.005
0.026 0.845 0 0.005
0.026 0.995 0 0.005
0.027 0.212 0 0.005
0.027 0.295 0 0.005
0.027 0.347 0 0.005
0.027 0.459 0 0.005
0.027 0.643 0 0.005
0.027 0.714 0 0.005
0.027 0.781 0 0.005
0.028 0.077 0 0.005
0.028 0.102 0 0.005
0.028 0.77 0 0.005
0.028 0.896 0 0.005
0.029 0.114 0 0.005
0.029 0.624 0 0.005
0.03 0.024 0 0.005
0.031 0.088 0 0.005
0.031 0.154 0 0.005
0.031 0.39 0 0.005
0.031 0.972 0 0.005
0.032 0.034 0 0.005
0.032 0.191 0 0.005
0.032 0.335 0 0.005
0.032 0.439 0 0.005
0.032 0.583 0 0.005
0.032 0.923 0 0.005
0.033 0.517 0 0.005
0.033 0.557 0 0.005
0.034 0.067 0 0.005
0.034 0.303 0 0.005
0.034 0.372 0 0.005
0.034 0.497 0 0.005
0.035 0.239 0 0.005
0.035 0.272 0 0.005
0.035 0.413 0 0.005
0.035 0.53 0 0.005
0.035 0.933 0 0.005
0.036 0.139 0 0.005
0.036 0.167 0 0.005
0.036 0.206 0 0.005
0.036 0.289 0 0.005
0.036 0.654 0 0.005
0.036 0.706 0 0.005
0.036 0.764 0 0.005
0.036 0.826 0 0.005
0.037 0.016 0 0.005
0.037 0.097 0 0.005
0.037 0.633 0 0.005
0.037 0.717 0 0.005
0.037 0.728 0 0.005
0.037 0.952 0 0.005
0.038 0.314 0 0.005
0.038 0.542 0 0.005
0.038 0.595 0 0.005
0.038 0.682 0 0.005
0.038 0.879 0 0.005
0.039 0.042 0 0.005
0.039 0.252 0 0.005
0.039 0.399 0 0.005
0.039 0.574 0 0.005
0.039 0.847 0 0.005
0.04 0.055 0 0.005
0.04 0.46 0 0.005
0.04 0.982 0 0.005
0.041 0.341 0 0.005
0.041 0.477 0 0.005
0.042 0.125 0 0.005
0.042 0.281 0 0.005
0.042 0.796 0 0.005
0.042 0.816 0 0.005
0.041 0.9985833333333334 0 0.005
0.043 0.176 0 0.005
0.043 0.385 0 0.005
0.044 0.147 0 0.005
0.044 0.37 0 0.005
0.044 0.908 0 0.005
0.045 0.068 0 0.005
0.045 0.193 0 0.005
0.045 0.524 0 0.005
0.045 0.664 0 0.005
0.045 0.697 0 0.005
0.046 0.207 0 0.005
0.046 0.267 0 0.005
0.046 0.322 0 0.005
0.046 0.562 0 0.005
0.046 0.743 0 0.005
0.047 0.08 0 0.005
0.047 0.228 0 0.005
0.047 0.239 0 0.005
0.047 0.779 0 0.005
0.048 0.535 0 0.005
0.048 0.708 0 0.005
0.049 0.574 0 0.005
0.049 0.63 0 0.005
0.049 0.874 0 0.005
0.049 0.939 0 0.005
0.049 0.956 0 0.005
0.049 0.971 0 0.005
0.051 0.412 0 0.005
0.051 0.447 0 0.005
0.051 0.46 0 0.005
0.051 0.594 0 0.005
0.051 0.64 0 0.005
0.051 0.856 0 0.005
0.051 0.982 0 0.005
0.052 0.181 0 0.005
0.052 0.292 0 0.005
0.052 0.306 0 0.005
0.052 0.433 0 0.005
0.052 0.677 0 0.005
0.052 0.791 0 0.005
0.053 0.61 0 0.005
0.054 0.044 0 0.005
0.054 0.251 0 0.005
0.054 0.353 0 0.005
0.054 0.765 0 0.005
0.055 0.087 0 0.005
0.055 0.388 0 0.005
0.055 0.664 0 0.005
0.055 0.929 0 0.005
0.056 0.322 0 0.005
0.056 0.474 0 0.005
0.056 0.743 0 0.005
0.056 0.824 0 0.005
0.056 0.992 0 0.005
0.057 0.016 0 0.005
0.057 0.15 0 0.005
0.057 0.542 0 0.005
0.058 0.105 0 0.005
0.058 0.123 0 0.005
0.058 0.697 0 0.005
0.059 0.493 0 0.005
0.059 0.618 0 0.005
0.059 0.915 0 0.005
0.06 0.407 0 0.005
0.06 0.555 0 0.005
0.06 0.589 0 0.005
0.06 0.721 0 0.005
0.06 0.814 0 0.005
0.06 0.845 0 0.005
0.061 0.059 0 0.005
0.061 0.165 0 0.005
0.061 0.337 0 0.005
0.061 0.507 0 0.005
0.061 0.797 0 0.005
0.062 0.03 0 0.005
0.062 0.0004166666666666667 0 0.005
0.063 0.245 0 0.005
0.063 0.275 0 0.005
0.063 0.462 0 0.005
0.063 0.576 0 0.005
0.063 0.681 0 0.005
0.063 0.772 0 0.005
0.063 0.872 0 0.005
0.063 0.942 0 0.005
0.064 0.215 0 0.005
0.064 0.231 0 0.005
0.064 0.369 0 0.005
0.064 0.658 0 0.005
0.064 0.784 0 0.005
0.065 0.179 0 0.005
0.065 0.288 0 0.005
0.065 0.446 0 0.005
0.065 0.482 0 0.005
0.065 0.528 0 0.005
0.065 0.626 0 0.005
0.065 0.732 0 0.005
0.066 0.643 0 0.005
0.066 0.827 0 0.005
0.066 0.987 0 0.005
0.067 0.017 0 0.005
0.067 0.049 0 0.005
0.067 0.671 0 0.005
0.068 0.089 0 0.005
0.068 0.195 0 0.005
0.068 0.606 0 0.005
0.068 0.702 0 0.005
0.068 0.976 0 0.005
0.069 0.253 0 0.005
0.069 0.417 0 0.005
0.069 0.743 0 0.005
0.069 0.961 0 0.005
0.07 0.036 0 0.005
0.07 0.3 0 0.005
0.07 0.492 0 0.005
0.07 0.689 0 0.005
0.07 0.905 0 0.005
0.071 0.006 0 0.005
0.071 0.074 0 0.005
0.071 0.124 0 0.005
0.071 0.317 0 0.005
0.071 0.549 0 0.005
0.071 0.931 0 0.005
0.072 0.438 0 0.005
0.072 0.559 0 0.005
0.072 0.616 0 0.005
0.072 0.724 0 0.005
0.073 0.243 0 0.005
0.073 0.279 0 0.005
0.073 0.393 0 0.005
0.073 0.474 0 0.005
0.073 0.538 0 0.005
0.073 0.588 0 0.005
0.073 0.841 0 0.005
0.074 0.156 0 0.005
0.074 0.233 0 0.005
0.074 0.263 0 0.005
0.074 0.349 0 0.005
0.074 0.807 0 0.005
0.075 0.105 0 0.005
0.075 0.657 0 0.005
0.075 0.853 0 0.005
0.077 0.33 0 0.005
0.077 0.373 0 0.005
0.077 0.968 0 0.005
0.077 0.989 0 0.005
0.078 0.294 0 0.005
0.078 0.887 0 0.005
0.078 0.954 0 0.005
0.079 0.06 0 0.005
0.079 0.179 0 0.005
0.079 0.422 0 0.005
0.079 0.487 0 0.005
0.08 0.028 0 0.005
0.08 0.623 0 0.005
0.08 0.67 0 0.005
0.08 0.899 0 0.005
0.08 0.944 0 0.005
0.081 0.196 0 0.005
0.081 0.22 0 0.005
0.081 0.444 0 0.005
0.081 0.498 0 0.005
0.081 0.524 0 0.005
0.081 0.687 0 0.005
0.081 0.712 0 0.005
0.081 0.798 0 0.005
0.081 0.876 0 0.005
0.082 0.012 0 0.005
0.082 0.073 0 0.005
0.082 0.566 0 0.005
0.082 0.698 0 0.005
0.082 0.731 0 0.005
0.082 0.9972564102564103 0 0.005
0.083 0.141 0 0.005
0.083 0.651 0 0.005
0.083 0.921 0 0.005
0.084 0.156 0 0.005
0.084 0.39 0 0.005
0.084 0.741 0 0.005
0.084 0.816 0 0.005
0.085 0.323 0 0.005
0.085 0.4 0 0.005
0.085 0.752 0 0.005
0.085 0.765 0 0.005
0.086 0.465 0 0.005
0.086 0.786 0 0.005
0.086 0.83 0 0.005
0.087 0.086 0 0.005
0.087 0.411 0 0.005
0.087 0.452 0 0.005
0.087 0.849 0 0.005
0.087 0.907 0 0.005
0.087 0.931 0 0.005
0.088 0.243 0 0.005
0.089 0.117 0 0.005
0.089 0.6 0 0.005
0.089 0.949 0 0.005
0.09 0.129 0 0.005
0.09 0.487 0 0.005
0.091 0.226 0 0.005
0.091 0.281 0 0.005
0.091 0.35 0 0.005
0.091 0.632 0 0.005
0.091 0.645 0 0.005
0.091 0.706 0 0.005
0.091 0.718 0 0.005
0.092 0.019 0 0.005
0.092 0.176 0 0.005
0.092 0.538 0 0.005
0.092 0.688 0 0.005
0.092 0.869 0 0.005
0.092 0.988 0 0.005
0.093 0.264 0 0.005
0.093 0.331 0 0.005
0.093 0.502 0 0.005
0.093 0.588 0 0.005
0.093 0.61 0 0.005
0.093 0.96 0 0.005
0.094 0.898 0 0.005
0.093 0.0 0 0.005
0.095 0.31 0 0.005
0.095 0.369 0 0.005
0.095 0.791 0 0.005
0.095 0.859 0 0.005
0.096 0.008 0 0.005
0.096 0.834 0 0.005
0.096 0.916 0 0.005
0.096 0.972 0 0.005
0.097 0.036 0 0.005
0.097 0.103 0 0.005
0.097 0.205 0 0.005
0.097 0.25 0 0.005
0.097 0.38 0 0.005
0.097 0.47 0 0.005
0.097 0.817 0 0.005
0.098 0.048 0 0.005
0.098 0.215 0 0.005
0.098 0.234 0 0.005
0.098 0.425 0 0.005
0.098 0.448 0 0.005
0.098 0.511 0 0.005
0.098 0.529 0 0.005
0.098 0.734 0 0.005
0.098 0.801 0 0.005
0.099 0.166 0 0.005
0.099 0.9977333333333334 0 0.005
0.1 0.195 0 0.005
0.1 0.483 0 0.005
0.1 0.66 0 0.005
0.1 0.879 0 0.005
0.1 0.935 0 0.005
0.101 0.064 0 0.005
0.101 0.14 0 0.005
0.101 0.459 0 0.005
0.101 0.574 0 0.005
0.102 0.128 0 0.005
0.102 0.276 0 0.005
0.102 0.398 0 0.005
0.102 0.411 0 0.005
0.103 0.027 0 0.005
0.103 0.08 0 0.005
0.103 0.26 0 0.005
0.103 0.288 0 0.005
0.103 0.629 0 0.005
0.103 0.866 0 0.005
0.103 0.948 0 0.005
0.103 0.989 0 0.005
0.105 0.09 0 0.005
0.105 0.543 0 0.005
0.105 0.645 0 0.005
0.105 0.763 0 0.005
0.105 0.849 0 0.005
0.106 0.361 0 0.005
0.106 0.375 0 0.005
0.106 0.505 0 0.005
0.106 0.807 0 0.005
0.106 0.916 0 0.005
0.107 0.015 0 0.005
0.107 0.239 0 0.005
0.107 0.7 0 0.005
0.108 0.046 0 0.005
0.108 0.106 0 0.005
0.108 0.229 0 0.005
0.108 0.44 0 0.005
0.109 0.35 0 0.005
0.109 0.9972564102564103 0 0.005
0.11 0.422 0 0.005
0.11 0.59 0 0.005
0.11 0.895 0 0.005
0.11 0.928 0 0.005
0.111 0.723 0 0.005
0.111 0.781 0 0.005
0.111 0.885 0 0.005
0.112 0.383 0 0.005
0.112 0.393 0 0.005
0.112 0.608 0 0.005
0.113 0.308 0 0.005
0.113 0.477 0 0.005
0.113 0.739 0 0.005
0.114 0.159 0 0.005
0.114 0.177 0 0.005
0.114 0.554 0 0.005
0.114 0.67 0 0.005
0.114 0.682 0 0.005
0.114 0.837 0 0.005
0.114 0.953 0 0.005
0.115 0.027 0 0.005
0.115 0.142 0 0.005
0.115 0.403 0 0.005
0.115 0.523 0 0.005
0.115 0.643 0 0.005
0.115 0.82 0 0.005
0.116 0.056 0 0.005
0.116 0.092 0 0.005
0.116 0.33 0 0.005
0.116 0.866 0 0.005
0.117 0.619 0 0.005
0.117 0.756 0 0.005
0.118 0.106 0 0.005
0.118 0.122 0 0.005
0.118 0.596 0 0.005
0.119 0.042 0 0.005
0.119 0.275 0 0.005
0.119 0.294 0 0.005
0.119 0.453 0 0.005
0.119 0.571 0 0.005
0.119 0.81 0 0.005
0.119 0.876 0 0.005
0.12 0.343 0 0.005
0.12 0.652 0 0.005
0.12 0.962 0 0.005
0.121 0.234 0 0.005
0.121 0.315 0 0.005
0.121 0.353 0 0.005
0.121 0.43 0 0.005
0.121 0.512 0 0.005
0.121 0.799 0 0.005
0.121 0.853 0 0.005
0.122 0.413 0 0.005
0.122 0.632 0 0.005
0.122 0.934 0 0.005
0.123 0.914 0 0.005
0.123 0.985 0 0.005
0.124 0.086 0 0.005
0.124 0.186 0 0.005
0.124 0.255 0 0.005
0.124 0.379 0 0.005
0.124 0.489 0 0.005
0.124 0.681 0 0.005
0.124 0.974 0 0.005
0.125 0.206 0 0.005
0.125 0.444 0 0.005
0.125 0.764 0 0.005
0.126 0.704 0 0.005
0.127 0.84 0 0.005
0.127 0.954 0 0.005
0.128 0.005 0 0.005
0.128 0.153 0 0.005
0.128 0.225 0 0.005
0.128 0.58 0 0.005
0.128 0.721 0 0.005
0.129 0.033 0 0.005
0.129 0.049 0 0.005
0.129 0.454 0 0.005
0.13 0.336 0 0.005
0.13 0.392 0 0.005
0.13 0.435 0 0.005
0.13 0.474 0 0.005
0.13 0.778 0 0.005
0.13 0.812 0 0.005
0.13 0.882 0 0.005
0.131 0.423 0 0.005
0.131 0.497 0 0.005
0.131 0.553 0 0.005
0.131 0.672 0 0.005
0.131 0.941 0 0.005
0.131 0.995 0 0.005
0.132 0.021 0 0.005
0.132 0.271 0 0.005
0.132 0.529 0 0.005
0.133 0.063 0 0.005
0.133 0.106 0 0.005
0.133 0.35 0 0.005
0.133 0.407 0 0.005
0.134 0.075 0 0.005
0.134 0.194 0 0.005
0.134 0.26 0 0.005
0.134 0.285 0 0.005
0.134 0.364 0 0.005
0.134 0.972 0 0.005
0.135 0.299 0 0.005
0.135 0.687 0 0.005
0.135 0.734 0 0.005
0.135 0.798 0 0.005
0.135 0.926 0 0.005
0.136 0.096 0 0.005
0.136 0.135 0 0.005
0.136 0.375 0 0.005
0.136 0.617 0 0.005
0.137 0.209 0 0.005
0.137 0.241 0 0.005
0.137 0.662 0 0.005
0.137 0.857 0 0.005
0.138 0.002719298245614035 0 0.005
0.138 0.312 0 0.005
0.138 0.485 0 0.005
0.138 0.754 0 0.005
0.138 0.911 0 0.005
0.138 0.951 0 0.005
0.139 0.031 0 0.005
0.139 0.52 0 0.005
0.139 0.588 0 0.005
0.139 0.824 0 0.005
0.14 0.177 0 0.005
0.14 0.231 0 0.005
0.14 0.277 0 0.005
0.14 0.844 0 0.005
0.141 0.554 0 0.005
0.141 0.99 0 0.005
0.142 0.086 0 0.005
0.142 0.266 0 0.005
0.142 0.744 0 0.005
0.142 0.764 0 0.005
0.143 0.057 0 0.005
0.143 0.151 0 0.005
0.143 0.354 0 0.005
0.143 0.719 0 0.005
0.144 0.108 0 0.005
0.144 0.509 0 0.005
0.144 0.706 0 0.005
0.144 0.902 0 0.005
0.144 0.968 0 0.005
0.145 0.075 0 0.005
0.145 0.323 0 0.005
0.145 0.365 0 0.005
0.145 0.407 0 0.005
0.145 0.67 0 0.005
0.145 0.891 0 0.005
0.146 0.013 0 0.005
0.146 0.376 0 0.005
0.146 0.645 0 0.005
0.146 0.923 0 0.005
0.147 0.734 0 0.005
0.148 0.132 0 0.005
0.148 0.3 0 0.005
0.148 0.464 0 0.005
0.148 0.953 0 0.005
0.149 0.488 0 0.005
0.149 0.613 0 0.005
0.149 0.9972564102564103 0 0.005
0.15 0.026 0 0.005
0.15 0.119 0 0.005
0.15 0.275 0 0.005
0.15 0.595 0 0.005
0.15 0.658 0 0.005
0.15 0.854 0 0.005
0.15 0.981 0 0.005
0.151 0.039 0 0.005
0.151 0.25 0 0.005
0.151 0.69 0 0.005
0.151 0.827 0 0.005
0.152 0.097 0 0.005
0.152 0.158 0 0.005
0.152 0.427 0 0.005
0.152 0.45 0 0.005
0.152 0.58 0 0.005
0.152 0.872 0 0.005
0.153 0.314 0 0.005
0.153 0.538 0 0.005
0.154 0.528 0 0.005
0.154 0.635 0 0.005
0.154 0.759 0 0.005
0.154 0.81 0 0.005
0.155 0.287 0 0.005
0.155 0.394 0 0.005
0.155 0.501 0 0.005
0.155 0.78 0 0.005
0.155 0.913 0 0.005
0.156 0.147 0 0.005
0.156 0.408 0 0.005
0.156 0.797 0 0.005
0.156 0.939 0 0.005
0.156 0.966 0 0.005
0.157 0.0008095238095238096 0 0.005
0.157 0.049 0 0.005
0.157 0.472 0 0.005
0.157 0.571 0 0.005
0.158 0.105 0 0.005
0.158 0.172 0 0.005
0.158 0.185 0 0.005
0.158 0.269 0 0.005
0.158 0.551 0 0.005
0.158 0.721 0 0.005
0.159 0.137 0 0.005
0.159 0.202 0 0.005
0.159 0.23 0 0.005
0.159 0.367 0 0.005
0.159 0.383 0 0.005
0.159 0.644 0 0.005
0.16 0.014 0 0.005
0.16 0.516 0 0.005
0.16 0.949 0 0.005
0.161 0.073 0 0.005
0.161 0.355 0 0.005
0.161 0.614 0 0.005
0.161 0.707 0 0.005
0.161 0.905 0 0.005
0.162 0.345 0 0.005
0.162 0.436 0 0.005
0.162 0.743 0 0.005
0.162 0.868 0 0.005
0.162 0.978 0 0.005
0.163 0.036 0 0.005
0.163 0.124 0 0.005
0.163 0.155 0 0.005
0.163 0.451 0 0.005
0.163 0.488 0 0.005
0.163 0.56 0 0.005
0.165 0.212 0 0.005
0.165 0.681 0 0.005
0.165 0.857 0 0.005
0.166 0.063 0 0.005
0.166 0.255 0 0.005
0.166 0.59 0 0.005
0.166 0.965 0 0.005
0.167 0.331 0 0.005
0.167 0.605 0 0.005
0.167 0.657 0 0.005
0.168 0.166 0 0.005
0.168 0.178 0 0.005
0.168 0.196 0 0.005
0.168 0.301 0 0.005
0.168 0.415 0 0.005
0.168 0.882 0 0.005
0.169 0.392 0 0.005
0.169 0.989 0 0.005
0.17 0.272 0 0.005
0.17 0.364 0 0.005
0.17 0.479 0 0.005
0.17 0.736 0 0.005
0.171 0.095 0 0.005
0.171 0.378 0 0.005
0.171 0.769 0 0.005
0.172 0.051 0 0.005
0.172 0.51 0 0.005
0.172 0.867 0 0.005
0.173 0.156 0 0.005
0.173 0.788 0 0.005
0.173 0.83 0 0.005
0.173 0.913 0 0.005
0.173 0.0004166666666666667 0 0.005
0.174 0.014 0 0.005
0.174 0.11 0 0.005
0.174 0.34 0 0.005
0.174 0.696 0 0.005
0.175 0.038 0 0.005
0.175 0.624 0 0.005
0.175 0.955 0 0.005
0.175 0.973 0 0.005
0.176 0.185 0 0.005
0.176 0.317 0 0.005
0.176 0.453 0 0.005
0.176 0.853 0 0.005
0.177 0.218 0 0.005
0.177 0.287 0 0.005
0.177 0.59 0 0.005
0.177 0.937 0 0.005
0.178 0.141 0 0.005
0.178 0.437 0 0.005
0.178 0.555 0 0.005
0.178 0.659 0 0.005
0.178 0.673 0 0.005
0.178 0.683 0 0.005
0.178 0.994 0 0.005
0.179 0.372 0 0.005
0.179 0.427 0 0.005
0.179 0.905 0 0.005
0.18 0.268 0 0.005
0.18 0.361 0 0.005
0.18 0.412 0 0.005
0.18 0.545 0 0.005
0.18 0.751 0 0.005
0.18 0.839 0 0.005
0.181 0.389 0 0.005
0.181 0.738 0 0.005
0.182 0.774 0 0.005
0.182 0.823 0 0.005
0.182 0.869 0 0.005
0.183 0.002719298245614035 0 0.005
0.183 0.071 0 0.005
0.183 0.303 0 0.005
0.183 0.483 0 0.005
0.184 0.177 0 0.005
0.184 0.522 0 0.005
0.184 0.619 0 0.005
0.184 0.714 0 0.005
0.184 0.798 0 0.005
0.184 0.981 0 0.005
0.185 0.036 0 0.005
0.185 0.124 0 0.005
0.186 0.103 0 0.005
0.186 0.891 0 0.005
0.186 0.923 0 0.005
0.187 0.058 0 0.005
0.187 0.249 0 0.005
0.187 0.292 0 0.005
0.187 0.327 0 0.005
0.187 0.403 0 0.005
0.188 0.163 0 0.005
0.188 0.446 0 0.005
0.188 0.539 0 0.005
0.188 0.604 0 0.005
0.188 0.634 0 0.005
0.188 0.965 0 0.005
0.189 0.092 0 0.005
0.189 0.139 0 0.005
0.189 0.57 0 0.005
0.189 0.666 0 0.005
0.189 0.728 0 0.005
0.19 0.046 0 0.005
0.19 0.228 0 0.005
0.19 0.69 0 0.005
0.19 0.701 0 0.005
0.19 0.747 0 0.005
0.191 0.011 0 0.005
0.191 0.216 0 0.005
0.191 0.879 0 0.005
0.192 0.374 0 0.005
0.192 0.551 0 0.005
0.192 0.946 0 0.005
0.193 0.026 0 0.005
0.193 0.077 0 0.005
0.193 0.118 0 0.005
0.193 0.27 0 0.005
0.193 0.309 0 0.005
0.193 0.48 0 0.005
0.193 0.763 0 0.005
0.191 0.999 0 0.005
0.194 0.194 0 0.005
0.194 0.504 0 0.005
0.194 0.847 0 0.005
0.194 0.858 0 0.005
0.195 0.129 0 0.005
0.195 0.348 0 0.005
0.195 0.409 0 0.005
0.195 0.462 0 0.005
0.195 0.59 0 0.005
0.195 0.674 0 0.005
0.195 0.815 0 0.005
0.196 0.359 0 0.005
0.196 0.388 0 0.005
0.196 0.431 0 0.005
0.196 0.628 0 0.005
0.196 0.651 0 0.005
0.196 0.927 0 0.005
0.196 0.982 0 0.005
0.197 0.617 0 0.005
0.197 0.738 0 0.005
0.198 0.149 0 0.005
0.198 0.54 0 0.005
0.198 0.779 0 0.005
0.198 0.899 0 0.005
0.199 0.066 0 0.005
0.199 0.101 0 0.005
0.199 0.292 0 0.005
0.199 0.421 0 0.005
0.199 0.915 0 0.005
0.2 0.185 0 0.005
0.2 0.519 0 0.005
0.2 0.954 0 0.005
0.201 0.164 0 0.005
0.201 0.222 0 0.005
0.201 0.261 0 0.005
0.201 0.6 0 0.005
0.202 0.09 0 0.005
0.202 0.322 0 0.005
0.202 0.7 0 0.005
0.202 0.711 0 0.005
0.202 0.802 0 0.005
0.202 0.824 0 0.005
0.202 0.882 0 0.005
0.203 0.232 0 0.005
0.203 0.379 0 0.005
0.203 0.401 0 0.005
0.203 0.477 0 0.005
0.201 0.999 0 0.005
0.204 0.049 0 0.005
0.204 0.246 0 0.005
0.204 0.688 0 0.005
0.204 0.837 0 0.005
0.204 0.971 0 0.005
0.205 0.201 0 0.005
0.205 0.638 0 0.005
0.205 0.673 0 0.005
0.205 0.75 0 0.005
0.205 0.941 0 0.005
0.206 0.029 0 0.005
0.206 0.155 0 0.005
0.206 0.504 0 0.005
0.206 0.773 0 0.005
0.207 0.298 0 0.005
0.207 0.339 0 0.005
0.208 0.614 0 0.005
0.209 0.354 0 0.005
0.209 0.427 0 0.005
0.209 0.451 0 0.005
0.209 0.53 0 0.005
0.209 0.847 0 0.005
0.209 0.895 0 0.005
0.21 0.116 0 0.005
0.21 0.652 0 0.005
0.21 0.982 0 0.005
0.211 0.006 0 0.005
0.211 0.145 0 0.005
0.211 0.368 0 0.005
0.211 0.992 0 0.005
0.212 0.624 0 0.005
0.212 0.917 0 0.005
0.212 0.96 0 0.005
0.213 0.084 0 0.005
0.213 0.126 0 0.005
0.213 0.255 0 0.005
0.213 0.571 0 0.005
0.213 0.8 0 0.005
0.214 0.046 0 0.005
0.214 0.065 0 0.005
0.214 0.275 0 0.005
0.214 0.399 0 0.005
0.214 0.416 0 0.005
0.214 0.593 0 0.005
0.214 0.728 0 0.005
0.214 0.865 0 0.005
0.214 0.878 0 0.005
0.215 0.54 0 0.005
0.215 0.813 0 0.005
0.216 0.1 0 0.005
0.216 0.285 0 0.005
0.216 0.503 0 0.005
0.216 0.637 0 0.005
0.216 0.835 0 0.005
0.216 0.932 0 0.005
0.217 0.181 0 0.005
0.217 0.229 0 0.005
0.217 0.301 0 0.005
0.217 0.322 0 0.005
0.217 0.388 0 0.005
0.217 0.558 0 0.005
0.217 0.888 0 0.005
0.218 0.348 0 0.005
0.218 0.476 0 0.005
0.218 0.489 0 0.005
0.218 0.611 0 0.005
0.218 0.743 0 0.005
0.218 0.757 0 0.005
0.218 0.771 0 0.005
0.219 0.197 0 0.005
0.219 0.524 0 0.005
0.22 0.429 0 0.005
0.22 0.514 0 0.005
0.22 0.676 0 0.005
0.22 0.9 0 0.005
0.221 0.022 0 0.005
0.221 0.054 0 0.005
0.221 0.216 0 0.005
0.222 0.9981904761904762 0 0.005
0.223 0.11 0 0.005
0.223 0.137 0 0.005
0.223 0.162 0 0.005
0.223 0.45 0 0.005
0.223 0.698 0 0.005
0.224 0.255 0 0.005
0.224 0.34 0 0.005
0.224 0.627 0 0.005
0.224 0.735 0 0.005
0.225 0.362 0 0.005
0.225 0.582 0 0.005
0.225 0.652 0 0.005
0.225 0.713 0 0.005
0.225 0.791 0 0.005
0.225 0.812 0 0.005
0.225 0.842 0 0.005
0.226 0.098 0 0.005
0.226 0.439 0 0.005
0.226 0.502 0 0.005
0.226 0.666 0 0.005
0.226 0.881 0 0.005
0.226 0.951 0 0.005
0.227 0.123 0 0.005
0.227 0.224 0 0.005
0.227 0.421 0 0.005
0.227 0.483 0 0.005
0.227 0.925 0 0.005
0.228 0.308 0 0.005
0.228 0.47 0 0.005
0.228 0.54 0 0.005
0.228 0.751 0 0.005
0.228 0.767 0 0.005
0.229 0.179 0 0.005
0.23 0.033 0 0.005
0.23 0.24 0 0.005
0.23 0.296 0 0.005
0.23 0.829 0 0.005
0.231 0.354 0 0.005
0.231 0.912 0 0.005
0.231 0.963 0 0.005
0.232 0.145 0 0.005
0.232 0.201 0 0.005
0.232 0.268 0 0.005
0.232 0.383 0 0.005
0.232 0.523 0 0.005
0.233 0.071 0 0.005
0.233 0.133 0 0.005
0.233 0.212 0 0.005
0.233 0.396 0 0.005
0.235 0.012 0 0.005
0.235 0.371 0 0.005
0.235 0.583 0 0.005
0.235 0.857 0 0.005
0.235 0.872 0 0.005
0.236 0.658 0 0.005
0.236 0.68 0 0.005
0.237 0.249 0 0.005
0.237 0.259 0 0.005
0.237 0.611 0 0.005
0.237 0.641 0 0.005
0.237 0.745 0 0.005
0.237 0.814 0 0.005
0.238 0.114 0 0.005
0.238 0.319 0 0.005
0.238 0.482 0 0.005
0.238 0.532 0 0.005
0.238 0.708 0 0.005
0.238 0.757 0 0.005
0.238 0.779 0 0.005
0.238 0.801 0 0.005
0.238 0.846 0 0.005
0.238 0.936 0 0.005
0.238 0.991 0 0.005
0.24 0.231 0 0.005
0.24 0.404 0 0.005
0.24 0.431 0 0.005
0.24 0.574 0 0.005
0.24 0.596 0 0.005
0.24 0.922 0 0.005
0.24 0.976 0 0.005
0.241 0.104 0 0.005
0.241 0.282 0 0.005
0.241 0.724 0 0.005
0.242 0.148 0 0.005
0.242 0.521 0 0.005
0.243 0.547 0 0.005
0.243 0.558 0 0.005
0.243 0.697 0 0.005
0.243 0.789 0 0.005
0.243 0.896 0 0.005
0.243 0.954 0 0.005
0.244 0.19 0 0.005
0.244 0.292 0 0.005
0.244 0.393 0 0.005
0.244 0.457 0 0.005
0.244 0.736 0 0.005
0.245 0.135 0 0.005
0.245 0.303 0 0.005
0.245 0.337 0 0.005
0.245 0.499 0 0.005
0.245 0.87 0 0.005
0.246 0.034 0 0.005
0.246 0.065 0 0.005
0.246 0.349 0 0.005
0.246 0.44 0 0.005
0.246 0.682 0 0.005
0.246 0.859 0 0.005
0.247 0.055 0 0.005
0.247 0.376 0 0.005
0.247 0.474 0 0.005
0.247 0.637 0 0.005
0.247 0.748 0 0.005
0.247 0.825 0 0.005
0.247 0.964 0 0.005
0.245 0.999 0 0.005
0.248 0.532 0 0.005
0.248 0.767 0 0.005
0.249 0.116 0 0.005
0.249 0.171 0 0.005
0.249 0.251 0 0.005
0.249 0.656 0 0.005
0.25 0.156 0 0.005
0.25 0.213 0 0.005
0.25 0.666 0 0.005
0.25 0.886 0 0.005
0.251 0.045 0 0.005
0.251 0.619 0 0.005
0.252 0.01 0 0.005
0.252 0.022 0 0.005
0.252 0.713 0 0.005
0.252 0.839 0 0.005
0.252 0.984 0 0.005
0.252 0.994 0 0.005
0.253 0.0017435897435897436 0 0.005
0.253 0.088 0 0.005
0.253 0.264 0 0.005
0.253 0.576 0 0.005
0.253 0.586 0 0.005
0.254 0.451 0 0.005
0.254 0.519 0 0.005
0.255 0.204 0 0.005
0.255 0.235 0 0.005
0.255 0.604 0 0.005
0.256 0.421 0 0.005
0.256 0.48 0 0.005
0.257 0.311 0 0.005
0.257 0.555 0 0.005
0.257 0.68 0 0.005
0.257 0.786 0 0.005
0.257 0.861 0 0.005
0.258 0.225 0 0.005
0.258 0.507 0 0.005
0.258 0.544 0 0.005
0.258 0.899 0 0.005
0.258 0.969 0 0.005
0.259 0.118 0 0.005
0.259 0.247 0 0.005
0.259 0.323 0 0.005
0.259 0.651 0 0.005
0.259 0.772 0 0.005
0.259 0.802 0 0.005
0.259 0.923 0 0.005
0.26 0.348 0 0.005
0.26 0.909 0 0.005
0.26 0.951 0 0.005
0.261 0.595 0 0.005
0.261 0.724 0 0.005
0.261 0.818 0 0.005
0.261 0.939 0 0.005
0.262 0.105 0 0.005
0.262 0.534 0 0.005
0.262 0.746 0 0.005
0.262 0.852 0 0.005
0.263 0.031 0 0.005
0.263 0.047 0 0.005
0.263 0.195 0 0.005
0.263 0.266 0 0.005
0.263 0.286 0 0.005
0.263 0.37 0 0.005
0.263 0.383 0 0.005
0.263 0.412 0 0.005
0.263 0.468 0 0.005
0.263 0.756 0 0.005
0.264 0.174 0 0.005
0.264 0.634 0 0.005
0.264 0.734 0 0.005
0.264 0.836 0 0.005
0.265 0.21 0 0.005
0.265 0.397 0 0.005
0.265 0.432 0 0.005
0.265 0.449 0 0.005
0.265 0.882 0 0.005
0.265 0.983 0 0.005
0.266 0.303 0 0.005
0.267 0.064 0 0.005
0.267 0.608 0 0.005
0.267 0.929 0 0.005
0.268 0.158 0 0.005
0.268 0.708 0 0.005
0.268 0.898 0 0.005
0.269 0.019 0 0.005
0.269 0.089 0 0.005
0.269 0.331 0 0.005
0.269 0.36 0 0.005
0.269 0.502 0 0.005
0.269 0.516 0 0.005
0.269 0.669 0 0.005
0.27 0.274 0 0.005
0.27 0.768 0 0.005
0.27 0.799 0 0.005
0.27 0.996280701754386 0 0.005
0.271 0.596 0 0.005
0.271 0.781 0 0.005
0.272 0.141 0 0.005
0.272 0.35 0 0.005
0.272 0.418 0 0.005
0.272 0.492 0 0.005
0.272 0.726 0 0.005
0.273 0.582 0 0.005
0.273 0.85 0 0.005
0.273 0.907 0 0.005
0.273 0.948 0 0.005
0.274 0.0033125 0 0.005
0.274 0.239 0 0.005
0.274 0.528 0 0.005
0.275 0.122 0 0.005
0.275 0.466 0 0.005
0.275 0.681 0 0.005
0.275 0.84 0 0.005
0.276 0.042 0 0.005
0.276 0.568 0 0.005
0.276 0.63 0 0.005
0.276 0.873 0 0.005
0.277 0.283 0 0.005
0.277 0.295 0 0.005
0.277 0.822 0 0.005
0.277 0.86 0 0.005
0.278 0.174 0 0.005
0.278 0.205 0 0.005
0.278 0.544 0 0.005
0.278 0.957 0 0.005
0.279 0.09 0 0.005
0.279 0.164 0 0.005
0.279 0.329 0 0.005
0.279 0.702 0 0.005
0.279 0.761 0 0.005
0.279 0.89 0 0.005
0.28 0.018 0 0.005
0.28 0.104 0 0.005
0.28 0.254 0 0.005
0.28 0.8 0 0.005
0.28 0.929 0 0.005
0.281 0.07 0 0.005
0.281 0.358 0 0.005
0.281 0.596 0 0.005
0.281 0.653 0 0.005
0.281 0.916 0 0.005
0.282 0.397 0 0.005
0.282 0.718 0 0.005
0.283 0.319 0 0.005
0.283 0.475 0 0.005
0.283 0.579 0 0.005
0.283 0.613 0 0.005
0.283 0.749 0 0.005
0.284 0.13 0 0.005
0.284 0.146 0 0.005
0.284 0.229 0 0.005
0.284 0.379 0 0.005
0.284 0.501 0 0.005
0.285 0.439 0 0.005
0.285 0.488 0 0.005
0.286 0.815 0 0.005
0.286 0.829 0 0.005
0.286 0.85 0 0.005
0.287 0.273 0 0.005
0.287 0.296 0 0.005
0.287 0.341 0 0.005
0.287 0.369 0 0.005
0.287 0.767 0 0.005
0.287 0.897 0 0.005
0.287 0.996280701754386 0 0.005
0.288 0.422 0 0.005
0.288 0.625 0 0.005
0.288 0.957 0 0.005
0.288 0.978 0 0.005
0.289 0.052 0 0.005
0.289 0.166 0 0.005
0.289 0.186 0 0.005
0.289 0.7 0 0.005
0.29 0.03 0 0.005
0.29 0.674 0 0.005
0.29 0.931 0 0.005
0.291 0.091 0 0.005
0.291 0.552 0 0.005
0.291 0.781 0 0.005
0.291 0.877 0 0.005
0.292 0.356 0 0.005
0.292 0.602 0 0.005
0.292 0.732 0 0.005
0.294 0.0017435897435897436 0 0.005
0.294 0.069 0 0.005
0.294 0.26 0 0.005
0.294 0.305 0 0.005
0.294 0.468 0 0.005
0.294 0.533 0 0.005
0.294 0.578 0 0.005
0.294 0.633 0 0.005
0.295 0.142 0 0.005
0.295 0.279 0 0.005
0.296 0.195 0 0.005
0.296 0.327 0 0.005
0.296 0.406 0 0.005
0.296 0.501 0 0.005
0.296 0.689 0 0.005
0.297 0.103 0 0.005
0.297 0.389 0 0.005
0.297 0.713 0 0.005
0.297 0.968 0 0.005
0.298 0.238 0 0.005
0.298 0.29 0 0.005
0.298 0.594 0 0.005
0.298 0.65 0 0.005
0.298 0.759 0 0.005
0.298 0.978 0 0.005
0.299 0.224 0 0.005
0.299 0.43 0 0.005
0.299 0.479 0 0.005
0.299 0.615 0 0.005
0.299 0.831 0 0.005
0.299 0.867 0 0.005
0.299 0.915 0 0.005
0.3 0.793 0 0.005
0.301 0.9967708333333334 0 0.005
0.302 0.033 0 0.005
0.302 0.511 0 0.005
0.302 0.741 0 0.005
0.302 0.81 0 0.005
0.302 0.944 0 0.005
0.303 0.148 0 0.005
0.304 0.696 0 0.005
0.304 0.876 0 0.005
0.305 0.013 0 0.005
0.305 0.065 0 0.005
0.305 0.487 0 0.005
0.306 0.605 0 0.005
0.307 0.082 0 0.005
0.307 0.311 0 0.005
0.307 0.323 0 0.005
0.307 0.346 0 0.005
0.307 0.368 0 0.005
0.307 0.541 0 0.005
0.307 0.73 0 0.005
0.307 0.85 0 0.005
0.307 0.956 0 0.005
0.308 0.406 0 0.005
0.308 0.441 0 0.005
0.308 0.531 0 0.005
0.308 0.58 0 0.005
0.308 0.662 0 0.005
0.309 0.119 0 0.005
0.309 0.13 0 0.005
0.309 0.226 0 0.005
0.309 0.639 0 0.005
0.309 0.652 0 0.005
0.309 0.771 0 0.005
0.31 0.056 0 0.005
0.31 0.204 0 0.005
0.31 0.277 0 0.005
0.31 0.333 0 0.005
0.31 0.568 0 0.005
0.31 0.622 0 0.005
0.31 0.682 0 0.005
0.31 0.758 0 0.005
0.31 0.832 0 0.005
0.311 0.021 0 0.005
0.311 0.106 0 0.005
0.311 0.17 0 0.005
0.311 0.264 0 0.005
0.311 0.43 0 0.005
0.311 0.884 0 0.005
0.312 0.035 0 0.005
0.312 0.295 0 0.005
0.312 0.706 0 0.005
0.312 0.796 0 0.005
0.312 0.942 0 0.005
0.312 0.989 0 0.005
0.313 0.093 0 0.005
0.313 0.156 0 0.005
0.314 0.074 0 0.005
0.315 0.14 0 0.005
0.315 0.386 0 0.005
0.315 0.487 0 0.005
0.316 0.064 0 0.005
0.316 0.24 0 0.005
0.316 0.516 0 0.005
0.316 0.557 0 0.005
0.316 0.875 0 0.005
0.317 0.592 0 0.005
0.317 0.718 0 0.005
0.317 0.744 0 0.005
0.317 0.932 0 0.005
0.317 0.953 0 0.005
0.318 0.0012666666666666666 0 0.005
0.318 0.178 0 0.005
0.318 0.406 0 0.005
0.318 0.694 0 0.005
0.318 0.913 0 0.005
0.318 0.977 0 0.005
0.319 0.256 0 0.005
0.319 0.606 0 0.005
0.319 0.82 0 0.005
0.32 0.029 0 0.005
0.32 0.052 0 0.005
0.32 0.124 0 0.005
0.32 0.366 0 0.005
0.32 0.445 0 0.005
0.32 0.496 0 0.005
0.32 0.864 0 0.005
0.321 0.461 0 0.005
0.321 0.63 0 0.005
0.322 0.209 0 0.005
0.322 0.344 0 0.005
0.322 0.435 0 0.005
0.323 0.167 0 0.005
0.323 0.282 0 0.005
0.323 0.643 0 0.005
0.323 0.669 0 0.005
0.324 0.15 0 0.005
0.324 0.905 0 0.005
0.325 0.039 0 0.005
0.325 0.585 0 0.005
0.325 0.679 0 0.005
0.325 0.781 0 0.005
0.325 0.809 0 0.005
0.325 0.885 0 0.005
0.326 0.08 0 0.005
0.326 0.237 0 0.005
0.326 0.331 0 0.005
0.326 0.735 0 0.005
0.326 0.834 0 0.005
0.326 0.846 0 0.005
0.327 0.299 0 0.005
0.327 0.507 0 0.005
0.327 0.553 0 0.005
0.327 0.745 0 0.005
0.328 0.019 0 0.005
0.328 0.321 0 0.005
0.328 0.376 0 0.005
0.328 0.567 0 0.005
0.328 0.758 0 0.005
0.328 0.771 0 0.005
0.329 0.107 0 0.005
0.329 0.251 0 0.005
0.329 0.353 0 0.005
0.329 0.872 0 0.005
0.33 0.03 0 0.005
0.33 0.189 0 0.005
0.33 0.468 0 0.005
0.33 0.528 0 0.005
0.33 0.653 0 0.005
0.33 0.697 0 0.005
0.331 0.092 0 0.005
0.331 0.363 0 0.005
0.331 0.723 0 0.005
0.331 0.936 0 0.005
0.331 0.976 0 0.005
0.331 0.992 0 0.005
0.332 0.125 0 0.005
0.332 0.409 0 0.005
0.332 0.428 0 0.005
0.333 0.263 0 0.005
0.333 0.612 0 0.005
0.333 0.958 0 0.005
0.334 0.005 0 0.005
0.334 0.579 0 0.005
0.334 0.59 0 0.005
0.334 0.896 0 0.005
0.335 0.458 0 0.005
0.336 0.391 0 0.005
0.336 0.666 0 0.005
0.336 0.858 0 0.005
0.336 0.906 0 0.005
0.336 0.945 0 0.005
0.337 0.063 0 0.005
0.337 0.74 0 0.005
0.337 0.781 0 0.005
0.337 0.824 0 0.005
0.338 0.019 0 0.005
0.338 0.115 0 0.005
0.338 0.17 0 0.005
0.338 0.224 0 0.005
0.338 0.686 0 0.005
0.339 0.208 0 0.005
0.339 0.541 0 0.005
0.339 0.712 0 0.005
0.339 0.927 0 0.005
0.34 0.036 0 0.005
0.34 0.148 0 0.005
0.34 0.345 0 0.005
0.34 0.768 0 0.005
0.341 0.186 0 0.005
0.341 0.51 0 0.005
0.341 0.634 0 0.005
0.341 0.645 0 0.005
0.341 0.696 0 0.005
0.341 0.793 0 0.005
0.342 0.251 0 0.005
0.342 0.49 0 0.005
0.342 0.842 0 0.005
0.342 0.971 0 0.005
0.343 0.413 0 0.005
0.344 0.046 0 0.005
0.344 0.105 0 0.005
0.344 0.528 0 0.005
0.344 0.66 0 0.005
0.344 0.916 0 0.005
0.345 0.01 0 0.005
0.345 0.357 0 0.005
0.345 0.616 0 0.005
0.345 0.676 0 0.005
0.346 0.269 0 0.005
0.346 0.287 0 0.005
0.346 0.374 0 0.005
0.346 0.431 0 0.005
0.346 0.476 0 0.005
0.346 0.733 0 0.005
0.346 0.993 0 0.005
0.347 0.305 0 0.005
0.347 0.897 0 0.005
0.348 0.131 0 0.005
0.348 0.805 0 0.005
0.349 0.204 0 0.005
0.349 0.32 0 0.005
0.349 0.447 0 0.005
0.349 0.459 0 0.005
0.349 0.555 0 0.005
0.349 0.775 0 0.005
0.349 0.857 0 0.005
0.35 0.054 0 0.005
0.35 0.385 0 0.005
0.35 0.71 0 0.005
0.35 0.75 0 0.005
0.351 0.068 0 0.005
0.351 0.642 0 0.005
0.351 0.834 0 0.005
0.352 0.037 0 0.005
0.352 0.258 0 0.005
0.352 0.823 0 0.005
0.353 0.145 0 0.005
0.353 0.163 0 0.005
0.353 0.233 0 0.005
0.353 0.924 0 0.005
0.353 0.949 0 0.005
0.353 0.962 0 0.005
0.354 0.22 0 0.005
0.354 0.331 0 0.005
0.354 0.409 0 0.005
0.354 0.512 0 0.005
0.354 0.541 0 0.005
0.354 0.585 0 0.005
0.355 0.083 0 0.005
0.355 0.294 0 0.005
0.355 0.872 0 0.005
0.355 0.91 0 0.005
0.356 0.598 0 0.005
0.356 0.738 0 0.005
0.356 0.795 0 0.005
0.356 0.9967708333333334 0 0.005
0.357 0.098 0 0.005
0.357 0.353 0 0.005
0.357 0.475 0 0.005
0.357 0.5 0 0.005
0.357 0.679 0 0.005
0.357 0.718 0 0.005
0.357 0.848 0 0.005
0.358 0.209 0 0.005
0.358 0.44 0 0.005
0.359 0.046 0 0.005
0.359 0.429 0 0.005
0.359 0.653 0 0.005
0.36 0.303 0 0.005
0.36 0.618 0 0.005
0.361 0.19 0 0.005
0.361 0.343 0 0.005
0.361 0.986 0 0.005
0.362 0.277 0 0.005
0.362 0.461 0 0.005
0.362 0.779 0 0.005
0.363 0.065 0 0.005
0.363 0.12 0 0.005
0.363 0.134 0 0.005
0.363 0.177 0 0.005
0.363 0.395 0 0.005
0.363 0.486 0 0.005
0.363 0.53 0 0.005
0.363 0.926 0 0.005
0.364 0.107 0 0.005
0.364 0.322 0 0.005
0.364 0.409 0 0.005
0.364 0.551 0 0.005
0.364 0.607 0 0.005
0.364 0.763 0 0.005
0.364 0.832 0 0.005
0.365 0.021 0 0.005
0.365 0.031 0 0.005
0.365 0.081 0 0.005
0.365 0.519 0 0.005
0.365 0.688 0 0.005
0.365 0.73 0 0.005
0.365 0.817 0 0.005
0.365 0.887 0 0.005
0.366 0.0022291666666666666 0 0.005
0.366 0.361 0 0.005
0.366 0.384 0 0.005
0.366 0.875 0 0.005
0.367 0.311 0 0.005
0.367 0.578 0 0.005
0.367 0.747 0 0.005
0.367 0.789 0 0.005
0.368 0.151 0 0.005
0.368 0.42 0 0.005
0.368 0.472 0 0.005
0.368 0.676 0 0.005
0.368 0.956 0 0.005
0.369 0.257 0 0.005
0.369 0.565 0 0.005
0.369 0.842 0 0.005
0.369 0.901 0 0.005
0.37 0.973 0 0.005
0.371 0.207 0 0.005
0.371 0.351 0 0.005
0.371 0.71 0 0.005
0.371 0.856 0 0.005
0.372 0.659 0 0.005
0.372 0.808 0 0.005
0.373 0.097 0 0.005
0.373 0.241 0 0.005
0.373 0.931 0 0.005
0.373 0.9967708333333334 0 0.005
0.374 0.135 0 0.005
0.374 0.325 0 0.005
0.374 0.596 0 0.005
0.374 0.63 0 0.005
0.375 0.19 0 0.005
0.375 0.339 0 0.005
0.375 0.502 0 0.005
0.375 0.616 0 0.005
0.376 0.227 0 0.005
0.376 0.484 0 0.005
0.376 0.74 0 0.005
0.377 0.01 0 0.005
0.377 0.545 0 0.005
0.377 0.758 0 0.005
0.377 0.782 0 0.005
0.377 0.965 0 0.005
0.378 0.0012666666666666666 0 0.005
0.378 0.036 0 0.005
0.378 0.059 0 0.005
0.378 0.154 0 0.005
0.378 0.17 0 0.005
0.378 0.271 0 0.005
0.378 0.45 0 0.005
0.378 0.581 0 0.005
0.379 0.292 0 0.005
0.379 0.398 0 0.005
0.379 0.471 0 0.005
0.38 0.115 0 0.005
0.38 0.26 0 0.005
0.38 0.684 0 0.005
0.381 0.144 0 0.005
0.381 0.198 0 0.005
0.381 0.218 0 0.005
0.381 0.44 0 0.005
0.381 0.836 0 0.005
0.382 0.085 0 0.005
0.382 0.236 0 0.005
0.382 0.309 0 0.005
0.382 0.368 0 0.005
0.382 0.521 0 0.005
0.382 0.71 0 0.005
0.382 0.95 0 0.005
0.383 0.249 0 0.005
0.383 0.358 0 0.005
0.383 0.388 0 0.005
0.383 0.417 0 0.005
0.383 0.532 0 0.005
0.383 0.8 0 0.005
0.384 0.865 0 0.005
0.384 0.987 0 0.005
0.385 0.133 0 0.005
0.385 0.735 0 0.005
0.385 0.92 0 0.005
0.386 0.1 0 0.005
0.386 0.598 0 0.005
0.387 0.279 0 0.005
0.387 0.321 0 0.005
0.387 0.481 0 0.005
0.387 0.655 0 0.005
0.387 0.762 0 0.005
0.388 0.18 0 0.005
0.388 0.614 0 0.005
0.388 0.634 0 0.005
0.388 0.852 0 0.005
0.388 0.967 0 0.005
0.389 0.461 0 0.005
0.389 0.72 0 0.005
0.39 0.028 0 0.005
0.39 0.701 0 0.005
0.391 0.077 0 0.005
0.391 0.091 0 0.005
0.391 0.149 0 0.005
0.391 0.264 0 0.005
0.391 0.352 0 0.005
0.391 0.38 0 0.005
0.391 0.491 0 0.005
0.391 0.564 0 0.005
0.392 0.194 0 0.005
0.392 0.289 0 0.005
0.392 0.518 0 0.005
0.392 0.67 0 0.005
0.392 0.872 0 0.005
0.392 0.936 0 0.005
0.393 0.25 0 0.005
0.393 0.329 0 0.005
0.393 0.645 0 0.005
0.393 0.887 0 0.005
0.393 0.9956875 0 0.005
0.394 0.119 0 0.005
0.394 0.531 0 0.005
0.394 0.546 0 0.005
0.394 0.685 0 0.005
0.395 0.16 0 0.005
0.395 0.206 0 0.005
0.395 0.749 0 0.005
0.395 0.815 0 0.005
0.396 0.02 0 0.005
0.396 0.049 0 0.005
0.396 0.102 0 0.005
0.396 0.23 0 0.005
0.396 0.416 0 0.005
0.396 0.449 0 0.005
0.396 0.58 0 0.005
0.396 0.73 0 0.005
0.396 0.794 0 0.005
0.396 0.904 0 0.005
0.397 0.173 0 0.005
0.397 0.471 0 0.005
0.397 0.505 0 0.005
0.398 0.6 0 0.005
0.398 0.711 0 0.005
0.398 0.838 0 0.005
0.398 0.854 0 0.005
0.399 0.299 0 0.005
0.399 0.321 0 0.005
0.399 0.557 0 0.005
0.399 0.92 0 0.005
0.4 0.01 0 0.005
0.4 0.086 0 0.005
0.4 0.632 0 0.005
0.401 0.741 0 0.005
0.401 0.982 0 0.005
0.402 0.387 0 0.005
0.402 0.588 0 0.005
0.402 0.669 0 0.005
0.403 0.138 0 0.005
0.403 0.401 0 0.005
0.403 0.57 0 0.005
0.403 0.953 0 0.005
0.404 0.279 0 0.005
0.404 0.439 0 0.005
0.404 0.463 0 0.005
0.404 0.479 0 0.005
0.405 0.167 0 0.005
0.405 0.245 0 0.005
0.405 0.511 0 0.005
0.406 0.265 0 0.005
0.406 0.364 0 0.005
0.406 0.45 0 0.005
0.406 0.493 0 0.005
0.406 0.606 0 0.005
0.406 0.699 0 0.005
0.406 0.75 0 0.005
0.406 0.789 0 0.005
0.407 0.15 0 0.005
0.407 0.538 0 0.005
0.408 0.069 0 0.005
0.408 0.196 0 0.005
0.408 0.34 0 0.005
0.408 0.41 0 0.005
0.408 0.527 0 0.005
0.408 0.862 0 0.005
0.408 0.902 0 0.005
0.408 0.972 0 0.005
0.409 0.004 0 0.005
0.409 0.827 0 0.005
0.41 0.559 0 0.005
0.41 0.578 0 0.005
0.41 0.772 0 0.005
0.41 0.931 0 0.005
0.411 0.093 0 0.005
0.411 0.128 0 0.005
0.411 0.216 0 0.005
0.411 0.294 0 0.005
0.411 0.802 0 0.005
0.411 0.848 0 0.005
0.411 0.875 0 0.005
0.411 0.995 0 0.005
0.412 0.18 0 0.005
0.412 0.646 0 0.005
0.412 0.665 0 0.005
0.412 0.962 0 0.005
0.413 0.352 0 0.005
0.413 0.634 0 0.005
0.413 0.685 0 0.005
0.413 0.737 0 0.005
0.413 0.885 0 0.005
0.414 0.034 0 0.005
0.414 0.255 0 0.005
0.414 0.272 0 0.005
0.414 0.372 0 0.005
0.414 0.506 0 0.005
0.414 0.762 0 0.005
0.414 0.916 0 0.005
0.415 0.024 0 0.005
0.415 0.328 0 0.005
0.415 0.428 0 0.005
0.416 0.056 0 0.005
0.416 0.455 0 0.005
0.416 0.624 0 0.005
0.416 0.721 0 0.005
0.417 0.227 0 0.005
0.417 0.315 0 0.005
0.417 0.605 0 0.005
0.418 0.44 0 0.005
0.419 0.009 0 0.005
0.419 0.201 0 0.005
0.419 0.784 0 0.005
0.419 0.925 0 0.005
0.419 0.942 0 0.005
0.42 0.07 0 0.005
0.42 0.544 0 0.005
0.42 0.653 0 0.005
0.42 0.853 0 0.005
0.421 0.133 0 0.005
0.421 0.413 0 0.005
0.421 0.467 0 0.005
0.421 0.573 0 0.005
0.421 0.589 0 0.005
0.421 0.706 0 0.005
0.422 0.245 0 0.005
0.422 0.301 0 0.005
0.422 0.836 0 0.005
0.423 0.164 0 0.005
0.424 0.08 0 0.005
0.424 0.394 0 0.005
0.424 0.479 0 0.005
0.424 0.514 0 0.005
0.424 0.526 0 0.005
0.425 0.045 0 0.005
0.425 0.431 0 0.005
0.425 0.449 0 0.005
0.425 0.5 0 0.005
0.425 0.557 0 0.005
0.425 0.728 0 0.005
0.425 0.884 0 0.005
0.425 0.908 0 0.005
0.425 0.994 0 0.005
0.426 0.745 0 0.005
0.426 0.793 0 0.005
0.427 0.109 0 0.005
0.427 0.147 0 0.005
0.427 0.29 0 0.005
0.427 0.606 0 0.005
0.428 0.0033125 0 0.005
0.428 0.898 0 0.005
0.429 0.024 0 0.005
0.429 0.665 0 0.005
0.43 0.099 0 0.005
0.43 0.209 0 0.005
0.43 0.333 0 0.005
0.432 0.18 0 0.005
0.432 0.376 0 0.005
0.432 0.417 0 0.005
0.432 0.779 0 0.005
0.432 0.931 0 0.005
0.432 0.964 0 0.005
0.433 0.068 0 0.005
0.433 0.277 0 0.005
0.433 0.507 0 0.005
0.433 0.619 0 0.005
0.433 0.722 0 0.005
0.433 0.84 0 0.005
0.434 0.033 0 0.005
0.434 0.159 0 0.005
0.434 0.261 0 0.005
0.434 0.354 0 0.005
0.434 0.523 0 0.005
0.434 0.539 0 0.005
0.434 0.552 0 0.005
0.434 0.59 0 0.005
0.434 0.815 0 0.005
0.434 0.865 0 0.005
0.434 0.954 0 0.005
0.435 0.225 0 0.005
0.435 0.307 0 0.005
0.435 0.708 0 0.005
0.436 0.324 0 0.005
0.436 0.489 0 0.005
0.436 0.698 0 0.005
0.436 0.802 0 0.005
0.436 0.851 0 0.005
0.436 0.881 0 0.005
0.437 0.082 0 0.005
0.437 0.244 0 0.005
0.437 0.44 0 0.005
0.437 0.641 0 0.005
0.437 0.657 0 0.005
0.437 0.768 0 0.005
0.435 0.999 0 0.005
0.438 0.464 0 0.005
0.438 0.744 0 0.005
0.439 0.044 0 0.005
0.439 0.385 0 0.005
0.439 0.564 0 0.005
0.44 0.832 0 0.005
0.44 0.924 0 0.005
0.441 0.15 0 0.005
0.441 0.288 0 0.005
0.441 0.341 0 0.005
0.441 0.58 0 0.005
0.441 0.989 0 0.005
0.442 0.179 0 0.005
0.442 0.205 0 0.005
0.442 0.778 0 0.005
0.442 0.899 0 0.005
0.443 0.097 0 0.005
0.443 0.124 0 0.005
0.444 0.0012666666666666666 0 0.005
0.444 0.19 0 0.005
0.444 0.235 0 0.005
0.444 0.359 0 0.005
0.445 0.108 0 0.005
0.445 0.369 0 0.005
0.445 0.415 0 0.005
0.445 0.483 0 0.005
0.445 0.888 0 0.005
0.445 0.939 0 0.005
0.445 0.959 0 0.005
0.446 0.015 0 0.005
0.446 0.163 0 0.005
0.446 0.43 0 0.005
0.446 0.604 0 0.005
0.446 0.915 0 0.005
0.447 0.038 0 0.005
0.447 0.083 0 0.005
0.447 0.316 0 0.005
0.447 0.694 0 0.005
0.448 0.4 0 0.005
0.448 0.501 0 0.005
0.448 0.515 0 0.005
0.448 0.724 0 0.005
0.449 0.552 0 0.005
0.449 0.619 0 0.005
0.449 0.765 0 0.005
0.449 0.787 0 0.005
0.449 0.804 0 0.005
0.45 0.028 0 0.005
0.45 0.063 0 0.005
0.45 0.459 0 0.005
0.45 0.535 0 0.005
0.45 0.735 0 0.005
0.451 0.226 0 0.005
0.451 0.65 0 0.005
0.451 0.851 0 0.005
0.452 0.268 0 0.005
0.452 0.336 0 0.005
0.453 0.137 0 0.005
0.453 0.47 0 0.005
0.453 0.709 0 0.005
0.453 0.868 0 0.005
0.454 0.283 0 0.005
0.454 0.391 0 0.005
0.454 0.679 0 0.005
0.455 0.077 0 0.005
0.455 0.302 0 0.005
0.455 0.664 0 0.005
0.455 0.971 0 0.005
0.456 0.045 0 0.005
0.456 0.217 0 0.005
0.456 0.412 0 0.005
0.456 0.575 0 0.005
0.456 0.585 0 0.005
0.455 0.9985833333333334 0 0.005
0.457 0.168 0 0.005
0.457 0.442 0 0.005
0.457 0.985 0 0.005
0.458 0.776 0 0.005
0.459 0.196 0 0.005
0.459 0.351 0 0.005
0.459 0.619 0 0.005
0.46 0.184 0 0.005
0.46 0.25 0 0.005
0.46 0.362 0 0.005
0.46 0.604 0 0.005
0.46 0.633 0 0.005
0.46 0.909 0 0.005
0.461 0.102 0 0.005
0.461 0.118 0 0.005
0.461 0.499 0 0.005
0.461 0.747 0 0.005
0.461 0.889 0 0.005
0.461 0.927 0 0.005
0.461 0.955 0 0.005
0.462 0.067 0 0.005
0.462 0.324 0 0.005
0.462 0.376 0 0.005
0.462 0.701 0 0.005
0.462 0.875 0 0.005
0.463 0.089 0 0.005
0.463 0.15 0 0.005
0.463 0.785 0 0.005
0.463 0.815 0 0.005
0.463 0.856 0 0.005
0.464 0.422 0 0.005
0.464 0.594 0 0.005
0.464 0.801 0 0.005
0.465 0.025 0 0.005
0.465 0.133 0 0.005
0.465 0.223 0 0.005
0.465 0.718 0 0.005
0.466 0.9981904761904762 0 0.005
0.467 0.76 0 0.005
0.467 0.938 0 0.005
0.468 0.532 0 0.005
0.468 0.548 0 0.005
0.468 0.643 0 0.005
0.468 0.691 0 0.005
0.468 0.836 0 0.005
0.468 0.963 0 0.005
0.469 0.046 0 0.005
0.469 0.516 0 0.005
0.47 0.173 0 0.005
0.47 0.266 0 0.005
0.47 0.3 0 0.005
0.47 0.339 0 0.005
0.47 0.435 0 0.005
0.471 0.06 0 0.005
0.471 0.243 0 0.005
0.471 0.281 0 0.005
0.471 0.407 0 0.005
0.471 0.584 0 0.005
0.471 0.611 0 0.005
0.471 0.791 0 0.005
0.471 0.977 0 0.005
0.472 0.006 0 0.005
0.472 0.201 0 0.005
0.472 0.658 0 0.005
0.472 0.904 0 0.005
0.473 0.315 0 0.005
0.473 0.781 0 0.005
0.473 0.819 0 0.005
0.473 0.874 0 0.005
0.473 0.915 0 0.005
0.474 0.124 0 0.005
0.474 0.455 0 0.005
0.474 0.49 0 0.005
0.475 0.034 0 0.005
0.475 0.087 0 0.005
0.475 0.224 0 0.005
0.475 0.501 0 0.005
0.475 0.735 0 0.005
0.475 0.931 0 0.005
0.477 0.141 0 0.005
0.477 0.467 0 0.005
0.477 0.677 0 0.005
0.477 0.99 0 0.005
0.478 0.182 0 0.005
0.478 0.324 0 0.005
0.478 0.364 0 0.005
0.478 0.689 0 0.005
0.478 0.707 0 0.005
0.478 0.72 0 0.005
0.478 0.809 0 0.005
0.479 0.106 0 0.005
0.479 0.866 0 0.005
0.479 0.948 0 0.005
0.48 0.168 0 0.005
0.48 0.293 0 0.005
0.48 0.349 0 0.005
0.48 0.389 0 0.005
0.48 0.526 0 0.005
0.48 0.623 0 0.005
0.48 0.758 0 0.005
0.48 0.969 0 0.005
0.481 0.054 0 0.005
0.481 0.54 0 0.005
0.481 0.567 0 0.005
0.481 0.88 0 0.005
0.481 0.894 0 0.005
0.482 0.118 0 0.005
0.482 0.155 0 0.005
0.482 0.769 0 0.005
0.482 0.855 0 0.005
0.483 0.25 0 0.005
0.483 0.611 0 0.005
0.483 0.938 0 0.005
0.484 0.023 0 0.005
0.484 0.238 0 0.005
0.484 0.415 0 0.005
0.484 0.494 0 0.005
0.484 0.836 0 0.005
0.485 0.042 0 0.005
0.485 0.065 0 0.005
0.485 0.476 0 0.005
0.485 0.577 0 0.005
0.486 0.265 0 0.005
0.486 0.285 0 0.005
0.486 0.591 0 0.005
0.486 0.91 0 0.005
0.486 0.96 0 0.005
0.486 0.9977333333333334 0 0.005
0.487 0.007 0 0.005
0.487 0.078 0 0.005
0.487 0.738 0 0.005
0.488 0.091 0 0.005
0.488 0.143 0 0.005
0.488 0.174 0 0.005
0.488 0.187 0 0.005
0.488 0.201 0 0.005
0.488 0.399 0 0.005
0.488 0.512 0 0.005
0.488 0.656 0 0.005
0.488 0.795 0 0.005
0.489 0.437 0 0.005
0.489 0.531 0 0.005
0.489 0.553 0 0.005
0.489 0.633 0 0.005
0.489 0.702 0 0.005
0.489 0.949 0 0.005
0.489 0.989 0 0.005
0.49 0.109 0 0.005
0.49 0.622 0 0.005
0.49 0.677 0 0.005
0.49 0.712 0 0.005
0.49 0.784 0 0.005
0.49 0.0004166666666666667 0 0.005
0.491 0.374 0 0.005
0.492 0.131 0 0.005
0.492 0.331 0 0.005
0.492 0.363 0 0.005
0.492 0.811 0 0.005
0.493 0.273 0 0.005
0.493 0.295 0 0.005
0.494 0.311 0 0.005
0.494 0.765 0 0.005
0.494 0.937 0 0.005
0.495 0.06 0 0.005
0.495 0.252 0 0.005
0.495 0.845 0 0.005
0.496 0.154 0 0.005
0.496 0.457 0 0.005
0.496 0.579 0 0.005
0.496 0.644 0 0.005
0.496 0.693 0 0.005
0.496 0.858 0 0.005
0.497 0.015 0 0.005
0.497 0.029 0 0.005
0.497 0.165 0 0.005
0.497 0.284 0 0.005
0.497 0.72 0 0.005
0.497 0.736 0 0.005
0.497 0.882 0 0.005
0.497 0.895 0 0.005
0.498 0.077 0 0.005
0.498 0.239 0 0.005
0.498 0.445 0 0.005
0.498 0.569 0 0.005
0.499 0.229 0 0.005
0.499 0.263 0 0.005
0.499 0.661 0 0.005
0.5 0.101 0 0.005
0.5 0.357 0 0.005
0.5 0.413 0 0.005
0.5 0.791 0 0.005
0.5 0.83 0 0.005
0.5 0.9977333333333334 0 0.005
0.501 0.324 0 0.005
0.501 0.51 0 0.005
0.501 0.801 0 0.005
0.501 0.92 0 0.005
0.502 0.379 0 0.005
0.502 0.434 0 0.005
0.502 0.615 0 0.005
0.502 0.953 0 0.005
0.502 0.979 0 0.005
0.503 0.126 0 0.005
0.503 0.202 0 0.005
0.503 0.627 0 0.005
0.503 0.773 0 0.005
0.503 0.905 0 0.005
0.504 0.489 0 0.005
0.504 0.522 0 0.005
0.504 0.71 0 0.005
0.505 0.476 0 0.005
0.506 0.347 0 0.005
0.506 0.458 0 0.005
0.506 0.696 0 0.005
0.506 0.862 0 0.005
0.507 0.15 0 0.005
0.507 0.679 0 0.005
0.508 0.038 0 0.005
0.508 0.089 0 0.005
0.508 0.16 0 0.005
0.508 0.175 0 0.005
0.508 0.363 0 0.005
0.508 0.579 0 0.005
0.508 0.99 0 0.005
0.509 0.014 0 0.005
0.509 0.261 0 0.005
0.509 0.294 0 0.005
0.509 0.393 0 0.005
0.509 0.405 0 0.005
0.509 0.502 0 0.005
0.509 0.593 0 0.005
0.509 0.754 0 0.005
0.509 0.874 0 0.005
0.509 0.97 0 0.005
0.51 0.25 0 0.005
0.51 0.308 0 0.005
0.51 0.419 0 0.005
0.51 0.545 0 0.005
0.51 0.731 0 0.005
0.51 0.79 0 0.005
0.511 0.025 0 0.005
0.511 0.606 0 0.005
0.511 0.638 0 0.005
0.511 0.81 0 0.005
0.511 0.884 0 0.005
0.511 0.938 0 0.005
0.512 0.443 0 0.005
0.512 0.513 0 0.005
0.512 0.83 0 0.005
0.513 0.053 0 0.005
0.513 0.913 0 0.005
0.514 0.098 0 0.005
0.514 0.227 0 0.005
0.514 0.529 0 0.005
0.514 0.688 0 0.005
0.514 0.702 0 0.005
0.514 0.777 0 0.005
0.514 0.896 0 0.005
0.514 0.955 0 0.005
0.515 0.005 0 0.005
0.515 0.12 0 0.005
0.515 0.204 0 0.005
0.515 0.656 0 0.005
0.515 0.745 0 0.005
0.516 0.188 0 0.005
0.516 0.278 0 0.005
0.516 0.332 0 0.005
0.516 0.713 0 0.005
0.517 0.108 0 0.005
0.517 0.854 0 0.005
0.518 0.072 0 0.005
0.518 0.37 0 0.005
0.518 0.451 0 0.005
0.518 0.47 0 0.005
0.518 0.566 0 0.005
0.519 0.139 0 0.005
0.519 0.155 0 0.005
0.519 0.177 0 0.005
0.519 0.923 0 0.005
0.52 0.243 0 0.005
0.52 0.262 0 0.005
0.52 0.38 0 0.005
0.52 0.429 0 0.005
0.52 0.824 0 0.005
0.52 0.873 0 0.005
0.52 0.987 0 0.005
0.521 0.29 0 0.005
0.521 0.544 0 0.005
0.521 0.629 0 0.005
0.521 0.734 0 0.005
0.522 0.495 0 0.005
0.523 0.042 0 0.005
0.523 0.303 0 0.005
0.523 0.482 0 0.005
0.523 0.666 0 0.005
0.523 0.799 0 0.005
0.524 0.767 0 0.005
0.524 0.894 0 0.005
0.524 0.947 0 0.005
0.524 0.9967708333333334 0 0.005
0.525 0.216 0 0.005
0.525 0.393 0 0.005
0.525 0.408 0 0.005
0.525 0.593 0 0.005
0.525 0.609 0 0.005
0.525 0.65 0 0.005
0.525 0.0004166666666666667 0 0.005
0.526 0.056 0 0.005
0.526 0.147 0 0.005
0.526 0.583 0 0.005
0.526 0.62 0 0.005
0.526 0.933 0 0.005
0.527 0.025 0 0.005
0.527 0.1 0 0.005
0.527 0.352 0 0.005
0.528 0.421 0 0.005
0.528 0.503 0 0.005
0.528 0.536 0 0.005
0.528 0.552 0 0.005
0.528 0.72 0 0.005
0.528 0.83 0 0.005
0.528 0.957 0 0.005
0.529 0.184 0 0.005
0.529 0.229 0 0.005
0.529 0.375 0 0.005
0.529 0.471 0 0.005
0.529 0.748 0 0.005
0.529 0.911 0 0.005
0.53 0.071 0 0.005
0.53 0.325 0 0.005
0.53 0.335 0 0.005
0.53 0.455 0 0.005
0.53 0.788 0 0.005
0.531 0.085 0 0.005
0.531 0.283 0 0.005
0.531 0.842 0 0.005
0.532 0.124 0 0.005
0.532 0.247 0 0.005
0.532 0.298 0 0.005
0.532 0.517 0 0.005
0.533 0.0033125 0 0.005
0.533 0.164 0 0.005
0.533 0.659 0 0.005
0.533 0.68 0 0.005
0.534 0.921 0 0.005
0.535 0.045 0 0.005
0.535 0.109 0 0.005
0.535 0.626 0 0.005
0.535 0.7 0 0.005
0.535 0.862 0 0.005
0.536 0.139 0 0.005
0.536 0.207 0 0.005
0.536 0.347 0 0.005
0.536 0.406 0 0.005
0.536 0.615 0 0.005
0.536 0.808 0 0.005
0.536 0.876 0 0.005
0.536 0.894 0 0.005
0.537 0.261 0 0.005
0.537 0.463 0 0.005
0.537 0.477 0 0.005
0.537 0.566 0 0.005
0.537 0.639 0 0.005
0.537 0.733 0 0.005
0.538 0.099 0 0.005
0.538 0.222 0 0.005
0.538 0.827 0 0.005
0.539 0.367 0 0.005
0.539 0.54 0 0.005
0.539 0.974 0 0.005
0.539 0.9977333333333334 0 0.005
0.54 0.185 0 0.005
0.54 0.335 0 0.005
0.54 0.381 0 0.005
0.54 0.65 0 0.005
0.541 0.081 0 0.005
0.541 0.197 0 0.005
0.541 0.761 0 0.005
0.541 0.945 0 0.005
0.542 0.021 0 0.005
0.542 0.301 0 0.005
0.542 0.673 0 0.005
0.543 0.277 0 0.005
0.543 0.597 0 0.005
0.544 0.068 0 0.005
0.544 0.234 0 0.005
0.544 0.248 0 0.005
0.544 0.498 0 0.005
0.544 0.69 0 0.005
0.544 0.788 0 0.005
0.544 0.916 0 0.005
0.543 0.0 0 0.005
0.545 0.039 0 0.005
0.545 0.29 0 0.005
0.545 0.395 0 0.005
0.545 0.435 0 0.005
0.545 0.526 0 0.005
0.545 0.58 0 0.005
0.545 0.906 0 0.005
0.546 0.327 0 0.005
0.546 0.843 0 0.005
0.547 0.104 0 0.005
0.547 0.158 0 0.005
0.548 0.169 0 0.005
0.548 0.415 0 0.005
0.548 0.704 0 0.005
0.548 0.726 0 0.005
0.548 0.987 0 0.005
0.549 0.204 0 0.005
0.549 0.965 0 0.005
0.55 0.094 0 0.005
0.55 0.265 0 0.005
0.55 0.552 0 0.005
0.55 0.613 0 0.005
0.55 0.78 0 0.005
0.55 0.869 0 0.005
0.55 0.928 0 0.005
0.551 0.807 0 0.005
0.551 0.83 0 0.005
0.552 0.745 0 0.005
0.553 0.178 0 0.005
0.553 0.898 0 0.005
0.554 0.377 0 0.005
0.554 0.51 0 0.005
0.554 0.637 0 0.005
0.554 0.65 0 0.005
0.554 0.945 0 0.005
0.555 0.019 0 0.005
0.555 0.045 0 0.005
0.555 0.143 0 0.005
0.555 0.275 0 0.005
0.555 0.451 0 0.005
0.555 0.712 0 0.005
0.555 0.0004166666666666667 0 0.005
0.556 0.11 0 0.005
0.556 0.468 0 0.005
0.556 0.663 0 0.005
0.556 0.975 0 0.005
0.557 0.194 0 0.005
0.557 0.605 0 0.005
0.557 0.697 0 0.005
0.557 0.756 0 0.005
0.557 0.798 0 0.005
0.558 0.035 0 0.005
0.558 0.324 0 0.005
0.558 0.41 0 0.005
0.558 0.44 0 0.005
0.559 0.089 0 0.005
0.559 0.489 0 0.005
0.559 0.588 0 0.005
0.56 0.099 0 0.005
0.56 0.123 0 0.005
0.56 0.391 0 0.005
0.56 0.425 0 0.005
0.56 0.92 0 0.005
0.56 0.965 0 0.005
0.561 0.221 0 0.005
0.561 0.34 0 0.005
0.561 0.818 0 0.005
0.561 0.83 0 0.005
0.561 0.873 0 0.005
0.562 0.065 0 0.005
0.562 0.55 0 0.005
0.562 0.564 0 0.005
0.562 0.73 0 0.005
0.563 0.137 0 0.005
0.563 0.264 0 0.005
0.563 0.54 0 0.005
0.563 0.93 0 0.005
0.564 0.18 0 0.005
0.564 0.359 0 0.005
0.564 0.401 0 0.005
0.564 0.506 0 0.005
0.565 0.08 0 0.005
0.565 0.312 0 0.005
0.565 0.524 0 0.005
0.566 0.9 0 0.005
0.567 0.416 0 0.005
0.567 0.458 0 0.005
0.567 0.475 0 0.005
0.567 0.596 0 0.005
0.568 0.154 0 0.005
0.568 0.289 0 0.005
0.568 0.374 0 0.005
0.568 0.674 0 0.005
0.568 0.888 0 0.005
0.569 0.114 0 0.005
0.569 0.633 0 0.005
0.569 0.708 0 0.005
0.569 0.955 0 0.005
0.57 0.037 0 0.005
0.57 0.049 0 0.005
0.57 0.965 0 0.005
0.57 0.0004166666666666667 0 0.005
0.571 0.993 0 0.005
0.572 0.062 0 0.005
0.572 0.248 0 0.005
0.572 0.348 0 0.005
0.572 0.565 0 0.005
0.572 0.656 0 0.005
0.572 0.688 0 0.005
0.572 0.774 0 0.005
0.572 0.804 0 0.005
0.572 0.913 0 0.005
0.573 0.015 0 0.005
0.573 0.818 0 0.005
0.573 0.94 0 0.005
0.574 0.45 0 0.005
0.574 0.54 0 0.005
0.574 0.615 0 0.005
0.574 0.756 0 0.005
0.575 0.176 0 0.005
0.575 0.271 0 0.005
0.575 0.331 0 0.005
0.575 0.437 0 0.005
0.575 0.843 0 0.005
0.576 0.078 0 0.005
0.576 0.105 0 0.005
0.576 0.212 0 0.005
0.576 0.41 0 0.005
0.576 0.723 0 0.005
0.576 0.789 0 0.005
0.576 0.83 0 0.005
0.577 0.379 0 0.005
0.577 0.499 0 0.005
0.577 0.52 0 0.005
0.578 0.137 0 0.005
0.578 0.165 0 0.005
0.578 0.866 0 0.005
0.578 0.98 0 0.005
0.579 0.202 0 0.005
0.579 0.625 0 0.005
0.579 0.892 0 0.005
0.579 0.922 0 0.005
0.58 0.041 0 0.005
0.58 0.287 0 0.005
0.58 0.368 0 0.005
0.58 0.393 0 0.005
0.58 0.469 0 0.005
0.58 0.59 0 0.005
0.58 0.602 0 0.005
0.58 0.709 0 0.005
0.58 0.97 0 0.005
0.581 0.229 0 0.005
0.581 0.302 0 0.005
0.581 0.635 0 0.005
0.581 0.949 0 0.005
0.58 0.0 0 0.005
0.582 0.734 0 0.005
0.583 0.014 0 0.005
0.583 0.24 0 0.005
0.583 0.428 0 0.005
0.583 0.812 0 0.005
0.584 0.051 0 0.005
0.584 0.116 0 0.005
0.584 0.34 0 0.005
0.584 0.774 0 0.005
0.584 0.836 0 0.005
0.585 0.645 0 0.005
0.585 0.699 0 0.005
0.585 0.822 0 0.005
0.585 0.937 0 0.005
0.586 0.325 0 0.005
0.586 0.451 0 0.005
0.586 0.661 0 0.005
0.586 0.756 0 0.005
0.586 0.79 0 0.005
0.587 0.418 0 0.005
0.587 0.575 0 0.005
0.587 0.886 0 0.005
0.588 0.26 0 0.005
0.588 0.408 0 0.005
0.588 0.869 0 0.005
0.589 0.136 0 0.005
0.589 0.28 0 0.005
0.589 0.485 0 0.005
0.589 0.597 0 0.005
0.589 0.927 0 0.005
0.59 0.101 0 0.005
0.59 0.152 0 0.005
0.59 0.378 0 0.005
0.59 0.468 0 0.005
0.59 0.851 0 0.005
0.591 0.19 0 0.005
0.591 0.388 0 0.005
0.591 0.91 0 0.005
0.589 0.999 0 0.005
0.592 0.006 0 0.005
0.592 0.31 0 0.005
0.592 0.442 0 0.005
0.592 0.617 0 0.005
0.592 0.707 0 0.005
0.592 0.725 0 0.005
0.592 0.805 0 0.005
0.592 0.955 0 0.005
0.592 0.992 0 0.005
0.593 0.031 0 0.005
0.593 0.064 0 0.005
0.593 0.207 0 0.005
0.593 0.355 0 0.005
0.593 0.505 0 0.005
0.594 0.564 0 0.005
0.595 0.527 0 0.005
0.595 0.74 0 0.005
0.596 0.089 0 0.005
0.596 0.119 0 0.005
0.596 0.427 0 0.005
0.596 0.584 0 0.005
0.596 0.632 0 0.005
0.596 0.655 0 0.005
0.597 0.167 0 0.005
0.597 0.25 0 0.005
0.597 0.752 0 0.005
0.598 0.223 0 0.005
0.598 0.263 0 0.005
0.598 0.545 0 0.005
0.598 0.681 0 0.005
0.598 0.692 0 0.005
0.598 0.766 0 0.005
0.599 0.336 0 0.005
0.599 0.346 0 0.005
0.599 0.396 0 0.005
0.599 0.555 0 0.005
0.599 0.819 0 0.005
0.599 0.944 0 0.005
0.599 0.969 0 0.005
0.6 0.196 0 0.005
0.6 0.67 0 0.005
0.6 0.792 0 0.005
0.6 0.837 0 0.005
0.6 0.861 0 0.005
0.601 0.049 0 0.005
0.601 0.071 0 0.005
0.601 0.29 0 0.005
0.601 0.381 0 0.005
0.602 0.621 0 0.005
0.602 0.985 0 0.005
0.603 0.151 0 0.005
0.604 0.06 0 0.005
0.604 0.407 0 0.005
0.604 0.475 0 0.005
0.605 0.137 0 0.005
0.605 0.745 0 0.005
0.605 0.934 0 0.005
0.606 0.362 0 0.005
0.606 0.422 0 0.005
0.606 0.453 0 0.005
0.606 0.592 0 0.005
0.606 0.643 0 0.005
0.606 0.701 0 0.005
0.606 0.777 0 0.005
0.607 0.023 0 0.005
0.607 0.872 0 0.005
0.608 0.52 0 0.005
0.608 0.573 0 0.005
0.608 0.66 0 0.005
0.608 0.726 0 0.005
0.608 0.914 0 0.005
0.609 0.298 0 0.005
0.609 0.322 0 0.005
0.609 0.552 0 0.005
0.61 0.186 0 0.005
0.61 0.256 0 0.005
0.61 0.433 0 0.005
0.61 0.765 0 0.005
0.61 0.81 0 0.005
0.611 0.246 0 0.005
0.611 0.34 0 0.005
0.611 0.374 0 0.005
0.611 0.979 0 0.005
0.612 0.169 0 0.005
0.612 0.542 0 0.005
0.612 0.848 0 0.005
0.613 0.216 0 0.005
0.613 0.267 0 0.005
0.613 0.71 0 0.005
0.613 0.969 0 0.005
0.613 0.989 0 0.005
0.614 0.106 0 0.005
0.614 0.408 0 0.005
0.614 0.486 0 0.005
0.614 0.695 0 0.005
0.614 0.959 0 0.005
0.615 0.008 0 0.005
0.615 0.125 0 0.005
0.615 0.51 0 0.005
0.615 0.625 0 0.005
0.616 0.033 0 0.005
0.616 0.062 0 0.005
0.616 0.311 0 0.005
0.616 0.35 0 0.005
0.616 0.36 0 0.005
0.616 0.676 0 0.005
0.617 0.019 0 0.005
0.617 0.082 0 0.005
0.617 0.206 0 0.005
0.617 0.279 0 0.005
0.617 0.458 0 0.005
0.617 0.472 0 0.005
0.617 0.639 0 0.005
0.617 0.734 0 0.005
0.617 0.87 0 0.005
0.617 0.884 0 0.005
0.618 0.045 0 0.005
0.618 0.238 0 0.005
0.618 0.398 0 0.005
0.618 0.719 0 0.005
0.618 0.839 0 0.005
0.618 0.936 0 0.005
0.619 0.142 0 0.005
0.619 0.781 0 0.005
0.619 0.914 0 0.005
0.62 0.384 0 0.005
0.62 0.548 0 0.005
0.62 0.76 0 0.005
0.62 0.792 0 0.005
0.62 0.822 0 0.005
0.62 0.899 0 0.005
0.621 0.499 0 0.005
0.622 0.092 0 0.005
0.622 0.191 0 0.005
0.622 0.561 0 0.005
0.622 0.616 0 0.005
0.622 0.851 0 0.005
0.623 0.595 0 0.005
0.623 0.945 0 0.005
0.624 0.053 0 0.005
0.624 0.068 0 0.005
0.624 0.228 0 0.005
0.624 0.289 0 0.005
0.624 0.577 0 0.005
0.624 0.666 0 0.005
0.624 0.987 0 0.005
0.625 0.44 0 0.005
0.625 0.536 0 0.005
0.625 0.703 0 0.005
0.625 0.813 0 0.005
0.626 0.489 0 0.005
0.626 0.876 0 0.005
0.626 0.955 0 0.005
0.624 0.999 0 0.005
0.627 0.037 0 0.005
0.627 0.102 0 0.005
0.627 0.632 0 0.005
0.627 0.647 0 0.005
0.628 0.019 0 0.005
0.628 0.158 0 0.005
0.629 0.138 0 0.005
0.629 0.405 0 0.005
0.629 0.506 0 0.005
0.629 0.679 0 0.005
0.629 0.765 0 0.005
0.629 0.843 0 0.005
0.629 0.916 0 0.005
0.63 0.215 0 0.005
0.63 0.299 0 0.005
0.63 0.315 0 0.005
0.63 0.903 0 0.005
0.631 0.17 0 0.005
0.631 0.205 0 0.005
0.631 0.266 0 0.005
0.631 0.366 0 0.005
0.631 0.694 0 0.005
0.631 0.859 0 0.005
0.632 0.239 0 0.005
0.632 0.349 0 0.005
0.632 0.523 0 0.005
0.633 0.0017435897435897436 0 0.005
0.633 0.332 0 0.005
0.633 0.451 0 0.005
0.633 0.479 0 0.005
0.633 0.546 0 0.005
0.633 0.751 0 0.005
0.634 0.047 0 0.005
0.634 0.057 0 0.005
0.634 0.254 0 0.005
0.634 0.584 0 0.005
0.634 0.728 0 0.005
0.634 0.823 0 0.005
0.634 0.885 0 0.005
0.634 0.966 0 0.005
0.635 0.123 0 0.005
0.635 0.422 0 0.005
0.635 0.718 0 0.005
0.636 0.277 0 0.005
0.636 0.621 0 0.005
0.636 0.983 0 0.005
0.637 0.39 0 0.005
0.637 0.597 0 0.005
0.637 0.779 0 0.005
0.637 0.9977333333333334 0 0.005
0.638 0.092 0 0.005
0.638 0.224 0 0.005
0.638 0.309 0 0.005
0.638 0.434 0 0.005
0.638 0.492 0 0.005
0.638 0.654 0 0.005
0.639 0.401 0 0.005
0.639 0.923 0 0.005
0.64 0.845 0 0.005
0.641 0.188 0 0.005
0.641 0.338 0 0.005
0.641 0.508 0 0.005
0.641 0.638 0 0.005
0.641 0.699 0 0.005
0.641 0.805 0 0.005
0.642 0.411 0 0.005
0.642 0.467 0 0.005
0.642 0.525 0 0.005
0.642 0.672 0 0.005
0.642 0.741 0 0.005
0.642 0.761 0 0.005
0.642 0.79 0 0.005
0.643 0.004 0 0.005
0.643 0.137 0 0.005
0.643 0.709 0 0.005
0.643 0.835 0 0.005
0.643 0.935 0 0.005
0.644 0.052 0 0.005
0.644 0.152 0 0.005
0.644 0.216 0 0.005
0.644 0.912 0 0.005
0.645 0.067 0 0.005
0.645 0.168 0 0.005
0.645 0.242 0 0.005
0.645 0.569 0 0.005
0.645 0.588 0 0.005
0.645 0.606 0 0.005
0.645 0.967 0 0.005
0.646 0.106 0 0.005
0.646 0.549 0 0.005
0.647 0.44 0 0.005
0.647 0.625 0 0.005
0.647 0.779 0 0.005
0.647 0.875 0 0.005
0.647 0.95 0 0.005
0.647 0.992 0 0.005
0.648 0.127 0 0.005
0.648 0.287 0 0.005
0.648 0.317 0 0.005
0.648 0.387 0 0.005
0.648 0.457 0 0.005
0.648 0.851 0 0.005
0.648 0.887 0 0.005
0.649 0.373 0 0.005
0.649 0.424 0 0.005
0.649 0.682 0 0.005
0.649 0.981 0 0.005
0.651 0.201 0 0.005
0.651 0.328 0 0.005
0.651 0.338 0 0.005
0.651 0.661 0 0.005
0.651 0.695 0 0.005
0.652 0.271 0 0.005
0.652 0.503 0 0.005
0.652 0.515 0 0.005
0.653 0.023 0 0.005
0.653 0.401 0 0.005
0.653 0.742 0 0.005
0.653 0.862 0 0.005
0.653 0.94 0 0.005
0.654 0.3 0 0.005
0.654 0.534 0 0.005
0.654 0.823 0 0.005
0.655 0.487 0 0.005
0.655 0.544 0 0.005
0.655 0.797 0 0.005
0.655 0.965 0 0.005
0.656 0.189 0 0.005
0.656 0.588 0 0.005
0.656 0.753 0 0.005
0.656 0.774 0 0.005
0.656 0.902 0 0.005
0.657 0.041 0 0.005
0.657 0.058 0 0.005
0.657 0.258 0 0.005
0.657 0.446 0 0.005
0.657 0.653 0 0.005
0.657 0.713 0 0.005
0.657 0.845 0 0.005
0.658 0.155 0 0.005
0.658 0.952 0 0.005
0.659 0.088 0 0.005
0.659 0.47 0 0.005
0.659 0.612 0 0.005
0.659 0.763 0 0.005
0.659 0.88 0 0.005
0.66 0.008 0 0.005
0.66 0.142 0 0.005
0.66 0.224 0 0.005
0.66 0.365 0 0.005
0.66 0.392 0 0.005
0.66 0.602 0 0.005
0.66 0.732 0 0.005
0.66 0.974 0 0.005
0.661 0.075 0 0.005
0.661 0.41 0 0.005
0.661 0.637 0 0.005
0.661 0.813 0 0.005
0.662 0.175 0 0.005
0.662 0.289 0 0.005
0.662 0.458 0 0.005
0.662 0.836 0 0.005
0.662 0.9967708333333334 0 0.005
0.663 0.501 0 0.005
0.663 0.661 0 0.005
0.663 0.932 0 0.005
0.664 0.119 0 0.005
0.664 0.354 0 0.005
0.665 0.344 0 0.005
0.665 0.559 0 0.005
0.665 0.746 0 0.005
0.666 0.672 0 0.005
0.666 0.682 0 0.005
0.666 0.898 0 0.005
0.667 0.103 0 0.005
0.667 0.306 0 0.005
0.667 0.513 0 0.005
0.668 0.57 0 0.005
0.669 0.014 0 0.005
0.669 0.187 0 0.005
0.669 0.595 0 0.005
0.669 0.784 0 0.005
0.669 0.828 0 0.005
0.67 0.08 0 0.005
0.67 0.442 0 0.005
0.67 0.539 0 0.005
0.67 0.642 0 0.005
0.67 0.705 0 0.005
0.67 0.718 0 0.005
0.67 0.802 0 0.005
0.67 0.846 0 0.005
0.671 0.226 0 0.005
0.671 0.321 0 0.005
0.671 0.729 0 0.005
0.671 0.859 0 0.005
0.671 0.883 0 0.005
0.671 0.953 0 0.005
0.672 0.239 0 0.005
0.672 0.491 0 0.005
0.673 0.272 0 0.005
0.673 0.658 0 0.005
0.673 0.965 0 0.005
0.674 0.023 0 0.005
0.674 0.167 0 0.005
0.674 0.297 0 0.005
0.674 0.773 0 0.005
0.674 0.926 0 0.005
0.675 0.256 0 0.005
0.675 0.354 0 0.005
0.675 0.422 0 0.005
0.675 0.503 0 0.005
0.675 0.587 0 0.005
0.675 0.619 0 0.005
0.675 0.763 0 0.005
0.675 0.792 0 0.005
0.676 0.055 0 0.005
0.676 0.112 0 0.005
0.677 0.204 0 0.005
0.677 0.377 0 0.005
0.677 0.454 0 0.005
0.676 0.9985833333333334 0 0.005
0.678 0.739 0 0.005
0.678 0.9 0 0.005
0.679 0.335 0 0.005
0.679 0.399 0 0.005
0.679 0.471 0 0.005
0.679 0.527 0 0.005
0.679 0.831 0 0.005
0.68 0.0022291666666666666 0 0.005
0.68 0.091 0 0.005
0.68 0.215 0 0.005
0.68 0.284 0 0.005
0.68 0.67 0 0.005
0.68 0.716 0 0.005
0.68 0.803 0 0.005
0.68 0.977 0 0.005
0.68 0.99 0 0.005
0.681 0.186 0 0.005
0.682 0.629 0 0.005
0.682 0.646 0 0.005
0.682 0.941 0 0.005
0.683 0.072 0 0.005
0.683 0.148 0 0.005
0.683 0.556 0 0.005
0.683 0.847 0 0.005
0.684 0.024 0 0.005
0.684 0.039 0 0.005
0.684 0.128 0 0.005
0.684 0.3 0 0.005
0.684 0.813 0 0.005
0.684 0.892 0 0.005
0.684 0.924 0 0.005
0.685 0.225 0 0.005
0.685 0.312 0 0.005
0.685 0.44 0 0.005
0.685 0.538 0 0.005
0.685 0.865 0 0.005
0.686 0.175 0 0.005
0.686 0.877 0 0.005
0.686 0.955 0 0.005
0.687 0.383 0 0.005
0.687 0.462 0 0.005
0.687 0.492 0 0.005
0.687 0.571 0 0.005
0.687 0.9981904761904762 0 0.005
0.688 0.117 0 0.005
0.688 0.139 0 0.005
0.688 0.366 0 0.005
0.688 0.677 0 0.005
0.689 0.328 0 0.005
0.689 0.345 0 0.005
0.689 0.704 0 0.005
0.69 0.281 0 0.005
0.69 0.758 0 0.005
0.69 0.909 0 0.005
0.691 0.081 0 0.005
0.691 0.481 0 0.005
0.691 0.605 0 0.005
0.691 0.981 0 0.005
0.692 0.251 0 0.005
0.693 0.411 0 0.005
0.693 0.638 0 0.005
0.693 0.652 0 0.005
0.693 0.838 0 0.005
0.694 0.128 0 0.005
0.694 0.211 0 0.005
0.694 0.357 0 0.005
0.694 0.532 0 0.005
0.695 0.149 0 0.005
0.695 0.27 0 0.005
0.695 0.397 0 0.005
0.695 0.437 0 0.005
0.695 0.734 0 0.005
0.695 0.784 0 0.005
0.695 0.897 0 0.005
0.696 0.0022291666666666666 0 0.005
0.696 0.094 0 0.005
0.696 0.161 0 0.005
0.696 0.45 0 0.005
0.696 0.592 0 0.005
0.696 0.821 0 0.005
0.697 0.043 0 0.005
0.697 0.068 0 0.005
0.697 0.232 0 0.005
0.697 0.421 0 0.005
0.697 0.848 0 0.005
0.697 0.958 0 0.005
0.698 0.017 0 0.005
0.698 0.315 0 0.005
0.698 0.577 0 0.005
0.699 0.473 0 0.005
0.699 0.555 0 0.005
0.699 0.621 0 0.005
0.699 0.68 0 0.005
0.699 0.81 0 0.005
0.7 0.117 0 0.005
0.7 0.975 0 0.005
0.701 0.18 0 0.005
0.701 0.459 0 0.005
0.701 0.504 0 0.005
0.701 0.517 0 0.005
0.701 0.604 0 0.005
0.701 0.773 0 0.005
0.701 0.916 0 0.005
0.702 0.193 0 0.005
0.702 0.753 0 0.005
0.703 0.24 0 0.005
0.703 0.544 0 0.005
0.703 0.711 0 0.005
0.704 0.084 0 0.005
0.704 0.137 0 0.005
0.704 0.204 0 0.005
0.704 0.299 0 0.005
0.704 0.34 0 0.005
0.704 0.432 0 0.005
0.704 0.492 0 0.005
0.704 0.657 0 0.005
0.704 0.699 0 0.005
0.704 0.796 0 0.005
0.705 0.372 0 0.005
0.705 0.383 0 0.005
0.705 0.855 0 0.005
0.706 0.055 0 0.005
0.706 0.097 0 0.005
0.706 0.283 0 0.005
0.706 0.825 0 0.005
0.706 0.867 0 0.005
0.706 0.926 0 0.005
0.707 0.223 0 0.005
0.707 0.256 0 0.005
0.707 0.585 0 0.005
0.709 0.024 0 0.005
0.709 0.444 0 0.005
0.71 0.311 0 0.005
0.71 0.615 0 0.005
0.71 0.945 0 0.005
0.711 0.045 0 0.005
0.711 0.36 0 0.005
0.711 0.534 0 0.005
0.711 0.55 0 0.005
0.711 0.569 0 0.005
0.711 0.635 0 0.005
0.711 0.91 0 0.005
0.712 0.0012666666666666666 0 0.005
0.712 0.595 0 0.005
0.712 0.645 0 0.005
0.712 0.81 0 0.005
0.712 0.881 0 0.005
0.712 0.989 0 0.005
0.713 0.392 0 0.005
0.713 0.69 0 0.005
0.713 0.9981904761904762 0 0.005
0.714 0.089 0 0.005
0.714 0.197 0 0.005
0.714 0.334 0 0.005
0.714 0.344 0 0.005
0.714 0.898 0 0.005
0.715 0.43 0 0.005
0.715 0.474 0 0.005
0.715 0.516 0 0.005
0.716 0.458 0 0.005
0.716 0.716 0 0.005
0.716 0.742 0 0.005
0.717 0.216 0 0.005
0.717 0.263 0 0.005
0.717 0.5 0 0.005
0.717 0.607 0 0.005
0.717 0.956 0 0.005
0.717 0.967 0 0.005
0.717 0.978 0 0.005
0.718 0.237 0 0.005
0.718 0.404 0 0.005
0.718 0.759 0 0.005
0.719 0.106 0 0.005
0.719 0.12 0 0.005
0.719 0.299 0 0.005
0.719 0.317 0 0.005
0.719 0.485 0 0.005
0.719 0.783 0 0.005
0.719 0.922 0 0.005
0.72 0.282 0 0.005
0.72 0.525 0 0.005
0.72 0.587 0 0.005
0.72 0.664 0 0.005
0.72 0.868 0 0.005
0.721 0.535 0 0.005
0.721 0.56 0 0.005
0.721 0.632 0 0.005
0.722 0.15 0 0.005
0.722 0.701 0 0.005
0.722 0.821 0 0.005
0.722 0.833 0 0.005
0.722 0.911 0 0.005
0.724 0.13 0 0.005
0.725 0.084 0 0.005
0.725 0.247 0 0.005
0.725 0.464 0 0.005
0.725 0.545 0 0.005
0.725 0.686 0 0.005
0.726 0.0033125 0 0.005
0.726 0.044 0 0.005
0.726 0.363 0 0.005
0.726 0.477 0 0.005
0.726 0.576 0 0.005
0.726 0.621 0 0.005
0.726 0.804 0 0.005
0.726 0.849 0 0.005
0.726 0.945 0 0.005
0.726 0.962 0 0.005
0.727 0.212 0 0.005
0.727 0.291 0 0.005
0.727 0.502 0 0.005
0.728 0.515 0 0.005
0.728 0.728 0 0.005
0.728 0.75 0 0.005
0.729 0.259 0 0.005
0.729 0.421 0 0.005
0.729 0.44 0 0.005
0.729 0.709 0 0.005
0.73 0.233 0 0.005
0.73 0.308 0 0.005
0.73 0.338 0 0.005
0.73 0.39 0 0.005
0.73 0.979 0 0.005
0.731 0.067 0 0.005
0.732 0.194 0 0.005
0.732 0.766 0 0.005
0.732 0.785 0 0.005
0.732 0.937 0 0.005
0.733 0.02 0 0.005
0.733 0.092 0 0.005
0.733 0.373 0 0.005
0.733 0.697 0 0.005
0.733 0.901 0 0.005
0.734 0.324 0 0.005
0.734 0.607 0 0.005
0.734 0.646 0 0.005
0.734 0.9956875 0 0.005
0.735 0.13 0 0.005
0.735 0.358 0 0.005
0.735 0.554 0 0.005
0.735 0.663 0 0.005
0.735 0.866 0 0.005
0.736 0.104 0 0.005
0.736 0.449 0 0.005
0.736 0.593 0 0.005
0.736 0.799 0 0.005
0.736 0.851 0 0.005
0.736 0.948 0 0.005
0.737 0.165 0 0.005
0.737 0.243 0 0.005
0.738 0.148 0 0.005
0.738 0.215 0 0.005
0.738 0.405 0 0.005
0.738 0.832 0 0.005
0.739 0.05 0 0.005
0.739 0.27 0 0.005
0.739 0.753 0 0.005
0.739 0.883 0 0.005
0.74 0.032 0 0.005
0.74 0.479 0 0.005
0.74 0.511 0 0.005
0.74 0.92 0 0.005
0.741 0.28 0 0.005
0.741 0.386 0 0.005
0.741 0.636 0 0.005
0.742 0.314 0 0.005
0.742 0.571 0 0.005
0.742 0.672 0 0.005
0.742 0.961 0 0.005
0.743 0.113 0 0.005
0.743 0.0004166666666666667 0 0.005
0.744 0.809 0 0.005
0.744 0.9981904761904762 0 0.005
0.745 0.177 0 0.005
0.745 0.373 0 0.005
0.745 0.524 0 0.005
0.745 0.722 0 0.005
0.746 0.196 0 0.005
0.746 0.297 0 0.005
0.746 0.341 0 0.005
0.746 0.647 0 0.005
0.746 0.696 0 0.005
0.746 0.841 0 0.005
0.746 0.87 0 0.005
0.747 0.543 0 0.005
0.747 0.62 0 0.005
0.747 0.747 0 0.005
0.747 0.772 0 0.005
0.747 0.896 0 0.005
0.748 0.442 0 0.005
0.748 0.942 0 0.005
0.749 0.221 0 0.005
0.749 0.268 0 0.005
0.749 0.418 0 0.005
0.749 0.454 0 0.005
0.749 0.882 0 0.005
0.749 0.978 0 0.005
0.75 0.056 0 0.005
0.75 0.073 0 0.005
0.75 0.091 0 0.005
0.75 0.49 0 0.005
0.75 0.596 0 0.005
0.75 0.791 0 0.005
0.751 0.282 0 0.005
0.751 0.851 0 0.005
0.752 0.015 0 0.005
0.752 0.033 0 0.005
0.752 0.046 0 0.005
0.752 0.207 0 0.005
0.752 0.231 0 0.005
0.752 0.249 0 0.005
0.752 0.361 0 0.005
0.752 0.511 0 0.005
0.752 0.957 0 0.005
0.753 0.144 0 0.005
0.753 0.391 0 0.005
0.753 0.803 0 0.005
0.754 0.332 0 0.005
0.754 0.715 0 0.005
0.754 0.928 0 0.005
0.755 0.53 0 0.005
0.755 0.688 0 0.005
0.755 0.815 0 0.005
0.756 0.171 0 0.005
0.756 0.407 0 0.005
0.756 0.615 0 0.005
0.756 0.7 0 0.005
0.756 0.862 0 0.005
0.757 0.499 0 0.005
0.757 0.768 0 0.005
0.757 0.833 0 0.005
0.757 0.916 0 0.005
0.758 0.102 0 0.005
0.758 0.429 0 0.005
0.758 0.752 0 0.005
0.759 0.554 0 0.005
0.759 0.733 0 0.005
0.76 0.064 0 0.005
0.76 0.092 0 0.005
0.76 0.271 0 0.005
0.76 0.29 0 0.005
0.76 0.315 0 0.005
0.76 0.47 0 0.005
0.76 0.639 0 0.005
0.76 0.787 0 0.005
0.761 0.258 0 0.005
0.761 0.578 0 0.005
0.761 0.588 0 0.005
0.761 0.946 0 0.005
0.762 0.21 0 0.005
0.762 0.34 0 0.005
0.762 0.352 0 0.005
0.762 0.377 0 0.005
0.762 0.445 0 0.005
0.762 0.522 0 0.005
0.763 0.0022291666666666666 0 0.005
0.763 0.392 0 0.005
0.763 0.886 0 0.005
0.764 0.539 0 0.005
0.764 0.803 0 0.005
0.764 0.908 0 0.005
0.765 0.14 0 0.005
0.765 0.166 0 0.005
0.766 0.08 0 0.005
0.766 0.152 0 0.005
0.766 0.674 0 0.005
0.766 0.982 0 0.005
0.767 0.03 0 0.005
0.767 0.239 0 0.005
0.767 0.495 0 0.005
0.767 0.513 0 0.005
0.767 0.604 0 0.005
0.767 0.742 0 0.005
0.768 0.13 0 0.005
0.768 0.177 0 0.005
0.768 0.202 0 0.005
0.768 0.306 0 0.005
0.768 0.691 0 0.005
0.769 0.012 0 0.005
0.769 0.098 0 0.005
0.769 0.227 0 0.005
0.769 0.284 0 0.005
0.769 0.568 0 0.005
0.769 0.661 0 0.005
0.769 0.762 0 0.005
0.769 0.896 0 0.005
0.769 0.9981904761904762 0 0.005
0.77 0.472 0 0.005
0.77 0.922 0 0.005
0.771 0.048 0 0.005
0.771 0.459 0 0.005
0.771 0.651 0 0.005
0.771 0.844 0 0.005
0.771 0.862 0 0.005
0.772 0.117 0 0.005
0.772 0.19 0 0.005
0.772 0.362 0 0.005
0.772 0.417 0 0.005
0.772 0.427 0 0.005
0.772 0.444 0 0.005
0.772 0.616 0 0.005
0.772 0.733 0 0.005
0.773 0.32 0 0.005
0.773 0.384 0 0.005
0.773 0.529 0 0.005
0.773 0.557 0 0.005
0.774 0.269 0 0.005
0.774 0.596 0 0.005
0.775 0.002719298245614035 0 0.005
0.775 0.144 0 0.005
0.775 0.483 0 0.005
0.775 0.7 0 0.005
0.775 0.969 0 0.005
0.776 0.155 0 0.005
0.776 0.168 0 0.005
0.776 0.254 0 0.005
0.776 0.336 0 0.005
0.776 0.872 0 0.005
0.776 0.904 0 0.005
0.777 0.68 0 0.005
0.778 0.21 0 0.005
0.778 0.3 0 0.005
0.778 0.505 0 0.005
0.778 0.548 0 0.005
0.778 0.643 0 0.005
0.778 0.667 0 0.005
0.779 0.103 0 0.005
0.779 0.395 0 0.005
0.779 0.889 0 0.005
0.78 0.278 0 0.005
0.78 0.408 0 0.005
0.78 0.752 0 0.005
0.78 0.777 0 0.005
0.78 0.978 0 0.005
0.781 0.065 0 0.005
0.781 0.521 0 0.005
0.781 0.626 0 0.005
0.781 0.654 0 0.005
0.781 0.945 0 0.005
0.782 0.012 0 0.005
0.782 0.089 0 0.005
0.782 0.194 0 0.005
0.782 0.365 0 0.005
0.782 0.421 0 0.005
0.782 0.711 0 0.005
0.782 0.764 0 0.005
0.782 0.802 0 0.005
0.783 0.076 0 0.005
0.783 0.137 0 0.005
0.783 0.442 0 0.005
0.783 0.61 0 0.005
0.783 0.864 0 0.005
0.784 0.175 0 0.005
0.784 0.309 0 0.005
0.784 0.432 0 0.005
0.784 0.733 0 0.005
0.784 0.819 0 0.005
0.784 0.848 0 0.005
0.785 0.292 0 0.005
0.785 0.347 0 0.005
0.785 0.537 0 0.005
0.785 0.987 0 0.005
0.786 0.031 0 0.005
0.786 0.241 0 0.005
0.786 0.457 0 0.005
0.786 0.478 0 0.005
0.786 0.58 0 0.005
0.787 0.226 0 0.005
0.787 0.256 0 0.005
0.787 0.269 0 0.005
0.787 0.563 0 0.005
0.787 0.898 0 0.005
0.787 0.928 0 0.005
0.787 0.962 0 0.005
0.788 0.147 0 0.005
0.789 0.158 0 0.005
0.789 0.337 0 0.005
0.789 0.551 0 0.005
0.789 0.693 0 0.005
0.79 0.11 0 0.005
0.79 0.12 0 0.005
0.79 0.401 0 0.005
0.79 0.511 0 0.005
0.79 0.94 0 0.005
0.79 0.951 0 0.005
0.791 0.042 0 0.005
0.792 0.425 0 0.005
0.792 0.795 0 0.005
0.793 0.376 0 0.005
0.793 0.523 0 0.005
0.793 0.664 0 0.005
0.793 0.718 0 0.005
0.793 0.766 0 0.005
0.794 0.058 0 0.005
0.794 0.131 0 0.005
0.794 0.171 0 0.005
0.794 0.466 0 0.005
0.795 0.073 0 0.005
0.795 0.301 0 0.005
0.795 0.594 0 0.005
0.795 0.749 0 0.005
0.795 0.869 0 0.005
0.796 0.002719298245614035 0 0.005
0.796 0.018 0 0.005
0.796 0.089 0 0.005
0.796 0.1 0 0.005
0.796 0.632 0 0.005
0.796 0.645 0 0.005
0.796 0.915 0 0.005
0.797 0.278 0 0.005
0.797 0.448 0 0.005
0.797 0.486 0 0.005
0.797 0.571 0 0.005
0.797 0.88 0 0.005
0.798 0.903 0 0.005
0.799 0.191 0 0.005
0.799 0.322 0 0.005
0.799 0.416 0 0.005
0.799 0.617 0 0.005
0.799 0.843 0 0.005
0.799 0.983 0 0.005
0.8 0.211 0 0.005
0.8 0.347 0 0.005
0.8 0.534 0 0.005
0.8 0.678 0 0.005
0.8 0.73 0 0.005
0.8 0.814 0 0.005
0.801 0.237 0 0.005
0.801 0.291 0 0.005
0.801 0.705 0 0.005
0.801 0.829 0 0.005
0.802 0.227 0 0.005
0.802 0.505 0 0.005
0.803 0.8 0 0.005
0.804 0.126 0 0.005
0.804 0.147 0 0.005
0.804 0.269 0 0.005
0.804 0.955 0 0.005
0.805 0.65 0 0.005
0.805 0.746 0 0.005
0.806 0.391 0 0.005
0.806 0.542 0 0.005
0.806 0.587 0 0.005
0.806 0.766 0 0.005
0.806 0.9956875 0 0.005
0.807 0.026 0 0.005
0.807 0.053 0 0.005
0.807 0.688 0 0.005
0.807 0.889 0 0.005
0.807 0.938 0 0.005
0.807 0.972 0 0.005
0.808 0.136 0 0.005
0.808 0.401 0 0.005
0.808 0.495 0 0.005
0.809 0.037 0 0.005
0.809 0.073 0 0.005
0.809 0.552 0 0.005
0.809 0.926 0 0.005
0.81 0.185 0 0.005
0.81 0.604 0 0.005
0.81 0.666 0 0.005
0.81 0.755 0 0.005
0.81 0.787 0 0.005
0.81 0.838 0 0.005
0.81 0.851 0 0.005
0.811 0.338 0 0.005
0.811 0.466 0 0.005
0.812 0.238 0 0.005
0.812 0.531 0 0.005
0.813 0.417 0 0.005
0.813 0.435 0 0.005
0.813 0.52 0 0.005
0.813 0.91 0 0.005
0.814 0.11 0 0.005
0.814 0.219 0 0.005
0.814 0.275 0 0.005
0.814 0.359 0 0.005
0.814 0.776 0 0.005
0.814 0.868 0 0.005
0.815 0.009 0 0.005
0.815 0.093 0 0.005
0.815 0.303 0 0.005
0.815 0.32 0 0.005
0.815 0.503 0 0.005
0.816 0.648 0 0.005
0.816 0.745 0 0.005
0.816 0.979 0 0.005
0.817 0.152 0 0.005
0.818 0.33 0 0.005
0.818 0.372 0 0.005
0.818 0.383 0 0.005
0.818 0.562 0 0.005
0.818 0.765 0 0.005
0.817 0.9985833333333334 0 0.005
0.819 0.167 0 0.005
0.819 0.479 0 0.005
0.819 0.492 0 0.005
0.819 0.961 0 0.005
0.82 0.02 0 0.005
0.82 0.7 0 0.005
0.82 0.793 0 0.005
0.82 0.81 0 0.005
0.82 0.947 0 0.005
0.821 0.121 0 0.005
0.821 0.396 0 0.005
0.821 0.424 0 0.005
0.821 0.628 0 0.005
0.821 0.714 0 0.005
0.822 0.061 0 0.005
0.822 0.081 0 0.005
0.822 0.35 0 0.005
0.822 0.446 0 0.005
0.822 0.823 0 0.005
0.823 0.242 0 0.005
0.823 0.536 0 0.005
0.823 0.61 0 0.005
0.823 0.881 0 0.005
0.824 0.21 0 0.005
0.824 0.254 0 0.005
0.824 0.413 0 0.005
0.824 0.573 0 0.005
0.824 0.583 0 0.005
0.824 0.596 0 0.005
0.824 0.775 0 0.005
0.824 0.835 0 0.005
0.824 0.847 0 0.005
0.824 0.867 0 0.005
0.824 0.97 0 0.005
0.826 0.108 0 0.005
0.826 0.184 0 0.005
0.826 0.23 0 0.005
0.826 0.436 0 0.005
0.826 0.924 0 0.005
0.827 0.289 0 0.005
0.827 0.467 0 0.005
0.827 0.502 0 0.005
0.827 0.652 0 0.005
0.827 0.754 0 0.005
0.828 0.03 0 0.005
0.828 0.151 0 0.005
0.828 0.674 0 0.005
0.828 0.801 0 0.005
0.828 0.9967708333333334 0 0.005
0.829 0.274 0 0.005
0.829 0.316 0 0.005
0.829 0.642 0 0.005
0.829 0.957 0 0.005
0.83 0.044 0 0.005
0.83 0.161 0 0.005
0.83 0.403 0 0.005
0.83 0.942 0 0.005
0.831 0.131 0 0.005
0.831 0.986 0 0.005
0.832 0.084 0 0.005
0.832 0.555 0 0.005
0.833 0.0017435897435897436 0 0.005
0.833 0.249 0 0.005
0.833 0.357 0 0.005
0.833 0.742 0 0.005
0.834 0.51 0 0.005
0.834 0.529 0 0.005
0.834 0.698 0 0.005
0.835 0.096 0 0.005
0.835 0.214 0 0.005
0.835 0.391 0 0.005
0.835 0.444 0 0.005
0.835 0.483 0 0.005
0.835 0.769 0 0.005
0.835 0.789 0 0.005
0.835 0.84 0 0.005
0.835 0.853 0 0.005
0.836 0.141 0 0.005
0.836 0.372 0 0.005
0.836 0.57 0 0.005
0.836 0.582 0 0.005
0.837 0.073 0 0.005
0.837 0.169 0 0.005
0.837 0.607 0 0.005
0.837 0.65 0 0.005
0.837 0.819 0 0.005
0.837 0.873 0 0.005
0.837 0.932 0 0.005
0.838 0.118 0 0.005
0.838 0.47 0 0.005
0.838 0.754 0 0.005
0.839 0.012 0 0.005
0.839 0.061 0 0.005
0.839 0.98 0 0.005
0.84 0.04 0 0.005
0.84 0.257 0 0.005
0.84 0.66 0 0.005
0.84 0.897 0 0.005
0.84 0.965 0 0.005
0.841 0.27 0 0.005
0.841 0.681 0 0.005
0.841 0.921 0 0.005
0.842 0.545 0 0.005
0.842 0.949 0 0.005
0.843 0.721 0 0.005
0.844 0.195 0 0.005
0.844 0.328 0 0.005
0.844 0.356 0 0.005
0.845 0.028 0 0.005
0.845 0.691 0 0.005
0.845 0.787 0 0.005
0.845 0.798 0 0.005
0.845 0.886 0 0.005
0.846 0.131 0 0.005
0.846 0.146 0 0.005
0.846 0.288 0 0.005
0.846 0.383 0 0.005
0.846 0.482 0 0.005
0.846 0.588 0 0.005
0.846 0.739 0 0.005
0.846 0.81 0 0.005
0.846 0.857 0 0.005
0.847 0.422 0 0.005
0.847 0.934 0 0.005
0.845 0.999 0 0.005
0.848 0.018 0 0.005
0.848 0.175 0 0.005
0.848 0.443 0 0.005
0.848 0.874 0 0.005
0.848 0.986 0 0.005
0.849 0.212 0 0.005
0.849 0.251 0 0.005
0.849 0.343 0 0.005
0.849 0.497 0 0.005
0.85 0.239 0 0.005
0.85 0.457 0 0.005
0.851 0.041 0 0.005
0.851 0.093 0 0.005
0.851 0.313 0 0.005
0.851 0.557 0 0.005
0.851 0.624 0 0.005
0.851 0.766 0 0.005
0.852 0.577 0 0.005
0.852 0.675 0 0.005
0.853 0.165 0 0.005
0.853 0.401 0 0.005
0.853 0.411 0 0.005
0.853 0.599 0 0.005
0.853 0.838 0 0.005
0.853 0.898 0 0.005
0.854 0.914 0 0.005
0.855 0.063 0 0.005
0.855 0.706 0 0.005
0.855 0.805 0 0.005
0.856 0.01 0 0.005
0.856 0.153 0 0.005
0.856 0.614 0 0.005
0.856 0.723 0 0.005
0.856 0.966 0 0.005
0.857 0.138 0 0.005
0.857 0.644 0 0.005
0.857 0.855 0 0.005
0.857 0.955 0 0.005
0.857 0.981 0 0.005
0.858 0.049 0 0.005
0.858 0.26 0 0.005
0.858 0.276 0 0.005
0.858 0.929 0 0.005
0.859 0.336 0 0.005
0.859 0.371 0 0.005
0.859 0.47 0 0.005
0.859 0.497 0 0.005
0.859 0.547 0 0.005
0.859 0.871 0 0.005
0.859 0.939 0 0.005
0.86 0.081 0 0.005
0.86 0.534 0 0.005
0.86 0.659 0 0.005
0.86 0.693 0 0.005
0.86 0.734 0 0.005
0.86 0.783 0 0.005
0.861 0.0017435897435897436 0 0.005
0.861 0.107 0 0.005
0.861 0.322 0 0.005
0.861 0.359 0 0.005
0.861 0.63 0 0.005
0.861 0.797 0 0.005
0.862 0.025 0 0.005
0.862 0.181 0 0.005
0.862 0.458 0 0.005
0.863 0.442 0 0.005
0.863 0.481 0 0.005
0.863 0.58 0 0.005
0.864 0.069 0 0.005
0.864 0.284 0 0.005
0.864 0.39 0 0.005
0.864 0.564 0 0.005
0.864 0.813 0 0.005
0.865 0.119 0 0.005
0.865 0.294 0 0.005
0.865 0.407 0 0.005
0.866 0.715 0 0.005
0.866 0.762 0 0.005
0.867 0.038 0 0.005
0.867 0.148 0 0.005
0.867 0.211 0 0.005
0.867 0.238 0 0.005
0.867 0.897 0 0.005
0.868 0.16 0 0.005
0.868 0.599 0 0.005
0.868 0.726 0 0.005
0.869 0.093 0 0.005
0.869 0.498 0 0.005
0.869 0.518 0 0.005
0.869 0.652 0 0.005
0.869 0.832 0 0.005
0.869 0.963 0 0.005
0.87 0.27 0 0.005
0.87 0.378 0 0.005
0.871 0.0017435897435897436 0 0.005
0.871 0.13 0 0.005
0.871 0.222 0 0.005
0.871 0.336 0 0.005
0.871 0.416 0 0.005
0.871 0.448 0 0.005
0.871 0.68 0 0.005
0.871 0.801 0 0.005
0.871 0.854 0 0.005
0.871 0.911 0 0.005
0.872 0.609 0 0.005
0.872 0.944 0 0.005
0.873 0.307 0 0.005
0.874 0.014 0 0.005
0.874 0.568 0 0.005
0.874 0.707 0 0.005
0.875 0.232 0 0.005
0.875 0.322 0 0.005
0.875 0.508 0 0.005
0.875 0.587 0 0.005
0.875 0.844 0 0.005
0.875 0.934 0 0.005
0.876 0.439 0 0.005
0.876 0.47 0 0.005
0.877 0.14 0 0.005
0.877 0.252 0 0.005
0.877 0.527 0 0.005
0.877 0.552 0 0.005
0.877 0.746 0 0.005
0.878 0.278 0 0.005
0.878 0.634 0 0.005
0.878 0.666 0 0.005
0.878 0.769 0 0.005
0.878 0.879 0 0.005
0.879 0.029 0 0.005
0.879 0.077 0 0.005
0.879 0.113 0 0.005
0.879 0.151 0 0.005
0.879 0.173 0 0.005
0.879 0.194 0 0.005
0.879 0.542 0 0.005
0.879 0.656 0 0.005
0.88 0.267 0 0.005
0.88 0.868 0 0.005
0.88 0.89 0 0.005
0.88 0.967 0 0.005
0.88 0.996280701754386 0 0.005
0.881 0.041 0 0.005
0.881 0.057 0 0.005
0.881 0.782 0 0.005
0.881 0.826 0 0.005
0.881 0.853 0 0.005
0.882 0.425 0 0.005
0.882 0.485 0 0.005
0.882 0.808 0 0.005
0.883 0.099 0 0.005
0.883 0.699 0 0.005
0.884 0.22 0 0.005
0.884 0.314 0 0.005
0.884 0.414 0 0.005
0.884 0.681 0 0.005
0.885 0.131 0 0.005
0.885 0.383 0 0.005
0.885 0.455 0 0.005
0.885 0.506 0 0.005
0.886 0.33 0 0.005
0.886 0.986 0 0.005
0.887 0.37 0 0.005
0.887 0.436 0 0.005
0.887 0.567 0 0.005
0.887 0.593 0 0.005
0.887 0.621 0 0.005
0.887 0.741 0 0.005
0.887 0.759 0 0.005
0.887 0.909 0 0.005
0.887 0.956 0 0.005
0.888 0.536 0 0.005
0.888 0.61 0 0.005
0.889 0.169 0 0.005
0.889 0.184 0 0.005
0.889 0.299 0 0.005
0.889 0.555 0 0.005
0.889 0.721 0 0.005
0.889 0.798 0 0.005
0.889 0.833 0 0.005
0.889 0.928 0 0.005
0.89 0.515 0 0.005
0.89 0.939 0 0.005
0.891 0.004 0 0.005
0.891 0.014 0 0.005
0.891 0.032 0 0.005
0.891 0.082 0 0.005
0.891 0.36 0 0.005
0.891 0.405 0 0.005
0.891 0.896 0 0.005
0.892 0.347 0 0.005
0.892 0.495 0 0.005
0.892 0.808 0 0.005
0.893 0.267 0 0.005
0.893 0.705 0 0.005
0.893 0.773 0 0.005
0.893 0.784 0 0.005
0.894 0.065 0 0.005
0.894 0.101 0 0.005
0.894 0.575 0 0.005
0.895 0.245 0 0.005
0.895 0.653 0 0.005
0.895 0.665 0 0.005
0.896 0.21 0 0.005
0.896 0.586 0 0.005
0.896 0.687 0 0.005
0.896 0.824 0 0.005
0.897 0.396 0 0.005
0.897 0.415 0 0.005
0.897 0.524 0 0.005
0.897 0.73 0 0.005
0.898 0.119 0 0.005
0.898 0.282 0 0.005
0.898 0.756 0 0.005
0.899 0.163 0 0.005
0.899 0.318 0 0.005
0.899 0.381 0 0.005
0.899 0.484 0 0.005
0.899 0.596 0 0.005
0.899 0.632 0 0.005
0.899 0.843 0 0.005
0.899 0.912 0 0.005
0.899 0.953 0 0.005
0.9 0.009 0 0.005
0.9 0.141 0 0.005
0.9 0.255 0 0.005
0.9 0.444 0 0.005
0.9 0.505 0 0.005
0.9 0.936 0 0.005
0.901 0.454 0 0.005
0.901 0.538 0 0.005
0.902 0.297 0 0.005
0.903 0.265 0 0.005
0.903 0.744 0 0.005
0.903 0.802 0 0.005
0.903 0.889 0 0.005
0.904 0.05 0 0.005
0.904 0.107 0 0.005
0.904 0.178 0 0.005
0.904 0.191 0 0.005
0.904 0.308 0 0.005
0.904 0.358 0 0.005
0.904 0.469 0 0.005
0.904 0.616 0 0.005
0.904 0.859 0 0.005
0.904 0.966 0 0.005
0.905 0.204 0 0.005
0.905 0.556 0 0.005
0.905 0.699 0 0.005
0.905 0.875 0 0.005
0.906 0.027 0 0.005
0.906 0.068 0 0.005
0.906 0.714 0 0.005
0.907 0.124 0 0.005
0.907 0.154 0 0.005
0.907 0.332 0 0.005
0.907 0.343 0 0.005
0.907 0.431 0 0.005
0.907 0.518 0 0.005
0.907 0.683 0 0.005
0.907 0.823 0 0.005
0.907 0.944 0 0.005
0.907 0.995 0 0.005
0.908 0.496 0 0.005
0.908 0.667 0 0.005
0.908 0.901 0 0.005
0.909 0.924 0 0.005
0.911 0.226 0 0.005
0.911 0.292 0 0.005
0.911 0.772 0 0.005
0.912 0.509 0 0.005
0.913 0.091 0 0.005
0.914 0.009 0 0.005
0.914 0.197 0 0.005
0.914 0.263 0 0.005
0.914 0.277 0 0.005
0.914 0.734 0 0.005
0.914 0.971 0 0.005
0.915 0.169 0 0.005
0.915 0.314 0 0.005
0.915 0.47 0 0.005
0.915 0.602 0 0.005
0.916 0.36 0 0.005
0.916 0.709 0 0.005
0.916 0.835 0 0.005
0.916 0.989 0 0.005
0.917 0.022 0 0.005
0.917 0.032 0 0.005
0.917 0.434 0 0.005
0.917 0.535 0 0.005
0.917 0.619 0 0.005
0.917 0.631 0 0.005
0.918 0.138 0 0.005
0.918 0.644 0 0.005
0.918 0.89 0 0.005
0.918 0.908 0 0.005
0.919 0.303 0 0.005
0.919 0.459 0 0.005
0.919 0.483 0 0.005
0.919 0.552 0 0.005
0.919 0.666 0 0.005
0.919 0.719 0 0.005
0.919 0.796 0 0.005
0.919 0.918 0 0.005
0.92 0.332 0 0.005
0.92 0.565 0 0.005
0.92 0.767 0 0.005
0.92 0.86 0 0.005
0.921 0.382 0 0.005
0.921 0.822 0 0.005
0.922 0.347 0 0.005
0.922 0.447 0 0.005
0.922 0.684 0 0.005
0.923 0.493 0 0.005
0.923 0.523 0 0.005
0.923 0.695 0 0.005
0.923 0.81 0 0.005
0.923 0.956 0 0.005
0.924 0.061 0 0.005
0.924 0.214 0 0.005
0.924 0.996280701754386 0 0.005
0.925 0.051 0 0.005
0.925 0.319 0 0.005
0.925 0.421 0 0.005
0.925 0.781 0 0.005
0.925 0.846 0 0.005
0.926 0.096 0 0.005
0.926 0.284 0 0.005
0.926 0.749 0 0.005
0.926 0.93 0 0.005
0.927 0.166 0 0.005
0.927 0.878 0 0.005
0.927 0.971 0 0.005
0.927 0.984 0 0.005
0.928 0.589 0 0.005
0.928 0.64 0 0.005
0.928 0.674 0 0.005
0.929 0.187 0 0.005
0.929 0.484 0 0.005
0.929 0.538 0 0.005
0.929 0.614 0 0.005
0.929 0.629 0 0.005
0.929 0.728 0 0.005
0.93 0.407 0 0.005
0.931 0.034 0 0.005
0.931 0.363 0 0.005
0.931 0.374 0 0.005
0.931 0.47 0 0.005
0.932 0.258 0 0.005
0.932 0.35 0 0.005
0.932 0.452 0 0.005
0.932 0.5 0 0.005
0.932 0.655 0 0.005
0.932 0.712 0 0.005
0.932 0.772 0 0.005
0.933 0.015 0 0.005
0.933 0.087 0 0.005
0.933 0.273 0 0.005
0.933 0.393 0 0.005
0.934 0.244 0 0.005
0.934 0.438 0 0.005
0.934 0.575 0 0.005
0.934 0.838 0 0.005
0.934 0.862 0 0.005
0.934 0.948 0 0.005
0.934 0.96 0 0.005
0.935 0.066 0 0.005
0.935 0.175 0 0.005
0.936 0.11 0 0.005
0.936 0.319 0 0.005
0.937 0.099 0 0.005
0.937 0.528 0 0.005
0.937 0.697 0 0.005
0.938 0.563 0 0.005
0.938 0.723 0 0.005
0.938 0.746 0 0.005
0.938 0.879 0 0.005
0.939 0.931 0 0.005
0.939 0.994 0 0.005
0.94 0.048 0 0.005
0.94 0.144 0 0.005
0.94 0.517 0 0.005
0.94 0.61 0 0.005
0.94 0.623 0 0.005
0.94 0.778 0 0.005
0.94 0.9 0 0.005
0.941 0.0033125 0 0.005
0.941 0.036 0 0.005
0.941 0.075 0 0.005
0.941 0.207 0 0.005
0.941 0.364 0 0.005
0.941 0.414 0 0.005
0.941 0.466 0 0.005
0.941 0.588 0 0.005
0.941 0.854 0 0.005
0.942 0.058 0 0.005
0.942 0.217 0 0.005
0.942 0.227 0 0.005
0.942 0.346 0 0.005
0.942 0.789 0 0.005
0.943 0.125 0 0.005
0.943 0.765 0 0.005
0.944 0.295 0 0.005
0.944 0.633 0 0.005
0.944 0.654 0 0.005
0.944 0.683 0 0.005
0.945 0.135 0 0.005
0.945 0.381 0 0.005
0.945 0.827 0 0.005
0.946 0.022 0 0.005
0.946 0.176 0 0.005
0.946 0.967 0 0.005
0.946 0.977 0 0.005
0.947 0.198 0 0.005
0.947 0.325 0 0.005
0.947 0.488 0 0.005
0.947 0.753 0 0.005
0.947 0.812 0 0.005
0.947 0.944 0 0.005
0.948 0.103 0 0.005
0.948 0.165 0 0.005
0.948 0.251 0 0.005
0.948 0.435 0 0.005
0.948 0.539 0 0.005
0.948 0.558 0 0.005
0.948 0.568 0 0.005
0.948 0.732 0 0.005
0.949 0.528 0 0.005
0.949 0.594 0 0.005
0.949 0.876 0 0.005
0.95 0.153 0 0.005
0.95 0.45 0 0.005
0.95 0.502 0 0.005
0.95 0.624 0 0.005
0.95 0.802 0 0.005
0.95 0.84 0 0.005
0.951 0.364 0 0.005
0.951 0.9 0 0.005
0.951 0.957 0 0.005
0.952 0.0022291666666666666 0 0.005
0.952 0.275 0 0.005
0.952 0.315 0 0.005
0.952 0.608 0 0.005
0.952 0.642 0 0.005
0.952 0.994 0 0.005
0.953 0.189 0 0.005
0.953 0.696 0 0.005
0.953 0.863 0 0.005
0.954 0.036 0 0.005
0.954 0.072 0 0.005
0.954 0.114 0 0.005
0.954 0.13 0 0.005
0.954 0.666 0 0.005
0.954 0.722 0 0.005
0.954 0.89 0 0.005
0.954 0.922 0 0.005
0.955 0.085 0 0.005
0.955 0.285 0 0.005
0.955 0.586 0 0.005
0.955 0.712 0 0.005
0.955 0.937 0 0.005
0.956 0.015 0 0.005
0.956 0.242 0 0.005
0.956 0.355 0 0.005
0.956 0.74 0 0.005
0.956 0.829 0 0.005
0.956 0.98 0 0.005
0.957 0.053 0 0.005
0.957 0.416 0 0.005
0.957 0.553 0 0.005
0.958 0.142 0 0.005
0.958 0.846 0 0.005
0.959 0.324 0 0.005
0.959 0.676 0 0.005
0.959 0.757 0 0.005
0.959 0.77 0 0.005
0.96 0.105 0 0.005
0.96 0.258 0 0.005
0.96 0.436 0 0.005
0.96 0.47 0 0.005
0.96 0.482 0 0.005
0.96 0.818 0 0.005
0.96 0.911 0 0.005
0.961 0.157 0 0.005
0.961 0.18 0 0.005
0.961 0.219 0 0.005
0.961 0.336 0 0.005
0.962 0.027 0 0.005
0.962 0.206 0 0.005
0.962 0.306 0 0.005
0.963 0.378 0 0.005
0.963 0.398 0 0.005
0.963 0.803 0 0.005
0.963 0.965 0 0.005
0.964 0.09 0 0.005
0.964 0.361 0 0.005
0.964 0.499 0 0.005
0.964 0.579 0 0.005
0.964 0.609 0 0.005
0.964 0.644 0 0.005
0.965 0.129 0 0.005
0.965 0.447 0 0.005
0.965 0.598 0 0.005
0.965 0.621 0 0.005
0.965 0.79 0 0.005
0.965 0.857 0 0.005
0.965 0.878 0 0.005
0.965 0.988 0 0.005
0.966 0.233 0 0.005
0.966 0.51 0 0.005
0.964 0.999 0 0.005
0.967 0.011 0 0.005
0.967 0.197 0 0.005
0.967 0.716 0 0.005
0.967 0.947 0 0.005
0.968 0.657 0 0.005
0.969 0.146 0 0.005
0.969 0.423 0 0.005
0.969 0.669 0 0.005
0.969 0.742 0 0.005
0.97 0.034 0 0.005
0.97 0.114 0 0.005
0.97 0.287 0 0.005
0.97 0.553 0 0.005
0.97 0.831 0 0.005
0.97 0.898 0 0.005
0.971 0.22 0 0.005
0.971 0.25 0 0.005
0.971 0.343 0 0.005
0.971 0.372 0 0.005
0.971 0.685 0 0.005
0.971 0.731 0 0.005
0.971 0.933 0 0.005
0.972 0.487 0 0.005
0.972 0.527 0 0.005
0.972 0.54 0 0.005
0.972 0.572 0 0.005
0.972 0.845 0 0.005
0.972 0.888 0 0.005
0.974 0.434 0 0.005
0.974 0.634 0 0.005
0.975 0.043 0 0.005
0.975 0.081 0 0.005
0.975 0.277 0 0.005
0.975 0.45 0 0.005
0.976 0.071 0 0.005
0.976 0.206 0 0.005
0.976 0.295 0 0.005
0.976 0.316 0 0.005
0.976 0.415 0 0.005
0.976 0.462 0 0.005
0.976 0.709 0 0.005
0.976 0.756 0 0.005
0.976 0.797 0 0.005
0.976 0.96 0 0.005
0.977 0.356 0 0.005
0.977 0.512 0 0.005
0.977 0.813 0 0.005
0.977 0.98 0 0.005
0.978 0.584 0 0.005
0.978 0.621 0 0.005
0.978 0.994 0 0.005
0.979 0.142 0 0.005
0.979 0.17 0 0.005
0.979 0.181 0 0.005
0.98 0.092 0 0.005
0.98 0.158 0 0.005
0.98 0.236 0 0.005
0.981 0.054 0 0.005
0.981 0.39 0 0.005
0.981 0.567 0 0.005
0.981 0.771 0 0.005
0.981 0.827 0 0.005
0.981 0.86 0 0.005
0.982 0.218 0 0.005
0.982 0.287 0 0.005
0.982 0.304 0 0.005
0.982 0.484 0 0.005
0.982 0.496 0 0.005
0.982 0.737 0 0.005
0.982 0.948 0 0.005
0.983 0.0008095238095238096 0 0.005
0.983 0.117 0 0.005
0.983 0.131 0 0.005
0.983 0.53 0 0.005
0.983 0.667 0 0.005
0.983 0.785 0 0.005
0.983 0.894 0 0.005
0.983 0.972 0 0.005
0.984 0.03 0 0.005
0.984 0.324 0 0.005
0.984 0.52 0 0.005
0.985 0.549 0 0.005
0.985 0.702 0 0.005
0.985 0.718 0 0.005
0.986 0.076 0 0.005
0.986 0.198 0 0.005
0.986 0.265 0 0.005
0.986 0.759 0 0.005
0.987 0.011 0 0.005
0.987 0.409 0 0.005
0.987 0.463 0 0.005
0.987 0.904 0 0.005
0.988 0.295 0 0.005
0.988 0.35 0 0.005
0.988 0.372 0 0.005
0.988 0.473 0 0.005
0.988 0.6 0 0.005
0.988 0.805 0 0.005
0.989 0.844 0 0.005
0.989 0.92 0 0.005
0.99 0.179 0 0.005
0.99 0.395 0 0.005
0.99 0.581 0 0.005
0.99 0.933 0 0.005
0.991 0.311 0 0.005
0.991 0.617 0 0.005
0.992 0.061 0 0.005
0.992 0.988 0 0.005
0.993 0.037 0 0.005
0.993 0.239 0 0.005
0.994 0.09 0 0.005
0.994 0.423 0 0.005
0.994 0.481 0 0.005
0.994 0.521 0 0.005
0.994 0.971 0 0.005
0.995 0.442 0 0.005
0.995 0.566 0 0.005
0.995 0.751 0 0.005
0.995 0.788 0 0.005
0.9956875 0.101 0 0.005
0.9956875 0.225 0 0.005
0.9956875 0.271 0 0.005
0.9956875 0.635 0 0.005
0.9956875 0.666 0 0.005
0.9956875 0.683 0 0.005
0.9956875 0.873 0 0.005
0.996280701754386 0.72 0 0.005
0.996280701754386 0.838 0 0.005
0.9967708333333334 0.022 0 0.005
0.9967708333333334 0.073 0 0.005
0.9967708333333334 0.496 0 0.005
0.9967708333333334 0.74 0 0.005
0.9967708333333334 0.819 0 0.005
0.9972564102564103 0.284 0 0.005
0.9972564102564103 0.697 0 0.005
0.9972564102564103 0.919 0 0.005
0.9977333333333334 0.394 0 0.005
0.9977333333333334 0.415 0 0.005
0.9977333333333334 0.556 0 0.005
0.9977333333333334 0.594 0 0.005
0.9977333333333334 0.853 0 0.005
0.9977333333333334 0.883 0 0.005
0.9977333333333334 0.938 0 0.005
0.9981666666666666 0.0015833333333333333 0 0.005
0.9981904761904762 0.194 0 0.005
0.9981904761904762 0.262 0 0.005
0.9981904761904762 0.322 0 0.005
0.9981904761904762 0.863 0 0.005
0.9985833333333334 0.129 0 0.005
0.9985833333333334 0.337 0 0.005
0.999 0.061 0 0.005
0.999 0.179 0 0.005
0.999 0.378 0 0.005
0.999 0.532 0 0.005
0.999 0.768 0 0.005
0.999 0.906 0 0.005
