0.0017435897435897436 0.004 0 0.005
0.0008095238095238096 0.095 0 0.005
0.0004166666666666667 0.129 0 0.005
0.0022291666666666666 0.273 0 0.005
0.004 0.308 0 0.005
0.0017435897435897436 0.321 0 0.005
0.0008095238095238096 0.336 0 0.005
0.0 0.349 0 0.005
0.0004166666666666667 0.372 0 0.005
0.0022291666666666666 0.406 0 0.005
0.0012666666666666666 0.446 0 0.005
0.002719298245614035 0.47 0 0.005
0.0012666666666666666 0.569 0 0.005
0.0008095238095238096 0.583 0 0.005
0.0012666666666666666 0.645 0 0.005
0.004 0.68 0 0.005
0.0033125 0.691 0 0.005
0.0017435897435897436 0.848 0 0.005
0.0022291666666666666 0.907 0 0.005
0.0033125 0.931 0 0.005
0.005 0.592 0 0.005
0.005 0.862 0 0.005
0.005 0.989 0 0.005
0.007 0.109 0 0.005
0.009 0.294 0 0.005
0.009 0.657 0 0.005
0.013 0.709 0 0.005
0.014 0.309 0 0.005
0.017 0.367 0 0.005
0.017 0.831 0 0.005
0.018 0.085 0 0.005
0.019 0.348 0 0.005
0.019 0.978 0 0.005
0.02 0.482 0 0.005
0.022 0.701 0 0.005
0.023 0.465 0 0.005
0.024 0.679 0 0.005
0.025 0.042 0 0.005
0.025 0.34 0 0.005
0.025 0.435 0 0.005
0.025 0.591 0 0.005
0.026 0.257 0 0.005
0.027 0.305 0 0.005
0.027 0.692 0 0.005
0.027 0.906 0 0.005
0.028 0.318 0 0.005
0.028 0.836 0 0.005
0.031 0.485 0 0.005
0.031 0.652 0 0.005
0.032 0.413 0 0.005
0.035 0.1 0 0.005
0.037 0.447 0 0.005
0.037 0.679 0 0.005
0.038 0.23 0 0.005
0.039 0.597 0 0.005
0.039 0.731 0 0.005
0.04 0.0033125 0 0.005
0.04 0.62 0 0.005
0.04 0.954 0 0.005
0.041 0.359 0 0.005
0.042 0.048 0 0.005
0.042 0.971 0 0.005
0.042 0.985 0 0.005
0.043 0.378 0 0.005
0.044 0.035 0 0.005
0.044 0.493 0 0.005
0.045 0.66 0 0.005
0.045 0.785 0 0.005
0.045 0.815 0 0.005
0.046 0.11 0 0.005
0.047 0.415 0 0.005
0.047 0.47 0 0.005
0.048 0.432 0 0.005
0.049 0.695 0 0.005
0.051 0.4 0 0.005
0.051 0.617 0 0.005
0.051 0.774 0 0.005
0.054 0.176 0 0.005
0.055 0.291 0 0.005
0.055 0.5 0 0.005
0.055 0.849 0 0.005
0.056 0.829 0 0.005
0.059 0.154 0 0.005
0.059 0.321 0 0.005
0.059 0.728 0 0.005
0.06 0.957 0 0.005
0.061 0.082 0 0.005
0.061 0.093 0 0.005
0.062 0.28 0 0.005
0.062 0.93 0 0.005
0.064 0.01 0 0.005
0.064 0.516 0 0.005
0.065 0.02 0 0.005
0.065 0.588 0 0.005
0.065 0.968 0 0.005
0.066 0.784 0 0.005
0.067 0.33 0 0.005
0.067 0.8 0 0.005
0.069 0.118 0 0.005
0.07 0.233 0 0.005
0.07 0.65 0 0.005
0.07 0.832 0 0.005
0.071 0.202 0 0.005
0.071 0.942 0 0.005
0.072 0.707 0 0.005
0.073 0.065 0 0.005
0.073 0.488 0 0.005
0.073 0.503 0 0.005
0.073 0.898 0 0.005
0.074 0.244 0 0.005
0.074 0.465 0 0.005
0.075 0.151 0 0.005
0.075 0.396 0 0.005
0.075 0.564 0 0.005
0.076 0.781 0 0.005
0.077 0.01 0 0.005
0.078 0.27 0 0.005
0.078 0.607 0 0.005
0.079 0.885 0 0.005
0.079 0.935 0 0.005
0.079 0.99 0 0.005
0.081 0.258 0 0.005
0.081 0.424 0 0.005
0.081 0.656 0 0.005
0.081 0.721 0 0.005
0.08 0.9985833333333334 0 0.005
0.083 0.059 0 0.005
0.083 0.688 0 0.005
0.084 0.304 0 0.005
0.085 0.465 0 0.005
0.085 0.944 0 0.005
0.086 0.121 0 0.005
0.087 0.076 0 0.005
0.088 0.836 0 0.005
0.088 0.904 0 0.005
0.09 0.269 0 0.005
0.09 0.365 0 0.005
0.091 0.296 0 0.005
0.091 0.672 0 0.005
0.091 0.714 0 0.005
0.092 0.254 0 0.005
0.092 0.393 0 0.005
0.094 0.155 0 0.005
0.094 0.765 0 0.005
0.095 0.341 0 0.005
0.096 0.562 0 0.005
0.097 0.524 0 0.005
0.097 0.929 0 0.005
0.098 0.168 0 0.005
0.099 0.891 0 0.005
0.101 0.9977333333333334 0 0.005
0.103 0.638 0 0.005
0.104 0.281 0 0.005
0.105 0.86 0 0.005
0.109 0.423 0 0.005
0.111 0.307 0 0.005
0.111 0.739 0 0.005
0.112 0.532 0 0.005
0.113 0.931 0 0.005
0.114 0.994 0 0.005
0.115 0.407 0 0.005
0.115 0.48 0 0.005
0.116 0.008 0 0.005
0.116 0.147 0 0.005
0.118 0.685 0 0.005
0.118 0.863 0 0.005
0.119 0.456 0 0.005
0.119 0.703 0 0.005
0.119 0.839 0 0.005
0.12 0.203 0 0.005
0.121 0.913 0 0.005
0.123 0.215 0 0.005
0.123 0.25 0 0.005
0.123 0.384 0 0.005
0.123 0.556 0 0.005
0.123 0.646 0 0.005
0.123 0.739 0 0.005
0.124 0.445 0 0.005
0.124 0.898 0 0.005
0.124 0.9977333333333334 0 0.005
0.126 0.014 0 0.005
0.126 0.672 0 0.005
0.127 0.394 0 0.005
0.127 0.99 0 0.005
0.128 0.719 0 0.005
0.13 0.276 0 0.005
0.13 0.835 0 0.005
0.13 0.869 0 0.005
0.131 0.115 0 0.005
0.131 0.244 0 0.005
0.131 0.884 0 0.005
0.132 0.367 0 0.005
0.133 0.707 0 0.005
0.133 0.958 0 0.005
0.135 0.07 0 0.005
0.136 0.482 0 0.005
0.136 0.68 0 0.005
0.137 0.038 0 0.005
0.137 0.925 0 0.005
0.139 0.011 0 0.005
0.139 0.516 0 0.005
0.139 0.9981904761904762 0 0.005
0.14 0.262 0 0.005
0.14 0.419 0 0.005
0.142 0.16 0 0.005
0.142 0.723 0 0.005
0.142 0.855 0 0.005
0.143 0.307 0 0.005
0.143 0.699 0 0.005
0.144 0.147 0 0.005
0.144 0.296 0 0.005
0.145 0.78 0 0.005
0.147 0.026 0 0.005
0.148 0.447 0 0.005
0.148 0.608 0 0.005
0.149 0.113 0 0.005
0.149 0.222 0 0.005
0.151 0.493 0 0.005
0.153 0.195 0 0.005
0.153 0.235 0 0.005
0.154 0.807 0 0.005
0.155 0.788 0 0.005
0.155 0.834 0 0.005
0.156 0.253 0 0.005
0.156 0.331 0 0.005
0.157 0.054 0 0.005
0.157 0.714 0 0.005
0.157 0.937 0 0.005
0.157 0.983 0 0.005
0.158 0.088 0 0.005
0.158 0.744 0 0.005
0.162 0.9972564102564103 0 0.005
0.163 0.611 0 0.005
0.164 0.155 0 0.005
0.164 0.308 0 0.005
0.165 0.721 0 0.005
0.167 0.599 0 0.005
0.168 0.935 0 0.005
0.168 0.958 0 0.005
0.171 0.13 0 0.005
0.171 0.187 0 0.005
0.171 0.731 0 0.005
0.172 0.243 0 0.005
0.174 0.058 0 0.005
0.174 0.412 0 0.005
0.174 0.772 0 0.005
0.175 0.112 0 0.005
0.175 0.648 0 0.005
0.176 0.355 0 0.005
0.177 0.323 0 0.005
0.177 0.526 0 0.005
0.177 0.761 0 0.005
0.178 0.628 0 0.005
0.179 0.456 0 0.005
0.18 0.282 0 0.005
0.18 0.855 0 0.005
0.181 0.67 0 0.005
0.181 0.689 0 0.005
0.182 0.367 0 0.005
0.184 0.433 0 0.005
0.184 0.9985833333333334 0 0.005
0.186 0.813 0 0.005
0.186 0.989 0 0.005
0.189 0.132 0 0.005
0.189 0.298 0 0.005
0.189 0.604 0 0.005
0.19 0.155 0 0.005
0.19 0.312 0 0.005
0.19 0.71 0 0.005
0.19 0.875 0 0.005
0.192 0.501 0 0.005
0.192 0.695 0 0.005
0.193 0.491 0 0.005
0.193 0.576 0 0.005
0.193 0.838 0 0.005
0.194 0.221 0 0.005
0.194 0.348 0 0.005
0.194 0.378 0 0.005
0.194 0.678 0 0.005
0.195 0.661 0 0.005
0.196 0.792 0 0.005
0.197 0.741 0 0.005
0.199 0.272 0 0.005
0.2 0.458 0 0.005
0.2 0.985 0 0.005
0.201 0.624 0 0.005
0.202 0.242 0 0.005
0.202 0.56 0 0.005
0.203 0.525 0 0.005
0.204 0.135 0 0.005
0.204 0.206 0 0.005
0.205 0.15 0 0.005
0.205 0.503 0 0.005
0.205 0.82 0 0.005
0.205 0.911 0 0.005
0.206 0.44 0 0.005
0.206 0.596 0 0.005
0.206 0.873 0 0.005
0.207 0.217 0 0.005
0.208 0.345 0 0.005
0.208 0.9977333333333334 0 0.005
0.209 0.854 0 0.005
0.21 0.744 0 0.005
0.211 0.083 0 0.005
0.212 0.182 0 0.005
0.213 0.769 0 0.005
0.217 0.517 0 0.005
0.217 0.72 0 0.005
0.218 0.23 0 0.005
0.218 0.968 0 0.005
0.219 0.0033125 0 0.005
0.219 0.927 0 0.005
0.22 0.33 0 0.005
0.221 0.079 0 0.005
0.221 0.39 0 0.005
0.221 0.681 0 0.005
0.222 0.017 0 0.005
0.222 0.955 0 0.005
0.223 0.605 0 0.005
0.224 0.372 0 0.005
0.225 0.765 0 0.005
0.226 0.454 0 0.005
0.226 0.539 0 0.005
0.227 0.731 0 0.005
0.227 0.982 0 0.005
0.229 0.318 0 0.005
0.229 0.58 0 0.005
0.23 0.284 0 0.005
0.23 0.399 0 0.005
0.231 0.153 0 0.005
0.232 0.066 0 0.005
0.232 0.165 0 0.005
0.232 0.821 0 0.005
0.234 0.871 0 0.005
0.236 0.368 0 0.005
0.237 0.03 0 0.005
0.237 0.688 0 0.005
0.237 0.964 0 0.005
0.238 0.017 0 0.005
0.238 0.047 0 0.005
0.238 0.629 0 0.005
0.239 0.123 0 0.005
0.24 0.356 0 0.005
0.24 0.431 0 0.005
0.241 0.106 0 0.005
0.241 0.718 0 0.005
0.242 0.393 0 0.005
0.243 0.519 0 0.005
0.244 0.568 0 0.005
0.244 0.586 0 0.005
0.245 0.873 0 0.005
0.247 0.082 0 0.005
0.247 0.229 0 0.005
0.247 0.326 0 0.005
0.247 0.611 0 0.005
0.248 0.205 0 0.005
0.249 0.652 0 0.005
0.249 0.666 0 0.005
0.249 0.995 0 0.005
0.251 0.352 0 0.005
0.252 0.311 0 0.005
0.253 0.099 0 0.005
0.253 0.397 0 0.005
0.253 0.418 0 0.005
0.254 0.837 0 0.005
0.256 0.194 0 0.005
0.257 0.179 0 0.005
0.258 0.023 0 0.005
0.258 0.336 0 0.005
0.259 0.251 0 0.005
0.259 0.449 0 0.005
0.26 0.042 0 0.005
0.26 0.554 0 0.005
0.26 0.941 0 0.005
0.261 0.122 0 0.005
0.262 0.581 0 0.005
0.262 0.661 0 0.005
0.262 0.852 0 0.005
0.263 0.301 0 0.005
0.263 0.37 0 0.005
0.263 0.567 0 0.005
0.263 0.607 0 0.005
0.263 0.754 0 0.005
0.264 0.8 0 0.005
0.264 0.839 0 0.005
0.264 0.875 0 0.005
0.264 0.91 0 0.005
0.266 0.597 0 0.005
0.268 0.068 0 0.005
0.268 0.479 0 0.005
0.271 0.453 0 0.005
0.272 0.721 0 0.005
0.273 0.203 0 0.005
0.274 0.145 0 0.005
0.274 0.646 0 0.005
0.274 0.763 0 0.005
0.275 0.676 0 0.005
0.276 0.529 0 0.005
0.276 0.797 0 0.005
0.278 0.114 0 0.005
0.278 0.404 0 0.005
0.278 0.485 0 0.005
0.279 0.343 0 0.005
0.28 0.391 0 0.005
0.282 0.612 0 0.005
0.283 0.723 0 0.005
0.284 0.129 0 0.005
0.284 0.233 0 0.005
0.285 0.187 0 0.005
0.285 0.847 0 0.005
0.286 0.276 0 0.005
0.287 0.802 0 0.005
0.289 0.097 0 0.005
0.289 0.174 0 0.005
0.289 0.971 0 0.005
0.29 0.349 0 0.005
0.292 0.056 0 0.005
0.292 0.322 0 0.005
0.293 0.626 0 0.005
0.293 0.645 0 0.005
0.294 0.548 0 0.005
0.294 0.828 0 0.005
0.295 0.164 0 0.005
0.295 0.562 0 0.005
0.295 0.817 0 0.005
0.296 0.142 0 0.005
0.296 0.276 0 0.005
0.297 0.222 0 0.005
0.297 0.677 0 0.005
0.299 0.012 0 0.005
0.299 0.951 0 0.005
0.3 0.343 0 0.005
0.3 0.76 0 0.005
0.301 0.113 0 0.005
0.301 0.885 0 0.005
0.302 0.382 0 0.005
0.302 0.728 0 0.005
0.302 0.917 0 0.005
0.303 0.895 0 0.005
0.304 0.251 0 0.005
0.305 0.395 0 0.005
0.305 0.426 0 0.005
0.305 0.812 0 0.005
0.305 0.939 0 0.005
0.306 0.17 0 0.005
0.307 0.145 0 0.005
0.307 0.621 0 0.005
0.309 0.907 0 0.005
0.31 0.658 0 0.005
0.31 0.793 0 0.005
0.311 0.475 0 0.005
0.312 0.053 0 0.005
0.312 0.991 0 0.005
0.315 0.491 0 0.005
0.315 0.586 0 0.005
0.315 0.815 0 0.005
0.316 0.199 0 0.005
0.316 0.265 0 0.005
0.317 0.322 0 0.005
0.317 0.826 0 0.005
0.319 0.137 0 0.005
0.321 0.016 0 0.005
0.321 0.419 0 0.005
0.324 0.334 0 0.005
0.324 0.79 0 0.005
0.325 0.117 0 0.005
0.325 0.215 0 0.005
0.325 0.282 0 0.005
0.325 0.81 0 0.005
0.326 0.303 0 0.005
0.326 0.486 0 0.005
0.326 0.523 0 0.005
0.327 0.035 0 0.005
0.327 0.236 0 0.005
0.327 0.322 0 0.005
0.327 0.608 0 0.005
0.328 0.666 0 0.005
0.329 0.931 0 0.005
0.33 0.75 0 0.005
0.332 0.342 0 0.005
0.332 0.5 0 0.005
0.332 0.544 0 0.005
0.333 0.157 0 0.005
0.333 0.899 0 0.005
0.334 0.206 0 0.005
0.336 0.095 0 0.005
0.338 0.825 0 0.005
0.339 0.11 0 0.005
0.339 0.713 0 0.005
0.34 0.331 0 0.005
0.34 0.441 0 0.005
0.342 0.775 0 0.005
0.342 0.84 0 0.005
0.343 0.517 0 0.005
0.343 0.744 0 0.005
0.345 0.645 0 0.005
0.346 0.416 0 0.005
0.347 0.995 0 0.005
0.348 0.87 0 0.005
0.349 0.733 0 0.005
0.35 0.544 0 0.005
0.35 0.894 0 0.005
0.351 0.02 0 0.005
0.351 0.276 0 0.005
0.351 0.452 0 0.005
0.351 0.924 0 0.005
0.352 0.055 0 0.005
0.352 0.237 0 0.005
0.352 0.809 0 0.005
0.352 0.837 0 0.005
0.353 0.529 0 0.005
0.354 0.392 0 0.005
0.354 0.427 0 0.005
0.355 0.699 0 0.005
0.357 0.712 0 0.005
0.358 0.633 0 0.005
0.359 0.162 0 0.005
0.36 0.226 0 0.005
0.36 0.261 0 0.005
0.361 0.476 0 0.005
0.361 0.554 0 0.005
0.362 0.69 0 0.005
0.363 0.337 0 0.005
0.363 0.786 0 0.005
0.363 0.892 0 0.005
0.364 0.107 0 0.005
0.364 0.145 0 0.005
0.365 0.17 0 0.005
0.365 0.271 0 0.005
0.366 0.385 0 0.005
0.367 0.195 0 0.005
0.367 0.562 0 0.005
0.368 0.67 0 0.005
0.369 0.287 0 0.005
0.37 0.029 0 0.005
0.37 0.9967708333333334 0 0.005
0.374 0.624 0 0.005
0.374 0.64 0 0.005
0.374 0.932 0 0.005
0.375 0.114 0 0.005
0.375 0.459 0 0.005
0.375 0.598 0 0.005
0.375 0.891 0 0.005
0.376 0.49 0 0.005
0.377 0.398 0 0.005
0.378 0.265 0 0.005
0.378 0.325 0 0.005
0.379 0.17 0 0.005
0.379 0.512 0 0.005
0.379 0.693 0 0.005
0.379 0.789 0 0.005
0.379 0.0004166666666666667 0 0.005
0.38 0.563 0 0.005
0.381 0.148 0 0.005
0.381 0.615 0 0.005
0.383 0.605 0 0.005
0.383 0.923 0 0.005
0.383 0.942 0 0.005
0.384 0.375 0 0.005
0.385 0.194 0 0.005
0.385 0.986 0 0.005
0.387 0.097 0 0.005
0.387 0.33 0 0.005
0.388 0.506 0 0.005
0.388 0.569 0 0.005
0.389 0.167 0 0.005
0.389 0.461 0 0.005
0.391 0.142 0 0.005
0.392 0.186 0 0.005
0.392 0.267 0 0.005
0.392 0.903 0 0.005
0.392 0.914 0 0.005
0.394 0.715 0 0.005
0.394 0.789 0 0.005
0.394 0.95 0 0.005
0.395 0.28 0 0.005
0.397 0.022 0 0.005
0.398 0.52 0 0.005
0.399 0.29 0 0.005
0.402 0.312 0 0.005
0.402 0.405 0 0.005
0.402 0.485 0 0.005
0.403 0.542 0 0.005
0.405 0.075 0 0.005
0.405 0.719 0 0.005
0.406 0.671 0 0.005
0.406 0.683 0 0.005
0.407 0.607 0 0.005
0.407 0.839 0 0.005
0.408 0.251 0 0.005
0.408 0.558 0 0.005
0.408 0.909 0 0.005
0.409 0.369 0 0.005
0.41 0.228 0 0.005
0.412 0.358 0 0.005
0.415 0.945 0 0.005
0.415 0.961 0 0.005
0.416 0.059 0 0.005
0.416 0.869 0 0.005
0.418 0.782 0 0.005
0.421 0.372 0 0.005
0.421 0.589 0 0.005
0.421 0.619 0 0.005
0.421 0.765 0 0.005
0.422 0.291 0 0.005
0.422 0.635 0 0.005
0.422 0.749 0 0.005
0.423 0.356 0 0.005
0.424 0.085 0 0.005
0.424 0.264 0 0.005
0.424 0.89 0 0.005
0.427 0.464 0 0.005
0.427 0.844 0 0.005
0.429 0.393 0 0.005
0.429 0.939 0 0.005
0.43 0.094 0 0.005
0.43 0.282 0 0.005
0.432 0.517 0 0.005
0.432 0.747 0 0.005
0.433 0.59 0 0.005
0.434 0.825 0 0.005
0.435 0.119 0 0.005
0.436 0.192 0 0.005
0.436 0.607 0 0.005
0.436 0.836 0 0.005
0.437 0.264 0 0.005
0.437 0.365 0 0.005
0.437 0.994 0 0.005
0.439 0.413 0 0.005
0.441 0.376 0 0.005
0.441 0.759 0 0.005
0.441 0.79 0 0.005
0.442 0.515 0 0.005
0.443 0.476 0 0.005
0.443 0.551 0 0.005
0.444 0.301 0 0.005
0.445 0.354 0 0.005
0.448 0.265 0 0.005
0.45 0.899 0 0.005
0.451 0.183 0 0.005
0.451 0.381 0 0.005
0.451 0.708 0 0.005
0.452 0.223 0 0.005
0.453 0.853 0 0.005
0.454 0.108 0 0.005
0.455 0.2 0 0.005
0.455 0.772 0 0.005
0.455 0.802 0 0.005
0.456 0.14 0 0.005
0.458 0.314 0 0.005
0.46 0.116 0 0.005
0.46 0.504 0 0.005
0.46 0.564 0 0.005
0.461 0.451 0 0.005
0.462 0.055 0 0.005
0.462 0.214 0 0.005
0.462 0.335 0 0.005
0.462 0.537 0 0.005
0.463 0.025 0 0.005
0.465 0.305 0 0.005
0.466 0.357 0 0.005
0.467 0.624 0 0.005
0.467 0.797 0 0.005
0.468 0.322 0 0.005
0.468 0.932 0 0.005
0.469 0.284 0 0.005
0.469 0.842 0 0.005
0.47 0.476 0 0.005
0.47 0.885 0 0.005
0.471 0.832 0 0.005
0.472 0.609 0 0.005
0.473 0.17 0 0.005
0.474 0.533 0 0.005
0.474 0.907 0 0.005
0.475 0.362 0 0.005
0.476 0.016 0 0.005
0.476 0.433 0 0.005
0.477 0.621 0 0.005
0.478 0.396 0 0.005
0.48 0.475 0 0.005
0.48 0.519 0 0.005
0.48 0.682 0 0.005
0.481 0.552 0 0.005
0.481 0.567 0 0.005
0.481 0.659 0 0.005
0.481 0.92 0 0.005
0.482 0.316 0 0.005
0.483 0.41 0 0.005
0.484 0.152 0 0.005
0.484 0.305 0 0.005
0.484 0.343 0 0.005
0.485 0.9972564102564103 0 0.005
0.486 0.255 0 0.005
0.486 0.879 0 0.005
0.489 0.121 0 0.005
0.49 0.777 0 0.005
0.492 0.8 0 0.005
0.493 0.53 0 0.005
0.493 0.96 0 0.005
0.493 0.971 0 0.005
0.494 0.069 0 0.005
0.494 0.219 0 0.005
0.494 0.629 0 0.005
0.496 0.236 0 0.005
0.496 0.306 0 0.005
0.496 0.473 0 0.005
0.497 0.293 0 0.005
0.497 0.821 0 0.005
0.5 0.421 0 0.005
0.5 0.538 0 0.005
0.5 0.554 0 0.005
0.5 0.887 0 0.005
0.503 0.314 0 0.005
0.505 0.261 0 0.005
0.505 0.637 0 0.005
0.507 0.464 0 0.005
0.508 0.448 0 0.005
0.508 0.591 0 0.005
0.51 0.567 0 0.005
0.511 0.021 0 0.005
0.511 0.057 0 0.005
0.511 0.36 0 0.005
0.511 0.719 0 0.005
0.513 0.123 0 0.005
0.513 0.582 0 0.005
0.513 0.662 0 0.005
0.513 0.853 0 0.005
0.513 0.951 0 0.005
0.514 0.282 0 0.005
0.515 0.425 0 0.005
0.515 0.552 0 0.005
0.516 0.007 0 0.005
0.516 0.174 0 0.005
0.517 0.691 0 0.005
0.519 0.032 0 0.005
0.519 0.073 0 0.005
0.519 0.403 0 0.005
0.521 0.16 0 0.005
0.521 0.767 0 0.005
0.523 0.117 0 0.005
0.525 0.96 0 0.005
0.526 0.353 0 0.005
0.526 0.937 0 0.005
0.527 0.15 0 0.005
0.527 0.713 0 0.005
0.528 0.803 0 0.005
0.529 0.453 0 0.005
0.53 0.565 0 0.005
0.53 0.62 0 0.005
0.531 0.236 0 0.005
0.532 0.183 0 0.005
0.534 0.528 0 0.005
0.535 0.109 0 0.005
0.536 0.429 0 0.005
0.536 0.996280701754386 0 0.005
0.537 0.909 0 0.005
0.537 0.938 0 0.005
0.539 0.383 0 0.005
0.539 0.609 0 0.005
0.54 0.418 0 0.005
0.54 0.835 0 0.005
0.542 0.395 0 0.005
0.542 0.587 0 0.005
0.542 0.847 0 0.005
0.542 0.963 0 0.005
0.544 0.07 0 0.005
0.544 0.29 0 0.005
0.544 0.951 0 0.005
0.545 0.332 0 0.005
0.548 0.221 0 0.005
0.548 0.483 0 0.005
0.549 0.871 0 0.005
0.55 0.549 0 0.005
0.55 0.572 0 0.005
0.55 0.727 0 0.005
0.55 0.881 0 0.005
0.551 0.976 0 0.005
0.553 0.095 0 0.005
0.555 0.814 0 0.005
0.556 0.301 0 0.005
0.557 0.193 0 0.005
0.557 0.346 0 0.005
0.557 0.385 0 0.005
0.557 0.457 0 0.005
0.557 0.911 0 0.005
0.558 0.005 0 0.005
0.558 0.258 0 0.005
0.558 0.285 0 0.005
0.558 0.512 0 0.005
0.558 0.694 0 0.005
0.559 0.399 0 0.005
0.56 0.364 0 0.005
0.561 0.736 0 0.005
0.562 0.118 0 0.005
0.562 0.32 0 0.005
0.562 0.756 0 0.005
0.562 0.985 0 0.005
0.565 0.639 0 0.005
0.566 0.063 0 0.005
0.566 0.67 0 0.005
0.567 0.165 0 0.005
0.567 0.354 0 0.005
0.567 0.504 0 0.005
0.569 0.451 0 0.005
0.57 0.705 0 0.005
0.57 0.932 0 0.005
0.571 0.054 0 0.005
0.571 0.376 0 0.005
0.572 0.619 0 0.005
0.572 0.793 0 0.005
0.574 0.079 0 0.005
0.575 0.03 0 0.005
0.575 0.1 0 0.005
0.575 0.264 0 0.005
0.575 0.487 0 0.005
0.578 0.202 0 0.005
0.578 0.227 0 0.005
0.579 0.158 0 0.005
0.579 0.25 0 0.005
0.579 0.346 0 0.005
0.58 0.983 0 0.005
0.581 0.192 0 0.005
0.581 0.462 0 0.005
0.582 0.856 0 0.005
0.584 0.006 0 0.005
0.585 0.483 0 0.005
0.585 0.728 0 0.005
0.586 0.264 0 0.005
0.587 0.893 0 0.005
0.588 0.415 0 0.005
0.589 0.556 0 0.005
0.589 0.588 0 0.005
0.591 0.809 0 0.005
0.591 0.832 0 0.005
0.592 0.638 0 0.005
0.592 0.876 0 0.005
0.593 0.024 0 0.005
0.593 0.042 0 0.005
0.593 0.375 0 0.005
0.594 0.454 0 0.005
0.594 0.977 0 0.005
0.595 0.789 0 0.005
0.595 0.905 0 0.005
0.597 0.669 0 0.005
0.597 0.694 0 0.005
0.597 0.72 0 0.005
0.598 0.082 0 0.005
0.599 0.161 0 0.005
0.599 0.316 0 0.005
0.599 0.472 0 0.005
0.599 0.516 0 0.005
0.599 0.547 0 0.005
0.599 0.748 0 0.005
0.603 0.056 0 0.005
0.603 0.327 0 0.005
0.603 0.884 0 0.005
0.603 0.932 0 0.005
0.604 0.771 0 0.005
0.604 0.995 0 0.005
0.606 0.17 0 0.005
0.607 0.349 0 0.005
0.607 0.416 0 0.005
0.607 0.985 0 0.005
0.608 0.225 0 0.005
0.608 0.368 0 0.005
0.608 0.784 0 0.005
0.608 0.961 0 0.005
0.609 0.292 0 0.005
0.609 0.405 0 0.005
0.61 0.555 0 0.005
0.612 0.5 0 0.005
0.613 0.647 0 0.005
0.615 0.005 0 0.005
0.615 0.433 0 0.005
0.615 0.881 0 0.005
0.616 0.152 0 0.005
0.617 0.573 0 0.005
0.618 0.827 0 0.005
0.619 0.186 0 0.005
0.619 0.56 0 0.005
0.62 0.385 0 0.005
0.62 0.992 0 0.005
0.622 0.102 0 0.005
0.622 0.0004166666666666667 0 0.005
0.623 0.364 0 0.005
0.624 0.582 0 0.005
0.624 0.849 0 0.005
0.625 0.298 0 0.005
0.625 0.98 0 0.005
0.626 0.033 0 0.005
0.626 0.206 0 0.005
0.626 0.411 0 0.005
0.627 0.61 0 0.005
0.629 0.375 0 0.005
0.63 0.432 0 0.005
0.632 0.017 0 0.005
0.633 0.689 0 0.005
0.633 0.724 0 0.005
0.633 0.935 0 0.005
0.634 0.464 0 0.005
0.635 0.04 0 0.005
0.635 0.119 0 0.005
0.635 0.482 0 0.005
0.635 0.546 0 0.005
0.636 0.739 0 0.005
0.637 0.0022291666666666666 0 0.005
0.637 0.197 0 0.005
0.637 0.869 0 0.005
0.638 0.149 0 0.005
0.638 0.505 0 0.005
0.639 0.235 0 0.005
0.639 0.774 0 0.005
0.64 0.406 0 0.005
0.641 0.834 0 0.005
0.642 0.285 0 0.005
0.643 0.183 0 0.005
0.643 0.419 0 0.005
0.643 0.752 0 0.005
0.644 0.712 0 0.005
0.644 0.894 0 0.005
0.645 0.763 0 0.005
0.645 0.787 0 0.005
0.649 0.06 0 0.005
0.649 0.648 0 0.005
0.649 0.874 0 0.005
0.65 0.002719298245614035 0 0.005
0.653 0.017 0 0.005
0.653 0.25 0 0.005
0.653 0.545 0 0.005
0.653 0.568 0 0.005
0.653 0.801 0 0.005
0.654 0.952 0 0.005
0.655 0.198 0 0.005
0.655 0.849 0 0.005
0.655 0.99 0 0.005
0.656 0.709 0 0.005
0.657 0.084 0 0.005
0.657 0.462 0 0.005
0.657 0.614 0 0.005
0.657 0.689 0 0.005
0.659 0.13 0 0.005
0.659 0.18 0 0.005
0.66 0.354 0 0.005
0.66 0.777 0 0.005
0.661 0.817 0 0.005
0.662 0.599 0 0.005
0.664 0.271 0 0.005
0.664 0.561 0 0.005
0.664 0.803 0 0.005
0.666 0.005 0 0.005
0.666 0.523 0 0.005
0.666 0.661 0 0.005
0.666 0.751 0 0.005
0.667 0.317 0 0.005
0.668 0.143 0 0.005
0.668 0.365 0 0.005
0.668 0.386 0 0.005
0.668 0.399 0 0.005
0.669 0.851 0 0.005
0.67 0.426 0 0.005
0.671 0.169 0 0.005
0.671 0.538 0 0.005
0.673 0.598 0 0.005
0.675 0.188 0 0.005
0.675 0.466 0 0.005
0.676 0.207 0 0.005
0.677 0.495 0 0.005
0.677 0.522 0 0.005
0.677 0.682 0 0.005
0.677 0.834 0 0.005
0.678 0.123 0 0.005
0.679 0.301 0 0.005
0.68 0.354 0 0.005
0.68 0.44 0 0.005
0.681 0.008 0 0.005
0.682 0.223 0 0.005
0.682 0.249 0 0.005
0.682 0.974 0 0.005
0.683 0.614 0 0.005
0.683 0.758 0 0.005
0.684 0.342 0 0.005
0.685 0.424 0 0.005
0.685 0.453 0 0.005
0.686 0.038 0 0.005
0.686 0.867 0 0.005
0.688 0.197 0 0.005
0.688 0.625 0 0.005
0.689 0.951 0 0.005
0.689 0.994 0 0.005
0.69 0.145 0 0.005
0.692 0.407 0 0.005
0.693 0.0012666666666666666 0 0.005
0.693 0.808 0 0.005
0.694 0.116 0 0.005
0.694 0.663 0 0.005
0.696 0.054 0 0.005
0.696 0.768 0 0.005
0.697 0.301 0 0.005
0.698 0.191 0 0.005
0.698 0.597 0 0.005
0.699 0.615 0 0.005
0.699 0.688 0 0.005
0.7 0.324 0 0.005
0.7 0.742 0 0.005
0.701 0.782 0 0.005
0.703 0.956 0 0.005
0.705 0.199 0 0.005
0.705 0.415 0 0.005
0.705 0.473 0 0.005
0.706 0.536 0 0.005
0.707 0.009 0 0.005
0.708 0.629 0 0.005
0.709 0.367 0 0.005
0.71 0.509 0 0.005
0.71 0.915 0 0.005
0.711 0.426 0 0.005
0.712 0.807 0 0.005
0.713 0.254 0 0.005
0.713 0.956 0 0.005
0.714 0.733 0 0.005
0.715 0.644 0 0.005
0.715 0.765 0 0.005
0.716 0.08 0 0.005
0.716 0.797 0 0.005
0.716 0.852 0 0.005
0.716 0.926 0 0.005
0.718 0.163 0 0.005
0.719 0.013 0 0.005
0.719 0.358 0 0.005
0.719 0.552 0 0.005
0.72 0.055 0 0.005
0.72 0.534 0 0.005
0.72 0.685 0 0.005
0.721 0.399 0 0.005
0.721 0.627 0 0.005
0.723 0.11 0 0.005
0.723 0.944 0 0.005
0.724 0.28 0 0.005
0.724 0.831 0 0.005
0.726 0.388 0 0.005
0.726 0.784 0 0.005
0.726 0.885 0 0.005
0.728 0.132 0 0.005
0.728 0.461 0 0.005
0.728 0.755 0 0.005
0.729 0.364 0 0.005
0.729 0.679 0 0.005
0.729 0.978 0 0.005
0.73 0.032 0 0.005
0.73 0.865 0 0.005
0.731 0.186 0 0.005
0.731 0.302 0 0.005
0.731 0.529 0 0.005
0.732 0.332 0 0.005
0.733 0.912 0 0.005
0.734 0.314 0 0.005
0.737 0.109 0 0.005
0.737 0.646 0 0.005
0.738 0.496 0 0.005
0.74 0.042 0 0.005
0.74 0.348 0 0.005
0.741 0.687 0 0.005
0.742 0.843 0 0.005
0.743 0.09 0 0.005
0.743 0.406 0 0.005
0.744 0.989 0 0.005
0.745 0.272 0 0.005
0.745 0.888 0 0.005
0.746 0.59 0 0.005
0.749 0.536 0 0.005
0.75 0.415 0 0.005
0.75 0.552 0 0.005
0.751 0.503 0 0.005
0.751 0.877 0 0.005
0.751 0.978 0 0.005
0.752 0.045 0 0.005
0.754 0.621 0 0.005
0.755 0.527 0 0.005
0.755 0.722 0 0.005
0.755 0.848 0 0.005
0.755 0.921 0 0.005
0.756 0.18 0 0.005
0.756 0.636 0 0.005
0.757 0.317 0 0.005
0.757 0.736 0 0.005
0.758 0.293 0 0.005
0.758 0.452 0 0.005
0.758 0.821 0 0.005
0.759 0.38 0 0.005
0.76 0.763 0 0.005
0.761 0.474 0 0.005
0.762 0.216 0 0.005
0.766 0.16 0 0.005
0.766 0.979 0 0.005
0.768 0.131 0 0.005
0.768 0.391 0 0.005
0.768 0.595 0 0.005
0.769 0.19 0 0.005
0.77 0.643 0 0.005
0.771 0.054 0 0.005
0.771 0.327 0 0.005
0.771 0.777 0 0.005
0.773 0.496 0 0.005
0.773 0.814 0 0.005
0.774 0.576 0 0.005
0.774 0.735 0 0.005
0.775 0.752 0 0.005
0.776 0.104 0 0.005
0.776 0.153 0 0.005
0.776 0.68 0 0.005
0.777 0.952 0 0.005
0.778 0.038 0 0.005
0.778 0.552 0 0.005
0.779 0.463 0 0.005
0.781 0.052 0 0.005
0.781 0.703 0 0.005
0.782 0.672 0 0.005
0.783 0.325 0 0.005
0.783 0.379 0 0.005
0.783 0.595 0 0.005
0.783 0.693 0 0.005
0.784 0.065 0 0.005
0.784 0.277 0 0.005
0.784 0.487 0 0.005
0.786 0.409 0 0.005
0.786 0.904 0 0.005
0.787 0.22 0 0.005
0.787 0.304 0 0.005
0.789 0.141 0 0.005
0.789 0.399 0 0.005
0.789 0.478 0 0.005
0.789 0.608 0 0.005
0.79 0.42 0 0.005
0.791 0.316 0 0.005
0.791 0.715 0 0.005
0.791 0.974 0 0.005
0.792 0.118 0 0.005
0.792 0.866 0 0.005
0.793 0.847 0 0.005
0.794 0.273 0 0.005
0.796 0.46 0 0.005
0.797 0.679 0 0.005
0.797 0.959 0 0.005
0.798 0.228 0 0.005
0.798 0.568 0 0.005
0.802 0.021 0 0.005
0.802 0.364 0 0.005
0.802 0.801 0 0.005
0.803 0.032 0 0.005
0.803 0.178 0 0.005
0.803 0.539 0 0.005
0.803 0.817 0 0.005
0.804 0.254 0 0.005
0.804 0.426 0 0.005
0.804 0.87 0 0.005
0.805 0.646 0 0.005
0.808 0.936 0 0.005
0.809 0.285 0 0.005
0.809 0.381 0 0.005
0.809 0.623 0 0.005
0.811 0.328 0 0.005
0.811 0.358 0 0.005
0.811 0.703 0 0.005
0.812 0.551 0 0.005
0.814 0.787 0 0.005
0.814 0.977 0 0.005
0.816 0.113 0 0.005
0.816 0.681 0 0.005
0.816 0.713 0 0.005
0.817 0.9967708333333334 0 0.005
0.82 0.213 0 0.005
0.822 0.07 0 0.005
0.823 0.023 0 0.005
0.823 0.284 0 0.005
0.823 0.957 0 0.005
0.825 0.645 0 0.005
0.826 0.237 0 0.005
0.826 0.274 0 0.005
0.826 0.467 0 0.005
0.826 0.702 0 0.005
0.827 0.033 0 0.005
0.827 0.123 0 0.005
0.827 0.223 0 0.005
0.827 0.739 0 0.005
0.828 0.439 0 0.005
0.828 0.929 0 0.005
0.83 0.009 0 0.005
0.83 0.669 0 0.005
0.831 0.377 0 0.005
0.833 0.331 0 0.005
0.833 0.94 0 0.005
0.833 0.992 0 0.005
0.834 0.094 0 0.005
0.835 0.842 0 0.005
0.836 0.469 0 0.005
0.836 0.63 0 0.005
0.836 0.791 0 0.005
0.837 0.425 0 0.005
0.838 0.048 0 0.005
0.838 0.533 0 0.005
0.838 0.697 0 0.005
0.838 0.741 0 0.005
0.838 0.91 0 0.005
0.839 0.455 0 0.005
0.839 0.546 0 0.005
0.84 0.32 0 0.005
0.84 0.981 0 0.005
0.843 0.269 0 0.005
0.843 0.522 0 0.005
0.843 0.967 0 0.005
0.844 0.829 0 0.005
0.844 0.0004166666666666667 0 0.005
0.845 0.364 0 0.005
0.846 0.754 0 0.005
0.846 0.996280701754386 0 0.005
0.847 0.441 0 0.005
0.847 0.814 0 0.005
0.849 0.561 0 0.005
0.85 0.033 0 0.005
0.851 0.453 0 0.005
0.851 0.591 0 0.005
0.852 0.091 0 0.005
0.853 0.543 0 0.005
0.853 0.638 0 0.005
0.853 0.655 0 0.005
0.854 0.323 0 0.005
0.854 0.973 0 0.005
0.855 0.0017435897435897436 0 0.005
0.855 0.263 0 0.005
0.855 0.4 0 0.005
0.855 0.963 0 0.005
0.856 0.697 0 0.005
0.858 0.143 0 0.005
0.858 0.155 0 0.005
0.858 0.308 0 0.005
0.859 0.189 0 0.005
0.861 0.674 0 0.005
0.862 0.904 0 0.005
0.863 0.122 0 0.005
0.863 0.773 0 0.005
0.864 0.258 0 0.005
0.866 0.075 0 0.005
0.866 0.172 0 0.005
0.866 0.225 0 0.005
0.866 0.367 0 0.005
0.866 0.463 0 0.005
0.866 0.807 0 0.005
0.867 0.663 0 0.005
0.868 0.289 0 0.005
0.87 0.355 0 0.005
0.87 0.715 0 0.005
0.87 0.849 0 0.005
0.871 0.24 0 0.005
0.871 0.603 0 0.005
0.871 0.683 0 0.005
0.872 0.189 0 0.005
0.872 0.217 0 0.005
0.872 0.572 0 0.005
0.872 0.837 0 0.005
0.873 0.304 0 0.005
0.874 0.128 0 0.005
0.875 0.383 0 0.005
0.875 0.591 0 0.005
0.876 0.404 0 0.005
0.876 0.907 0 0.005
0.877 0.746 0 0.005
0.878 0.757 0 0.005
0.878 0.919 0 0.005
0.88 0.285 0 0.005
0.88 0.56 0 0.005
0.881 0.173 0 0.005
0.881 0.417 0 0.005
0.881 0.502 0 0.005
0.882 0.357 0 0.005
0.882 0.977 0 0.005
0.883 0.301 0 0.005
0.885 0.665 0 0.005
0.885 0.825 0 0.005
0.885 0.836 0 0.005
0.886 0.321 0 0.005
0.888 0.066 0 0.005
0.889 0.037 0 0.005
0.889 0.109 0 0.005
0.889 0.246 0 0.005
0.889 0.859 0 0.005
0.889 0.956 0 0.005
0.89 0.885 0 0.005
0.893 0.228 0 0.005
0.894 0.539 0 0.005
0.894 0.904 0 0.005
0.895 0.283 0 0.005
0.895 0.411 0 0.005
0.896 0.481 0 0.005
0.897 0.607 0 0.005
0.898 0.1 0 0.005
0.898 0.395 0 0.005
0.9 0.325 0 0.005
0.9 0.802 0 0.005
0.9 0.955 0 0.005
0.9 0.971 0 0.005
0.902 0.472 0 0.005
0.903 0.016 0 0.005
0.903 0.548 0 0.005
0.904 0.164 0 0.005
0.904 0.188 0 0.005
0.905 0.048 0 0.005
0.906 0.963 0 0.005
0.908 0.094 0 0.005
0.908 0.702 0 0.005
0.908 0.933 0 0.005
0.909 0.748 0 0.005
0.91 0.538 0 0.005
0.911 0.312 0 0.005
0.911 0.411 0 0.005
0.911 0.566 0 0.005
0.912 0.155 0 0.005
0.912 0.264 0 0.005
0.913 0.594 0 0.005
0.913 0.86 0 0.005
0.914 0.125 0 0.005
0.914 0.322 0 0.005
0.914 0.492 0 0.005
0.915 0.655 0 0.005
0.918 0.285 0 0.005
0.919 0.628 0 0.005
0.919 0.7 0 0.005
0.919 0.979 0 0.005
0.92 0.776 0 0.005
0.921 0.065 0 0.005
0.921 0.393 0 0.005
0.922 0.935 0 0.005
0.923 0.109 0 0.005
0.924 0.319 0 0.005
0.924 0.952 0 0.005
0.925 0.265 0 0.005
0.925 0.357 0 0.005
0.925 0.486 0 0.005
0.926 0.13 0 0.005
0.926 0.689 0 0.005
0.927 0.643 0 0.005
0.93 0.0 0 0.005
0.932 0.168 0 0.005
0.932 0.717 0 0.005
0.932 0.9977333333333334 0 0.005
0.934 0.072 0 0.005
0.936 0.048 0 0.005
0.936 0.456 0 0.005
0.936 0.969 0 0.005
0.937 0.188 0 0.005
0.937 0.604 0 0.005
0.937 0.929 0 0.005
0.938 0.295 0 0.005
0.939 0.813 0 0.005
0.94 0.149 0 0.005
0.94 0.941 0 0.005
0.941 0.327 0 0.005
0.942 0.091 0 0.005
0.945 0.377 0 0.005
0.945 0.88 0 0.005
0.946 0.208 0 0.005
0.946 0.895 0 0.005
0.948 0.339 0 0.005
0.948 0.434 0 0.005
0.948 0.807 0 0.005
0.949 0.395 0 0.005
0.949 0.835 0 0.005
0.95 0.5 0 0.005
0.951 0.074 0 0.005
0.952 0.742 0 0.005
0.953 0.05 0 0.005
0.953 0.549 0 0.005
0.953 0.642 0 0.005
0.954 0.151 0 0.005
0.954 0.247 0 0.005
0.954 0.315 0 0.005
0.954 0.538 0 0.005
0.954 0.9981904761904762 0 0.005
0.955 0.715 0 0.005
0.957 0.957 0 0.005
0.957 0.989 0 0.005
0.96 0.805 0 0.005
0.961 0.9 0 0.005
0.963 0.708 0 0.005
0.964 0.106 0 0.005
0.964 0.509 0 0.005
0.965 0.9972564102564103 0 0.005
0.966 0.496 0 0.005
0.967 0.955 0 0.005
0.968 0.644 0 0.005
0.969 0.477 0 0.005
0.97 0.405 0 0.005
0.97 0.54 0 0.005
0.97 0.778 0 0.005
0.971 0.663 0 0.005
0.971 0.0004166666666666667 0 0.005
0.972 0.59 0 0.005
0.974 0.153 0 0.005
0.974 0.292 0 0.005
0.975 0.79 0 0.005
0.975 0.922 0 0.005
0.976 0.624 0 0.005
0.977 0.6 0 0.005
0.978 0.331 0 0.005
0.978 0.549 0 0.005
0.979 0.012 0 0.005
0.979 0.864 0 0.005
0.979 0.892 0 0.005
0.98 0.087 0 0.005
0.981 0.072 0 0.005
0.981 0.234 0 0.005
0.981 0.637 0 0.005
0.981 0.824 0 0.005
0.982 0.384 0 0.005
0.985 0.169 0 0.005
0.985 0.659 0 0.005
0.986 0.117 0 0.005
0.986 0.31 0 0.005
0.987 0.95 0 0.005
0.988 0.691 0 0.005
0.989 0.24 0 0.005
0.989 0.29 0 0.005
0.989 0.392 0 0.005
0.989 0.623 0 0.005
0.989 0.739 0 0.005
0.99 0.028 0 0.005
0.988 0.999 0 0.005
0.992 0.158 0 0.005
0.992 0.211 0 0.005
0.993 0.349 0 0.005
0.994 0.374 0 0.005
0.994 0.576 0 0.005
0.996280701754386 0.148 0 0.005
0.9967708333333334 0.515 0 0.005
0.9967708333333334 0.826 0 0.005
0.9972564102564103 0.184 0 0.005
0.9972564102564103 0.439 0 0.005
0.9977333333333334 0.239 0 0.005
0.9977333333333334 0.814 0 0.005
0.9981904761904762 0.482 0 0.005
0.9981904761904762 0.988 0 0.005
0.9985833333333334 0.047 0 0.005
0.999 0.104 0 0.005
