0.0008095238095238096 0.012 0 0.005
0.0 0.161 0 0.005
0.0 0.276 0 0.005
0.0022291666666666666 0.417 0 0.005
0.0017435897435897436 0.557 0 0.005
0.0022291666666666666 0.572 0 0.005
0.0004166666666666667 0.642 0 0.005
0.002719298245614035 0.807 0 0.005
0.0 0.908 0 0.005
0.0 0.925 0 0.005
0.002719298245614035 0.962 0 0.005
0.0012666666666666666 0.975 0 0.005
0.005 0.143 0 0.005
0.005 0.864 0 0.005
0.006 0.65 0 0.005
0.007 0.221 0 0.005
0.007 0.612 0 0.005
0.008 0.85 0 0.005
0.009 0.167 0 0.005
0.009 0.626 0 0.005
0.01 0.291 0 0.005
0.01 0.665 0 0.005
0.01 0.779 0 0.005
0.011 0.448 0 0.005
0.011 0.502 0 0.005
0.012 0.489 0 0.005
0.013 0.104 0 0.005
0.013 0.471 0 0.005
0.015 0.257 0 0.005
0.015 0.903 0 0.005
0.015 0.981 0 0.005
0.016 0.007 0 0.005
0.016 0.017 0 0.005
0.017 0.041 0 0.005
0.02 0.512 0 0.005
0.02 0.668 0 0.005
0.02 0.835 0 0.005
0.021 0.172 0 0.005
0.021 0.655 0 0.005
0.022 0.382 0 0.005
0.022 0.633 0 0.005
0.024 0.055 0 0.005
0.024 0.703 0 0.005
0.025 0.089 0 0.005
0.025 0.643 0 0.005
0.026 0.233 0 0.005
0.026 0.322 0 0.005
0.026 0.863 0 0.005
0.028 0.065 0 0.005
0.03 0.144 0 0.005
0.03 0.309 0 0.005
0.03 0.517 0 0.005
0.03 0.909 0 0.005
0.03 0.98 0 0.005
0.031 0.88 0 0.005
0.032 0.608 0 0.005
0.032 0.822 0 0.005
0.033 0.419 0 0.005
0.033 0.9981904761904762 0 0.005
0.034 0.036 0 0.005
0.034 0.893 0 0.005
0.035 0.809 0 0.005
0.036 0.335 0 0.005
0.036 0.688 0 0.005
0.038 0.903 0 0.005
0.038 0.947 0 0.005
0.039 0.064 0 0.005
0.039 0.258 0 0.005
0.039 0.646 0 0.005
0.039 0.935 0 0.005
0.04 0.377 0 0.005
0.04 0.437 0 0.005
0.04 0.492 0 0.005
0.041 0.678 0 0.005
0.042 0.505 0 0.005
0.043 0.269 0 0.005
0.043 0.309 0 0.005
0.043 0.357 0 0.005
0.044 0.709 0 0.005
0.046 0.053 0 0.005
0.046 0.321 0 0.005
0.046 0.412 0 0.005
0.048 0.282 0 0.005
0.049 0.168 0 0.005
0.049 0.248 0 0.005
0.05 0.397 0 0.005
0.05 0.444 0 0.005
0.051 0.008 0 0.005
0.051 0.428 0 0.005
0.054 0.273 0 0.005
0.054 0.806 0 0.005
0.055 0.091 0 0.005
0.055 0.121 0 0.005
0.055 0.823 0 0.005
0.055 0.953 0 0.005
0.056 0.568 0 0.005
0.056 0.663 0 0.005
0.057 0.901 0 0.005
0.059 0.328 0 0.005
0.06 0.172 0 0.005
0.06 0.475 0 0.005
0.06 0.582 0 0.005
0.061 0.71 0 0.005
0.061 0.726 0 0.005
0.062 0.424 0 0.005
0.062 0.648 0 0.005
0.063 0.508 0 0.005
0.065 0.265 0 0.005
0.065 0.554 0 0.005
0.066 0.894 0 0.005
0.067 0.845 0 0.005
0.068 0.927 0 0.005
0.069 0.657 0 0.005
0.07 0.215 0 0.005
0.071 0.0033125 0 0.005
0.071 0.328 0 0.005
0.071 0.752 0 0.005
0.072 0.251 0 0.005
0.072 0.381 0 0.005
0.072 0.671 0 0.005
0.073 0.529 0 0.005
0.074 0.97 0 0.005
0.076 0.763 0 0.005
0.077 0.235 0 0.005
0.077 0.789 0 0.005
0.077 0.92 0 0.005
0.078 0.299 0 0.005
0.081 0.167 0 0.005
0.081 0.283 0 0.005
0.082 0.127 0 0.005
0.083 0.718 0 0.005
0.085 0.189 0 0.005
0.085 0.799 0 0.005
0.086 0.745 0 0.005
0.088 0.002719298245614035 0 0.005
0.088 0.105 0 0.005
0.089 0.547 0 0.005
0.089 0.616 0 0.005
0.09 0.067 0 0.005
0.09 0.297 0 0.005
0.09 0.828 0 0.005
0.091 0.642 0 0.005
0.094 0.175 0 0.005
0.094 0.974 0 0.005
0.095 0.134 0 0.005
0.095 0.319 0 0.005
0.096 0.222 0 0.005
0.097 0.205 0 0.005
0.097 0.232 0 0.005
0.098 0.252 0 0.005
0.099 0.523 0 0.005
0.1 0.45 0 0.005
0.1 0.761 0 0.005
0.1 0.893 0 0.005
0.101 0.868 0 0.005
0.102 0.683 0 0.005
0.103 0.028 0 0.005
0.103 0.507 0 0.005
0.104 0.363 0 0.005
0.105 0.017 0 0.005
0.107 0.197 0 0.005
0.108 0.0033125 0 0.005
0.108 0.039 0 0.005
0.109 0.465 0 0.005
0.109 0.82 0 0.005
0.109 0.932 0 0.005
0.11 0.488 0 0.005
0.111 0.074 0 0.005
0.112 0.054 0 0.005
0.113 0.601 0 0.005
0.113 0.739 0 0.005
0.114 0.977 0 0.005
0.115 0.625 0 0.005
0.115 0.8 0 0.005
0.116 0.656 0 0.005
0.116 0.781 0 0.005
0.117 0.103 0 0.005
0.117 0.68 0 0.005
0.118 0.768 0 0.005
0.12 0.341 0 0.005
0.12 0.641 0 0.005
0.121 0.168 0 0.005
0.121 0.191 0 0.005
0.121 0.848 0 0.005
0.122 0.047 0 0.005
0.122 0.116 0 0.005
0.123 0.496 0 0.005
0.124 0.202 0 0.005
0.124 0.693 0 0.005
0.125 0.62 0 0.005
0.125 0.753 0 0.005
0.125 0.909 0 0.005
0.13 0.428 0 0.005
0.13 0.884 0 0.005
0.13 0.925 0 0.005
0.131 0.154 0 0.005
0.134 0.387 0 0.005
0.134 0.549 0 0.005
0.134 0.657 0 0.005
0.134 0.775 0 0.005
0.135 0.619 0 0.005
0.136 0.278 0 0.005
0.136 0.417 0 0.005
0.137 0.242 0 0.005
0.138 0.525 0 0.005
0.138 0.696 0 0.005
0.139 0.403 0 0.005
0.139 0.488 0 0.005
0.14 0.066 0 0.005
0.14 0.103 0 0.005
0.14 0.33 0 0.005
0.14 0.666 0 0.005
0.141 0.152 0 0.005
0.143 0.933 0 0.005
0.144 0.134 0 0.005
0.144 0.308 0 0.005
0.145 0.225 0 0.005
0.145 0.566 0 0.005
0.145 0.597 0 0.005
0.145 0.811 0 0.005
0.146 0.981 0 0.005
0.148 0.289 0 0.005
0.148 0.908 0 0.005
0.149 0.551 0 0.005
0.15 0.726 0 0.005
0.15 0.941 0 0.005
0.151 0.269 0 0.005
0.154 0.016 0 0.005
0.154 0.168 0 0.005
0.154 0.236 0 0.005
0.155 0.431 0 0.005
0.156 0.039 0 0.005
0.156 0.095 0 0.005
0.156 0.498 0 0.005
0.156 0.708 0 0.005
0.156 0.874 0 0.005
0.159 0.312 0 0.005
0.16 0.935 0 0.005
0.163 0.826 0 0.005
0.164 0.294 0 0.005
0.164 0.591 0 0.005
0.164 0.614 0 0.005
0.165 0.101 0 0.005
0.165 0.199 0 0.005
0.166 0.563 0 0.005
0.166 0.576 0 0.005
0.166 0.984 0 0.005
0.167 0.9981904761904762 0 0.005
0.168 0.164 0 0.005
0.168 0.809 0 0.005
0.169 0.89 0 0.005
0.17 0.047 0 0.005
0.172 0.062 0 0.005
0.172 0.362 0 0.005
0.173 0.855 0 0.005
0.173 0.933 0 0.005
0.174 0.405 0 0.005
0.174 0.669 0 0.005
0.176 0.147 0 0.005
0.176 0.53 0 0.005
0.176 0.638 0 0.005
0.176 0.837 0 0.005
0.176 0.901 0 0.005
0.177 0.583 0 0.005
0.177 0.624 0 0.005
0.177 0.694 0 0.005
0.178 0.181 0 0.005
0.179 0.012 0 0.005
0.179 0.458 0 0.005
0.179 0.497 0 0.005
0.179 0.925 0 0.005
0.18 0.99 0 0.005
0.181 0.392 0 0.005
0.182 0.191 0 0.005
0.182 0.714 0 0.005
0.185 0.894 0 0.005
0.185 0.963 0 0.005
0.186 0.675 0 0.005
0.186 0.878 0 0.005
0.186 0.978 0 0.005
0.187 0.701 0 0.005
0.189 0.35 0 0.005
0.19 0.219 0 0.005
0.19 0.991 0 0.005
0.193 0.104 0 0.005
0.193 0.412 0 0.005
0.193 0.539 0 0.005
0.195 0.141 0 0.005
0.195 0.181 0 0.005
0.195 0.512 0 0.005
0.195 0.761 0 0.005
0.195 0.819 0 0.005
0.196 0.127 0 0.005
0.197 0.478 0 0.005
0.197 0.5 0 0.005
0.197 0.662 0 0.005
0.197 0.829 0 0.005
0.198 0.022 0 0.005
0.198 0.079 0 0.005
0.199 0.204 0 0.005
0.199 0.386 0 0.005
0.199 0.91 0 0.005
0.2 0.777 0 0.005
0.201 0.11 0 0.005
0.201 0.556 0 0.005
0.201 0.567 0 0.005
0.202 0.047 0 0.005
0.204 0.523 0 0.005
0.205 0.619 0 0.005
0.205 0.632 0 0.005
0.205 0.726 0 0.005
0.206 0.255 0 0.005
0.206 0.848 0 0.005
0.207 0.328 0 0.005
0.208 0.011 0 0.005
0.209 0.495 0 0.005
0.209 0.98 0 0.005
0.211 0.058 0 0.005
0.212 0.717 0 0.005
0.212 0.8 0 0.005
0.212 0.902 0 0.005
0.212 0.961 0 0.005
0.213 0.125 0 0.005
0.213 0.196 0 0.005
0.213 0.868 0 0.005
0.214 0.072 0 0.005
0.214 0.136 0 0.005
0.214 0.541 0 0.005
0.214 0.994 0 0.005
0.217 0.441 0 0.005
0.217 0.624 0 0.005
0.218 0.113 0 0.005
0.218 0.272 0 0.005
0.218 0.688 0 0.005
0.221 0.37 0 0.005
0.221 0.612 0 0.005
0.223 0.131 0 0.005
0.227 0.814 0 0.005
0.229 0.015 0 0.005
0.229 0.268 0 0.005
0.229 0.576 0 0.005
0.229 0.676 0 0.005
0.23 0.348 0 0.005
0.23 0.387 0 0.005
0.23 0.746 0 0.005
0.233 0.595 0 0.005
0.233 0.625 0 0.005
0.233 0.707 0 0.005
0.233 0.993 0 0.005
0.235 0.161 0 0.005
0.235 0.875 0 0.005
0.236 0.537 0 0.005
0.237 0.246 0 0.005
0.237 0.372 0 0.005
0.24 0.692 0 0.005
0.24 0.905 0 0.005
0.241 0.293 0 0.005
0.241 0.36 0 0.005
0.241 0.555 0 0.005
0.241 0.731 0 0.005
0.243 0.192 0 0.005
0.243 0.582 0 0.005
0.244 0.074 0 0.005
0.245 0.451 0 0.005
0.246 0.225 0 0.005
0.246 0.71 0 0.005
0.247 0.566 0 0.005
0.249 0.612 0 0.005
0.25 0.391 0 0.005
0.251 0.296 0 0.005
0.251 0.835 0 0.005
0.252 0.799 0 0.005
0.252 0.903 0 0.005
0.253 0.437 0 0.005
0.257 0.937 0 0.005
0.257 0.984 0 0.005
0.258 0.428 0 0.005
0.258 0.56 0 0.005
0.258 0.738 0 0.005
0.258 0.761 0 0.005
0.258 0.811 0 0.005
0.259 0.328 0 0.005
0.259 0.371 0 0.005
0.261 0.297 0 0.005
0.261 0.673 0 0.005
0.262 0.386 0 0.005
0.263 0.156 0 0.005
0.263 0.881 0 0.005
0.264 0.92 0 0.005
0.264 0.996280701754386 0 0.005
0.265 0.021 0 0.005
0.267 0.468 0 0.005
0.267 0.485 0 0.005
0.268 0.006 0 0.005
0.269 0.778 0 0.005
0.27 0.223 0 0.005
0.27 0.542 0 0.005
0.271 0.121 0 0.005
0.271 0.69 0 0.005
0.271 0.976 0 0.005
0.272 0.309 0 0.005
0.272 0.811 0 0.005
0.272 0.911 0 0.005
0.273 0.092 0 0.005
0.273 0.494 0 0.005
0.274 0.923 0 0.005
0.275 0.721 0 0.005
0.277 0.027 0 0.005
0.277 0.356 0 0.005
0.277 0.987 0 0.005
0.278 0.613 0 0.005
0.279 0.374 0 0.005
0.279 0.57 0 0.005
0.28 0.24 0 0.005
0.282 0.517 0 0.005
0.283 0.169 0 0.005
0.285 0.401 0 0.005
0.285 0.537 0 0.005
0.286 0.096 0 0.005
0.287 0.551 0 0.005
0.288 0.369 0 0.005
0.288 0.9977333333333334 0 0.005
0.289 0.827 0 0.005
0.289 0.837 0 0.005
0.29 0.381 0 0.005
0.291 0.585 0 0.005
0.292 0.029 0 0.005
0.292 0.181 0 0.005
0.292 0.515 0 0.005
0.293 0.411 0 0.005
0.293 0.449 0 0.005
0.293 0.748 0 0.005
0.295 0.064 0 0.005
0.295 0.603 0 0.005
0.296 0.04 0 0.005
0.296 0.966 0 0.005
0.297 0.617 0 0.005
0.299 0.702 0 0.005
0.301 0.498 0 0.005
0.301 0.768 0 0.005
0.303 0.129 0 0.005
0.304 0.111 0 0.005
0.304 0.586 0 0.005
0.304 0.915 0 0.005
0.303 0.9985833333333334 0 0.005
0.307 0.035 0 0.005
0.307 0.054 0 0.005
0.309 0.151 0 0.005
0.31 0.658 0 0.005
0.31 0.824 0 0.005
0.31 0.994 0 0.005
0.311 0.088 0 0.005
0.311 0.866 0 0.005
0.312 0.709 0 0.005
0.312 0.923 0 0.005
0.313 0.178 0 0.005
0.313 0.472 0 0.005
0.316 0.898 0 0.005
0.319 0.839 0 0.005
0.321 0.325 0 0.005
0.321 0.797 0 0.005
0.322 0.777 0 0.005
0.323 0.666 0 0.005
0.323 0.979 0 0.005
0.324 0.156 0 0.005
0.324 0.386 0 0.005
0.324 0.407 0 0.005
0.325 0.595 0 0.005
0.327 0.813 0 0.005
0.328 0.0008095238095238096 0 0.005
0.328 0.263 0 0.005
0.328 0.909 0 0.005
0.33 0.181 0 0.005
0.33 0.888 0 0.005
0.331 0.448 0 0.005
0.332 0.051 0 0.005
0.332 0.557 0 0.005
0.332 0.618 0 0.005
0.332 0.745 0 0.005
0.332 0.848 0 0.005
0.333 0.761 0 0.005
0.334 0.035 0 0.005
0.334 0.135 0 0.005
0.335 0.243 0 0.005
0.335 0.49 0 0.005
0.336 0.695 0 0.005
0.336 0.821 0 0.005
0.337 0.078 0 0.005
0.337 0.099 0 0.005
0.337 0.288 0 0.005
0.338 0.211 0 0.005
0.338 0.299 0 0.005
0.338 0.393 0 0.005
0.339 0.478 0 0.005
0.34 0.144 0 0.005
0.34 0.416 0 0.005
0.341 0.336 0 0.005
0.342 0.023 0 0.005
0.342 0.448 0 0.005
0.345 0.719 0 0.005
0.345 0.762 0 0.005
0.345 0.986 0 0.005
0.346 0.636 0 0.005
0.346 0.746 0 0.005
0.347 0.202 0 0.005
0.347 0.327 0 0.005
0.347 0.895 0 0.005
0.348 0.503 0 0.005
0.348 0.791 0 0.005
0.351 0.414 0 0.005
0.351 0.623 0 0.005
0.351 0.864 0 0.005
0.352 0.347 0 0.005
0.352 0.392 0 0.005
0.353 0.21 0 0.005
0.353 0.613 0 0.005
0.353 0.91 0 0.005
0.354 0.667 0 0.005
0.355 0.186 0 0.005
0.355 0.447 0 0.005
0.355 0.824 0 0.005
0.356 0.274 0 0.005
0.356 0.9967708333333334 0 0.005
0.357 0.048 0 0.005
0.357 0.566 0 0.005
0.358 0.232 0 0.005
0.358 0.405 0 0.005
0.358 0.657 0 0.005
0.358 0.786 0 0.005
0.36 0.287 0 0.005
0.36 0.809 0 0.005
0.36 0.942 0 0.005
0.362 0.105 0 0.005
0.362 0.492 0 0.005
0.363 0.014 0 0.005
0.363 0.838 0 0.005
0.364 0.352 0 0.005
0.364 0.708 0 0.005
0.365 0.512 0 0.005
0.366 0.363 0 0.005
0.366 0.436 0 0.005
0.369 0.403 0 0.005
0.369 0.472 0 0.005
0.369 0.866 0 0.005
0.369 0.906 0 0.005
0.37 0.161 0 0.005
0.37 0.501 0 0.005
0.371 0.185 0 0.005
0.371 0.212 0 0.005
0.371 0.622 0 0.005
0.371 0.698 0 0.005
0.372 0.848 0 0.005
0.372 0.968 0 0.005
0.373 0.573 0 0.005
0.373 0.94 0 0.005
0.374 0.151 0 0.005
0.374 0.887 0 0.005
0.376 0.337 0 0.005
0.378 0.174 0 0.005
0.379 0.31 0 0.005
0.38 0.077 0 0.005
0.38 0.391 0 0.005
0.381 0.045 0 0.005
0.381 0.92 0 0.005
0.382 0.866 0 0.005
0.383 0.0008095238095238096 0 0.005
0.384 0.605 0 0.005
0.384 0.763 0 0.005
0.385 0.82 0 0.005
0.387 0.287 0 0.005
0.389 0.241 0 0.005
0.389 0.737 0 0.005
0.389 0.896 0 0.005
0.39 0.441 0 0.005
0.391 0.382 0 0.005
0.392 0.884 0 0.005
0.393 0.01 0 0.005
0.395 0.592 0 0.005
0.398 0.398 0 0.005
0.399 0.044 0 0.005
0.399 0.102 0 0.005
0.399 0.762 0 0.005
0.401 0.13 0 0.005
0.401 0.928 0 0.005
0.403 0.427 0 0.005
0.403 0.964 0 0.005
0.404 0.491 0 0.005
0.404 0.57 0 0.005
0.405 0.667 0 0.005
0.406 0.055 0 0.005
0.406 0.17 0 0.005
0.406 0.823 0 0.005
0.407 0.231 0 0.005
0.408 0.694 0 0.005
0.409 0.301 0 0.005
0.409 0.885 0 0.005
0.411 0.036 0 0.005
0.411 0.279 0 0.005
0.412 0.135 0 0.005
0.412 0.862 0 0.005
0.414 0.591 0 0.005
0.414 0.796 0 0.005
0.415 0.389 0 0.005
0.416 0.071 0 0.005
0.418 0.522 0 0.005
0.418 0.975 0 0.005
0.419 0.545 0 0.005
0.419 0.676 0 0.005
0.421 0.08 0 0.005
0.421 0.83 0 0.005
0.422 0.6 0 0.005
0.423 0.844 0 0.005
0.423 0.947 0 0.005
0.423 0.99 0 0.005
0.425 0.128 0 0.005
0.425 0.173 0 0.005
0.425 0.323 0 0.005
0.425 0.623 0 0.005
0.425 0.866 0 0.005
0.425 0.895 0 0.005
0.426 0.404 0 0.005
0.428 0.335 0 0.005
0.428 0.802 0 0.005
0.429 0.856 0 0.005
0.431 0.274 0 0.005
0.432 0.345 0 0.005
0.432 0.496 0 0.005
0.432 0.707 0 0.005
0.433 0.26 0 0.005
0.433 0.582 0 0.005
0.433 0.74 0 0.005
0.433 0.973 0 0.005
0.434 0.61 0 0.005
0.434 0.671 0 0.005
0.435 0.944 0 0.005
0.437 0.113 0 0.005
0.438 0.458 0 0.005
0.439 0.234 0 0.005
0.439 0.792 0 0.005
0.44 0.432 0 0.005
0.441 0.566 0 0.005
0.442 0.889 0 0.005
0.444 0.206 0 0.005
0.446 0.524 0 0.005
0.447 0.038 0 0.005
0.447 0.675 0 0.005
0.447 0.764 0 0.005
0.448 0.111 0 0.005
0.448 0.295 0 0.005
0.45 0.048 0 0.005
0.451 0.284 0 0.005
0.452 0.503 0 0.005
0.453 0.064 0 0.005
0.453 0.948 0 0.005
0.457 0.099 0 0.005
0.457 0.789 0 0.005
0.457 0.978 0 0.005
0.458 0.34 0 0.005
0.458 0.533 0 0.005
0.459 0.165 0 0.005
0.459 0.749 0 0.005
0.459 0.868 0 0.005
0.46 0.897 0 0.005
0.46 0.918 0 0.005
0.461 0.686 0 0.005
0.462 0.207 0 0.005
0.462 0.55 0 0.005
0.462 0.595 0 0.005
0.463 0.969 0 0.005
0.464 0.19 0 0.005
0.464 0.936 0 0.005
0.47 0.874 0 0.005
0.471 0.07 0 0.005
0.471 0.226 0 0.005
0.471 0.453 0 0.005
0.472 0.277 0 0.005
0.473 0.081 0 0.005
0.473 0.739 0 0.005
0.474 0.564 0 0.005
0.475 0.027 0 0.005
0.476 0.799 0 0.005
0.477 0.137 0 0.005
0.477 0.373 0 0.005
0.477 0.536 0 0.005
0.479 0.111 0 0.005
0.479 0.29 0 0.005
0.479 0.824 0 0.005
0.48 0.619 0 0.005
0.48 0.836 0 0.005
0.481 0.779 0 0.005
0.482 0.018 0 0.005
0.482 0.126 0 0.005
0.482 0.901 0 0.005
0.483 0.689 0 0.005
0.484 0.146 0 0.005
0.485 0.478 0 0.005
0.486 0.561 0 0.005
0.486 0.0004166666666666667 0 0.005
0.487 0.37 0 0.005
0.487 0.583 0 0.005
0.49 0.066 0 0.005
0.49 0.416 0 0.005
0.49 0.531 0 0.005
0.491 0.853 0 0.005
0.493 0.571 0 0.005
0.494 0.233 0 0.005
0.495 0.16 0 0.005
0.495 0.842 0 0.005
0.496 0.744 0 0.005
0.497 0.772 0 0.005
0.497 0.956 0 0.005
0.498 0.709 0 0.005
0.499 0.059 0 0.005
0.499 0.729 0 0.005
0.501 0.117 0 0.005
0.501 0.937 0 0.005
0.504 0.529 0 0.005
0.504 0.563 0 0.005
0.505 0.407 0 0.005
0.506 0.09 0 0.005
0.506 0.135 0 0.005
0.506 0.245 0 0.005
0.506 0.36 0 0.005
0.506 0.0004166666666666667 0 0.005
0.508 0.644 0 0.005
0.51 0.269 0 0.005
0.51 0.703 0 0.005
0.512 0.5 0 0.005
0.512 0.985 0 0.005
0.513 0.682 0 0.005
0.514 0.454 0 0.005
0.515 0.101 0 0.005
0.515 0.122 0 0.005
0.515 0.546 0 0.005
0.515 0.944 0 0.005
0.516 0.859 0 0.005
0.516 0.881 0 0.005
0.517 0.386 0 0.005
0.518 0.067 0 0.005
0.518 0.255 0 0.005
0.519 0.035 0 0.005
0.519 0.488 0 0.005
0.519 0.691 0 0.005
0.52 0.215 0 0.005
0.52 0.93 0 0.005
0.522 0.268 0 0.005
0.522 0.345 0 0.005
0.522 0.422 0 0.005
0.522 0.64 0 0.005
0.523 0.767 0 0.005
0.524 0.956 0 0.005
0.525 0.85 0 0.005
0.526 0.192 0 0.005
0.526 0.437 0 0.005
0.526 0.473 0 0.005
0.526 0.836 0 0.005
0.526 0.871 0 0.005
0.526 0.977 0 0.005
0.527 0.079 0 0.005
0.527 0.108 0 0.005
0.527 0.298 0 0.005
0.527 0.942 0 0.005
0.528 0.401 0 0.005
0.528 0.577 0 0.005
0.53 0.533 0 0.005
0.53 0.817 0 0.005
0.53 0.912 0 0.005
0.531 0.058 0 0.005
0.532 0.015 0 0.005
0.532 0.417 0 0.005
0.532 0.638 0 0.005
0.534 0.342 0 0.005
0.534 0.767 0 0.005
0.536 0.0033125 0 0.005
0.536 0.21 0 0.005
0.536 0.384 0 0.005
0.536 0.468 0 0.005
0.536 0.935 0 0.005
0.536 0.959 0 0.005
0.537 0.777 0 0.005
0.538 0.185 0 0.005
0.538 0.582 0 0.005
0.539 0.039 0 0.005
0.539 0.074 0 0.005
0.539 0.996280701754386 0 0.005
0.541 0.895 0 0.005
0.543 0.318 0 0.005
0.544 0.798 0 0.005
0.544 0.969 0 0.005
0.545 0.205 0 0.005
0.548 0.184 0 0.005
0.549 0.591 0 0.005
0.549 0.709 0 0.005
0.549 0.888 0 0.005
0.549 0.952 0 0.005
0.55 0.044 0 0.005
0.55 0.405 0 0.005
0.55 0.506 0 0.005
0.551 0.088 0 0.005
0.551 0.28 0 0.005
0.552 0.461 0 0.005
0.552 0.642 0 0.005
0.554 0.962 0 0.005
0.555 0.376 0 0.005
0.556 0.138 0 0.005
0.556 0.555 0 0.005
0.557 0.26 0 0.005
0.557 0.833 0 0.005
0.558 0.028 0 0.005
0.558 0.675 0 0.005
0.559 0.814 0 0.005
0.561 0.863 0 0.005
0.562 0.365 0 0.005
0.562 0.59 0 0.005
0.563 0.648 0 0.005
0.564 0.34 0 0.005
0.564 0.413 0 0.005
0.564 0.886 0 0.005
0.565 0.158 0 0.005
0.565 0.389 0 0.005
0.566 0.183 0 0.005
0.566 0.525 0 0.005
0.566 0.9977333333333334 0 0.005
0.567 0.694 0 0.005
0.569 0.323 0 0.005
0.57 0.061 0 0.005
0.57 0.249 0 0.005
0.57 0.965 0 0.005
0.571 0.432 0 0.005
0.572 0.012 0 0.005
0.572 0.577 0 0.005
0.572 0.794 0 0.005
0.572 0.842 0 0.005
0.573 0.477 0 0.005
0.575 0.216 0 0.005
0.575 0.448 0 0.005
0.575 0.68 0 0.005
0.575 0.913 0 0.005
0.576 0.152 0 0.005
0.576 0.184 0 0.005
0.576 0.234 0 0.005
0.578 0.083 0 0.005
0.578 0.808 0 0.005
0.578 0.972 0 0.005
0.579 0.881 0 0.005
0.58 0.283 0 0.005
0.581 0.364 0 0.005
0.581 0.495 0 0.005
0.581 0.76 0 0.005
0.582 0.75 0 0.005
0.583 0.462 0 0.005
0.584 0.254 0 0.005
0.584 0.583 0 0.005
0.584 0.939 0 0.005
0.585 0.014 0 0.005
0.586 0.645 0 0.005
0.586 0.683 0 0.005
0.586 0.873 0 0.005
0.587 0.85 0 0.005
0.588 0.302 0 0.005
0.588 0.731 0 0.005
0.589 0.562 0 0.005
0.589 0.771 0 0.005
0.589 0.893 0 0.005
0.59 0.975 0 0.005
0.591 0.174 0 0.005
0.591 0.694 0 0.005
0.592 0.23 0 0.005
0.592 0.274 0 0.005
0.592 0.956 0 0.005
0.594 0.662 0 0.005
0.595 0.148 0 0.005
0.595 0.47 0 0.005
0.599 0.551 0 0.005
0.599 0.586 0 0.005
0.6 0.004 0 0.005
0.6 0.065 0 0.005
0.6 0.571 0 0.005
0.6 0.609 0 0.005
0.601 0.189 0 0.005
0.601 0.201 0 0.005
0.601 0.798 0 0.005
0.602 0.458 0 0.005
0.602 0.92 0 0.005
0.603 0.476 0 0.005
0.604 0.054 0 0.005
0.604 0.7 0 0.005
0.604 0.761 0 0.005
0.604 0.781 0 0.005
0.606 0.107 0 0.005
0.607 0.282 0 0.005
0.607 0.724 0 0.005
0.608 0.883 0 0.005
0.61 0.548 0 0.005
0.61 0.626 0 0.005
0.611 0.0008095238095238096 0 0.005
0.611 0.393 0 0.005
0.611 0.444 0 0.005
0.612 0.144 0 0.005
0.613 0.575 0 0.005
0.613 0.671 0 0.005
0.614 0.874 0 0.005
0.614 0.95 0 0.005
0.615 0.015 0 0.005
0.617 0.264 0 0.005
0.617 0.898 0 0.005
0.619 0.611 0 0.005
0.619 0.686 0 0.005
0.62 0.435 0 0.005
0.62 0.702 0 0.005
0.62 0.772 0 0.005
0.623 0.122 0 0.005
0.624 0.286 0 0.005
0.624 0.417 0 0.005
0.625 0.241 0 0.005
0.625 0.331 0 0.005
0.625 0.348 0 0.005
0.626 0.021 0 0.005
0.626 0.492 0 0.005
0.626 0.529 0 0.005
0.626 0.892 0 0.005
0.627 0.734 0 0.005
0.628 0.172 0 0.005
0.632 0.398 0 0.005
0.632 0.927 0 0.005
0.632 0.9981904761904762 0 0.005
0.633 0.112 0 0.005
0.633 0.632 0 0.005
0.634 0.067 0 0.005
0.635 0.148 0 0.005
0.636 0.747 0 0.005
0.638 0.014 0 0.005
0.638 0.094 0 0.005
0.638 0.19 0 0.005
0.638 0.788 0 0.005
0.638 0.914 0 0.005
0.639 0.861 0 0.005
0.64 0.353 0 0.005
0.64 0.953 0 0.005
0.641 0.819 0 0.005
0.642 0.302 0 0.005
0.642 0.617 0 0.005
0.643 0.987 0 0.005
0.644 0.63 0 0.005
0.645 0.342 0 0.005
0.645 0.472 0 0.005
0.645 0.505 0 0.005
0.645 0.667 0 0.005
0.646 0.271 0 0.005
0.646 0.542 0 0.005
0.647 0.026 0 0.005
0.648 0.376 0 0.005
0.649 0.943 0 0.005
0.65 0.128 0 0.005
0.652 0.234 0 0.005
0.652 0.413 0 0.005
0.653 0.28 0 0.005
0.654 0.613 0 0.005
0.655 0.09 0 0.005
0.655 0.729 0 0.005
0.655 0.835 0 0.005
0.656 0.043 0 0.005
0.656 0.43 0 0.005
0.656 0.538 0 0.005
0.656 0.986 0 0.005
0.658 0.448 0 0.005
0.659 0.483 0 0.005
0.659 0.793 0 0.005
0.659 0.847 0 0.005
0.659 0.901 0 0.005
0.663 0.565 0 0.005
0.664 0.933 0 0.005
0.665 0.141 0 0.005
0.665 0.362 0 0.005
0.666 0.02 0 0.005
0.666 0.191 0 0.005
0.667 0.044 0 0.005
0.668 0.688 0 0.005
0.668 0.754 0 0.005
0.669 0.267 0 0.005
0.67 0.239 0 0.005
0.67 0.543 0 0.005
0.672 0.064 0 0.005
0.673 0.331 0 0.005
0.673 0.348 0 0.005
0.674 0.971 0 0.005
0.675 0.475 0 0.005
0.675 0.767 0 0.005
0.676 0.679 0 0.005
0.676 0.744 0 0.005
0.676 0.872 0 0.005
0.677 0.207 0 0.005
0.677 0.583 0 0.005
0.679 0.621 0 0.005
0.679 0.633 0 0.005
0.679 0.988 0 0.005
0.68 0.26 0 0.005
0.68 0.755 0 0.005
0.683 0.388 0 0.005
0.684 0.099 0 0.005
0.687 0.847 0 0.005
0.688 0.229 0 0.005
0.689 0.819 0 0.005
0.691 0.944 0 0.005
0.692 0.514 0 0.005
0.692 0.54 0 0.005
0.692 0.718 0 0.005
0.692 0.741 0 0.005
0.693 0.22 0 0.005
0.694 0.122 0 0.005
0.694 0.194 0 0.005
0.694 0.931 0 0.005
0.695 0.412 0 0.005
0.696 0.574 0 0.005
0.697 0.476 0 0.005
0.698 0.178 0 0.005
0.698 0.529 0 0.005
0.698 0.698 0 0.005
0.699 0.662 0 0.005
0.699 0.784 0 0.005
0.701 0.024 0 0.005
0.701 0.091 0 0.005
0.702 0.465 0 0.005
0.702 0.955 0 0.005
0.704 0.829 0 0.005
0.704 0.844 0 0.005
0.706 0.62 0 0.005
0.706 0.941 0 0.005
0.707 0.751 0 0.005
0.707 0.871 0 0.005
0.708 0.715 0 0.005
0.709 0.682 0 0.005
0.711 0.0017435897435897436 0 0.005
0.711 0.38 0 0.005
0.712 0.905 0 0.005
0.713 0.278 0 0.005
0.713 0.448 0 0.005
0.715 0.128 0 0.005
0.715 0.743 0 0.005
0.715 0.825 0 0.005
0.715 0.9985833333333334 0 0.005
0.718 0.779 0 0.005
0.719 0.417 0 0.005
0.719 0.961 0 0.005
0.721 0.222 0 0.005
0.721 0.488 0 0.005
0.721 0.881 0 0.005
0.723 0.324 0 0.005
0.723 0.761 0 0.005
0.723 0.858 0 0.005
0.724 0.087 0 0.005
0.724 0.559 0 0.005
0.727 0.715 0 0.005
0.728 0.732 0 0.005
0.728 0.833 0 0.005
0.73 0.989 0 0.005
0.731 0.029 0 0.005
0.731 0.139 0 0.005
0.731 0.44 0 0.005
0.731 0.621 0 0.005
0.732 0.38 0 0.005
0.733 0.85 0 0.005
0.734 0.671 0 0.005
0.735 0.278 0 0.005
0.736 0.508 0 0.005
0.736 0.612 0 0.005
0.736 0.771 0 0.005
0.738 0.839 0 0.005
0.739 0.927 0 0.005
0.74 0.336 0 0.005
0.74 0.397 0 0.005
0.74 0.534 0 0.005
0.74 0.733 0 0.005
0.741 0.102 0 0.005
0.742 0.452 0 0.005
0.742 0.462 0 0.005
0.745 0.212 0 0.005
0.745 0.287 0 0.005
0.745 0.494 0 0.005
0.745 0.624 0 0.005
0.746 0.512 0 0.005
0.747 0.0017435897435897436 0 0.005
0.747 0.779 0 0.005
0.747 0.9956875 0 0.005
0.748 0.155 0 0.005
0.749 0.985 0 0.005
0.75 0.17 0 0.005
0.75 0.358 0 0.005
0.75 0.423 0 0.005
0.751 0.438 0 0.005
0.752 0.011 0 0.005
0.753 0.724 0 0.005
0.754 0.485 0 0.005
0.754 0.505 0 0.005
0.755 0.108 0 0.005
0.755 0.634 0 0.005
0.755 0.957 0 0.005
0.756 0.585 0 0.005
0.757 0.264 0 0.005
0.758 0.9972564102564103 0 0.005
0.759 0.126 0 0.005
0.76 0.453 0 0.005
0.76 0.692 0 0.005
0.76 0.817 0 0.005
0.761 0.167 0 0.005
0.762 0.838 0 0.005
0.762 0.886 0 0.005
0.764 0.296 0 0.005
0.765 0.113 0 0.005
0.765 0.413 0 0.005
0.766 0.078 0 0.005
0.768 0.627 0 0.005
0.769 0.555 0 0.005
0.77 0.282 0 0.005
0.771 0.965 0 0.005
0.772 0.148 0 0.005
0.772 0.581 0 0.005
0.774 0.092 0 0.005
0.775 0.404 0 0.005
0.775 0.597 0 0.005
0.775 0.819 0 0.005
0.776 0.364 0 0.005
0.777 0.066 0 0.005
0.777 0.431 0 0.005
0.778 0.712 0 0.005
0.78 0.195 0 0.005
0.78 0.745 0 0.005
0.781 0.167 0 0.005
0.781 0.654 0 0.005
0.781 0.827 0 0.005
0.782 0.607 0 0.005
0.783 0.323 0 0.005
0.785 0.967 0 0.005
0.786 0.274 0 0.005
0.786 0.9956875 0 0.005
0.787 0.351 0 0.005
0.787 0.637 0 0.005
0.789 0.545 0 0.005
0.789 0.675 0 0.005
0.79 0.043 0 0.005
0.79 0.216 0 0.005
0.79 0.557 0 0.005
0.79 0.929 0 0.005
0.791 0.738 0 0.005
0.792 0.761 0 0.005
0.793 0.332 0 0.005
0.793 0.596 0 0.005
0.794 0.256 0 0.005
0.794 0.398 0 0.005
0.794 0.417 0 0.005
0.794 0.918 0 0.005
0.795 0.78 0 0.005
0.795 0.854 0 0.005
0.796 0.159 0 0.005
0.796 0.233 0 0.005
0.796 0.455 0 0.005
0.796 0.584 0 0.005
0.798 0.301 0 0.005
0.798 0.681 0 0.005
0.8 0.621 0 0.005
0.801 0.0012666666666666666 0 0.005
0.802 0.09 0 0.005
0.802 0.806 0 0.005
0.802 0.887 0 0.005
0.804 0.502 0 0.005
0.805 0.544 0 0.005
0.805 0.564 0 0.005
0.806 0.065 0 0.005
0.806 0.49 0 0.005
0.807 0.223 0 0.005
0.808 0.01 0 0.005
0.808 0.05 0 0.005
0.808 0.527 0 0.005
0.81 0.406 0 0.005
0.811 0.961 0 0.005
0.812 0.21 0 0.005
0.813 0.183 0 0.005
0.814 0.148 0 0.005
0.815 0.109 0 0.005
0.815 0.243 0 0.005
0.815 0.375 0 0.005
0.816 0.892 0 0.005
0.817 0.098 0 0.005
0.818 0.617 0 0.005
0.819 0.451 0 0.005
0.819 0.505 0 0.005
0.819 0.542 0 0.005
0.819 0.0 0 0.005
0.822 0.178 0 0.005
0.822 0.834 0 0.005
0.823 0.861 0 0.005
0.825 0.946 0 0.005
0.826 0.226 0 0.005
0.827 0.269 0 0.005
0.827 0.981 0 0.005
0.828 0.357 0 0.005
0.829 0.613 0 0.005
0.83 0.094 0 0.005
0.83 0.247 0 0.005
0.83 0.552 0 0.005
0.831 0.376 0 0.005
0.831 0.531 0 0.005
0.831 0.847 0 0.005
0.833 0.696 0 0.005
0.835 0.291 0 0.005
0.835 0.394 0 0.005
0.835 0.565 0 0.005
0.835 0.876 0 0.005
0.836 0.633 0 0.005
0.837 0.0022291666666666666 0 0.005
0.838 0.355 0 0.005
0.839 0.15 0 0.005
0.84 0.165 0 0.005
0.84 0.369 0 0.005
0.841 0.738 0 0.005
0.841 0.892 0 0.005
0.842 0.028 0 0.005
0.842 0.089 0 0.005
0.842 0.859 0 0.005
0.842 0.937 0 0.005
0.843 0.119 0 0.005
0.843 0.325 0 0.005
0.844 0.012 0 0.005
0.846 0.05 0 0.005
0.846 0.668 0 0.005
0.846 0.835 0 0.005
0.847 0.382 0 0.005
0.847 0.498 0 0.005
0.849 0.259 0 0.005
0.851 0.186 0 0.005
0.851 0.279 0 0.005
0.852 0.723 0 0.005
0.853 0.363 0 0.005
0.855 0.04 0 0.005
0.855 0.916 0 0.005
0.856 0.268 0 0.005
0.856 0.335 0 0.005
0.856 0.35 0 0.005
0.856 0.771 0 0.005
0.857 0.815 0 0.005
0.858 0.904 0 0.005
0.859 0.211 0 0.005
0.861 0.237 0 0.005
0.862 0.458 0 0.005
0.862 0.715 0 0.005
0.863 0.016 0 0.005
0.864 0.122 0 0.005
0.864 0.617 0 0.005
0.866 0.551 0 0.005
0.867 0.864 0 0.005
0.868 0.194 0 0.005
0.868 0.538 0 0.005
0.869 0.085 0 0.005
0.869 0.774 0 0.005
0.869 0.841 0 0.005
0.871 0.395 0 0.005
0.871 0.652 0 0.005
0.872 0.278 0 0.005
0.872 0.356 0 0.005
0.873 0.913 0 0.005
0.873 0.949 0 0.005
0.874 0.804 0 0.005
0.875 0.576 0 0.005
0.877 0.119 0 0.005
0.877 0.72 0 0.005
0.878 0.413 0 0.005
0.877 0.0 0 0.005
0.879 0.369 0 0.005
0.88 0.616 0 0.005
0.88 0.667 0 0.005
0.881 0.031 0 0.005
0.881 0.825 0 0.005
0.882 0.207 0 0.005
0.883 0.043 0 0.005
0.883 0.554 0 0.005
0.883 0.731 0 0.005
0.884 0.856 0 0.005
0.887 0.439 0 0.005
0.887 0.869 0 0.005
0.887 0.952 0 0.005
0.887 0.9981904761904762 0 0.005
0.888 0.628 0 0.005
0.888 0.967 0 0.005
0.889 0.095 0 0.005
0.89 0.299 0 0.005
0.891 0.337 0 0.005
0.892 0.198 0 0.005
0.892 0.59 0 0.005
0.892 0.763 0 0.005
0.892 0.901 0 0.005
0.894 0.067 0 0.005
0.894 0.127 0 0.005
0.894 0.171 0 0.005
0.894 0.324 0 0.005
0.894 0.66 0 0.005
0.894 0.988 0 0.005
0.895 0.013 0 0.005
0.895 0.041 0 0.005
0.895 0.27 0 0.005
0.895 0.411 0 0.005
0.897 0.477 0 0.005
0.897 0.543 0 0.005
0.897 0.881 0 0.005
0.898 0.443 0 0.005
0.898 0.673 0 0.005
0.898 0.959 0 0.005
0.899 0.294 0 0.005
0.901 0.43 0 0.005
0.901 0.689 0 0.005
0.901 0.815 0 0.005
0.902 0.233 0 0.005
0.902 0.455 0 0.005
0.904 0.486 0 0.005
0.905 0.186 0 0.005
0.906 0.321 0 0.005
0.907 0.174 0 0.005
0.907 0.93 0 0.005
0.908 0.269 0 0.005
0.908 0.506 0 0.005
0.908 0.612 0 0.005
0.909 0.637 0 0.005
0.91 0.76 0 0.005
0.912 0.599 0 0.005
0.913 0.211 0 0.005
0.914 0.346 0 0.005
0.914 0.663 0 0.005
0.914 0.906 0 0.005
0.915 0.022 0 0.005
0.915 0.57 0 0.005
0.915 0.649 0 0.005
0.916 0.183 0 0.005
0.916 0.796 0 0.005
0.917 0.331 0 0.005
0.917 0.584 0 0.005
0.917 0.826 0 0.005
0.917 0.928 0 0.005
0.918 0.128 0 0.005
0.92 0.044 0 0.005
0.92 0.277 0 0.005
0.92 0.734 0 0.005
0.921 0.856 0 0.005
0.922 0.708 0 0.005
0.923 0.225 0 0.005
0.923 0.44 0 0.005
0.925 0.485 0 0.005
0.926 0.45 0 0.005
0.926 0.781 0 0.005
0.928 0.293 0 0.005
0.928 0.538 0 0.005
0.928 0.687 0 0.005
0.929 0.955 0 0.005
0.929 0.98 0 0.005
0.93 0.886 0 0.005
0.931 0.152 0 0.005
0.934 0.387 0 0.005
0.939 0.015 0 0.005
0.939 0.211 0 0.005
0.939 0.292 0 0.005
0.939 0.375 0 0.005
0.94 0.755 0 0.005
0.94 0.966 0 0.005
0.941 0.787 0 0.005
0.941 0.804 0 0.005
0.941 0.9956875 0 0.005
0.942 0.187 0 0.005
0.942 0.694 0 0.005
0.943 0.342 0 0.005
0.943 0.622 0 0.005
0.944 0.273 0 0.005
0.946 0.358 0 0.005
0.946 0.737 0 0.005
0.947 0.257 0 0.005
0.947 0.315 0 0.005
0.949 0.22 0 0.005
0.95 0.0012666666666666666 0 0.005
0.95 0.196 0 0.005
0.951 0.835 0 0.005
0.952 0.37 0 0.005
0.954 0.208 0 0.005
0.954 0.613 0 0.005
0.955 0.623 0 0.005
0.956 0.17 0 0.005
0.957 0.152 0 0.005
0.957 0.333 0 0.005
0.957 0.813 0 0.005
0.958 0.976 0 0.005
0.961 0.042 0 0.005
0.961 0.484 0 0.005
0.962 0.577 0 0.005
0.962 0.709 0 0.005
0.962 0.766 0 0.005
0.962 0.959 0 0.005
0.963 0.558 0 0.005
0.963 0.591 0 0.005
0.964 0.756 0 0.005
0.965 0.141 0 0.005
0.966 0.357 0 0.005
0.966 0.668 0 0.005
0.967 0.839 0 0.005
0.968 0.071 0 0.005
0.968 0.784 0 0.005
0.969 0.218 0 0.005
0.969 0.535 0 0.005
0.969 0.879 0 0.005
0.972 0.411 0 0.005
0.972 0.972 0 0.005
0.974 0.377 0 0.005
0.974 0.69 0 0.005
0.975 0.24 0 0.005
0.975 0.46 0 0.005
0.975 0.645 0 0.005
0.976 0.126 0 0.005
0.976 0.765 0 0.005
0.978 0.012 0 0.005
0.978 0.62 0 0.005
0.979 0.546 0 0.005
0.98 0.7 0 0.005
0.981 0.101 0 0.005
0.982 0.066 0 0.005
0.984 0.355 0 0.005
0.984 0.528 0 0.005
0.984 0.583 0 0.005
0.985 0.491 0 0.005
0.986 0.048 0 0.005
0.986 0.893 0 0.005
0.987 0.881 0 0.005
0.988 0.988 0 0.005
0.991 0.148 0 0.005
0.991 0.516 0 0.005
0.991 0.902 0 0.005
0.992 0.47 0 0.005
0.993 0.032 0 0.005
0.9956875 0.2 0 0.005
0.996280701754386 0.14 0 0.005
0.996280701754386 0.411 0 0.005
0.996280701754386 0.55 0 0.005
0.996280701754386 0.82 0 0.005
0.9967708333333334 0.772 0 0.005
0.9972564102564103 0.488 0 0.005
0.9972564102564103 0.738 0 0.005
0.9972564102564103 0.804 0 0.005
0.9972564102564103 0.914 0 0.005
0.9985833333333334 0.949 0 0.005
