0.004 0.008 0 0.005
0.002719298245614035 0.027 0 0.005
0.0012666666666666666 0.073 0 0.005
0.004 0.115 0 0.005
0.0012666666666666666 0.126 0 0.005
0.0012666666666666666 0.149 0 0.005
0.0017435897435897436 0.16 0 0.005
0.0017435897435897436 0.198 0 0.005
0.0 0.259 0 0.005
0.0008095238095238096 0.305 0 0.005
0.0004166666666666667 0.333 0 0.005
0.004 0.347 0 0.005
0.002719298245614035 0.389 0 0.005
0.0017435897435897436 0.405 0 0.005
0.0022291666666666666 0.466 0 0.005
0.0008095238095238096 0.488 0 0.005
0.0004166666666666667 0.519 0 0.005
0.0033125 0.559 0 0.005
0.0 0.57 0 0.005
0.004 0.582 0 0.005
0.0012666666666666666 0.593 0 0.005
0.002719298245614035 0.653 0 0.005
0.0017435897435897436 0.666 0 0.005
0.0017435897435897436 0.723 0 0.005
0.0 0.77 0 0.005
0.0017435897435897436 0.782 0 0.005
0.002719298245614035 0.814 0 0.005
0.002719298245614035 0.84 0 0.005
0.0 0.849 0 0.005
0.0012666666666666666 0.875 0 0.005
0.002719298245614035 0.892 0 0.005
0.0004166666666666667 0.906 0 0.005
0.002719298245614035 0.925 0 0.005
0.0 0.933 0 0.005
0.004 0.976 0 0.005
0.005 0.292 0 0.005
0.005 0.857 0 0.005
0.006 0.136 0 0.005
0.006 0.625 0 0.005
0.006 0.745 0 0.005
0.007 0.062 0 0.005
0.007 0.334 0 0.005
0.007 0.677 0 0.005
0.008 0.018 0 0.005
0.008 0.417 0 0.005
0.008 0.884 0 0.005
0.008 0.915 0 0.005
0.009 0.592 0 0.005
0.01 0.081 0 0.005
0.01 0.192 0 0.005
0.01 0.613 0 0.005
0.01 0.826 0 0.005
0.011 0.124 0 0.005
0.011 0.179 0 0.005
0.011 0.284 0 0.005
0.011 0.31 0 0.005
0.011 0.635 0 0.005
0.012 0.706 0 0.005
0.012 0.724 0 0.005
0.013 0.548 0 0.005
0.013 0.968 0 0.005
0.014 0.343 0 0.005
0.015 0.793 0 0.005
0.016 0.217 0 0.005
0.017 0.672 0 0.005
0.018 0.139 0 0.005
0.018 0.517 0 0.005
0.018 0.772 0 0.005
0.019 0.247 0 0.005
0.019 0.39 0 0.005
0.019 0.469 0 0.005
0.019 0.565 0 0.005
0.019 0.817 0 0.005
0.019 0.836 0 0.005
0.019 0.947 0 0.005
0.02 0.355 0 0.005
0.02 0.575 0 0.005
0.02 0.733 0 0.005
0.02 0.748 0 0.005
0.02 0.989 0 0.005
0.021 0.962 0 0.005
0.022 0.151 0 0.005
0.023 0.201 0 0.005
0.023 0.441 0 0.005
0.023 0.708 0 0.005
0.024 0.422 0 0.005
0.024 0.529 0 0.005
0.024 0.927 0 0.005
0.025 0.127 0 0.005
0.025 0.788 0 0.005
0.026 0.036 0 0.005
0.026 0.081 0 0.005
0.026 0.619 0 0.005
0.026 0.854 0 0.005
0.026 0.89 0 0.005
0.027 0.679 0 0.005
0.027 0.939 0 0.005
0.028 0.315 0 0.005
0.028 0.491 0 0.005
0.028 0.504 0 0.005
0.029 0.059 0 0.005
0.029 0.219 0 0.005
0.029 0.691 0 0.005
0.029 0.813 0 0.005
0.029 0.902 0 0.005
0.029 0.951 0 0.005
0.03 0.091 0 0.005
0.03 0.182 0 0.005
0.03 0.296 0 0.005
0.03 0.479 0 0.005
0.03 0.801 0 0.005
0.031 0.16 0 0.005
0.031 0.761 0 0.005
0.031 0.839 0 0.005
0.031 0.968 0 0.005
0.032 0.019 0 0.005
0.032 0.589 0 0.005
0.032 0.773 0 0.005
0.032 0.864 0 0.005
0.033 0.337 0 0.005
0.033 0.405 0 0.005
0.035 0.351 0 0.005
0.035 0.363 0 0.005
0.035 0.559 0 0.005
0.035 0.784 0 0.005
0.036 0.614 0 0.005
0.036 0.9972564102564103 0 0.005
0.037 0.548 0 0.005
0.037 0.729 0 0.005
0.038 0.201 0 0.005
0.038 0.462 0 0.005
0.038 0.511 0 0.005
0.038 0.525 0 0.005
0.038 0.602 0 0.005
0.039 0.113 0 0.005
0.039 0.239 0 0.005
0.039 0.877 0 0.005
0.039 0.949 0 0.005
0.04 0.173 0 0.005
0.04 0.273 0 0.005
0.04 0.894 0 0.005
0.041 0.436 0 0.005
0.041 0.641 0 0.005
0.042 0.144 0 0.005
0.042 0.579 0 0.005
0.043 0.006 0 0.005
0.043 0.425 0 0.005
0.043 0.972 0 0.005
0.044 0.491 0 0.005
0.044 0.991 0 0.005
0.045 0.057 0 0.005
0.045 0.226 0 0.005
0.045 0.557 0 0.005
0.046 0.073 0 0.005
0.046 0.104 0 0.005
0.046 0.71 0 0.005
0.046 0.84 0 0.005
0.047 0.68 0 0.005
0.047 0.961 0 0.005
0.048 0.526 0 0.005
0.048 0.852 0 0.005
0.049 0.195 0 0.005
0.049 0.252 0 0.005
0.049 0.323 0 0.005
0.049 0.589 0 0.005
0.049 0.742 0 0.005
0.049 0.765 0 0.005
0.049 0.922 0 0.005
0.05 0.015 0 0.005
0.05 0.302 0 0.005
0.05 0.397 0 0.005
0.05 0.543 0 0.005
0.05 0.951 0 0.005
0.051 0.342 0 0.005
0.051 0.361 0 0.005
0.051 0.637 0 0.005
0.052 0.144 0 0.005
0.052 0.377 0 0.005
0.052 0.498 0 0.005
0.053 0.043 0 0.005
0.054 0.0008095238095238096 0 0.005
0.054 0.69 0 0.005
0.054 0.864 0 0.005
0.055 0.277 0 0.005
0.055 0.437 0 0.005
0.055 0.569 0 0.005
0.055 0.885 0 0.005
0.056 0.206 0 0.005
0.056 0.788 0 0.005
0.057 0.168 0 0.005
0.057 0.729 0 0.005
0.057 0.776 0 0.005
0.058 0.611 0 0.005
0.058 0.798 0 0.005
0.059 0.178 0 0.005
0.059 0.534 0 0.005
0.059 0.644 0 0.005
0.06 0.122 0 0.005
0.06 0.74 0 0.005
0.06 0.758 0 0.005
0.06 0.823 0 0.005
0.061 0.712 0 0.005
0.062 0.246 0 0.005
0.062 0.415 0 0.005
0.062 0.503 0 0.005
0.062 0.811 0 0.005
0.063 0.098 0 0.005
0.063 0.587 0 0.005
0.064 0.283 0 0.005
0.064 0.325 0 0.005
0.064 0.982 0 0.005
0.065 0.011 0 0.005
0.065 0.569 0 0.005
0.066 0.16 0 0.005
0.066 0.602 0 0.005
0.068 0.379 0 0.005
0.068 0.526 0 0.005
0.068 0.932 0 0.005
0.069 0.304 0 0.005
0.069 0.465 0 0.005
0.07 0.0012666666666666666 0 0.005
0.07 0.265 0 0.005
0.07 0.336 0 0.005
0.07 0.485 0 0.005
0.07 0.621 0 0.005
0.07 0.963 0 0.005
0.071 0.455 0 0.005
0.071 0.508 0 0.005
0.072 0.126 0 0.005
0.072 0.183 0 0.005
0.073 0.426 0 0.005
0.073 0.495 0 0.005
0.073 0.887 0 0.005
0.073 0.923 0 0.005
0.074 0.253 0 0.005
0.074 0.587 0 0.005
0.074 0.707 0 0.005
0.075 0.145 0 0.005
0.075 0.76 0 0.005
0.076 0.173 0 0.005
0.076 0.846 0 0.005
0.076 0.865 0 0.005
0.077 0.013 0 0.005
0.077 0.048 0 0.005
0.077 0.217 0 0.005
0.077 0.371 0 0.005
0.078 0.41 0 0.005
0.078 0.56 0 0.005
0.078 0.576 0 0.005
0.078 0.656 0 0.005
0.078 0.914 0 0.005
0.079 0.086 0 0.005
0.079 0.098 0 0.005
0.079 0.743 0 0.005
0.08 0.398 0 0.005
0.08 0.688 0 0.005
0.081 0.321 0 0.005
0.081 0.443 0 0.005
0.081 0.453 0 0.005
0.081 0.718 0 0.005
0.081 0.806 0 0.005
0.081 0.897 0 0.005
0.081 0.929 0 0.005
0.082 0.502 0 0.005
0.083 0.787 0 0.005
0.084 0.225 0 0.005
0.084 0.338 0 0.005
0.084 0.974 0 0.005
0.085 0.167 0 0.005
0.085 0.883 0 0.005
0.086 0.273 0 0.005
0.086 0.468 0 0.005
0.086 0.859 0 0.005
0.086 0.964 0 0.005
0.087 0.31 0 0.005
0.087 0.62 0 0.005
0.088 0.206 0 0.005
0.088 0.388 0 0.005
0.088 0.42 0 0.005
0.088 0.553 0 0.005
0.088 0.575 0 0.005
0.089 0.847 0 0.005
0.09 0.252 0 0.005
0.09 0.815 0 0.005
0.09 0.906 0 0.005
0.091 0.529 0 0.005
0.091 0.634 0 0.005
0.091 0.69 0 0.005
0.092 0.062 0 0.005
0.092 0.406 0 0.005
0.092 0.663 0 0.005
0.093 0.562 0 0.005
0.093 0.94 0 0.005
0.094 0.033 0 0.005
0.094 0.23 0 0.005
0.095 0.149 0 0.005
0.096 0.219 0 0.005
0.096 0.432 0 0.005
0.096 0.729 0 0.005
0.096 0.748 0 0.005
0.097 0.008 0 0.005
0.097 0.048 0 0.005
0.097 0.092 0 0.005
0.097 0.12 0 0.005
0.098 0.801 0 0.005
0.098 0.972 0 0.005
0.098 0.9967708333333334 0 0.005
0.099 0.443 0 0.005
0.099 0.475 0 0.005
0.1 0.92 0 0.005
0.101 0.131 0 0.005
0.101 0.204 0 0.005
0.101 0.608 0 0.005
0.101 0.815 0 0.005
0.102 0.3 0 0.005
0.102 0.501 0 0.005
0.102 0.857 0 0.005
0.103 0.657 0 0.005
0.104 0.342 0 0.005
0.104 0.395 0 0.005
0.104 0.574 0 0.005
0.105 0.55 0 0.005
0.105 0.563 0 0.005
0.105 0.589 0 0.005
0.105 0.95 0 0.005
0.106 0.219 0 0.005
0.106 0.377 0 0.005
0.106 0.514 0 0.005
0.107 0.458 0 0.005
0.107 0.675 0 0.005
0.107 0.824 0 0.005
0.108 0.241 0 0.005
0.108 0.794 0 0.005
0.108 0.84 0 0.005
0.109 0.182 0 0.005
0.109 0.733 0 0.005
0.109 0.765 0 0.005
0.109 0.782 0 0.005
0.11 0.419 0 0.005
0.11 0.75 0 0.005
0.111 0.029 0 0.005
0.111 0.1 0 0.005
0.112 0.194 0 0.005
0.112 0.478 0 0.005
0.112 0.902 0 0.005
0.113 0.21 0 0.005
0.113 0.9972564102564103 0 0.005
0.114 0.943 0 0.005
0.115 0.383 0 0.005
0.115 0.545 0 0.005
0.115 0.811 0 0.005
0.116 0.368 0 0.005
0.116 0.45 0 0.005
0.116 0.465 0 0.005
0.116 0.503 0 0.005
0.116 0.599 0 0.005
0.116 0.659 0 0.005
0.117 0.005 0 0.005
0.117 0.056 0 0.005
0.117 0.639 0 0.005
0.117 0.953 0 0.005
0.118 0.292 0 0.005
0.119 0.252 0 0.005
0.119 0.314 0 0.005
0.119 0.438 0 0.005
0.119 0.535 0 0.005
0.119 0.789 0 0.005
0.119 0.889 0 0.005
0.119 0.912 0 0.005
0.12 0.043 0 0.005
0.12 0.072 0 0.005
0.12 0.262 0 0.005
0.12 0.515 0 0.005
0.12 0.56 0 0.005
0.12 0.617 0 0.005
0.121 0.226 0 0.005
0.121 0.981 0 0.005
0.122 0.111 0 0.005
0.122 0.413 0 0.005
0.122 0.428 0 0.005
0.123 0.186 0 0.005
0.123 0.398 0 0.005
0.123 0.865 0 0.005
0.124 0.758 0 0.005
0.125 0.373 0 0.005
0.125 0.484 0 0.005
0.125 0.578 0 0.005
0.125 0.995 0 0.005
0.126 0.094 0 0.005
0.126 0.155 0 0.005
0.126 0.851 0 0.005
0.127 0.17 0 0.005
0.127 0.683 0 0.005
0.127 0.779 0 0.005
0.127 0.923 0 0.005
0.128 0.014 0 0.005
0.128 0.03 0 0.005
0.128 0.297 0 0.005
0.128 0.945 0 0.005
0.129 0.528 0 0.005
0.129 0.808 0 0.005
0.13 0.073 0 0.005
0.13 0.083 0 0.005
0.13 0.463 0 0.005
0.13 0.59 0 0.005
0.13 0.968 0 0.005
0.131 0.05 0 0.005
0.131 0.385 0 0.005
0.131 0.84 0 0.005
0.132 0.607 0 0.005
0.132 0.735 0 0.005
0.132 0.91 0 0.005
0.132 0.983 0 0.005
0.133 0.239 0 0.005
0.133 0.25 0 0.005
0.133 0.498 0 0.005
0.134 0.122 0 0.005
0.134 0.144 0 0.005
0.134 0.289 0 0.005
0.134 0.452 0 0.005
0.134 0.55 0 0.005
0.134 0.639 0 0.005
0.134 0.888 0 0.005
0.135 0.105 0 0.005
0.135 0.353 0 0.005
0.136 0.175 0 0.005
0.136 0.274 0 0.005
0.136 0.817 0 0.005
0.136 0.935 0 0.005
0.137 0.058 0 0.005
0.137 0.222 0 0.005
0.137 0.877 0 0.005
0.138 0.563 0 0.005
0.138 0.718 0 0.005
0.139 0.019 0 0.005
0.139 0.336 0 0.005
0.139 0.523 0 0.005
0.139 0.691 0 0.005
0.139 0.853 0 0.005
0.14 0.074 0 0.005
0.14 0.366 0 0.005
0.14 0.78 0 0.005
0.141 0.486 0 0.005
0.142 0.388 0 0.005
0.142 0.409 0 0.005
0.142 0.581 0 0.005
0.143 0.428 0 0.005
0.143 0.681 0 0.005
0.144 0.316 0 0.005
0.145 0.289 0 0.005
0.145 0.439 0 0.005
0.145 0.454 0 0.005
0.145 0.643 0 0.005
0.145 0.883 0 0.005
0.146 0.619 0 0.005
0.146 0.632 0 0.005
0.146 0.701 0 0.005
0.146 0.761 0 0.005
0.147 0.211 0 0.005
0.147 0.81 0 0.005
0.147 0.824 0 0.005
0.148 0.043 0 0.005
0.148 0.225 0 0.005
0.149 0.172 0 0.005
0.15 0.136 0 0.005
0.15 0.193 0 0.005
0.15 0.668 0 0.005
0.15 0.922 0 0.005
0.15 0.951 0 0.005
0.151 0.12 0 0.005
0.151 0.356 0 0.005
0.152 0.106 0 0.005
0.153 0.938 0 0.005
0.152 0.9985833333333334 0 0.005
0.154 0.019 0 0.005
0.154 0.962 0 0.005
0.155 0.082 0 0.005
0.155 0.795 0 0.005
0.155 0.988 0 0.005
0.156 0.819 0 0.005
0.156 0.899 0 0.005
0.157 0.07 0 0.005
0.157 0.492 0 0.005
0.157 0.583 0 0.005
0.157 0.889 0 0.005
0.158 0.634 0 0.005
0.159 0.002719298245614035 0 0.005
0.159 0.25 0 0.005
0.159 0.266 0 0.005
0.159 0.407 0 0.005
0.159 0.428 0 0.005
0.16 0.03 0 0.005
0.16 0.336 0 0.005
0.16 0.67 0 0.005
0.16 0.922 0 0.005
0.161 0.048 0 0.005
0.162 0.323 0 0.005
0.162 0.456 0 0.005
0.163 0.239 0 0.005
0.163 0.363 0 0.005
0.163 0.55 0 0.005
0.163 0.611 0 0.005
0.163 0.656 0 0.005
0.163 0.685 0 0.005
0.163 0.779 0 0.005
0.164 0.109 0 0.005
0.165 0.379 0 0.005
0.165 0.849 0 0.005
0.165 0.872 0 0.005
0.166 0.2 0 0.005
0.167 0.016 0 0.005
0.167 0.583 0 0.005
0.168 0.219 0 0.005
0.168 0.391 0 0.005
0.169 0.19 0 0.005
0.169 0.484 0 0.005
0.169 0.957 0 0.005
0.17 0.271 0 0.005
0.17 0.44 0 0.005
0.17 0.918 0 0.005
0.171 0.119 0 0.005
0.171 0.708 0 0.005
0.171 0.757 0 0.005
0.171 0.904 0 0.005
0.172 0.835 0 0.005
0.173 0.069 0 0.005
0.173 0.173 0 0.005
0.173 0.505 0 0.005
0.173 0.608 0 0.005
0.173 0.723 0 0.005
0.173 0.77 0 0.005
0.173 0.781 0 0.005
0.174 0.141 0 0.005
0.174 0.995 0 0.005
0.175 0.208 0 0.005
0.175 0.343 0 0.005
0.175 0.634 0 0.005
0.175 0.852 0 0.005
0.176 0.093 0 0.005
0.177 0.578 0 0.005
0.178 0.023 0 0.005
0.178 0.128 0 0.005
0.178 0.805 0 0.005
0.179 0.624 0 0.005
0.179 0.896 0 0.005
0.179 0.948 0 0.005
0.18 0.16 0 0.005
0.18 0.369 0 0.005
0.18 0.379 0 0.005
0.18 0.399 0 0.005
0.18 0.434 0 0.005
0.18 0.986 0 0.005
0.181 0.246 0 0.005
0.181 0.284 0 0.005
0.181 0.55 0 0.005
0.181 0.589 0 0.005
0.181 0.885 0 0.005
0.182 0.414 0 0.005
0.182 0.712 0 0.005
0.182 0.938 0 0.005
0.183 0.187 0 0.005
0.183 0.313 0 0.005
0.183 0.351 0 0.005
0.184 0.451 0 0.005
0.184 0.912 0 0.005
0.184 0.974 0 0.005
0.185 0.006 0 0.005
0.185 0.519 0 0.005
0.185 0.57 0 0.005
0.185 0.772 0 0.005
0.186 0.497 0 0.005
0.186 0.673 0 0.005
0.186 0.824 0 0.005
0.186 0.964 0 0.005
0.187 0.173 0 0.005
0.187 0.3 0 0.005
0.188 0.138 0 0.005
0.189 0.642 0 0.005
0.19 0.02 0 0.005
0.19 0.079 0 0.005
0.19 0.152 0 0.005
0.19 0.332 0 0.005
0.19 0.466 0 0.005
0.191 0.62 0 0.005
0.191 0.996280701754386 0 0.005
0.192 0.25 0 0.005
0.192 0.423 0 0.005
0.192 0.48 0 0.005
0.192 0.589 0 0.005
0.192 0.707 0 0.005
0.192 0.785 0 0.005
0.192 0.811 0 0.005
0.192 0.836 0 0.005
0.193 0.047 0 0.005
0.193 0.195 0 0.005
0.194 0.906 0 0.005
0.194 0.917 0 0.005
0.195 0.098 0 0.005
0.195 0.54 0 0.005
0.195 0.655 0 0.005
0.195 0.888 0 0.005
0.196 0.961 0 0.005
0.197 0.447 0 0.005
0.197 0.566 0 0.005
0.197 0.695 0 0.005
0.198 0.206 0 0.005
0.199 0.067 0 0.005
0.199 0.084 0 0.005
0.199 0.108 0 0.005
0.199 0.373 0 0.005
0.199 0.46 0 0.005
0.199 0.488 0 0.005
0.199 0.744 0 0.005
0.199 0.766 0 0.005
0.2 0.974 0 0.005
0.201 0.418 0 0.005
0.202 0.29 0 0.005
0.203 0.229 0 0.005
0.204 0.0033125 0 0.005
0.204 0.177 0 0.005
0.204 0.617 0 0.005
0.204 0.854 0 0.005
0.204 0.918 0 0.005
0.205 0.396 0 0.005
0.205 0.596 0 0.005
0.206 0.041 0 0.005
0.206 0.313 0 0.005
0.206 0.362 0 0.005
0.207 0.139 0 0.005
0.207 0.153 0 0.005
0.207 0.508 0 0.005
0.207 0.736 0 0.005
0.207 0.798 0 0.005
0.207 0.881 0 0.005
0.207 0.9972564102564103 0 0.005
0.208 0.248 0 0.005
0.208 0.409 0 0.005
0.208 0.474 0 0.005
0.208 0.554 0 0.005
0.209 0.027 0 0.005
0.209 0.1 0 0.005
0.209 0.265 0 0.005
0.209 0.521 0 0.005
0.209 0.532 0 0.005
0.209 0.654 0 0.005
0.209 0.753 0 0.005
0.21 0.486 0 0.005
0.21 0.582 0 0.005
0.21 0.842 0 0.005
0.212 0.674 0 0.005
0.214 0.223 0 0.005
0.214 0.233 0 0.005
0.214 0.351 0 0.005
0.214 0.925 0 0.005
0.215 0.19 0 0.005
0.215 0.425 0 0.005
0.215 0.606 0 0.005
0.215 0.815 0 0.005
0.215 0.968 0 0.005
0.216 0.206 0 0.005
0.217 0.014 0 0.005
0.217 0.316 0 0.005
0.217 0.773 0 0.005
0.218 0.065 0 0.005
0.218 0.448 0 0.005
0.219 0.546 0 0.005
0.219 0.85 0 0.005
0.219 0.873 0 0.005
0.22 0.391 0 0.005
0.221 0.144 0 0.005
0.221 0.504 0 0.005
0.221 0.514 0 0.005
0.221 0.524 0 0.005
0.221 0.633 0 0.005
0.221 0.704 0 0.005
0.221 0.788 0 0.005
0.221 0.888 0 0.005
0.222 0.156 0 0.005
0.222 0.166 0 0.005
0.222 0.584 0 0.005
0.223 0.046 0 0.005
0.223 0.479 0 0.005
0.223 0.598 0 0.005
0.223 0.694 0 0.005
0.223 0.737 0 0.005
0.224 0.023 0 0.005
0.224 0.198 0 0.005
0.224 0.38 0 0.005
0.224 0.681 0 0.005
0.225 0.073 0 0.005
0.225 0.087 0 0.005
0.225 0.245 0 0.005
0.225 0.271 0 0.005
0.225 0.342 0 0.005
0.225 0.826 0 0.005
0.225 0.966 0 0.005
0.226 0.37 0 0.005
0.226 0.417 0 0.005
0.226 0.651 0 0.005
0.226 0.908 0 0.005
0.227 0.489 0 0.005
0.227 0.662 0 0.005
0.228 0.463 0 0.005
0.228 0.816 0 0.005
0.228 0.855 0 0.005
0.228 0.938 0 0.005
0.229 0.035 0 0.005
0.229 0.75 0 0.005
0.23 0.992 0 0.005
0.231 0.444 0 0.005
0.231 0.866 0 0.005
0.232 0.974 0 0.005
0.233 0.102 0 0.005
0.233 0.154 0 0.005
0.233 0.454 0 0.005
0.233 0.619 0 0.005
0.234 0.136 0 0.005
0.234 0.502 0 0.005
0.235 0.014 0 0.005
0.235 0.206 0 0.005
0.235 0.234 0 0.005
0.235 0.273 0 0.005
0.235 0.846 0 0.005
0.236 0.073 0 0.005
0.236 0.091 0 0.005
0.236 0.306 0 0.005
0.236 0.345 0 0.005
0.236 0.408 0 0.005
0.236 0.789 0 0.005
0.237 0.29 0 0.005
0.237 0.398 0 0.005
0.237 0.492 0 0.005
0.237 0.893 0 0.005
0.238 0.026 0 0.005
0.238 0.335 0 0.005
0.239 0.421 0 0.005
0.239 0.694 0 0.005
0.24 0.359 0 0.005
0.24 0.557 0 0.005
0.24 0.665 0 0.005
0.24 0.88 0 0.005
0.241 0.193 0 0.005
0.241 0.252 0 0.005
0.241 0.602 0 0.005
0.242 0.444 0 0.005
0.242 0.991 0 0.005
0.243 0.158 0 0.005
0.244 0.53 0 0.005
0.244 0.745 0 0.005
0.245 0.325 0 0.005
0.245 0.501 0 0.005
0.245 0.913 0 0.005
0.246 0.057 0 0.005
0.246 0.611 0 0.005
0.246 0.818 0 0.005
0.246 0.924 0 0.005
0.246 0.962 0 0.005
0.247 0.227 0 0.005
0.247 0.239 0 0.005
0.247 0.47 0 0.005
0.247 0.515 0 0.005
0.247 0.766 0 0.005
0.247 0.781 0 0.005
0.248 0.109 0 0.005
0.248 0.183 0 0.005
0.248 0.367 0 0.005
0.248 0.395 0 0.005
0.249 0.307 0 0.005
0.249 0.58 0 0.005
0.249 0.591 0 0.005
0.249 0.979 0 0.005
0.25 0.04 0 0.005
0.25 0.259 0 0.005
0.25 0.293 0 0.005
0.25 0.892 0 0.005
0.251 0.025 0 0.005
0.251 0.357 0 0.005
0.251 0.439 0 0.005
0.251 0.549 0 0.005
0.251 0.754 0 0.005
0.251 0.806 0 0.005
0.252 0.345 0 0.005
0.253 0.099 0 0.005
0.253 0.204 0 0.005
0.254 0.794 0 0.005
0.254 0.882 0 0.005
0.255 0.729 0 0.005
0.256 0.454 0 0.005
0.256 0.825 0 0.005
0.256 0.861 0 0.005
0.256 0.946 0 0.005
0.257 0.38 0 0.005
0.257 0.656 0 0.005
0.257 0.849 0 0.005
0.258 0.249 0 0.005
0.258 0.37 0 0.005
0.258 0.671 0 0.005
0.258 0.709 0 0.005
0.258 0.915 0 0.005
0.259 0.934 0 0.005
0.26 0.298 0 0.005
0.26 0.573 0 0.005
0.26 0.9956875 0 0.005
0.261 0.313 0 0.005
0.261 0.424 0 0.005
0.261 0.774 0 0.005
0.262 0.143 0 0.005
0.262 0.633 0 0.005
0.263 0.09 0 0.005
0.263 0.181 0 0.005
0.263 0.221 0 0.005
0.264 0.044 0 0.005
0.264 0.696 0 0.005
0.264 0.877 0 0.005
0.265 0.524 0 0.005
0.265 0.757 0 0.005
0.265 0.839 0 0.005
0.267 0.009 0 0.005
0.267 0.288 0 0.005
0.267 0.411 0 0.005
0.267 0.512 0 0.005
0.267 0.86 0 0.005
0.268 0.027 0 0.005
0.268 0.152 0 0.005
0.268 0.239 0 0.005
0.268 0.478 0 0.005
0.268 0.897 0 0.005
0.269 0.278 0 0.005
0.269 0.957 0 0.005
0.27 0.381 0 0.005
0.27 0.436 0 0.005
0.27 0.468 0 0.005
0.27 0.739 0 0.005
0.271 0.265 0 0.005
0.271 0.327 0 0.005
0.271 0.341 0 0.005
0.272 0.308 0 0.005
0.272 0.978 0 0.005
0.273 0.104 0 0.005
0.273 0.22 0 0.005
0.273 0.456 0 0.005
0.274 0.193 0 0.005
0.274 0.628 0 0.005
0.274 0.67 0 0.005
0.274 0.775 0 0.005
0.275 0.118 0 0.005
0.275 0.535 0 0.005
0.275 0.57 0 0.005
0.275 0.7 0 0.005
0.275 0.763 0 0.005
0.275 0.942 0 0.005
0.276 0.048 0 0.005
0.276 0.373 0 0.005
0.276 0.581 0 0.005
0.276 0.724 0 0.005
0.276 0.873 0 0.005
0.278 0.072 0 0.005
0.278 0.134 0 0.005
0.278 0.862 0 0.005
0.279 0.81 0 0.005
0.28 0.184 0 0.005
0.28 0.607 0 0.005
0.28 0.714 0 0.005
0.282 0.109 0 0.005
0.282 0.527 0 0.005
0.283 0.223 0 0.005
0.283 0.545 0 0.005
0.283 0.738 0 0.005
0.283 0.899 0 0.005
0.283 0.924 0 0.005
0.284 0.43 0 0.005
0.284 0.495 0 0.005
0.285 0.089 0 0.005
0.285 0.119 0 0.005
0.285 0.456 0 0.005
0.285 0.819 0 0.005
0.286 0.021 0 0.005
0.287 0.629 0 0.005
0.288 0.151 0 0.005
0.288 0.639 0 0.005
0.289 0.004 0 0.005
0.289 0.362 0 0.005
0.289 0.398 0 0.005
0.289 0.65 0 0.005
0.289 0.842 0 0.005
0.289 0.954 0 0.005
0.289 0.995 0 0.005
0.29 0.671 0 0.005
0.292 0.101 0 0.005
0.292 0.182 0 0.005
0.292 0.285 0 0.005
0.292 0.858 0 0.005
0.293 0.078 0 0.005
0.293 0.2 0 0.005
0.293 0.219 0 0.005
0.293 0.419 0 0.005
0.293 0.93 0 0.005
0.294 0.139 0 0.005
0.294 0.71 0 0.005
0.294 0.807 0 0.005
0.294 0.979 0 0.005
0.295 0.319 0 0.005
0.295 0.387 0 0.005
0.295 0.612 0 0.005
0.295 0.731 0 0.005
0.296 0.169 0 0.005
0.297 0.341 0 0.005
0.297 0.53 0 0.005
0.298 0.506 0 0.005
0.298 0.9981904761904762 0 0.005
0.299 0.359 0 0.005
0.299 0.479 0 0.005
0.299 0.635 0 0.005
0.299 0.741 0 0.005
0.3 0.649 0 0.005
0.3 0.939 0 0.005
0.301 0.039 0 0.005
0.301 0.065 0 0.005
0.301 0.106 0 0.005
0.301 0.463 0 0.005
0.302 0.238 0 0.005
0.302 0.403 0 0.005
0.303 0.688 0 0.005
0.303 0.859 0 0.005
0.303 0.953 0 0.005
0.304 0.002719298245614035 0 0.005
0.304 0.828 0 0.005
0.304 0.897 0 0.005
0.305 0.351 0 0.005
0.305 0.546 0 0.005
0.305 0.847 0 0.005
0.306 0.719 0 0.005
0.306 0.908 0 0.005
0.307 0.223 0 0.005
0.307 0.292 0 0.005
0.307 0.372 0 0.005
0.307 0.559 0 0.005
0.308 0.254 0 0.005
0.308 0.984 0 0.005
0.309 0.136 0 0.005
0.309 0.629 0 0.005
0.309 0.88 0 0.005
0.31 0.414 0 0.005
0.31 0.512 0 0.005
0.311 0.05 0 0.005
0.311 0.064 0 0.005
0.311 0.771 0 0.005
0.312 0.662 0 0.005
0.312 0.944 0 0.005
0.313 0.15 0 0.005
0.314 0.456 0 0.005
0.314 0.593 0 0.005
0.315 0.61 0 0.005
0.315 0.642 0 0.005
0.315 0.747 0 0.005
0.316 0.083 0 0.005
0.316 0.218 0 0.005
0.316 0.243 0 0.005
0.316 0.422 0 0.005
0.316 0.436 0 0.005
0.316 0.813 0 0.005
0.317 0.322 0 0.005
0.317 0.977 0 0.005
0.318 0.103 0 0.005
0.318 0.161 0 0.005
0.319 0.569 0 0.005
0.319 0.696 0 0.005
0.32 0.268 0 0.005
0.32 0.498 0 0.005
0.32 0.955 0 0.005
0.321 0.726 0 0.005
0.321 0.829 0 0.005
0.321 0.987 0 0.005
0.322 0.189 0 0.005
0.322 0.228 0 0.005
0.322 0.553 0 0.005
0.323 0.968 0 0.005
0.324 0.768 0 0.005
0.325 0.008 0 0.005
0.325 0.12 0 0.005
0.325 0.413 0 0.005
0.326 0.132 0 0.005
0.326 0.277 0 0.005
0.326 0.508 0 0.005
0.327 0.454 0 0.005
0.327 0.788 0 0.005
0.327 0.803 0 0.005
0.327 0.936 0 0.005
0.328 0.179 0 0.005
0.328 0.714 0 0.005
0.329 0.289 0 0.005
0.329 0.981 0 0.005
0.33 0.493 0 0.005
0.33 0.605 0 0.005
0.331 0.351 0 0.005
0.332 0.076 0 0.005
0.332 0.323 0 0.005
0.333 0.018 0 0.005
0.333 0.053 0 0.005
0.333 0.383 0 0.005
0.334 0.539 0 0.005
0.334 0.954 0 0.005
0.335 0.706 0 0.005
0.335 0.894 0 0.005
0.336 0.401 0 0.005
0.336 0.422 0 0.005
0.336 0.681 0 0.005
0.336 0.833 0 0.005
0.337 0.631 0 0.005
0.338 0.331 0 0.005
0.338 0.526 0 0.005
0.338 0.9972564102564103 0 0.005
0.339 0.105 0 0.005
0.339 0.313 0 0.005
0.34 0.271 0 0.005
0.34 0.565 0 0.005
0.34 0.594 0 0.005
0.34 0.67 0 0.005
0.34 0.989 0 0.005
0.341 0.133 0 0.005
0.341 0.198 0 0.005
0.341 0.579 0 0.005
0.341 0.798 0 0.005
0.342 0.187 0 0.005
0.342 0.214 0 0.005
0.342 0.374 0 0.005
0.342 0.458 0 0.005
0.342 0.481 0 0.005
0.342 0.864 0 0.005
0.343 0.491 0 0.005
0.344 0.006 0 0.005
0.344 0.254 0 0.005
0.344 0.436 0 0.005
0.344 0.617 0 0.005
0.345 0.07 0 0.005
0.345 0.554 0 0.005
0.345 0.706 0 0.005
0.345 0.758 0 0.005
0.345 0.84 0 0.005
0.345 0.95 0 0.005
0.346 0.896 0 0.005
0.347 0.173 0 0.005
0.347 0.337 0 0.005
0.347 0.348 0 0.005
0.349 0.607 0 0.005
0.35 0.105 0 0.005
0.35 0.246 0 0.005
0.35 0.545 0 0.005
0.35 0.585 0 0.005
0.35 0.723 0 0.005
0.35 0.87 0 0.005
0.352 0.044 0 0.005
0.352 0.226 0 0.005
0.352 0.683 0 0.005
0.353 0.389 0 0.005
0.354 0.095 0 0.005
0.354 0.434 0 0.005
0.354 0.505 0 0.005
0.354 0.713 0 0.005
0.355 0.2 0 0.005
0.355 0.556 0 0.005
0.355 0.655 0 0.005
0.355 0.836 0 0.005
0.355 0.966 0 0.005
0.356 0.48 0 0.005
0.356 0.773 0 0.005
0.356 0.947 0 0.005
0.358 0.177 0 0.005
0.358 0.28 0 0.005
0.359 0.069 0 0.005
0.359 0.333 0 0.005
0.359 0.377 0 0.005
0.359 0.403 0 0.005
0.359 0.598 0 0.005
0.359 0.809 0 0.005
0.359 0.934 0 0.005
0.36 0.216 0 0.005
0.36 0.896 0 0.005
0.361 0.159 0 0.005
0.361 0.739 0 0.005
0.361 0.956 0 0.005
0.362 0.131 0 0.005
0.362 0.446 0 0.005
0.363 0.233 0 0.005
0.363 0.347 0 0.005
0.363 0.5 0 0.005
0.363 0.545 0 0.005
0.364 0.31 0 0.005
0.364 0.712 0 0.005
0.365 0.017 0 0.005
0.365 0.194 0 0.005
0.365 0.528 0 0.005
0.366 0.004 0 0.005
0.366 0.289 0 0.005
0.366 0.516 0 0.005
0.367 0.183 0 0.005
0.367 0.558 0 0.005
0.367 0.576 0 0.005
0.367 0.785 0 0.005
0.368 0.278 0 0.005
0.368 0.676 0 0.005
0.368 0.859 0 0.005
0.369 0.257 0 0.005
0.369 0.686 0 0.005
0.369 0.913 0 0.005
0.37 0.084 0 0.005
0.37 0.143 0 0.005
0.37 0.731 0 0.005
0.371 0.069 0 0.005
0.372 0.025 0 0.005
0.372 0.056 0 0.005
0.372 0.721 0 0.005
0.372 0.843 0 0.005
0.373 0.045 0 0.005
0.373 0.419 0 0.005
0.373 0.828 0 0.005
0.374 0.446 0 0.005
0.374 0.543 0 0.005
0.374 0.622 0 0.005
0.375 0.108 0 0.005
0.376 0.213 0 0.005
0.376 0.288 0 0.005
0.376 0.368 0 0.005
0.376 0.465 0 0.005
0.376 0.881 0 0.005
0.377 0.342 0 0.005
0.377 0.401 0 0.005
0.377 0.643 0 0.005
0.377 0.807 0 0.005
0.378 0.512 0 0.005
0.378 0.524 0 0.005
0.378 0.556 0 0.005
0.379 0.267 0 0.005
0.379 0.455 0 0.005
0.379 0.598 0 0.005
0.38 0.683 0 0.005
0.38 0.996280701754386 0 0.005
0.381 0.25 0 0.005
0.381 0.711 0 0.005
0.381 0.903 0 0.005
0.381 0.961 0 0.005
0.381 0.984 0 0.005
0.382 0.004 0 0.005
0.382 0.074 0 0.005
0.382 0.437 0 0.005
0.382 0.669 0 0.005
0.382 0.769 0 0.005
0.383 0.419 0 0.005
0.383 0.587 0 0.005
0.383 0.859 0 0.005
0.383 0.938 0 0.005
0.384 0.89 0 0.005
0.385 0.576 0 0.005
0.385 0.789 0 0.005
0.385 0.848 0 0.005
0.386 0.471 0 0.005
0.386 0.537 0 0.005
0.386 0.8 0 0.005
0.386 0.833 0 0.005
0.387 0.139 0 0.005
0.387 0.189 0 0.005
0.388 0.019 0 0.005
0.388 0.976 0 0.005
0.389 0.046 0 0.005
0.389 0.208 0 0.005
0.389 0.622 0 0.005
0.39 0.295 0 0.005
0.391 0.593 0 0.005
0.39 0.0 0 0.005
0.392 0.091 0 0.005
0.392 0.555 0 0.005
0.393 0.772 0 0.005
0.393 0.948 0 0.005
0.393 0.986 0 0.005
0.394 0.76 0 0.005
0.394 0.935 0 0.005
0.394 0.958 0 0.005
0.395 0.219 0 0.005
0.395 0.86 0 0.005
0.396 0.364 0 0.005
0.396 0.634 0 0.005
0.397 0.244 0 0.005
0.397 0.353 0 0.005
0.397 0.411 0 0.005
0.397 0.449 0 0.005
0.397 0.71 0 0.005
0.398 0.581 0 0.005
0.399 0.114 0 0.005
0.399 0.384 0 0.005
0.399 0.622 0 0.005
0.4 0.327 0 0.005
0.4 0.603 0 0.005
0.4 0.752 0 0.005
0.4 0.0004166666666666667 0 0.005
0.401 0.184 0 0.005
0.401 0.298 0 0.005
0.401 0.897 0 0.005
0.402 0.484 0 0.005
0.403 0.153 0 0.005
0.403 0.4 0 0.005
0.403 0.684 0 0.005
0.404 0.281 0 0.005
0.405 0.08 0 0.005
0.405 0.738 0 0.005
0.405 0.79 0 0.005
0.405 0.972 0 0.005
0.406 0.02 0 0.005
0.406 0.316 0 0.005
0.406 0.567 0 0.005
0.406 0.589 0 0.005
0.407 0.166 0 0.005
0.407 0.351 0 0.005
0.407 0.528 0 0.005
0.407 0.819 0 0.005
0.408 0.068 0 0.005
0.408 0.106 0 0.005
0.408 0.176 0 0.005
0.408 0.231 0 0.005
0.408 0.629 0 0.005
0.408 0.658 0 0.005
0.409 0.469 0 0.005
0.409 0.717 0 0.005
0.409 0.842 0 0.005
0.41 0.417 0 0.005
0.411 0.432 0 0.005
0.411 0.613 0 0.005
0.411 0.673 0 0.005
0.41 0.9985833333333334 0 0.005
0.412 0.264 0 0.005
0.412 0.29 0 0.005
0.412 0.756 0 0.005
0.412 0.901 0 0.005
0.412 0.929 0 0.005
0.413 0.222 0 0.005
0.413 0.551 0 0.005
0.413 0.685 0 0.005
0.413 0.856 0 0.005
0.414 0.095 0 0.005
0.414 0.251 0 0.005
0.414 0.459 0 0.005
0.414 0.8 0 0.005
0.415 0.341 0 0.005
0.415 0.401 0 0.005
0.415 0.576 0 0.005
0.415 0.726 0 0.005
0.416 0.114 0 0.005
0.417 0.015 0 0.005
0.417 0.373 0 0.005
0.418 0.063 0 0.005
0.42 0.138 0 0.005
0.42 0.279 0 0.005
0.42 0.49 0 0.005
0.421 0.232 0 0.005
0.421 0.323 0 0.005
0.421 0.358 0 0.005
0.421 0.536 0 0.005
0.421 0.96 0 0.005
0.421 0.975 0 0.005
0.422 0.214 0 0.005
0.422 0.513 0 0.005
0.422 0.596 0 0.005
0.423 0.551 0 0.005
0.424 0.083 0 0.005
0.424 0.741 0 0.005
0.425 0.098 0 0.005
0.425 0.625 0 0.005
0.425 0.651 0 0.005
0.425 0.685 0 0.005
0.425 0.818 0 0.005
0.425 0.837 0 0.005
0.426 0.029 0 0.005
0.427 0.124 0 0.005
0.428 0.584 0 0.005
0.429 0.428 0 0.005
0.429 0.9956875 0 0.005
0.43 0.053 0 0.005
0.43 0.57 0 0.005
0.43 0.864 0 0.005
0.431 0.263 0 0.005
0.431 0.526 0 0.005
0.432 0.507 0 0.005
0.432 0.9 0 0.005
0.432 0.972 0 0.005
0.433 0.01 0 0.005
0.433 0.153 0 0.005
0.433 0.943 0 0.005
0.434 0.071 0 0.005
0.434 0.289 0 0.005
0.434 0.299 0 0.005
0.434 0.597 0 0.005
0.434 0.673 0 0.005
0.434 0.809 0 0.005
0.435 0.494 0 0.005
0.435 0.549 0 0.005
0.435 0.785 0 0.005
0.436 0.0017435897435897436 0 0.005
0.436 0.696 0 0.005
0.436 0.741 0 0.005
0.436 0.914 0 0.005
0.437 0.033 0 0.005
0.437 0.856 0 0.005
0.439 0.728 0 0.005
0.44 0.187 0 0.005
0.441 0.06 0 0.005
0.441 0.146 0 0.005
0.441 0.23 0 0.005
0.441 0.349 0 0.005
0.442 0.259 0 0.005
0.442 0.309 0 0.005
0.442 0.985 0 0.005
0.443 0.105 0 0.005
0.444 0.199 0 0.005
0.444 0.78 0 0.005
0.445 0.425 0 0.005
0.445 0.495 0 0.005
0.445 0.922 0 0.005
0.446 0.0022291666666666666 0 0.005
0.446 0.624 0 0.005
0.446 0.755 0 0.005
0.447 0.46 0 0.005
0.448 0.011 0 0.005
0.448 0.392 0 0.005
0.448 0.818 0 0.005
0.449 0.127 0 0.005
0.449 0.338 0 0.005
0.449 0.37 0 0.005
0.449 0.973 0 0.005
0.45 0.214 0 0.005
0.451 0.041 0 0.005
0.451 0.056 0 0.005
0.451 0.246 0 0.005
0.451 0.303 0 0.005
0.452 0.348 0 0.005
0.452 0.508 0 0.005
0.452 0.859 0 0.005
0.452 0.874 0 0.005
0.453 0.408 0 0.005
0.453 0.585 0 0.005
0.453 0.886 0 0.005
0.454 0.642 0 0.005
0.454 0.769 0 0.005
0.455 0.654 0 0.005
0.455 0.916 0 0.005
0.456 0.27 0 0.005
0.456 0.44 0 0.005
0.456 0.735 0 0.005
0.456 0.781 0 0.005
0.456 0.901 0 0.005
0.457 0.174 0 0.005
0.457 0.201 0 0.005
0.457 0.57 0 0.005
0.458 0.108 0 0.005
0.458 0.541 0 0.005
0.458 0.992 0 0.005
0.456 0.999 0 0.005
0.459 0.049 0 0.005
0.459 0.139 0 0.005
0.459 0.615 0 0.005
0.459 0.8 0 0.005
0.46 0.754 0 0.005
0.461 0.473 0 0.005
0.461 0.684 0 0.005
0.461 0.868 0 0.005
0.461 0.953 0 0.005
0.462 0.344 0 0.005
0.462 0.4 0 0.005
0.462 0.491 0 0.005
0.462 0.636 0 0.005
0.462 0.856 0 0.005
0.463 0.161 0 0.005
0.463 0.246 0 0.005
0.463 0.449 0 0.005
0.463 0.967 0 0.005
0.464 0.217 0 0.005
0.464 0.287 0 0.005
0.464 0.696 0 0.005
0.464 0.819 0 0.005
0.464 0.979 0 0.005
0.465 0.366 0 0.005
0.466 0.597 0 0.005
0.466 0.916 0 0.005
0.467 0.028 0 0.005
0.467 0.063 0 0.005
0.467 0.674 0 0.005
0.468 0.721 0 0.005
0.469 0.202 0 0.005
0.469 0.439 0 0.005
0.469 0.554 0 0.005
0.47 0.626 0 0.005
0.47 0.934 0 0.005
0.471 0.234 0 0.005
0.471 0.295 0 0.005
0.471 0.757 0 0.005
0.471 0.805 0 0.005
0.472 0.123 0 0.005
0.472 0.459 0 0.005
0.472 0.773 0 0.005
0.472 0.946 0 0.005
0.472 0.991 0 0.005
0.473 0.145 0 0.005
0.473 0.575 0 0.005
0.473 0.744 0 0.005
0.473 0.961 0 0.005
0.474 0.099 0 0.005
0.474 0.159 0 0.005
0.474 0.308 0 0.005
0.474 0.875 0 0.005
0.475 0.069 0 0.005
0.475 0.282 0 0.005
0.475 0.41 0 0.005
0.475 0.691 0 0.005
0.477 0.335 0 0.005
0.477 0.542 0 0.005
0.477 0.593 0 0.005
0.477 0.909 0 0.005
0.478 0.862 0 0.005
0.479 0.383 0 0.005
0.48 0.11 0 0.005
0.48 0.184 0 0.005
0.48 0.886 0 0.005
0.48 0.925 0 0.005
0.481 0.557 0 0.005
0.481 0.643 0 0.005
0.481 0.848 0 0.005
0.482 0.427 0 0.005
0.482 0.728 0 0.005
0.483 0.075 0 0.005
0.483 0.154 0 0.005
0.483 0.241 0 0.005
0.484 0.063 0 0.005
0.484 0.45 0 0.005
0.484 0.656 0 0.005
0.484 0.897 0 0.005
0.485 0.292 0 0.005
0.486 0.087 0 0.005
0.486 0.397 0 0.005
0.486 0.772 0 0.005
0.486 0.917 0 0.005
0.487 0.005 0 0.005
0.487 0.482 0 0.005
0.487 0.951 0 0.005
0.487 0.962 0 0.005
0.488 0.675 0 0.005
0.488 0.937 0 0.005
0.489 0.364 0 0.005
0.489 0.543 0 0.005
0.489 0.621 0 0.005
0.49 0.033 0 0.005
0.49 0.263 0 0.005
0.49 0.409 0 0.005
0.49 0.705 0 0.005
0.49 0.79 0 0.005
0.49 0.976 0 0.005
0.491 0.342 0 0.005
0.491 0.716 0 0.005
0.492 0.124 0 0.005
0.492 0.587 0 0.005
0.492 0.831 0 0.005
0.493 0.18 0 0.005
0.493 0.298 0 0.005
0.493 0.882 0 0.005
0.494 0.23 0 0.005
0.494 0.646 0 0.005
0.495 0.196 0 0.005
0.495 0.453 0 0.005
0.497 0.1 0 0.005
0.497 0.465 0 0.005
0.498 0.815 0 0.005
0.498 0.9981904761904762 0 0.005
0.499 0.053 0 0.005
0.499 0.08 0 0.005
0.499 0.922 0 0.005
0.499 0.943 0 0.005
0.5 0.425 0 0.005
0.501 0.517 0 0.005
0.501 0.61 0 0.005
0.501 0.868 0 0.005
0.502 0.373 0 0.005
0.502 0.492 0 0.005
0.502 0.502 0 0.005
0.502 0.678 0 0.005
0.502 0.959 0 0.005
0.503 0.025 0 0.005
0.503 0.036 0 0.005
0.503 0.12 0 0.005
0.503 0.979 0 0.005
0.504 0.688 0 0.005
0.504 0.714 0 0.005
0.504 0.725 0 0.005
0.505 0.227 0 0.005
0.505 0.632 0 0.005
0.506 0.014 0 0.005
0.506 0.183 0 0.005
0.506 0.386 0 0.005
0.506 0.449 0 0.005
0.507 0.074 0 0.005
0.507 0.171 0 0.005
0.507 0.254 0 0.005
0.507 0.332 0 0.005
0.507 0.562 0 0.005
0.507 0.82 0 0.005
0.508 0.062 0 0.005
0.508 0.159 0 0.005
0.508 0.237 0 0.005
0.508 0.289 0 0.005
0.508 0.4 0 0.005
0.509 0.279 0 0.005
0.509 0.461 0 0.005
0.51 0.21 0 0.005
0.51 0.753 0 0.005
0.511 0.14 0 0.005
0.511 0.739 0 0.005
0.511 0.766 0 0.005
0.512 0.083 0 0.005
0.512 0.902 0 0.005
0.512 0.945 0 0.005
0.513 0.533 0 0.005
0.513 0.835 0 0.005
0.514 0.609 0 0.005
0.514 0.934 0 0.005
0.515 0.432 0 0.005
0.515 0.586 0 0.005
0.516 0.298 0 0.005
0.516 0.672 0 0.005
0.517 0.227 0 0.005
0.517 0.359 0 0.005
0.517 0.389 0 0.005
0.518 0.095 0 0.005
0.518 0.816 0 0.005
0.518 0.975 0 0.005
0.519 0.687 0 0.005
0.52 0.846 0 0.005
0.521 0.714 0 0.005
0.521 0.893 0 0.005
0.521 0.921 0 0.005
0.522 0.493 0 0.005
0.523 0.0012666666666666666 0 0.005
0.524 0.109 0 0.005
0.524 0.346 0 0.005
0.525 0.243 0 0.005
0.525 0.41 0 0.005
0.525 0.57 0 0.005
0.525 0.699 0 0.005
0.525 0.727 0 0.005
0.525 0.83 0 0.005
0.526 0.168 0 0.005
0.526 0.272 0 0.005
0.526 0.994 0 0.005
0.527 0.188 0 0.005
0.527 0.287 0 0.005
0.527 0.81 0 0.005
0.527 0.862 0 0.005
0.528 0.36 0 0.005
0.528 0.371 0 0.005
0.528 0.929 0 0.005
0.528 0.957 0 0.005
0.529 0.231 0 0.005
0.529 0.302 0 0.005
0.529 0.326 0 0.005
0.529 0.904 0 0.005
0.53 0.046 0 0.005
0.53 0.08 0 0.005
0.531 0.46 0 0.005
0.531 0.646 0 0.005
0.531 0.673 0 0.005
0.532 0.117 0 0.005
0.532 0.219 0 0.005
0.533 0.207 0 0.005
0.533 0.75 0 0.005
0.534 0.264 0 0.005
0.534 0.51 0 0.005
0.534 0.553 0 0.005
0.534 0.634 0 0.005
0.534 0.939 0 0.005
0.535 0.101 0 0.005
0.535 0.844 0 0.005
0.536 0.603 0 0.005
0.536 0.823 0 0.005
0.537 0.013 0 0.005
0.537 0.167 0 0.005
0.537 0.395 0 0.005
0.537 0.45 0 0.005
0.538 0.153 0 0.005
0.538 0.294 0 0.005
0.538 0.373 0 0.005
0.538 0.584 0 0.005
0.538 0.7 0 0.005
0.538 0.724 0 0.005
0.539 0.086 0 0.005
0.539 0.13 0 0.005
0.54 0.813 0 0.005
0.541 0.061 0 0.005
0.541 0.418 0 0.005
0.541 0.643 0 0.005
0.541 0.8 0 0.005
0.542 0.0017435897435897436 0 0.005
0.542 0.05 0 0.005
0.542 0.541 0 0.005
0.542 0.613 0 0.005
0.542 0.996280701754386 0 0.005
0.543 0.984 0 0.005
0.544 0.528 0 0.005
0.544 0.734 0 0.005
0.544 0.768 0 0.005
0.545 0.213 0 0.005
0.545 0.265 0 0.005
0.545 0.782 0 0.005
0.546 0.362 0 0.005
0.547 0.398 0 0.005
0.547 0.459 0 0.005
0.547 0.687 0 0.005
0.547 0.969 0 0.005
0.548 0.852 0 0.005
0.548 0.866 0 0.005
0.549 0.187 0 0.005
0.549 0.247 0 0.005
0.549 0.808 0 0.005
0.549 0.928 0 0.005
0.55 0.014 0 0.005
0.55 0.296 0 0.005
0.55 0.822 0 0.005
0.55 0.838 0 0.005
0.551 0.343 0 0.005
0.552 0.0022291666666666666 0 0.005
0.552 0.38 0 0.005
0.552 0.472 0 0.005
0.553 0.093 0 0.005
0.553 0.133 0 0.005
0.553 0.276 0 0.005
0.553 0.327 0 0.005
0.553 0.409 0 0.005
0.553 0.614 0 0.005
0.553 0.708 0 0.005
0.554 0.521 0 0.005
0.555 0.939 0 0.005
0.556 0.071 0 0.005
0.556 0.977 0 0.005
0.556 0.988 0 0.005
0.557 0.262 0 0.005
0.557 0.446 0 0.005
0.557 0.598 0 0.005
0.558 0.31 0 0.005
0.558 0.399 0 0.005
0.558 0.865 0 0.005
0.559 0.174 0 0.005
0.56 0.215 0 0.005
0.56 0.359 0 0.005
0.56 0.537 0 0.005
0.56 0.841 0 0.005
0.561 0.552 0 0.005
0.561 0.743 0 0.005
0.562 0.481 0 0.005
0.562 0.667 0 0.005
0.562 0.928 0 0.005
0.563 0.013 0 0.005
0.564 0.297 0 0.005
0.565 0.502 0 0.005
0.565 0.649 0 0.005
0.565 0.908 0 0.005
0.566 0.278 0 0.005
0.566 0.609 0 0.005
0.566 0.788 0 0.005
0.566 0.942 0 0.005
0.567 0.075 0 0.005
0.567 0.438 0 0.005
0.568 0.47 0 0.005
0.568 0.76 0 0.005
0.568 0.817 0 0.005
0.57 0.058 0 0.005
0.57 0.395 0 0.005
0.57 0.56 0 0.005
0.57 0.632 0 0.005
0.571 0.453 0 0.005
0.572 0.243 0 0.005
0.572 0.332 0 0.005
0.572 0.418 0 0.005
0.572 0.716 0 0.005
0.572 0.894 0 0.005
0.572 0.976 0 0.005
0.573 0.008 0 0.005
0.573 0.15 0 0.005
0.574 0.02 0 0.005
0.574 0.205 0 0.005
0.574 0.525 0 0.005
0.574 0.678 0 0.005
0.574 0.833 0 0.005
0.575 0.267 0 0.005
0.575 0.289 0 0.005
0.575 0.74 0 0.005
0.575 0.848 0 0.005
0.576 0.871 0 0.005
0.576 0.94 0 0.005
0.577 0.087 0 0.005
0.577 0.549 0 0.005
0.577 0.649 0 0.005
0.578 0.064 0 0.005
0.578 0.445 0 0.005
0.579 0.128 0 0.005
0.58 0.181 0 0.005
0.58 0.309 0 0.005
0.58 0.4 0 0.005
0.58 0.785 0 0.005
0.58 0.916 0 0.005
0.581 0.516 0 0.005
0.582 0.375 0 0.005
0.582 0.574 0 0.005
0.582 0.665 0 0.005
0.582 0.724 0 0.005
0.583 0.364 0 0.005
0.583 0.539 0 0.005
0.583 0.709 0 0.005
0.584 0.257 0 0.005
0.584 0.506 0 0.005
0.585 0.056 0 0.005
0.585 0.15 0 0.005
0.585 0.211 0 0.005
0.585 0.388 0 0.005
0.586 0.466 0 0.005
0.586 0.599 0 0.005
0.586 0.991 0 0.005
0.587 0.087 0 0.005
0.587 0.122 0 0.005
0.587 0.836 0 0.005
0.587 0.941 0 0.005
0.588 0.221 0 0.005
0.588 0.688 0 0.005
0.588 0.7 0 0.005
0.588 0.738 0 0.005
0.588 0.805 0 0.005
0.588 0.852 0 0.005
0.589 0.889 0 0.005
0.589 0.958 0 0.005
0.59 0.201 0 0.005
0.59 0.553 0 0.005
0.592 0.781 0 0.005
0.593 0.658 0 0.005
0.593 0.974 0 0.005
0.594 0.868 0 0.005
0.595 0.073 0 0.005
0.595 0.299 0 0.005
0.595 0.476 0 0.005
0.596 0.176 0 0.005
0.596 0.282 0 0.005
0.596 0.392 0 0.005
0.596 0.567 0 0.005
0.596 0.714 0 0.005
0.596 0.917 0 0.005
0.596 0.9977333333333334 0 0.005
0.597 0.623 0 0.005
0.598 0.01 0 0.005
0.598 0.337 0 0.005
0.598 0.405 0 0.005
0.599 0.244 0 0.005
0.599 0.266 0 0.005
0.599 0.798 0 0.005
0.599 0.949 0 0.005
0.6 0.104 0 0.005
0.6 0.127 0 0.005
0.6 0.225 0 0.005
0.601 0.36 0 0.005
0.601 0.429 0 0.005
0.602 0.383 0 0.005
0.602 0.633 0 0.005
0.602 0.743 0 0.005
0.603 0.031 0 0.005
0.604 0.293 0 0.005
0.604 0.319 0 0.005
0.604 0.774 0 0.005
0.604 0.844 0 0.005
0.604 0.974 0 0.005
0.605 0.161 0 0.005
0.605 0.19 0 0.005
0.606 0.095 0 0.005
0.606 0.462 0 0.005
0.606 0.916 0 0.005
0.606 0.939 0 0.005
0.607 0.594 0 0.005
0.607 0.895 0 0.005
0.608 0.484 0 0.005
0.608 0.503 0 0.005
0.609 0.084 0 0.005
0.609 0.149 0 0.005
0.609 0.547 0 0.005
0.609 0.671 0 0.005
0.61 0.692 0 0.005
0.611 0.071 0 0.005
0.611 0.127 0 0.005
0.611 0.395 0 0.005
0.611 0.62 0 0.005
0.611 0.723 0 0.005
0.612 0.435 0 0.005
0.612 0.603 0 0.005
0.613 0.055 0 0.005
0.613 0.115 0 0.005
0.613 0.58 0 0.005
0.613 0.952 0 0.005
0.614 0.301 0 0.005
0.616 0.286 0 0.005
0.616 0.558 0 0.005
0.616 0.849 0 0.005
0.617 0.536 0 0.005
0.618 0.203 0 0.005
0.618 0.938 0 0.005
0.619 0.339 0 0.005
0.619 0.502 0 0.005
0.62 0.41 0 0.005
0.62 0.426 0 0.005
0.62 0.67 0 0.005
0.62 0.925 0 0.005
0.621 0.62 0 0.005
0.621 0.66 0 0.005
0.621 0.985 0 0.005
0.622 0.372 0 0.005
0.622 0.478 0 0.005
0.622 0.682 0 0.005
0.623 0.152 0 0.005
0.623 0.25 0 0.005
0.623 0.386 0 0.005
0.623 0.693 0 0.005
0.624 0.03 0 0.005
0.624 0.301 0 0.005
0.625 0.219 0 0.005
0.626 0.326 0 0.005
0.626 0.838 0 0.005
0.626 0.959 0 0.005
0.627 0.651 0 0.005
0.627 0.734 0 0.005
0.628 0.056 0 0.005
0.628 0.136 0 0.005
0.628 0.36 0 0.005
0.628 0.786 0 0.005
0.63 0.919 0 0.005
0.63 0.0004166666666666667 0 0.005
0.631 0.185 0 0.005
0.631 0.279 0 0.005
0.631 0.313 0 0.005
0.631 0.535 0 0.005
0.632 0.698 0 0.005
0.633 0.38 0 0.005
0.634 0.122 0 0.005
0.634 0.202 0 0.005
0.634 0.605 0 0.005
0.635 0.48 0 0.005
0.635 0.711 0 0.005
0.635 0.823 0 0.005
0.635 0.861 0 0.005
0.635 0.976 0 0.005
0.636 0.291 0 0.005
0.636 0.545 0 0.005
0.636 0.666 0 0.005
0.637 0.682 0 0.005
0.637 0.772 0 0.005
0.637 0.886 0 0.005
0.638 0.103 0 0.005
0.638 0.155 0 0.005
0.638 0.906 0 0.005
0.639 0.01 0 0.005
0.639 0.436 0 0.005
0.639 0.508 0 0.005
0.64 0.988 0 0.005
0.641 0.595 0 0.005
0.642 0.041 0 0.005
0.642 0.194 0 0.005
0.642 0.467 0 0.005
0.642 0.942 0 0.005
0.643 0.307 0 0.005
0.643 0.399 0 0.005
0.643 0.421 0 0.005
0.643 0.653 0 0.005
0.644 0.029 0 0.005
0.644 0.722 0 0.005
0.644 0.782 0 0.005
0.644 0.801 0 0.005
0.645 0.071 0 0.005
0.645 0.761 0 0.005
0.646 0.143 0 0.005
0.646 0.247 0 0.005
0.646 0.578 0 0.005
0.646 0.735 0 0.005
0.647 0.126 0 0.005
0.648 0.41 0 0.005
0.648 0.683 0 0.005
0.648 0.854 0 0.005
0.65 0.058 0 0.005
0.65 0.621 0 0.005
0.65 0.923 0 0.005
0.651 0.817 0 0.005
0.651 0.834 0 0.005
0.652 0.194 0 0.005
0.652 0.267 0 0.005
0.652 0.483 0 0.005
0.652 0.792 0 0.005
0.653 0.325 0 0.005
0.654 0.548 0 0.005
0.655 0.648 0 0.005
0.656 0.745 0 0.005
0.657 0.427 0 0.005
0.657 0.597 0 0.005
0.657 0.613 0 0.005
0.658 0.104 0 0.005
0.658 0.119 0 0.005
0.658 0.537 0 0.005
0.659 0.336 0 0.005
0.659 0.451 0 0.005
0.659 0.719 0 0.005
0.66 0.036 0 0.005
0.66 0.281 0 0.005
0.66 0.786 0 0.005
0.66 0.939 0 0.005
0.66 0.989 0 0.005
0.661 0.319 0 0.005
0.662 0.073 0 0.005
0.662 0.129 0 0.005
0.662 0.203 0 0.005
0.662 0.437 0 0.005
0.662 0.574 0 0.005
0.662 0.623 0 0.005
0.662 0.823 0 0.005
0.663 0.246 0 0.005
0.663 0.668 0 0.005
0.664 0.905 0 0.005
0.664 0.918 0 0.005
0.665 0.014 0 0.005
0.665 0.272 0 0.005
0.665 0.378 0 0.005
0.665 0.493 0 0.005
0.665 0.657 0 0.005
0.666 0.044 0 0.005
0.666 0.087 0 0.005
0.666 0.694 0 0.005
0.666 0.928 0 0.005
0.667 0.637 0 0.005
0.667 0.712 0 0.005
0.668 0.121 0 0.005
0.668 0.331 0 0.005
0.668 0.535 0 0.005
0.668 0.974 0 0.005
0.67 0.758 0 0.005
0.67 0.857 0 0.005
0.672 0.461 0 0.005
0.672 0.614 0 0.005
0.673 0.197 0 0.005
0.673 0.251 0 0.005
0.673 0.67 0 0.005
0.673 0.795 0 0.005
0.673 0.873 0 0.005
0.674 0.286 0 0.005
0.674 0.319 0 0.005
0.674 0.56 0 0.005
0.674 0.721 0 0.005
0.674 0.731 0 0.005
0.674 0.0004166666666666667 0 0.005
0.675 0.113 0 0.005
0.675 0.505 0 0.005
0.676 0.222 0 0.005
0.676 0.548 0 0.005
0.677 0.014 0 0.005
0.677 0.026 0 0.005
0.677 0.162 0 0.005
0.678 0.775 0 0.005
0.678 0.886 0 0.005
0.678 0.948 0 0.005
0.679 0.269 0 0.005
0.679 0.486 0 0.005
0.679 0.918 0 0.005
0.679 0.989 0 0.005
0.68 0.418 0 0.005
0.68 0.862 0 0.005
0.682 0.699 0 0.005
0.683 0.333 0 0.005
0.683 0.387 0 0.005
0.683 0.453 0 0.005
0.683 0.829 0 0.005
0.683 0.963 0 0.005
0.684 0.005 0 0.005
0.684 0.127 0 0.005
0.684 0.191 0 0.005
0.684 0.672 0 0.005
0.684 0.875 0 0.005
0.685 0.248 0 0.005
0.685 0.321 0 0.005
0.686 0.097 0 0.005
0.686 0.549 0 0.005
0.686 0.686 0 0.005
0.687 0.5 0 0.005
0.687 0.928 0 0.005
0.688 0.817 0 0.005
0.689 0.046 0 0.005
0.689 0.573 0 0.005
0.689 0.626 0 0.005
0.689 0.838 0 0.005
0.689 0.852 0 0.005
0.69 0.613 0 0.005
0.691 0.274 0 0.005
0.691 0.356 0 0.005
0.691 0.995 0 0.005
0.692 0.773 0 0.005
0.693 0.523 0 0.005
0.693 0.641 0 0.005
0.694 0.128 0 0.005
0.694 0.328 0 0.005
0.694 0.67 0 0.005
0.695 0.475 0 0.005
0.695 0.87 0 0.005
0.695 0.887 0 0.005
0.696 0.291 0 0.005
0.696 0.389 0 0.005
0.696 0.727 0 0.005
0.697 0.005 0 0.005
0.697 0.114 0 0.005
0.697 0.199 0 0.005
0.697 0.378 0 0.005
0.697 0.902 0 0.005
0.698 0.074 0 0.005
0.698 0.209 0 0.005
0.698 0.234 0 0.005
0.698 0.306 0 0.005
0.698 0.449 0 0.005
0.698 0.545 0 0.005
0.698 0.803 0 0.005
0.698 0.823 0 0.005
0.7 0.084 0 0.005
0.7 0.628 0 0.005
0.7 0.692 0 0.005
0.7 0.739 0 0.005
0.701 0.018 0 0.005
0.701 0.031 0 0.005
0.701 0.179 0 0.005
0.701 0.857 0 0.005
0.702 0.063 0 0.005
0.702 0.102 0 0.005
0.702 0.913 0 0.005
0.703 0.14 0 0.005
0.703 0.255 0 0.005
0.703 0.488 0 0.005
0.704 0.242 0 0.005
0.704 0.882 0 0.005
0.705 0.615 0 0.005
0.706 0.681 0 0.005
0.707 0.265 0 0.005
0.707 0.504 0 0.005
0.708 0.398 0 0.005
0.708 0.466 0 0.005
0.708 0.803 0 0.005
0.709 0.377 0 0.005
0.71 0.757 0 0.005
0.71 0.782 0 0.005
0.71 0.933 0 0.005
0.71 0.96 0 0.005
0.711 0.726 0 0.005
0.711 0.861 0 0.005
0.713 0.451 0 0.005
0.714 0.232 0 0.005
0.714 0.438 0 0.005
0.714 0.541 0 0.005
0.715 0.302 0 0.005
0.715 0.658 0 0.005
0.715 0.742 0 0.005
0.715 0.905 0 0.005
0.716 0.617 0 0.005
0.716 0.643 0 0.005
0.716 0.918 0 0.005
0.716 0.971 0 0.005
0.717 0.496 0 0.005
0.718 0.124 0 0.005
0.718 0.406 0 0.005
0.718 0.467 0 0.005
0.718 0.53 0 0.005
0.718 0.569 0 0.005
0.718 0.888 0 0.005
0.719 0.809 0 0.005
0.72 0.149 0 0.005
0.72 0.356 0 0.005
0.72 0.762 0 0.005
0.721 0.264 0 0.005
0.721 0.853 0 0.005
0.722 0.456 0 0.005
0.722 0.696 0 0.005
0.722 0.716 0 0.005
0.722 0.839 0 0.005
0.722 0.963 0 0.005
0.723 0.0012666666666666666 0 0.005
0.723 0.194 0 0.005
0.723 0.276 0 0.005
0.723 0.781 0 0.005
0.724 0.684 0 0.005
0.724 0.926 0 0.005
0.726 0.182 0 0.005
0.726 0.324 0 0.005
0.726 0.336 0 0.005
0.726 0.422 0 0.005
0.726 0.537 0 0.005
0.726 0.584 0 0.005
0.726 0.632 0 0.005
0.726 0.874 0 0.005
0.727 0.245 0 0.005
0.727 0.729 0 0.005
0.728 0.227 0 0.005
0.728 0.988 0 0.005
0.729 0.55 0 0.005
0.729 0.646 0 0.005
0.729 0.824 0 0.005
0.73 0.079 0 0.005
0.73 0.097 0 0.005
0.73 0.513 0 0.005
0.73 0.604 0 0.005
0.73 0.667 0 0.005
0.731 0.139 0 0.005
0.731 0.901 0 0.005
0.732 0.163 0 0.005
0.733 0.305 0 0.005
0.733 0.791 0 0.005
0.733 0.86 0 0.005
0.734 0.9981904761904762 0 0.005
0.735 0.689 0 0.005
0.736 0.463 0 0.005
0.737 0.392 0 0.005
0.737 0.87 0 0.005
0.738 0.343 0 0.005
0.738 0.571 0 0.005
0.738 0.591 0 0.005
0.738 0.915 0 0.005
0.739 0.043 0 0.005
0.739 0.93 0 0.005
0.74 0.15 0 0.005
0.74 0.243 0 0.005
0.74 0.288 0 0.005
0.74 0.548 0 0.005
0.741 0.084 0 0.005
0.741 0.26 0 0.005
0.741 0.512 0 0.005
0.741 0.634 0 0.005
0.741 0.822 0 0.005
0.741 0.974 0 0.005
0.742 0.002719298245614035 0 0.005
0.742 0.129 0 0.005
0.742 0.421 0 0.005
0.742 0.734 0 0.005
0.742 0.806 0 0.005
0.742 0.845 0 0.005
0.743 0.14 0 0.005
0.743 0.37 0 0.005
0.743 0.558 0 0.005
0.743 0.716 0 0.005
0.744 0.474 0 0.005
0.744 0.493 0 0.005
0.744 0.945 0 0.005
0.745 0.67 0 0.005
0.746 0.201 0 0.005
0.746 0.277 0 0.005
0.746 0.527 0 0.005
0.746 0.602 0 0.005
0.747 0.431 0 0.005
0.747 0.834 0 0.005
0.748 0.07 0 0.005
0.748 0.236 0 0.005
0.748 0.38 0 0.005
0.749 0.094 0 0.005
0.75 0.035 0 0.005
0.75 0.332 0 0.005
0.751 0.057 0 0.005
0.751 0.885 0 0.005
0.752 0.346 0 0.005
0.752 0.514 0 0.005
0.753 0.807 0 0.005
0.753 0.9956875 0 0.005
0.754 0.183 0 0.005
0.754 0.462 0 0.005
0.754 0.661 0 0.005
0.755 0.445 0 0.005
0.755 0.782 0 0.005
0.755 0.984 0 0.005
0.756 0.297 0 0.005
0.756 0.922 0 0.005
0.757 0.046 0 0.005
0.757 0.087 0 0.005
0.757 0.388 0 0.005
0.757 0.402 0 0.005
0.758 0.024 0 0.005
0.758 0.066 0 0.005
0.759 0.148 0 0.005
0.759 0.173 0 0.005
0.759 0.282 0 0.005
0.759 0.419 0 0.005
0.759 0.433 0 0.005
0.759 0.686 0 0.005
0.759 0.717 0 0.005
0.759 0.797 0 0.005
0.76 0.1 0 0.005
0.76 0.212 0 0.005
0.76 0.844 0 0.005
0.761 0.306 0 0.005
0.761 0.696 0 0.005
0.762 0.035 0 0.005
0.762 0.354 0 0.005
0.762 0.545 0 0.005
0.763 0.015 0 0.005
0.763 0.268 0 0.005
0.763 0.482 0 0.005
0.763 0.899 0 0.005
0.764 0.258 0 0.005
0.764 0.748 0 0.005
0.764 0.99 0 0.005
0.765 0.608 0 0.005
0.765 0.87 0 0.005
0.765 0.914 0 0.005
0.765 0.931 0 0.005
0.767 0.121 0 0.005
0.767 0.158 0 0.005
0.767 0.594 0 0.005
0.767 0.787 0 0.005
0.768 0.314 0 0.005
0.768 0.401 0 0.005
0.768 0.624 0 0.005
0.768 0.761 0 0.005
0.768 0.96 0 0.005
0.769 0.702 0 0.005
0.77 0.183 0 0.005
0.77 0.244 0 0.005
0.77 0.436 0 0.005
0.77 0.465 0 0.005
0.77 0.532 0 0.005
0.77 0.658 0 0.005
0.77 0.831 0 0.005
0.771 0.055 0 0.005
0.771 0.715 0 0.005
0.771 0.98 0 0.005
0.772 0.222 0 0.005
0.773 0.099 0 0.005
0.773 0.148 0 0.005
0.773 0.478 0 0.005
0.774 0.646 0 0.005
0.775 0.894 0 0.005
0.776 0.113 0 0.005
0.776 0.0004166666666666667 0 0.005
0.777 0.173 0 0.005
0.777 0.212 0 0.005
0.777 0.686 0 0.005
0.778 0.23 0 0.005
0.778 0.263 0 0.005
0.778 0.328 0 0.005
0.778 0.345 0 0.005
0.778 0.603 0 0.005
0.778 0.957 0 0.005
0.779 0.298 0 0.005
0.779 0.797 0 0.005
0.779 0.856 0 0.005
0.78 0.199 0 0.005
0.78 0.463 0 0.005
0.78 0.555 0 0.005
0.781 0.08 0 0.005
0.781 0.154 0 0.005
0.781 0.309 0 0.005
0.781 0.382 0 0.005
0.781 0.409 0 0.005
0.781 0.453 0 0.005
0.781 0.767 0 0.005
0.783 0.021 0 0.005
0.783 0.286 0 0.005
0.783 0.66 0 0.005
0.783 0.807 0 0.005
0.783 0.913 0 0.005
0.783 0.938 0 0.005
0.784 0.478 0 0.005
0.784 0.718 0 0.005
0.784 0.865 0 0.005
0.786 0.439 0 0.005
0.786 0.819 0 0.005
0.786 0.841 0 0.005
0.787 0.117 0 0.005
0.787 0.145 0 0.005
0.787 0.186 0 0.005
0.787 0.504 0 0.005
0.787 0.631 0 0.005
0.787 0.739 0 0.005
0.787 0.9972564102564103 0 0.005
0.788 0.644 0 0.005
0.788 0.977 0 0.005
0.789 0.427 0 0.005
0.789 0.575 0 0.005
0.789 0.899 0 0.005
0.79 0.035 0 0.005
0.79 0.089 0 0.005
0.79 0.196 0 0.005
0.791 0.015 0 0.005
0.791 0.222 0 0.005
0.791 0.764 0 0.005
0.792 0.754 0 0.005
0.793 0.347 0 0.005
0.794 0.056 0 0.005
0.794 0.066 0 0.005
0.794 0.162 0 0.005
0.794 0.61 0 0.005
0.795 0.123 0 0.005
0.795 0.244 0 0.005
0.795 0.265 0 0.005
0.796 0.382 0 0.005
0.796 0.47 0 0.005
0.796 0.545 0 0.005
0.796 0.695 0 0.005
0.796 0.92 0 0.005
0.797 0.637 0 0.005
0.797 0.655 0 0.005
0.798 0.314 0 0.005
0.798 0.562 0 0.005
0.799 0.142 0 0.005
0.799 0.411 0 0.005
0.799 0.445 0 0.005
0.799 0.483 0 0.005
0.799 0.796 0 0.005
0.799 0.866 0 0.005
0.8 0.11 0 0.005
0.8 0.503 0 0.005
0.8 0.948 0 0.005
0.801 0.886 0 0.005
0.802 0.328 0 0.005
0.802 0.723 0 0.005
0.802 0.909 0 0.005
0.801 0.9985833333333334 0 0.005
0.803 0.026 0 0.005
0.803 0.394 0 0.005
0.803 0.708 0 0.005
0.804 0.198 0 0.005
0.804 0.436 0 0.005
0.805 0.278 0 0.005
0.805 0.295 0 0.005
0.805 0.675 0 0.005
0.805 0.812 0 0.005
0.806 0.357 0 0.005
0.806 0.368 0 0.005
0.806 0.378 0 0.005
0.806 0.65 0 0.005
0.806 0.97 0 0.005
0.807 0.059 0 0.005
0.807 0.989 0 0.005
0.808 0.082 0 0.005
0.808 0.099 0 0.005
0.808 0.311 0 0.005
0.809 0.484 0 0.005
0.809 0.529 0 0.005
0.809 0.597 0 0.005
0.809 0.741 0 0.005
0.81 0.412 0 0.005
0.81 0.452 0 0.005
0.811 0.048 0 0.005
0.811 0.639 0 0.005
0.811 0.922 0 0.005
0.812 0.128 0 0.005
0.813 0.159 0 0.005
0.813 0.391 0 0.005
0.813 0.712 0 0.005
0.813 0.763 0 0.005
0.813 0.796 0 0.005
0.814 0.266 0 0.005
0.814 0.351 0 0.005
0.814 0.694 0 0.005
0.813 0.9985833333333334 0 0.005
0.815 0.007 0 0.005
0.815 0.252 0 0.005
0.815 0.338 0 0.005
0.815 0.682 0 0.005
0.816 0.211 0 0.005
0.816 0.223 0 0.005
0.817 0.301 0 0.005
0.817 0.815 0 0.005
0.818 0.324 0 0.005
0.818 0.405 0 0.005
0.818 0.513 0 0.005
0.818 0.731 0 0.005
0.819 0.108 0 0.005
0.819 0.371 0 0.005
0.819 0.886 0 0.005
0.82 0.619 0 0.005
0.82 0.939 0 0.005
0.821 0.191 0 0.005
0.821 0.561 0 0.005
0.821 0.775 0 0.005
0.821 0.835 0 0.005
0.822 0.12 0 0.005
0.822 0.15 0 0.005
0.822 0.546 0 0.005
0.823 0.034 0 0.005
0.823 0.26 0 0.005
0.823 0.603 0 0.005
0.824 0.31 0 0.005
0.824 0.457 0 0.005
0.824 0.896 0 0.005
0.825 0.639 0 0.005
0.825 0.954 0 0.005
0.826 0.677 0 0.005
0.827 0.053 0 0.005
0.827 0.283 0 0.005
0.827 0.703 0 0.005
0.827 0.721 0 0.005
0.827 0.848 0 0.005
0.827 0.859 0 0.005
0.828 0.417 0 0.005
0.829 0.181 0 0.005
0.83 0.53 0 0.005
0.83 0.986 0 0.005
0.831 0.331 0 0.005
0.831 0.362 0 0.005
0.831 0.387 0 0.005
0.831 0.591 0 0.005
0.831 0.69 0 0.005
0.831 0.9981904761904762 0 0.005
0.832 0.163 0 0.005
0.832 0.218 0 0.005
0.832 0.497 0 0.005
0.832 0.546 0 0.005
0.832 0.902 0 0.005
0.833 0.008 0 0.005
0.834 0.579 0 0.005
0.834 0.658 0 0.005
0.835 0.239 0 0.005
0.835 0.515 0 0.005
0.835 0.604 0 0.005
0.836 0.46 0 0.005
0.836 0.878 0 0.005
0.837 0.112 0 0.005
0.837 0.971 0 0.005
0.838 0.867 0 0.005
0.839 0.374 0 0.005
0.839 0.478 0 0.005
0.839 0.639 0 0.005
0.839 0.682 0 0.005
0.839 0.737 0 0.005
0.84 0.053 0 0.005
0.84 0.181 0 0.005
0.84 0.199 0 0.005
0.84 0.749 0 0.005
0.84 0.987 0 0.005
0.841 0.023 0 0.005
0.841 0.091 0 0.005
0.841 0.93 0 0.005
0.843 0.29 0 0.005
0.843 0.305 0 0.005
0.843 0.441 0 0.005
0.843 0.588 0 0.005
0.844 0.257 0 0.005
0.844 0.322 0 0.005
0.844 0.67 0 0.005
0.844 0.764 0 0.005
0.846 0.363 0 0.005
0.846 0.403 0 0.005
0.846 0.811 0 0.005
0.847 0.512 0 0.005
0.848 0.823 0 0.005
0.848 0.96 0 0.005
0.849 0.22 0 0.005
0.849 0.313 0 0.005
0.851 0.079 0 0.005
0.851 0.713 0 0.005
0.851 0.782 0 0.005
0.852 0.395 0 0.005
0.852 0.491 0 0.005
0.852 0.8 0 0.005
0.852 0.922 0 0.005
0.853 0.191 0 0.005
0.853 0.241 0 0.005
0.853 0.372 0 0.005
0.853 0.568 0 0.005
0.853 0.725 0 0.005
0.854 0.257 0 0.005
0.854 0.905 0 0.005
0.855 0.017 0 0.005
0.855 0.324 0 0.005
0.855 0.662 0 0.005
0.855 0.991 0 0.005
0.856 0.143 0 0.005
0.856 0.646 0 0.005
0.856 0.894 0 0.005
0.857 0.691 0 0.005
0.857 0.847 0 0.005
0.858 0.163 0 0.005
0.858 0.18 0 0.005
0.859 0.757 0 0.005
0.86 0.415 0 0.005
0.86 0.501 0 0.005
0.86 0.635 0 0.005
0.86 0.935 0 0.005
0.861 0.213 0 0.005
0.862 0.472 0 0.005
0.862 0.8 0 0.005
0.863 0.514 0 0.005
0.863 0.617 0 0.005
0.863 0.947 0 0.005
0.864 0.083 0 0.005
0.864 0.098 0 0.005
0.864 0.302 0 0.005
0.864 0.437 0 0.005
0.865 0.196 0 0.005
0.865 0.282 0 0.005
0.865 0.406 0 0.005
0.865 0.87 0 0.005
0.865 0.88 0 0.005
0.865 0.969 0 0.005
0.866 0.034 0 0.005
0.866 0.393 0 0.005
0.866 0.535 0 0.005
0.866 0.858 0 0.005
0.867 0.064 0 0.005
0.867 0.742 0 0.005
0.868 0.174 0 0.005
0.868 0.378 0 0.005
0.868 0.79 0 0.005
0.869 0.052 0 0.005
0.869 0.223 0 0.005
0.869 0.48 0 0.005
0.869 0.494 0 0.005
0.869 0.627 0 0.005
0.869 0.715 0 0.005
0.87 0.319 0 0.005
0.87 0.894 0 0.005
0.871 0.005 0 0.005
0.871 0.253 0 0.005
0.871 0.575 0 0.005
0.871 0.761 0 0.005
0.872 0.112 0 0.005
0.873 0.073 0 0.005
0.873 0.462 0 0.005
0.873 0.513 0 0.005
0.874 0.688 0 0.005
0.875 0.236 0 0.005
0.875 0.427 0 0.005
0.875 0.447 0 0.005
0.876 0.128 0 0.005
0.876 0.556 0 0.005
0.876 0.748 0 0.005
0.877 0.733 0 0.005
0.877 0.96 0 0.005
0.878 0.088 0 0.005
0.878 0.778 0 0.005
0.879 0.192 0 0.005
0.879 0.206 0 0.005
0.879 0.839 0 0.005
0.88 0.584 0 0.005
0.881 0.793 0 0.005
0.882 0.271 0 0.005
0.882 0.61 0 0.005
0.882 0.641 0 0.005
0.883 0.114 0 0.005
0.883 0.328 0 0.005
0.884 0.152 0 0.005
0.885 0.029 0 0.005
0.885 0.701 0 0.005
0.885 0.855 0 0.005
0.885 0.887 0 0.005
0.886 0.743 0 0.005
0.886 0.976 0 0.005
0.886 0.995 0 0.005
0.887 0.259 0 0.005
0.887 0.514 0 0.005
0.888 0.104 0 0.005
0.888 0.54 0 0.005
0.888 0.818 0 0.005
0.889 0.221 0 0.005
0.889 0.389 0 0.005
0.89 0.405 0 0.005
0.89 0.671 0 0.005
0.892 0.017 0 0.005
0.892 0.083 0 0.005
0.892 0.273 0 0.005
0.892 0.949 0 0.005
0.893 0.477 0 0.005
0.893 0.79 0 0.005
0.893 0.832 0 0.005
0.894 0.174 0 0.005
0.894 0.286 0 0.005
0.894 0.432 0 0.005
0.894 0.776 0 0.005
0.895 0.988 0 0.005
0.896 0.185 0 0.005
0.896 0.978 0 0.005
0.898 0.07 0 0.005
0.898 0.199 0 0.005
0.898 0.326 0 0.005
0.898 0.504 0 0.005
0.898 0.54 0 0.005
0.898 0.63 0 0.005
0.898 0.862 0 0.005
0.899 0.718 0 0.005
0.899 0.923 0 0.005
0.901 0.148 0 0.005
0.901 0.371 0 0.005
0.901 0.94 0 0.005
0.902 0.167 0 0.005
0.903 0.335 0 0.005
0.903 0.748 0 0.005
0.904 0.004 0 0.005
0.904 0.093 0 0.005
0.904 0.558 0 0.005
0.905 0.029 0 0.005
0.905 0.311 0 0.005
0.905 0.808 0 0.005
0.906 0.122 0 0.005
0.906 0.27 0 0.005
0.906 0.827 0 0.005
0.907 0.358 0 0.005
0.907 0.474 0 0.005
0.907 0.724 0 0.005
0.907 0.988 0 0.005
0.908 0.227 0 0.005
0.908 0.633 0 0.005
0.909 0.455 0 0.005
0.909 0.489 0 0.005
0.909 0.707 0 0.005
0.909 0.856 0 0.005
0.91 0.137 0 0.005
0.91 0.259 0 0.005
0.91 0.547 0 0.005
0.911 0.072 0 0.005
0.911 0.841 0 0.005
0.912 0.663 0 0.005
0.913 0.509 0 0.005
0.914 0.235 0 0.005
0.914 0.291 0 0.005
0.914 0.333 0 0.005
0.914 0.535 0 0.005
0.914 0.584 0 0.005
0.915 0.212 0 0.005
0.915 0.303 0 0.005
0.915 0.622 0 0.005
0.916 0.121 0 0.005
0.916 0.382 0 0.005
0.917 0.316 0 0.005
0.918 0.246 0 0.005
0.918 0.274 0 0.005
0.918 0.417 0 0.005
0.918 0.611 0 0.005
0.918 0.694 0 0.005
0.918 0.928 0 0.005
0.918 0.943 0 0.005
0.919 0.048 0 0.005
0.919 0.733 0 0.005
0.92 0.98 0 0.005
0.921 0.161 0 0.005
0.921 0.635 0 0.005
0.922 0.024 0 0.005
0.922 0.101 0 0.005
0.922 0.446 0 0.005
0.923 0.13 0 0.005
0.923 0.201 0 0.005
0.923 0.806 0 0.005
0.925 0.238 0 0.005
0.925 0.322 0 0.005
0.925 0.354 0 0.005
0.925 0.85 0 0.005
0.925 0.909 0 0.005
0.925 0.961 0 0.005
0.926 0.228 0 0.005
0.926 0.263 0 0.005
0.926 0.775 0 0.005
0.926 0.873 0 0.005
0.927 0.423 0 0.005
0.927 0.553 0 0.005
0.928 0.055 0 0.005
0.928 0.181 0 0.005
0.928 0.287 0 0.005
0.928 0.381 0 0.005
0.928 0.765 0 0.005
0.929 0.402 0 0.005
0.929 0.513 0 0.005
0.929 0.616 0 0.005
0.93 0.032 0 0.005
0.93 0.724 0 0.005
0.93 0.745 0 0.005
0.931 0.147 0 0.005
0.931 0.363 0 0.005
0.931 0.525 0 0.005
0.931 0.602 0 0.005
0.931 0.699 0 0.005
0.933 0.344 0 0.005
0.933 0.453 0 0.005
0.933 0.565 0 0.005
0.934 0.709 0 0.005
0.934 0.826 0 0.005
0.934 0.939 0 0.005
0.935 0.896 0 0.005
0.936 0.091 0 0.005
0.936 0.261 0 0.005
0.937 0.576 0 0.005
0.937 0.589 0 0.005
0.937 0.64 0 0.005
0.937 0.851 0 0.005
0.938 0.117 0 0.005
0.938 0.439 0 0.005
0.938 0.686 0 0.005
0.938 0.959 0 0.005
0.938 0.971 0 0.005
0.939 0.462 0 0.005
0.939 0.793 0 0.005
0.939 0.866 0 0.005
0.94 0.205 0 0.005
0.94 0.49 0 0.005
0.94 0.763 0 0.005
0.941 0.476 0 0.005
0.942 0.061 0 0.005
0.942 0.651 0 0.005
0.943 0.424 0 0.005
0.943 0.9981904761904762 0 0.005
0.944 0.0017435897435897436 0 0.005
0.944 0.012 0 0.005
0.944 0.836 0 0.005
0.945 0.224 0 0.005
0.945 0.565 0 0.005
0.945 0.939 0 0.005
0.946 0.093 0 0.005
0.946 0.282 0 0.005
0.946 0.375 0 0.005
0.946 0.99 0 0.005
0.947 0.299 0 0.005
0.947 0.509 0 0.005
0.947 0.905 0 0.005
0.948 0.175 0 0.005
0.948 0.776 0 0.005
0.948 0.881 0 0.005
0.949 0.081 0 0.005
0.949 0.397 0 0.005
0.949 0.588 0 0.005
0.949 0.665 0 0.005
0.949 0.926 0 0.005
0.95 0.331 0 0.005
0.95 0.412 0 0.005
0.95 0.443 0 0.005
0.95 0.741 0 0.005
0.951 0.471 0 0.005
0.951 0.793 0 0.005
0.952 0.114 0 0.005
0.952 0.318 0 0.005
0.952 0.843 0 0.005
0.952 0.859 0 0.005
0.952 0.972 0 0.005
0.954 0.155 0 0.005
0.955 0.625 0 0.005
0.956 0.674 0 0.005
0.956 0.689 0 0.005
0.957 0.0022291666666666666 0 0.005
0.957 0.018 0 0.005
0.957 0.137 0 0.005
0.958 0.092 0 0.005
0.958 0.126 0 0.005
0.958 0.31 0 0.005
0.958 0.808 0 0.005
0.958 0.906 0 0.005
0.958 0.957 0 0.005
0.958 0.995 0 0.005
0.96 0.292 0 0.005
0.96 0.52 0 0.005
0.96 0.662 0 0.005
0.96 0.921 0 0.005
0.961 0.064 0 0.005
0.961 0.498 0 0.005
0.961 0.699 0 0.005
0.961 0.751 0 0.005
0.961 0.77 0 0.005
0.962 0.077 0 0.005
0.962 0.242 0 0.005
0.962 0.51 0 0.005
0.962 0.531 0 0.005
0.962 0.555 0 0.005
0.963 0.324 0 0.005
0.963 0.798 0 0.005
0.964 0.146 0 0.005
0.964 0.166 0 0.005
0.964 0.598 0 0.005
0.965 0.398 0 0.005
0.965 0.411 0 0.005
0.965 0.477 0 0.005
0.965 0.543 0 0.005
0.965 0.641 0 0.005
0.965 0.98 0 0.005
0.966 0.1 0 0.005
0.967 0.267 0 0.005
0.967 0.382 0 0.005
0.967 0.569 0 0.005
0.967 0.676 0 0.005
0.967 0.71 0 0.005
0.967 0.84 0 0.005
0.967 0.942 0 0.005
0.968 0.865 0 0.005
0.969 0.182 0 0.005
0.97 0.199 0 0.005
0.97 0.362 0 0.005
0.97 0.917 0 0.005
0.971 0.086 0 0.005
0.971 0.501 0 0.005
0.971 0.826 0 0.005
0.971 0.996280701754386 0 0.005
0.972 0.622 0 0.005
0.973 0.437 0 0.005
0.974 0.209 0 0.005
0.974 0.633 0 0.005
0.974 0.987 0 0.005
0.975 0.0022291666666666666 0 0.005
0.975 0.373 0 0.005
0.975 0.654 0 0.005
0.975 0.931 0 0.005
0.976 0.026 0 0.005
0.976 0.149 0 0.005
0.976 0.848 0 0.005
0.977 0.161 0 0.005
0.977 0.39 0 0.005
0.977 0.735 0 0.005
0.978 0.306 0 0.005
0.98 0.268 0 0.005
0.98 0.404 0 0.005
0.98 0.676 0 0.005
0.98 0.907 0 0.005
0.981 0.071 0 0.005
0.981 0.606 0 0.005
0.981 0.749 0 0.005
0.981 0.971 0 0.005
0.982 0.115 0 0.005
0.982 0.224 0 0.005
0.982 0.725 0 0.005
0.982 0.761 0 0.005
0.982 0.867 0 0.005
0.983 0.288 0 0.005
0.983 0.486 0 0.005
0.983 0.794 0 0.005
0.983 0.883 0 0.005
0.985 0.583 0 0.005
0.985 0.812 0 0.005
0.986 0.014 0 0.005
0.986 0.205 0 0.005
0.986 0.374 0 0.005
0.986 0.441 0 0.005
0.986 0.544 0 0.005
0.986 0.826 0 0.005
0.987 0.343 0 0.005
0.987 0.513 0 0.005
0.988 0.129 0 0.005
0.988 0.18 0 0.005
0.988 0.526 0 0.005
0.989 0.16 0 0.005
0.989 0.461 0 0.005
0.989 0.6 0 0.005
0.99 0.245 0 0.005
0.99 0.362 0 0.005
0.99 0.954 0 0.005
0.991 0.31 0 0.005
0.991 0.326 0 0.005
0.991 0.556 0 0.005
0.991 0.635 0 0.005
0.991 0.785 0 0.005
0.991 0.937 0 0.005
0.992 0.049 0 0.005
0.993 0.106 0 0.005
0.993 0.287 0 0.005
0.993 0.388 0 0.005
0.994 0.0017435897435897436 0 0.005
0.994 0.619 0 0.005
0.995 0.298 0 0.005
0.995 0.352 0 0.005
0.995 0.678 0 0.005
0.995 0.693 0 0.005
0.995 0.895 0 0.005
0.9956875 0.119 0 0.005
0.9956875 0.137 0 0.005
0.9956875 0.479 0 0.005
0.9956875 0.722 0 0.005
0.996280701754386 0.566 0 0.005
0.996280701754386 0.609 0 0.005
0.9967708333333334 0.826 0 0.005
0.9967708333333334 0.981 0 0.005
0.9972564102564103 0.238 0 0.005
0.9972564102564103 0.425 0 0.005
0.9972564102564103 0.665 0 0.005
0.9977333333333334 0.32 0 0.005
0.9977333333333334 0.864 0 0.005
0.9977333333333334 0.922 0 0.005
0.9981904761904762 0.905 0 0.005
0.9985833333333334 0.146 0 0.005
0.9985833333333334 0.511 0 0.005
0.9985833333333334 0.533 0 0.005
0.9985833333333334 0.77 0 0.005
0.999 0.05 0 0.005
0.999 0.171 0 0.005
0.999 0.274 0 0.005
0.999 0.876 0 0.005
0.999 0.993 0 0.005
