0.003763440860215054 0.947 0 0.005
0.006 0.229 0 0.005
0.011 0.929 0 0.005
0.015 0.402 0 0.005
0.015 0.701 0 0.005
0.017 0.11 0 0.005
0.02 0.961 0 0.005
0.025 0.49 0 0.005
0.027 0.1 0 0.005
0.027 0.692 0 0.005
0.03 0.604 0 0.005
0.04 0.883 0 0.005
0.046 0.21 0 0.005
0.048 0.317 0 0.005
0.051 0.556 0 0.005
0.052 0.439 0 0.005
0.055 0.752 0 0.005
0.06 0.215 0 0.005
0.063 0.523 0 0.005
0.064 0.886 0 0.005
0.073 0.337 0 0.005
0.078 0.923 0 0.005
0.079 0.463 0 0.005
0.099 0.31 0 0.005
0.104 0.972 0 0.005
0.11 0.271 0 0.005
0.117 0.539 0 0.005
0.12 0.038 0 0.005
0.12 0.703 0 0.005
0.123 0.271 0 0.005
0.127 0.342 0 0.005
0.128 0.151 0 0.005
0.131 0.719 0 0.005
0.132 0.164 0 0.005
0.147 0.505 0 0.005
0.158 0.325 0 0.005
0.17 0.412 0 0.005
0.173 0.867 0 0.005
0.177 0.032 0 0.005
0.18 0.493 0 0.005
0.18 0.514 0 0.005
0.185 0.693 0 0.005
0.186 0.321 0 0.005
0.189 0.636 0 0.005
0.192 0.149 0 0.005
0.198 0.047 0 0.005
0.206 0.955 0 0.005
0.21 0.003763440860215054 0 0.005
0.219 0.036 0 0.005
0.225 0.589 0 0.005
0.229 0.203 0 0.005
0.23 0.349 0 0.005
0.23 0.552 0 0.005
0.24 0.763 0 0.005
0.244 0.187 0 0.005
0.251 0.715 0 0.005
0.256 0.25 0 0.005
0.261 0.075 0 0.005
0.261 0.215 0 0.005
0.268 0.09 0 0.005
0.271 0.436 0 0.005
0.274 0.219 0 0.005
0.28 0.836 0 0.005
0.287 0.093 0 0.005
0.291 0.76 0 0.005
0.293 0.285 0 0.005
0.301 0.66 0 0.005
0.308 0.99 0 0.005
0.314 0.934 0 0.005
0.315 0.737 0 0.005
0.327 0.945 0 0.005
0.328 0.444 0 0.005
0.328 0.599 0 0.005
0.33 0.327 0 0.005
0.336 0.184 0 0.005
0.338 0.907 0 0.005
0.341 0.801 0 0.005
0.351 0.148 0 0.005
0.351 0.854 0 0.005
0.353 0.908 0 0.005
0.361 0.023 0 0.005
0.361 0.298 0 0.005
0.364 0.344 0 0.005
0.366 0.817 0 0.005
0.368 0.673 0 0.005
0.373 0.196 0 0.005
0.38 0.843 0 0.005
0.38 0.967 0 0.005
0.387 0.117 0 0.005
0.389 0.68 0 0.005
0.39 0.052 0 0.005
0.391 0.098 0 0.005
0.395 0.265 0 0.005
0.398 0.653 0 0.005
0.408 0.475 0 0.005
0.409 0.373 0 0.005
0.409 0.431 0 0.005
0.423 0.261 0 0.005
0.438 0.926 0 0.005
0.44 0.341 0 0.005
0.44 0.523 0 0.005
0.441 0.61 0 0.005
0.449 0.851 0 0.005
0.454 0.28 0 0.005
0.456 0.263 0 0.005
0.456 0.512 0 0.005
0.458 0.921 0 0.005
0.464 0.106 0 0.005
0.466 0.436 0 0.005
0.47 0.276 0 0.005
0.482 0.102 0 0.005
0.484 0.489 0 0.005
0.485 0.193 0 0.005
0.487 0.893 0 0.005
0.488 0.297 0 0.005
0.489 0.969 0 0.005
0.496 0.238 0 0.005
0.496 0.375 0 0.005
0.498 0.145 0 0.005
0.499 0.818 0 0.005
0.503 0.122 0 0.005
0.515 0.584 0 0.005
0.518 0.327 0 0.005
0.523 0.269 0 0.005
0.526 0.618 0 0.005
0.529 0.882 0 0.005
0.53 0.389 0 0.005
0.53 0.711 0 0.005
0.535 0.03 0 0.005
0.54 0.869 0 0.005
0.543 0.911 0 0.005
0.546 0.554 0 0.005
0.55 0.083 0 0.005
0.551 0.524 0 0.005
0.551 0.642 0 0.005
0.551 0.759 0 0.005
0.555 0.502 0 0.005
0.559 0.049 0 0.005
0.559 0.68 0 0.005
0.567 0.696 0 0.005
0.568 0.817 0 0.005
0.569 0.527 0 0.005
0.571 0.106 0 0.005
0.573 0.977 0 0.005
0.575 0.288 0 0.005
0.575 0.484 0 0.005
0.585 0.903 0 0.005
0.588 0.55 0 0.005
0.59 0.267 0 0.005
0.591 0.072 0 0.005
0.596 0.429 0 0.005
0.597 0.689 0 0.005
0.598 0.582 0 0.005
0.599 0.738 0 0.005
0.6 0.911 0 0.005
0.61 0.333 0 0.005
0.61 0.95 0 0.005
0.618 0.056 0 0.005
0.627 0.324 0 0.005
0.629 0.265 0 0.005
0.633 0.577 0 0.005
0.645 0.4285 0 0.005
0.643 0.233 0 0.005
0.644 0.382 0 0.005
0.644 0.487 0 0.005
0.644 0.558 0 0.005
0.645 0.007 0 0.005
0.646 0.127 0 0.005
0.647 0.035 0 0.005
0.653 0.183 0 0.005
0.659 0.612 0 0.005
0.661 0.364 0 0.005
0.666 0.591 0 0.005
0.667 0.512 0 0.005
0.668 0.959 0 0.005
0.669 0.383 0 0.005
0.67 0.13 0 0.005
0.67 0.284 0 0.005
0.673 0.116 0 0.005
0.675 0.884 0 0.005
0.682 0.384 0 0.005
0.686 0.599 0 0.005
0.688 0.361 0 0.005
0.693 0.58 0 0.005
0.705 0.513 0 0.005
0.708 0.884 0 0.005
0.711 0.752 0 0.005
0.712 0.078 0 0.005
0.712 0.425 0 0.005
0.712 0.439 0 0.005
0.719 0.179 0 0.005
0.72 0.394 0 0.005
0.722 0.051 0 0.005
0.728 0.851 0 0.005
0.729 0.135 0 0.005
0.73 0.773 0 0.005
0.739 0.428 0 0.005
0.742 0.619 0 0.005
0.744 0.165 0 0.005
0.744 0.46 0 0.005
0.7505 0.513 0 0.005
0.747 0.75 0 0.005
0.75 0.395 0 0.005
0.751 0.253 0 0.005
0.759 0.363 0 0.005
0.759 0.782 0 0.005
0.764 0.844 0 0.005
0.765 0.888 0 0.005
0.766 0.94 0 0.005
0.772 0.96 0 0.005
0.775 0.144 0 0.005
0.777 0.704 0 0.005
0.783 0.247 0 0.005
0.784 0.631 0 0.005
0.784 0.938 0 0.005
0.787 0.894 0 0.005
0.788 0.67 0 0.005
0.79 0.45 0 0.005
0.799 0.206 0 0.005
0.799 0.63 0 0.005
0.806 0.301 0 0.005
0.828 0.164 0 0.005
0.829 0.232 0 0.005
0.838 0.211 0 0.005
0.839 0.891 0 0.005
0.841 0.321 0 0.005
0.85 0.95 0 0.005
0.854 0.551 0 0.005
0.863 0.811 0 0.005
0.864 0.201 0 0.005
0.866 0.216 0 0.005
0.872 0.301 0 0.005
0.874 0.894 0 0.005
0.881 0.135 0 0.005
0.885 0.024 0 0.005
0.885 0.52 0 0.005
0.885 0.667 0 0.005
0.886 0.108 0 0.005
0.889 0.595 0 0.005
0.89 0.858 0 0.005
0.892 0.805 0 0.005
0.897 0.426 0 0.005
0.91 0.519 0 0.005
0.921 0.297 0 0.005
0.921 0.685 0 0.005
0.923 0.551 0 0.005
0.931 0.264 0 0.005
0.933 0.772 0 0.005
0.9375 0.5765 0 0.005
0.936 0.994656862745098 0 0.005
0.937 0.14 0 0.005
0.941 0.539 0 0.005
0.943 0.429 0 0.005
0.946 0.466 0 0.005
0.95 0.621 0 0.005
0.957 0.143 0 0.005
0.96 0.192 0 0.005
0.962 0.091 0 0.005
0.964 0.809 0 0.005
0.974 0.704 0 0.005
0.985 0.798 0 0.005
0.987 0.181 0 0.005
