0.0022833333333333334 0.899 0 0.005
0.026 0.246 0 0.005
0.033 0.272 0 0.005
0.037 0.187 0 0.005
0.039 0.573 0 0.005
0.053 0.531 0 0.005
0.055 0.416 0 0.005
0.055 0.494 0 0.005
0.065 0.988 0 0.005
0.082 0.261 0 0.005
0.106 0.695 0 0.005
0.119 0.559 0 0.005
0.142 0.944 0 0.005
0.18 0.013 0 0.005
0.184 0.865 0 0.005
0.19 0.226 0 0.005
0.197 0.63 0 0.005
0.211 0.136 0 0.005
0.238 0.904 0 0.005
0.242 0.082 0 0.005
0.245 0.867 0 0.005
0.261 0.953 0 0.005
0.268 0.644 0 0.005
0.27 0.922 0 0.005
0.284 0.591 0 0.005
0.291 0.492 0 0.005
0.298 0.875 0 0.005
0.3 0.515 0 0.005
0.303 0.488 0 0.005
0.307 0.183 0 0.005
0.341 0.047 0 0.005
0.351 0.595 0 0.005
0.355 0.498 0 0.005
0.355 0.67 0 0.005
0.368 0.835 0 0.005
0.388 0.229 0 0.005
0.396 0.732 0 0.005
0.407 0.556 0 0.005
0.407 0.769 0 0.005
0.414 0.849 0 0.005
0.429 0.382 0 0.005
0.448 0.321 0 0.005
0.452 0.753 0 0.005
0.461 0.662 0 0.005
0.478 0.609 0 0.005
0.489 0.582 0 0.005
0.498 0.938 0 0.005
0.506 0.083 0 0.005
0.51 0.242 0 0.005
0.516 0.439 0 0.005
0.518 0.668 0 0.005
0.519 0.427 0 0.005
0.523 0.9967166666666667 0 0.005
0.538 0.684 0 0.005
0.552 0.611 0 0.005
0.582 0.532 0 0.005
0.588 0.641 0 0.005
0.601 0.297 0 0.005
0.619 0.305 0 0.005
0.619 0.753 0 0.005
0.621 0.643 0 0.005
0.625 0.674 0 0.005
0.645 0.351 0 0.005
0.677 0.814 0 0.005
0.709 0.403 0 0.005
0.748 0.37 0 0.005
0.754 0.655 0 0.005
0.765 0.302 0 0.005
0.768 0.409 0 0.005
0.772 0.636 0 0.005
0.793 0.994656862745098 0 0.005
0.818 0.145 0 0.005
0.82 0.111 0 0.005
0.824 0.749 0 0.005
0.861 0.603 0 0.005
0.875 0.383 0 0.005
0.883 0.329 0 0.005
0.888 0.137 0 0.005
0.901 0.409 0 0.005
0.913 0.6 0 0.005
0.919 0.411 0 0.005
0.92 0.9967166666666667 0 0.005
0.929 0.915 0 0.005
0.959 0.742 0 0.005
0.97 0.707 0 0.005
0.986 0.496 0 0.005
0.988 0.866 0 0.005
0.99 0.415 0 0.005
