0.0020666666666666667 0.0008666666666666667 0 0.005
0.0004166666666666667 0.076 0 0.005
0.0012666666666666666 0.086 0 0.005
0.0008095238095238096 0.168 0 0.005
0.0022291666666666666 0.285 0 0.005
0.0004166666666666667 0.313 0 0.005
0.0033125 0.436 0 0.005
0.002719298245614035 0.49 0 0.005
0.0004166666666666667 0.611 0 0.005
0.0 0.679 0 0.005
0.0 0.712 0 0.005
0.0012666666666666666 0.843 0 0.005
0.004 0.923 0 0.005
0.0004166666666666667 0.945 0 0.005
0.005 0.567 0 0.005
0.005 0.739 0 0.005
0.008 0.526 0 0.005
0.008 0.672 0 0.005
0.009 0.134 0 0.005
0.009 0.653 0 0.005
0.009 0.685 0 0.005
0.009 0.975 0 0.005
0.013 0.013 0 0.005
0.014 0.583 0 0.005
0.014 0.777 0 0.005
0.014 0.816 0 0.005
0.015 0.962 0 0.005
0.016 0.222 0 0.005
0.017 0.023 0 0.005
0.017 0.868 0 0.005
0.018 0.981 0 0.005
0.019 0.537 0 0.005
0.019 0.607 0 0.005
0.019 0.731 0 0.005
0.019 0.806 0 0.005
0.02 0.427 0 0.005
0.02 0.553 0 0.005
0.02 0.714 0 0.005
0.02 0.788 0 0.005
0.021 0.092 0 0.005
0.022 0.452 0 0.005
0.022 0.896 0 0.005
0.023 0.768 0 0.005
0.025 0.284 0 0.005
0.026 0.168 0 0.005
0.026 0.747 0 0.005
0.027 0.857 0 0.005
0.027 0.871 0 0.005
0.028 0.199 0 0.005
0.028 0.477 0 0.005
0.028 0.757 0 0.005
0.029 0.526 0 0.005
0.032 0.125 0 0.005
0.032 0.389 0 0.005
0.032 0.428 0 0.005
0.032 0.648 0 0.005
0.032 0.793 0 0.005
0.033 0.056 0 0.005
0.034 0.009 0 0.005
0.034 0.082 0 0.005
0.034 0.313 0 0.005
0.034 0.338 0 0.005
0.034 0.589 0 0.005
0.034 0.695 0 0.005
0.035 0.943 0 0.005
0.036 0.456 0 0.005
0.036 0.496 0 0.005
0.036 0.565 0 0.005
0.037 0.0008095238095238096 0 0.005
0.037 0.223 0 0.005
0.039 0.158 0 0.005
0.039 0.436 0 0.005
0.039 0.866 0 0.005
0.045 0.345 0 0.005
0.045 0.638 0 0.005
0.045 0.961 0 0.005
0.046 0.06 0 0.005
0.046 0.773 0 0.005
0.047 0.149 0 0.005
0.047 0.327 0 0.005
0.047 0.61 0 0.005
0.047 0.807 0 0.005
0.048 0.216 0 0.005
0.048 0.597 0 0.005
0.049 0.252 0 0.005
0.05 0.271 0 0.005
0.05 0.745 0 0.005
0.051 0.032 0 0.005
0.053 0.36 0 0.005
0.053 0.543 0 0.005
0.054 0.402 0 0.005
0.054 0.676 0 0.005
0.056 0.002719298245614035 0 0.005
0.056 0.199 0 0.005
0.056 0.441 0 0.005
0.056 0.645 0 0.005
0.056 0.816 0 0.005
0.058 0.634 0 0.005
0.059 0.112 0 0.005
0.059 0.89 0 0.005
0.059 0.994 0 0.005
0.061 0.532 0 0.005
0.061 0.789 0 0.005
0.063 0.83 0 0.005
0.063 0.975 0 0.005
0.066 0.869 0 0.005
0.069 0.349 0 0.005
0.069 0.593 0 0.005
0.07 0.032 0 0.005
0.071 0.613 0 0.005
0.072 0.24 0 0.005
0.072 0.25 0 0.005
0.072 0.56 0 0.005
0.073 0.162 0 0.005
0.073 0.714 0 0.005
0.073 0.769 0 0.005
0.075 0.285 0 0.005
0.076 0.436 0 0.005
0.077 0.73 0 0.005
0.078 0.103 0 0.005
0.078 0.124 0 0.005
0.081 0.795 0 0.005
0.082 0.077 0 0.005
0.082 0.987 0 0.005
0.084 0.154 0 0.005
0.084 0.178 0 0.005
0.084 0.599 0 0.005
0.085 0.715 0 0.005
0.086 0.583 0 0.005
0.087 0.25 0 0.005
0.088 0.626 0 0.005
0.089 0.039 0 0.005
0.09 0.412 0 0.005
0.09 0.993 0 0.005
0.091 0.065 0 0.005
0.091 0.361 0 0.005
0.092 0.45 0 0.005
0.094 0.349 0 0.005
0.095 0.0008095238095238096 0 0.005
0.095 0.48 0 0.005
0.095 0.593 0 0.005
0.096 0.322 0 0.005
0.096 0.75 0 0.005
0.097 0.674 0 0.005
0.097 0.926 0 0.005
0.098 0.89 0 0.005
0.1 0.427 0 0.005
0.101 0.099 0 0.005
0.101 0.958 0 0.005
0.102 0.077 0 0.005
0.102 0.21 0 0.005
0.102 0.339 0 0.005
0.102 0.811 0 0.005
0.104 0.225 0 0.005
0.104 0.362 0 0.005
0.104 0.395 0 0.005
0.105 0.26 0 0.005
0.106 0.177 0 0.005
0.107 0.053 0 0.005
0.107 0.59 0 0.005
0.107 0.796 0 0.005
0.107 0.92 0 0.005
0.108 0.482 0 0.005
0.108 0.688 0 0.005
0.108 0.863 0 0.005
0.109 0.088 0 0.005
0.109 0.548 0 0.005
0.11 0.272 0 0.005
0.111 0.129 0 0.005
0.112 0.559 0 0.005
0.113 0.064 0 0.005
0.114 0.469 0 0.005
0.114 0.846 0 0.005
0.117 0.009 0 0.005
0.118 0.435 0 0.005
0.118 0.798 0 0.005
0.118 0.87 0 0.005
0.121 0.256 0 0.005
0.121 0.954 0 0.005
0.122 0.278 0 0.005
0.122 0.486 0 0.005
0.123 0.669 0 0.005
0.124 0.382 0 0.005
0.124 0.972 0 0.005
0.126 0.304 0 0.005
0.127 0.325 0 0.005
0.127 0.57 0 0.005
0.129 0.631 0 0.005
0.129 0.689 0 0.005
0.129 0.892 0 0.005
0.131 0.099 0 0.005
0.131 0.854 0 0.005
0.133 0.154 0 0.005
0.134 0.661 0 0.005
0.134 0.883 0 0.005
0.135 0.911 0 0.005
0.136 0.347 0 0.005
0.136 0.961 0 0.005
0.137 0.072 0 0.005
0.137 0.166 0 0.005
0.137 0.255 0 0.005
0.138 0.183 0 0.005
0.139 0.581 0 0.005
0.139 0.598 0 0.005
0.14 0.547 0 0.005
0.141 0.865 0 0.005
0.142 0.052 0 0.005
0.142 0.687 0 0.005
0.143 0.005 0 0.005
0.143 0.749 0 0.005
0.144 0.243 0 0.005
0.144 0.298 0 0.005
0.144 0.448 0 0.005
0.145 0.021 0 0.005
0.146 0.201 0 0.005
0.146 0.288 0 0.005
0.148 0.067 0 0.005
0.148 0.436 0 0.005
0.148 0.854 0 0.005
0.149 0.712 0 0.005
0.151 0.586 0 0.005
0.152 0.672 0 0.005
0.152 0.777 0 0.005
0.155 0.277 0 0.005
0.155 0.529 0 0.005
0.155 0.957 0 0.005
0.156 0.377 0 0.005
0.156 0.651 0 0.005
0.157 0.919 0 0.005
0.158 0.832 0 0.005
0.159 0.027 0 0.005
0.159 0.987 0 0.005
0.161 0.104 0 0.005
0.161 0.233 0 0.005
0.161 0.493 0 0.005
0.161 0.546 0 0.005
0.162 0.747 0 0.005
0.163 0.135 0 0.005
0.163 0.47 0 0.005
0.164 0.633 0 0.005
0.165 0.31 0 0.005
0.166 0.401 0 0.005
0.166 0.601 0 0.005
0.168 0.889 0 0.005
0.169 0.761 0 0.005
0.17 0.019 0 0.005
0.17 0.553 0 0.005
0.171 0.248 0 0.005
0.171 0.298 0 0.005
0.172 0.048 0 0.005
0.172 0.336 0 0.005
0.172 0.458 0 0.005
0.172 0.641 0 0.005
0.173 0.066 0 0.005
0.174 0.267 0 0.005
0.174 0.752 0 0.005
0.177 0.135 0 0.005
0.178 0.898 0 0.005
0.179 0.777 0 0.005
0.18 0.057 0 0.005
0.18 0.883 0 0.005
0.181 0.646 0 0.005
0.183 0.075 0 0.005
0.183 0.87 0 0.005
0.186 0.252 0 0.005
0.186 0.725 0 0.005
0.189 0.222 0 0.005
0.189 0.472 0 0.005
0.189 0.629 0 0.005
0.189 0.957 0 0.005
0.191 0.016 0 0.005
0.191 0.282 0 0.005
0.192 0.7 0 0.005
0.193 0.982 0 0.005
0.191 0.999 0 0.005
0.195 0.111 0 0.005
0.195 0.436 0 0.005
0.195 0.637 0 0.005
0.196 0.257 0 0.005
0.198 0.972 0 0.005
0.199 0.122 0 0.005
0.199 0.238 0 0.005
0.199 0.487 0 0.005
0.199 0.755 0 0.005
0.201 0.015 0 0.005
0.201 0.213 0 0.005
0.202 0.445 0 0.005
0.202 0.938 0 0.005
0.203 0.279 0 0.005
0.205 0.311 0 0.005
0.205 0.89 0 0.005
0.206 0.256 0 0.005
0.207 0.422 0 0.005
0.208 0.511 0 0.005
0.209 0.049 0 0.005
0.209 0.122 0 0.005
0.21 0.742 0 0.005
0.21 0.967 0 0.005
0.212 0.02 0 0.005
0.213 0.071 0 0.005
0.213 0.365 0 0.005
0.213 0.414 0 0.005
0.214 0.0022291666666666666 0 0.005
0.214 0.566 0 0.005
0.214 0.921 0 0.005
0.215 0.312 0 0.005
0.215 0.606 0 0.005
0.218 0.683 0 0.005
0.218 0.949 0 0.005
0.219 0.231 0 0.005
0.22 0.128 0 0.005
0.22 0.254 0 0.005
0.221 0.428 0 0.005
0.222 0.705 0 0.005
0.223 0.726 0 0.005
0.224 0.635 0 0.005
0.225 0.586 0 0.005
0.225 0.675 0 0.005
0.226 0.246 0 0.005
0.226 0.804 0 0.005
0.227 0.207 0 0.005
0.229 0.06 0 0.005
0.229 0.486 0 0.005
0.231 0.379 0 0.005
0.231 0.928 0 0.005
0.231 0.983 0 0.005
0.232 0.278 0 0.005
0.232 0.625 0 0.005
0.232 0.746 0 0.005
0.232 0.777 0 0.005
0.233 0.168 0 0.005
0.234 0.442 0 0.005
0.234 0.562 0 0.005
0.234 0.695 0 0.005
0.234 0.973 0 0.005
0.235 0.604 0 0.005
0.237 0.179 0 0.005
0.237 0.468 0 0.005
0.237 0.879 0 0.005
0.238 0.039 0 0.005
0.238 0.326 0 0.005
0.24 0.951 0 0.005
0.241 0.782 0 0.005
0.242 0.394 0 0.005
0.242 0.456 0 0.005
0.244 0.342 0 0.005
0.244 0.559 0 0.005
0.244 0.61 0 0.005
0.245 0.961 0 0.005
0.246 0.257 0 0.005
0.246 0.299 0 0.005
0.246 0.49 0 0.005
0.248 0.736 0 0.005
0.246 0.999 0 0.005
0.249 0.153 0 0.005
0.249 0.418 0 0.005
0.249 0.871 0 0.005
0.25 0.099 0 0.005
0.25 0.619 0 0.005
0.25 0.851 0 0.005
0.251 0.015 0 0.005
0.251 0.36 0 0.005
0.251 0.633 0 0.005
0.252 0.387 0 0.005
0.252 0.567 0 0.005
0.253 0.993 0 0.005
0.254 0.46 0 0.005
0.255 0.054 0 0.005
0.255 0.723 0 0.005
0.255 0.892 0 0.005
0.256 0.376 0 0.005
0.256 0.5 0 0.005
0.256 0.828 0 0.005
0.257 0.679 0 0.005
0.257 0.838 0 0.005
0.257 0.924 0 0.005
0.258 0.225 0 0.005
0.261 0.035 0 0.005
0.261 0.324 0 0.005
0.262 0.278 0 0.005
0.262 0.59 0 0.005
0.263 0.622 0 0.005
0.263 0.651 0 0.005
0.264 0.701 0 0.005
0.266 0.059 0 0.005
0.266 0.608 0 0.005
0.266 0.826 0 0.005
0.266 0.884 0 0.005
0.267 0.467 0 0.005
0.268 0.135 0 0.005
0.269 0.186 0 0.005
0.269 0.403 0 0.005
0.269 0.796 0 0.005
0.271 0.226 0 0.005
0.273 0.773 0 0.005
0.274 0.002719298245614035 0 0.005
0.274 0.036 0 0.005
0.274 0.617 0 0.005
0.276 0.285 0 0.005
0.276 0.878 0 0.005
0.276 0.939 0 0.005
0.278 0.151 0 0.005
0.278 0.303 0 0.005
0.278 0.669 0 0.005
0.278 0.763 0 0.005
0.279 0.196 0 0.005
0.279 0.691 0 0.005
0.28 0.915 0 0.005
0.281 0.213 0 0.005
0.281 0.544 0 0.005
0.282 0.327 0 0.005
0.282 0.504 0 0.005
0.282 0.785 0 0.005
0.283 0.103 0 0.005
0.283 0.409 0 0.005
0.284 0.132 0 0.005
0.284 0.253 0 0.005
0.286 0.283 0 0.005
0.286 0.531 0 0.005
0.287 0.019 0 0.005
0.287 0.076 0 0.005
0.287 0.458 0 0.005
0.287 0.491 0 0.005
0.292 0.332 0 0.005
0.292 0.571 0 0.005
0.292 0.661 0 0.005
0.292 0.722 0 0.005
0.293 0.031 0 0.005
0.294 0.693 0 0.005
0.294 0.963 0 0.005
0.297 0.212 0 0.005
0.298 0.223 0 0.005
0.298 0.768 0 0.005
0.298 0.945 0 0.005
0.299 0.507 0 0.005
0.299 0.593 0 0.005
0.3 0.114 0 0.005
0.3 0.323 0 0.005
0.3 0.668 0 0.005
0.301 0.19 0 0.005
0.301 0.384 0 0.005
0.3 0.0 0 0.005
0.303 0.134 0 0.005
0.304 0.416 0 0.005
0.304 0.975 0 0.005
0.304 0.9981904761904762 0 0.005
0.307 0.84 0 0.005
0.308 0.676 0 0.005
0.308 0.736 0 0.005
0.309 0.819 0 0.005
0.31 0.334 0 0.005
0.311 0.073 0 0.005
0.313 0.431 0 0.005
0.314 0.938 0 0.005
0.315 0.616 0 0.005
0.316 0.208 0 0.005
0.316 0.727 0 0.005
0.317 0.055 0 0.005
0.317 0.926 0 0.005
0.318 0.022 0 0.005
0.319 0.368 0 0.005
0.319 0.418 0 0.005
0.319 0.558 0 0.005
0.319 0.9967708333333334 0 0.005
0.32 0.535 0 0.005
0.321 0.884 0 0.005
0.322 0.632 0 0.005
0.323 0.398 0 0.005
0.323 0.48 0 0.005
0.324 0.03 0 0.005
0.325 0.045 0 0.005
0.326 0.771 0 0.005
0.327 0.85 0 0.005
0.328 0.375 0 0.005
0.328 0.468 0 0.005
0.328 0.674 0 0.005
0.328 0.744 0 0.005
0.33 0.431 0 0.005
0.33 0.914 0 0.005
0.331 0.498 0 0.005
0.332 0.36 0 0.005
0.332 0.878 0 0.005
0.333 0.842 0 0.005
0.334 0.315 0 0.005
0.335 0.73 0 0.005
0.335 0.829 0 0.005
0.336 0.132 0 0.005
0.336 0.7 0 0.005
0.336 0.93 0 0.005
0.338 0.403 0 0.005
0.338 0.564 0 0.005
0.338 0.636 0 0.005
0.339 0.111 0 0.005
0.339 0.541 0 0.005
0.34 0.582 0 0.005
0.341 0.191 0 0.005
0.343 0.061 0 0.005
0.343 0.662 0 0.005
0.345 0.092 0 0.005
0.345 0.524 0 0.005
0.345 0.784 0 0.005
0.345 0.797 0 0.005
0.345 0.857 0 0.005
0.347 0.473 0 0.005
0.348 0.0008095238095238096 0 0.005
0.348 0.262 0 0.005
0.348 0.445 0 0.005
0.348 0.536 0 0.005
0.348 0.912 0 0.005
0.348 0.934 0 0.005
0.35 0.16 0 0.005
0.35 0.741 0 0.005
0.35 0.755 0 0.005
0.351 0.572 0 0.005
0.351 0.632 0 0.005
0.351 0.818 0 0.005
0.352 0.044 0 0.005
0.352 0.681 0 0.005
0.352 0.696 0 0.005
0.353 0.118 0 0.005
0.353 0.182 0 0.005
0.353 0.73 0 0.005
0.354 0.136 0 0.005
0.354 0.555 0 0.005
0.355 0.798 0 0.005
0.359 0.222 0 0.005
0.36 0.64 0 0.005
0.361 0.362 0 0.005
0.362 0.514 0 0.005
0.362 0.718 0 0.005
0.363 0.082 0 0.005
0.363 0.268 0 0.005
0.363 0.28 0 0.005
0.364 0.181 0 0.005
0.365 0.197 0 0.005
0.365 0.526 0 0.005
0.365 0.626 0 0.005
0.367 0.101 0 0.005
0.367 0.234 0 0.005
0.367 0.426 0 0.005
0.367 0.877 0 0.005
0.369 0.382 0 0.005
0.369 0.4 0 0.005
0.37 0.0033125 0 0.005
0.37 0.341 0 0.005
0.371 0.835 0 0.005
0.372 0.123 0 0.005
0.372 0.977 0 0.005
0.373 0.29 0 0.005
0.374 0.154 0 0.005
0.374 0.358 0 0.005
0.377 0.862 0 0.005
0.378 0.227 0 0.005
0.378 0.929 0 0.005
0.379 0.716 0 0.005
0.379 0.772 0 0.005
0.38 0.168 0 0.005
0.38 0.802 0 0.005
0.381 0.479 0 0.005
0.381 0.993 0 0.005
0.382 0.604 0 0.005
0.386 0.043 0 0.005
0.386 0.099 0 0.005
0.386 0.623 0 0.005
0.386 0.973 0 0.005
0.387 0.336 0 0.005
0.387 0.639 0 0.005
0.388 0.81 0 0.005
0.39 0.488 0 0.005
0.391 0.67 0 0.005
0.392 0.354 0 0.005
0.393 0.196 0 0.005
0.395 0.768 0 0.005
0.396 0.517 0 0.005
0.397 0.461 0 0.005
0.397 0.684 0 0.005
0.397 0.793 0 0.005
0.399 0.415 0 0.005
0.399 0.646 0 0.005
0.399 0.815 0 0.005
0.4 0.229 0 0.005
0.4 0.624 0 0.005
0.401 0.865 0 0.005
0.401 0.879 0 0.005
0.403 0.072 0 0.005
0.403 0.722 0 0.005
0.403 0.836 0 0.005
0.404 0.179 0 0.005
0.405 0.246 0 0.005
0.406 0.168 0 0.005
0.406 0.737 0 0.005
0.407 0.492 0 0.005
0.408 0.099 0 0.005
0.409 0.439 0 0.005
0.41 0.064 0 0.005
0.41 0.991 0 0.005
0.412 0.653 0 0.005
0.412 0.895 0 0.005
0.413 0.48 0 0.005
0.414 0.326 0 0.005
0.415 0.746 0 0.005
0.416 0.417 0 0.005
0.416 0.427 0 0.005
0.417 0.951 0 0.005
0.419 0.294 0 0.005
0.42 0.104 0 0.005
0.421 0.188 0 0.005
0.421 0.786 0 0.005
0.421 0.921 0 0.005
0.422 0.376 0 0.005
0.423 0.35 0 0.005
0.424 0.228 0 0.005
0.425 0.401 0 0.005
0.426 0.534 0 0.005
0.426 0.572 0 0.005
0.425 0.0 0 0.005
0.427 0.127 0 0.005
0.427 0.151 0 0.005
0.428 0.755 0 0.005
0.43 0.167 0 0.005
0.432 0.234 0 0.005
0.432 0.846 0 0.005
0.433 0.47 0 0.005
0.433 0.683 0 0.005
0.434 0.386 0 0.005
0.434 0.517 0 0.005
0.434 0.561 0 0.005
0.434 0.669 0 0.005
0.434 0.699 0 0.005
0.435 0.793 0 0.005
0.435 0.858 0 0.005
0.436 0.624 0 0.005
0.438 0.192 0 0.005
0.438 0.352 0 0.005
0.438 0.608 0 0.005
0.438 0.928 0 0.005
0.44 0.067 0 0.005
0.44 0.282 0 0.005
0.44 0.902 0 0.005
0.44 0.994 0 0.005
0.441 0.029 0 0.005
0.441 0.78 0 0.005
0.445 0.575 0 0.005
0.446 0.454 0 0.005
0.446 0.849 0 0.005
0.447 0.114 0 0.005
0.447 0.209 0 0.005
0.449 0.125 0 0.005
0.449 0.295 0 0.005
0.45 0.397 0 0.005
0.45 0.976 0 0.005
0.451 0.792 0 0.005
0.453 0.067 0 0.005
0.453 0.329 0 0.005
0.453 0.488 0 0.005
0.454 0.414 0 0.005
0.455 0.879 0 0.005
0.455 0.967 0 0.005
0.456 0.523 0 0.005
0.46 0.055 0 0.005
0.46 0.62 0 0.005
0.461 0.0012666666666666666 0 0.005
0.461 0.828 0 0.005
0.462 0.118 0 0.005
0.462 0.48 0 0.005
0.463 0.203 0 0.005
0.463 0.255 0 0.005
0.463 0.456 0 0.005
0.463 0.839 0 0.005
0.464 0.354 0 0.005
0.464 0.603 0 0.005
0.465 0.301 0 0.005
0.465 0.341 0 0.005
0.466 0.405 0 0.005
0.466 0.652 0 0.005
0.467 0.09 0 0.005
0.469 0.868 0 0.005
0.471 0.727 0 0.005
0.472 0.512 0 0.005
0.473 0.175 0 0.005
0.473 0.39 0 0.005
0.473 0.584 0 0.005
0.473 0.915 0 0.005
0.475 0.137 0 0.005
0.475 0.706 0 0.005
0.475 0.878 0 0.005
0.476 0.009 0 0.005
0.476 0.073 0 0.005
0.477 0.163 0 0.005
0.478 0.127 0 0.005
0.479 0.474 0 0.005
0.479 0.492 0 0.005
0.48 0.108 0 0.005
0.48 0.195 0 0.005
0.48 0.291 0 0.005
0.48 0.889 0 0.005
0.481 0.092 0 0.005
0.482 0.222 0 0.005
0.484 0.792 0 0.005
0.484 0.954 0 0.005
0.485 0.657 0 0.005
0.485 0.761 0 0.005
0.485 0.9981904761904762 0 0.005
0.486 0.067 0 0.005
0.486 0.119 0 0.005
0.486 0.566 0 0.005
0.486 0.738 0 0.005
0.486 0.978 0 0.005
0.488 0.401 0 0.005
0.488 0.818 0 0.005
0.489 0.167 0 0.005
0.489 0.412 0 0.005
0.489 0.858 0 0.005
0.489 0.92 0 0.005
0.49 0.0022291666666666666 0 0.005
0.495 0.113 0 0.005
0.497 0.539 0 0.005
0.498 0.035 0 0.005
0.498 0.827 0 0.005
0.5 0.053 0 0.005
0.5 0.846 0 0.005
0.501 0.26 0 0.005
0.501 0.278 0 0.005
0.501 0.309 0 0.005
0.502 0.125 0 0.005
0.502 0.188 0 0.005
0.502 0.575 0 0.005
0.503 0.856 0 0.005
0.503 0.974 0 0.005
0.504 0.53 0 0.005
0.506 0.094 0 0.005
0.507 0.141 0 0.005
0.507 0.87 0 0.005
0.508 0.039 0 0.005
0.508 0.484 0 0.005
0.509 0.503 0 0.005
0.51 0.382 0 0.005
0.51 0.455 0 0.005
0.511 0.419 0 0.005
0.511 0.98 0 0.005
0.511 0.9972564102564103 0 0.005
0.515 0.183 0 0.005
0.515 0.517 0 0.005
0.515 0.635 0 0.005
0.515 0.694 0 0.005
0.515 0.964 0 0.005
0.517 0.019 0 0.005
0.517 0.926 0 0.005
0.518 0.148 0 0.005
0.518 0.349 0 0.005
0.518 0.533 0 0.005
0.519 0.468 0 0.005
0.519 0.741 0 0.005
0.52 0.554 0 0.005
0.52 0.871 0 0.005
0.521 0.575 0 0.005
0.521 0.903 0 0.005
0.522 0.079 0 0.005
0.523 0.196 0 0.005
0.524 0.418 0 0.005
0.524 0.82 0 0.005
0.525 0.159 0 0.005
0.526 0.798 0 0.005
0.527 0.223 0 0.005
0.527 0.624 0 0.005
0.53 0.183 0 0.005
0.53 0.294 0 0.005
0.53 0.589 0 0.005
0.532 0.897 0 0.005
0.532 0.953 0 0.005
0.534 0.111 0 0.005
0.534 0.201 0 0.005
0.536 0.767 0 0.005
0.537 0.871 0 0.005
0.538 0.34 0 0.005
0.538 0.561 0 0.005
0.538 0.778 0 0.005
0.539 0.54 0 0.005
0.541 0.294 0 0.005
0.541 0.814 0 0.005
0.541 0.91 0 0.005
0.542 0.46 0 0.005
0.544 0.692 0 0.005
0.544 0.959 0 0.005
0.545 0.349 0 0.005
0.545 0.653 0 0.005
0.545 0.975 0 0.005
0.547 0.035 0 0.005
0.547 0.309 0 0.005
0.547 0.427 0 0.005
0.548 0.207 0 0.005
0.548 0.791 0 0.005
0.549 0.274 0 0.005
0.551 0.856 0 0.005
0.552 0.776 0 0.005
0.553 0.615 0 0.005
0.553 0.643 0 0.005
0.554 0.826 0 0.005
0.556 0.045 0 0.005
0.556 0.067 0 0.005
0.556 0.147 0 0.005
0.556 0.469 0 0.005
0.556 0.594 0 0.005
0.557 0.424 0 0.005
0.557 0.511 0 0.005
0.557 0.71 0 0.005
0.558 0.166 0 0.005
0.56 0.909 0 0.005
0.561 0.443 0 0.005
0.562 0.334 0 0.005
0.562 0.376 0 0.005
0.563 0.263 0 0.005
0.564 0.124 0 0.005
0.564 0.4 0 0.005
0.564 0.802 0 0.005
0.568 0.182 0 0.005
0.568 0.727 0 0.005
0.568 0.902 0 0.005
0.568 0.976 0 0.005
0.569 0.9972564102564103 0 0.005
0.57 0.925 0 0.005
0.571 0.15 0 0.005
0.571 0.28 0 0.005
0.572 0.17 0 0.005
0.572 0.52 0 0.005
0.573 0.196 0 0.005
0.574 0.089 0 0.005
0.574 0.669 0 0.005
0.575 0.077 0 0.005
0.575 0.135 0 0.005
0.575 0.461 0 0.005
0.575 0.481 0 0.005
0.576 0.032 0 0.005
0.578 0.238 0 0.005
0.578 0.294 0 0.005
0.578 0.351 0 0.005
0.579 0.249 0 0.005
0.579 0.909 0 0.005
0.58 0.321 0 0.005
0.583 0.921 0 0.005
0.584 0.782 0 0.005
0.584 0.793 0 0.005
0.585 0.509 0 0.005
0.586 0.195 0 0.005
0.588 0.71 0 0.005
0.588 0.968 0 0.005
0.589 0.566 0 0.005
0.59 0.023 0 0.005
0.59 0.05 0 0.005
0.59 0.55 0 0.005
0.59 0.69 0 0.005
0.59 0.9 0 0.005
0.591 0.099 0 0.005
0.591 0.522 0 0.005
0.592 0.407 0 0.005
0.593 0.013 0 0.005
0.593 0.367 0 0.005
0.593 0.446 0 0.005
0.594 0.033 0 0.005
0.594 0.074 0 0.005
0.595 0.286 0 0.005
0.596 0.11 0 0.005
0.596 0.162 0 0.005
0.596 0.307 0 0.005
0.596 0.805 0 0.005
0.598 0.585 0 0.005
0.598 0.845 0 0.005
0.598 0.872 0 0.005
0.599 0.51 0 0.005
0.6 0.257 0 0.005
0.602 0.0022291666666666666 0 0.005
0.602 0.145 0 0.005
0.603 0.834 0 0.005
0.604 0.246 0 0.005
0.604 0.658 0 0.005
0.604 0.689 0 0.005
0.606 0.035 0 0.005
0.606 0.166 0 0.005
0.606 0.362 0 0.005
0.607 0.187 0 0.005
0.61 0.298 0 0.005
0.61 0.464 0 0.005
0.611 0.34 0 0.005
0.611 0.615 0 0.005
0.612 0.119 0 0.005
0.612 0.449 0 0.005
0.613 0.011 0 0.005
0.613 0.223 0 0.005
0.614 0.709 0 0.005
0.615 0.94 0 0.005
0.616 0.135 0 0.005
0.616 0.557 0 0.005
0.617 0.263 0 0.005
0.617 0.974 0 0.005
0.618 0.988 0 0.005
0.619 0.165 0 0.005
0.619 0.473 0 0.005
0.619 0.841 0 0.005
0.62 0.353 0 0.005
0.621 0.31 0 0.005
0.622 0.406 0 0.005
0.623 0.787 0 0.005
0.624 0.042 0 0.005
0.624 0.491 0 0.005
0.624 0.597 0 0.005
0.625 0.377 0 0.005
0.625 0.688 0 0.005
0.626 0.706 0 0.005
0.628 0.229 0 0.005
0.628 0.966 0 0.005
0.629 0.2 0 0.005
0.63 0.154 0 0.005
0.63 0.189 0 0.005
0.63 0.315 0 0.005
0.63 0.478 0 0.005
0.63 0.869 0 0.005
0.631 0.305 0 0.005
0.631 0.393 0 0.005
0.631 0.641 0 0.005
0.632 0.898 0 0.005
0.633 0.575 0 0.005
0.635 0.004 0 0.005
0.635 0.107 0 0.005
0.635 0.238 0 0.005
0.636 0.436 0 0.005
0.636 0.448 0 0.005
0.637 0.137 0 0.005
0.637 0.55 0 0.005
0.637 0.758 0 0.005
0.64 0.197 0 0.005
0.64 0.272 0 0.005
0.64 0.321 0 0.005
0.64 0.504 0 0.005
0.64 0.819 0 0.005
0.641 0.014 0 0.005
0.641 0.174 0 0.005
0.641 0.303 0 0.005
0.641 0.462 0 0.005
0.641 0.994 0 0.005
0.642 0.623 0 0.005
0.642 0.863 0 0.005
0.643 0.147 0 0.005
0.644 0.162 0 0.005
0.644 0.97 0 0.005
0.645 0.063 0 0.005
0.645 0.289 0 0.005
0.645 0.801 0 0.005
0.647 0.717 0 0.005
0.648 0.413 0 0.005
0.649 0.082 0 0.005
0.649 0.278 0 0.005
0.651 0.333 0 0.005
0.651 0.771 0 0.005
0.652 0.054 0 0.005
0.652 0.103 0 0.005
0.655 0.45 0 0.005
0.655 0.555 0 0.005
0.655 0.841 0 0.005
0.657 0.224 0 0.005
0.657 0.629 0 0.005
0.659 0.292 0 0.005
0.66 0.019 0 0.005
0.66 0.212 0 0.005
0.662 0.675 0 0.005
0.663 0.053 0 0.005
0.663 0.193 0 0.005
0.663 0.52 0 0.005
0.664 0.457 0 0.005
0.665 0.566 0 0.005
0.665 0.897 0 0.005
0.665 0.985 0 0.005
0.666 0.165 0 0.005
0.666 0.62 0 0.005
0.667 0.096 0 0.005
0.667 0.381 0 0.005
0.667 0.877 0 0.005
0.669 0.366 0 0.005
0.669 0.751 0 0.005
0.67 0.835 0 0.005
0.67 0.961 0 0.005
0.672 0.847 0 0.005
0.673 0.287 0 0.005
0.673 0.591 0 0.005
0.674 0.137 0 0.005
0.674 0.723 0 0.005
0.675 0.82 0 0.005
0.676 0.194 0 0.005
0.676 0.491 0 0.005
0.677 0.881 0 0.005
0.678 0.91 0 0.005
0.679 0.992 0 0.005
0.681 0.326 0 0.005
0.681 0.939 0 0.005
0.683 0.644 0 0.005
0.684 0.055 0 0.005
0.684 0.234 0 0.005
0.685 0.924 0 0.005
0.686 0.63 0 0.005
0.687 0.137 0 0.005
0.689 0.358 0 0.005
0.69 0.208 0 0.005
0.691 0.022 0 0.005
0.693 0.061 0 0.005
0.694 0.904 0 0.005
0.695 0.329 0 0.005
0.695 0.466 0 0.005
0.697 0.587 0 0.005
0.697 0.755 0 0.005
0.697 0.829 0 0.005
0.698 0.814 0 0.005
0.699 0.567 0 0.005
0.699 0.785 0 0.005
0.7 0.936 0 0.005
0.701 0.314 0 0.005
0.702 0.684 0 0.005
0.703 0.147 0 0.005
0.704 0.135 0 0.005
0.706 0.711 0 0.005
0.707 0.247 0 0.005
0.707 0.36 0 0.005
0.707 0.521 0 0.005
0.708 0.213 0 0.005
0.709 0.057 0 0.005
0.711 0.008 0 0.005
0.711 0.544 0 0.005
0.712 0.235 0 0.005
0.712 0.309 0 0.005
0.712 0.475 0 0.005
0.712 0.876 0 0.005
0.715 0.41 0 0.005
0.717 0.918 0 0.005
0.717 0.987 0 0.005
0.718 0.622 0 0.005
0.718 0.798 0 0.005
0.718 0.951 0 0.005
0.72 0.054 0 0.005
0.72 0.14 0 0.005
0.72 0.851 0 0.005
0.722 0.527 0 0.005
0.723 0.287 0 0.005
0.723 0.472 0 0.005
0.724 0.252 0 0.005
0.724 0.725 0 0.005
0.725 0.22 0 0.005
0.726 0.351 0 0.005
0.727 0.667 0 0.005
0.728 0.406 0 0.005
0.728 0.518 0 0.005
0.729 0.433 0 0.005
0.73 0.0012666666666666666 0 0.005
0.73 0.565 0 0.005
0.73 0.704 0 0.005
0.732 0.259 0 0.005
0.733 0.679 0 0.005
0.733 0.746 0 0.005
0.734 0.471 0 0.005
0.735 0.009 0 0.005
0.735 0.221 0 0.005
0.735 0.297 0 0.005
0.735 0.806 0 0.005
0.736 0.08 0 0.005
0.736 0.106 0 0.005
0.737 0.368 0 0.005
0.737 0.549 0 0.005
0.738 0.091 0 0.005
0.738 0.167 0 0.005
0.739 0.323 0 0.005
0.741 0.407 0 0.005
0.742 0.359 0 0.005
0.742 0.613 0 0.005
0.744 0.892 0 0.005
0.745 0.433 0 0.005
0.745 0.558 0 0.005
0.745 0.824 0 0.005
0.746 0.032 0 0.005
0.746 0.186 0 0.005
0.746 0.203 0 0.005
0.746 0.395 0 0.005
0.747 0.152 0 0.005
0.747 0.272 0 0.005
0.748 0.306 0 0.005
0.748 0.691 0 0.005
0.748 0.945 0 0.005
0.75 0.332 0 0.005
0.75 0.751 0 0.005
0.752 0.737 0 0.005
0.753 0.53 0 0.005
0.753 0.682 0 0.005
0.754 0.454 0 0.005
0.754 0.878 0 0.005
0.754 0.932 0 0.005
0.755 0.076 0 0.005
0.755 0.165 0 0.005
0.756 0.701 0 0.005
0.756 0.827 0 0.005
0.756 0.839 0 0.005
0.758 0.111 0 0.005
0.758 0.442 0 0.005
0.759 0.949 0 0.005
0.762 0.425 0 0.005
0.762 0.673 0 0.005
0.763 0.629 0 0.005
0.764 0.017 0 0.005
0.765 0.139 0 0.005
0.765 0.239 0 0.005
0.765 0.379 0 0.005
0.765 0.555 0 0.005
0.765 0.66 0 0.005
0.766 0.075 0 0.005
0.766 0.643 0 0.005
0.766 0.71 0 0.005
0.767 0.326 0 0.005
0.768 0.522 0 0.005
0.769 0.219 0 0.005
0.769 0.727 0 0.005
0.769 0.9967708333333334 0 0.005
0.77 0.928 0 0.005
0.772 0.093 0 0.005
0.774 0.201 0 0.005
0.776 0.375 0 0.005
0.776 0.433 0 0.005
0.776 0.472 0 0.005
0.777 0.537 0 0.005
0.777 0.562 0 0.005
0.777 0.606 0 0.005
0.778 0.46 0 0.005
0.778 0.984 0 0.005
0.78 0.329 0 0.005
0.78 0.482 0 0.005
0.781 0.745 0 0.005
0.782 0.928 0 0.005
0.785 0.038 0 0.005
0.785 0.894 0 0.005
0.786 0.347 0 0.005
0.786 0.621 0 0.005
0.786 0.994 0 0.005
0.787 0.023 0 0.005
0.788 0.603 0 0.005
0.788 0.774 0 0.005
0.789 0.097 0 0.005
0.79 0.137 0 0.005
0.79 0.752 0 0.005
0.791 0.272 0 0.005
0.791 0.425 0 0.005
0.792 0.241 0 0.005
0.792 0.33 0 0.005
0.793 0.076 0 0.005
0.793 0.251 0 0.005
0.794 0.046 0 0.005
0.795 0.016 0 0.005
0.795 0.908 0 0.005
0.796 0.475 0 0.005
0.797 0.675 0 0.005
0.798 0.406 0 0.005
0.799 0.789 0 0.005
0.798 0.0 0 0.005
0.8 0.664 0 0.005
0.801 0.456 0 0.005
0.802 0.228 0 0.005
0.802 0.263 0 0.005
0.802 0.37 0 0.005
0.802 0.991 0 0.005
0.803 0.935 0 0.005
0.804 0.15 0 0.005
0.804 0.485 0 0.005
0.804 0.887 0 0.005
0.805 0.648 0 0.005
0.806 0.334 0 0.005
0.806 0.35 0 0.005
0.806 0.415 0 0.005
0.807 0.104 0 0.005
0.807 0.848 0 0.005
0.808 0.498 0 0.005
0.809 0.862 0 0.005
0.81 0.384 0 0.005
0.812 0.171 0 0.005
0.812 0.554 0 0.005
0.813 0.277 0 0.005
0.814 0.474 0 0.005
0.815 0.453 0 0.005
0.815 0.51 0 0.005
0.816 0.236 0 0.005
0.818 0.69 0 0.005
0.818 0.979 0 0.005
0.819 0.055 0 0.005
0.819 0.437 0 0.005
0.819 0.869 0 0.005
0.82 0.847 0 0.005
0.821 0.088 0 0.005
0.821 0.41 0 0.005
0.821 0.543 0 0.005
0.821 0.758 0 0.005
0.822 0.499 0 0.005
0.823 0.067 0 0.005
0.823 0.101 0 0.005
0.824 0.026 0 0.005
0.824 0.968 0 0.005
0.825 0.207 0 0.005
0.825 0.748 0 0.005
0.826 0.115 0 0.005
0.829 0.663 0 0.005
0.831 0.532 0 0.005
0.832 0.135 0 0.005
0.833 0.051 0 0.005
0.833 0.178 0 0.005
0.833 0.38 0 0.005
0.833 0.727 0 0.005
0.834 0.433 0 0.005
0.834 0.906 0 0.005
0.835 0.589 0 0.005
0.835 0.7 0 0.005
0.836 0.033 0 0.005
0.836 0.6 0 0.005
0.836 0.759 0 0.005
0.836 0.988 0 0.005
0.838 0.677 0 0.005
0.839 0.271 0 0.005
0.84 0.513 0 0.005
0.84 0.87 0 0.005
0.841 0.245 0 0.005
0.842 0.42 0 0.005
0.842 0.621 0 0.005
0.843 0.15 0 0.005
0.843 0.178 0 0.005
0.843 0.382 0 0.005
0.844 0.138 0 0.005
0.844 0.445 0 0.005
0.844 0.725 0 0.005
0.844 0.925 0 0.005
0.846 0.123 0 0.005
0.846 0.293 0 0.005
0.848 0.435 0 0.005
0.848 0.832 0 0.005
0.85 0.758 0 0.005
0.851 0.114 0 0.005
0.853 0.082 0 0.005
0.854 0.632 0 0.005
0.855 0.819 0 0.005
0.856 0.186 0 0.005
0.858 0.404 0 0.005
0.859 0.336 0 0.005
0.859 0.609 0 0.005
0.859 0.676 0 0.005
0.86 0.381 0 0.005
0.861 0.169 0 0.005
0.861 0.497 0 0.005
0.862 0.448 0 0.005
0.863 0.53 0 0.005
0.863 0.847 0 0.005
0.863 0.924 0 0.005
0.864 0.147 0 0.005
0.865 0.514 0 0.005
0.868 0.868 0 0.005
0.867 0.9985833333333334 0 0.005
0.869 0.194 0 0.005
0.869 0.542 0 0.005
0.87 0.026 0 0.005
0.87 0.75 0 0.005
0.873 0.037 0 0.005
0.873 0.32 0 0.005
0.875 0.213 0 0.005
0.875 0.674 0 0.005
0.875 0.807 0 0.005
0.876 0.0008095238095238096 0 0.005
0.876 0.586 0 0.005
0.877 0.777 0 0.005
0.878 0.295 0 0.005
0.88 0.237 0 0.005
0.881 0.166 0 0.005
0.882 0.736 0 0.005
0.883 0.201 0 0.005
0.884 0.331 0 0.005
0.884 0.465 0 0.005
0.885 0.693 0 0.005
0.885 0.903 0 0.005
0.886 0.093 0 0.005
0.886 0.428 0 0.005
0.888 0.368 0 0.005
0.888 0.605 0 0.005
0.888 0.919 0 0.005
0.889 0.113 0 0.005
0.889 0.707 0 0.005
0.889 0.753 0 0.005
0.89 0.323 0 0.005
0.89 0.932 0 0.005
0.891 0.183 0 0.005
0.891 0.535 0 0.005
0.892 0.475 0 0.005
0.894 0.956 0 0.005
0.895 0.199 0 0.005
0.896 0.522 0 0.005
0.898 0.263 0 0.005
0.898 0.386 0 0.005
0.9 0.016 0 0.005
0.9 0.667 0 0.005
0.901 0.698 0 0.005
0.903 0.53 0 0.005
0.903 0.744 0 0.005
0.904 0.304 0 0.005
0.904 0.71 0 0.005
0.904 0.915 0 0.005
0.905 0.202 0 0.005
0.905 0.562 0 0.005
0.906 0.433 0 0.005
0.906 0.947 0 0.005
0.908 0.076 0 0.005
0.908 0.19 0 0.005
0.909 0.899 0 0.005
0.909 0.969 0 0.005
0.91 0.419 0 0.005
0.91 0.497 0 0.005
0.91 0.574 0 0.005
0.91 0.753 0 0.005
0.912 0.364 0 0.005
0.913 0.323 0 0.005
0.914 0.0022291666666666666 0 0.005
0.914 0.721 0 0.005
0.915 0.603 0 0.005
0.915 0.771 0 0.005
0.916 0.799 0 0.005
0.917 0.125 0 0.005
0.917 0.198 0 0.005
0.918 0.992 0 0.005
0.922 0.142 0 0.005
0.922 0.207 0 0.005
0.922 0.357 0 0.005
0.922 0.714 0 0.005
0.923 0.034 0 0.005
0.923 0.059 0 0.005
0.923 0.156 0 0.005
0.924 0.107 0 0.005
0.924 0.287 0 0.005
0.925 0.409 0 0.005
0.926 0.742 0 0.005
0.929 0.077 0 0.005
0.929 0.24 0 0.005
0.929 0.451 0 0.005
0.93 0.754 0 0.005
0.932 0.092 0 0.005
0.934 0.538 0 0.005
0.934 0.911 0 0.005
0.935 0.727 0 0.005
0.937 0.882 0 0.005
0.937 0.953 0 0.005
0.938 0.667 0 0.005
0.938 0.763 0 0.005
0.939 0.007 0 0.005
0.939 0.127 0 0.005
0.939 0.513 0 0.005
0.939 0.596 0 0.005
0.939 0.616 0 0.005
0.939 0.826 0 0.005
0.939 0.967 0 0.005
0.941 0.035 0 0.005
0.941 0.753 0 0.005
0.943 0.354 0 0.005
0.944 0.065 0 0.005
0.944 0.459 0 0.005
0.944 0.497 0 0.005
0.944 0.808 0 0.005
0.946 0.927 0 0.005
0.947 0.576 0 0.005
0.948 0.308 0 0.005
0.95 0.168 0 0.005
0.95 0.853 0 0.005
0.951 0.155 0 0.005
0.951 0.409 0 0.005
0.951 0.602 0 0.005
0.952 0.704 0 0.005
0.953 0.033 0 0.005
0.953 0.352 0 0.005
0.953 0.437 0 0.005
0.954 0.296 0 0.005
0.955 0.318 0 0.005
0.955 0.875 0 0.005
0.955 0.933 0 0.005
0.956 0.19 0 0.005
0.957 0.668 0 0.005
0.958 0.084 0 0.005
0.958 0.247 0 0.005
0.958 0.804 0 0.005
0.958 0.897 0 0.005
0.958 0.976 0 0.005
0.959 0.453 0 0.005
0.959 0.582 0 0.005
0.959 0.829 0 0.005
0.961 0.428 0 0.005
0.961 0.733 0 0.005
0.963 0.01 0 0.005
0.963 0.49 0 0.005
0.964 0.859 0 0.005
0.964 0.9967708333333334 0 0.005
0.965 0.026 0 0.005
0.968 0.321 0 0.005
0.969 0.506 0 0.005
0.969 0.797 0 0.005
0.97 0.176 0 0.005
0.97 0.207 0 0.005
0.97 0.286 0 0.005
0.97 0.478 0 0.005
0.97 0.573 0 0.005
0.97 0.989 0 0.005
0.971 0.035 0 0.005
0.974 0.242 0 0.005
0.974 0.929 0 0.005
0.974 0.952 0 0.005
0.976 0.52 0 0.005
0.976 0.836 0 0.005
0.977 0.412 0 0.005
0.979 0.738 0 0.005
0.981 0.093 0 0.005
0.981 0.321 0 0.005
0.981 0.847 0 0.005
0.982 0.771 0 0.005
0.982 0.0004166666666666667 0 0.005
0.983 0.945 0 0.005
0.986 0.628 0 0.005
0.986 0.832 0 0.005
0.987 0.037 0 0.005
0.988 0.393 0 0.005
0.988 0.856 0 0.005
0.989 0.248 0 0.005
0.99 0.485 0 0.005
0.991 0.274 0 0.005
0.991 0.613 0 0.005
0.992 0.234 0 0.005
0.992 0.667 0 0.005
0.993 0.069 0 0.005
0.994 0.335 0 0.005
0.994 0.767 0 0.005
0.995 0.262 0 0.005
0.9956875 0.288 0 0.005
0.996280701754386 0.651 0 0.005
0.9967708333333334 0.155 0 0.005
0.9972564102564103 0.59 0 0.005
0.9972564102564103 0.943 0 0.005
0.9977333333333334 0.856 0 0.005
0.9977142857142857 0.9985714285714286 0 0.005
0.9981904761904762 0.124 0 0.005
0.9981904761904762 0.911 0 0.005
