0.14472055263366843 0.48989732551145665 0 0.004995836424740936
0.40738009460317665 0.37007552017813167 0 0.004957348638754661
0.840068730271652 0.0750925963624922 0 0.0036392008963213878
0.6980193751768242 0.6262082953194739 0 0.004995747846055481
0.6645122282509693 0.08296765421946771 0 0.0023495967215330215
0.6940883348883086 0.1891053555562555 0 0.004084817700732793
0.6934757090139897 0.6982036218590254 0 0.0013127761802200642
0.8018642696615503 0.3895981504739349 0 0.004959244707837923
0.35626474395514013 0.5882523436978314 0 0.001595587549105836
0.21116159198843173 0.8962888336773743 0 0.004364201296613854
0.2925632732593408 0.8636240775188074 0 0.004297268161054287
0.33755906215676584 0.9827096985870641 0 0.0044529137736076365
0.08072689777672258 0.24679352819723774 0 0.004089684520958872
0.30501863119743083 0.6975082284146676 0 0.004620339898869717
0.10290687822707621 0.9989875048274897 0 0.0034941238412103627
0.5177798854041357 0.08929414486481423 0 0.004926660015757763
0.2879398201677991 0.11048254475848439 0 0.004247832232964087
0.001153905075113255 0.6537392343533309 0 0.0036480080593993794
0.9371761540327878 0.5812260773056269 0 0.0038648191817268153
0.8535497849771698 0.8441179144043409 0 0.0017708937586189445
0.08468535225094108 0.7063179530362141 0 0.00492878624328329
0.6977753061658484 0.5733138299256869 0 0.0049786361129676585
0.5497479093185167 0.5222445119440167 0 0.004477606019814127
0.4183260176930775 0.7026202665847382 0 0.0018534740822011228
0.18853548272820228 0.591938219468372 0 0.00294567788832915
0.3933639910939806 0.7770739645231725 0 0.0029613189966180287
0.11914590207732655 0.45393492890471393 0 0.004886801019099092
0.22874043036925404 0.297079345706377 0 0.004614224027779991
0.24471277010407785 0.6527814130760613 0 0.0033855124849018464
0.7808457871525717 0.029763126297805857 0 0.003756859365441237
0.8049919800136369 0.20572784973146316 0 0.0003566860450051839
0.9296863071944383 0.4220469651793411 0 0.0017321974296768312
0.7144696848091506 0.7947341389122206 0 0.004949628315794709
0.4626972573147638 0.5271435590727185 0 0.004614396374232399
0.32044681387030544 0.37368796110444297 0 0.004997990232447348
0.6914660209297595 0.3577012937928095 0 0.004464550220765177
0.2457037144208045 0.36205147749635586 0 0.002261782800022241
0.8068283846346307 0.6304165564616276 0 0.00437696308732206
0.1593615266953697 0.26673369715976064 0 0.003507679907690612
0.732909476168393 0.5197224745839146 0 0.0029679109070177706
0.7229011038980243 0.16579948295189048 0 0.004255193403918487
0.47644213771506155 0.07340377087747606 0 0.003796095032510661
0.19470591375647936 0.679191298594053 0 0.0017281510536929165
0.7953280544772717 0.593677508932433 0 0.004097163290315178
0.3929691978247049 0.8741194443397968 0 0.001055426633793628
0.3942763837392072 0.2167383261905411 0 0.0028354194078421234
0.04153939041401199 0.1538449784791682 0 0.004970990107567136
0.21651146490675718 0.3963420866803952 0 0.004924568386569432
0.16188035820189858 0.4089907514314321 0 0.004663669660234398
0.19990554418166426 0.7116735114673295 0 0.0029434383172891963
0.4498109061272643 0.6353577326352808 0 0.0027544020361506927
0.3119153167103195 0.42286786844398955 0 0.004995910910972764
0.013211904238339171 0.21790051030353272 0 0.004907905275750742
0.800784550358993 0.0013970497228055166 0 0.004810917436304432
0.00609630563162899 0.9648690157919714 0 0.004975015302477288
0.4009685461678015 0.9631343957960008 0 0.0035056911111126525
0.7482574631754997 0.19709526404104435 0 0.004156643545072682
0.0863016508945925 0.9938130720258936 0 0.003719451665136909
0.49007785158439526 0.48191212299145386 0 0.004946898373637769
0.26640589122489405 0.2741183721480815 0 0.004004109035608111
0.613190160140333 0.025596487695375918 0 0.004492412530183812
0.7599023290878766 0.2745215480930982 0 0.004261182932368255
0.5675976770874207 0.2145202566972215 0 0.0048607781461022775
0.11638364897395713 0.670304567023849 0 0.004908496001572085
0.42855248263031126 0.4714876856666133 0 0.004152818729975634
0.19100362261268952 0.26680817333846935 0 0.004947344433742487
0.2728905168191174 0.36421465226996114 0 0.002148510280898919
0.7484986357559453 0.9750561058452201 0 0.00371549642875833
0.4499025538582934 0.130411739523804 0 0.0041884232060733365
0.31065538661251463 0.23426639798416357 0 0.004997183917341392
0.689888205157736 0.5943871809029534 0 0.0039225174468326685
0.6850634617706992 0.856686068783661 0 0.004210946040178243
0.1518794830428307 0.9496815654579778 0 0.0034655994221641354
0.07011716027803648 0.9138878319539884 0 0.0021934380921404886
0.8567391747688836 0.9915383260768975 0 0.0028102118056783773
0.027995284726166407 0.9527783184237046 0 0.004507728674666113
0.11118360384174485 0.38759811725798804 0 0.004696564374961676
0.8375534223035026 0.6580037539248702 0 0.0041444573520986365
0.5105536682782311 0.08041598469711551 0 0.003862444193251837
0.5544413441045697 0.09437497961851025 0 0.004147418609357847
0.9425951514396388 0.7442960665186298 0 0.0023110604155513327
0.9650132422394415 0.3692947653287724 0 0.00394389683702237
0.11342442113852767 0.8793390856110863 0 0.003950530761498081
0.44022452626115666 0.06323919150984135 0 0.003930865140567506
0.3489685583317414 0.36328229960166264 0 0.004494147860132222
0.9673995425034801 0.44539542510516034 0 0.003639558030899911
0.8622544410847104 0.5074443212081869 0 0.003907730198303705
0.6234818660356732 0.06817943047275819 0 0.003883569802253597
0.8502760799443058 0.8570165931743712 0 0.002800865920634097
0.7172907262672042 0.0050468109198676895 0 0.004796895089217646
0.7552336442695237 0.10004118310802533 0 0.004022182687638317
0.5791001391861416 0.8271870507976079 0 0.004665364401440035
0.3516820998463778 0.7407355895880848 0 0.000896710812276714
0.5026682926712968 0.8771532839377766 0 0.0041752153723924
0.2845202742687311 0.9054431568552398 0 0.004554914532696898
0.5493036634732102 0.42819291168628465 0 0.004228757413550511
0.09743296422363666 0.6333338026572576 0 0.0038769500054632177
0.03777589681030134 0.030221615093892533 0 0.004311700248284315
0.3952337825166768 0.4018863383157976 0 0.0018799743573707714
0.2896882328677169 0.20471710117453798 0 0.004327112818538573
0.016900772293670478 0.4818392330974918 0 0.0017869771298806088
0.5567088138297963 0.1752402852928364 0 0.003409024004289658
0.41844297959989546 0.4410183059075204 0 0.0036989492160901354
0.46129073387542624 0.468676657084862 0 0.002806233099297296
0.6019465467547055 0.3587310001421225 0 0.001921617153983562
0.18079713039589748 0.40153115568030023 0 0.004985627269787706
0.8860954032944668 0.30600717627194124 0 0.004311683316583102
0.3082264733925448 0.1362236935768165 0 0.0044883894513291275
0.7729694842654616 0.6497288325224072 0 0.004905027254597366
0.9101720276410531 0.3341384471008502 0 0.004628813929545825
0.9485112834971682 0.4598331217875426 0 0.004130838832120843
0.6854082073281552 0.07666777710372395 0 0.004370358265211481
0.29204461997299097 0.8769056267866977 0 0.00444450331928867
0.8563223214334993 0.570459243795532 0 0.004225381969134273
0.8663753051539609 0.41039894278624983 0 0.0024659920739075625
0.8396316826286004 0.22492957733130212 0 0.004047614416838223
0.8971675920460511 0.11244619519520903 0 0.004924668488549948
0.8990964692071596 0.16016158991117577 0 0.004805954466009329
0.7333003191707913 0.3927818483874213 0 0.004628594657719424
0.6040447877002798 0.5932452682609831 0 0.004775102324751475
0.5842690255150026 0.28262591914949836 0 0.0026583735846092507
0.41640925428083037 0.41263369197176786 0 0.004342812457470105
0.8095738422217581 0.6011282586619178 0 0.0049311855239963015
0.15638683527272665 0.5310497404103383 0 0.004495639774471903
0.8818880508255119 0.9596364365383452 0 0.0041753730389990605
0.2842526381385471 0.5592973144628708 0 0.003311788881219262
0.7250722435093855 0.9678164946672048 0 0.0039240098552582115
0.11378314525062926 0.05046919297186124 0 0.003614301258364565
0.049177619595072816 0.9028237770069424 0 0.0014690599981060403
0.46768943374098254 0.1118087847210295 0 0.004918367213880419
0.9473281351843403 0.3253276671145284 0 0.004903555694063417
0.20957092894816995 0.11488176033095364 0 0.00462683424920362
0.07633216114256512 0.525934251354932 0 0.0028490889994799815
0.9529205578188295 0.6208380666691669 0 0.004934253815336977
0.83375521824734 0.6718766000610622 0 0.004998369223123637
0.17938978129902547 0.4283421101109434 0 0.004950934488725645
0.8592505183370129 0.2968048103638508 0 0.004357212410729432
0.7209205359745683 0.4428604177464966 0 0.004171151333649622
0.691972511399953 0.9870575291360933 0 0.003968728658223425
0.6466484888490179 0.8038272326414647 0 0.004747161247234323
0.1870055516574339 0.11725793552567874 0 0.00432808618588621
0.8567053503219376 0.41586035371731794 0 0.004999532938045145
0.9094575712533822 0.7747077361696083 0 0.0028277295089137173
0.1546172190984004 0.734911660340475 0 0.004880315366704649
0.34845123492063684 0.8717134372736661 0 0.002857321415681552
0.8416420690888524 0.6129082340950422 0 0.004893423353231798
0.4181785188340115 0.942923542354305 0 0.0047238102787952475
0.2274589543431141 0.6435372056964677 0 0.004148369682036951
0.5988239438138758 0.1914952502788567 0 0.002716307238446756
0.8707218736543669 0.2509781439646083 0 0.0038855486029432283
0.7349106907755247 0.08625847543630215 0 0.004452071343789545
0.24973831603437344 0.6040056068296565 0 0.0028495650762100037
0.36213277655690207 0.20140440418431313 0 0.004527804569826055
0.754272705067681 0.7264773802798008 0 0.004978128640631344
0.8833865628172766 0.09891582906880546 0 0.001271249792243338
0.6472730951441357 0.5201000875179435 0 0.004126763772443866
0.964020956263868 0.5703733874704638 0 0.004993197738854706
0.6835399578441135 0.47649696566053495 0 0.0040795956056401475
0.35595632698832963 0.6304930838927812 0 0.004935059396445633
0.780991391853415 0.6196457942360103 0 0.004981269091285627
0.9628624335041742 0.3447276705944032 0 0.0046816225479382745
0.7963243633421035 0.4669890346974431 0 0.004815811505624749
0.3567093210937973 0.4281106216842033 0 0.00499323567779062
0.5201045192454207 0.07289909162153428 0 0.004980018060937558
0.2703827582159571 0.6678254853341745 0 0.004690457017263285
0.7418328253530511 0.1213373126171342 0 0.0025436966622271193
0.36933782745279037 0.7315113962367757 0 0.003361016103921289
0.9224036707653971 0.555731014830427 0 0.004831224319564784
0.6571271396987641 0.8617311475159409 0 0.004101317305695682
0.866126573674607 0.6509994722072914 0 0.004385745387058578
0.9094197602554559 0.6108729660549767 0 0.0017677924635281614
0.7905905349722429 0.0909354573692077 0 0.004745846012179247
0.6694278269008315 0.6208179233654079 0 0.004919229196148365
0.012215221690665572 0.7409325699684529 0 0.003606334828091503
0.4890674134539676 0.9487237068959323 0 0.0049885667733575705
0.5607074731466654 0.9642332055492143 0 0.004004266781938806
0.2613459396720312 0.6824606591634065 0 0.004078816784809042
0.5011270143886383 0.16515857278548304 0 0.004731501987819399
0.1488453259017307 0.459632301461325 0 0.0018681741418525466
0.7660235611156935 0.44112791526267553 0 0.004383425071883636
0.5373717045224629 0.23537505754405538 0 0.0016297372661383581
0.07191933434021135 0.8481086051161582 0 0.004396201324419168
0.25291555826656215 0.8876529617263954 0 0.002982328550773187
0.23945893044103914 0.6083167086776161 0 0.003435892838068943
0.9084974957877067 0.39359862953178454 0 0.0048346416075682385
0.22274087425926523 0.029860469722714604 0 0.004902464084976906
0.6809587375981547 0.6838904119798198 0 0.004556803630524234
0.1425273873704723 0.25586633241209505 0 0.00451274149903356
0.14588373702193644 0.6560874119301221 0 0.0032380215137761737
0.689668252718726 0.8068560570558292 0 0.0022372922670150434
0.3581674529100118 0.03013478683904646 0 0.0042813373334684756
0.39636594541288633 0.27143914943381003 0 0.004872345501574858
0.464735391511551 0.3914798015418525 0 0.004783978027537625
0.2822906790085365 0.267196025271009 0 0.004906773850036578
0.8505454933114845 0.3776119610454564 0 0.004698526190855421
0.98424520996738 0.8635886749918168 0 0.0049693602204866835
0.9702266109435387 0.8986927191303081 0 0.0023179687075847877
0.013760972106525042 0.5917347720567505 0 0.0025280239633370376
0.5644204103892285 0.8113038726284786 0 0.004853931922345252
0.4978373406211006 0.532220559019795 0 0.004535289013086186
0.24077917081618236 0.8447502650085581 0 0.004935799917730847
0.1873358961722986 0.8244383063892231 0 0.0039873330659781275
0.8168901244861837 0.7535549372543322 0 0.004989441304000032
0.609266331026759 0.21821199016977685 0 0.004225925830076864
0.5986701300477241 0.6041640948433484 0 0.004991748728638359
0.352019597213777 0.9754424815460123 0 0.0028274892061872403
0.1253413736996992 0.8070776855316129 0 0.004798126556580738
0.28366961648666106 0.013861795978537976 0 0.0027092108117118185
0.7399838787943094 0.9666116873759453 0 0.00284187923288465
0.7771724243196249 0.047530115609577525 0 0.0030284816952503295
0.5677318069849739 0.14324774563316675 0 0.0039613403489733206
0.2198454625685917 0.665307071134023 0 0.003830981570601203
0.018003315769709365 0.4274137517050321 0 0.003404086594093706
0.607996866515677 0.2658074170079589 0 0.0017464263526713042
0.5203662508575126 0.4053888960481729 0 0.004497984520207564
0.7261403101973296 0.3214149899493716 0 0.004033368081725796
0.27704590028480164 0.6974610675321188 0 0.00499745975722956
0.9702648700921502 0.990103710189862 0 0.004255697211488074
0.5588803595002372 0.404787181367914 0 0.0047833905072734665
0.11151077809299402 0.520793099061169 0 0.004994852926194438
0.8688390221203169 0.26818834576237055 0 0.0016629491613496113
0.2852564174239823 0.7458868859875931 0 0.004722373638809575
0.4786635225610865 0.7581390406074036 0 0.00041886021881220654
0.9770569953552933 0.15675470306107284 0 0.00495890960828078
0.8854673894842785 0.17601716282887078 0 0.004000088978184322
0.3093641443159664 0.9835322556832485 0 0.00475018899691948
0.20368812976152126 0.36967498506628776 0 0.0047821658165794955
0.49380890145651485 0.03388086062630567 0 0.004412860713220117
0.6036075195512615 0.08025407390453386 0 0.002668632667562727
0.018811221298253293 0.8513586717520373 0 0.004541438983460484
0.1871270835180122 0.8391632658138901 0 0.0030477637681361872
0.6335418154850251 0.8796733836909721 0 0.004646774070789008
0.455429779820084 0.9122351595827988 0 0.002769615732712535
0.9981341864862575 0.3413582049899217 0 0.003758406155752976
0.48862545857760437 0.7755060157368059 0 0.004843145809514476
0.27637121965892747 0.47274135419925795 0 0.0047967321500647355
0.7615211882809287 0.018363145177691213 0 0.004912737818835498
0.08792339065941045 0.5155677394419154 0 0.0049932342447666115
0.8776437061368906 0.43966631547487517 0 0.003491583036814765
0.45477087604519123 0.7916488690765944 0 0.0030584421520747627
0.5652707141741357 0.48403400125370905 0 0.004752959946401007
0.015473465686957281 0.07296817120859199 0 0.004988554543546086
0.7211197730219481 0.11540166505740866 0 0.004248325145607945
0.7649369911349152 0.05909555689890643 0 0.00361223166146721
0.3970577365627816 0.3597699846096755 0 0.0049532724076816114
0.48444484915933966 0.70012305988162 0 0.0021336158878800483
0.7945502804096126 0.8613572732680224 0 0.004889722084841793
0.33487177921095096 0.42357706689010294 0 0.004926004618110806
0.6166679222969328 0.15775742184621463 0 0.004999342942503051
0.41216180344488745 0.156350105314725 0 0.004747468667523382
0.8397879673842161 0.732087703004494 0 0.0015077449443407066
0.14710954215409974 0.8723459197238669 0 0.00485486303463522
0.7182476936560175 0.7570100817966801 0 0.00499976632790538
0.02636090674499513 0.14893970244993435 0 0.0046614839744592304
0.5263653909960193 0.6152116225032872 0 0.004997987783833447
0.5260455391537385 0.880585049417712 0 0.004359337649430477
0.16370840434363063 0.6655532552912411 0 0.004130860605815262
0.5535257252244585 0.4530027820338414 0 0.004999786643376581
0.7390015980001045 0.10731397638128347 0 0.004753348254419316
0.5163552070893056 0.5715120838426411 0 0.004993333740836751
0.3043978920241848 0.36092119201346445 0 0.0029695326889271536
0.15423235971582203 0.04660003595715688 0 0.0037400282536144015
0.9169424191310516 0.5741000292076688 0 0.002390368462693743
0.5852074146263646 0.5204007525561287 0 0.0046634183067408045
0.013971677103299156 0.1803616253154595 0 0.004052158023082717
0.46188349275291235 0.8211672783604063 0 0.0042114147695994425
0.8694074774564866 0.259464479553206 0 0.0034096002066076716
0.16374169598596675 0.22362390658821604 0 0.004850594218819934
0.24777414185063715 0.8053863840236689 0 0.004723208575330354
0.31213449143874833 0.378621096155255 0 0.0036659153844757425
0.0628740120139245 0.6995278346235589 0 0.00421932359077058
0.3333959843519155 0.31624971307082667 0 0.00487528077951112
0.70800937525074 0.6220688466044967 0 0.004886926389944737
0.10747904422605158 0.6110367380898957 0 0.004909888114616861
0.23928872992069003 0.2737071492639766 0 0.003926132687825473
0.6377862018676363 0.5494619911302708 0 0.004204037778183601
0.343041793700914 0.010075359959235357 0 0.004692830467003963
0.5012606262743632 0.5603988165760218 0 0.00107674494207931
0.8894735268871593 0.07974122896674805 0 0.004700113817654604
0.03254831706136706 0.1335363852540917 0 0.004016670651158405
0.9994185549139424 0.5058133674043053 0 0.004996148871089058
0.5892257812314423 0.5591805788689913 0 0.003228494426290095
0.2851489297260665 0.6585907689402558 0 0.004906208596086457
0.7608832316541826 0.4618285142691631 0 0.0038401527171104777
0.9489069366129602 0.1780825770531805 0 0.0037223828076355684
0.6184855220991232 0.4991456483059264 0 0.004534962462807916
0.8484556477622578 0.8266046166320554 0 0.004449992125311969
0.04991361076212773 0.8982298452834918 0 0.001689099406340514
0.25720534990786753 0.15922355763047144 0 0.004273611428140062
0.10530842459073851 0.27293283851710143 0 0.003118843158291497
0.7364532677023927 0.4402662401070085 0 0.004665384429565258
0.8049826912097526 0.2539964722311499 0 0.0020021421049579847
0.10169739465904813 0.5391720623415042 0 0.0029317632112120817
0.20977420720419745 0.6770930448178065 0 0.0030524835508212314
0.1042679293787274 0.797609555616378 0 0.003085971415921773
0.7553029783406566 0.9876151167222178 0 0.0033632724712383574
0.10511006122523113 0.4256938359899903 0 0.0037614687950843924
0.990991824260585 0.7923972757853968 0 0.004207509860986379
0.4862898252528985 0.35792279211490513 0 0.003781540074586607
0.4933361612464416 0.7889396992213262 0 0.004935616143714212
0.19480171501460872 0.2222618255688795 0 0.003029740448487376
0.2908491508576116 0.16656682782043827 0 0.0025319052081572454
0.09365776485384368 0.2979480391003057 0 0.001756255202850762
0.35336685422451314 0.22450115797895284 0 0.003910638503410588
0.05935621775765508 0.027837214531222558 0 0.004976346572423302
0.6204545012863877 0.3333495177774453 0 0.004916598769749526
0.0592848276630482 0.34946285614759437 0 0.0014048463028382273
0.9522449538595514 0.027486588020326545 0 0.004964046510076075
0.695755970242802 0.38492514633565916 0 0.004954701424594965
0.2542972661822401 0.6200044554858272 0 0.003717956891613067
0.11942267277105877 0.9492083410839826 0 0.004013469382716993
0.4781224035424468 0.48122474184374936 0 0.003527226848745549
0.5476394987038178 0.10543531934427929 0 0.000966964217591308
0.012959085291752374 0.6318697260389579 0 0.004086296507828691
0.9453317841749642 0.19349897341382813 0 0.0030099146511157913
0.6499381449006355 0.6390135098329995 0 0.0035988526801942556
0.7088232479514192 0.5288704528186031 0 0.004994860662509084
0.543352554668074 0.7006279325338506 0 0.002214052714028513
0.8925181068231172 0.13235777648542188 0 0.004192938522643296
0.9269590710632161 0.30425663551371235 0 0.004923583807456721
0.9564029961715594 0.1563615885496605 0 0.002953562464034998
0.7647231806385312 0.8433045100946781 0 0.0031668736011610855
0.4570166940747961 0.9342657304569174 0 0.00477168667623755
0.955862066229029 0.0684700877843296 0 0.004717235048000028
0.7398498226459883 0.019809895035917006 0 0.004610469471070307
0.42958291534040266 0.03206781939874602 0 0.004943764033589096
0.4836997359682787 0.605516061605643 0 0.002928637471025509
0.624538072422332 0.13388332695222713 0 0.0025379252843600025
0.7272949612966962 0.7924937082813869 0 0.003347432320304204
0.6789341062031566 0.555119484957369 0 0.004805611314855716
0.5440336220832761 0.33147072200489386 0 0.004323098876159713
0.22478905654379763 0.3081407149372238 0 0.004217061204380838
0.8570482894233084 0.9597272199251567 0 0.00416007438282308
0.07633093523563171 0.21104503209380107 0 0.004499325641582394
0.651329114084581 0.10398940113430376 0 0.0037845100597641377
0.3050176882466418 0.7681342596182651 0 0.0030510849580841887
0.8491227510116266 0.3362743481208779 0 0.0048584461214152995
0.8398750466173373 0.16936276878721487 0 0.00499645593910916
0.785647062219693 0.9694616254740442 0 0.004993656140071047
0.5330668082228931 0.3467649061789046 0 0.0024900894358158873
0.7997047916751502 0.8048924569720876 0 0.004353440594797523
0.08837845855595715 0.5440235556275966 0 0.0025690113739816308
0.26865943993746993 0.18929682287520042 0 0.0040716338972098
0.6629222442792656 0.9258008058737726 0 0.003745964740121551
0.0367969372072222 0.5915371155660236 0 0.0039334690605076095
0.12878912924412741 0.6943423872905659 0 0.004382784668978041
0.07569795000649791 0.9460569746976549 0 0.0044650092456075124
0.8491929988667545 0.09579189767371364 0 0.0032665989947770514
0.9611023714169287 0.05837867895316727 0 0.004746803844374774
0.36912736939818086 0.39767977523284176 0 0.0016641420162860064
0.034413387845133134 0.5795278347173437 0 0.00318670104395042
0.8471277275048615 0.9124891773014357 0 0.004923313873999602
0.4207783612055394 0.671552465022363 0 0.002042698856027679
0.23798585278976844 0.17202310883659708 0 0.004369004641937768
0.26507618612177103 0.07454356502394908 0 0.0034511238510357713
0.4900381241582756 0.7381910441518305 0 0.004722764421661638
0.5595101369701863 0.5466874533559355 0 0.0049925511979632955
0.9357138162516474 0.17764615073263398 0 0.004589512461655725
0.3530012332550804 0.38957843616684734 0 0.004993957343120498
0.0626417195903861 0.37043554959544206 0 0.004623486702730737
0.4117153196089611 0.38245597963720285 0 0.004449027719759613
0.5348645965744423 0.2937001641586175 0 0.004459239291666781
0.013328015331100056 0.9038591168784843 0 0.0017016729062051279
0.3833040562598849 0.3422269102676703 0 0.003110726960098603
0.42991033103146653 0.8982623027706904 0 0.004528651766530513
0.3596816982344166 0.9060114355503815 0 0.0023451967721385236
0.6013931891851011 0.8434878120935123 0 0.004599590179368905
0.4310116285111703 0.5489617348637831 0 0.0049788750513993394
0.2513747390826298 0.9693531106744222 0 0.0039010176108143467
0.36770678100869575 0.053336986086111024 0 0.004256454452479798
0.9298636040581603 0.12941110267099074 0 0.0030622691053160014
0.12516926091281363 0.2445118953859515 0 0.004871734302103746
0.10372148062738339 0.6984902194757194 0 0.004682976042635174
0.5153644845735982 0.24890437517839467 0 0.0048057668116489255
0.9827231752171589 0.9481620949366837 0 0.003984012273324126
0.5847552192443713 0.6985287042801255 0 0.004448806727791747
0.24853847770031798 0.37165913891614394 0 0.0014077185098043267
0.7090581411424269 0.022920909501734192 0 0.004471131227602196
0.3698316860198783 0.37858349311614475 0 0.004416037246930943
0.6353664150392913 0.18919244798711762 0 0.004986481333734701
0.07691360806304247 0.039630223977044285 0 0.0037699329406448777
0.09204093401665646 0.9729818069181184 0 0.004924816390846321
0.04793499209338557 0.23339344230815104 0 0.004356764167036267
0.2285886194918426 0.837801636783503 0 0.0026628857168373233
0.9565259518391753 0.9553962150759109 0 0.0048581665552160066
0.34402609639394605 0.6353323597696365 0 0.0038296640668426265
0.43038998143823176 0.45894311504431734 0 0.004975467094705148
0.038857963053252384 0.39477977377167 0 0.004052951311612507
0.69801713312127 0.5443588217301035 0 0.004891293282023996
0.4511649839125969 0.4465893968309848 0 0.004721965347807603
0.1132268245364698 0.37779627457599924 0 0.004979879174098421
0.8800017730458947 0.8336569156129856 0 0.004709977782538192
0.10172355803325693 0.8341558703371482 0 0.0021221889024085993
0.4629165238797121 0.12868433881622995 0 0.0015265180646056998
0.6422178826252999 0.40825919749805767 0 0.0006819962879513006
0.5374465213135415 0.7919035847261426 0 0.004116017167492318
0.9541511662988603 0.22945301153833894 0 0.004798893131455932
0.38694925154415666 0.9783385788493759 0 0.004588206255690722
0.7418910355208056 0.21401259303572093 0 0.0046565818338270915
0.5555069953608115 0.23501028571550817 0 0.0002667462651185945
0.9751386354013145 0.39280479942185403 0 0.0029007615332003107
0.928647700782979 0.3269874506200296 0 0.004834390595056654
0.28775541566251545 0.8950142964766217 0 0.0033717399752234336
0.17409507001059207 0.5991929406954045 0 0.004337469818526267
0.6390267801822046 0.43411027833876653 0 0.004986004088418952
0.06096526409462276 0.17502936476330308 0 0.0036932558121024893
0.3038333423201666 0.7084320284618791 0 0.004960161252794556
0.9868691148311441 0.33398722707395995 0 0.0030344591842517256
0.1983048472048143 0.8931423532550267 0 0.004986558486006525
0.9741303003099054 0.42096936421635583 0 0.0038130637786085663
0.4164824186287754 0.7544139308718061 0 0.0028965422980107383
0.5128182215288649 0.9081005573256686 0 0.004916234094701746
0.8528157160543886 0.05630587774845529 0 0.004995892701088285
0.1734571348952608 0.17740888263864904 0 0.0015133795145856536
0.9563881566402931 0.4854586214919951 0 0.0023650963679023728
0.562219405116196 0.7695033387874765 0 0.004627956095769101
0.6860601377367578 0.2866882299987726 0 0.004800230883772415
0.9544289165446442 0.5186315247337056 0 0.0037973284633984502
0.20661823496112217 0.5769038775179991 0 0.004955181332043903
0.18320467746945931 0.2983122123626007 0 0.003648266217968083
0.9060537454020914 0.3611038876783325 0 0.0006303342976930596
0.3129771553694179 0.09697928542123956 0 0.004393784942886442
0.1700663150057888 0.9609391079074489 0 0.004836094927095753
0.2605318136861305 0.7644287076264681 0 0.003612107215340632
0.3681548903607698 0.4551967217786725 0 0.0032071685412076445
0.18922123905179164 0.5307024475633575 0 0.0037221822593344446
0.13835313223503273 0.6927441640553182 0 0.004953865658472618
0.03222789853172446 0.3039974386003241 0 0.004788507078675454
0.24089209576041246 0.6967331259623216 0 0.004995483083048253
0.3272234352940699 0.557528880455318 0 0.003296941839500115
0.08099053334096083 0.6926213146837604 0 0.0022338267005053906
0.5061524249721577 0.0286551754766906 0 0.004982536994039195
0.2575058614796418 0.7246880675624816 0 0.004667687542073656
0.44732428716308864 0.7346552453297401 0 0.003344317404874055
0.8542877090801266 0.40587210104528154 0 0.004341747484622669
0.8890919418249741 0.4459631275513493 0 0.003874859902026514
0.282229377881628 0.8550836115413429 0 0.002680036684711353
0.5822256477884623 0.46052985947651964 0 0.0018939096913362981
0.7196712843745605 0.7697877034308627 0 0.004024982584198042
0.4766605183530959 0.27601110195426953 0 0.0045986672673502815
0.7312137142369155 0.5613629972063916 0 0.004748770899466351
0.6259332991394473 0.715095327472433 0 0.004775001284939867
0.37775304482251476 0.4914277756139061 0 0.004583939137658509
0.7611635312314745 0.7058942961933071 0 0.00444192277429316
0.6361935063046771 0.017748134982968226 0 0.00425997091596034
0.4602832895307391 0.7258675516708237 0 0.004986296919359095
0.3948757939085498 0.6547324888631376 0 0.00240010598263763
0.49628897415753565 0.05745543221952641 0 0.002270254472596893
0.08292388492897727 0.8724919405632311 0 0.004823259868628274
0.25574481774589325 0.3590564523346346 0 0.004978140707640032
0.8324033869066205 0.12556621669758514 0 0.0038390038204820735
0.85908979626588 0.21539873413620111 0 0.004528866998845715
0.7882650354330564 0.8209475519174856 0 0.0024261617200621176
0.3362399159533928 0.8346144710767988 0 0.004879459647403304
0.8992865608487273 0.5406233008470374 0 0.004403886345097544
0.5565181266188532 0.13700336453513792 0 0.004815324953102951
0.43811764257076496 0.3721885677210988 0 0.002516427016056815
0.03486122336940865 0.6554023530087445 0 0.0046828611472477695
0.055185521374241805 0.9378697672764917 0 0.0037924581070162295
0.9633000398219153 0.42670780085295795 0 0.001845044174793486
0.9051670073495608 0.20309487464092232 0 0.003371321411026645
0.7643687824739686 0.7906002654749021 0 0.0012737148384712516
0.42813518894311303 0.25340105518651407 0 0.003991860321367617
0.17397844556203498 0.27802603300373424 0 0.004998508766840425
0.047357275637943994 0.096287431345066 0 0.004702820560841072
0.05191409718875749 0.6420936249967467 0 0.002736477087929041
0.2131632900845218 0.14485374527978886 0 0.004852240410905714
