0.913642972554891 0.13747801958723113 0 0.004468760869753895
0.4830224878328821 0.9589804149235307 0 0.0014523847898864457
0.4465004081284369 0.5773872191555336 0 0.001660793933945112
0.05600704622018769 0.989754496512204 0 0.004601547500396807
0.5976885563952878 0.5421165774770643 0 0.004960130193450362
0.4377615719039826 0.8976224067588754 0 0.0006256067736943783
0.7004486784937355 0.4468691451882553 0 0.0038706457864386774
0.3400205371263319 0.3933144764548579 0 0.004061046097958497
0.08122501440728778 0.058538106501218365 0 0.004994788708645128
0.6046201163485657 0.38423962444716914 0 0.0038794031717775826
0.13292747311234362 0.3659019121309935 0 0.004963509092873969
0.07692108472806346 0.03588568338361063 0 0.004998032560895296
0.7271902402887175 0.27295101314631737 0 0.004567015939626242
0.5115132643341289 0.9682202885893113 0 0.004623227594512367
0.37128017229223326 0.8401319004285446 0 0.003551919077066212
0.8194624572069046 0.34437321508892854 0 0.0023215880376939928
0.7934411559816876 0.9438184602166766 0 0.004867356750905409
0.4874505920492081 0.675287172996751 0 0.004564491803220055
0.8315546622173386 0.6390682393390821 0 0.004976686335754949
0.5644076067734504 0.974127538144645 0 0.004949529749102319
0.1396815124410524 0.16824764577728232 0 0.004999996827829461
0.8632320849795201 0.5659647937747111 0 0.004004562730142419
0.09923109136043072 0.6878571287829921 0 0.004409063179108131
0.04222566066053411 0.08227245674732818 0 0.0038949843871570492
0.03893894141797492 0.8633370251455824 0 0.004812144207563981
0.054605797118983154 0.292428964835685 0 0.0027264532223287945
0.31366904948969415 0.8911879147801327 0 0.004316650129780219
0.6854516437678038 0.282780539788907 0 0.004722075393685339
0.8535270459554579 0.35203443327703415 0 0.00283409117053658
0.41330892532365854 0.1332986270531271 0 0.0037292845717470523
0.3792263098931791 0.29732759833755246 0 0.004629906057002506
0.2147269192818104 0.29774534615005716 0 0.003440926898801588
0.9996457528140851 0.6089338829803655 0 0.003903346389913346
0.6098146674495036 0.5348057669562494 0 0.0035412044961458567
0.3252359873787339 0.6706131573610604 0 0.0030630241134981316
0.3392843035838074 0.27630767250751914 0 0.0016051859998017226
0.19727811790375746 0.8052558787348248 0 0.00440216109096169
0.9124667468799939 0.9897238560024183 0 0.004902087567797905
0.4068611803456947 0.4406966710614956 0 0.0026973192050720055
0.6269233299805004 0.5282555358208562 0 0.0029306918256262436
0.6200538080461182 0.4013561850518779 0 0.002982879492890652
0.5415175407102594 0.7304776905302082 0 0.0034683966376948404
0.246150242975511 0.733453521073092 0 0.004427749685815838
0.1915292315031177 0.598779366849477 0 0.004927302980039955
0.27980904437301407 0.6742042203507638 0 0.004370188060524509
0.9591114777421685 0.9438095096686827 0 0.004419034257769908
0.3574172988712238 0.31614095322729757 0 0.004962087348549956
0.6733164723195171 0.5989527387539023 0 0.004996534497699094
0.2225318553126767 0.8530247093232523 0 0.004620038406427884
0.8218285571553666 0.19652609955104958 0 0.002690454586862098
0.3163362022709462 0.8573101866220193 0 0.004527158888699665
0.7721122058522569 0.10049157968213306 0 0.0032337968913458697
0.6254000229711992 0.1831313415756821 0 0.004759162217565636
0.9805821942240206 0.3618048560599872 0 0.0036775434170555426
0.47773632133252003 0.20765011180515056 0 0.0038498254171138134
0.7747864741028438 0.18925924276348458 0 0.003128314562373022
0.01901836641163334 0.3779383702897427 0 0.0049100347651998034
0.016244748770489308 0.791435055014238 0 0.004994087118185482
0.23248989699556985 0.9914496258263816 0 0.0026600129933512123
0.7668933118279391 0.5715059675148391 0 0.004915629407231425
0.2630931236428841 0.10109516236236037 0 0.004827198135687159
0.7249247455303982 0.0041629414468510265 0 0.004663200411926248
0.06803986774194658 0.18623997742912166 0 0.0033603543167884326
0.7037413476022688 0.6199425518379509 0 0.004338735322832082
0.06580582086366547 0.9660086228312397 0 0.004906929683646329
0.38880491254261135 0.7490404169775128 0 0.003273019664295183
0.670468809909129 0.19345561493907845 0 0.002650084285778447
0.19655750401454838 0.9249712853763091 0 0.003951914059057726
0.5547093581544643 0.46312349611115794 0 0.004927033456958088
0.478186250080537 0.9528061114135956 0 0.004060721235037243
0.32770415293233485 0.9592966672047586 0 0.003224586787356951
0.4608209506445296 0.9525220608676225 0 0.004753325128542946
0.833608326467046 0.4509906201068588 0 0.004937853594490994
0.5270386824290945 0.7363682347757616 0 0.004865785763864221
0.9309153372562514 0.624810530856349 0 0.0038073624990889957
0.64617512072164 0.23667510355517415 0 0.004885227750023472
0.024263033974247665 0.2175656544355655 0 0.004652735036946936
0.8155950733313949 0.05960840141928091 0 0.0009111990241198973
0.8142486700590685 0.1701270111388474 0 0.004765767871089565
0.18055365009673893 0.9520088112205766 0 0.004576820647797453
0.5165351028747889 0.5596144740522598 0 0.004520295544676191
0.3482769203064881 0.5242129275044537 0 0.004857976484656034
0.5321056986091462 0.9391387236771979 0 0.003968958064221357
0.26409807730474316 0.1557563033529303 0 0.002062307459251354
0.00013689862021825768 0.7928286598400539 0 0.004927478955664418
0.9519801972705344 0.8706165247088268 0 0.004523629442335463
0.03932395855851144 0.5920757724569525 0 0.004241677886679588
0.7632380564959101 0.4975644557581867 0 0.004405389339710594
0.2648258195239476 0.7501624476664495 0 0.002432042184181316
0.6453665430988775 0.38571449882216796 0 0.004188634002339929
0.35293897112157285 0.8610493644957864 0 0.0037052698118615842
0.9418857815794638 0.7135045707573276 0 0.004259997297067489
0.7704814789973035 0.5624677673434122 0 0.00404097682371838
0.8403191312306387 0.8540235953062704 0 0.004759216552144779
0.5381444061538054 0.7451376431118772 0 0.00263837219451604
0.8314538096988696 0.23575510067907332 0 0.004693345170290464
0.12184595393469409 0.3202273636761637 0 0.0021342239813098495
0.013016580370371338 0.9531378218047237 0 0.0009884939366202642
0.3103551902057143 0.1055946574272446 0 0.0038759919832152506
0.36574478144261385 0.4075505242557918 0 0.002937729131470004
0.15877594771759726 0.7937032615629938 0 0.003911530409469016
0.4709930408548227 0.6423208817551546 0 0.0049431208276327744
0.8728143978603866 0.9301885691163785 0 0.00426043953632837
0.9566196459046427 0.8222774964966568 0 0.004996321647427174
0.3662938832555194 0.7735931867827197 0 0.002249376063665254
0.1277905832456568 0.4423669937877241 0 0.00494398132470269
0.8567987333272576 0.7630126304130175 0 0.004628557442790252
0.6158143511151278 0.8586596667907448 0 0.004656434535610493
0.39596003056670553 0.14513425100346242 0 0.004352432072902866
0.7098720655071045 0.600670620416485 0 0.003971770044058739
0.3912167813082083 0.16031761883451198 0 0.004946957433278019
0.386017898562723 0.9978727532221358 0 0.0037622370751530312
0.4429468806014531 0.1564813686098084 0 0.004776733920314715
0.40444246518110455 0.7813598008405335 0 0.0021830326322162803
0.7175754759528037 0.4042767015128043 0 0.0014344141561536939
0.7530831965457659 0.8938714387302377 0 0.0012153021576560602
0.23898996745268894 0.13542547628923127 0 0.004863574093279186
0.8231110142640774 0.853341402390722 0 0.00304972641777517
0.29415458942308276 0.6558075138479575 0 0.002332722983369313
0.5610366372436408 0.9356177191819394 0 0.004992871720562605
0.7849471026320571 0.3063225962342087 0 0.0018243837925103973
0.0818489646199526 0.26319284779597224 0 0.004993044801729132
0.5074176640241086 0.8368139756115128 0 0.0021178800947270946
0.6880110097140556 0.10903676762510371 0 0.004759917210779496
0.2359454013043297 0.463049370703384 0 0.00240377246250656
0.15486363358566665 0.8091935085492801 0 0.0011976225232680833
0.5555317369861531 0.22182057812192177 0 0.002817275371646044
0.9903668513120765 0.9929289171833108 0 0.004825719167202874
0.8675483996629532 0.7937960662683913 0 0.0024613466570742423
0.743710977607618 0.23598652885123814 0 0.0009358968514711664
0.07464500662363303 0.08242342839657267 0 0.0044659754130396585
0.7625637624298142 0.25953914789506377 0 0.003224011230720086
0.6469486371594961 0.9341223671663477 0 0.004365112960220933
0.10064081681368985 0.8245659712754093 0 0.00237616751516418
0.1239313185721188 0.5957814496706296 0 0.0046573743095731255
0.08428226407747529 0.11971668932481026 0 0.0037907634234966062
0.9959471427780341 0.6298939959968479 0 0.001139618709167844
0.3218955547865328 0.3486327255755877 0 0.00205652654493902
0.6964784510146909 0.4994401109173103 0 0.004545574533622187
0.7345134701302778 0.9329439043091097 0 0.004343694440145463
0.7014076821195984 0.5106264063537588 0 0.00421495269876187
0.3388298978880468 0.838231937973059 0 0.0033905647065673415
0.8242643847805042 0.7449952580516916 0 0.004056694817562857
0.22569048340282846 0.19934465277822563 0 0.003989909362327913
0.26405027585332913 0.776354755881039 0 0.00230193402901641
0.7478050358857549 0.1971087140989569 0 0.004241096834983113
0.6043524834518496 0.4722207506615183 0 0.004994426148287512
0.7970535371996691 0.9780470708400689 0 0.0006202452740696622
0.8739336470248077 0.47984297850249463 0 0.002521034092025968
0.8257420713707464 0.9063904167247882 0 0.0037100866494099824
0.6883707457408473 0.6207245830144431 0 0.003771292117411992
0.649368067600856 0.31718884895229976 0 0.0046857204128094455
0.7927818622354604 0.6799470764959472 0 0.004953344166407178
0.2777322181077731 0.6893147773306595 0 0.0049335951478638295
0.3489375668051134 0.9892066436135459 0 0.003405866284599834
0.9846240387515773 0.14814870029389746 0 0.0043257557322325
0.6272944959286577 0.7479832766931253 0 0.00234173090215379
0.6784617354813287 0.12475283947900605 0 0.0034648445347599055
0.6222634939215069 0.9769138146540883 0 0.003397137497603119
0.2924042169684687 0.754690999144298 0 0.004634019861711702
0.7017155271508962 0.6724589447405065 0 0.003048069323537921
0.7426015378961041 0.760838956674577 0 0.004028242624819283
0.10783526271845732 0.4756795452687041 0 0.004920005433700894
0.43441806373813113 0.8025461277780336 0 0.004462607403710555
0.9189389498743666 0.9709022607625047 0 0.004246468166878189
0.5144767450470474 0.5244032934639082 0 0.004736274406417478
0.9157066167098009 0.08286870986706017 0 0.0038820904824155124
0.8282339588099268 0.6897111255427584 0 0.0049707677720904515
0.49800114749456476 0.46279265983579115 0 0.00482902012145734
0.5499376999731806 0.8206661171517114 0 0.004907283367383349
0.4767100290834901 0.4837383494623991 0 0.004532915744683048
0.7832224567529212 0.4411149099987251 0 0.004979887243041458
0.6597632995281878 0.7481200259872143 0 0.003246468194496897
0.43596634910935766 0.30782333661288136 0 0.003863014705169039
0.7997971129559929 0.5484098926936402 0 0.0023259379267757084
0.4948945857409825 0.8997666620444563 0 0.002424004271213117
0.9580133205290734 0.6210019779341568 0 0.003658566400202713
0.47060212740682855 0.1414192975791537 0 0.004921269758526575
0.11751938933859317 0.9445738861570789 0 0.0047987406815353266
0.7398477978879769 0.3394476502953267 0 0.0049738983355562425
0.20668418123259077 0.3148053596677716 0 0.004278047071910526
0.7489999751193952 0.020908349141432574 0 0.004006087354922051
0.04001192867079971 0.20374384372781848 0 0.003152030111131185
0.4268790977950468 0.793742779446191 0 0.004119684622443511
0.5332966705775845 0.9104104387383538 0 0.004239490821393241
0.713434387025059 0.7504642174412418 0 0.002186814624578179
0.9494748237707864 0.6872937580095284 0 0.0049191765722313785
0.3149450921901846 0.656296544376 0 0.004547101157784026
0.9157551943168215 0.4271385846339801 0 0.00461251584566116
0.5418909518615243 0.3239357697013298 0 0.004235300136475189
0.20089038855944794 0.2445734862070613 0 0.004173056590706044
0.409795211392932 0.7173049175425603 0 0.002053258394723044
0.6526014415467917 0.005379887125223521 0 0.004784330640889556
0.14025213829378166 0.027385448298652075 0 0.0031144859499662504
0.296008583723358 0.7191801201411396 0 0.003880957431692431
0.7749288391272341 0.9627784870171295 0 0.004979800555755974
0.7470515488339121 0.09045974795064747 0 0.004874049256544665
0.34419085872225824 0.01302050572687085 0 0.004645310192686877
0.8609719101164527 0.7801069117700274 0 0.004840873690105785
0.3787769414215864 0.23030743093417314 0 0.0022046852196935768
0.9150300658510695 0.6403397479543083 0 0.0030335162583911925
0.053657549938290736 0.7611303740550638 0 0.004461009453944354
0.957831512508955 0.1842008135615207 0 0.004995010774052233
0.9832493953172331 0.5203176668090995 0 0.004960211136630318
0.36200575508112315 0.9867343816852113 0 0.004837545444385155
0.2934362772386799 0.6932780927304617 0 0.004707238525053813
0.7382485589395279 0.8462969238540382 0 0.00474242136953256
0.7190948014135847 0.2543611350757315 0 0.0034547562986861676
0.757435643022585 0.4845098100770297 0 0.004123926148871165
0.8177764100082241 0.7671432549119882 0 0.0013009959938069175
0.7135044346406475 0.798517425795383 0 0.004995480785910285
0.9166488119333716 0.11518769443845976 0 0.004996705004669598
0.9132968645010723 0.7926303717414791 0 0.004999667360449394
0.4227332541415673 0.5218915140591549 0 0.004226842434365186
0.7011195713442008 0.6061183787271561 0 0.004820675500438716
0.2976225885409645 0.8759854122843825 0 0.004844347036647232
0.3987972828982304 0.8480602698701405 0 0.0021278868504818037
0.24495336691515943 0.8343625784376166 0 0.003013527459346803
0.4318742316464353 0.27101526115881674 0 0.002162423148107589
0.30284553743501347 0.4606436100491153 0 0.0039015587464133147
0.9222531281413514 0.8707193569505747 0 0.0040790476700548264
0.23758021339037225 0.24188952823452212 0 0.0028490279687167666
0.3979626515207762 0.08872223086078711 0 0.0042519880002601105
0.09790909196348128 0.24441093662780863 0 0.001805202899711222
0.0015867120862820226 0.9404724289908867 0 0.0038891572822365057
0.07653336611535665 0.2950392355810751 0 0.004991512050885374
0.7954123764451316 0.21014760486395986 0 0.0024292155775494173
0.4640103094440397 0.044737721200136846 0 0.004982929346246495
0.9667371104387408 0.8420477169764524 0 0.004696554617251675
0.5416941690976618 0.9970958508001001 0 0.003439580064729433
0.5413837611423056 0.5088931146117832 0 0.004833211772846105
0.3541971366827658 0.48369739353233304 0 0.0023662186573107833
0.4683578432112024 0.47040737474700317 0 0.004251048401432157
0.8643234801383692 0.3454858366925691 0 0.0017574431981474152
0.36411202975999185 0.8274535989066744 0 0.00499004100032445
0.1580151594763469 0.4962409675650507 0 0.004211705298012089
0.9011795873798408 0.5938331428040068 0 0.0031746382439325166
0.12429274515443266 0.9895104239825003 0 0.0044484803595589975
0.11376704872637565 0.11544138463615482 0 0.004465634131840353
0.16573071358118283 0.7517612204068757 0 0.004565365719553385
0.1456081827111327 0.6816390736050078 0 0.004195940112422159
0.958664155931108 0.11627154113639902 0 0.00423583828088376
0.6697025132465396 0.9801037347697846 0 0.00481869718710102
0.4205952104472243 0.8569648420834651 0 0.0021502894316172533
0.6080527589557856 0.19935303279410896 0 0.001092784657541347
0.30832211211364874 0.04532444287721647 0 0.0016887449219326757
0.12265789268081849 0.8861748117590967 0 0.004500465175325131
0.22338203038031 0.8334977168087512 0 0.004859771519756363
0.8821795151723648 0.35984077807637554 0 0.004823913413145539
0.5593933449855577 0.7466425660250312 0 0.004486697031882671
0.24678796936074174 0.7843256963920282 0 0.004542963053493867
0.7761847318383667 0.07331327139427622 0 0.004556779553836953
0.7871847533761541 0.5515426698818205 0 0.0022832380944042938
0.885813512253598 0.08826839822849174 0 0.002456179536717714
0.27744121086913437 0.049676791626702674 0 0.004121954140720381
0.603396203996134 0.04931291206153331 0 0.004765950785027531
0.23994102196905195 0.5829641180981809 0 0.004999521384547065
0.8256969945370737 0.5578161342149115 0 0.004815734626201006
0.3270800681568559 0.4662019200176754 0 0.004927846538262611
0.5003968722929839 0.476964688999494 0 0.004840198544065471
0.21828154473997682 0.8859494574286402 0 0.004986087175000721
0.9277735140303198 0.18254196480019722 0 0.0014775871646171262
0.6911563642720067 0.9314248854772303 0 0.00498348718230999
0.5034890541120355 0.8564579265828891 0 0.004690967172855145
0.9036578495650608 0.7450366054280035 0 0.004893248434488507
0.3438655574278305 0.5788591573713154 0 0.004269279841785514
0.46333813254987805 0.24970463933118012 0 0.003663225772931807
0.6886914526410298 0.8963814446669878 0 0.004995670521005221
0.20602734053754565 0.9525882740608705 0 0.0016137764300251454
0.1041539596862202 0.9039745006709676 0 0.004759943223410332
0.9557574800689339 0.7449665200946923 0 0.004275408038754076
0.8574985714044131 0.6273562761364786 0 0.002586546340150773
0.53957044368614 0.775266577320084 0 0.004870152363163518
0.5305898241171154 0.16218777589410846 0 0.00492536137773837
0.9836731589348733 0.03071428799582642 0 0.004043714000517251
0.5889749731789353 0.9121547413908385 0 0.002711803066454257
0.18160508117982607 0.9219776241671583 0 0.00261481703506876
0.5973437010712771 0.43159154138007233 0 0.0034677626861842007
0.8423224089730392 0.791118171672372 0 0.0024893542626510754
0.5685483856127984 0.014646932077720269 0 0.0043313046139763205
0.07902901707965225 0.9517217217692207 0 0.003823603333919306
0.04443323014536581 0.6143993737159313 0 0.004734405547489726
0.4279048031130425 0.7070660895467149 0 0.004963080134571672
0.9462706261920665 0.08899696858530946 0 0.004198081139043572
0.4640184180662786 0.5423313281479548 0 0.004944497631296674
0.47081370537687556 0.4599858154078231 0 0.004659041559886009
0.23176143015545522 0.04681820638555288 0 0.004502220640159087
0.01164397830212726 0.08695187220804566 0 0.00499988154533856
0.33610640743802317 0.22596832324146007 0 0.00301593680394518
0.4978692891110896 0.9789697283064759 0 0.00449614721160264
0.33968389090618006 0.6767144989312668 0 0.0049565582474676625
0.20255813027756905 0.08602654493162575 0 0.00450070178108413
0.05010896331912361 0.06074379138039486 0 0.004473826543155219
0.27030635481108006 0.14788317997616837 0 0.004379630652054386
0.13808806915982705 0.18460772238167608 0 0.004653694709215728
0.7795332945825785 0.4036653303159689 0 0.002146733474727858
0.7054563491087024 0.5505169247033181 0 0.004536214563701961
0.48514799034220996 0.4556517139913843 0 0.0041614833926040115
0.8342483262184712 0.003151137061497384 0 0.0036353487084805434
0.2432307551971654 0.42649667020896614 0 0.003022662394336241
0.902393168982909 0.012036496305901416 0 0.004667948209844808
0.2878824780585871 0.18498075090789365 0 0.004611037262575748
0.9746402601760146 0.1880746406428163 0 0.002749489138383798
0.5724354957114033 0.848574099462545 0 0.004003833175218572
0.05705399481659333 0.7918784653097138 0 0.004893578491352243
0.7635091347962896 0.8159427284271955 0 0.0017444754140591213
0.541994952891574 0.21778623246456139 0 0.004234584682512692
0.6742937991389023 0.03211358139666075 0 0.004699987398831932
0.9016864621138913 0.8053206945312253 0 0.004414842515404074
0.40741928787679443 0.041565945903862964 0 0.003367846919987969
0.5957022068876461 0.7269984863565633 0 0.004659325557405328
0.24433667529061595 0.15262033181526388 0 0.0016924320095291544
0.8829121008185951 0.558005391421681 0 0.003181593290581065
0.5906104729657219 0.6768350890843196 0 0.0016506428944204942
0.5915016334356169 0.09634055756364478 0 0.004992749480021295
0.894201003562631 0.3763699922892461 0 0.004304054143047671
0.8328409877499954 0.5410759556745163 0 0.004528510755306959
0.3188282288846301 0.9187518102334814 0 0.004999972121497859
0.4158536087560403 0.38537225332044794 0 0.0012817291053288887
0.9990138932098538 0.9082745494274507 0 0.0032700364770969935
0.5762143844240357 0.2756231134218187 0 0.0020262224933395323
0.8209312602556725 0.9823898303869211 0 0.004996864600739484
0.07145188404735901 0.7394670828128497 0 0.004997995778848259
0.39109289497005834 0.6026438381624677 0 0.0027419760083480594
0.693514840179218 0.39544872860923447 0 0.004507482213710572
0.9054438287345893 0.9016136332078817 0 0.0027243381174025883
0.7115180264013992 0.18355198405497627 0 0.004873517705443015
0.9105061744709927 0.2728100645418155 0 0.0036705416509520547
0.09366127827056257 0.4412212359082654 0 0.004849511257804949
0.16270040996785903 0.6323970821736404 0 0.0014962082515657194
0.5071794919353044 0.2569615010898543 0 0.004994421226957057
0.9478996285619656 0.7986733249369147 0 0.004962727126926173
0.6529426593865155 0.9046539960764118 0 0.004119246967045393
0.4534786775197705 0.8967438151423143 0 0.004673107240769716
0.3321591354811538 0.22074691414595468 0 0.002373206999857142
0.24210614212666356 0.24314512058233403 0 0.000589077042447472
0.32976415657774666 0.7311385607339244 0 0.0048730705616369975
0.3273592807324965 0.32473593544088647 0 0.0021947420142197963
0.6284236775870312 0.32033583107113256 0 0.004882385566006846
0.00039183674740061574 0.9316122712747361 0 0.0011226373471351775
0.10010702121789637 0.7943248531177779 0 0.003988044673157561
0.0024967812731011515 0.9515224408033256 0 0.0009721224378515588
0.521947759719089 0.4549048806854223 0 0.00456361505417414
0.2931315984353586 0.13464942926831155 0 0.003908555562244413
0.9339118048807398 0.1967682910248004 0 0.004924729863299853
0.9756425349533367 0.7495425958137838 0 0.002540133906688737
0.5923910218777607 0.6519482020134101 0 0.004994320043903865
0.011960413248982664 0.3029197833698353 0 0.004542923866896316
0.354640163301077 0.760151995137505 0 0.004699968702637735
0.4897978609138565 0.24020770703577574 0 0.0030751459267792853
0.5123383101134389 0.7143347800493735 0 0.004995460644394597
0.41645400202533117 0.6510025868495662 0 0.0021351969285428904
0.2821655837867388 0.93255843536349 0 0.003409133146435019
0.10654200587227101 0.045760122136139544 0 0.004771549782308736
0.6751457150414025 0.9665920205353058 0 0.0049338296096245625
0.598331458341074 0.2512329627972412 0 0.003891251061898877
0.22097457836234166 0.6822604762708964 0 0.004655393156858895
0.1600922112134597 0.12612647844742084 0 0.0048269691183857955
0.3659871420648783 0.2882882615211508 0 0.004829538096243978
0.0568947254992853 0.1180776569345817 0 0.004212593245524444
0.840724123908003 0.33773136637563134 0 0.004491491267806596
0.46728712497544106 0.8371824076986257 0 0.0043653266809557745
0.6496308493071397 0.12245089455569479 0 0.004977413573812615
0.3469464943797465 0.17954415856047332 0 0.0038730148603463256
0.09804616008527754 0.9778601908413552 0 0.004997070893846112
0.38245208484773024 0.32376230825870095 0 0.004948809418793228
0.19560465844421446 0.19589821164691687 0 0.004902352961979063
0.4101188980459189 0.4974482992192221 0 0.004268161468700295
0.17079670356025442 0.7369474169330934 0 0.00328589325470661
0.45096946594482895 0.8180402759496608 0 0.003150110812027569
0.6264244358489726 0.022467621370405914 0 0.0024257419159686953
0.20922457883607012 0.4345966598100404 0 0.004119486499545895
0.9395304288344732 0.02762103289451711 0 0.003658519026575349
0.7619761325069262 0.17245473575310208 0 0.001086972925066799
0.5658287786836624 0.004565528573949757 0 0.004891678108747863
0.16821791983929987 0.5364659953154043 0 0.004504235349061542
0.6312753368191092 0.9566340939511933 0 0.00310482840182335
0.2312954936596235 0.16503968057978088 0 0.004330514331905593
0.4634968480987424 0.22164331450572203 0 0.0031442516984356178
0.5960252016206028 0.5730773804311814 0 0.004079599373538816
0.4437162662360397 0.9857555938307201 0 0.0037355565355842095
0.5881759149550124 0.33601888806783514 0 0.002015176591992748
0.11982362597419192 0.2560805647695776 0 0.0014215747431812107
0.738818156118184 0.2254704279420042 0 0.0019386119964537145
0.10620840081976067 0.07166587972205239 0 0.00447615130678772
0.8939835782667285 0.9228626352407111 0 0.002888143255469929
0.9797476204999287 0.0787762482624733 0 0.004663674416523629
0.3634924019975277 0.7237551622762061 0 0.0049899582856035235
0.309967538620241 0.033709314089759065 0 0.004612038158585125
0.5398288593014913 0.37852409423047545 0 0.0019115098625802588
0.22343008837169318 0.6978625597062351 0 0.0021102996124203062
0.928512822962132 0.07288016376649985 0 0.0048266169093080895
0.6132438192042556 0.7879800819847593 0 0.004996033081543438
0.9447350615763994 0.013202953658274612 0 0.0049822571824988775
0.1386941234293648 0.9641626369121354 0 0.003670822753031559
0.7623908896354195 0.7153973626144658 0 0.0027449990307963535
0.7509590571421717 0.3420511378920202 0 0.0049997919178668025
0.8506522199559362 0.712527477545911 0 0.004944984811706157
0.29448647229888963 0.8393631440662778 0 0.0049499028544231875
0.2750794433698485 0.16924361453274847 0 0.0049601035300146
0.48547756830767336 0.7547988641783642 0 0.004999837232069268
0.6495102055621469 0.22383022569585007 0 0.00261874761224311
0.5814368134964947 0.5006796237220776 0 0.004171494709294803
0.8187033565157519 0.54297366190546 0 0.0048744237567173955
0.2845237212685348 0.4928415618614616 0 0.00496264673495815
0.6790324804880221 0.9170947566037791 0 0.0048904039307274124
0.34597133557421506 0.06646404556221695 0 0.004595971022497499
0.027080063412530102 0.6971764884871958 0 0.0018314582717105174
0.8094903863311896 0.7043028647466123 0 0.004820904472016291
0.8242768299564964 0.9524633283266664 0 0.004791789894326106
0.9884305870480781 0.6156914059791665 0 0.004998031322891743
0.5303785720216582 0.8203358614087654 0 0.004605905110934239
0.9357400288628646 0.9472737560654967 0 0.004536233100083672
0.6942681569577946 0.9165778626254993 0 0.004930590775382167
0.17606578389050062 0.37287275174680196 0 0.004765421099672605
0.6629058084446323 0.889526596255646 0 0.002937301370373846
0.9699838275889009 0.2814585625223969 0 0.004876697762536782
0.4655771070703802 0.847408769044987 0 0.004562875754935347
0.11121863288034327 0.5616487238795395 0 0.0049433931977882215
0.617296109142134 0.3312499883325974 0 0.0047789503964742255
0.1805469681376338 0.4678954072437816 0 0.001891424709668756
0.35029575664717655 0.2855289882787086 0 0.004742181598657031
0.5709334486926809 0.9645789920686615 0 0.0036769876021583905
0.5019339615364131 0.6019116319014242 0 0.0046148628223434416
0.5661491519062725 0.4633119318229913 0 0.00380999683809655
0.05812134314290916 0.6516744143150929 0 0.0048461669860494095
0.9405264689854995 0.7011924684888785 0 0.004467738779178042
0.7592462327137569 0.35135555216320374 0 0.004928305107815774
0.31289652799882745 0.8161281530329417 0 0.003541326208417913
0.4234712265016029 0.45298030637438463 0 0.004964964442196992
0.23586693116552945 0.4165557040875813 0 0.003435731879644941
0.176838215903061 0.2929975642589823 0 0.004543288672150721
0.9067130382388457 0.2287197139807989 0 0.0019542663775718
0.39051750846503025 0.6773545510108864 0 0.004748371870976765
0.5052488501109935 0.7782651465677204 0 0.004994972263180353
0.0822588903572 0.4740140234434475 0 0.0009585956062544491
0.1261504409251469 0.6796728983377607 0 0.004299517807479886
0.8197507224632282 0.8139915140916222 0 0.003730870827352193
0.8923938820377371 0.625853372370204 0 0.003570472705177578
0.1719930823113883 0.3611128685008346 0 0.003651653271115962
0.23653404951980425 0.5457566739463965 0 0.0018692617161894043
0.7445740990264166 0.9863400433165896 0 0.0045876047299694845
0.4866169848923842 0.8353528104500592 0 0.0011698114234128805
0.5604939859798344 0.056144491251339454 0 0.0035192594450479796
0.6088982618729547 0.39570387829892567 0 0.004328097500079026
0.9404857508849978 0.23731221786189124 0 0.002416040871922758
0.32372668241083774 0.6836194323663165 0 0.004092227139351359
0.20032968403168402 0.47926798167585344 0 0.004933067327768604
0.2761092522205682 0.7091903541500905 0 0.0048831488331592555
0.8108797421634772 0.3715463570322403 0 0.004894729906554889
0.37614326337190745 0.7926677064155818 0 0.004376022162332916
0.8749521607488561 0.9709359607493122 0 0.002105789756286624
0.675833945640642 0.29778806608146385 0 0.0010707246927801255
0.9391291350956978 0.3704666565168799 0 0.002203612533955783
0.3696664222595975 0.010790943724534478 0 0.004332954370946007
0.5953784369996376 0.11083500819358826 0 0.003995986100114941
0.9461674722919481 0.7730481707318646 0 0.0023976798212529617
0.8612292581588261 0.04547368260643346 0 0.0034302734446135146
0.26794334765711586 0.23711452200207647 0 0.004352376480701822
0.5025495814008676 0.9432596979794485 0 0.004109095000951252
0.6792616138228905 0.6294908241398955 0 0.004900542507579527
0.3500131720558884 0.12995991476584198 0 0.0033260839456164043
0.8926726082645251 0.2994844271910085 0 0.004419451079735783
0.7452486880049961 0.6749845252682994 0 0.002459761768849227
0.9998850738464578 0.4965041566054102 0 0.0035966820346912632
