0.2798154735729878 0.5021404436247345 0 0.004291397467823456
0.4609618581657274 0.586736560416477 0 0.004973855440134905
0.3521870341724102 0.42235866560204866 0 0.004527176182955798
0.23690127957379223 0.17007696559071314 0 0.002102586459630404
0.4622570482512672 0.7658212549606812 0 0.004973278679135433
0.3859805793482746 0.258919691385272 0 0.0033654865702000374
0.9330617832657422 0.8973663990323365 0 0.0047994482418138
0.4152455406397039 0.6799544894047436 0 0.0034564966318860204
0.3194851864076847 0.526778458796957 0 0.0020737719033583606
0.3706664756917856 0.8099102622293692 0 0.00495767944686565
0.44287250462123945 0.7579056531421893 0 0.004952945222491964
0.6373881087098389 0.6489796448242211 0 0.0034769841339630375
0.09411828725550829 0.48933824218061733 0 0.004996131669062716
0.39118523322950877 0.6290715623026069 0 0.0028009231075578037
0.1752702747941732 0.2933503897479643 0 0.004224575105756554
0.15902482879370725 0.7055406764937749 0 0.004991974039431639
0.3430701203818391 0.9636012794771015 0 0.004629122940064954
0.7027889147792931 0.32389549356727093 0 0.0035210343047614454
0.2864016188573932 0.012772032601315979 0 0.002747233083310246
0.8362578947776014 0.6052719461357304 0 0.004768429335311187
0.30435710330194227 0.647582928291332 0 0.0021052758085875504
0.28827024883266167 0.7757360108493568 0 0.004810900875730784
0.7428665312563977 0.893728473674878 0 0.0020307571722746223
0.412248931021095 0.022231508919441915 0 0.0040574219914567885
0.259022545243132 0.7500801752644525 0 0.0027269492339033643
0.984438065555705 0.751953574266141 0 0.002356395448800674
0.3533654183309571 0.10259435902975432 0 0.004627830591624558
0.5308865819383106 0.5329625321899287 0 0.003243481923275335
0.531968044411982 0.6285117396789778 0 0.002450621363454081
0.6669140492933774 0.3187147520208186 0 0.004972591099309181
0.1020428541122118 0.8525985843084594 0 0.004999967823213753
0.48910580077264815 0.6757580468616011 0 0.004395204376158097
0.8049169317527479 0.715675431323939 0 0.004949587534316667
0.26661965032084184 0.49549462268826566 0 0.004687406490569542
0.8889707547269552 0.21742034964009835 0 0.004923530271970259
0.7552245104925653 0.8958940222697843 0 0.004638548138536521
0.7849526944757559 0.12004495399161895 0 0.004943054982305585
0.4356212129670098 0.8480899029481996 0 0.0035225624639197805
0.8021738287800806 0.1725301301894505 0 0.004624788865440442
0.02221427067155623 0.4346417339807163 0 0.0034560742258184273
0.3679696439634003 0.9234368844265385 0 0.004682895229648112
0.6739983129838844 0.0655776457200986 0 0.0023975570979954974
0.06117287812328652 0.36695814967807133 0 0.004599504006133559
0.12432209269539017 0.044418089898845645 0 0.0049162836613722595
0.3775985863726444 0.379576295382727 0 0.004641579730016395
0.5119117193206701 0.1915842362487655 0 0.004867899653489112
0.7465290578420292 0.24816868898751085 0 0.004494550433999832
0.35309443217284525 0.4987458198182259 0 0.004688331422357414
0.3972457717727393 0.2860293942320205 0 0.004721838876935579
0.729092660967567 0.6604447122121307 0 0.004498264165404463
0.7576560692573712 0.1846319432816694 0 0.0033180662666856308
0.11374087929102915 0.7192527674407806 0 0.0048986130708699
0.09518451967839191 0.353553023306924 0 0.004957418406118747
0.7955319698800138 0.8824492712710389 0 0.0012724882775122302
0.16855151486890516 0.6815218205760296 0 0.0025333033168248626
0.2550684551249785 0.07739377674367341 0 0.004020372313843376
0.3712370003966153 0.03789346073581844 0 0.0034288633938337836
0.7960177963645152 0.3865022314385254 0 0.004256358820638348
0.06347796589537634 0.545351167588901 0 0.00408880347561161
0.7448445692008129 0.02194853908494398 0 0.004015003144362508
0.8361367778910387 0.15550079881146725 0 0.0043148217169913
0.5103928517135186 0.2666157571346203 0 0.0034418958290410888
0.4670074347146283 0.8197880400902963 0 0.0037597025809291895
0.6884217552336052 0.04433987017982387 0 0.004506209732620511
0.5915461554017258 0.4984996653842981 0 0.0038213400948962
0.08976177861357769 0.29601148949673434 0 0.004094952029433209
0.8415234124058016 0.7359317552299901 0 0.0038150864941902144
0.4469326991314461 0.45483362604427807 0 0.004938707196914107
0.4662914127888827 0.15282283377931602 0 0.004996770577312726
0.456844809761528 0.8276596782071706 0 0.0049651545573577305
0.6558961648079261 0.7824303121087772 0 0.00498907208546565
0.8030555450831048 0.9397681626801815 0 0.0020283320606742945
0.18669060462361683 0.4334264360718246 0 0.002978324239512467
0.45634031866366825 0.24155910352195195 0 0.004040442743439195
0.06897541955732177 0.4972691942888891 0 0.004984443953160431
0.5666915594403359 0.871345225633907 0 0.0035938371555923722
0.16829174381526665 0.3687270537974629 0 0.002520431741877864
0.5400637599026722 0.5584051390934252 0 0.004938715248837998
0.11789874376887098 0.15519213461656042 0 0.0011754485589623733
0.7313332942562576 0.1835860941830619 0 0.00428641930885655
0.6143311412069145 0.26498748706421943 0 0.00441139849632783
0.35860647661150585 0.7950579385614945 0 0.0046477386244313775
0.8402958409086477 0.07389127809403549 0 0.004355400956602238
0.6695163137812086 0.43969761971928106 0 0.0016205856182376886
0.4400564056115696 0.2987842321116105 0 0.004423394395162912
0.48012490032477867 0.35852064890791097 0 0.004917670346938241
0.5078453947200784 0.396459035176744 0 0.004994191046696781
0.5857557410845952 0.20290419658685108 0 0.004711326171929618
0.9158159065217517 0.30383419135621265 0 0.004909436278644959
0.5609133550468285 0.17593837948487065 0 0.004822362527249291
0.856352456801964 0.25664458477408975 0 0.004939188471559226
0.7228185858396652 0.3833250339052094 0 0.004997826613324291
0.24479031014136074 0.8313459994840426 0 0.0027660810459486495
0.8204618855523271 0.9577884337221804 0 0.004032984649798842
0.41276061819633253 0.2238503349411298 0 0.004338697680045848
0.654245129771237 0.0854287617435091 0 0.004675430378202467
0.047458700349285995 0.08531330054175244 0 0.004055595329869297
0.2219264101933157 0.18187746748198383 0 0.004550179210340928
0.46105326385720563 0.44361157479889896 0 0.0042922050559036015
0.32139037746193794 0.6651982525974287 0 0.0011747625032288598
0.47316112638711644 0.8276010815669063 0 0.004276731461204124
0.055029785415734764 0.8157004578787039 0 0.00456669150168294
0.6846750382081007 0.21143550906254036 0 0.0033528190023502857
0.0993609808921214 0.4994463426079498 0 0.003000038769080639
0.23012348124130697 0.3715306946181752 0 0.0047087209701105045
0.49182318177640455 0.37723770258961026 0 0.0033688846244808775
0.8373485918137864 0.9213521185655906 0 0.004987880518614646
0.12454620276889082 0.5315407307796075 0 0.004990725076003246
0.8585600810044275 0.9443377410155601 0 0.00438922022614401
0.2031188326606039 0.5086163384622363 0 0.004929209293991151
0.8941030260354601 0.13939824654229113 0 0.0036724177055099958
0.17113153939073697 0.7590197657631169 0 0.004143896707013089
0.28112990725890025 0.0846213111063444 0 0.004911310143065409
0.8563694513070259 0.9740618565948355 0 0.004865734897078886
0.9761610842747982 0.3560773478097046 0 0.002852915300731392
0.33239712556395423 0.33366006265422715 0 0.000821896637773826
0.24540980348190553 0.08141122502490226 0 0.00496862582499616
0.9201786787775871 0.03758353241023292 0 0.004987900815111251
0.7693611854850376 0.8297643785590785 0 0.004180765463161853
0.9734481914573239 0.8602205489070633 0 0.004983066214966834
0.6809344008081153 0.40836879573137647 0 0.0048194486708597805
0.7893131842021357 0.5056416992771715 0 0.0031247180611327454
0.8438796406071101 0.11515981562352572 0 0.004201163448657716
0.1445947143908833 0.18451404111547218 0 0.003963467187333084
0.6851184297999521 0.8118235567893329 0 0.0031257341063146617
0.1379608409269669 0.48563265249667315 0 0.004657540233468615
0.06455776425041569 0.16943323890533832 0 0.00497061244650377
0.5549583553310145 0.03319148056008579 0 0.0045158784689910214
0.8732139704449594 0.4697957831256529 0 0.004690794200740254
0.7082824730061881 0.5702888129941442 0 0.002056825502503055
0.4437931429885868 0.3974149842747499 0 0.004785441632545313
0.31017815615536265 0.6384756750670029 0 0.004118397522884022
0.2038956209617033 0.9606638554627804 0 0.00381816135997038
0.3722551464136212 0.2714413733337074 0 0.0034315866211134596
0.6428734073527362 0.29278853928960474 0 0.004998496776511635
0.2935282746949645 0.6049229655137056 0 0.004439152697133963
0.7872536989367307 0.00484964658301878 0 0.000914506448944947
0.09020282721303262 0.8211652806870964 0 0.0018755025133399095
0.8782514201717256 0.9340175188156193 0 0.004991344968338052
0.8652917347707713 0.962184543127097 0 0.004602480261168496
0.43480807251113435 0.06953828722061649 0 0.0036996188530514554
0.17277381747211037 0.17843855003099005 0 0.004970934330035097
0.1229746349640841 0.1314051531866379 0 0.001416220796093323
0.6809729629361888 0.6777674326155871 0 0.00438556541011736
0.9850680336035147 0.9996758851288683 0 0.004571470235073041
0.8750024619375161 0.08150531675934268 0 0.004986686535657862
0.23647916844563796 0.18717968435354868 0 0.004999826813486611
0.9806917480554338 0.509278511891362 0 0.004716900731383851
0.588807678002637 0.7150898040554541 0 0.004803759689199581
0.4895301078076893 0.7464182262713024 0 0.0028658642193654287
0.599833873157085 0.9123584605253665 0 0.0025254377647604283
0.21339283823288754 0.9267656783621038 0 0.004877942639845198
0.29602623890879504 0.5700478896953008 0 0.0049003500510616214
0.7802773529398034 0.48274389844167603 0 0.0040994446561646745
0.8679107249824445 0.9486059053910656 0 0.004938857248840999
0.8786036266822467 0.19060925573758988 0 0.004907193663208048
0.15753177152440787 0.4066167271919963 0 0.0025264489450533057
0.9140020498367749 0.11300548502852724 0 0.004777564359164712
0.7868541545964217 0.9965837490896337 0 0.004278476002697077
0.8930632668536338 0.545616522060481 0 0.003564411546624497
0.6294722236081792 0.09760489908333923 0 0.004997424632954553
0.4468758082305167 0.26259645661476333 0 0.004916944174324493
0.1887748252855644 0.8154714163415181 0 0.004071877761057563
0.9056655561714673 0.7145995835840595 0 0.004997862406695258
0.7584055045289452 0.5257730802739794 0 0.0044737658455996495
0.04458153153949161 0.5512371985209712 0 0.004263383699416054
0.23349207287422788 0.39753021955276585 0 0.0043737227658657875
0.15512715516390904 0.5318086801790751 0 0.0021268762875975775
0.2220623287625577 0.5719042681875292 0 0.004116179898279411
0.12278940214082255 0.2524597712022451 0 0.001988838542942126
0.16124913394436322 0.2033328685195351 0 0.0032283592965456813
0.3155871817076245 0.032328371005422726 0 0.004894018543363356
0.11747778954476072 0.9605632097769772 0 0.004987544893747973
0.5257381984481732 0.35623442286617774 0 0.004708213717736645
0.3683506259484795 0.12922362407161134 0 0.003900151467107658
0.7527533717210686 0.7991891257921931 0 0.004999829708017025
0.49779420649587763 0.9648542090236455 0 0.004784962250287691
0.6791721777456489 0.2300239876515142 0 0.004139359609864262
0.5015934930854997 0.6362289236861581 0 0.0034365554671177564
0.2594415562420323 0.6813119992056159 0 0.0015391914001623354
0.47054632282644243 0.9543662008718052 0 0.0026827176889423635
0.2547164795714521 0.28518833097664303 0 0.004346909346737349
0.08841614005867791 0.14221149611746917 0 0.0024820745283660804
0.5775446013995053 0.9287339688009555 0 0.004993298040333462
0.7521481697068179 0.8604046823575062 0 0.0047176926283589715
0.8501915779319525 0.3667216721721555 0 0.0009326569203795219
0.5035807348228193 0.8150429814950605 0 0.00463851798928647
0.5048751093556312 0.9464896058965765 0 0.004072430688930909
0.9017997297423478 0.8554971287000371 0 0.00399524626445742
0.7917812365819107 0.5355910238037119 0 0.0049413160628381985
0.6337268074118019 0.7093352037260247 0 0.004999407251555007
0.7551055846164666 0.6447288666398717 0 0.004129774045164036
0.00279803818740298 0.8199356053027921 0 0.0035738547515364407
0.2619401848567618 0.07659347063067222 0 0.002620872972577327
0.7492921060439764 0.5511341789556612 0 0.004098129826574437
0.4700066096014 0.10553679214877164 0 0.0033130344496016275
0.9378363270416742 0.2711871848933212 0 0.004873996144186374
0.14120961517523142 0.9291460943389618 0 0.004516453807247143
0.7479168715495956 0.41757552897651257 0 0.0027711318935352866
0.7162671092768884 0.37499136116069337 0 0.003582547304434297
0.7707468664576994 0.880250491218492 0 0.0025905188292190072
0.7809737868013378 0.19860245406786378 0 0.0015149102170753214
0.7900621138506715 0.2574506722639465 0 0.004800522629177012
0.24592322688072718 0.511015605809873 0 0.00356147025549749
6.892471884356164e-05 0.05738168033366263 0 0.0015012846643204971
0.5192103515957113 0.18297460343081393 0 0.004700501606312686
0.08792141131851282 0.03566214838436198 0 0.004997311850719073
0.8430187781484624 0.6585146454841647 0 0.002610484379117728
0.6312044472521466 0.3339190361618622 0 0.003362214787393508
0.04685810210110351 0.7161296738518887 0 0.0036394290164332354
0.646817124764213 0.7583152050877258 0 0.004987007014457487
0.1726510958028392 0.9041150064662193 0 0.004999986446448127
0.4920221963247679 0.01861623039097337 0 0.004912304537856176
0.9410271697645632 0.34131193268150545 0 0.0007153827086012186
0.5462437393182363 0.7333774949920034 0 0.0030141319181548193
0.8679168440165884 0.5136347839293917 0 0.004998053404423528
0.5610834688320683 0.647196457501296 0 0.004892603178331056
0.421261594143079 0.5231101840745191 0 0.002731807812969036
0.2760807780253515 0.9621669539522042 0 0.004353720223795679
0.9078918767283963 0.385274974639698 0 0.0021614472377077705
0.9476894628954813 0.7166037128751686 0 0.003531043047718579
0.5055964057305915 0.08992010714656427 0 0.003130890688188591
0.2649511936985676 0.012517361809599052 0 0.0038201302540058876
0.8415594868141413 0.7247328427500056 0 0.002782973369093852
0.5308037835776945 0.08136438214866802 0 0.0047889467449984836
0.39599586569435946 0.7161746227480947 0 0.001445710502188081
0.4383268618799944 0.36376187081005634 0 0.003354735427830904
0.9327663716288629 0.7747353428924574 0 0.004169410166365695
0.6050395185807326 0.443569131324207 0 0.004779548434521817
0.41212417869239076 0.5252958854013987 0 0.004323303223250601
0.23948146022269953 0.3501213474890124 0 0.004986556635648286
0.5680079464439655 0.8253340382571931 0 0.004920330951028835
0.9362969923784261 0.08045977813871573 0 0.002255054206759043
0.9052627308526295 0.40783543161975205 0 0.003721831034045723
0.509791363079605 0.9728917760623533 0 0.0037100902930293123
0.31490353238131713 0.10417694641351537 0 0.004883704765517058
0.47179955462878304 0.8822225270308327 0 0.004200352786346636
0.7318046370493126 0.23978481055312603 0 0.004992493922235374
0.18614475588794097 0.5704209861769227 0 0.004998161368691872
0.8491985501998791 0.013063253922766964 0 0.0045718690216031265
0.9951770941263406 0.454303994086894 0 0.0014464678683472625
0.251913342302675 0.5610316952144516 0 0.004812966984756794
0.7101440649714275 0.9582546012093477 0 0.004390253737660821
0.5044403598849863 0.576582564768756 0 0.001937993901272635
0.9998324341727572 0.13946824251887077 0 0.0018471247853482926
0.7051583249084904 0.8470024669818638 0 0.003990253235950911
0.2201020238622405 0.6833885128292161 0 0.0036332776745391883
0.8145289820021447 0.7439642078019321 0 0.004159236894225772
0.3997788566465222 0.9624164452704671 0 0.004924023697317057
0.07243422736752979 0.024434628450996525 0 0.004695745105791407
0.7239326358989758 0.5694265504066077 0 0.004800978710961053
0.00015200774910550504 0.04645955472412898 0 0.004701059829302629
0.2669512757926506 0.7944999060364888 0 0.0049622211128838465
0.6672632275274757 0.976871387321364 0 0.004581634759903237
0.08996142204482004 0.4616443184102336 0 0.002957935849833797
0.3726029711892825 0.18689025613641605 0 0.00345455469914407
0.4447877466367279 0.6671195810824775 0 0.0034227321002096127
0.6570186641697753 0.7093997488568632 0 0.004906168812278205
0.8859484704919608 0.10549344093976586 0 0.004923105261730106
0.039874185048137875 0.91573668202486 0 0.004976658519481755
0.08848786230266091 0.24362628126235383 0 0.004997914889469772
0.40833738510017775 0.8656052482653207 0 0.004593435151436194
0.6610089161365805 0.846039937300742 0 0.00246421757056784
0.6794963041849904 0.9777525976921994 0 0.003367449109657052
0.6091322567513725 0.1720715263173863 0 0.00409678293513242
0.8367249448378656 0.017098310509315866 0 0.004326329007916244
0.08402902542653533 0.1865483201930581 0 0.004233564402202372
0.5411560622083922 0.26847805217594306 0 0.0044995902132325205
0.1812582126593549 0.1244968470713984 0 0.004780706065085848
0.0038584881645335974 0.3578106219714002 0 0.004965121267600648
0.9437033720601722 0.4672329086308424 0 0.004639745984509838
0.8355274121287831 0.6232692476471993 0 0.0016584765660327958
0.49298576059951366 0.05183863608786908 0 0.003733304486167327
0.6479971181036084 0.9919860095401687 0 0.0049817513594306705
0.6770009120146705 0.13608682351837684 0 0.003978925332617321
0.017483401411004677 0.8739146824180348 0 0.004382476139220166
0.4019710497584818 0.4197264002880648 0 0.0039333154517986165
0.3014443582077196 0.5816857734595763 0 0.00453474241194829
0.721822309773472 0.6927363224321385 0 0.004535090777581601
0.6082545702257122 0.774782357839832 0 0.004988565168368943
0.4946473250976167 0.4381109180190013 0 0.0038999128060488173
0.1925475745652678 0.35933471484005347 0 0.0007526883594460667
0.7913298274652041 0.16678584700974539 0 0.0033551976850643237
0.6117870747899571 0.1818712928313629 0 0.004914086224099164
0.8956652884268331 0.6099699894348223 0 0.00498686572809824
0.2707540673811491 0.5370903723204672 0 0.004148664772481659
0.5269257138937685 0.6652483241154402 0 0.004158283172667309
0.2972161502559389 0.767241720472582 0 0.0048619372857082194
0.22094850357753734 0.493834334903605 0 0.00470938460734999
0.5227727937185516 0.44067529452200643 0 0.003116261617492349
0.6071974534182029 0.40537403720902304 0 0.004999680471859554
0.4007945783894494 0.4833041487506285 0 0.003440245961868118
0.280455823093025 0.8367312016740306 0 0.004751125422411916
0.8344806749630056 0.34365302184098095 0 0.004872483762887109
0.1482595425888816 0.6077513120744941 0 0.004095379111006915
0.003223925575014936 0.08423071514698753 0 0.004998212849864108
0.13277020598372255 0.07428039696713538 0 0.004891970321654776
0.5744404772833844 0.334730362150466 0 0.0049401155892862475
0.6703640725073386 0.19042402446414128 0 0.004203177537904657
0.011156751360113619 0.062277476018704134 0 0.004963489487689115
0.6380530952586952 0.5393104083046026 0 0.004097691800839555
0.28327095902200256 0.7049028167439036 0 0.0020637704592075855
0.3969830375205577 0.21081875356922827 0 0.004997586754596346
0.7256313584594003 0.05403670319867625 0 0.004206065425870126
0.6716995212759809 0.6365701999105235 0 0.003307554794345742
0.19278744240294007 0.6510925878933322 0 0.004543213384102631
0.09899920117149362 0.2589286752109093 0 0.0018911277206273402
0.0641400453823424 0.3212143349582614 0 0.00499641013505012
0.8846377425149546 0.46095282238069185 0 0.0011066339318582252
0.5505784036545291 0.4174575570004017 0 0.004648563007550226
0.5938680834806682 0.4889485917485747 0 0.004852434264210765
0.52146966060507 0.3708701445018781 0 0.004605735764290841
0.23580829891820462 0.6084546583047349 0 0.0011567798984713257
0.2744738070384832 0.31629974661533905 0 0.0026594085366659494
0.4086877992762736 0.0738337400655401 0 0.003953857987067968
0.9610699316824171 0.4317600119358152 0 0.004634625930163864
0.38214904394966703 0.21042637067452594 0 0.0048400442359426985
0.6806858623165037 0.6989251769268275 0 0.004944700968857701
0.4859869663366468 0.07923678465666194 0 0.0049724747807907985
0.877007023284993 0.7364302024953174 0 0.0049959323813321055
0.7822436941256543 0.7866186069117327 0 0.0036192674287545126
0.19407052105535724 0.8801272608035975 0 0.003486778219206922
0.48838034904076194 0.2148636580194224 0 0.004826221991083716
0.8705963331376558 0.5725885461962812 0 0.0038004893253039246
0.41089261913738045 0.6934083553835233 0 0.004448349054386182
0.7653314758225115 0.5099393252519131 0 0.0016102366337871065
0.47910835520073375 0.9145731538819105 0 0.00481785649615953
0.8250838374075412 0.574859451350393 0 0.004262917252959175
0.8962519016101723 0.4105712160234459 0 0.003009840307597528
0.3081610516893945 0.31535843229306265 0 0.004948859273555542
0.03498396184123363 0.09108100860263367 0 0.004006905413256765
0.18020543042752055 0.7274557833768034 0 0.00451512423285012
0.2599952465220767 0.13199327411813785 0 0.004044131713584087
0.9868865796492774 0.2904977382900044 0 0.00449637905559208
0.8246356533038014 0.16548863402595113 0 0.004806382900611304
0.7272257305390861 0.6249513451194598 0 0.0031998318837368396
0.4079255854743337 0.1860221282429758 0 0.00439642389632201
0.30441081485649163 0.8743631214005964 0 0.000954194031084434
0.18984200685615235 0.8481398721784663 0 0.0021058958117048713
0.43232827464041884 0.2843929372097807 0 0.004651896195665933
0.8077794500213468 0.20870291219056344 0 0.002755826176606065
0.46811472462679166 0.9181701789901964 0 0.002253095769057827
0.5782542721321405 0.16678814135552975 0 0.0049760480179230175
0.8278525593834805 0.24413623610194787 0 0.0031871015904227362
0.5771619754758922 0.6237590744549848 0 0.0025786434109271736
0.5606219319574337 0.08306236691740497 0 0.004999856377903488
0.5445837520428936 0.6954199365814001 0 0.003944734964125297
0.37798696913451973 0.8827466043973142 0 0.0009563950002201597
0.25241970390155105 0.05190445314382318 0 0.00496955554647288
0.7615656435041387 0.8621365687109317 0 0.004124140001531757
0.2771445680329035 0.515737037741071 0 0.003085941374115695
0.9199082449371259 0.865863803559731 0 0.00497965778781931
0.5700686885128039 0.15171447285036796 0 0.0036224942548493564
0.5889860775892802 0.7689751574559163 0 0.004399418445325061
0.6226327563664047 0.8173684656620227 0 0.003339954974245586
0.02070942174753542 0.315671223296115 0 0.004906896205743563
0.29734988805531587 0.13259505671868996 0 0.00405098339577137
0.9281732826044596 0.7926101145703495 0 0.004999999955067785
0.9350004320150334 0.4291513897283255 0 0.0012780755906388302
0.5796311985830528 0.7773723807673165 0 0.004785732127369487
0.29141152947726784 0.26898798679305597 0 0.004034242922233695
0.6865890399236484 0.5087097205243437 0 0.0016730018703576717
0.3491774143776745 0.6077555853862376 0 0.004969881207947836
0.3600078710901689 0.06462674251820087 0 0.002884616560123814
0.6217280804368812 0.11295614257624108 0 0.004330220119055366
0.49723655459349975 0.03806334012212763 0 0.004999935052996453
0.22541291916789916 0.7220622926587276 0 0.004947956508759606
0.48792984102769305 0.5217281338365917 0 0.0033988074827139576
0.9427306078346033 0.8815634617925188 0 0.004104026114765277
0.37189738381609666 0.7212922127178206 0 0.0021217434158711883
0.39579049348729173 0.6810817106510297 0 0.004667806179201872
0.33841091214418023 0.8041121603066046 0 0.004966955168410184
0.0640176458601399 0.531763486015257 0 0.004975455447205312
0.26884594127932965 0.24976919756909674 0 0.00479909936578638
0.2359854234010513 0.8101780151319169 0 0.0027456601083960287
0.02493467255090997 0.41044675696118976 0 0.0019756594738855535
0.16951681174436325 0.6954511059795221 0 0.004697651191121066
0.24459587319418383 0.7100389997188422 0 0.0041604848892122905
0.1878865460700194 0.3144248252183542 0 0.004934839125652321
0.9144363529518701 0.9680444515521033 0 0.004233794092208409
0.41618445554353817 0.9055025798996055 0 0.002034372884000018
0.8525437803676571 0.8848313184799983 0 0.00489719869546523
0.7070214058824357 0.2516643930927635 0 0.0049648198358207855
0.2273079748854324 0.31054758226052087 0 0.003263420526303138
0.4342059078947805 0.6970591236186774 0 0.0036057726668666233
0.8262468960844151 0.12455017253519594 0 0.002731851877906805
0.43292711129382305 0.4493359791468982 0 0.0025871405542267577
0.7569984548111511 0.8175588805822039 0 0.0044288499091684405
0.9178269211985084 0.25479745715674834 0 0.004600712943670053
0.3963876694148966 0.1357089235494293 0 0.002810397181128105
0.10204771430195557 0.023839439354449647 0 0.004999950222888807
0.38043739669963655 0.5545801093446934 0 0.003846128375551253
0.022252165003503015 0.967222110166972 0 0.0028872155258707734
0.15489491766625849 0.9249352382509914 0 0.0017282199570805847
0.4042741740858032 0.6296719365457722 0 0.004874287625959561
0.10695119753222503 0.27681796458498203 0 0.002571767264548504
0.906205848813298 0.0762689896404196 0 0.004522454873830504
0.5430302871265253 0.9861165083576555 0 0.004521953631217166
0.3808200850377987 0.4885389845709303 0 0.00454184546592678
0.5453902265168614 0.1725891434057932 0 0.0044522992822902075
0.11229000214881789 0.6061034342142394 0 0.0022433735736249417
0.7218825621791727 0.4007320398518354 0 0.0036472313680601617
0.9406346456682277 0.1653539261919542 0 0.004713126847430419
0.16105081634664084 0.28790117251117414 0 0.0038737020930962626
0.8848198527012906 0.9891744175555583 0 0.004928025471628541
0.8261696451189425 0.024428866075922644 0 0.0011886219863194113
0.779294804405515 0.6532366867477185 0 0.003077623907135892
0.7853688645186845 0.18256704238798102 0 0.004108522213849574
0.8393551174638452 0.1982352432626022 0 0.004114729757297851
0.5353437647699958 0.8794526344191516 0 0.003693587028428003
0.172629107436112 0.4362585055490839 0 0.003468593979684686
0.10078213109442645 0.22463061778829793 0 0.004807202891367625
0.5860371064824054 0.08808294527071757 0 0.004735439486209681
0.021661834998732858 0.5476422120637848 0 0.004611811134190771
0.2640843034258457 0.46971348718979883 0 0.004957685955845628
0.028258814608783316 0.8052525780868232 0 0.004437918136812755
0.07495483162441328 0.6358234223256228 0 0.0036896595815252065
0.5743776646324784 0.585457873266458 0 0.0046994445982717166
0.200627882254058 0.9247375456399175 0 0.0029861065913123746
0.621259031772616 0.9803413857460408 0 0.0033977859724048562
0.05962433345007288 0.6872015987319056 0 0.0016454172136981472
0.42497383630099445 0.4796466285890438 0 0.004147200058131834
0.24226399852876 0.873632623514523 0 0.004208318094875549
0.9297842245866731 0.8410632759903115 0 0.004363328694463619
0.9301160213307853 0.8267406207965942 0 0.004186505816367302
0.2693830321432448 0.11674192110201274 0 0.0028087097428230678
0.786835712742434 0.7013284898521887 0 0.004573050251795901
0.3083378832650951 0.01731144806362383 0 0.004872871750812409
0.016003751843212337 0.6918736977734065 0 0.004954907465436598
0.11532903307268004 0.9058781421290597 0 0.004258207868583042
0.5578876419125651 0.34392394313740954 0 0.002297104615477984
0.9600601511963027 0.754519868966339 0 0.0015213774330619715
0.9743130740152531 0.4343564402204249 0 0.004353468661046349
0.880385833311767 0.8537311895380377 0 0.004209287256722648
0.06779964188324693 0.743486947588906 0 0.0042560475587925225
0.3046956954495558 0.8118704262536003 0 0.004454787143929054
0.16527353779077456 0.146378312261725 0 0.003698940010337521
0.23847418287118513 0.44934985937892197 0 0.004431902276609696
0.8103618781117861 0.13892682904525586 0 0.0031146730759641326
0.11603132277939897 0.838761783804789 0 0.004794325268984968
0.6918909138027566 0.8558638963178395 0 0.0020709414998873353
0.6784839841686363 0.3746888959789854 0 0.0024027954610249358
0.7121988727045866 0.6920151623413767 0 0.0031029678823322675
0.36397195569150415 0.5184433593777644 0 0.002324678033440681
0.38475582151213455 0.24338244028798525 0 0.003670139672286073
0.036486100656815554 0.8837584164033516 0 0.004733105523865094
0.24563381318500419 0.4950294256715207 0 0.0031721551722162784
0.8091805796201531 0.09910410143904479 0 0.004434774985123093
0.2733670733799782 0.1539643281883217 0 0.002065153199866919
0.9899954476055793 0.8813810060338644 0 0.004819109200937541
0.6629108506153574 0.9947068482104082 0 0.004065705970735137
0.3660768698302976 0.6912436964697303 0 0.004970740136572643
0.5660808286254528 0.5094180503439845 0 0.0011146653392510612
0.6231737450865489 0.2162173005128569 0 0.004515715324588052
0.4754099421515015 0.6074302636023621 0 0.004859338023420829
0.7557320895165811 0.46801925759080437 0 0.0027512627392110587
0.8116243173432129 0.3625263648088713 0 0.004177384514042387
0.8005416113801781 0.4148107497940579 0 0.00482764330455014
0.020820428567241082 0.6157531110433676 0 0.003849996815338841
0.19702627215514942 0.3850955328937246 0 0.002786140233139021
0.4092723331336637 0.2853812924309596 0 0.004896291398144229
0.37628152329492187 0.8518639084085831 0 0.004703561543244714
0.5230837363028896 0.10963611153939166 0 0.0025957797983484398
0.5683969567604541 0.8880092437107704 0 0.0045192725668019304
0.6176813397793286 0.935245730736559 0 0.0006658203388241876
0.9332436450057219 0.8100176433042355 0 0.0044596446190850025
0.9403465755305337 0.1209348998336248 0 0.0049039226762863965
0.0841371460763135 0.5807890448731248 0 0.004648898595115938
0.018380801444969556 0.3430357223691241 0 0.0008584459238649675
0.8834919628107039 0.8665659129730526 0 0.004157751562245353
0.8802613757529925 0.9101110629934673 0 0.004845854641577998
0.9034271110514492 0.02318997646686493 0 0.001544670375342617
0.9428963567859141 0.6965462134440827 0 0.004982616346578781
0.7563099991115483 0.08361167301221926 0 0.003957767773949348
0.9812035833286729 0.6290315253107349 0 0.004830869715393151
0.34251442784803315 0.2312456613442204 0 0.0019421840824343293
0.5946860732232643 0.8155065479261749 0 0.00498955833935041
0.7096601576079757 0.22366132541138548 0 0.004768133478339073
0.010946216322843642 0.12955395870585337 0 0.004007609768452848
0.09427430869142327 0.8070206880082419 0 0.004851227248573248
0.5682682188237906 0.4153762548385795 0 0.00238034138541255
0.8803849954755852 0.28570841168091227 0 0.004519077920156778
0.4689318891591043 0.3382040035337928 0 0.003331159147210405
0.8658177333532247 0.10337862574672806 0 0.0023557019033667416
0.22212339727942096 0.7481659767958218 0 0.004771584339276647
0.049966326977618145 0.698864779936413 0 0.0038794888419046098
0.2997957045408815 0.06691141384176512 0 0.004890664637260324
0.30918263916509775 0.7813375757779533 0 0.004988717634748108
0.6188698969344643 0.7660520338042394 0 0.003189514318203895
0.5875224709740144 0.27873483992584774 0 0.0042230205187982406
0.30847285292694165 0.6035822549241868 0 0.004969854698761071
0.2692900424975219 0.21227245774645917 0 0.004025745416017012
0.06193453524473068 0.9510810615610426 0 0.0021263008084076492
0.20342117329142625 0.9368391867740603 0 0.004756366965040453
0.6229171315072002 0.4171352141994025 0 0.00499620956303402
0.6602847321262717 0.5006919290929311 0 0.004841374635130248
0.501135670535446 0.30998008415204276 0 0.0016201389623359942
0.9120026264797589 0.42592405079177925 0 0.004820402539917347
0.08305858590981217 0.7072774192851852 0 0.004516534529990113
0.9102713016022478 0.9310500032057799 0 0.001730626556359473
0.5080565379967162 0.7541431257056023 0 0.002593557595790662
0.9961834146842466 0.9004401993370669 0 0.004712154838534553
0.47262029561586155 0.19599832562295513 0 0.0034961285389515833
0.5321496467479246 0.7825007043497066 0 0.003648021633233134
0.10558294868530003 0.1280835727364081 0 0.004902247508950076
0.512924042357378 0.6102039292194555 0 0.004975348842616773
0.4251473542813728 0.6684464185378018 0 0.004726653699922265
0.17325257821680282 0.561502915498334 0 0.004364806195992706
0.44600911922350034 0.5138617326166662 0 0.0021849434793030655
0.3493764029716531 0.9270937823683579 0 0.002808451272903916
0.7468484579453035 0.32331126388624293 0 0.0037804522842900573
0.8026672838733064 0.525794993613149 0 0.004983690779912701
0.9153099855031746 0.5378459913805317 0 0.0032454942993800986
0.8425574154067492 0.6190050191615817 0 0.0037331828425814497
0.057425260508193396 0.38536963348420755 0 0.004692724291203713
0.6135248955057452 0.6620029092178513 0 0.004284595250853979
0.6995530590119124 0.05078030869758342 0 0.004773274838668207
0.6287674141191585 0.26611173281126693 0 0.004993690317899001
0.8545247394334563 0.19176820326428254 0 0.0024784799268674465
0.3110380243548519 0.09331213784194047 0 0.0034476949706741047
0.14579285851425436 0.41636110773585616 0 0.0023840946107427626
0.8294098725501489 0.5625772087264228 0 0.003164616171286911
0.2391245823610145 0.5549040635534223 0 0.001949121287635752
0.2261916219965274 0.7706181995179225 0 0.003937777162119066
0.32874626010044 0.2852612925538734 0 0.004760995969236933
0.9010304439848896 0.9967507710636674 0 0.00480598012298806
0.9607284377097542 0.06051046711664053 0 0.004327524638409306
0.09415229786001565 0.8395249550723387 0 0.0038983532542724306
0.3358129971593364 0.944658045184398 0 0.004269713626986069
0.5979038968584294 0.37634710484743766 0 0.0047324151267822325
0.44586262941830884 0.9866562466714119 0 0.004918176360010557
0.5442994736418634 0.6042045363908651 0 0.0026225769640100902
0.11181198133959723 0.4771175902080283 0 0.002301862835736506
0.3613612166750541 0.398513949475962 0 0.004832961260181042
0.19483721983446153 0.3021494398467612 0 0.004857326841659286
0.6583607688208978 0.3305930875826894 0 0.004891676759952755
0.9921144478039832 0.41461586046412474 0 0.0017136613899889242
0.31697175752190604 0.06980502878681526 0 0.004969824731748108
0.07557653138940366 0.7693740104987966 0 0.003676677033570664
0.9430333918124398 0.394640831389151 0 0.004309443054210001
0.047189958160931175 0.6605988539365767 0 0.004996519546290238
0.4688260377803664 0.682987720136559 0 0.004808609788778819
0.2321102021363138 0.49033955960904446 0 0.001284794164058755
0.7004991997016343 0.7683684620970674 0 0.0045825588878408525
0.9001878825686717 0.12954539589234934 0 0.00462253497508834
0.30232828142806717 0.4341585295617166 0 0.0049578503607586285
0.9639493969912796 0.272269314541209 0 0.0019056036866700792
0.31994239321134926 0.9801853303662404 0 0.004296919404092732
0.6245515258182369 0.2344142627941603 0 0.0015422512977174188
0.044518166706591686 0.3271546196278154 0 0.002530406846766627
0.7919694609863054 0.061602320107364314 0 0.004874847589000101
0.837864431137933 0.3004619158235033 0 0.0037939392305032364
0.5188471692184893 0.992473116627293 0 0.004898184976118176
0.7323177564416079 0.5851216801662055 0 0.001819901990993464
0.4258196407423283 0.3716792385429794 0 0.0024274011712370615
0.8824243120318889 0.23027456655416342 0 0.004920261127111276
0.5486005489640371 0.38057378282075943 0 0.0032069728122068298
0.7136559748478631 0.7332337224162818 0 0.0017837799917738584
0.23251429483097727 0.04957700101788552 0 0.0027644405355240166
0.06544728150286215 0.27705980164249183 0 0.003419195225249431
0.8349458928805169 0.4142383427486473 0 0.004980475042966495
0.4534316093470971 0.5373665919985534 0 0.0038998376663215454
0.7927297302872767 0.8960685822084872 0 0.004526152031536046
0.18617397284381274 0.21342166028323203 0 0.0012877457350087987
0.13297453406269275 0.8081809665886461 0 0.001972633762358407
0.7663271285696251 0.6162085903031779 0 0.004299041661511215
0.05629472166401038 0.5844820584743071 0 0.004988120451141226
0.6697179102940557 0.25113999472227294 0 0.004934196768225317
0.9496678351848294 0.3508839451951517 0 0.0046777396344702725
0.036981514782001054 0.516009111343387 0 0.004877260393903795
0.3979857825386444 0.4999073344276633 0 0.0045138786085041896
0.995979021392947 0.08630957614398603 0 0.0043486020392143835
0.9345206352329598 0.9915202306148448 0 0.003562499935054142
0.2244727536197317 0.888062868190742 0 0.002844865810332797
0.8214964812010064 0.08436001697961514 0 0.003802425673140265
0.5826409677864564 0.7522033351995852 0 0.003974724106146134
0.825698770050751 0.8356956996146585 0 0.004531848603342597
0.3132095791955028 0.8028613912479389 0 0.003185014340459264
0.11601111958310405 0.7661588301355516 0 0.001624211586494622
0.19626552787006454 0.6975882516158314 0 0.004999996279824664
0.41458266490693957 0.24060469605055165 0 0.00497958083905257
0.6886969487641051 0.4499050986122201 0 0.0024353974781098483
0.3473328526879423 0.5112182780968074 0 0.004128500720110477
0.06691631748677439 0.8814714236678416 0 0.004846915218955209
0.24424660075332058 0.6904866776355405 0 0.002294701118826468
0.3208255099939434 0.2227340688625606 0 0.0039071809850277075
0.8576805259851793 0.8571590595422622 0 0.004873593198769302
0.41236823679381457 0.15882293948881362 0 0.004946907324072238
0.23881686121552956 0.2980502980944911 0 0.0026537726086396105
0.33325778971480663 0.6647814265662209 0 0.002924957783457214
0.292378401215662 0.8614629694360112 0 0.004982422658393704
0.7214048799442482 0.8174770478606005 0 0.002181392847303731
0.31047024445299637 0.25182279422688053 0 0.0048202288999507
0.48274040258374346 0.05737655150556707 0 0.002125508820265033
0.17318713531497373 0.20329333223462562 0 0.0042643817014402785
0.15014626436964204 0.9916223337723412 0 0.004925543130364657
0.8068944310909449 0.8011092692759475 0 0.004907655587347253
0.33660580341834084 0.18954597497632972 0 0.004839904213565444
0.8700207551905159 0.3347150527183323 0 0.004797700610687028
0.30070232806954805 0.41868216313848244 0 0.004998678867209156
0.6284231157393916 0.8766957881832632 0 0.004209979972269824
0.8447919645243664 0.1508859996047673 0 0.004456047026739439
0.36670376582792535 0.5407858333378871 0 0.0033750187237685716
0.3516570149110075 0.26340781303961086 0 0.004730565633142227
0.4102444158334439 0.9535026872071265 0 0.004855713580039973
0.9045666220321814 0.36591439535724385 0 0.0024734253521159133
0.6910153843244021 0.5982348208749353 0 0.004862811151065947
0.11433288729140088 0.165628548203653 0 0.004634823299079484
0.7044944756831166 0.37507364223242295 0 0.004886944020591268
0.36083515470707334 0.8873375166682306 0 0.003435294332968726
0.1029180867858268 0.7624823969585477 0 0.004432138140905893
0.8116587616120792 0.46447821172463893 0 0.004646209181455313
0.07043232258001585 0.8670686904803682 0 0.0038724025189920707
0.8307744064930153 0.5323466255931475 0 0.0025623689476334762
0.3399774341518715 0.7194076610261031 0 0.0019485102621285178
0.9714801843195224 0.48706980796173177 0 0.004999963945750937
0.4815670373568803 0.483520112826374 0 0.00495555557055451
0.5162190489354267 0.462790531340808 0 0.004949928298320615
0.21732751210679366 0.9985191043799199 0 0.0026463335976806505
0.928338302218418 0.24010904228771165 0 0.004783476002216414
0.1297104720244133 0.5121230523632047 0 0.002564623252430946
0.18207963338635477 0.3282493459067311 0 0.0034583615487092764
0.21296585147583877 0.42841410909357897 0 0.004561776876535614
0.5375930701210845 0.4946054599668572 0 0.002624974795204772
0.8473751479069122 0.7739882130743548 0 0.004288177167898655
0.3801894997720902 0.6023268814376622 0 0.001456757995776065
0.7675502532009402 0.6970891652496214 0 0.0049518957288941495
0.025254315523765218 0.12440510033816231 0 0.0034940916105627062
0.39741146044583725 0.6148656997722834 0 0.004956074811198606
0.6595326441254421 0.9560545762051335 0 0.0043441199606330345
0.8569007361486509 0.1635808250724646 0 0.003068847163346108
0.012156099854254913 0.2881053141709757 0 0.004141939793449445
0.38362336144677117 0.5722788561384654 0 0.004251756739838848
0.10798006908948897 0.3474251691502655 0 0.004095678197394919
0.3064819496218904 0.5503203164720669 0 0.0042922503661990295
0.42504971512133854 0.8139683961244941 0 0.004946799810419185
0.10854834831488301 0.5131771608151828 0 0.001899922392274618
0.07369278316990856 0.18380718730508414 0 0.004940652754712192
0.49462734498398114 0.5834339227304026 0 0.0029823929151270826
0.07522324182236372 0.8458264684532765 0 0.004537458928001067
0.5117411587250675 0.20751303778203553 0 0.004054186591756777
0.8020033731680674 0.7053893463490101 0 0.0028746776932523812
0.6430727889650076 0.7802417795397842 0 0.0026858858226667575
0.870854146188619 0.9180654833615882 0 0.003925646308680217
0.5860049704326593 0.8085379372242906 0 0.004252299574660599
0.8539222209252262 0.6076738623351957 0 0.0038256950318529557
0.9649709506713877 0.48012595988746815 0 0.002817763141636153
0.8327192197348918 0.7588944564800361 0 0.0035971926654511637
0.46501986384795496 0.2466940905950948 0 0.004939510312323276
0.034665897455826364 0.478579032867624 0 0.0017478965041707911
0.14448416519724958 0.2686896410916661 0 0.004907512810441533
0.4788790727798022 0.17561915969399786 0 0.004946439975999208
0.14424201835681513 0.1628227957843966 0 0.004603877251480588
0.6245941114700014 0.616067918808948 0 0.0046309627653999255
0.7702121085190079 0.33585092088325325 0 0.004143761710666808
0.8549371638451808 0.07629980722586625 0 0.0032776040861299573
0.3449954333934581 0.39767344675404875 0 0.0044307426599777214
0.7238798314146306 0.6015409205771933 0 0.004491776232868092
0.5147600582517778 0.0131477718197801 0 0.004103037228171881
0.23052540609827551 0.8009704825724605 0 0.004995939761035144
0.14319561549848078 0.15037848798828998 0 0.001323043593289019
0.7868072459162289 0.46646756411154894 0 0.003508810737593264
0.24197886048899295 0.42758676609200313 0 0.004956107374948455
0.273664205414421 0.5798227652095095 0 0.004613786044227683
0.10355268128638949 0.01352392092750309 0 0.004437881962610295
0.8050254919514773 0.3424722266655977 0 0.00493369915374783
0.6652068976562512 0.5556113389961265 0 0.00487671867685884
0.8837784668418232 0.9635820300189306 0 0.0035596785407465024
0.17152435810994512 0.513058763141382 0 0.004959969162507535
0.15184247730852438 0.9650460482050491 0 0.004587341839440401
0.1229087515526822 0.8989880384772325 0 0.003453641067801678
0.5199390850262859 0.7081177049665094 0 0.0049995422802821534
0.33901386210772794 0.5839157569930667 0 0.004582927450770883
0.4994093822135864 0.6218097064780965 0 0.004342015404455112
0.6845804336461409 0.7081681441973727 0 0.004058464129372708
0.582079694255345 0.15637885991981523 0 0.004997946664850926
0.5452303509467725 0.5920309252565495 0 0.003231391690126404
0.3750089746710354 0.6919826455050512 0 0.0007236794089715478
0.33146957787778025 0.22239918835072123 0 0.0041829077825560335
0.3468130490939742 0.34355387813282706 0 0.00375670875343683
0.027893239928842177 0.6764602777591401 0 0.004734251475385101
0.008853738633424417 0.4838735447389298 0 0.0011549522345873366
0.8156922921266159 0.5832426918679126 0 0.004996931324427579
0.8323176827816028 0.4799671653289302 0 0.0036589163813737307
0.46261348869919133 0.27367871927296145 0 0.003610802884777718
0.029224392933796854 0.109125128157722 0 0.00311636726172935
0.01044445848269348 0.6017174625539915 0 0.0049262264697568425
0.43052913156536593 0.7338567493883085 0 0.0034653785140179717
0.4952869627279179 0.7064569932850355 0 0.0011391253060011638
0.8167771307878033 0.6250935844364454 0 0.00349773467074262
0.4241334295185631 0.3489133243372902 0 0.004546402673900323
0.4122834750280148 0.42894365119327044 0 0.003152338448764524
0.8847782615759704 0.27233482566525563 0 0.004805650633649917
0.6221600262918642 0.8951881661000046 0 0.0022118957642447094
0.5336586213885978 0.29133999730993215 0 0.004998483645837568
0.7726041485581109 0.6577416206474938 0 0.002779678351520578
0.023813114033352505 0.2808349512231852 0 0.004694706669144268
0.0714855012774319 0.0055873105959580675 0 0.004344751258419918
0.7610309958462067 0.6328689757984524 0 0.004938690471974338
0.5076338318477601 0.3532587172097373 0 0.004983923933920175
0.29864099342685685 0.7544282736899395 0 0.0049421862388276715
0.7989592880660055 0.2643495453224201 0 0.003687308989128518
0.9029746248802529 0.8986789354671355 0 0.0031745370094761922
0.9735535609738881 0.6517956819547686 0 0.004430382951148422
0.08616290439437634 0.5062025441611527 0 0.0034624461657420786
0.8232601952522187 0.8178878207440412 0 0.003550601519277384
0.7747070219842992 0.06182543112806092 0 0.003370354641183327
0.37859495002569726 0.4004690034193697 0 0.003731489791675046
0.7732335115374758 0.5410914528341002 0 0.002388173234712394
0.26544952873334443 0.9355912820978508 0 0.003932779214071153
0.8357648211913081 0.8890967865085594 0 0.0026053878998441725
0.25398045545944276 0.8223457215463376 0 0.004073795261139076
0.6498854022258109 0.10774326460932325 0 0.004228602878037181
0.5840792744153738 0.9914294704655899 0 0.004423542924639861
0.7350753662985068 0.5782590013245315 0 0.004332923789064565
0.6987023578944512 0.7061895414903268 0 0.004127863169137378
0.768916542641682 0.11344109590697603 0 0.0027300503293943446
0.4617035455386897 0.14155819117026688 0 0.004504942217599206
0.23425102003586482 0.039351998310185196 0 0.004987014192214014
0.4476553553465776 0.49780872826681993 0 0.004885927574684948
0.26331365338884455 0.6731137435158231 0 0.004169550838074088
0.7625602612606349 0.3155135511024865 0 0.002354320298161893
0.021127756419790693 0.24552413940397086 0 0.0026055950716449994
0.2237265023568242 0.9420772561954398 0 0.004118808990214076
0.3149004716207375 0.34297633359294205 0 0.004351579745916527
0.7914149857801003 0.8400276049836314 0 0.002944808289793275
0.8074648572731382 0.5144521205619929 0 0.004305235845229046
0.5378071833955069 0.7621248475086188 0 0.004802104846721977
0.48218815901830675 0.958058481122403 0 0.0033431663216188685
0.6688006215988908 0.9362143240481788 0 0.0049405870848230745
0.5510845028839928 0.7777877789598452 0 0.004065405255610347
0.939581863107665 0.5935685283468075 0 0.003384095124748936
0.9580226059007734 0.9511990885238241 0 0.001496991424009893
0.17750072481937115 0.974739168363642 0 0.0023673780441946543
0.09312562371787313 0.9973643202124587 0 0.003288083524287317
0.38692193035677575 0.8713683239885309 0 0.0018883562458857368
0.0475573949760074 0.8996406814114329 0 0.004893664999557221
0.543230234211143 0.6745655663404079 0 0.0020967566499464326
0.18468293888361006 0.6675656588538725 0 0.0017205536005191137
0.3341525585942389 0.050336277029186735 0 0.004021658882752445
0.09659075218394807 0.9320317532252029 0 0.003614018177522846
0.17385314163686846 0.6639213238108057 0 0.0031739613680953935
0.696721477747588 0.15370538631461203 0 0.0018142798196701055
0.5195719697208653 0.6833334772860136 0 0.00456526118089669
0.8159270902053092 0.19901865833506768 0 0.004936732027702074
0.3475774553296284 0.29207344737218227 0 0.004504035500143578
0.31206741434659274 0.2172525173179328 0 0.0024759817794895002
0.3141869883479615 0.7918856055826284 0 0.0033280826952023805
0.06525275901317039 0.24360602352019264 0 0.004958081113338068
0.45252556254420734 0.9207145491430005 0 0.002032449539978241
0.3139254242443266 0.28717842663988974 0 0.0011157447089941857
0.8170327571586401 0.7703899493027211 0 0.004399277355404747
0.7236119358793853 0.3031800567930146 0 0.004585398700410848
0.051977501332400186 0.6150810565964638 0 0.004867589303179424
0.5713726833594849 0.7923513033808899 0 0.003142441506018405
0.7852187005465778 0.493705231683039 0 0.004628941277853525
0.7875890806560069 0.0351078969135271 0 0.0005473516616843194
0.7661925130529738 0.13931558291444598 0 0.002272644174633957
0.6943009919177474 0.438733896792688 0 0.0038061119236675934
0.5246383426340923 0.8310869531224517 0 0.004796288986451075
0.20772235992851648 0.6873244130619748 0 0.003605860330066954
0.2530324127240326 0.4033904335463135 0 0.004658644969289007
0.05264439193187641 0.5359980700391475 0 0.0044298370238865965
0.9955977052461769 0.7777210890399965 0 0.002070479093399651
0.3869244224266311 0.1546942941054987 0 0.0049740897938214835
0.7824798392462398 0.6616569001799975 0 0.0038393505297882025
0.4810848922869035 0.5933410755972941 0 0.004973055983315699
0.10454774519221476 0.6039683889393804 0 0.001273043806356146
0.43589149841447655 0.8083747871345563 0 0.003827900682660382
0.7320566963187882 0.8626182839239577 0 0.004052445752327845
0.32621463712501736 0.6441341302111255 0 0.004888485463583362
0.9829170258810065 0.13076079993022013 0 0.004998770721433991
0.4731029843208168 0.9985582168827001 0 0.004598348939411178
0.379971137633562 0.06325442976780403 0 0.004483581417362119
0.7651901747899545 0.3883390336551498 0 0.002356346721931354
0.6510158985526056 0.204664009588116 0 0.004286327697173895
0.8661188261157542 0.6227813089418707 0 0.0036952266232325873
0.5514169387291433 0.8160017801287328 0 0.0037720097608774047
0.9160248007636481 0.4639075551024829 0 0.0008659080053407273
0.8007338365993467 0.0806811171292252 0 0.0049997396392181676
0.6112801466941693 0.1949876597398897 0 0.00499813909535628
0.05823765073425989 0.26014851078761153 0 0.004948025707738373
0.9733941558158656 0.9746556620350403 0 0.0049904986902986346
0.2837140157615788 0.5733505055589273 0 0.004826705621200819
0.5801267316606337 0.5086251272680058 0 0.0015478679144176348
0.7296515607929411 0.7242483091983013 0 0.004626288910430838
0.6205709514016375 0.7194034252514221 0 0.004815476185753056
0.39239575639138463 0.22103347587317765 0 0.00421132846432546
0.42529233981380404 0.8483222520752698 0 0.0014390096365766076
0.6510698749675141 0.22921511743717768 0 0.0044193446806758685
0.030380347792306132 0.07624463634676602 0 0.004917520110265891
0.6815406640671219 0.42683756936558087 0 0.002320271827651791
0.32575215740103797 0.1814146187189639 0 0.00450998286183107
0.07564742145410662 0.3588467479091692 0 0.0027099948128213457
0.8071357932875548 0.4010211487647711 0 0.004192946332260623
0.2077836443059636 0.0927654258690309 0 0.0029463047510344138
0.49353937309196555 0.5114552046510833 0 0.0028438798566109286
0.026705611471242723 0.7284253111375134 0 0.0010646450347578697
0.47862406131944807 0.7595782798729417 0 0.003252413567705633
0.6691511837920021 0.8949678272009339 0 0.004974652659109223
0.5231645114863716 0.00010249024607833066 0 0.001177587596617587
0.3677053878879391 0.17141617711171717 0 0.0049750351449583076
0.026800866694329455 0.5930590712970181 0 0.004292623289973303
0.491349421790036 0.32717932429624846 0 0.004070615731950223
0.6148205185723803 0.39167331923925947 0 0.0036187679792149562
0.48587502963240564 0.1864074576133867 0 0.002226270541466273
0.3975101012856655 0.8928777781225646 0 0.004993446986381602
0.5161448028585162 0.32866478796094595 0 0.004379394264955197
0.46547204852394325 0.3908478052693302 0 0.0014444023937309973
0.9939916163823457 0.4874016825148196 0 0.0021444037673875576
0.8137662194309856 0.8298794156441772 0 0.004734417886216053
0.0037134803875475916 0.9269601321270906 0 0.0027227489334476045
0.8176001572132721 0.8492464755380783 0 0.004914029662745354
0.3500956235693992 0.11673466494163652 0 0.004578882202394289
0.777176077077647 0.03723204075653329 0 0.003405528764310952
0.36752070925429264 0.5653466553992277 0 0.0049960269418735485
0.485225061498928 0.8307369897303251 0 0.00498600078911095
0.717215796859876 0.8893854037475066 0 0.0036038432192959566
0.7709496881038798 0.4245761293211166 0 0.004778015625793974
0.48198476575891386 0.16483187781431072 0 0.0049107425318521535
0.5507375436983163 0.6658460513626953 0 0.004944056324549516
0.4083756455114404 0.7897776343192696 0 0.0027200685948415267
0.7567806393104464 0.9669994720890568 0 0.004607614190294622
0.5954665924003353 0.24946979841865177 0 0.004521763900576322
0.6525407718785764 0.8858195949112926 0 0.00487546214024035
0.6057019941890894 0.33773073079500987 0 0.004884766518788134
0.7096619639933318 0.8134878991721594 0 0.003396326529646576
0.46752081572494714 0.5011772674465977 0 0.00440463395722272
0.3913068982964411 0.19591200782634252 0 0.00308481380473843
0.970737061753453 0.2783570037456519 0 0.004999260201039408
0.16351907046441136 0.9394699854115256 0 0.004546013995376161
0.8186154179698394 0.09473365895837847 0 0.003031903186991106
0.2488168646253592 0.4731362240405452 0 0.002535008122504629
0.8349247332468895 0.5890980475123456 0 0.0049884125842867685
0.4913993504252793 0.23306422466791119 0 0.004824974646185019
0.9444177999419495 0.8321245879939622 0 0.004963598155356742
0.5251948283861232 0.9474928551923909 0 0.0026676042787696728
0.1076406699119513 0.05484505220782197 0 0.004913579868000117
0.8607925102618184 0.012668845244586328 0 0.0048148750561741605
0.14528887257884268 0.5821656810674232 0 0.0029905811199441345
0.8863568073978877 0.38530910199491547 0 0.0045132120985017865
0.7781855883160439 0.21283025118818252 0 0.004448623316096064
0.026629768748514297 0.00625740831318577 0 0.004985382699656705
0.9523708142667854 0.6257823737024438 0 0.0049425604824097896
0.08461046700344853 0.3913830295782323 0 0.004412479010892116
0.39762593806203256 0.7722273513180715 0 0.0020226685230763323
0.18111279232422337 0.44982613425612744 0 0.004312474807253948
0.0035832430609439255 0.14227465818169957 0 0.004991018832268928
0.6936206710132743 0.07579092029940758 0 0.004898892671819061
0.2539276562054939 0.7165752795754602 0 0.0047567262880851
0.44577191232922825 0.739665434422035 0 0.0044633794853919904
0.8022317151982594 0.2772699756220562 0 0.004611026723343048
0.8443096287964038 0.33966138459605794 0 0.001964449532467053
0.3614277692246269 0.6089512494713837 0 0.0031061980460301993
0.2891791710418958 0.16186681997578975 0 0.004700182229285657
0.7001996079818499 0.7472886669203317 0 0.004146742019848573
0.714537548297492 0.38957181300243765 0 0.003595901588848687
0.43986171708470506 0.0908445218853232 0 0.004994213039779399
0.8658243860650929 0.11415479221272294 0 0.001987880480901335
0.2118305797445705 0.07776468644142641 0 0.00493463766305778
0.11255423474359814 0.4500738932777106 0 0.004988793509424107
0.29990380383816767 0.10174851210969092 0 0.004253918808062813
0.29732570414276344 0.020991016929629562 0 0.004870998242571666
0.6805009712989406 0.19608994594881832 0 0.0013728833429728369
0.7856365918806071 0.6090428878559734 0 0.004705812934246614
0.4334924884399289 0.5857089003042065 0 0.004023634340099018
0.3362566777636445 0.4068387260414105 0 0.00498465050567717
0.19306146946281008 0.6288397702654326 0 0.0049716789709981805
0.31915181437079204 0.33123760270942454 0 0.0037400040117026977
0.034127613098193774 0.9525078096256986 0 0.004157920664505171
0.8918796417737359 0.8842578977476 0 0.001722148807587285
0.3519461552447351 0.45091636920122186 0 0.0034993618393385764
0.4546890127616699 0.019788982876884124 0 0.004998013239007862
0.2730674492716337 0.6283911695787512 0 0.0016073337057463462
0.6109625632354797 0.5641600228718385 0 0.004904441082691434
0.8270170628305056 0.5160003556372454 0 0.0031187580038741403
0.611871545501212 0.9390623963657027 0 0.0023829346928360283
0.35834294082094736 0.7308123628209509 0 0.004001825951543682
0.2785626802324556 0.05901937805328526 0 0.003230534712304918
0.6651321327113466 0.6292407734028113 0 0.004538149023605385
0.5103103246254433 0.44547751236832994 0 0.004850377534143445
0.27527793666370864 0.10196348561526834 0 0.004092823779930224
0.13172905554298905 0.9172555848970845 0 0.00439146068563495
0.3940085519445478 0.9984431999157258 0 0.00290125368471423
0.43260851901911307 0.8689531353255115 0 0.00458956674611244
0.23904226182548258 0.8908493106246124 0 0.004581344866993844
0.20104570036508426 0.3416662931824334 0 0.0049989162691057385
0.13098071702611144 0.5454665204056052 0 0.004748392075677101
0.829502251328267 0.6996241131494665 0 0.0018690426943619586
0.5307647942458473 0.9177076051192131 0 0.004358214837248545
0.6932191661427536 0.17205776066024922 0 0.00484377277426521
0.14830879745847267 0.11292900628381995 0 0.0031707675884799966
0.7245969224929771 0.4839815901573719 0 0.002172196948935961
0.28339389118166675 0.42773196547041387 0 0.0031309258730502667
0.35526877902756954 0.837221694156471 0 0.004198191084601712
0.5566369523102008 0.9713405752341944 0 0.004975925442565602
0.6690298023770875 0.7560094900073816 0 0.00454832296503601
0.9615728230868902 0.44845822927881523 0 0.0032546848474668167
0.8947438699849274 0.4224443060219755 0 0.0022800939799085414
0.08203519964050542 0.05222702998828131 0 0.004254354112842118
0.9733615229739538 0.4980264491062803 0 0.003320633027412439
0.5581038091524422 0.2822127292767 0 0.004469537365339784
0.12305988081842 0.3152063261613363 0 0.004995384296829693
0.8836946075796923 0.8294828072851196 0 0.004987088748462511
0.5798382532149196 0.880063983874848 0 0.004831388153805762
0.538003616790623 0.5771808172094163 0 0.004528976620840168
0.6565071770655863 0.404999868396915 0 0.0035996252245982883
0.28252833552458884 0.11120174720290031 0 0.0020117118385442195
0.9301373139250989 0.6764602882692803 0 0.0046336438477165625
0.46896801472907806 0.08515327872326948 0 0.003649806454490832
0.6595034773828796 0.01627527649220383 0 0.004990430952816101
0.21183610760862445 0.9507673684083802 0 0.0021741513463056513
0.33348143121207 0.46100846460323924 0 0.004186133629008424
0.5793266960795163 0.05109730926526089 0 0.0009946767156136238
0.11717638058789247 0.03202131207475954 0 0.004032961353717418
0.28611528900226374 0.2116214376689791 0 0.0015450284926791101
0.05029829723036004 0.15153642476198068 0 0.004637425169877985
0.03059426515863705 0.1652174237678222 0 0.0032757376683496026
0.39526411835593617 0.11733365505353442 0 0.004876051177723584
0.4161163176077756 0.008524061106698226 0 0.0010036181715383028
0.7606824629681185 0.7809360789664255 0 0.0034378903301072435
0.29603492838452156 0.9270402812851749 0 0.004506373045018019
0.20196524567581284 0.7660486308185717 0 0.004931432594565805
0.8972755964112127 0.9597579493244288 0 0.002591969397955755
0.8436617179397576 0.9554521457634023 0 0.0037815796406075455
0.3881577671562391 0.6397586555660078 0 0.00494468494596083
0.25913161381254207 0.3223832344847635 0 0.004913454970574227
0.3265822403535095 0.9717857360089783 0 0.004451535942376048
0.6587606959807847 0.1943005705984487 0 0.004400229126176939
0.9600061159679205 0.560188302211635 0 0.0037316706634557026
0.7100396143449889 0.4956388897318697 0 0.004958008944184529
0.2601560623312829 0.43597081491220485 0 0.003750252522252421
0.2513380770129047 0.11960697144045195 0 0.0049794142182401175
0.8560802044100148 0.5793700248619211 0 0.0031112068110081097
0.2901107362513073 0.7338826819961244 0 0.0049365820925440325
0.4600058962828974 0.8495122635734881 0 0.004994568155350718
0.733292909142336 0.3154446918576071 0 0.004271040131547069
0.4314291418739878 0.23764106197160415 0 0.003501013882411592
0.1621027346423984 0.4210389112184432 0 0.003156867703256854
0.06274841893598214 0.9134635165697678 0 0.0012414502838157472
0.522849305520215 0.979398443725923 0 0.004481788775422569
0.3832624120998072 0.7694305342032705 0 0.00371016926891487
0.799637140497447 0.09280918736564568 0 0.0020938972216747024
0.9294911327311374 0.2645630070788167 0 0.00477299145294344
0.40703027218468363 0.03903489328219166 0 0.0031746522334333833
0.25080861067050503 0.8410622551918338 0 0.004714797399873632
0.18823697303208717 0.026983811466221856 0 0.004611313129968232
0.42020875366899263 0.7570990871440842 0 0.004924607195042696
0.11841859553016697 0.08693951296971623 0 0.00494367956505183
0.8944980105636202 0.9285661999288451 0 0.0028301825793436825
0.20081568589281304 0.0034368347919782 0 0.004860173083329803
0.8981636103225397 0.0016709019507159483 0 0.0014955009009138542
0.09434550156485587 0.3738009891596424 0 0.0048630844232507645
0.23867830374501695 0.15327267495893745 0 0.0032194360155314433
0.5803859690537929 0.4305066315218599 0 0.004998290053039482
0.9521501326090678 0.9811005405357477 0 0.004794454429755318
0.38574158814472576 0.2782083423716681 0 0.004111041529784644
0.18625625526892672 0.3912737927190026 0 0.0038474601563432066
0.29032852243229895 0.40335160382744134 0 0.004165835085771679
0.6504513513621673 0.24575061152571429 0 0.004970576682793754
0.5489234898471335 0.13304375180530678 0 0.0018589773685174411
0.10316569926514284 0.9610357105428241 0 0.0012615799905634452
0.04610605211578188 0.739998155461992 0 0.0018643599131038047
0.4591673795248858 0.688121916388685 0 0.004747418123920274
0.3178542933186192 0.6087256479330794 0 0.004920141878115201
0.392379500814305 0.18513392154297323 0 0.003152098194715518
0.6618789186674272 0.22155160319762576 0 0.004773803404827963
0.42683442380871334 0.5012029220679673 0 0.004512063932940386
0.08761360808052786 0.9277482375330619 0 0.004809029412402544
0.27357219361781077 0.8197445328685592 0 0.0014561337962898091
0.47762399458584687 0.6411881798238804 0 0.003926317194050253
0.9040570384756641 0.8816218121213472 0 0.003113470693382209
0.7343179869260661 0.4277850920661724 0 0.0035733737105428237
0.5889460575147483 0.5629451503166668 0 0.003833203794951965
0.347191381340697 0.16747481904049608 0 0.004638856168594923
0.8208119303632921 0.9308908947935702 0 0.0040877195744212416
0.7086688958856178 0.6002983615937584 0 0.004833281909883464
0.9630638018458264 0.22722873937982177 0 0.004962633903359297
0.24595945899595348 0.16269115062123238 0 0.004276568748790366
0.09988614692490914 0.3861167202276226 0 0.0029055879588491844
0.6431500022632854 0.27151404070444657 0 0.0023259344944558565
0.7664374101909665 0.04816450371238011 0 0.004040391872845931
0.7454306810287947 0.14235815434346463 0 0.002329265837052329
0.25079396659668746 0.9844368199936184 0 0.00471271448137535
0.7229722687124963 0.2725354600517222 0 0.00414110956514004
0.3591982023890217 0.8141533637074909 0 0.004689116168239764
0.4740949470158176 0.7909238029096268 0 0.0028187340749492354
0.5466589397480088 0.8880245578780207 0 0.004981393513666022
0.3922716311548024 0.3392136986767957 0 0.004316419404699518
0.790112475928695 0.4438759582192157 0 0.0030084944399828284
0.5796951556833652 0.38559168798331694 0 0.0036474705991986203
0.17419578139585254 0.8819797176465917 0 0.004995072446840634
0.6940384476095752 0.3148978651974647 0 0.00457977874948835
0.9330748155081426 0.5644750197955555 0 0.002225938692963188
0.4702259822369576 0.23683856668109024 0 0.00442361945236269
0.9036743363565068 0.7715680950586027 0 0.0038886891451922934
0.7552277906505294 0.24520336198148215 0 0.003433581774966429
0.31371585237929994 0.8290812792536731 0 0.004870515089871243
0.16016810657831923 0.7485557203914569 0 0.002339583904487575
0.4376307091240588 0.515536541467145 0 0.004549233803236551
0.03372946785630769 0.6275542902636304 0 0.004000452267764099
0.07696654138041802 0.7356502914675553 0 0.004549720374744713
0.6388166448049742 0.6649140128846814 0 0.004989847863601148
0.39335568934329973 0.5879989839686148 0 0.002651880438862632
0.5100130893750904 0.9865831103805018 0 0.004509174786282551
0.22516734128713664 0.10763984036365735 0 0.004261307381502959
0.2934902765342537 0.9911408476415843 0 0.003550720291844445
0.08909243731988824 0.6714835995556292 0 0.004523118875851477
0.8646435112435403 0.7968523301519898 0 0.004115614921843105
0.6520852975855803 0.3607575456221758 0 0.0049939885924720675
0.7586211807216406 0.06139351991005536 0 0.0041306564895873255
0.35146431548583873 0.9849595778688813 0 0.0049379394667559634
0.99727122889144 0.8159454505261349 0 0.004513271761581334
0.3297069721850872 0.9520165053529618 0 0.00483420932101996
0.15450249155003556 0.45472565699056106 0 0.004538949627384121
0.5136064746514546 0.9349793312685869 0 0.0009276879495663227
0.26203236279126557 0.8717895157979086 0 0.001540288866075294
0.3659347928667715 0.6673753963295317 0 0.003422584189672992
0.15483152337726655 0.5923975324407194 0 0.004448566486423512
0.7541448393204875 0.6156906186231855 0 0.0029625924326651455
0.1616430730143292 0.3739741559785153 0 0.00352184841313247
0.317965833972409 0.43618521315013786 0 0.0043739675040787235
0.5300880237768104 0.054436141464991636 0 0.00429395715071652
0.40281973817176203 0.8501860038373361 0 0.00473606069945475
0.625410442907938 0.3111342601260914 0 0.004731628542870275
0.9046973460557232 0.30235511748938676 0 0.004575889980937467
0.7374045886506565 0.844780190375378 0 0.00385585117241332
0.7218533734495811 0.5245400823072983 0 0.0023370640084923594
0.08574445528250262 0.2683361017163228 0 0.0037021260561987384
0.7022891802573512 0.9683865131886673 0 0.004886043403691975
0.3674735765905381 0.1395068995336127 0 0.004833670899130373
0.030120852908765754 0.5752690512999904 0 0.0035100893459018385
0.9111410816509578 0.8414283057529105 0 0.004748702329560008
0.15573235710593034 0.3954829591661692 0 0.004262412853419651
0.6590684619397165 0.4254104965923116 0 0.0048983203969160775
0.8107874428366482 0.6155907160838564 0 0.004635869502820309
0.666273393784815 0.7899575395371894 0 0.0015975750848052027
0.37530631433188416 0.7106905056564063 0 0.004253422664220787
0.13126207926211483 0.4164506886984955 0 0.004352796701386097
0.7488784655209983 0.12146989901563797 0 0.0014725298945298707
0.6749413467539234 0.8473736416329757 0 0.001501703561355382
0.2186088371695196 0.7318007607578092 0 0.0013661644603674774
0.8880037440616982 0.532314147064946 0 0.0022188551379436396
0.7465622844442282 0.4883257870732564 0 0.004327870947020603
0.8483373622496212 0.02647615547284731 0 0.004917648024398618
0.6785618487618765 0.7154649327578214 0 0.0029762035307599466
0.1071911442474086 0.4001933727986379 0 0.00430035344849491
0.966972638016301 0.5902790891824843 0 0.001604973225489891
0.21774881552057054 0.5861057716991334 0 0.002359466571152155
0.5452152065517191 0.9397517726928116 0 0.0049650471394732665
0.7456739276462073 0.6908505440372075 0 0.004960191014121683
0.7097858365907666 0.2844784707002776 0 0.002223229748213918
0.47149650261480464 0.5338218146090608 0 0.004447043871508326
0.8219426891917923 0.7562962677465069 0 0.0045359348795735565
0.9884094621388035 0.46498490754738103 0 0.003911739802748061
0.22626519986568525 0.8411133215736438 0 0.004999125071718483
0.38303188959829176 0.9226336192852949 0 0.004929647119881668
0.06542327062858232 0.599061243545167 0 0.004085884284465437
0.23028590788367506 0.6807245685929424 0 0.004838356446684059
0.9639127217810023 0.9974476090517307 0 0.004705698778784138
0.9875617209107997 0.9414600995243358 0 0.0025185859376227497
0.5672880309413337 0.10298610220860537 0 0.004918816196995033
0.25964705725529696 0.10697656639556295 0 0.004858897319396469
0.9935142901793413 0.9250396141516809 0 0.0024818392806883614
0.953603580444885 0.07641289055430454 0 0.004952469577377578
0.4805500976945521 0.04512162256046735 0 0.003451598479944918
0.6041491654658063 0.7888140194788703 0 0.0043737454611935955
0.18856907379087104 0.80128832794015 0 0.004673520133449667
0.29441074194932243 0.049632844972246834 0 0.004015590209412708
0.36132500529039485 0.33517723990157694 0 0.004921913962523789
0.8873993381159915 0.62389070170281 0 0.0045031496488996715
0.01615780883407824 0.14733567635784825 0 0.00407762206132951
0.7426425423720395 0.7450029703939761 0 0.003105656983227743
0.5704651856305254 0.5448928259473714 0 0.0012118569361324438
0.033308203109945186 0.7588720198584151 0 0.004238182460647859
0.5676786191491614 0.2796011619497368 0 0.0037596241347684412
0.4555869403357847 0.9798359451378216 0 0.0037739542051250653
0.6990285414954508 0.4530540168322495 0 0.0038274431005954563
0.5868542690186506 0.5918315954841886 0 0.004427035291399506
0.7351552967621378 0.9026976724961734 0 0.003881378228543896
0.5058633158242994 0.17482923718532103 0 0.004289871641911443
0.9639612406874508 0.4224074010709938 0 0.0023194662625336156
0.7922199998258985 0.7975413175043734 0 0.004713418970725026
0.28302478520653135 0.17396469205533224 0 0.004932461296888709
0.5709131200756742 0.05534899448282958 0 0.004444258596869253
0.6676357268602761 0.2892645119675567 0 0.0049602611987074625
0.885506664100668 0.7574436151640603 0 0.003628492914563063
0.29360783416307484 0.037725802245410875 0 0.0044840158803545315
0.6090990395017108 0.09375068477364999 0 0.004594500555856059
0.9216800952171563 0.15324845529816464 0 0.0033457900953329594
0.6435335905652637 0.9221469396905106 0 0.0030641767590806643
0.06447332402976035 0.1557605825078857 0 0.004750927660572665
0.7795534961799997 0.62872510580037 0 0.002140993784063452
0.47844079711016224 0.2660237497109417 0 0.0018422391718617306
0.5264929780029551 0.6017631504875062 0 0.003111611732170349
0.15252156378658552 0.6730622780026508 0 0.004466194829498847
0.3847342688962199 0.11916786681971613 0 0.0040399854463564954
0.8920296072733015 0.77551160433421 0 0.0037065047001154524
0.368589972265521 0.19696374871812758 0 0.002772975847547642
0.22296184444739395 0.29081003044811976 0 0.004846774697097708
0.42890093272625124 0.027089761849568343 0 0.0043491497310438245
0.5275203434690138 0.4116798496934468 0 0.003784310389127708
0.5417102930730384 0.7074241750646537 0 0.004930166871696707
0.05089035133861651 0.1635767116524793 0 0.003969608421809611
0.635057155845166 0.21867522409414772 0 0.004800296630668144
0.25247116200615544 0.26026468216022663 0 0.004598683936148299
0.04673053511134305 0.9426924475849209 0 0.0005563367005487708
0.2839059175928818 0.47055370469756747 0 0.000444618253029535
0.16378946439308326 0.39499035865600557 0 0.002752238516255832
0.8000509216998618 0.9238256351453816 0 0.004169186735295955
0.8727253211919086 0.6905724313070715 0 0.0017040757537324942
0.2692044438357501 0.3706752320137768 0 0.003819500703076892
0.13053115322625194 0.32868839482062523 0 0.0004338920538807687
0.43124576962338207 0.830964520805381 0 0.00499472767660939
0.44414531862494727 0.22940570217030962 0 0.004955128708498645
0.40734653541067095 0.7054763843110944 0 0.0049868297924992805
0.29108084110227367 0.6321190958199496 0 0.004437432686299357
0.5974690930831019 0.5230606434078068 0 0.004999852267028879
0.2560694648123269 0.09203927568842861 0 0.004895103610768568
0.7028927524286158 0.9884482538968516 0 0.00175648214922502
0.9725823746506713 0.34546993704202406 0 0.0003916025194420386
0.13687956172383917 0.6534346176067826 0 0.004224015302891778
0.0681350817912779 0.9652561865240202 0 0.0043056893566072426
0.18068200676669718 0.9960943486488713 0 0.00497697402926315
0.24155635611311063 0.7415072921078764 0 0.003242797113326762
0.5644105590385439 0.5210720658934562 0 0.004909927426393449
0.6691802480356225 0.20420051232060019 0 0.0036528641658983923
0.7896202603899085 0.7306375479002749 0 0.004531259235503523
0.14752663588084 0.8365042827441708 0 0.004792353235260681
0.7829221814315966 0.864615471587976 0 0.004337507658528288
0.6890782741364236 0.5611880629630916 0 0.0023591974019662398
0.7711398293157965 0.1535894585009325 0 0.004455719357163947
0.2797373492319403 0.37273782145775164 0 0.004323046590741075
0.012544798199508371 0.40135219820285767 0 0.004485153061564883
0.49546080478130844 0.8878413124919127 0 0.004412171795183595
0.8651494081496626 0.6097541497857322 0 0.004496811143806985
0.7698337201797038 0.605942021186457 0 0.004031115454243842
0.6791503617583411 0.9040066687162128 0 0.00499523647164143
0.5118842954416464 0.4899851188844326 0 0.004939823428254157
0.6044382708480539 0.7121046767825009 0 0.0015460682006873444
0.07465248000740941 0.2581516946424968 0 0.0049808128822432084
0.36754783351660275 0.9921876896757545 0 0.0038077664981089965
0.7785012677720297 0.7993273932237025 0 0.0016306489368218672
0.2644457501264354 0.39281572217042066 0 0.003928699968605489
0.453837994600545 0.8997914868923295 0 0.004992436232886293
0.8314854423053886 0.38711779624494796 0 0.00440919941041244
0.24544807086334072 0.9566192738979301 0 0.0046356216125903295
0.38022533476104864 0.007534017720602243 0 0.0049599840377202425
0.6892943504575001 0.14245093590581256 0 0.0047895434353958455
0.28540565956420155 0.3821580461466076 0 0.003922361107297599
0.9136156671497778 0.007243479073862464 0 0.004286146674807174
0.27922041506927625 0.4447316725626837 0 0.0049367955366187415
0.858683183941118 0.2840171155540376 0 0.0027087737198258233
0.7209818975919781 0.41119217280153314 0 0.004976625382140314
0.32611252951118713 0.23920870642955136 0 0.004962087371915525
0.4070722656876659 0.7431617753711361 0 0.004998982373835722
0.2517333729085855 0.9381405150566116 0 0.004706190696674967
0.9120008206634143 0.34858397069673114 0 0.004421419534262557
0.49932490236915045 0.9537596601945085 0 0.00309793973789378
0.03214756484509372 0.9837850977244725 0 0.0038583984093606867
0.27961638703773345 0.6716240799493091 0 0.004986195985512272
0.20069113181172868 0.8590763290085329 0 0.004992995697045722
0.34096830101506465 0.359248296010422 0 0.0025111163195870798
0.7256443709741708 0.15028420734214717 0 0.004741689178699683
0.9679046527629998 0.10958345686025182 0 0.00394130751416974
0.8481914749544922 0.5120270793741565 0 0.004982234064191249
0.08622707484646029 0.8627283869415144 0 0.004798287831147891
0.9872531965580796 0.014702374638527298 0 0.00435567707819831
0.4346268309805675 0.47656483580530046 0 0.0039393360755387834
0.6618965135740362 0.2960184413612557 0 0.0021472634018360466
0.3750371017563802 0.9925174966760018 0 0.0021926549468645196
0.49993259733925804 0.20333403299888061 0 0.004602411701782866
0.6957268142816663 0.8280912471907804 0 0.0014681026511836135
0.5885565165904934 0.0010824798832056403 0 0.004975362999157688
0.26254469076275916 0.27231486075396955 0 0.003549745420265513
0.17800857146775426 0.7660607797636773 0 0.002225974720422253
0.252521102132866 0.6678162781713142 0 0.004915223598130991
0.90267382158312 0.6529085613352564 0 0.003772502104671801
0.22930328552053877 0.16846343487418278 0 0.002439448703044476
0.08638983392770648 0.11246079166719745 0 0.003600479564802656
0.582428425790033 0.613827259033434 0 0.003035680493236598
0.6573432489057375 0.39451920705384674 0 0.004952946514982788
0.9720378932200682 0.24733031452361195 0 0.004342825779181531
0.1666777751954733 0.0681826414470048 0 0.004618038648834441
0.8721499589674129 0.49791710936603745 0 0.0038538844456657236
0.19879711863555824 0.9888037842629567 0 0.0037815747848334046
0.9668145729630713 0.6383340701813722 0 0.003152004067574256
0.6767122692611472 0.5303228126679677 0 0.004735356247824997
0.7785757052856699 0.9847418370975453 0 0.0029739751285305705
0.8540195667634748 0.4699115412647636 0 0.004762690574878195
0.571019348115031 0.06913480292614747 0 0.001974747151436644
0.5733449226654875 0.9619782445933185 0 0.0015100170210932701
0.7065395512282404 0.5477222266404528 0 0.004986789782213134
0.6500136223045522 0.18280395564033478 0 0.0047972722014677106
0.9084722866571852 0.5977204930970168 0 0.002931590879140012
0.24246305367623242 0.8604108202588131 0 0.0014504996060625656
0.35320817006267585 0.9662393378131479 0 0.004976891644370778
0.059181885249275576 0.8394198426516893 0 0.004973062509123954
0.09527515196176116 0.2046885953662869 0 0.004371473659458467
0.4924846327337035 0.4510785545677843 0 0.004903462786828553
0.8131954256626964 0.8607593176753962 0 0.0029608903600401694
0.940845820831355 0.6000788065500009 0 0.002626309323646179
0.9382730898486948 0.3256029868437506 0 0.00499913762720719
0.6808903431397284 0.33133099190885923 0 0.0021942124448313133
0.9268824784701296 0.18721449511967256 0 0.0015376546739866998
0.0019051137530690053 0.3742023752866284 0 0.0026089999214061405
0.7302002705831349 0.06233670854929006 0 0.0017174304133485744
0.2333339249034395 0.623016891703027 0 0.00499648007428654
0.9639268586078664 0.6684952906497209 0 0.004999692322699492
0.5383750775899117 0.3991788264940545 0 0.004962092195100436
0.3153523553704342 0.4972183223451499 0 0.004781136931274717
0.12978414432733607 0.6442292615400642 0 0.0035365378724903683
0.24085313564923513 0.06777697873206988 0 0.004517588269081238
0.860147381153312 0.2052699011794232 0 0.001557268956377173
0.7224278523212685 0.7393638827947602 0 0.004903092439070047
0.9481336869793101 0.6011202917481024 0 0.0025165170006463304
0.46035385137691415 0.8633519821437021 0 0.004596388317280891
0.9915963883070074 0.7104890222218285 0 0.004492565271857598
0.48009831535832287 0.08786387261387939 0 0.004126773094643597
0.014244146626157687 0.17081363600326113 0 0.003185679068973179
0.8694224422536594 0.4103086002878457 0 0.004882557075968797
0.15609167670879395 0.8290740718154722 0 0.0018989748993592749
0.7840362931307694 0.4153458056126235 0 0.004873301429618469
0.9522603380286103 0.549832639438844 0 0.0018840209441357263
0.8457980953337212 0.6026099228446317 0 0.0049916435181120026
0.9340828000054209 0.5408280951650274 0 0.003242899025988708
0.06701373521281294 0.9807131439340078 0 0.00499090238341805
0.4924583322967941 0.8161270272111161 0 0.004570325728724802
0.9954062511608534 0.5013517706508283 0 0.004989001612550534
0.40225654598027133 0.6526443878235705 0 0.00499951959686963
0.36811774231225286 0.6346551616764583 0 0.0016053297426099162
0.6139565509670633 0.6935662769883436 0 0.004249266398803529
0.41608459093844813 0.4104360714305048 0 0.004216757906777238
0.05891616079710825 0.3099921153556546 0 0.0047005869417216205
0.9174034402863734 0.31815357392959015 0 0.004069843383296719
0.7706675882114665 0.24717510665464956 0 0.004943090035599192
0.23024184011898927 0.6975899243253543 0 0.004570558059165392
0.6263242269688485 0.14829921729468717 0 0.0038209220814399256
0.6861896053544121 0.7871568112748825 0 0.00478892749624207
0.13974408516343326 0.06093783352190628 0 0.0049870024549348675
0.4849402240730341 0.3980402612895411 0 0.004513306463285044
0.2267144011478219 0.9201254766926754 0 0.00460939935575642
0.8366587558725705 0.36964838386379023 0 0.004222197559851619
0.36190086848466047 0.9851160278708156 0 0.004244436252913177
0.8944037059878364 0.9764966095777683 0 0.004384807809607727
0.6492103993209335 0.5329580441216072 0 0.004727590462152762
0.009284845690239234 0.24033397575860602 0 0.004578270321020686
0.9722093381553627 0.3173869798012026 0 0.0007045922991655314
0.9536590217287808 0.5903581014888079 0 0.004447808751490046
0.30196320266601445 0.34292329155504714 0 0.004999077710858345
0.6070062169965498 0.14244778453592508 0 0.004566739074312822
0.23291742733968487 0.7592296349035687 0 0.0035817733645094976
0.7412236582616272 0.1348954516838012 0 0.00488782838389218
0.2231487472580724 0.39675578985845433 0 0.002910706396917144
0.6897923112950934 0.48779774697428796 0 0.00477491007462522
0.8305646155053367 0.39788288601879934 0 0.004853677551319347
0.2682014193025583 0.00734244165235653 0 0.0009633565691092093
0.2943203727141272 0.49132663947597605 0 0.004963488853248697
0.5797447440503705 0.9540332191817835 0 0.004924380814825277
0.3441909476162302 0.8134431996025514 0 0.0035780360069146496
0.49796689678657374 0.6627276131031188 0 0.0027670088485000598
0.6092870847682187 0.8767190358120212 0 0.004537180723624923
0.8195355720172951 0.23170284331362298 0 0.004834873326491316
0.4342669923722667 0.02089821189232665 0 0.0024972512636102216
0.8755428535609583 0.3503282421758936 0 0.0034332493169356077
0.034064525476346405 0.06679711686588073 0 0.004794275048120897
0.844222440048285 0.806565356519161 0 0.00361217538853823
0.060660880281080284 0.09913421285790756 0 0.00441264923253368
0.9731983248033055 0.7008048447288158 0 0.00463346305292952
0.9112796118627021 0.09816698565290859 0 0.00344950686525065
0.43686899914362626 0.13381495312157518 0 0.002762655861736555
0.18208431117163557 0.41936497268568723 0 0.003118965294008724
0.3096827372088155 0.9402272498758073 0 0.0043350768548233555
0.9345755213299521 0.13257884041873022 0 0.0014684786519758109
0.2546102623731526 0.6970267040402706 0 0.002037406161910799
0.910498698601349 0.13220359889919728 0 0.002106224749064454
0.07032143283127033 0.4303434997243432 0 0.004992452033140763
0.9327240234848079 0.051641811213168784 0 0.004892928524226224
0.45682448606202025 0.04650577198274407 0 0.004984409575966833
0.15669554093588708 0.3166253116414564 0 0.004998087499147226
0.6418774550149986 0.8586861262980848 0 0.003521375008820648
0.041790373911011355 0.4345569165571152 0 0.004928030708675505
0.24735253543400312 0.4540877438807505 0 0.00455278628640365
0.8723716152706291 0.8688643129260868 0 0.004952905635992773
0.32781298435650547 0.5402976407244806 0 0.004373628322508335
0.07343995932644708 0.51166788475199 0 0.003881485366652741
0.21476965474390627 0.16003583829940413 0 0.004844269508754506
0.2673409749751959 0.560050740123837 0 0.0023044889202252132
0.1885229830456809 0.9387035353591879 0 0.004200226399651971
0.8284390895688648 0.6767690620530035 0 0.004882807373196665
0.712790598211378 0.15177308792816066 0 0.004684873642650346
0.862399569816186 0.828255374790748 0 0.004734714554905548
0.9790827505505088 0.84009911375754 0 0.003186385873492218
0.6093969336661189 0.9008950195081759 0 0.004091382354926629
0.7674043359005409 0.9521470975135483 0 0.004996011644425558
0.396498140569638 0.4705515697639741 0 0.0044535234956868935
0.7363106030831745 0.4755266459481922 0 0.004895092221657654
0.08559986880568592 0.7426506936416173 0 0.004234952540232756
0.4040842671822095 0.8389949740929672 0 0.004760396872218405
0.3930371293327423 0.03545722750595991 0 0.004662276926792605
0.8194568438633799 0.058516884276987965 0 0.004763424167539914
0.15822290879545906 0.19056388155038315 0 0.003772548897508703
0.15420554427004182 0.03922740910158705 0 0.004110515022234624
0.7452888706405343 0.6503822190700342 0 0.0017219366361807562
0.8465432732867487 0.7565994800716098 0 0.004826497814433318
0.8431476178744328 0.49225533175945885 0 0.001252384094784617
0.7814307057884028 0.35507017956988857 0 0.0049999251220516835
0.2711242904975581 0.43921462079390056 0 0.0031878563619364476
0.944901384496734 0.7922060703183367 0 0.0027749412124493875
0.30739028310487276 0.9550274362321026 0 0.004789426573567087
0.20751962575050517 0.6026831632873418 0 0.003483204327724253
0.7079908495386713 0.9341515504894689 0 0.004826249558660951
0.9804504572849675 0.8736946500512969 0 0.0007437194313437304
0.4708706080137158 0.46523604680961667 0 0.0032817701125973362
0.8649955084011473 0.5538541584600752 0 0.00316715670239202
0.269322314359934 0.7854611911566406 0 0.00207080797799538
0.9985543064890688 0.24837455234468928 0 0.004464223081979636
0.5662196974831536 0.5367835562104355 0 0.002188421675364414
0.7287648412332571 0.3660176456287591 0 0.0035816641464993387
0.1662501896088939 0.5473961823114769 0 0.004209579697245905
0.47026137575465027 0.048548588535065815 0 0.004114974966757934
0.8096670827453512 0.4895303801596916 0 0.003467742065882254
0.10649134481236154 0.421245715750639 0 0.004883540336835089
0.7319778188005646 0.07696303189816699 0 0.0025811777430558604
0.49621807537986123 0.940017482850494 0 0.003264198065661012
0.927420531998972 0.3204481902633263 0 0.004208961981128777
0.6250644533560301 0.5753376887380746 0 0.00310060891321885
0.17874430236428548 0.9124931349385663 0 0.0041182502770257005
0.0073316273848139605 0.9036798631272597 0 0.00495571357042842
0.623128304740062 0.7544765567309905 0 0.0033710153033534285
0.2070694573219843 0.2626475207768522 0 0.0049702909312334
0.8769442221588662 0.11455259413783013 0 0.003852181941571998
0.6580725859580064 0.5416544874494053 0 0.002694998227007384
0.6134532045152986 0.98818098704107 0 0.004250207334912809
0.9458863051468898 0.9554640598835932 0 0.004867172466937647
0.6189194723238677 0.2514505942208752 0 0.0029588122426943307
0.22646980784977885 0.007691865697958206 0 0.004397955392789471
0.24263831084288753 0.0033537293716848723 0 0.003763325458273889
0.1285452011012099 0.48129041067255357 0 0.0035159171617841363
0.3095807655200366 0.08384568558659843 0 0.003541198314471539
0.25443040559449454 0.793543112165783 0 0.0031000075607260282
0.48388847034125687 0.4233058006786227 0 0.004753605919351998
0.6893063289580813 0.18134382198493934 0 0.0034500925037762925
0.5412908297896496 0.3147322030908926 0 0.004576301735164159
0.19797608042848355 0.25996029882834165 0 0.003121622353618722
0.2816338994302248 0.3054579776449105 0 0.0016276527033793563
0.7095056184267687 0.028649604662501986 0 0.003896262387552394
0.27211647060424954 0.23493997892729776 0 0.003910774102385387
0.5956498297598428 0.7055313765197074 0 0.004143877808533231
0.32605347436061966 0.0405597403654636 0 0.004664600622041521
0.4207860390235018 0.9509591458223973 0 0.004931940070927254
0.4592606938417984 0.6006165505767337 0 0.004988203818018301
0.6289048324652096 0.8998632121070563 0 0.001980927733078184
0.7940965497635715 0.21614922927873312 0 0.004956870668333044
0.7387693073823229 0.6149254085633835 0 0.004511884781751302
0.17014651417645285 0.41187076978174614 0 0.004732349544796166
0.10105911362642449 0.4107011113798759 0 0.003568110565574436
0.17681972676117005 0.28116593638864423 0 0.004993531285586348
0.9892505092329761 0.7342956432741105 0 0.004993420755027303
0.7464084519656515 0.994134854137546 0 0.004585171048675186
0.8388549931118396 0.9800543806009738 0 0.0017853923104836514
0.22033172753840932 0.15150050655679945 0 0.0047052139574849175
0.33559169084978074 0.5239070835212332 0 0.004653902282366304
0.3485231688398373 0.869956930360264 0 0.0038119253808428645
0.9206069115095835 0.8322643196179328 0 0.00494227176168946
0.8302345547899378 0.893754541592411 0 0.002295818669670583
0.4196930308777341 0.21131921141462726 0 0.003746669515756971
0.8780397716446001 0.6351444242558585 0 0.004997859996136394
0.522465079920853 0.062344229398806 0 0.004659531807944857
0.1369555970191297 0.9859639797484908 0 0.004999996278030759
0.9999336141926204 0.653454023168439 0 0.004732573278591572
0.7253837412210032 0.6372762012599281 0 0.0049992746166730335
0.062405799812394455 0.664809017196739 0 0.00497635438960554
0.8170028013815168 0.9733272131179365 0 0.004983594182160138
0.7363426612481522 0.26874679389230655 0 0.00460141741871941
0.7653028860865274 0.49379363632196466 0 0.0008966415157612034
0.8217070643194082 0.2137585121788241 0 0.0049968271050214
0.9246467576373383 0.6343457913031664 0 0.004547486409550272
0.5909514341025114 0.6519856213906814 0 0.003675817421399648
0.758190266987973 0.01727073856872085 0 0.004109386980626919
0.14013391355934865 0.5582261629498161 0 0.0017902652997635606
0.7959496374360405 0.033676082534912374 0 0.004097393199313794
0.5390243338899473 0.7950241669004243 0 0.0006145608545492713
0.28787573020864726 0.4192097858393065 0 0.00423857336756478
0.29403321742743477 0.25683112281575854 0 0.004996567886370108
0.9007382606904303 0.1990454463645189 0 0.0038731907003891047
0.7435146684037164 0.1927306535319012 0 0.004264553802296855
0.11374697173997193 0.12168972703013302 0 0.004999908097184136
0.5700382851819892 0.2524499857908636 0 0.0036348217623539385
0.311821224297763 0.12268186767719379 0 0.004977945594372888
0.9413377460441504 0.48355755904621694 0 0.004811668436020844
0.7629962511739022 0.6741227229183449 0 0.004295982141552234
0.8745593978588783 0.6070339389097307 0 0.0023226429590569204
0.5366208925716974 0.9673749512415367 0 0.002659966865975193
0.11980073568325132 0.8108740081868333 0 0.002491500442880789
0.8543050996881929 0.921872413575356 0 0.004975335709900755
0.2927227221294309 0.07485976419351291 0 0.0013629125407712255
0.23049937403360385 0.9698454108560526 0 0.003982170953026405
0.07251253320098482 0.3711276672017743 0 0.004928896472565747
0.7651192037417378 0.9918602079357249 0 0.0049045225314473416
0.34845352801591306 0.03275979414148099 0 0.0005676168811379757
0.9102750633078941 0.9439221037464895 0 0.0049994450048436705
0.815111376839421 0.9451421454481274 0 0.004815763323405901
0.626857156479697 0.25545709148777435 0 0.003205645966173671
0.6824352925834072 0.4695166717412517 0 0.004882042428713517
0.989598242772345 0.9104150897417427 0 0.004157093630478737
0.5274693183597035 0.7727056054700411 0 0.004078880181828407
0.19638825144295388 0.2244253180396024 0 0.004909499596032953
0.9259158571264935 0.11378585604648427 0 0.0028278243609631605
0.04501975995266093 0.3034093692285235 0 0.0032360727580818794
0.29933452494589247 0.45151951317691236 0 0.0034946517225041287
0.38283459575915063 0.5849846514580284 0 0.004988641687693503
0.11623877732667319 0.3053771745818426 0 0.0011633159889641788
0.02652705434095303 0.22953899315149237 0 0.0020707848796883404
0.015668378281715405 0.48576630231684886 0 0.004006634715886474
0.5836637899404817 0.33968060577257925 0 0.0018387405439369193
0.4150154564635728 0.9991194196610653 0 0.0027655951948861337
0.9602878423204659 0.02735597897749719 0 0.004850616798566064
0.45927198609019265 0.10727347528943675 0 0.0049623167641889634
0.1098548372901753 0.5953833745979867 0 0.0046295313463070075
0.8407422138327248 0.238966387498006 0 0.004914429690164114
0.18941678686342553 0.05736527982733118 0 0.00478439167864625
0.4629729383454852 0.365327543835049 0 0.0038628670382213712
0.17078270416003458 0.02800660281751865 0 0.0034373264398050124
0.6872401694379502 0.26526507725215615 0 0.004621092493763831
0.3675994925034874 0.25251584475963956 0 0.004588493443489761
0.21763606524017862 0.48518084882863993 0 0.003368289845543252
0.9816304277579889 0.23258639386518085 0 0.004836697329212226
0.5184341148430143 0.6473653655510125 0 0.00432558865482421
0.028706753262841105 0.3992090682093899 0 0.004036700642323612
0.5406278021714348 0.3257273126636406 0 0.0049798984954954485
0.8757804359401079 0.17485425509187866 0 0.004996606181747659
0.5493531936908809 0.7458873089007299 0 0.00292239659221971
0.34168507863102565 0.3274011833597386 0 0.0035785329902551515
0.9599777799282722 0.16701993977657179 0 0.0033701634107339814
0.7553658010206907 0.49237744920027376 0 0.0031270075395426335
0.592149827206128 0.6435167851633348 0 0.004476722874381572
0.9770776161433691 0.5808968946579846 0 0.004752202254390163
0.5433469875146978 0.6249135671703011 0 0.004871473342696337
0.30987073264214654 0.9271343275901108 0 0.003626938115361049
0.5603031481529469 0.6915253161470066 0 0.004855231598696199
0.13779416296773148 0.0953560702255679 0 0.004837310920246041
0.4776995871100615 0.45786036374741584 0 0.003174426512166634
0.30558358379781086 0.49584120947984883 0 0.002973705706419208
0.3379010574539884 0.42691860210026616 0 0.002804337702531838
0.3274898074034606 0.7511656268504175 0 0.0037119137880253913
0.9481988379694184 0.7062546525519716 0 0.004510995756698077
0.6123248493501491 0.4397167271271028 0 0.002026938731302524
0.03246705230761247 0.9407342286088776 0 0.003086637076755196
0.3964344986566713 0.8220550592549615 0 0.0037033097925251272
0.7280883066976727 0.5328529416659297 0 0.0032727524357928552
0.060563875536382414 0.6248005960816788 0 0.004995366483354063
0.34374924414686775 0.6380961955783585 0 0.004109656357972455
0.21483425433510714 0.6986749553412196 0 0.004912320966647994
0.6456117910922204 0.6197902223572969 0 0.00048553644896655985
0.19951360348570998 0.9989707944233518 0 0.002806673431978122
0.3615850005338937 0.8480375512337951 0 0.004380266023850302
0.05499231781040968 0.7817901189917662 0 0.0045992946621103556
0.9670707660309669 0.37609555004084255 0 0.004350441511237413
0.6913280622275464 0.7190058414472943 0 0.004421710985025755
0.15999749035017005 0.880702850029781 0 0.004917277651564749
0.5567141660944083 0.023323369790710584 0 0.0029171515586413517
0.2655993170567877 0.9035080583141781 0 0.004960702481636323
0.6368235349473996 0.46285603511061585 0 0.0034655393118920835
0.6693405001425405 0.21350656238717977 0 0.004908956761387318
0.7204886671749411 0.09200937315739897 0 0.00498171144112104
0.7973061388479848 0.6579503720134677 0 0.004747893743508731
0.8458910943399679 0.40311647509551013 0 0.0029446510436382267
0.22197187549295236 0.8621937508819845 0 0.004117748696679317
0.00435353829948692 0.6727129764566526 0 0.0043503203266261415
0.603137834155997 0.023522739451820478 0 0.0049803723201963185
0.5901972786352624 0.45506739572691085 0 0.00441641351983502
0.7375650396167454 0.5126727258114878 0 0.0034278165784204836
0.19332038522936376 0.7406012452954296 0 0.004634257540574285
0.6945325380006316 0.027353111083721286 0 0.0049559081300170026
0.12855717370633965 0.9407788154062269 0 0.004999999708972727
0.8114532578601237 0.9954774945921165 0 0.00316662783538695
0.5771508984423491 0.039566051130039734 0 0.003329600461939635
0.8682930909207626 0.2806591776640948 0 0.004995136075154958
0.8471326946372546 0.4405256620366446 0 0.002634004461892521
0.4471261675407508 0.1833844957267545 0 0.0039207733707712815
0.251355924451148 0.1733320031417893 0 0.004973638907831897
0.35471765638107194 0.6577272173210444 0 0.004225008862110012
0.9499267753581149 0.18325469803873137 0 0.0041690170915624795
0.47306053517511887 0.2506169764714284 0 0.0031429265136086204
0.345184005968773 0.05532157218887067 0 0.004999990126667454
0.808520106064781 0.43689759721913374 0 0.004633348203389641
0.7638559760572124 0.7539082550640711 0 0.004545267599181054
0.3653522819443496 0.7051687539538346 0 0.003682912562120793
0.05907491283457243 0.9038174792341529 0 0.0043300217514566555
0.6016287341835598 0.5570089691414011 0 0.0037805202598029178
0.860129209257652 0.49290898642909203 0 0.003156355816870597
0.042825755232122384 0.23525967045025328 0 0.001230857559189736
0.9827893055248268 0.7212339556759353 0 0.00486999605076037
0.36018298842080815 0.2296097279586836 0 0.004014683144535953
0.7161236605013345 0.5061687422046919 0 0.004513666141372695
0.7658538163111497 0.0879596123053583 0 0.0028931912693678937
0.15582235106643502 0.7850412812038514 0 0.004158129949852723
0.011186005220524146 0.9462944952192338 0 0.004581192189955087
0.8640749637507542 0.6847206490464917 0 0.004876117145324376
0.6124068030989636 0.2823407831668708 0 0.003381255012193308
0.7245498252707464 0.8583165236777797 0 0.004056916850806618
0.0904717872997267 0.753887094964131 0 0.0034073095549010685
0.5672515859306989 0.4024578046220278 0 0.004650964062043165
0.7960594563530817 0.7440949460448123 0 0.004863283470665749
0.4509526799001112 0.9721963109830003 0 0.0035150453058925557
0.8164725735747568 0.9057969637397454 0 0.004259019039170648
0.316910728499531 0.9987528768553109 0 0.003791765311206863
0.8805887781328648 0.2005487122925896 0 0.004538935543267427
0.738136109352977 0.16077002683944838 0 0.0020783782282523867
0.9136657181621894 0.3608127173410817 0 0.00339484187981492
0.9319314574555428 0.49059718681587067 0 0.0047631357700752995
0.9749238368815664 0.14725026177712416 0 0.004177648088109255
0.09148484364542207 0.12326593925952799 0 0.004902861106622266
0.5857457973543996 0.686847633575646 0 0.0049371112121984785
0.3798749687526259 0.47057998587207245 0 0.004935697891527071
0.6747059570305352 0.8649250651803789 0 0.004997870627009729
0.7331792504974535 0.41354519984206145 0 0.0036505033096887033
0.9233763729765135 0.2725911893488901 0 0.0040697204048769885
0.056049783618234525 0.3514082139383358 0 0.0017764464694703533
0.6334770595876951 0.11705122747769435 0 0.0018135668441131435
0.36879370041393983 0.7486590285739751 0 0.0030885499205892545
0.24666328070301 0.5320151037894142 0 0.004171214046318059
0.3521674794527931 0.6376990358041927 0 0.0032450877147943208
0.8463248259454476 0.528683774544835 0 0.00423156644835659
0.8123204124294037 0.723352622420366 0 0.004596558974543678
0.8597449477136927 0.3645894877033449 0 0.002751162955350821
0.9520612304160331 0.08966921653891179 0 0.00439170393425714
0.5308116769122122 0.9800717353784915 0 0.002368473481259117
0.06624468536410243 0.577322250803359 0 0.00299941574321805
0.777195837940549 0.7554456905534673 0 0.004997416865703548
0.6630773131473089 0.03873492915494302 0 0.003246925997389183
0.2080250975286234 0.2467545628124108 0 0.0019593297831549134
0.6227408037588216 0.4527457314924977 0 0.004826495840160358
0.4107792460683091 0.5822316530477508 0 0.004731044589759514
0.37463689324026 0.8413461184872141 0 0.0038745568968624015
0.32475817902434895 0.3459491604453297 0 0.004663386990705642
0.19809063181934847 0.07434637460075942 0 0.002706450479745994
0.1572227367213763 0.7379167917921791 0 0.0034769720225887478
0.052612076311545505 0.12852625633494616 0 0.0027865549253545483
0.575395926381088 0.8044903575025005 0 0.004429631863252158
0.737211572045267 0.2913159249365587 0 0.004999406204237244
0.707857012894329 0.19386334677614378 0 0.002418083791664083
0.04802101280356484 0.4686998354371507 0 0.004937524856535682
0.36217750766020734 0.41353517792191213 0 0.004565531492703972
0.24779866258791314 0.41943562917889793 0 0.0018607256072306997
0.3901308517296365 0.7594593315207769 0 0.004911976779025305
0.326705706259016 0.08690979637957717 0 0.0048343393848390695
0.6050559528072414 0.00561869241793333 0 0.004996827992095898
0.633636849958703 0.8204304434889099 0 0.004930231021933929
0.6181400560695991 0.9969071623258701 0 0.0028286473916560363
0.39166939296457187 0.40079308043645095 0 0.004453399257948913
0.39232693792114864 0.0035827639735137536 0 0.0048309880527358075
0.51237918146698 0.4250086626733716 0 0.0006542199059566006
0.34706327301191103 0.7657265269501441 0 0.004284580890630297
0.8668762156800925 0.04007531756840331 0 0.00493263974798065
0.21181194204103657 0.6493613438321517 0 0.004514491766344582
0.8459852394632333 0.04422795714886717 0 0.004970785537031581
0.9237827141951331 0.5170706682910294 0 0.003914333914260925
0.6899764075418766 0.2770467240127436 0 0.004967720260076605
0.6175160317861634 0.037193968005138286 0 0.0033058382241507893
0.8518248831073454 0.7415172238498933 0 0.004546519284652208
0.0680152136689136 0.33869163106994643 0 0.004212072032054383
0.04714524960444387 0.003101432856806858 0 0.0041544143075546046
0.8108246513299902 0.6414311791686814 0 0.00477529555186536
0.002707799827922903 0.9906650972870814 0 0.004986028671314051
0.7777581173973168 0.5624812223430324 0 0.0035179677881481907
0.5701984510363193 0.9500109300558526 0 0.0027347209689166587
0.6266144700518961 0.07202476958238667 0 0.002501920182778956
0.4597735476844354 0.0344438379289561 0 0.004981700717160474
0.05103939708215842 0.9740322001595315 0 0.002678298407514857
0.37990289590417553 0.6274326027483093 0 0.0031229769847958768
0.0077114510829735475 0.7206490555436558 0 0.004255404333906888
0.535720163793225 0.6421066537805954 0 0.004981990354458659
0.12303399874559694 0.8542628222695463 0 0.004985104094442789
0.6761474022758103 0.6524438319996281 0 0.004975072263447679
0.7476753765302503 0.4629942155111934 0 0.004987557055957372
0.241607862293814 0.5752457041703207 0 0.004928011470851932
0.7458033655795883 0.178904222146527 0 0.0037547327916713203
0.7094132339006171 0.07292151378410648 0 0.0028286703491226914
0.7858263107443656 0.3817048462426524 0 0.0038303588269932983
0.8895830541967945 0.5260254466954806 0 0.0033511882648620994
0.4701497924555937 0.3539035456842711 0 0.004946865749045749
0.7019293842969604 0.785790538241079 0 0.004489767904363313
0.5512956397493857 0.8606362931541057 0 0.004385792996495362
0.7203207743828791 0.18725339159524898 0 0.004636316255927133
0.08231832113675329 0.7729346310494227 0 0.0037665308790549535
0.17066081311877132 0.730040066976391 0 0.0043465868478345816
0.021386667959742083 0.9796304436377713 0 0.003530416903373192
0.9586038849298737 0.9712179090934696 0 0.0034617590186666117
0.8195916839287415 0.7924037463291929 0 0.004944856275798928
0.12917089174316618 0.708704619237169 0 0.004900022070630974
0.8959418984413865 0.35911676626056926 0 0.004490483373432242
0.47838157564893974 0.803565534268555 0 0.004839095267219046
0.6385156869801021 0.08898630089013902 0 0.0015487592515432329
0.36322849462871704 0.28218471788220617 0 0.002479045066245298
0.7347848191305492 0.8152780737008444 0 0.003038055349101885
0.17156655329057233 0.3357913467026596 0 0.004911196759837711
