0.49107577441192957 0.3090555680745129 0 0.003468967533913296
0.032954652488310185 0.6609761394775434 0 0.0045606799903043565
0.1578705979371172 0.8370683007027553 0 0.0016711333502586105
0.7179610671839711 0.4022710075928742 0 0.0043533014633182245
0.723956667942942 0.4731705791382163 0 0.004755786420213172
0.05164637380311475 0.3606465816957803 0 0.004588592914245371
0.992784989949741 0.00512037204930082 0 0.0024558072502057185
0.3557648086599052 0.3759971321610935 0 0.0047503236045280265
0.09143558248219928 0.9521803712044199 0 0.004252031421765793
0.7431601631986942 0.2250253924302774 0 0.004692129882454284
0.5289441802131414 0.8697365554077092 0 0.0004231045256000715
0.03509625863128139 0.33761460084296474 0 0.004943688507201559
0.32685389850837826 0.4419171272688354 0 0.0043739071942683425
0.8546323805868479 0.7353156890997029 0 0.003490353241226632
0.10999656387380173 0.6081127099265219 0 0.0013664975615871916
0.4602376902028574 0.035599601280356316 0 0.00412394815364745
0.5113145494743164 0.6770127485807205 0 0.004645274996945237
0.452267880929148 0.4713460082713034 0 0.004499547844792019
0.8701954280725203 0.8667187438396732 0 0.003982809743680523
0.13004856650237936 0.7114858204683134 0 0.0018344914627640286
0.5046264191686021 0.6360473099596172 0 0.002830878735510802
0.8037413814666156 0.6617701815373158 0 0.004231838388960416
0.12678639693298885 0.9777933221467472 0 0.004345124433698916
0.20247409826046456 0.0668166398394797 0 0.0014281230682016018
0.47523409412831513 0.511462227178728 0 0.00492733911656549
0.920877079009395 0.15547162294296543 0 0.003480507695275277
0.2961268311949254 0.5940527245241424 0 0.003773581048554039
0.24507207130014805 0.08313232954876258 0 0.003593784125323216
0.49074936471600344 0.4696483625417786 0 0.0021034936845550196
0.7361995653168726 0.8852146066569003 0 0.003795715258704257
0.8121968417361759 0.7562747260497112 0 0.0021526391045483973
0.2612918097045907 0.16858995157063203 0 0.0037509212343116083
0.24001923897225572 0.47586731109085606 0 0.00499434913539778
0.28774972544361627 0.8191468688171974 0 0.0031281137303180127
0.45557682345809497 0.1220254783103114 0 0.003450866863580608
0.832630828468581 0.47720776179097407 0 0.004257581760815584
0.6174077624982173 0.39081429145793006 0 0.0045174201539016625
0.7479839449743713 0.6308974903917675 0 0.004868243528643428
0.23498006537509072 0.9374295448605862 0 0.004120847537643221
0.031913681019346204 0.39474940650740215 0 0.0028249746002502185
0.06561571081965255 0.9795466675429151 0 0.004568208795891081
0.14302699925326653 0.048843799932436135 0 0.004150397975183894
0.8278825769946697 0.23108015885975694 0 0.0033519525789035844
0.4574092822297426 0.20119582416522017 0 0.004459029381342828
0.348309119164196 0.5767811620032591 0 0.0049291764572154525
0.06958071913885332 0.6471913824257055 0 0.004356753672620577
0.027358102364666396 0.13104264135385543 0 0.003169559966337579
0.1313586073453694 0.6797741224015776 0 0.004599294387274073
0.5225279959625249 0.35491094712955323 0 0.0046403612327962866
0.8478375306665265 0.5303154323337297 0 0.003952800738485181
0.1600470657529239 0.2629752351489802 0 0.00492477547687108
0.703192754073317 0.5839721022245701 0 0.00497805620444008
0.5361598743543408 0.6304258703719811 0 0.003638085884965706
0.16394695017491154 0.05343348237638822 0 0.0009905570538331309
0.3448977998480964 0.24397312141204183 0 0.00497080444024617
0.08280228202783434 0.505705922914259 0 0.0049149958030179275
0.9471999274021238 0.976205119124626 0 0.003640578042229765
0.9024580162075856 0.8563065668930797 0 0.0030581462881117114
0.5850598761699873 0.12961104782337304 0 0.003383879477101613
0.2361927631557492 0.9622038900373909 0 0.003913943150806912
0.9362822221624674 0.3753450339011017 0 0.0049981878754818574
0.2916853163492436 0.6673189753170682 0 0.0049920223468947695
0.8208346988335491 0.42645358685419427 0 0.0015664588378008135
0.30039101071152524 0.26648380294462265 0 0.0031934576529954756
0.4682696465087898 0.20205096663483854 0 0.004801469317376094
0.6900027624995192 0.6998887263694292 0 0.004266061903892858
0.1850389988938452 0.15236223725469175 0 0.004857732853011401
0.1366594367404552 0.6292988895705446 0 0.004643669832247215
0.8645513055846477 0.9689849937454048 0 0.004999618870449236
0.9698032568234383 0.7307567210607758 0 0.004355825141168136
0.9355726361448695 0.14738677124133856 0 0.004975464950839158
0.20724426833861628 0.7893308557127511 0 0.004104473396777804
0.904524162146439 0.7360709370929489 0 0.004993943240751969
0.6361399995645965 0.9232710042716493 0 0.0004366199888056077
0.5729686002528054 0.01933777309114492 0 0.004575608169732298
0.10035824617409426 0.001545770405234732 0 0.0034574562675376663
0.8354953552125922 0.7802988236053906 0 0.004267216480406662
0.45710770632623104 0.7524162836508772 0 0.004745986177612747
0.6335872958893587 0.7291094202537243 0 0.004962087761667427
0.5093021499986721 0.8842707659680857 0 0.004992797184185153
0.8636437201867022 0.1162054025385094 0 0.00496185239428643
0.5203883772747622 0.06832912512416432 0 0.004359487553405522
0.5683214250370116 0.7353242410225098 0 0.004775343474203685
0.05530889899579637 0.11972513897061464 0 0.0026898073244448475
0.9613327057683049 0.4717218781368065 0 0.0049341723094732505
0.4208459509055947 0.28648294368871446 0 0.004948692744302632
0.833757950576115 0.30767890058326236 0 0.004085077973449778
0.6234368807088655 0.96953706618867 0 0.004002520576401248
0.4200587936482621 0.4544543685173494 0 0.0026730417866448653
0.9919437844870318 0.12060330985657473 0 0.0016193173747933247
0.3288476778093214 0.4761130080793062 0 0.004819102161904394
0.16313015321590482 0.028275730284401883 0 0.002183882519470867
0.4205678743756753 0.561488840249178 0 0.004376506137739118
0.7323509067340006 0.899763615916149 0 0.004539149189787882
0.06277061242120839 0.007825787004478994 0 0.0029398491182851295
0.41514313550900467 0.26171181702620844 0 0.00309580064699348
0.9231780809308882 0.8439610386692185 0 0.004151419317125125
0.693518663402317 0.2561993294773412 0 0.002338285816019526
0.9125760398512451 0.5857489799639294 0 0.002599415740093534
0.7867558946297946 0.7262339302850058 0 0.004567578073751618
0.656870088468187 0.7097376961493829 0 0.0033586029896989405
0.8952036793614945 0.667363027317163 0 0.0035287486996463473
0.07010660581517557 0.379031825400374 0 0.002296035163184002
0.19294858496497133 0.38055457296875944 0 0.003660222443352032
0.6366053263056736 0.3244924264468037 0 0.004789921874080058
0.16473936914654716 0.4442626259933838 0 0.004706454799313567
0.8642350774184584 0.47801013647360996 0 0.003320236932406669
0.3060130537697499 0.48807594592383746 0 0.0049825944080603
0.7244720434063221 0.61090115278208 0 0.004096925203251446
0.7828280874168859 0.17877549530911938 0 0.004495848104524336
0.048521865721508725 0.42815744096298 0 0.0014821232929759054
0.3335326570494372 0.9860211583117003 0 0.0029861337822525316
0.18369981807115085 0.10409595861171093 0 0.003267246060421527
0.5083300986882886 0.8350901017462071 0 0.004961568020348299
0.8292210444358649 0.6582622423168383 0 0.00499650453085698
0.09007526394321451 0.7798480893386834 0 0.0035291093682629673
0.5980554903624135 0.02481481329716772 0 0.0041620359584799
0.17793342527852848 0.9594085365217644 0 0.004581182623892687
0.34368402484905153 0.3299249696261684 0 0.004997023559971845
0.5112517525236414 0.3743117599286064 0 0.004350981787408872
0.5899711208887014 0.6766132387742713 0 0.0027933906975514127
0.7348769078904093 0.2519346529862821 0 0.001732300858178508
0.6121464668240594 0.4313071036495985 0 0.004233276843374923
0.768534923217642 0.6811035419941593 0 0.004459776317188832
0.8337523415355527 0.8743122037824913 0 0.0037955905350648372
0.536585458995558 0.14748320076316176 0 0.0048710226873791476
0.20703666914683957 0.04658114616335472 0 0.004615961338353482
0.26571174209395826 0.6316149746056372 0 0.0029028741723159434
0.6601546905708486 0.9051468137270542 0 0.0035952234619820445
0.8712090630700163 0.16274907488249787 0 0.0038156234751741502
0.813664320616431 0.8946931148235379 0 0.004341492040280888
0.17531183604325482 0.12003169641816279 0 0.003051387738416466
0.18943075634546977 0.011070326141882962 0 0.004979819178705666
0.7835450307155043 0.914137033063998 0 0.004746601681330518
0.6190235224345724 0.33306824834413246 0 0.0038956264194003444
0.1767612318986098 0.4653130990093522 0 0.0038147833021280604
0.6407359760092625 0.13120392923961674 0 0.004907343985175908
0.8855028937662901 0.7921509267743077 0 0.004881231364888412
0.07959068203930174 0.9534553431189843 0 0.0037066002580589787
0.44106287818841744 0.26315842228711134 0 0.002442072556865415
0.47579767459599703 0.06523707131540445 0 0.002865929157977231
0.4591412899762172 0.34212489308268706 0 0.004761966970666078
0.5525410911063837 0.5711569195261291 0 0.004999478706056958
0.08503018756556101 0.3934894512691505 0 0.004425066538999497
0.0913106998757338 0.2955981912073791 0 0.004647508687983887
0.1760108363557322 0.6253027847069045 0 0.0035803553601900682
0.46008901937325847 0.6862760741871538 0 0.0033290771496260114
0.8280153164618314 0.535040080528383 0 0.0031671864452521934
0.6410693543594389 0.2925549512306656 0 0.0044299096712687005
0.6805768973343805 0.990372074629147 0 0.0046296326210301
0.21089110769710803 0.6311711596302465 0 0.004998078947767143
0.6278614270727892 0.47880960510148246 0 0.004259282646680144
0.11107512031865095 0.06347157773160182 0 0.004537901969033563
0.20060495739278136 0.827656820910885 0 0.0035089011436013114
0.4908240439442599 0.6927168826355418 0 0.003985932379743924
0.8300033272171593 0.023983907150175947 0 0.00365474771866377
0.3252832877647725 0.6610103663847864 0 0.0045096981385775855
0.7580606633977189 0.04176005831301731 0 0.0048224019094905025
0.980248414053951 0.5604908926426145 0 0.0020120467162314595
0.1769101442796341 0.5403733111975875 0 0.004724702618324548
0.7622393752636514 0.354976365396195 0 0.004997571915587504
0.40558520119911395 0.18241402192627706 0 0.004828671535745895
0.11988516672789139 0.39920163288141225 0 0.004964048557229922
0.41917514714488163 0.3239290288874163 0 0.004878252066150518
0.5039226633887302 0.14531132038269598 0 0.004124074277973902
0.7752247808191586 0.6872242215555889 0 0.002904255678790019
0.1001989432488015 0.40946038739434837 0 0.003039399958808007
0.0012286653149287073 0.2835348658275361 0 0.004999521574931973
0.3321191915224268 0.12543536354199356 0 0.0014736428705174993
0.747530353743776 0.4103930251842867 0 0.004090227207456868
0.9852502013817458 0.22985986721487092 0 0.0049758735379881154
0.8631253882309528 0.20252830297340116 0 0.0018193644838452087
0.5054410771229948 0.0940043585365815 0 0.004925454212886211
0.0252417362523819 0.18072064691786924 0 0.00461022230299055
0.15196198053091356 0.7627110183914997 0 0.004478656903290745
0.23322290338058668 0.11877849125583449 0 0.004999256339511707
0.5924075168797974 0.6700990712307281 0 0.003898192324822624
0.05717848695324233 0.6519751471224994 0 0.004626423599819176
0.1851491384544572 0.20412606490024152 0 0.0049692408419043385
0.3239644341988211 0.7205800014490017 0 0.0017716091943440686
0.29796302595607366 0.9464950052980905 0 0.0033591686427882654
0.563346243612458 0.6545661653322229 0 0.0028396896967120334
0.030165135664011127 0.8307919556405834 0 0.002122469345350214
0.7499985185214693 0.8651205109996458 0 0.004148631625341877
0.010362554259129124 0.6935968129088136 0 0.004987733586123081
0.6277301841129873 0.1762601536451502 0 0.004997764092682577
0.11234341622978782 0.25001610403963054 0 0.0027937906975110463
0.7809174487606257 0.06744924683491314 0 0.004968771986738916
0.8700978656622984 0.22830649420836044 0 0.00392131560249895
0.9782010689079603 0.616338436160577 0 0.0029905728429412168
0.901469479249515 0.32378006181018143 0 0.0027112021463881362
0.951945435118454 0.20274072663402695 0 0.004975143173880098
0.14383378497359875 0.33296473858333736 0 0.0049003209116997345
0.37444839564579563 0.9036618820053696 0 0.004837676448861485
0.26253501096599724 0.9733844367018298 0 0.0029410893422121315
0.1002772268460974 0.2725277984866737 0 0.003783968560697903
0.8274710211347986 0.7454079893018211 0 0.003970755062790258
0.9903454815503123 0.503232157739758 0 0.003010342150945389
0.8922200086083043 0.07139554184758477 0 0.003915102057110068
0.5078614571587482 0.5799851512027419 0 0.00452324543981955
0.18912697794287944 0.9458744352122185 0 0.0033540089822861516
0.5229099701597972 0.7662534168835962 0 0.004969638455336585
0.5028449086963104 0.05403064955430413 0 0.004963215144491539
0.6457329025782103 0.05921427051595639 0 0.004834505443792175
0.6618176728967786 0.6887400522854659 0 0.00499497324376348
0.16446516202147274 0.8178672597121317 0 0.004492386214700738
0.11562161001091663 0.9898112823722484 0 0.00496864916076257
0.9979200560848146 0.6436912302938057 0 0.003983575498397075
0.7427728140448226 0.3812757222407263 0 0.002673278672866592
0.2261712398713089 0.41244027919888054 0 0.004362393052496517
0.5631544349063857 0.2587303922768441 0 0.00467061865809782
0.8738430425204431 0.4950889361168293 0 0.0031726043880940936
0.21456909559623313 0.9883450072519845 0 0.004361928201611979
0.5110561357905793 0.792427234187415 0 0.00498208423871888
0.566521029769582 0.9408357286844653 0 0.002069704696512585
0.345119287247071 0.8590505856758545 0 0.0032685879037707326
0.6941963233255531 0.01928621106289518 0 0.0048128887515354645
0.02164927500534885 0.4429838840822666 0 0.004861592705284198
0.04885038227620152 0.5760365549077228 0 0.0049382686634112305
0.17613842017092493 0.8986612900400363 0 0.004399274158479568
0.9525249451047191 0.8418419315859305 0 0.002227732610028859
0.8155700248038422 0.817595931810342 0 0.0005283345064275457
0.6709556674567696 0.046331656451690226 0 0.0007056889484349967
0.46994530060291834 0.7740746908993889 0 0.004935016802926908
0.5051645624441334 0.8230583192270442 0 0.004595992320364523
0.6112008927437744 0.5358976528147957 0 0.004993098729434726
0.09826976644034179 0.4873264590494539 0 0.0019514817231148231
0.1579126421304636 0.3834409375222501 0 0.0032950519765851446
0.4097534930809236 0.1132832588500182 0 0.003317932725479159
0.7084567101375538 0.07700228356595261 0 0.004420258070252003
0.8677965691766122 0.03135802130761477 0 0.004230842503310823
0.6019238870378975 0.3072873291441404 0 0.004887901894767996
0.26336447719734074 0.44009861618103 0 0.002699029607235233
0.33328322337120436 0.7332950636461076 0 0.004789605642175239
0.5776818645271862 0.34665062586255285 0 0.004669116759391699
0.4654638858001687 0.5194837067522913 0 0.002177713609103737
0.7452227297907619 0.34539641549591954 0 0.0013831197123082607
0.5495162458147406 0.5330545042263634 0 0.004953817540775657
0.8169966509014577 0.6427621049826786 0 0.004975558331607811
0.7301799826172525 0.16107176024901013 0 0.0022272241848396244
0.26450829614549815 0.14865273177042557 0 0.002716819280128366
0.6275961434005926 0.20238385682062052 0 0.004821225791037932
0.38132756138585183 0.2613977152412687 0 0.004986692981743309
0.036004039130737006 0.0822272884907853 0 0.004997642973839429
0.5154287539026156 0.9134732488978359 0 0.004998026035991785
0.2121038737233146 0.031244475745809124 0 0.0039049917242952046
0.35941688040022607 0.0214973733548287 0 0.004729351475563328
0.7488455466009583 0.33360187666147806 0 0.004847901229017808
0.09263071993920556 0.31230985998948185 0 0.004909241269888334
0.5520860209384983 0.26455443021004793 0 0.0021351480427466295
0.5164752630613036 0.5872374907123058 0 0.004998554537704755
0.9170071774221487 0.5516993842430906 0 0.003141566586680668
0.5963278420835774 0.273870921473327 0 0.0035963811992568654
0.8466231731139622 0.358917954423611 0 0.004190558973122346
0.8885016593293894 0.5073375376146 0 0.0018412884616942895
0.1817511723164573 0.41199821830747435 0 0.004018883716715984
0.5413748370026052 0.6458394582239894 0 0.004331757558020985
0.3268964334190169 0.6770527694044283 0 0.0043482722372360965
0.1313984868695359 0.17803287689988287 0 0.002601368975705514
0.11320279086125427 0.027758119672515506 0 0.004890676189027993
0.8281885712482815 0.9632039393887369 0 0.003972725500336453
0.7772837094815206 0.4336601965834314 0 0.004942724545764661
0.10056613712063898 0.15569632188670177 0 0.004966349071195643
0.39128424576014315 0.23542994850896312 0 0.0030087201801711396
0.26093988328944356 0.41926526449196294 0 0.004816563194024707
0.4778967422600477 0.7226938623490428 0 0.001080097757653926
0.8826656153190474 0.44773591245981886 0 0.0011477577913300353
0.9550797442725716 0.6754291310229643 0 0.0041503217211596695
0.07376109795777351 0.3404018648307417 0 0.004666489821013182
0.11505351454330669 0.3769943823063417 0 0.004988293033383207
0.5460983157124197 0.7872047455633767 0 0.00434829834179679
0.18041842849603437 0.5510357145474727 0 0.0009453965030328091
0.5949141792806838 0.8729009717302616 0 0.004425730828418915
0.44937618416488795 0.8850032663058901 0 0.004133168152717528
0.5768568970340358 0.8676511843430965 0 0.0015830413297493653
0.47956245910808964 0.4188420895255029 0 0.004989048117603982
0.6814468934631298 0.5795340272555313 0 0.00403773268274095
0.2611620917039294 0.24797028309442357 0 0.0035759410885001838
0.690556028336469 0.39758330901880307 0 0.004943763227381959
0.9720941208090814 0.7440463813928286 0 0.0043234859695417864
0.3675817546561146 0.07057352149163364 0 0.0047995782019868306
0.16365205465076135 0.2174890809546904 0 0.004942059190490087
0.21205330201037273 0.5524243450633993 0 0.0035138122360656716
0.6912789324205877 0.5714051083036337 0 0.004996976461748883
0.22269582424739218 0.6953274457243697 0 0.004496080388326105
0.6047773245386384 0.9437375346698819 0 0.003959265759392266
0.9378129025689637 0.1690032705894979 0 0.004633785070063819
0.23602955790914257 0.05944727060292408 0 0.004999302251275766
0.48663786751370003 0.2967546297518348 0 0.004834914137415643
0.2760782066336092 0.7753997054525192 0 0.004997930926387802
0.5814280716420386 0.2295064209227918 0 0.002013600500342643
0.9753511433072691 0.6790702299940832 0 0.0035739444848466063
0.47760943932931815 0.8406136248348598 0 0.0024462806391493527
0.971447231126825 0.395652397462902 0 0.002878865081716644
0.9136807681882313 0.7099603494835739 0 0.004999808676015087
0.7805222050366021 0.11350438347720547 0 0.0040000881044794726
0.4255798560389373 0.026624333074785615 0 0.0033525686378986118
0.7612768516869828 0.6600650231473187 0 0.004084754024053453
0.8880004728786624 0.9496449443098045 0 0.004203109479448944
0.7672029217245103 0.8153217206165797 0 0.004236255855600725
0.8753136761674539 0.8723101484152517 0 0.002625882651701542
0.6982188643373602 0.007204003366545137 0 0.0035306286772063605
0.424113633055547 0.1626944737336465 0 0.004766057803531571
0.777967329231575 0.8286781558898151 0 0.0025984740054542316
0.9333816999160709 0.8877666743761692 0 0.004259339929354618
0.4258442204056026 0.8637948679557106 0 0.002548341615893952
0.6756002231687415 0.13650239815178075 0 0.004702627888603472
0.3314915581413657 0.5218134328277274 0 0.003812921434376166
0.6344438573059358 0.3057638292066614 0 0.004057815187586977
0.6040542117784021 0.48318882481340814 0 0.0013733668808567417
0.5135833593779424 0.3979741748833369 0 0.004512545172052995
0.24423664506196394 0.7850863032874998 0 0.0030344335165480235
0.49876118395894226 0.009419009179455033 0 0.00499887663515959
0.39121565725598834 0.5962456236521873 0 0.0037888078243382183
0.8787892251409655 0.0380369929350247 0 0.002645018660007347
0.32566310795198744 0.9209892118051517 0 0.0033173976509016942
0.8943518792252239 0.4483584823712972 0 0.001629241443286647
0.4287247869418687 0.7169579903543348 0 0.004996539429502291
0.645739686301836 0.9293222488895911 0 0.004778485256774045
0.4804669247211623 0.6846360775857163 0 0.004816443280769272
0.45852507096376055 0.8013336378936254 0 0.004569719371462652
0.9530665408336446 0.6028395531830106 0 0.004931491028282535
0.5773654107271384 0.11200860233063491 0 0.0049941605103011105
0.14560836300557364 0.06272326295816298 0 0.0027212529813150908
0.41142320277361316 0.05655052116654789 0 0.0036762059732150802
0.2999539447755584 0.6570885937135117 0 0.004837763415544669
0.5462209567156765 0.40584273129647136 0 0.004727923006507418
0.7406800972234634 0.20505932607472097 0 0.00498868821910635
0.10807190901916751 0.7225690886946547 0 0.004192088724956025
0.038461645094900784 0.4758043133587256 0 0.0032580738575874015
0.9553670624180349 0.9491451061140227 0 0.0040245074856657985
0.28608241214838986 0.08757127378512873 0 0.004976663338156925
0.21563511509767072 0.9137069186109175 0 0.0026739271088460437
0.21779002856762517 0.35770439544616567 0 0.004943699082061103
0.13049736416287291 0.03308025610120356 0 0.004523840178094846
0.8152868175964622 0.40958798434154525 0 0.004780691988547627
0.9025797698576316 0.480692270918088 0 0.0017301936243888966
0.6475775593720977 0.5119855010312879 0 0.0031013064566238068
0.3916382747362483 0.7052301009068572 0 0.004400207203967229
0.30746587486948856 0.8144436582134015 0 0.004189609410071712
0.5964188407650444 0.14845844647263348 0 0.004643716455983501
0.17626170972555374 0.7126504291269439 0 0.004529135717778503
0.08660254778892383 0.6053472517949612 0 0.004490668324287473
0.8599731639139346 0.2319825069244322 0 0.004648169247469856
0.17776037953822874 0.6569381359868183 0 0.002347892069244029
0.06122695028114521 0.4798318097701048 0 0.004880088757523782
0.38670036575097594 0.4526142901800925 0 0.0022600294790664412
0.24983635262908063 0.36307721218182815 0 0.004963158905965452
0.6805474078935975 0.6462346861960971 0 0.002386214884210127
0.011997619563166577 0.9135678229064187 0 0.0020187801129950785
0.8294575566285012 0.03684045971883608 0 0.0037018307911684534
0.9008854203446732 0.5109437342865096 0 0.004803323754800492
0.39224428238164916 0.2684619921872567 0 0.004475568942725104
0.10279659525912775 0.61661417320262 0 0.002046509454216041
0.07339690682030496 0.17871826513708475 0 0.004990376772237555
0.23201056570705567 0.7125476362643005 0 0.004827883459104997
0.10219643386888287 0.17800426518865084 0 0.0027140384756538845
0.12366832664310866 0.8308953779628971 0 0.003650933894172631
0.470238684891978 0.4771193650446945 0 0.0034476117608387693
0.4351227388563505 0.6246952584932582 0 0.004662615515250846
0.23731794837977213 0.14651403392697934 0 0.0047552962984963466
0.9002856656493836 0.0017502966859901335 0 0.002998624986299003
0.7288999953572695 0.7816501950183713 0 0.004694743840138643
0.9480956388860325 0.5449897202394756 0 0.003973387540779424
0.062831511973075 0.20362600712416953 0 0.00461766497803521
0.24668396659783962 0.38661530032562436 0 0.0047689625356648405
0.3098622347432069 0.28643294574558137 0 0.003689427953120998
0.5111542405058959 0.03776770270723327 0 0.0025814285355049973
0.047925383411600894 0.1075391415393434 0 0.003997942006435654
0.1880691087060968 0.343806213300279 0 0.0036583786230380906
0.4881650418749515 0.664537412176865 0 0.004877900458421132
0.5481628614062287 0.3645311060485215 0 0.004913213226521919
0.0015401879834300257 0.32617491208716404 0 0.0038991663149595943
0.35962842173488024 0.664426211340345 0 0.002601575164556028
0.22134824687561602 0.5308137353096549 0 0.0016582530365390278
0.4332942319925233 0.04757690539214797 0 0.004977230529886152
0.6880378058904166 0.6154661558024194 0 0.004012876321473324
0.746855119227099 0.6686872681045473 0 0.004570231031045581
0.22365646146944426 0.22526864508684716 0 0.003479790173957932
0.2991841375640972 0.758705083512436 0 0.004060265635871049
0.24128615629223735 0.6991246331700773 0 0.004786666004596023
0.378065773536651 0.2466832661869197 0 0.004514017350594851
0.3617050591796252 0.6313150863660922 0 0.0038445973770767374
0.408174908393311 0.6057945995346155 0 0.0034140487718440616
0.07152056165458208 0.4159320504687672 0 0.003918738713902152
0.9380794855203819 0.2194823321279463 0 0.004953674099669102
0.36566425543770215 0.5995130376972387 0 0.00386790974408845
0.9168580514202409 0.5210258521320099 0 0.0048947170673086975
0.32076826328549096 0.39428439287336 0 0.004999969081512784
0.7173306838101047 0.7655382854032731 0 0.0036648503553381984
0.7781731145861503 0.777618392199076 0 0.004891507572102016
0.9829724604004549 0.7823423794434278 0 0.004463584241405424
0.9492394522229872 0.2330701226648126 0 0.004878045147780484
0.7011333623707403 0.4805697342434538 0 0.004345640745812375
0.553943621317978 0.022944817403312993 0 0.004923718440097086
0.7914989324986973 0.7713840808932086 0 0.004966048341113107
0.002199957595537922 0.576448900793003 0 0.004992804444341178
0.0792647593561777 0.011427596422458157 0 0.002984330959270263
0.45110263065276696 0.14153628837208218 0 0.0036952260397977573
0.10203551736764026 0.9694992402631128 0 0.004987747230640222
0.710055244832249 0.5391590567202723 0 0.004697853852056619
0.006435967682781535 0.24959389603774704 0 0.002972246187952269
0.8428284180284699 0.8192452078561663 0 0.0044528803848282875
0.870574838079665 0.057659043437414 0 0.004482298053804779
0.23819194787638795 0.1864646275874123 0 0.003910437250994957
0.2498543852476309 0.4448103501016762 0 0.003672964633351742
0.7605335043106304 0.13215659462006965 0 0.002189849256025039
0.12122515378968977 0.20868256646891012 0 0.0023511158569610407
0.18714364920861634 0.4043647629304384 0 0.004402784141686266
0.7012669169614474 0.10583624590033024 0 0.004629241818242044
0.05384858848937478 0.13342635642891262 0 0.0047010673878348855
0.8490399867230324 0.2586908412400872 0 0.0034043357552348687
0.11587271252706376 0.3272735056270582 0 0.0045155248505665485
0.7799887480438958 0.6602063975575698 0 0.004421393179405127
0.7596282230955934 0.8770143097878863 0 0.004311799084436773
0.8497699514015771 0.7169426110977177 0 0.0049660874491740704
0.7263748894299141 0.28009795461907144 0 0.004283638623350995
0.21221104358801954 0.8940580161736578 0 0.004426038736817803
0.11399593888134828 0.08137918573770174 0 0.004999900560748758
0.7661525591626542 0.23765582205575672 0 0.004444507522314217
0.8137768533582161 0.20169202429044172 0 0.004957100071174467
0.8916002718442764 0.24663791367918483 0 0.004685982630594231
0.41291649733713615 0.7495945883883584 0 0.0035869502206187214
0.7877801419394914 0.8924830773637383 0 0.0025942520173539174
0.1892635226225837 0.5792136613510945 0 0.0049453469813478465
0.22228466020570778 0.5497061153563266 0 0.003997625989807429
0.6196354503064829 0.6713666646709907 0 0.0015505104810299324
0.8981067726077314 0.03901517198852776 0 0.004936521292867882
0.345258577238378 0.7206644672668567 0 0.004958791708686385
0.06802906796850204 0.9365034709492299 0 0.004901139710066825
0.8451350603550194 0.17377700675285432 0 0.004864229850221808
0.8022922887967837 0.1602465054068248 0 0.003667468141032527
0.5229574417433646 0.938244821465072 0 0.004935702924361199
0.08613612645716272 0.5602714672244306 0 0.004550537750180908
0.111311487040038 0.473124749225818 0 0.004994402017035135
0.7268739788442645 0.6269982262642428 0 0.0048330550280247225
0.5654817574661111 0.6766275532322122 0 0.004984089692311643
0.6760136826261502 0.8849973854286289 0 0.004174106307153791
0.25321857012738774 0.7844221858315018 0 0.0024608142490175166
0.023663652916054094 0.2260483630765225 0 0.004847610445907423
0.08051851032245792 0.9064071386858215 0 0.0035725634466372658
0.2282253605831974 0.3422519704385794 0 0.004371169562264745
0.6834726309852839 0.9610789365343683 0 0.0045656362081530275
0.5885665882777033 0.5436023560527258 0 0.004814248515579101
0.9970295853935837 0.9309073386556174 0 0.0035309031130828787
0.8319724667878049 0.3645865061418661 0 0.004940561414951093
0.8721592222968271 0.31292559677702175 0 0.003381008051992915
0.724280629843173 0.9215159993771649 0 0.003867364264016358
0.6042299729408112 0.7609029773579585 0 0.003929940987344005
0.8156350257054887 0.020091176935554282 0 0.003206137329274155
0.9076339684951578 0.39476418377486516 0 0.00409409840163739
0.600758161223604 0.9803470105468712 0 0.004991947171183904
0.2055856048649006 0.40157550056119745 0 0.004647945346036465
0.6927584100488829 0.966102222194813 0 0.003315537194164804
0.3803882557886195 0.47592856522499954 0 0.004526718317657705
0.5329377139615085 0.03220699635018619 0 0.004298683747182254
0.605754063726045 0.3436366010905743 0 0.004807245674861853
0.9125027331363048 0.04153347687951901 0 0.004890661768556055
0.8327530343922228 0.37805158933044797 0 0.0023556070954254852
0.8880707842117593 0.45265386902680477 0 0.0029828648762736717
0.40229041605419863 0.5314494876401874 0 0.00499214455867598
0.6046199913524201 0.4695891135696086 0 0.004876019187555781
