0.9724722879224232 0.8099478300565028 0 0.004274306596863548
0.19510640428177103 0.05626848775299907 0 0.0031435309080398125
0.49048776688843504 0.7392264007552659 0 0.002804082266986069
0.08203962724773116 0.3141040325213072 0 0.001013154001140875
0.3791558399770329 0.2079732198208147 0 0.0031157201267128214
0.8568303963883919 0.25542581392462277 0 0.0048593574799965745
0.9420077892739136 0.6380085077792178 0 0.004974147244895516
0.4811813134531509 0.25857908940601676 0 0.0025043800258988044
0.7227795799421599 0.17247586464515627 0 0.004985506348806148
0.853528244980567 0.05261839407539036 0 0.0031382740128881085
0.11755759993270963 0.4099994114574433 0 0.004237642609589592
0.9835572017871619 0.8186555609323063 0 0.004534819304227859
0.7187026180905478 0.6823498081941766 0 0.004406548668203745
0.3878641229774152 0.2012417668145484 0 0.002687134895957975
0.14146340441909963 0.22121783077532262 0 0.004749985983484495
0.38104336980753534 0.0247813029591668 0 0.0027831304294245363
0.018628192351696986 0.44082167412400514 0 0.004918751312624854
0.665291006368107 0.7615538336290235 0 0.0043503636242471
0.7447252962575724 0.06413967138251918 0 0.003505578512695268
0.790887617771759 0.3147991805591582 0 0.00457207074741418
0.3615223101347828 0.5243262652076851 0 0.0020451241422132786
0.10752907193026894 0.31287949098705287 0 0.004675374590900331
0.946994004888717 0.6948459103665895 0 0.004992946466132161
0.8714945356958333 0.6629252584950722 0 0.004484901140513527
0.0471379560445767 0.263913952611501 0 0.004661666383140887
0.9714183981280518 0.24695299778041677 0 0.004975155128744996
0.6491597718245626 0.5366874635673042 0 0.004777791539186424
0.38523639543739646 0.5145325998361646 0 0.0013935558663484306
0.08537897214188427 0.8450428552301954 0 0.004191600069635366
0.8261550735660832 0.1809695500787449 0 0.004206385648352595
0.35588401197743363 0.03829190083809807 0 0.003060645015114585
0.0922391395326042 0.3986940895640742 0 0.004500554396785957
0.8116140474003654 0.32766837521541076 0 0.002979878452071415
0.2957862179571504 0.21063524231565842 0 0.004529916664835544
0.4055720266892387 0.9212646053387449 0 0.0030631148879145245
0.9789695594111993 0.9778063760989911 0 0.0017728500123714772
0.49242388422766986 0.25252587534606513 0 0.0047418872055409135
0.3401462656951983 0.7492411677368137 0 0.0047950796520235895
0.7191353503937946 0.4828963934738176 0 0.004865204859811687
0.9946599639353911 0.17744994276487522 0 0.004547749028876361
0.5520531222953424 0.6427247797591531 0 0.004437308436829916
0.054635559120258845 0.12064350021183755 0 0.002786762009645071
0.5280156065998249 0.29525702173718044 0 0.004776810829116089
0.03427666808334538 0.8504890638111352 0 0.0044418294225601436
0.06402668840611135 0.38021141477120374 0 0.004305018232674969
0.3350343381709963 0.2918215448565347 0 0.0026492627395687317
0.807873695208751 0.5328250539654076 0 0.004165729778781103
0.20477436824957904 0.9316073267294378 0 0.0012510306082990988
0.6393539968076423 0.07730922505285519 0 0.004958368512485674
0.06998830073925798 0.7090099436845589 0 0.0035005221659052703
0.6891645568203368 0.365629175394278 0 0.004981008133918985
0.16267207309448425 0.3960851684637508 0 0.004651417045373566
0.43358942729486466 0.17590272704610618 0 0.004611200412865871
0.459159332552792 0.37609468711030053 0 0.0031212218078120815
0.17633278051924992 0.8516519916059637 0 0.0011967519598022995
0.8967609515761452 0.2291711841420436 0 0.0031122555752810493
0.3771813961428743 0.5784807887797818 0 0.004853566724359507
0.03936470607478647 0.44991695776686597 0 0.004999932365971621
0.7738783924485829 0.2766727654026236 0 0.004393304076220448
0.6892221447753365 0.14477832263325827 0 0.0015838711456758262
0.20490406648418621 0.5576701442048807 0 0.004999455723821694
0.8647398136825457 0.5603874701125263 0 0.004963683351343592
0.22109224728326046 0.6214869854099802 0 0.004155850605327843
0.5368093310460865 0.10478583530342565 0 0.002479496938244984
0.2927644446168312 0.8955298127258193 0 0.004985193250094205
0.9911132368481516 0.6706791159470702 0 0.004251224879263176
0.8475847135236185 0.8143875518936413 0 0.004859115170896148
0.278506543392348 0.06715970849919949 0 0.004648811011018675
0.2921374910141205 0.7509074152162932 0 0.003922569007208161
0.4147361295847894 0.8496710260603945 0 0.0030634481142133426
0.8365276793475692 0.3376015362014341 0 0.004733743026602164
0.14750131622317506 0.1653020920208179 0 0.0023826608814776205
0.37798349018076255 0.15068372537491423 0 0.003508372017064178
0.7395664998711555 0.3343267340688099 0 0.00288811464028169
0.9270871543690405 0.7020922164752287 0 0.004689428761549466
0.6778320815713916 0.11830807628684147 0 0.004968943556225478
0.25283741259901843 0.352800355577044 0 0.003730995247569274
0.6063498847961307 0.016259705964519082 0 0.004119966530688908
0.14597540605387935 0.44829934853566994 0 0.00481791514155782
0.8978300990822937 0.7576434528981089 0 0.004892016911916377
0.5455724198090939 0.6608561060388646 0 0.003975094155145319
0.6336020912303417 0.30135029439802924 0 0.003351717979277973
0.7425736312812186 0.9821505994208641 0 0.004780954386164498
0.18103704383509509 0.166845913771534 0 0.00404134328091249
0.14194224972479638 0.0977730988192944 0 0.004412628259885847
0.9348527363665949 0.20134299667381114 0 0.0033095630605531187
0.788182287500525 0.034558223768699534 0 0.003845204611542899
0.7149284691094978 0.8044049860694457 0 0.002432132759607457
0.25804424139486376 0.04382663801676555 0 0.004533090283878754
0.36410653280760147 0.7680262767745449 0 0.00444174976890659
0.3421366365800503 0.9447385172230786 0 0.003626132861569073
0.5479132959943969 0.8222711101159464 0 0.00467938850353755
0.0738312278596611 0.0651909454523426 0 0.004711086171935676
0.5748405407501405 0.11472417311341519 0 0.004221068022674909
0.8594429235746045 0.38522503703986816 0 0.0038666851417672207
0.5904016932800357 0.21369572325348749 0 0.004833896903432446
0.11572697392546925 0.8870976087469916 0 0.0011950355462339163
0.8462132967285686 0.9354809336001992 0 0.004834799289996948
0.6545404551590775 0.3364470172787331 0 0.0024999753921138026
0.40684593890855797 0.6400703693045133 0 0.0007039325952042755
0.9183125632450195 0.8821096680788825 0 0.0039782991588633515
0.22028052780465088 0.6317099292532116 0 0.004202625157860511
0.1524063234646512 0.32854907020269114 0 0.003967296895302901
0.07012344651117007 0.09653559909318186 0 0.004526079033370776
0.06902877704514686 0.5364658169990049 0 0.004018549186927752
0.4427234289246998 0.2887479181828801 0 0.0033816259910356894
0.7368409031050276 0.2804959469317149 0 0.0029188063938634596
0.5829420983849309 0.09922656726006006 0 0.004365936837314179
0.6699447461546459 0.45097117343203325 0 0.004534315855538694
0.6080193788701461 0.28051976170666365 0 0.00438657848195069
0.8468141916976506 0.6235273023390838 0 0.0034945311017978787
0.514236646666925 0.8419483825089066 0 0.0049807569804483824
0.564659022889539 0.16943970835639618 0 0.004443577047442506
0.7301927238670446 0.6459076863421359 0 0.001200202498918029
0.0948945322645429 0.12024782975415281 0 0.004998336274026607
0.6047413785781325 0.9837997189905745 0 0.00482491155291095
0.5983506546316798 0.08594791864734173 0 0.0036969140483421245
0.7179764757920738 0.5030313184604388 0 0.0034133197174945292
0.9769934695902138 0.2108409546853703 0 0.00495907318376032
0.08971843667592115 0.5643400808844476 0 0.004952595674612436
0.7745458344385241 0.24521597848062812 0 0.0036120386804299096
0.01228196742230591 0.5262414804160813 0 0.0027670908472744423
0.8952630161244003 0.41323390190683223 0 0.000812901991728326
0.9676355555075172 0.563721125653391 0 0.004895571338853137
0.21776406883144991 0.41242989968760285 0 0.004838080244805396
0.49714608991693193 0.9999730263875315 0 0.0029182950485672336
0.6650261355835657 0.9001900819700195 0 0.00428169726743855
0.7400546261093389 0.2988861654517276 0 0.0008000039029868178
0.3293927968374774 0.7546941716730997 0 0.002830284287269422
0.4510505677748345 0.22288085779191 0 0.004172475395151518
0.017388203106613924 0.39945130264625234 0 0.004719767654653307
0.08725545623137597 0.865773076161555 0 0.0034622424493830086
0.08272190304621772 0.2737141612992307 0 0.0046725373589820915
0.330155872060855 0.5902984074872641 0 0.004997038979979354
0.19926350414342006 0.40436567311662636 0 0.004820434448213822
0.3542416774859088 0.9487086370989611 0 0.0014960286413086314
0.7265327607206211 0.41599249352242257 0 0.003074354270664809
0.6659104090089032 0.19871452265125275 0 0.003610515344806352
0.2653384005036889 0.4776293360194979 0 0.0029265526613490586
0.4463453989134379 0.5992693788825818 0 0.004864326685192913
0.6617549865376058 0.7104326025869999 0 0.0022149566900943525
0.20813474120260808 0.968454689163274 0 0.004776640427724996
0.4750044315282593 0.1446450282347029 0 0.0023077251384432344
0.5153269122700623 0.7926358459510964 0 0.0038531221277175623
0.907190836580345 0.7843685030715242 0 0.003045094017514109
0.14471286633090938 0.23170715300107433 0 0.001122456143326183
0.6777232635409548 0.20444723205725687 0 0.002453893948093296
0.21049684272043442 0.23827119589897192 0 0.004595153901959612
0.259622933950822 0.20363779027284698 0 0.004998482529302804
0.49291854508258665 0.19965433048535383 0 0.0048327748239474794
0.39633611532077934 0.4688416702572042 0 0.004998830352645771
0.7569804073095814 0.42266538979941365 0 0.004200906404925072
0.7481159330665615 0.6311696810071507 0 0.0004594755555478202
0.3552955417911506 0.607466475095486 0 0.004959736694998082
0.877509182950082 0.8648369313831588 0 0.0042663309425892875
0.38314907742942966 0.37720546862001686 0 0.004357221009149433
0.06278499613024767 0.8421985090203974 0 0.0019955949867025953
0.06023097386994346 0.1943251635527081 0 0.004949227693507467
0.6951357352806801 0.029133095758732346 0 0.0035885694630025528
0.8905886238641038 0.7286425747266139 0 0.004512860170076774
0.5727305216783177 0.8441002873376665 0 0.0038946063445631884
0.1653002149328434 0.5730827902624922 0 0.004998429702462163
0.6705279885635519 0.018370198687439936 0 0.00425941201538624
0.4142554082118402 0.5620495289639375 0 0.004082934438848372
0.6517510728048752 0.37346325024273014 0 0.004761401678823859
0.021349106754022233 0.5384052738471476 0 0.004692415169027634
0.3291034086330464 0.6441714695466777 0 0.0049962407928303065
0.5538132259873823 0.34520993444104336 0 0.0022103794295102713
0.20227331204910312 0.5194498625579083 0 0.0013264016230204105
0.7828067166061975 0.7727726973357127 0 0.0008459029284817679
0.7473820220798362 0.38148343404876567 0 0.004281667005457512
0.8259951608801891 0.1534780959244215 0 0.0032247265057096628
0.8021025368669876 0.19265524388323294 0 0.0029981535643835394
0.416762536787558 0.6158197068369409 0 0.004185189708823351
0.7481285403729189 0.9522751124412896 0 0.003516791331953646
0.27619849843958494 0.6331853272332975 0 0.004993744544696994
0.9368122362312458 0.5548814646743192 0 0.004963510958425788
0.1739201134514475 0.39939629737042254 0 0.004939503519622097
0.2769964903209838 0.48691626522016024 0 0.0029168688511902944
0.1678421607566821 0.4360200425043516 0 0.002655038258231144
0.26447479208329056 0.8398097915935457 0 0.004832691085345512
0.5300982469520426 0.39252159919521573 0 0.00265923411234338
0.554869925597647 0.729752000066845 0 0.0037466484026670637
0.9578144203586982 0.39213587349230866 0 0.004396631178324996
0.8174940788870091 0.5308744028120903 0 0.003609134813211289
0.41463539009555467 0.1342674096300531 0 0.0019244804599366366
0.3145884359851073 0.239414763660848 0 0.00497766493428318
0.24009789970010095 0.36491702745604043 0 0.004972537799126011
0.27590858417756997 0.44636550769766975 0 0.0018557123498905996
0.12311885685561329 0.2663444975701111 0 0.003187341886456296
0.29421887407507424 0.9870499691058587 0 0.002263946497463109
0.9524969162306146 0.027692825973526507 0 0.0014937269946308862
0.3474706734204562 0.5415345491904769 0 0.0042955061513820945
0.6698090622878776 0.24299610000211944 0 0.004121944334349739
0.002033112534327137 0.7976219778673105 0 0.004815771138465876
0.2355362335266031 0.42352780611993207 0 0.0045143976642450095
0.18010002013213564 0.061222392565762104 0 0.004938318437642933
0.6501345913018447 0.2680190072343737 0 0.0030012715001011066
0.05753687210538837 0.08027296748497624 0 0.004347917576754584
0.8117894804797567 0.9795692900709498 0 0.004012192287237025
0.12696557754370405 0.9106227474329724 0 0.004998326448011625
0.9171214663794814 0.22360857910566764 0 0.004673330750209252
0.7864803472442568 0.7133783322271999 0 0.0049526682099495555
0.5212829938316841 0.016612211725701702 0 0.002993597950114755
0.05936446699534924 0.3047598093329951 0 0.0031057445651406636
0.08345166525598179 0.41684615904466743 0 0.004997483353754271
0.5762253543314064 0.1771034121612823 0 0.004774582215843069
0.30166900304538563 0.3194194179881064 0 0.00414396599956509
0.7456239737593926 0.20339568091260682 0 0.001984922289622111
0.8894350675051269 0.4329864017022163 0 0.004670194008100768
0.6560866030148709 0.03465278122045211 0 0.004847768794169322
0.5045475618945973 0.9852953234338416 0 0.0037843246417584996
0.9438508017657069 0.10974978078432206 0 0.004904024832883206
0.5372983297943089 0.3553324063124686 0 0.004909921358245312
0.40690185159509545 0.9400933127008196 0 0.0023771759590867814
0.5213357423508874 0.4446257023727103 0 0.0020251552847667604
0.24391735303181092 0.06942594038305515 0 0.004493461261054947
0.6832472668142469 0.10581825232756246 0 0.00310222088468316
0.9463608228678752 0.07602544984994629 0 0.0036475465660510808
0.7963830135960134 0.3981612409362492 0 0.004324892180189135
0.921458430010339 0.3437185531145352 0 0.002039610696959279
0.7922665412658914 0.5765168513076061 0 0.0037781966758506755
0.09853061606516765 0.4770274621458323 0 0.004999812699750312
0.15703683511737096 0.8102529376642215 0 0.004098569821727585
0.7733449868045886 0.3234197037973388 0 0.004907693360552893
0.7096456568168779 0.7490511725186028 0 0.0029596309229940796
0.41489208459866006 0.291981470297031 0 0.004712642171325365
0.35232389671857406 0.5953473254044094 0 0.003623926808787488
0.11171407330458304 0.46563597211949964 0 0.0034577666642947604
0.7958207561897812 0.9297739641523357 0 0.0020172590809348647
0.868544626172847 0.11566600160776917 0 0.0005852806063809993
0.4420416964361545 0.034538515761171826 0 0.003095220922945503
0.632699458766017 0.42124602513478454 0 0.003575652817951186
0.17677207817114568 0.5623513588944714 0 0.003785357880601093
0.8478039139863389 0.15011988769617043 0 0.00467741605235179
0.5505990701462777 0.9686048438861553 0 0.0047656598911296946
0.9770785038610891 0.38485701793276467 0 0.004026494791977454
0.17907901804018464 0.9503666794769199 0 0.0012060856157688974
0.7924170689103833 0.055453720390945746 0 0.0044921848694757256
0.33524470048954086 0.7027524063424855 0 0.002350601787208431
0.25547565231253183 0.8105459772981684 0 0.002032906310247622
0.45718137607256154 0.7818273866667563 0 0.004822321528592469
0.4322398972431784 0.5611488684114455 0 0.003960698358885849
0.3333103455561734 0.5017570038891616 0 0.003350770278275548
0.597371521196039 0.8498658935790238 0 0.004996405025728211
0.6126677855117905 0.9029974356795832 0 0.004999327639462345
0.3274241479936593 0.8070813208731725 0 0.004546602192237064
0.06159882211490751 0.17699790961181613 0 0.004625731198464047
0.18926653807388313 0.7517394354232793 0 0.00397818826616237
0.14642621184883162 0.9788050971967415 0 0.0049998132849716275
0.7315056652385125 0.5943171717999844 0 0.0017028863671061205
0.738678468959441 0.3901473412335951 0 0.004691258280220671
0.44497012371906225 0.912852989126211 0 0.003923895657133801
0.08867253250389372 0.4806194273622803 0 0.004527339784964393
0.6216647009873255 0.42447512234545787 0 0.004944372952500543
0.6183928541265956 0.6848177429944241 0 0.002032975292717262
0.15564161586433298 0.7513223883014724 0 0.0049602690036584145
0.7111067393513885 0.29658316587697003 0 0.004845835441097376
0.3548527109015374 0.04951370880163751 0 0.004627315090275109
0.6354434706181903 0.23151415993923416 0 0.004487704296680622
0.6103869264824697 0.06069387351284071 0 0.004348975533531738
0.6724620694337482 0.14162483468668183 0 0.004997715138775419
0.804898183474668 0.020699358446518816 0 0.003770641319500253
0.9833671224933426 0.7018790946880806 0 0.0041997110886599345
0.7334639115093601 0.6060746930551487 0 0.004817052405366848
0.7990818467453571 0.10811684813095267 0 0.004919613190662358
0.5517565708034692 0.26336096798712655 0 0.00499976486555148
0.41526357667698294 0.7606834339814994 0 0.0046091646038193615
0.018395097825399602 0.9172370155643683 0 0.004771040877422934
0.873075488987104 0.10808477238734303 0 0.004198512451187732
0.16712237513004588 0.514533575411811 0 0.0032001605256736475
0.24002622913756752 0.3252395458679124 0 0.0010893558474079981
0.4460868922976366 0.024868067197879033 0 0.004968600347715912
0.9165911615263834 0.7761668764860268 0 0.0038023422527495004
0.17446785450340327 0.5208009604670318 0 0.004595020929273864
0.7437736755403845 0.1243977352081712 0 0.0049015899012240915
0.27960787944803817 0.8272871603041698 0 0.0037631281601576746
0.01938591062433847 0.5644258403634986 0 0.003956312674953156
0.6590072119834257 0.5709435965619231 0 0.00496240621567902
0.15503846382579498 0.5146422304672587 0 0.0042666153178491035
0.8492711968693673 0.7007674109063942 0 0.004752125746805111
0.6437092604371111 0.8225541501159033 0 0.004159140156335348
0.2991889928983619 0.2587126150482903 0 0.004998457575099062
0.8715743554014306 0.5486339675722104 0 0.004961239022285551
0.9804203065314049 0.9021827985914084 0 0.003693055190649147
0.10997841487035186 0.3753979573899085 0 0.0033812417460813275
0.3149604002283379 0.2014583779662866 0 0.004994477365497064
0.5654438954357907 0.5997749352676379 0 0.002095410725594596
0.3752121424046519 0.3601764631772803 0 0.004993968859356673
0.6864888250965684 0.7595721985879391 0 0.004186041118881183
0.10388090559954576 0.12906233862596236 0 0.003984187169358062
0.5337624477396421 0.09281778467031086 0 0.004980371012172574
0.64769763477881 0.6094744240063145 0 0.004711511932267817
0.94869830724974 0.8757262223109963 0 0.004542526519142318
0.5468328562315892 0.5798359253425073 0 0.004320863215942844
0.7045013922168145 0.9083120040354139 0 0.004673874812090484
0.3501561091076854 0.06646967409029413 0 0.004345921961275115
0.9380204367171032 0.15852734006778332 0 0.0033913866028596022
0.6762008186563139 0.49898339281805953 0 0.0037029726754734286
0.4404346093727672 0.22008558672552522 0 0.004925005587609145
0.10773405681264335 0.399128061551492 0 0.0028460485118206175
0.0771449677851118 0.7537586681619962 0 0.004005868932114876
0.9905411908272186 0.7307665345209868 0 0.003987441109117533
0.8767227303103208 0.8815306343746161 0 0.004472126028275337
0.3778574946409495 0.8040966960761725 0 0.004443340396847151
0.23457097826453308 0.9487449410221607 0 0.0017164911507601746
0.5406446352332691 0.8827629439303515 0 0.002449303425388709
0.07656832262601042 0.22795092769665778 0 0.0019223115516592722
0.2833962581153637 0.36787294851734126 0 0.004278605937350675
0.5656563115957376 0.12372474679141464 0 0.004887008871694774
0.5145155279170796 0.7507326276819172 0 0.0043361307468505455
0.4688583888688736 0.02070019017811197 0 0.0031670901707117564
0.5775945921540336 0.3271078165601779 0 0.004994314264127103
0.6209922606996117 0.4853850329051323 0 0.004976043201116776
0.8832995189881581 0.2815771302248972 0 0.004874237577458156
0.5295545850890663 0.9691153859258352 0 0.004805715028220914
0.694038031364482 0.06626071477008498 0 0.0014904455787053154
0.7038351498423651 0.8465779021796649 0 0.004355592922793392
0.8548082974179328 0.22744529907942088 0 0.0025996239057148934
0.2489750278272482 0.4053979875410683 0 0.002594726664792504
0.047189053055043714 0.7124941988068733 0 0.00461285779474112
0.09779143568571434 0.8967942816253284 0 0.00464648652943992
0.15333764179459172 0.26782629236423755 0 0.004909712658782207
0.25529069074204996 0.1402624402980401 0 0.004402714391048508
0.7975741759860535 0.27923932978624694 0 0.0036933448876434057
0.937598971248651 0.6297609849241862 0 0.00043238421181110946
0.8811564107993929 0.09747098308783196 0 0.0035970989756856767
0.32592802551168726 0.1565144256944387 0 0.0048540593177850136
0.0258444488577022 0.6349645226267318 0 0.004204439110764397
0.19271070810183774 0.7174001061239785 0 0.0015648350252510717
0.6711787277887767 0.8447578009364001 0 0.004987934089090201
0.3642573663155165 0.23986006686995462 0 0.003642979930122405
0.3266594503985258 0.9506683979498672 0 0.004437987287325313
0.6278262647298536 0.38258062200827664 0 0.0014523982067962
0.5867512962114289 0.416621217148265 0 0.004994400703824789
0.4872948500595263 0.837899783098848 0 0.0045434855173110055
0.6293790473083126 0.10633841092778272 0 0.004384320580831335
0.39372007826297845 0.6902333741229568 0 0.003117738375919588
0.12446525628234904 0.2965979541612475 0 0.004451904951860672
0.02698901092815608 0.04103440166496307 0 0.002128456261832717
0.8351745805885489 0.8924273147198979 0 0.004590077160974946
0.72811615365833 0.9072536302706409 0 0.004753988698072231
0.2787272321981737 0.9955095163329151 0 0.004307220758788727
0.2931602213680809 0.4766960290582765 0 0.004908495487325704
0.20272937346919304 0.619545834541281 0 0.004070873950627295
0.9187480168813764 0.8637814225478764 0 0.004267343052475459
0.03183483674879993 0.5757083262832576 0 0.0034372915853823783
0.7226441435655115 0.07542203781053435 0 0.003848589543511115
0.1657256019884817 0.5050697609814135 0 0.004594845183796144
0.2242397977495477 0.37615902918715 0 0.004694398961057931
0.9304472018107097 0.7719716536536848 0 0.0003621909921412768
0.0014122916471555013 0.17019358551504235 0 0.004921061631970166
0.8585827089603139 0.7572018107164187 0 0.0048636097774205096
0.7723714536971629 0.36600460820832986 0 0.004974260035457219
0.1860379857077545 0.3266885224447868 0 0.003301539956004473
0.5585963880905421 0.28974782472920296 0 0.00039754308235296476
0.19498278165396052 0.12087401273750607 0 0.004962614664832271
0.7415732988814884 0.4681753706111818 0 0.002365334226739614
0.3664620506710062 0.8978004156924069 0 0.0038027235868210983
0.40472634726802154 0.4590862801228241 0 0.003638950236281072
0.8962394293856336 0.021405129722197873 0 0.004294798843952971
0.6824139356356037 0.022012695196115033 0 0.0034505480537687307
0.08048018727323646 0.9354234353020746 0 0.004543313824250638
0.8746098918385904 0.31026976951582247 0 0.0023625711517906486
0.4671025366465164 0.8027915003781135 0 0.004442277483975899
0.8091308401910576 0.9397956359528966 0 0.0032435099807111706
0.5400482391700053 0.592074882702152 0 0.0032495490376360622
0.41194874113265817 0.603125149501562 0 0.0017245529106655136
0.7824937131650497 0.3391146110261885 0 0.0048485094301775845
0.03723684850854923 0.7669562729133093 0 0.004971638392484577
0.2643050178818323 0.9313461679698153 0 0.0018988983906347268
0.8837410783527028 0.6454827964796888 0 0.0040869853797751675
0.7041926273729618 0.022734216751619234 0 0.003115014323924991
0.8258136603165411 0.5705251533995964 0 0.004240130927851998
0.11988589659727943 0.35986840911277646 0 0.004898368680107672
0.0011144358011003729 0.6822348905098684 0 0.004692588801874285
0.6533666754247404 0.7822640213560512 0 0.004777984392873219
0.9150324990112817 0.3917010572177129 0 0.0036163762636263136
0.11893878510683108 0.6398749063919501 0 0.0024948379204685223
0.04290100867111045 0.9809691228640524 0 0.001513693310379525
0.7917421748077617 0.4990091197027305 0 0.00439835188568216
0.5422799854028356 0.32408424478157755 0 0.004739530390626323
0.480029500000907 0.998156141523285 0 0.004833087566381706
0.10164780594385257 0.42161145845311493 0 0.004998340199542597
0.823605463291243 0.5128258987160791 0 0.0035304686022003175
0.8211906492480826 0.023725615766980616 0 0.003172358378536154
0.4132737744780706 0.6964825302683989 0 0.004844211232509476
0.49558845437523097 0.9102893389569304 0 0.004968166434095242
0.17903686907516322 0.5500903265319812 0 0.004984893298834263
0.9704240420277918 0.41214193805990534 0 0.004314558664600163
0.6725191660688917 0.7377378167275396 0 0.0048982718739327925
0.40222609862303166 0.5978157819479347 0 0.004114370158701217
0.5320689813890758 0.9445922248444406 0 0.0018191919427719468
0.08361866206205724 0.952200738777382 0 0.0037577029777931983
0.5766782674078335 0.5987718410417439 0 0.00469135111186518
0.9271211482459233 0.23987045881089195 0 0.003856881765419144
0.054821139847405206 0.16898475241603791 0 0.0046946460367730475
0.9523366341415634 0.12623765627675973 0 0.0037820030702377144
0.6528670897505563 0.6674212972997304 0 0.004771765499599144
0.7478048783979644 0.9376326613683466 0 0.004992741447945202
0.33102998215222396 0.677357740087947 0 0.004036504382230966
0.9440899498266663 0.901789015720372 0 0.00464541729999587
0.12181883361396338 0.253463948802868 0 0.004874350107085265
0.921414251608896 0.4212441716074931 0 0.004994932697936477
0.14823289298843753 0.7723778089447696 0 0.0037342878096566765
0.4080429271621368 0.07301924324467311 0 0.003359444599333442
0.785459447948583 0.9457194116386352 0 0.00474675486013512
0.8128063745648519 0.046815949663006715 0 0.0038255423569483753
0.40827625527323447 0.14454223106997197 0 0.004003595615405403
0.2506614373443508 0.02939306527976792 0 0.004368082158152646
0.892832361394141 0.4672666868882798 0 0.004574009973686786
0.9918336060307715 0.5986810342054292 0 0.003704575623243996
0.11484451243679138 0.3449901500323919 0 0.0040784937741753175
0.9588445414040254 0.2547799443273205 0 0.004559577188343485
0.15815373720576917 0.06677884815011191 0 0.004976613073214842
0.722252154117088 0.3456263407507421 0 0.004992335072242331
0.7971196929835525 0.7059365446266341 0 0.004059760500787647
0.7257936344696961 0.5657938983614893 0 0.004921624283427597
0.012423744178834732 0.1286261461424761 0 0.003549666910611701
0.6556101465772962 0.8625769516577594 0 0.0017713651112657774
0.6929858446282914 0.2282083346044573 0 0.004682098896675479
0.31280479526071686 0.11903605826167128 0 0.00472119840039403
0.5346045528691895 0.3663283953152166 0 0.002935063582359067
0.100900530117764 0.3458679331913596 0 0.004987604395590383
0.5469601977181249 0.788045385000979 0 0.0049516469234221145
0.4685751615117701 0.8847325201551101 0 0.004936701590447704
0.659810784763154 0.8227989525206418 0 0.0018245096695830819
0.9361250031062108 0.595153106483842 0 0.0037086295105721503
0.06275624269377554 0.06894774491794552 0 0.0047913180876953945
0.5491300842558335 0.5695922864267787 0 0.004963677542974007
0.8757557943555244 0.5908807934782322 0 0.0048328951394869465
0.9668857943857659 0.3261957140381923 0 0.004999613695010357
0.9547540917066484 0.16824843864188574 0 0.0034709158530714115
0.634574157872626 0.3651931447476628 0 0.004970242484746131
0.06159796899959223 0.7669258091023763 0 0.0046594370002070225
0.6125423474494739 0.6985942165919045 0 0.004765267321510287
0.8202543413008306 0.19639686918637064 0 0.004289668677209857
0.9056551906450444 0.46805433735578267 0 0.004994539483776369
0.3370104149219317 0.730419621371868 0 0.004939916533650349
0.6996641658612959 0.0008952824479664345 0 0.0018864371788629465
0.6454499376050126 0.7652385159546871 0 0.0037826823512361746
0.46595802196785213 0.929312733387018 0 0.003339715954176095
0.7291648246401451 0.3148651666738092 0 0.004127735545827939
0.014338071271066448 0.6311687031591998 0 0.0015956754701095266
0.9149803906166625 0.8313526799315861 0 0.0025897064941550413
0.8147126361215069 0.661396511392378 0 0.004985379132536367
0.8577165368827737 0.08605794344690719 0 0.0026298896294211426
0.6682367055926899 0.3798013378281991 0 0.004800564205377387
0.7063749581171112 0.27680656767214523 0 0.004782328561995666
0.3662851247455929 0.5387739929474394 0 0.002044602787479839
0.6399526560665505 0.35599632754600014 0 0.004737120301346173
0.7286163366580627 0.15306790944930346 0 0.004756647060891156
0.39115268170978984 0.29050644926833263 0 0.001668618371403598
0.27746432833303375 0.3484534061012485 0 0.0047032939229579495
0.6528863997587081 0.9392376473585063 0 0.004678658750142607
0.00619110586609028 0.28522719087462384 0 0.00481629407533435
0.563902336576415 0.633868560556149 0 0.0028134437053008773
0.8279158282946835 0.8788032579537274 0 0.0042942410701265876
0.891952335193109 0.2058086152225884 0 0.004772040065668711
0.6841185398636256 0.5582192804683126 0 0.0018541297212570434
0.09253338342857352 0.9924131604868277 0 0.0010075551010832857
0.7580053340893269 0.16761962994035104 0 0.004259386265487592
0.4567323448224447 0.2722569417176159 0 0.00464043135443483
0.8184273697188853 0.3712444823829241 0 0.004593821776666587
0.23220639159210596 0.562439990733272 0 0.002425474033153867
0.9001726331440708 0.6776428974890518 0 0.002430212182004926
0.9205368979893184 0.36304631310555596 0 0.0040039770073398
0.22929501108849668 0.567363323598997 0 0.0022897285784064763
0.6023630635915689 0.2704467500046341 0 0.0026927579212333887
0.8418677592811867 0.778286228165918 0 0.004707097659271716
0.9338386496204353 0.357380055930779 0 0.004898374940261751
0.7001576659792482 0.3135559796351299 0 0.003916200232278292
0.8706072727674057 0.851460599685621 0 0.00498048922327985
0.9038443398722436 0.7913331028902738 0 0.004075734502005115
0.2682136546635568 0.32219318123450985 0 0.0032075758790473265
0.030885659274928805 0.6530999912501251 0 0.004958215495514029
0.3527404891846842 0.22123533119378755 0 0.003940479396303619
0.4096906104815415 0.32737653988176435 0 0.0035423033168997904
0.963886540002647 0.8804509664361729 0 0.004279005214359441
0.1133242708487988 0.4903802838545361 0 0.004999910332822921
0.4746995166578852 0.46496300643142513 0 0.0012155762949029594
0.5890737699090595 0.3614862647895412 0 0.004387044238275559
0.5366249886300198 0.8047886612539791 0 0.004711854775847638
0.5362827096944971 0.7844257866420931 0 0.004803217129829385
0.7706935924882583 0.7226963286442538 0 0.0021024981085475975
0.4770276358586932 0.31585572424052594 0 0.003093128444105548
0.29356943170603084 0.3771457933298689 0 0.0015991800734760687
0.675522226994309 0.9301132559252646 0 0.0036344054737812606
0.9354877797322861 0.9720481967773354 0 0.0049871358374135345
0.1483937477977507 0.009975671891684239 0 0.003966094524793486
0.7001166271788176 0.15817247817521504 0 0.004850067914220572
0.38919491286138236 0.40772547266295794 0 0.002825557443691773
0.4589577625089322 0.03394828265966453 0 0.0024239504100657385
0.9994929878499283 0.40435578945298073 0 0.004753853975303806
0.6714899868853956 0.07850851790724987 0 0.004752913004964992
0.22405365657661944 0.3952019405994351 0 0.00039275002244484685
0.033540532123666686 0.9611521987450585 0 0.004575831693169864
0.21925600334314685 0.4271692413441161 0 0.004998182046527843
0.20012550130646586 0.5809686784713007 0 0.004978629909828888
0.640272762141906 0.7902243205455365 0 0.004227773330363327
0.5954676898003349 0.5066806508341438 0 0.00044000361582374156
0.3770087094710753 0.11477528322587625 0 0.00429849252260174
0.45654881368524775 0.6883865760296866 0 0.002858802084407841
0.7970410606880594 0.2023617021244418 0 0.0044084599562529145
0.5316862901243906 0.6696142975606774 0 0.004536513225730857
0.7694324928511196 0.8997494836194341 0 0.003987555542430796
0.35551143875443686 0.8543272348979618 0 0.004191448196725452
0.026541480288689183 0.3644128212525671 0 0.004543789731835773
0.3656999717354163 0.6092165332226928 0 0.003764880518044685
0.9242674782203543 0.5434528027087092 0 0.0032448798364090826
0.6149104014831442 0.36072618974835063 0 0.0031989555994349017
0.43869428178437336 0.6266027334999559 0 0.004245396059843558
0.16586291756404145 0.8920514250694349 0 0.004367968364419624
0.33322008086964544 0.9298078464914211 0 0.004896187133540104
0.6146574624978207 0.09606505328767588 0 0.002038091629592293
0.33477728855251293 0.035545815594957494 0 0.0019628442141217226
0.3300558026855614 0.71225707886055 0 0.004557941714879649
0.49560413682018406 0.9891476096185401 0 0.0037749416649830885
0.941080601200846 0.8174938209392467 0 0.0004454114924668592
0.5869431504168101 0.5000798436983559 0 0.004444410945220255
0.3069829556020975 0.3379231780978679 0 0.004500032362133352
0.7041572561535543 0.30480319375426973 0 0.004061203442027633
0.5149692907272423 0.4377053463399098 0 0.004774340396737836
0.8493443802101603 0.656986711185501 0 0.003970924197308979
0.844864344208376 0.5118935634215761 0 0.0033382639320088457
0.49806551419659634 0.6787265189147293 0 0.0049497624238312435
0.18767418708545966 0.5334204382006442 0 0.0032732988451837576
0.5377510188812603 0.5790643032694817 0 0.0030182035716302623
0.517380032518134 0.5972451186555966 0 0.000489886960936231
0.7714965258102539 0.03195194866435423 0 0.0032590883053392958
0.9796407243384109 0.6207768031856792 0 0.004497962738937709
0.264380154012079 0.06976097740208685 0 0.00480050600886306
0.7954209691291989 0.6815753722414923 0 0.004669934676351161
0.13854314540522047 0.31047389059286873 0 0.004923772550014362
0.7202141903757433 0.7862890446745607 0 0.004296961381669183
0.9630787886072274 0.2320037069793803 0 0.004778649536856282
0.1692230177263679 0.04915229502158401 0 0.0043725445791765565
0.5810447740022897 0.7914506782878206 0 0.00495144761796763
0.7655601990502473 0.9547124103005624 0 0.0049376449227657325
0.03894545450450036 0.3670285999526041 0 0.004951518025031295
0.5936354753225513 0.46286864871383965 0 0.004470449272897527
0.08755502809792069 0.6106816061300535 0 0.004985753260454221
0.9888313276500705 0.0006646160964568448 0 0.003038544952279841
0.793882521177946 0.9733556580109641 0 0.0033692039820836604
0.6503554891283875 0.2895146269962923 0 0.004833877918506097
0.6821181153787164 0.8594034228302236 0 0.004473573054705093
0.2468406309487111 0.01818912908309355 0 0.004612089598277386
0.30066767328340266 0.8826275098357113 0 0.004985142659562115
0.5085467494996612 0.38426744096917936 0 0.0017782515678128454
0.23990435937143514 0.10562629613721551 0 0.003782111503701989
0.5251904600323519 0.12602791679286005 0 0.004979109912977784
0.8585210977290131 0.09951628340186434 0 0.002645098092589128
0.24264692590372047 0.13428462181249354 0 0.004997183699453219
0.8989904431428759 0.8347996928437443 0 0.004746341041773873
0.6040217605268459 0.510825759337096 0 0.0049999541153407726
0.3732208766259287 0.9491018723184584 0 0.004832591185236701
0.19548699831800317 0.6973925494255409 0 0.0028433832795312117
0.032031152912154734 0.829535352443616 0 0.004510602273898446
0.8850360422276556 0.4191494530828063 0 0.004973616524355443
0.5813913930544845 0.28099366954886623 0 0.004721022454738817
0.1761180499796667 0.7156508837242906 0 0.004916925196255677
0.00694207680826941 0.3053412394551545 0 0.004760384743168692
0.6815952949576181 0.5752200276672885 0 0.004999998650639751
0.6869778089344173 0.9747054426571529 0 0.003956879952419925
0.9718877657045785 0.7432609302039968 0 0.0006055605111377984
0.8566235499353552 0.9669534920459453 0 0.002816923578760343
0.8996803408397187 0.7233515207423078 0 0.004718035295371574
0.2340536531749676 0.4382070821927672 0 0.0044865871705554155
0.7007720733068957 0.1066405823312545 0 0.003967124307184257
0.15160670161088427 0.6432667632347141 0 0.004973717363405841
0.6359570591551674 0.8666493759431738 0 0.004717388195784887
0.3191139960769535 0.08470036830587445 0 0.003945499077503865
0.5543022462938471 0.9095523714665301 0 0.002744494247714166
0.6777940094845734 0.4164636123674626 0 0.004025153251955796
0.8178507454799927 0.8107693258315498 0 0.004925502943149775
0.8136390961770096 0.036210202280651735 0 0.004861141587336917
0.19358140460422377 0.49680827436930225 0 0.0048523557455383065
0.775683371905945 0.06733880118866174 0 0.0028056020601601108
0.63961655473018 0.2643992680199339 0 0.0047130043920982035
0.6756313913349442 0.7170047188736424 0 0.004954746920758896
0.058805047333720814 0.8871837779623324 0 0.004443179330218191
0.25339436302978297 0.48338438727860716 0 0.003960461704916754
0.34976114866188096 0.28555973767884285 0 0.0049979838519490696
0.9938415091104743 0.1480870151641965 0 0.004621305689584511
0.6714066370737087 0.16223890962924378 0 0.004409835804083358
0.6116513534170066 0.000600973408613088 0 0.0038054576541728296
0.7857159819794285 0.8208261319956528 0 0.0031161757676511034
0.10239911539603073 0.7696316046516554 0 0.004440844413091624
0.852024761852075 0.2648786299512513 0 0.003024630161807199
0.4781315683697697 0.00262748068374496 0 0.004672811644604275
0.8072097374097862 0.856442586490964 0 0.00449112260247212
0.8328688935227874 0.9543600648918906 0 0.002989953645168646
0.16745870974458085 0.7701960354007827 0 0.0036775872963941626
0.8357722828697708 0.4080393397173823 0 0.0016054096635375196
0.8717486250542525 0.011123419201506383 0 0.004987726669003941
0.20537383108562088 0.436746122711758 0 0.004725542541635598
0.08042501499618958 0.4598421704675281 0 0.002807418679741414
0.13626763952876417 0.15991623977503985 0 0.003865561381743445
0.8312685134875605 0.9248007542072133 0 0.002952775438661379
0.7050271728570688 0.40687346583757794 0 0.00392966078589284
0.499649389172419 0.15745389405012986 0 0.004878559444474238
0.8433767506305357 0.5411224547552187 0 0.004953415560545885
0.2460439876550314 0.0896851639593692 0 0.004471599204871092
0.8805837763473936 0.032173112274338264 0 0.004064153650790279
0.5650478275488426 0.26346165824437057 0 0.004002461662758512
0.41043213831258923 0.19894430891117074 0 0.0021712523484308625
0.0664200747399588 0.14066864298290846 0 0.004903757549920598
0.18487887564307345 0.6871223892211322 0 0.004733345046559441
0.8528269817704713 0.19944905417602207 0 0.003334240549830717
0.7064386252265455 0.7164018515679599 0 0.0003299850609088491
0.7436418752175444 0.05740752721770258 0 0.0008195409035378414
0.9617812365900728 0.46837121897875783 0 0.004849072441625413
0.7762656989749915 0.011346494817601187 0 0.003476477892182185
0.43176377904091373 0.30268443769672587 0 0.004996983942053286
0.5734612841125322 0.4715582308143435 0 0.004564602727352794
0.6173307589186224 0.8299089587375266 0 0.003164588433768739
0.5638776772420141 0.36342150329658435 0 0.003021921836690799
0.06712600997622008 0.26216933820283067 0 0.004492980137122561
0.4060441482034414 0.5736185859957779 0 0.004926494560146661
0.17034135905216505 0.9217145261455232 0 0.0028385782701613894
0.7684724319099562 0.8440176116412934 0 0.004967519743950247
0.8203145627760813 0.44163538126758156 0 0.004510788309428886
0.47101931071563435 0.5591329808930655 0 0.0016653990669483942
0.9235444661818962 0.03480911886718706 0 0.0032620320697120393
0.6997803219362327 0.8894091290886715 0 0.002582981713565991
0.48851283947277196 0.9821780071569495 0 0.004638234521896624
0.49955505399571626 0.7348988536829452 0 0.0048775479393175555
0.7661950483127491 0.8544395787257986 0 0.0047215625100312615
0.03916424457597399 0.8091159457193158 0 0.00498044785005597
0.47369114070979873 0.35165985038659503 0 0.0017032493722209379
0.28886119254002157 0.2811856422720614 0 0.0026204389480428496
0.7046610883534392 0.7668856915720476 0 0.004953596981986476
0.8469080717911323 0.8694147781481683 0 0.004785933115766088
0.0208820278342493 0.3362374398236619 0 0.004963196425373022
0.8494299040694462 0.12189040026091023 0 0.00360103193122198
0.535511602168545 0.8725323618777812 0 0.002826409014053404
0.6569349482964869 0.38963889602284435 0 0.004985808202579439
0.04197999446542587 0.8715381952928155 0 0.004980826335073917
0.3137997049147995 0.5928646571204701 0 0.004631950157652155
0.03958172302599082 0.23921099850342428 0 0.004112455057116415
0.303584189824418 0.5617426786594051 0 0.004616461258643621
0.9390737989948278 0.47353442433017817 0 0.004682115087270588
0.09582431229786191 0.7116891964446158 0 0.0032944444240854825
0.13486134790727786 0.8892559773007583 0 0.00475064360097359
0.19868414516510122 0.8941586545248901 0 0.002156086329473643
0.8942999281529852 0.4789639886609001 0 0.004364072022225124
0.5958098423993428 0.683291627857957 0 0.004973322813406615
0.28777284335544345 0.9557203810007422 0 0.004637527010646269
0.05870777323712449 0.8647098062896857 0 0.004838447013848403
0.9835161697306217 0.029912695414522787 0 0.0040632909539513335
0.7817852552184309 0.019141705116501144 0 0.004833866415150052
0.5628190609075926 0.5864776764275768 0 0.00479285172327961
0.4274326544306131 0.39019054823926785 0 0.002696228865423732
0.9253460904377087 0.08507406251836512 0 0.0038357424951775956
0.42424104541154967 0.5830768184562248 0 0.0038218001444933567
0.047158892812603756 0.3911424337282389 0 0.004957482924159042
0.6080279717161986 0.1876142957533846 0 0.004832664552336617
0.5239717106237758 0.5257291115963727 0 0.003871958310179743
0.46447568121177657 0.9431375335971564 0 0.0049977095241044095
0.9623823495461062 0.12960786773854557 0 0.0027140671917368323
0.9865556194966641 0.7210755291161015 0 0.004810843088369237
0.2146821241249572 0.9448756412585618 0 0.002822686766525763
0.99968542133869 0.7716830514383526 0 0.0034370197870002865
0.6164406665879518 0.7428845959318141 0 0.0024263401795799494
0.22298517596899045 0.23775142449634465 0 0.0034979113934554607
0.15273803937235472 0.5725041452307493 0 0.004651445346361017
0.8092924974868563 0.8382570302867528 0 0.004637511519708595
0.014389111339219489 0.49271236111838795 0 0.004323054313152915
0.6433410620028165 0.6268867603493119 0 0.0018829935647500674
0.14562184312968382 0.7327136004878103 0 0.0043550739391099704
0.8589469986383029 0.9414746113274419 0 0.003422726768493057
0.06947749603753638 0.3311014792151296 0 0.004983603130057161
0.6666417375764647 0.04245149601664476 0 0.004648064497932175
0.2889525492744203 0.5714025239621021 0 0.0011037788228551075
0.45013398959822876 0.7357484753960084 0 0.003121043470279968
0.8037705551412155 0.34289195643458886 0 0.004635611798097542
0.03267102726209868 0.1759627941253837 0 0.0049706340648779665
0.5810044096041826 0.38729683184583125 0 0.004169740025385481
0.14879972976854858 0.4984139065074938 0 0.004635724989240881
0.24537662634146448 0.955533356255794 0 0.0018890827381371229
0.2823730899887949 0.8960172240395392 0 0.004939049540440697
0.2155023394348162 0.9035128834981793 0 0.004316321074370575
0.7572844618194593 0.4066343748618059 0 0.0005853856666274545
0.958169029793236 0.1893973447049667 0 0.004031609585885905
0.4097053226536403 0.8099175555449779 0 0.003876002968984397
0.5828619316939879 0.07004420342506633 0 0.00496912026616207
0.8944646339451809 0.28800028327941246 0 0.0049997279142444334
0.5678171978367067 0.6628385206771396 0 0.004817967752056215
0.501224680236699 0.8353723269371959 0 0.004687175265001164
0.7429458185893417 0.7510492488691276 0 0.0034471014498330195
0.03942646099867296 0.11855590403845183 0 0.0019893873789788748
0.8455515001833274 0.13849139451222534 0 0.004929686495676325
0.4868839960117623 0.5961027232588874 0 0.004953921596722768
0.10064304191030492 0.6996906886309042 0 0.004734632351494935
0.37341331640112313 0.008668412417201503 0 0.0016128443198914818
0.8022191817275167 0.8257058107192053 0 0.002885786201141384
0.3929634184429917 0.4297664288742901 0 0.004999135031014397
0.061451947639532975 0.7338651693818516 0 0.004259998364618749
0.8280430373151393 0.5974372925961392 0 0.004097559699861529
0.27594446876348827 0.9187176245575588 0 0.0018994526287588736
0.6156014840740998 0.12016705681694183 0 0.004904892441477237
0.9765641394206075 0.35314287081389945 0 0.004773217710695415
0.7032646775838937 0.12350132573830362 0 0.004312202223537089
0.549353055969921 0.8555904232249597 0 0.004738359832837076
0.4641925384970453 0.6216527274548875 0 0.0015233694628584136
0.7132368861021678 0.06157847216561328 0 0.001062357605327948
0.007142767009165491 0.5563721440947689 0 0.0020322178395330093
0.6177867125892211 0.35090131883148007 0 0.0049815918592104845
0.2520792650642027 0.7945635380726743 0 0.004482718189109445
0.844838875644116 0.5623800996585222 0 0.004604092153300994
0.7132993795252315 0.979777314654525 0 0.004308900697977385
0.2868129493185044 0.38974978985556136 0 0.00365232480736674
0.011593549323572032 0.8402877817713696 0 0.004959279294689265
0.5100114957381127 0.0417102932346005 0 0.00486214213925014
0.2757953821673578 0.654678853178642 0 0.004998516203728817
0.8299163221263376 0.19189684513292957 0 0.004970425733483805
0.7491383141163566 0.14834103802095852 0 0.004743081989637691
0.7971807465123694 0.6391047443238785 0 0.004813191470397695
0.4875180372956957 0.29987757014582356 0 0.0028576498712729686
0.6257003162896929 0.9063548056078546 0 0.004201898946353343
0.3761496442339342 0.47902120718888647 0 0.004133329618126821
0.20669854670266027 0.5364933814457353 0 0.003306073388317732
0.2294775206991507 0.8227451034350594 0 0.004997076397696714
0.7295508469626611 0.5201863120659347 0 0.004421620192438169
0.2527014685461874 0.21947662888599315 0 0.0047445092271103
0.9700102782966662 0.08530276634685528 0 0.002497702539869427
0.8722403100028638 0.9987663453694355 0 0.0035131060573329854
0.08800688621253537 0.21246700856838227 0 0.003987971753100131
0.2522497465460997 0.8632488156313692 0 0.0018381354415579927
0.9913354293373414 0.38891954078748897 0 0.004659445097608762
0.41586572969492647 0.547144616705604 0 0.0049988971835148825
0.482945953164479 0.7946186118269167 0 0.004856290746671362
0.9441797762645305 0.1993951624707709 0 0.0028739454588506746
0.32370589109483544 0.43018848587213837 0 0.004621335148136729
0.7164666522440618 0.31199322979636485 0 0.004677201704409964
0.24733748264202346 0.6433408402947672 0 0.004653406099936178
0.40785764534854435 0.7350500936461782 0 0.0048371055021870415
0.6221402035853015 0.8487136570955808 0 0.00490341018414111
0.1821906967079758 0.739235372946543 0 0.0004450170680523982
0.2031853544238653 0.022236012979154222 0 0.0026245776601701736
0.29480074287934727 0.668689972544655 0 0.002851967909379518
0.13025769965008424 0.6080443408843665 0 0.002564479246987767
0.13625330798235022 0.12366765478751261 0 0.003650430797630261
0.5557442077658827 0.9790459049544691 0 0.004957223086091265
0.17241473536477356 0.2996959308845784 0 0.0037964711140476416
0.748938916901658 0.2883638384583988 0 0.004455905450245493
0.7882744672578441 0.08611913849371043 0 0.0049895034123352555
0.490288837490987 0.05018106835356993 0 0.0038115203439304268
0.5800677932907659 0.6879801539179395 0 0.004967715407917218
0.1399819832343777 0.4089776380091707 0 0.0047283868765978735
0.8335435357797145 0.02610526869208673 0 0.0026009620196765977
0.4270248720643824 0.7602018153894502 0 0.0037208365691248687
0.4771514393896357 0.8230460964421559 0 0.0036428617016386732
0.49731467725170725 0.5271174268747395 0 0.004203306604563255
0.5692236425961564 0.5524463621786537 0 0.0003452785330535329
0.2547517250261591 0.676313780588875 0 0.004560493804351975
0.9782710696859748 0.2923855334990125 0 0.0030161000861995127
0.2530712609509734 0.8842487962004031 0 0.004896840027207377
0.23637693435161608 0.7149442105259802 0 0.004985634021779291
0.34954243736156504 0.6422273111427158 0 0.002983999070781133
0.480885448360407 0.6101431140121832 0 0.004538267907791151
0.8746570622496596 0.13547557541550734 0 0.004230735830542785
0.8445653574538303 0.8036799355065946 0 0.00336011659320859
0.6577077673627649 0.40950773532165735 0 0.0041317824256382335
0.37608248222345503 0.06647959360930787 0 0.0048626082743982255
0.5649674021486449 0.11329021343796596 0 0.003946292462794228
0.12336595209924249 0.6772166834036889 0 0.001255773644403617
0.3045127820341265 0.9588461634387699 0 0.002887852540734135
0.6802851657741256 0.17328761156853476 0 0.004988754839739937
0.8179050809985454 0.5636833110232441 0 0.00485373817502494
0.8760889384737586 0.6323986728960093 0 0.004922127282817585
0.5605699935253482 0.8018937847563663 0 0.0030797478804936557
0.952924631983647 0.27558408775734305 0 0.0047913230489368365
0.7917506048491274 0.22084696431547898 0 0.004468691832685742
0.4351283601333244 0.28289050391527376 0 0.001803433465029129
0.865524823218963 0.027762830991211233 0 0.0049963733115254705
0.852118492431724 0.8887942270218003 0 0.004999979143863875
0.387996992859821 0.5427225591021325 0 0.004033189625193009
0.3730026564499401 0.21552250049763075 0 0.004940538177675069
0.1169263434626887 0.9353571287737694 0 0.0016244803558471336
0.48741974850710196 0.03019816151422027 0 0.004360554399623342
0.4633343317203685 0.3626509560072158 0 0.003012620883366345
0.7601185349498061 0.17852802087952188 0 0.0047496174050282326
0.6175273647779596 0.19566515190286024 0 0.0048266549214329504
0.9631733687615388 0.17469383475386077 0 0.004405749461253049
0.38485925753553657 0.03508119886266624 0 0.004587051164485393
0.18640446950525655 0.9809179320110003 0 0.0028115283123127267
0.27211623916564914 0.23025047544929886 0 0.00439914265453904
0.4387205954420487 0.4499792009394254 0 0.0033963573821155896
0.783575204097328 0.5700726646226005 0 0.0049554193229111925
0.3205787300685626 0.49594857255120345 0 0.001960435886692164
0.233438891780797 0.8624679477921592 0 0.004997794645801721
0.013291148403568813 0.898617633387275 0 0.004861322384778051
0.7428168072876435 0.4967251068867074 0 0.0032743233625586567
0.7998079610653057 0.09144585598479803 0 0.0015413405013251144
0.992288474364196 0.5730570672873586 0 0.004760884605551695
0.8249713397677159 0.04241081322787531 0 0.0037433711367827987
0.6594078323902801 0.45830221178862535 0 0.002940063298828977
0.8584016263426956 0.5308979591184019 0 0.0049217744848176976
0.6044295108118989 0.8410978681645753 0 0.0018871511841516125
0.7695452627822243 0.3423697286657818 0 0.0011889611433617863
0.19340960463976695 0.14879433491298696 0 0.004584279117021325
0.7647653157771017 0.01963102238252045 0 0.004739391017286461
0.9475017136267863 0.1409269334055205 0 0.004992583167236645
0.3074386621394439 0.49982011702714974 0 0.004421142335440451
0.6063828484385088 0.06967954038111311 0 0.002927787541084206
0.22137727719951425 0.8526505866023244 0 0.004928673654232565
0.031435487728835074 0.022970840378740746 0 0.004886858168052663
0.5397013292154615 0.07730098142547769 0 0.004036987771796564
0.6946608631065101 0.3903544349111942 0 0.003465655124686338
0.4131469978601175 0.6554266733084112 0 0.003353129999303249
0.47514554685643456 0.24569421907432973 0 0.003769965532903987
0.9726978394195994 0.257062677966232 0 0.004543622453659704
0.778957380580689 0.5543197988954729 0 0.004325966599634367
0.8083051496629591 0.7597213734023743 0 0.003909123408863309
0.6379883178747561 0.39532186981777667 0 0.004781142961112378
0.1946559243851584 0.07783585733473396 0 0.0028187312997683426
0.2434114237148631 0.5239037081864044 0 0.0040485181900250045
0.325510589780492 0.4478643922612969 0 0.002902364037475418
0.029732993071272966 0.7917625748800458 0 0.00282654801092003
0.36451141468189346 0.042390138797837915 0 0.004788664028924885
0.39124496196653163 0.9172809163300165 0 0.004905628650308412
0.47718710396005154 0.1550609603088646 0 0.004655153787691876
0.24036948602894334 0.28856145673081474 0 0.004875978419154759
0.1720868468873867 0.9698373248869362 0 0.0048668844063564625
0.8374445153150519 0.4630998887811814 0 0.0018669322191000274
0.428724568073457 0.5429029710677387 0 0.0035505263081795813
0.6674883091501382 0.6787656372615556 0 0.0049860063822961985
0.7033813056915645 0.9815991280740876 0 0.004999533775769402
0.3702635455061554 0.6173043087930811 0 0.0022698531031822324
0.39674113449348675 0.9457473276580586 0 0.004410195667162939
0.6761407293003094 0.7714730536317217 0 0.0049834821941761856
0.444362525507949 0.857184684955565 0 0.004916539492879918
0.08317504490516801 0.715353330840017 0 0.004975615044674853
0.24797055827165934 0.9765421689159094 0 0.002433781800292622
0.0021671970092910172 0.9237100193073193 0 0.0023710358781331383
0.19737981925868905 0.26734800793404273 0 0.003946873528480904
0.3355785232705741 0.09167705247282697 0 0.004556714720692309
0.6394790582205301 0.7499357392876852 0 0.004915407645773784
0.5514987956942079 0.9190089445612414 0 0.0044080557935509265
0.0828057582797923 0.01720993072713372 0 0.003012820108614364
0.857228133299919 0.8024685581857166 0 0.003944104210622261
0.6238050026399785 0.11376002028522313 0 0.004607029881092823
0.9497158980085013 0.06572168310085057 0 0.0037153681332318935
0.2201164233291841 0.10742442088097524 0 0.004562258051207876
0.21608357429732047 0.5228640466686474 0 0.004600370968646578
0.3711874870380653 0.9721610251726426 0 0.001819595632793837
0.5382468349521133 0.41881300875136657 0 0.004765509846097132
0.7565949690892396 0.2255892207712585 0 0.0011122252358711805
0.6590644895784166 0.42460925696477586 0 0.0046694891630663735
0.512829463166257 0.904569701869447 0 0.004254115765929135
0.6916411838744378 0.818759246146224 0 0.004230983274443373
0.5872325236581417 0.8850208057327663 0 0.0040698393320151285
0.5554099665220534 0.3861027969349707 0 0.0029539146462328764
0.16721397698977455 0.2063220144691483 0 0.0021385523697107604
0.9686329791252825 0.21785318598127765 0 0.004178308798701872
0.07649910503354095 0.47788221374579426 0 0.0037731496035583647
0.4205669048830268 0.4335707537027808 0 0.004180508684767694
0.11354915345385795 0.24659136104819598 0 0.004270772164061587
0.3939131322603994 0.7964087530109044 0 0.0026793766882756507
0.6285226560798143 0.8185189424341726 0 0.0044301736589795635
0.5544613694086383 0.8909054931705829 0 0.004849482201488671
0.1485621906778731 0.3451766492951644 0 0.002938654913223715
0.4943270773669319 0.6308021763053757 0 0.00417075469947459
0.7063606911992113 0.9434955938160813 0 0.004637340075207069
0.8610497832851344 0.8660321252759218 0 0.004946343793107107
0.9513185535556452 0.8887534460945895 0 0.004501410508611086
0.5441036490713961 0.49300114284656066 0 0.00297374620184152
0.4983481345702319 0.026236553292206526 0 0.0042081497078094166
0.11792838484007816 0.8604718556596669 0 0.0046900064533876695
0.9442147165663125 0.7360878122245661 0 0.0024619331900982452
0.971545468078651 0.4545340909183296 0 0.004103805190169518
0.5696427866183924 0.7518497804228429 0 0.004795819460481314
0.9607552626121061 0.005373368753163072 0 0.004744901657195916
0.6456725182141642 0.5184299625691721 0 0.0020067665243468976
0.8681314671375688 0.9357338668046529 0 0.0034757555831035044
0.17675950609529675 0.44259765427916514 0 0.004143917368791623
0.8813729161590729 0.17105807718670582 0 0.004915708262585017
0.49202960742590757 0.8518712865093512 0 0.0023855055610102513
0.0746584058823385 0.2095821863183109 0 0.004510064493880299
0.12817486019913835 0.15073028320941304 0 0.002048659916524067
0.9249335131695068 0.8130028775650694 0 0.0034275234591581464
0.7124092273080724 0.9162870770580263 0 0.002875375406702918
0.8253238586921654 0.8240700217345426 0 0.00438586276244546
0.546731193519637 0.7481516894922172 0 0.00439670399220576
0.7638189281684964 0.2655005479888683 0 0.003330305506563551
0.7805079552467037 0.6625628569693252 0 0.00499967976045776
0.6098815738037824 0.39232808074896514 0 0.004443862067890737
0.46646047406607444 0.2077855498111739 0 0.004841696541766982
0.005194262550968104 0.8801108115645675 0 0.002556259357820176
0.6888549146710785 0.6649492841411818 0 0.003832142633775851
0.7538826603487356 0.46241403092256433 0 0.004316244943822433
0.8552054205709385 0.929091719057735 0 0.004800655808420738
0.37483212992866716 0.25137641719057163 0 0.002407171520672279
0.14924698696114289 0.9428510013763642 0 0.003056712108616976
0.6477943878791034 0.14125229898336253 0 0.0037742224996060022
0.8253281426859003 0.794730832494786 0 0.00436057099543222
0.7120559338750099 0.548729702384135 0 0.0035695794264224844
0.3991709356956567 0.8926920479607887 0 0.002924651281924314
0.08793075634276613 0.3463063695716006 0 0.004393154608658079
0.0024535649632964015 0.12333091820364782 0 0.004439110659573062
0.10421513309717055 0.4085709250131864 0 0.0049999256920197615
0.3210102197549671 0.10150248940030925 0 0.0038908838667663878
0.6107368739864415 0.25169392070533386 0 0.004487398232011731
0.8118044974983837 0.4322292406519194 0 0.004999496814030947
0.6374930900926509 0.9172906826411503 0 0.004179959453248897
0.8088351229338495 0.18068858702535037 0 0.0024936584783753365
0.04793110171382407 0.5124234851120354 0 0.0041527946655774755
0.557635664655409 0.10022337681991177 0 0.0032421960258867933
0.04408908309810132 0.5447526452140561 0 0.0044853251094163615
0.00035496230877684725 0.6091111493984941 0 0.004158657345604756
0.078265869561968 0.187633904975934 0 0.0017727098398374822
0.8299606528910999 0.4924036415047241 0 0.004101585063223482
0.18932590578756545 0.09477494608858648 0 0.0042584398309556334
0.8522963046162042 0.716208911063808 0 0.004816018751005299
0.33760703144768517 0.9097953221987166 0 0.0011092462583593649
0.7678106330723169 0.647068498400085 0 0.004950190940199793
0.45120241177590065 0.8703935605157498 0 0.00212542009948672
0.3641683977702255 0.15857963254434446 0 0.003756119126330646
0.6661974947908579 0.8028023326206383 0 0.004665571459127534
0.5899363594496382 0.7168172364073372 0 0.004565468143476992
0.8381969333010686 0.5085397717718494 0 0.0032813598041501048
0.18981641526303258 0.6124324961754343 0 0.004929380295770228
0.6474004465705325 0.970681113462156 0 0.003556823155277105
0.02535025610258223 0.18932576955479083 0 0.0048399358728749365
0.569783976597136 0.1510028163370055 0 0.004562723153867779
0.9873362904439508 0.09053252114652553 0 0.004307847644585807
0.48379523452026824 0.2729788694820638 0 0.0046959045678048065
0.8561929946455881 0.3431082308188392 0 0.002756209396478306
0.3479726977057757 0.9463430884652955 0 0.001197718280523457
0.4424784837534435 0.7893849329749266 0 0.0028931580254262465
0.24795545114597914 0.5074339786761702 0 0.004840956879859135
0.12290834949877603 0.6207977363173617 0 0.001451081752465148
0.39356248418538414 0.13642281222771266 0 0.004600622801476235
0.6805084890551393 0.48634507688786605 0 0.0017829213034015736
0.8229414469060575 0.38147693445111625 0 0.004897456959505157
0.67945269878677 0.5883588605988925 0 0.004886851279499182
0.9094234512275831 0.04861592540705971 0 0.004728550944807308
0.5918567955311722 0.757362737892782 0 0.004255644483735187
0.3345980171542006 0.31561690050943797 0 0.004855680984204888
0.7810346061053626 0.42973902039595185 0 0.00460105649046435
0.3634458294714808 0.2590399585372732 0 0.004836492637781976
0.766423198311894 0.29439842935734856 0 0.004364796297925953
0.9629172596078908 0.6978096007482215 0 0.004616869242536368
0.928699409736871 0.7542578205168462 0 0.0036613425687121804
0.08970364660050055 0.5068601643145552 0 0.004352222738232418
0.5011792523697008 0.17230731414041386 0 0.002746750827796742
0.1322205614969517 0.5880126067530205 0 0.00372689839224652
0.11316850802466737 0.780078021793141 0 0.0029740700914703162
0.22677476591957743 0.6010842676189619 0 0.004920279799874552
0.8072344290675179 0.3017220646409709 0 0.0046048737188074266
0.8174304585815361 0.546447068409736 0 0.0040480091725342915
0.46270179307981124 0.32088515558985503 0 0.00481717720459162
0.04916242302909267 0.1789012176688138 0 0.004994988961735822
0.3194176948273419 0.9198039988562482 0 0.00218995882094744
0.6750482509098835 0.4316653502135504 0 0.0038969182200034656
0.9877084160874867 0.4147779027182837 0 0.004866172762576466
0.26425008568122227 0.870809203233804 0 0.003636705117120919
0.10810146602043046 0.9578235321275069 0 0.003123673005449344
0.9642788110809744 0.11680757338253021 0 0.00461952990578254
0.9707564975939652 0.5044571413098524 0 0.004996917771040327
0.09223087997319955 0.906041344700055 0 0.0031637198632965646
0.9388018525238335 0.22962992256931955 0 0.0049527418917372995
0.24992490449092072 0.2599810002234147 0 0.0037344064421030703
0.14071467986642658 0.9606632796826713 0 0.004694862886468091
0.7799541681964942 0.923035765023424 0 0.004660982051812492
0.13880846892319884 0.6324177071894228 0 0.004553973726218361
0.4582834990053945 0.08490365457181136 0 0.0008244100276415596
0.22132821064574212 0.4835739751309543 0 0.004839840571858886
0.05616920591357498 0.5974355738452373 0 0.004751216971310841
0.13437555063130643 0.33313225923274054 0 0.004735679673035507
0.9623060481501344 0.9741919702899154 0 0.0048361845843382465
0.6939947511404613 0.8372232747794591 0 0.0017416580130076636
0.7160504711944744 0.7073148848346782 0 0.004971952357302283
0.01183265276313538 0.9370192045552039 0 0.0006301187786137914
0.8928062755176559 0.11036861027246635 0 0.00498515814864399
0.238174952518838 0.9354770491847307 0 0.004980192638416795
0.10456504580996805 0.6230465290825773 0 0.0029512742713831237
0.8893815846006995 0.38886205168296856 0 0.0045026634102769076
0.07031466826256504 0.41091846832378737 0 0.004804623011938284
0.46759028878577263 0.2754567211273757 0 0.003361509510639446
0.5998789143077725 0.5454277766636519 0 0.003951091059438021
0.15015138345900544 0.837426310459181 0 0.004252370726919282
0.9867211958718416 0.9477617540287891 0 0.004871042079193576
0.9544917932183568 0.19747679122264425 0 0.0031677249243631596
0.7953910111236208 0.8620772915530998 0 0.0038845497493669354
0.09168346634544798 0.6417649955510943 0 0.0012821797349900838
0.7515293440062578 0.8384857304874541 0 0.0047138838749410245
0.38814186111830323 0.9723555891999387 0 0.0041655337638875035
0.1394152949948718 0.2908072813574009 0 0.003962943734480608
0.6319094489580611 0.21862476286081642 0 0.004973966168318197
0.3649079553439774 0.36283158796868814 0 0.004483803728398537
0.10126724816345277 0.24003857035803164 0 0.003335017948074463
0.1070985146151645 0.9102893905207231 0 0.004911941946787258
0.10030513601389678 0.8315322608071141 0 0.003997543978446853
0.02810140933951743 0.26810745928176155 0 0.003597163708195002
0.7152428646676728 0.6342694891309246 0 0.004846510253206602
0.8855302916174272 0.045619798668996 0 0.0028983873922012386
0.8201636179878694 0.8715614351387067 0 0.002149340171203733
0.4244607033818752 0.7895662605058041 0 0.004657122352824942
0.6762457386382381 0.6589470775576076 0 0.0049660368856039045
0.7926331622422293 0.8125018107532835 0 0.0049877224527026896
0.9041433280835575 0.9571717736238138 0 0.004799802501845893
0.3632635120012457 0.29936843364011084 0 0.0030305647898037904
0.6673789677109304 0.6440230416174091 0 0.0038953287745312226
0.7607586681378087 0.6579066902213176 0 0.004846466848047535
0.7192754983793062 0.8427724857677902 0 0.0036763737543555183
0.6883902859560553 0.2920170602499333 0 0.003542333299096996
0.08857332155534146 0.5861870423239717 0 0.004878500252731233
0.7141450238440478 0.727939823420849 0 0.004998172656102571
0.8549649231954078 0.48396740450578596 0 0.004886239023613832
0.9851943183818999 0.9900187504324657 0 0.004884126797257828
0.285103537257635 0.08515459136944735 0 0.004701507617713994
0.08076889974975919 0.0011872487063898606 0 0.004791123809790399
0.17000624697581865 0.6210999327479656 0 0.0012983845627475743
0.5170772637607616 0.20996635442467923 0 0.0038741384454317783
0.6030674304125514 0.11528268218640113 0 0.004990898427410938
0.09421302110230699 0.44018323355591576 0 0.004984670506969192
0.8193989773017903 0.06911074348923361 0 0.0044596727520608125
0.8193302974399964 0.09828663675081904 0 0.001523326016307635
0.08799514416523034 0.9835283297372132 0 0.004606809106421617
0.889127664348004 0.5974372249086536 0 0.004393815841615323
0.9503638158875451 0.4248620514565555 0 0.0020182079197272012
0.10205041007789527 0.5380408201480078 0 0.002770460390332422
0.017959260686377425 0.6728781899273631 0 0.004162122650322094
0.8368010917088646 0.6714421258630962 0 0.004904057122132319
0.432204668886397 0.2750288988687913 0 0.0007074271974131173
0.3078496114828109 0.7320537769854928 0 0.0020182785190205775
0.17668095543850756 0.9350027455577368 0 0.0032573020077600757
0.4950823092268197 0.2785095292460696 0 0.004795084328007114
0.1479145841427348 0.24607673130160332 0 0.0049106624670693716
0.8286046188438564 0.9816110803346317 0 0.002247181186736552
0.10969247687103421 0.5823975521186716 0 0.004721462755828386
0.5460617396762023 0.23679697166243172 0 0.004694738907435685
0.7221537862804147 0.29619019262534846 0 0.0033966140919599514
0.4141739656298607 0.23242149420712263 0 0.003852957488897497
0.6974143707880073 0.6528107657094677 0 0.003665478143101724
0.1664563421081102 0.6132116538275326 0 0.004895815579296278
0.7116498521022291 0.14599134913820352 0 0.0036116691064212126
0.7644268966587062 0.43718469384031905 0 0.0015970944751926824
0.7486911478135918 0.9242718230960064 0 0.004914727438577487
0.6042476221750043 0.8067930483258691 0 0.004998887324975648
0.9089937033123513 0.10397878275830018 0 0.003956846201128781
0.2622798850662204 0.4318089443744993 0 0.004998906694559785
0.13589825042935696 0.9791512262919819 0 0.004045516892160487
0.7634345352126781 0.5190989114665638 0 0.00497149067321572
0.01431374641170912 0.9505346411287188 0 0.004468649260550494
0.4569697824106426 0.8416181119978217 0 0.002368374119944668
0.317501038416041 0.8210468828124259 0 0.004982194184153474
0.11125357736158102 0.22314742890181513 0 0.004990948386583654
0.7805435460784447 0.6805943579108101 0 0.004972382555460101
0.7033981332768995 0.4228388336538306 0 0.0012636153580423194
0.49205456218490423 0.8160998428116039 0 0.003622994695120257
0.6678957296749055 0.06367639147866787 0 0.00498622448324012
0.06308622829997688 0.9966513410813722 0 0.0024215795504390156
0.0308045647008136 0.8684685458126398 0 0.004166767533316006
0.38843317807386907 0.5885373666064394 0 0.0040659426359773675
0.6181045518953714 0.9591657135502472 0 0.0048321513741560905
0.40372233832741006 0.2113489700061327 0 0.004676509685527693
0.12321495684844329 0.815763482746597 0 0.004157537178521781
0.7178387384233941 0.05544472917714392 0 0.0046053352239303885
0.29225182160268454 0.5844874538430719 0 0.0033691881618589455
0.9385632663853715 0.2435408879396472 0 0.004948331426203432
0.9265302915170485 0.9648945425090409 0 0.00449050892894659
0.370962042675645 0.42377691520139243 0 0.004720998716680463
0.5233586797218953 0.7267799495765955 0 0.0027480179803380874
0.5436907582290853 0.29815481894112744 0 0.0034597371828657027
0.4336633073191786 0.9297620443185924 0 0.004985169292874556
0.2776737790267105 0.16588611844502563 0 0.0018890160529389248
0.20888271663957822 0.3026242313770175 0 0.004778105862148665
0.5409231366839181 0.6710369884383377 0 0.00420232371733187
0.649767247239503 0.8797844535792427 0 0.004304525325169002
0.9648096661993065 0.27698954996639685 0 0.003408658663603145
0.6550724088803512 0.9896675374650348 0 0.00457797857978711
0.09395228828796197 0.14481763132707035 0 0.004072218318592704
0.030689826949721326 0.4908796086972755 0 0.004658526093381999
0.9713168741719977 0.5182339365894135 0 0.00497556895302673
0.5737493527524538 0.48540792063259347 0 0.004990980671745386
0.7764768146002187 0.70031187588667 0 0.004965273004051341
0.546428220552568 0.21678484531464634 0 0.0013983684103347405
0.9364441196190793 0.5743045406019216 0 0.004683700495524352
0.7405859886432891 0.7297508652779107 0 0.004970789652253266
0.4823226754028262 0.8601674368867124 0 0.000924469250190971
0.7397703854546795 0.79552551829607 0 0.0036204609676716323
0.5722764331788432 0.9958374809533637 0 0.0048992810558261815
0.6184429995696299 0.7116708356321509 0 0.004999870730874848
0.8231048456737793 0.7132248101477697 0 0.004965922311973028
0.9458778807497081 0.9468575131021669 0 0.004947207227795976
0.9322892104299438 0.4438943251254282 0 0.0027522230257661555
0.20657275032785302 0.6972366695751974 0 0.0045456038226555796
0.9019478943627551 0.3303647913962576 0 0.004235360935628434
0.7727912198918275 0.4494280967917796 0 0.004678941174190049
0.050638932542242596 0.3135460630590084 0 0.00440541001779107
0.9979211992542313 0.3591028630840795 0 0.0016609342961639067
0.07401228890407462 0.6783883773916861 0 0.004469164896835175
0.8090607130712273 0.21546058293343592 0 0.004950357546292577
0.9516416982205632 0.2099876720996768 0 0.0049999439431671925
0.06584928503671715 0.8043075925516902 0 0.004658668175890398
0.016016812736450496 0.38549693135362134 0 0.004725167905576926
0.6447646787185535 0.6767401755606992 0 0.004314749144372195
0.8326605955011959 0.21684784131436383 0 0.0049478858148963275
0.9076315958075117 0.6416760862696078 0 0.0020775505049625775
0.7602609460217953 0.502855015883632 0 0.0048755034955988725
0.5259972963159177 0.9030663281331736 0 0.0044007047113864195
0.7856101308617548 0.38091593029834486 0 0.004889790268272031
0.03175628547499286 0.8183073090525597 0 0.004264972453837812
0.6718485514650268 0.9917282898073508 0 0.004950115729221004
0.30001516796874333 0.9718144106624101 0 0.002339984389956667
0.36916411858511927 0.9146710645923849 0 0.004779973348350249
0.3267623548759185 0.3772535086778395 0 0.004770460901938914
0.4879576737183445 0.3674297643765088 0 0.004958371800736655
0.3707321346282139 0.07835981911205946 0 0.003516743900645143
0.2866460170688833 0.5570468995875781 0 0.004695150819316006
0.39011929019087405 0.16201443994577155 0 0.00470275481022725
0.22799020799556877 0.07451404537191351 0 0.004994891358888545
0.5321845431401862 0.11080073136261136 0 0.004242722717543893
0.40073560236837685 0.9850630494361405 0 0.002354847539463669
0.8034874523984439 0.796434049258031 0 0.003013601322532892
0.8091339628151509 0.28188882827853473 0 0.00492207381754303
0.3580096233420012 0.4417841037347516 0 0.004115702415605048
0.21229941136205618 0.48935587431696376 0 0.0019033599990241267
0.28793804383828986 0.5999348111513287 0 0.004363783544070515
0.6884539751103833 0.426657038840412 0 0.004651589363599123
0.6342753201816622 0.03144460321541352 0 0.003971433488863821
0.8131940519800287 0.1282279706591176 0 0.004991440155044703
0.9137728676279018 0.06239766424263481 0 0.004422114394815334
0.2471206561517306 0.8431023004130415 0 0.004672509167053475
0.5838562443679954 0.5407424221089584 0 0.004930316161101234
0.7594814807386232 0.0692025068774058 0 0.0016156506434734466
0.027252003983585286 0.974405515195135 0 0.004919822252940371
0.014396837646396647 0.24565907608951407 0 0.0021426685843108366
0.21346535105440187 0.2555086510176337 0 0.0014014364632941912
0.3857656889458732 0.43694266338410487 0 0.0009365222425244383
0.5125472724217124 0.7030219865169953 0 0.00499456238302346
0.14030759556623604 0.7456495286857469 0 0.004825942630373458
0.5998444777480597 0.024835233512556447 0 0.0044675860510636585
0.9653202482437829 0.3849618648480743 0 0.003916131214626515
0.026037595276246266 0.38822134060578967 0 0.0032903445029034057
0.24347575749208158 0.3759904054057071 0 0.004393121596671236
0.7897594741929523 0.16766954130182296 0 0.004697124594773256
0.2266885852969048 0.3656923201523597 0 0.0029375597075279865
0.560276224954786 0.47793224244727756 0 0.0045620922198127654
0.5765857140860416 0.08251993220688468 0 0.003929852810842376
0.3080372870666778 0.6231698979922701 0 0.003259507100179981
0.3788788546776077 0.39499562921973536 0 0.004787888506276941
0.07665273007110217 0.3822525226934536 0 0.002154889506919256
0.31791611122210756 0.8347100073565938 0 0.0044029740498423755
0.8069736485056687 0.910847341445414 0 0.004903141326500626
0.010035117370167927 0.44664331372585314 0 0.004996876635056353
0.23474459129637645 0.22417291001618386 0 0.003977496389589509
0.5065703834254098 0.3418194263926571 0 0.004931217132051822
0.8458022328159774 0.2845548153000021 0 0.0033931516843080374
0.891005060329441 0.13457152070508935 0 0.004719816794568043
0.7204524300898469 0.643515322614612 0 0.004960852157934445
0.4276861413511727 0.5330053360030966 0 0.0049995261257505
0.016707211920063407 0.3169055205006264 0 0.0023457015665525375
0.6599592424924117 0.4949881377902073 0 0.0038313837985118307
0.551426353722015 0.03289027343160088 0 0.003910623470995694
0.8080208123011265 0.7176960024505322 0 0.004469712448916745
0.043803706068000645 0.4205831690134822 0 0.004831697972748279
0.49154249001653955 0.3093385209423088 0 0.0024999900861738243
0.8707560565577599 0.3241178005735403 0 0.001960895459703105
0.20101589450144483 0.10374235093510041 0 0.004721874975938439
0.38960354853209805 0.8037255949344623 0 0.004885600568673172
0.3374821987772659 0.4311779067896067 0 0.004923934586449505
0.8138723949101215 0.48024614226726453 0 0.004851502458326145
0.0018657769183999483 0.0017969113646457656 0 0.004051462520595032
0.5974786946043869 0.9365303362803458 0 0.004582428307960344
0.9990801023507921 0.9787460174768334 0 0.004999551524882314
0.31952025224043284 0.3511116864568998 0 0.0040913253572133
0.9933846987273208 0.2663220629441369 0 0.003047619141080646
0.4300372680014773 0.36781462790202374 0 0.004242771147946177
0.5542094643346384 0.2528002835167013 0 0.004079622515855881
0.8715725113165849 0.4448293069002182 0 0.004742853042268441
0.5493448291690172 0.20484556170800602 0 0.004723940605229012
0.006732393134214471 0.43404892557122005 0 0.00486913939068014
0.15469815257960692 0.7118240258168883 0 0.0033363685850933897
0.4294492306373809 0.4180762577830119 0 0.004219637274012806
0.829915442559988 0.5271225480061416 0 0.004816159867266038
0.4870162002631781 0.5271002406164885 0 0.002132288788108186
0.3884857703225815 0.8833312288383203 0 0.004917835885409698
0.8479402171138393 0.6470118109950052 0 0.004954457096268508
0.06236338175826349 0.7788868477181342 0 0.004366685826325782
0.8944543143039638 0.9449410197576517 0 0.0045088886909409156
0.5518053713451313 0.7354821286168663 0 0.001254920838513743
0.6425302627037607 0.5746584813123866 0 0.00470120469432667
0.28460178266772257 0.923561744322537 0 0.004493604030429446
0.7036527374286194 0.5053656200430734 0 0.004591299604644716
0.6439806760682676 0.39012170430921594 0 0.0018481043715501265
0.39517530360643277 0.17203592773462215 0 0.004022835816633986
0.42716288168002875 0.14579803184685333 0 0.004970620179140712
0.33371068873039594 0.8774728926422783 0 0.004781160370662922
0.5382024418817276 0.6266938373552347 0 0.004688943355859869
0.7627236783260989 0.3253925518939153 0 0.002629582363852758
0.7617543895834358 0.7122000480286812 0 0.004998766826804243
0.07897328340007091 0.7891140907657892 0 0.004475262649470647
0.15356610202042317 0.7264623539085034 0 0.004854865178952419
0.6940376738532839 0.6745415123708497 0 0.004394295652565633
0.6979475310356399 0.5916125097805406 0 0.004970103519308146
0.15969562041017935 0.6629331505940539 0 0.0039682593833387115
0.22166851090374748 0.19419875254813032 0 0.0043752562587183325
0.1561741665116698 0.3074224258230191 0 0.002129875682081967
0.6345287202768638 0.7075326900879352 0 0.004593559244668304
0.980493500927092 0.37161194522400515 0 0.0041873922606586785
0.2918529064156499 0.06561060460552391 0 0.0027410651644090315
0.042062511467593086 0.9101904812428596 0 0.0015654160299930062
0.4164233700594889 0.38577403364054014 0 0.004843247266425777
0.9227642432277636 0.1224041516490053 0 0.004952866809030019
0.28439462682050637 0.3205853264037713 0 0.004905220275592743
0.6446470407865535 0.8972378326989 0 0.004814071921559635
0.02458063582163316 0.27923466629769494 0 0.003919275185142211
0.17209057331208874 0.0969801981130206 0 0.0009599001900711916
0.8007437385190697 0.40682041594447743 0 0.004720639066435649
0.9681822987828225 0.7999217428645885 0 0.004613767491569589
0.17860969307252347 0.8340072488208605 0 0.004630169568759289
0.724744471174695 0.38763842905090623 0 0.0048711426700532795
0.6395817209148583 0.7749376912310709 0 0.004163475848567601
0.8687754536255142 0.7957287696421367 0 0.0029227235306712664
0.4438786703784979 0.34792702468654385 0 0.004971863439133649
0.9028919791603177 0.1740285325116606 0 0.004693207340722537
0.2210256734410104 0.29477174354862185 0 0.0033664572927571616
0.5292540761608888 0.23380022497867545 0 0.004967645173640452
0.005478477027381351 0.2387560108546499 0 0.0003376039825050625
0.5439616328952297 0.9399506849782766 0 0.004478796664535205
0.5067854685651018 0.226519541050034 0 0.001463485971739237
0.6240492454203568 0.6943524473346423 0 0.003231985537844963
0.4026693357495597 0.7901448255605953 0 0.0032934754790448204
0.8682801677810205 0.17643983568245578 0 0.004603710575318893
0.5679361755755963 0.4433479976960512 0 0.004615942556861815
0.6519658363183937 0.36085336971856535 0 0.0030826099671387498
0.6136981273707875 0.9716535432767134 0 0.001024628780587908
0.8690316109336503 0.8366133664732074 0 0.004835527555196676
0.7796885238755552 0.1516101358926418 0 0.002208551716590125
0.2868206557548734 0.26987401736195665 0 0.002171219266473813
0.8435333376642761 0.9533302896053543 0 0.0049888591398681795
0.3599143154988383 0.13418804896307487 0 0.0017641815156311464
0.6544862317265354 0.9082009800878844 0 0.0043893832200577465
0.6736773598290277 0.3007880840382749 0 0.004997273990681689
0.003006503245852161 0.6407037648241748 0 0.004985298507139547
0.527182073957283 0.6112326661662337 0 0.004993823287825259
0.3311368709746085 0.24743233039097964 0 0.003792666195072276
0.29201805449687196 0.6530097831946459 0 0.0036602028861778763
0.8659198605811818 0.6732419676347459 0 0.004839924297777273
0.5333061092874228 0.2755866462767271 0 0.0009052012623327992
0.9559037851724338 0.7799595416472531 0 0.004966910996296093
0.2603457150947877 0.088549181849489 0 0.004322251838119607
0.5373195212220211 0.7014007026887249 0 0.0034019440073484947
0.7545314817890986 0.47261216308235027 0 0.00426115537442861
0.14864851954409616 0.8665577000718049 0 0.004901571931926494
0.9543749214880545 0.6361993001960945 0 0.004911063054502641
0.19445294882885275 0.8306080405096713 0 0.004832454172608053
0.9980622637537402 0.09000040801984042 0 0.0045499456574939895
0.33740748319662567 0.6584618511740491 0 0.002831417233388756
0.3755996767754331 0.642837524025486 0 0.0028756848935461905
0.25594194105075824 0.6172886547045764 0 0.0008260957435756636
0.448056958951974 0.40471468673119765 0 0.0029540213522425583
0.788842222290688 0.8718194943972707 0 0.0017026011913435619
0.9730793563958521 0.7665343203864149 0 0.0012154605891438368
0.7573576780902959 0.8294731594858518 0 0.00480955698785269
0.3909245360642995 0.787749758403259 0 0.004635528812050199
0.6708497115673238 0.7041316481080766 0 0.004969927144617449
0.9875524377628381 0.4885396342730905 0 0.004920782583760535
0.9327499141068558 0.8962714106044086 0 0.0012603412471692951
0.47922209018708833 0.40303852397699574 0 0.004993722600106734
0.16055228314355327 0.9720836578848644 0 0.004946356405520767
0.42780454233076 0.8827080078943187 0 0.004198436746290787
0.25343347585455084 0.5378219554473737 0 0.0008199415291759309
0.37813535486948263 0.749809022975228 0 0.004592622472281013
0.6189638679234851 0.3755059587409248 0 0.002179743106268013
0.25250941147864897 0.7699272937223787 0 0.004700702158560164
0.213548199973382 0.6197044809405287 0 0.002763276369629519
0.20723253520821858 0.05271356116385949 0 0.004988866265789737
0.8455017603880794 0.4563125185701766 0 0.0034984523083039687
0.21958218626606493 0.8203691249144501 0 0.003804022006343582
0.47263343476716485 0.5830780463544483 0 0.0049947970818314995
0.04717644663096575 0.0038088325247608253 0 0.004198584249718031
0.14931990783701862 0.9255351312070837 0 0.004782098613567579
0.5549665049634168 0.33365658507242907 0 0.002973846744683309
0.5606981664873711 0.8406399555735063 0 0.0037615629362736957
0.6070103640651244 0.9400512577469963 0 0.004769123705957452
0.7306905217049795 0.954500130308093 0 0.0017174039647891207
0.18420863310916677 0.9384226221701212 0 0.00428460231359586
0.5333174576952023 0.06420257948054463 0 0.00495700284510992
0.47363914322402695 0.048706640287447964 0 0.00478064536470013
0.6460608399342302 0.16272621223732883 0 0.004992764683516968
0.40017606730709104 0.9645182940159962 0 0.002773501291265216
0.7613303381274569 0.15665672726240962 0 0.002477344401092176
0.5548727065866152 0.6067351489803336 0 0.004919597945162235
0.47293668172094144 0.4884457313034452 0 0.0048669009938859045
0.6336431624626788 0.5928679580499643 0 0.004800403473183755
0.49611749004606503 0.5373919340215422 0 0.004971434581407987
0.6522316212715887 0.22450184782655666 0 0.00405451746686899
0.33778069858638765 0.4121153557511113 0 0.004987819452355758
0.011358256747992061 0.363853917916139 0 0.002416033634858363
0.20656664209371264 0.47822384270679613 0 0.004292326005564539
0.8165907415016708 0.3459842660087424 0 0.004446709187425766
0.4696789506660613 0.41624860440903316 0 0.0033100824059034847
0.5145580603045916 0.3696910558918188 0 0.00474282489043603
0.48546138186062054 0.13563527198202316 0 0.0049865176778701534
0.0712220043836461 0.912580990505074 0 0.004541582248617466
0.21650451584425642 0.5867774224015362 0 0.00398137771985732
0.9463033930592025 0.3824505666481883 0 0.004995785365852304
0.1162704538691096 0.08303953835368648 0 0.004040697965512004
0.04168069416483498 0.6490743285269627 0 0.004920011751942149
0.13567968898045044 0.7028159059401445 0 0.004566829303348212
0.5632357437643079 0.4342335516787799 0 0.0019408948081792176
0.6846845058624079 0.62587129116348 0 0.004389359683364453
0.789099277529047 0.8898495361152059 0 0.004711169454487449
0.7201174059686022 0.5535157939253686 0 0.003750931229803302
0.3843574021252006 0.8400455774890125 0 0.0044595501715812445
0.6611122002079778 0.5464475769921289 0 0.0041131563737014515
0.533695002516112 0.0027974951631216612 0 0.0034164990629507556
0.48603294403057035 0.3945448103620564 0 0.0047367111155290215
0.19703374944765947 0.3757958735805346 0 0.003238743225339314
0.16111558826050562 0.2902487188852109 0 0.004906857176736422
0.8170502485029569 0.5832923154713217 0 0.004997218185352867
0.19812787557471964 0.13809191426820208 0 0.004647227854393326
0.9335010508213162 0.5121357077890525 0 0.004974228715426177
0.30775766937887666 0.8532748576593269 0 0.003943003241591066
0.8671498745457907 0.5828006044724741 0 0.004256623112852145
0.6887013253710818 0.6378181806346137 0 0.002862489876533512
0.791551371570048 0.4853641757052995 0 0.0029006116354916823
0.5049253352543717 0.9339936626348764 0 0.004021449252453438
0.26536753326440105 0.7072830114823825 0 0.0030689952990268854
0.9978304861830158 0.6300550946638829 0 0.0049753223510623995
0.8457855406797518 0.060626537927558885 0 0.0038086867475546475
0.4084228037329199 0.24201928982083018 0 0.004641104922419273
0.21785774091035634 0.5029592613042967 0 0.0010080168631073387
0.03419048461352302 0.082066558557346 0 0.0019502808161894715
0.8463895471812249 0.0338548399344064 0 0.004299402773847931
0.41141399981150145 0.9093247193693287 0 0.00468733630714304
0.2464797036680196 0.8277533912377655 0 0.0020713142859262075
0.7508210715433503 0.9674141946081867 0 0.0034031294993141204
0.2626733177939459 0.6811100207625811 0 0.004029269077115598
0.6662885917257974 0.27876672185489565 0 0.004596444513238964
0.4099802305381978 0.7132434939000664 0 0.004220850202018722
0.6134539102737314 0.5755121942233685 0 0.004068858994543383
0.8047401974789372 0.45627297437643427 0 0.004691698623219849
0.7109451313135091 0.4903932801221564 0 0.003920058635997412
0.4508497093363802 0.9002118288671362 0 0.0049237195959125415
0.057389019517941606 0.5030117104337757 0 0.003528494172046861
0.6065755620490112 0.3700486420990296 0 0.004936410781644292
0.7110897838779382 0.22564537192280373 0 0.0032880034727336754
0.374525719751536 0.6569759288646603 0 0.0032014379619448156
0.26513670982623644 0.1937692907227345 0 0.004433573447046007
0.5448108642261945 0.06655073065670213 0 0.0031515482111918376
0.6009226666705125 0.9242250704524984 0 0.0033036209768052
0.13356075964402966 0.9908760752101455 0 0.004926361568306317
0.2616725575853543 0.38489571031690656 0 0.004713626963789936
0.4119103435954335 0.18069890747053038 0 0.004868460289440427
0.618240007436422 0.043154101167116585 0 0.003080940508664589
0.5918462532641043 0.6719140077917782 0 0.0049989080070831325
0.7136839093043594 0.9105714663068336 0 0.0015091467042637678
0.08835416917813387 0.32889946212808047 0 0.004996335026172054
0.5321538797302975 0.7479514210622146 0 0.0036235198099665794
0.23054587852352956 0.9790578413377078 0 0.0049969234871318265
0.9444687314723046 0.27168206864113426 0 0.0038576321784941836
0.13379101926829504 0.007073082115229385 0 0.0031950924149672147
0.07449850112533228 0.6042287007889828 0 0.003303128691415896
0.3041848247993995 0.19716239790770482 0 0.001116492080551238
0.027313690973000508 0.5957070628600324 0 0.004998235476792617
0.1862053913857825 0.8216712567398713 0 0.004272938808621625
0.5610802512279452 0.7749442700604723 0 0.0032685848756673183
0.3589173947711239 0.16747711016993624 0 0.004496803018219993
0.19460014972930836 0.17722254679053348 0 0.00499848397104375
0.12424625363426466 0.14081566434569157 0 0.0025777817805783003
0.1436820725841794 0.718929094222808 0 0.0043187158346153975
0.27848376948651293 0.02166904881714337 0 0.0031179715739302625
0.12566688925613764 0.693300612327123 0 0.004994642732324093
0.5837930864123534 0.14005389660134002 0 0.004043357521778284
0.4005522867012962 0.30557071629576055 0 0.004925032747849563
0.8308924954457689 0.09320117253482728 0 0.0044530395466696295
0.9131341335622609 0.03715969782941418 0 0.003915088425521959
0.38012872202998366 0.338026277207589 0 0.004642711490600373
0.4249035094338384 0.9997180695805687 0 0.004986265225766019
0.6365331166539646 0.8031576159241807 0 0.004999985810458204
0.5964741261707508 0.5762684344193446 0 0.004246292384070426
0.9051249788231068 0.3144979267696926 0 0.0040484948184050995
0.8868930576877145 0.4915447620047641 0 0.0021702616652491324
0.8381974401080411 0.08845134867135639 0 0.002988766275444341
0.608739998491899 0.42355394324612233 0 0.00395026608266602
0.5550027006273893 0.8656744879003154 0 0.004108185703738376
0.7359537565915085 0.26068420889113647 0 0.0046378010889275975
0.47712619957170205 0.21926142419878955 0 0.0022214764917031856
0.19316971646431988 0.8631135456722228 0 0.004953652197041875
0.3999425023925454 0.6289800677163395 0 0.004989747478495639
0.7375025214881729 0.014835542973264719 0 0.003343913628294357
0.5932020183294837 0.06999254090640049 0 0.00373016554058417
0.3042047567641038 0.7990994172597405 0 0.0046117623634247575
0.04753074843784964 0.7322622414509584 0 0.004704134371310757
0.2668158004141266 0.05162220080277534 0 0.004887536014177929
0.959534654887258 0.5417550514306426 0 0.003588871241849588
0.5423053345525721 0.8373232604855658 0 0.00461538080713765
0.15249938133139304 0.5905333448153935 0 0.0034376979097389426
0.3628238681353791 0.7852767007077579 0 0.004985415130103974
0.12291202082790297 0.7158668886927649 0 0.004343864391524125
0.5946745590439756 0.32814455965040584 0 0.0022007561300464874
0.5277301198206173 0.4523595312532837 0 0.004741487945938387
0.1805911104062405 0.6192160727547905 0 0.0016136122881793352
0.07870468096750992 0.2870068644391402 0 0.0049807016208927345
0.8775705599701191 0.7058730398569554 0 0.004446778714268822
0.16847691157474362 0.4076624758125345 0 0.004356991820361697
0.6410582212136081 0.5447766076830208 0 0.004704551476595682
0.216648070520265 0.9522521311929062 0 0.0013199127934277616
0.12053676031063708 0.9502207512643716 0 0.003893770407199313
0.6726613080395674 0.9428040130791373 0 0.004988653108585827
0.7479743077094958 0.3159543674311048 0 0.004847545334165879
0.8933182694125711 0.575356254442323 0 0.004624318169899919
0.2611057236810626 0.21383778926831173 0 0.0031564388943283775
0.38297935869047556 0.649104132934259 0 0.004874202753111555
0.4994382488291093 0.7837571719927559 0 0.004745661382438409
0.019789921923476166 0.6884503794885612 0 0.0013819441489511808
0.9218426770674731 0.31251460641813783 0 0.004212314432138523
0.7469188939770516 0.35514437864347287 0 0.004171152089901993
0.5073217337524961 0.767709008612251 0 0.004307724036561561
0.6490457916402241 0.7319268885548953 0 0.004012296657870573
0.8700009014382845 0.1536665385263489 0 0.001605444324328973
0.4312161160436802 0.6734494123962358 0 0.004259660622815229
0.6544125145542515 0.6474827867793459 0 0.003907980492293994
0.8063428166341184 0.6831751637567657 0 0.0027914341449974704
0.8953201240496295 0.897767723035048 0 0.004844034719240692
0.45915813507269015 0.4902323088833664 0 0.0018074010597582337
0.9490503208717153 0.6538534411790272 0 0.003891411460913762
0.6645720496021454 0.7754148573622184 0 0.004973378151704635
0.3644624261005422 0.7391383619330657 0 0.001569162567525747
0.3918851427711914 0.7399824980373055 0 0.004401194681869785
0.05282375015987527 0.06906168481894602 0 0.0042562002280511655
0.9770872654701718 0.648365181051502 0 0.004103205219036285
0.6392666512645994 0.27885249297633924 0 0.0014182659177944645
0.5065617850682553 0.2865538762024524 0 0.004848488809039906
0.6472288945957462 0.755656032314137 0 0.004367173252515137
0.9704274278924512 0.945352026364229 0 0.0029773956161143946
0.06646371772530733 0.6696081948561172 0 0.004914107681616334
0.016529183117840567 0.5937401323449027 0 0.004318510143335861
0.5394385388074948 0.4745552181812514 0 0.001292892497685485
0.3368051947215362 0.18647146691690183 0 0.003385685713664582
0.23121722666715358 0.1091644954337072 0 0.004886053063503101
0.8273384459771501 0.5574838347779053 0 0.002793872102065252
0.39476678369807155 0.5232014323912209 0 0.003544513399209789
0.016156216215509216 0.42085894071749924 0 0.0013569808202915647
0.24904611635424242 0.6562969177052044 0 0.004093408319614155
0.25996439834072144 0.7629804945532423 0 0.0017495445864987979
0.33587969020997105 0.07233701744554032 0 0.00498638021858386
0.955183778647272 0.48792875962405463 0 0.004871980830871951
0.4019774841157469 0.08347360560206017 0 0.002960374326242422
0.3531092243836183 0.9679791392298573 0 0.004917609685389457
0.41178557003277777 0.2642549547540169 0 0.0045593179679546065
0.6152300556674541 0.20599065959185656 0 0.004992026900584221
0.7364244417629152 0.08686198703656188 0 0.004818080001855844
0.8962003273051719 0.6511383717697007 0 0.004651100638658185
0.9111709630785494 0.9223852923800592 0 0.004889849508159934
0.09364442074941091 0.03314247601773289 0 0.0049987342422271154
0.0731211549390237 0.7035629300013803 0 0.002684949972711389
0.15856739889249502 0.09398864533271699 0 0.002472800051920846
0.1645999840504648 0.8245651306645903 0 0.00356622485971414
0.984010040479358 0.42659766476722943 0 0.003800758497977008
0.6092899395592636 0.7976861609437131 0 0.003746404721897911
0.0817306157343277 0.6917554873694668 0 0.004506178034589027
0.47645320734095625 0.9524113127094506 0 0.004988073832419078
0.6844901327939478 0.6086350271727455 0 0.0025210811256044527
0.2283918192880556 0.3407869712910871 0 0.004928562208475551
0.3137862314445529 0.32933386334721165 0 0.004762301933286031
0.9183891409988915 0.23432759956581858 0 0.004938315350581351
0.0752239323454612 0.11052750631723539 0 0.0034693646940565756
0.020108026864069754 0.09898398975989374 0 0.003141554235880261
0.07809496019151184 0.586967852830444 0 0.003422197063954189
0.3691949905009347 0.6244405175772154 0 0.0039038471107406443
0.04356824151442894 0.46197439268891644 0 0.0006175105868868487
0.9058771889691744 0.8541643802454361 0 0.003090895885355784
0.3325816237585914 0.27510090294168194 0 0.0030726717634013676
0.7470478038939353 0.8883932186936766 0 0.0041432434682902525
0.4740911870989179 0.5215681255044908 0 0.003865169092805715
0.9518754150325803 0.9957504603852114 0 0.004873228681044324
0.7983957078673918 0.9942880416082798 0 0.0022727735317886917
0.00955034143189281 0.6678729139260275 0 0.0027635590113622714
0.6954400676202438 0.3268524254889898 0 0.004927351848218987
0.18874709387291574 0.6778203118001374 0 0.004598899063767522
0.28629178129348637 0.8421428827744496 0 0.004270481291034122
0.8807825424882703 0.24659127763005714 0 0.004192735122098643
0.856545355336043 0.5541905781980381 0 0.003889011375132118
0.7132138910376029 0.08985018575369184 0 0.004319449588054291
0.7899455971561085 0.2629661630107359 0 0.0023678743776014686
0.25544770028438574 0.7073797744166443 0 0.004273379639308652
0.1668772130002761 0.8501500158892091 0 0.004774587917889782
0.22461256607754562 0.00988357314550025 0 0.0049845397949311405
0.9828485961676452 0.2240826514899947 0 0.0024691954300833465
0.9664603126756 0.8338148619176341 0 0.0024993946925706938
0.8186660072125161 0.08591244867600999 0 0.004320314876978578
0.008174765283226353 0.870287161822442 0 0.004711981328494626
0.2852238835027355 0.0330983019359201 0 0.0010890494828979956
0.7197218738135558 0.9573610557931357 0 0.00450475839293796
0.4186544759211532 0.3983293449829742 0 0.0049416370961369695
0.634196047296994 0.9589547438319561 0 0.004994846947243209
0.6609713118973344 0.3149237572200851 0 0.002465539397163347
0.8001761410420984 0.14585799054372936 0 0.004760393949233706
0.0985849813822459 0.08900843690641601 0 0.0022196951830817163
0.48942039910569574 0.11241684452441046 0 0.003437327959761966
0.9281017852371476 0.6508200303613755 0 0.0049993743887070605
0.7749609320834739 0.8900976830749853 0 0.004819495275063874
0.43575029267134663 0.4911584468103239 0 0.003706713094708572
0.5823878906334794 0.18384882145393752 0 0.0025370145508655144
0.05697651490946408 0.8524772512674491 0 0.004167484831495073
0.37402207646990354 0.10427573383078169 0 0.004740200568062317
0.5980373103443487 0.22515675084126716 0 0.00330948249243255
0.2379756093943408 0.513255956589293 0 0.004942044136313836
0.5694805476529732 0.22421599857004568 0 0.004731065692919252
0.26796418417347273 0.820388660417354 0 0.004907376555130766
0.3190999914304515 0.29478367873306593 0 0.0044273647896746916
0.6335142212407145 0.5607131275793392 0 0.004800035778424658
0.14787391076822173 0.17623788776898228 0 0.0032854818594371094
0.407962631444263 0.7687373441170912 0 0.004998972812062243
0.7549444629564598 0.2708384240652337 0 0.004979888598542868
0.6357518801300056 0.526639359097165 0 0.0032852955277048648
0.5837652338026083 0.9771176779498374 0 0.0032521230482314084
0.16056353689194178 0.5607368849260169 0 0.004174182786612733
0.2677736106795024 0.7855983754019569 0 0.0010732820900021863
0.006691244069082275 0.5826126474894259 0 0.0035509402030476714
0.051659181262505446 0.9729451814958855 0 0.0023291261563722007
0.23918996422637215 0.9986424131323627 0 0.00488597533927062
0.7175780883732717 0.6245456794936218 0 0.004416173189928654
0.9283690543378167 0.29357515729022615 0 0.0007528352884806066
0.02650714178028745 0.4666104575862691 0 0.004650788666689106
0.29811010841043856 0.03656938293324073 0 0.004458106166804673
0.7481691778875362 0.5574111470791744 0 0.00483719845128937
0.08168057054726117 0.24112970834164257 0 0.004872596482706853
0.46342980431338326 0.5743299405728625 0 0.004329489705113551
0.45569370245533675 0.3639065343518613 0 0.0017268823630918854
0.5701589079678329 0.7025397792914571 0 0.00477199262690711
0.926569992204499 0.17546748056068415 0 0.004985330782148649
0.3789812936580747 0.1906532736769064 0 0.002539002203775922
0.45487187026207104 0.5674636616218353 0 0.004401738314332393
0.605027718561235 0.8866722377747814 0 0.004285414328117825
0.9840745336324552 0.04905940841807575 0 0.004931502481189931
0.5446225308201592 0.12712013908376527 0 0.0019379114762458714
0.7103352519576608 0.01677895219616809 0 0.004713593905041458
0.6886230303553599 0.4078043865921241 0 0.004761228541188783
0.704529896179891 0.055665803918624066 0 0.0035242129352001006
0.0013746569394771323 0.37122447344233817 0 0.004142613082004023
0.7627233364826979 0.7515242207593577 0 0.0020646024582633414
0.2435033808145017 0.769767331803996 0 0.003627301024511576
0.18138314757047122 0.9705155990567129 0 0.003440638859408197
0.8330294846777134 0.7641959168615792 0 0.003213722266201683
0.800853954763416 0.4793774753476174 0 0.004694117296643518
0.32851805205500145 0.012672099740612446 0 0.004922947464116984
0.32338487467209903 0.9925121818440386 0 0.0035122335561662494
0.7305806036484538 0.7319434875520877 0 0.00488055432633694
0.0764285186963931 0.42511581171100493 0 0.003029636129444844
0.7396037722648997 0.2305905680807477 0 0.0014412606284188228
0.07257502624386146 0.7322805080825079 0 0.004807373517094684
0.39326579619194507 0.08178419599921381 0 0.004216001183264496
0.090287898819002 0.6967116141618482 0 0.0029652710887435674
0.015036190243811746 0.7136374725050274 0 0.004357785778281785
0.7902424966500456 0.6707334743374782 0 0.004780014935141625
0.3333711236139804 0.2572586676700402 0 0.0033327124708642797
0.5738726143675301 0.431143710790672 0 0.0021978336935133975
0.3663736149450532 0.8496804767895717 0 0.004986145450604896
0.23204106970720348 0.6194648648264811 0 0.004104797892512832
0.9567985902190193 0.5556998504243342 0 0.004911888770666542
0.4996197689078466 0.8707747559715465 0 0.003964678322779091
0.46783930267747015 0.4700731403555381 0 0.0031998303528724416
0.18439624960492504 0.7064098133082448 0 0.004511218187126021
0.03712937441507046 0.8954237298219013 0 0.00493987095361635
0.3724356655367435 0.9262192729233438 0 0.004049416635594312
0.2094350095795546 0.8709966063224996 0 0.004575562756016523
0.3490264914126348 0.9833429549495325 0 0.004979089618532561
0.19499888304625732 0.9400746710237624 0 0.0022760778022516233
0.1438565315204011 0.8001783468274505 0 0.0044567254805258395
0.565721034192271 0.4631354723554703 0 0.0016940093814981074
0.6501089533880031 0.05238893745167493 0 0.004981538007099414
0.5889402016687114 0.2647152776181803 0 0.004991769558368651
0.06684699763140488 0.8336203203370238 0 0.004309558182963706
0.9270334752528611 0.8755943012722575 0 0.002915630750624695
0.8022500288168355 0.8818357605364863 0 0.0045381827778548925
0.04815980840109689 0.048513892228957065 0 0.004267524874546232
0.6150774110816821 0.05152194370026429 0 0.003093473143264501
0.3493225765986738 0.6349358043169719 0 0.004003212418682588
0.6057851932901321 0.6704044874139125 0 0.0033601251155454042
0.7695221124705045 0.09856872457847364 0 0.004989510289303559
0.7236151667146028 0.6538363527095443 0 0.004422022969967443
0.48643756668482 0.4533646898383123 0 0.004635700151937169
0.8660372024522873 0.36212697593815374 0 0.004921861912699986
0.41577714533419524 0.6293426037680436 0 0.004452734694117927
0.9505018953195036 0.8122371577795723 0 0.0038461887589263315
0.1278602668683144 0.23690954125970917 0 0.004984885242019703
0.18920649403002307 0.7876979535895096 0 0.0018228839910711862
0.7359136027181227 0.445432183907794 0 0.004985769625001775
0.3885371623240574 0.8604570943176831 0 0.0038325659442686316
0.043981875435924675 0.5709183089856262 0 0.004994491894464078
0.5227136996263916 0.5491284580392939 0 0.0044644992848040105
0.9853252286791448 0.25270558625792966 0 0.004785098788836703
0.8438396592045105 0.3113434110063456 0 0.004965235947589177
0.004269989689752335 0.056332696798136336 0 0.004975117746029894
0.07524456183516158 0.5208677155223298 0 0.0032988341062395714
0.3993534823592227 0.9016149350685805 0 0.00366382754795357
0.9731868137104217 0.1062612358764735 0 0.002729759730887891
0.9787599010929243 0.0023433725387811363 0 0.004924205961598717
0.8844175523916388 0.607823213784366 0 0.0048697496810284095
0.7005279417624093 0.48253496831063397 0 0.004740424161887461
0.1074565596412038 0.9431417626072037 0 0.0049915715068879676
0.9739764629729503 0.3642359340724673 0 0.0036408775934676507
0.2182397333478809 0.051450129243781104 0 0.004934829121815454
0.6869921854031322 0.4746208108041032 0 0.0023335319440098553
0.8840378218557647 0.5001930196938104 0 0.004987198133512823
0.10948375287705535 0.7491764464903312 0 0.004998433918616553
0.12991438821421328 0.8991702236980122 0 0.0021813471948940364
0.9574258013488168 0.7488695138260539 0 0.00473333598967817
0.3224324200457191 0.6103103609907908 0 0.004941156552119209
0.6700675071676281 0.8184392127662706 0 0.0012689035826977686
0.9817530330882086 0.8485383818849795 0 0.0048076378093946225
