0.09579963227952203 0.8196446032004605 0 0.004742947919100154
0.2848814047444917 0.08426940048658792 0 0.0026777157294362464
0.7931381717193722 0.2572018155269676 0 0.004909896110076194
0.2898254959525483 0.3073682900514411 0 0.00425928356615934
0.0533555785408457 0.5542951247422906 0 0.0028851055038823796
0.7512294112869764 0.36513759228158155 0 0.002683946472891077
0.2871540003864082 0.5946886115781724 0 0.004565571058037814
0.12792400660588896 0.250402981347362 0 0.004999393752799951
0.9995428396441758 0.24563071641676668 0 0.004913392600270621
0.7040505791180581 0.3964326224376495 0 0.0028723100721624976
0.14858748533415564 0.4919497400339489 0 0.0037702669413639998
0.24141340795466235 0.22243280178899857 0 0.0049422104584035285
0.3395357174817832 0.8810584829515257 0 0.004998020540491132
0.4597636611204145 0.015053066416619403 0 0.004895769881964347
0.8495106953723495 0.47471269229506935 0 0.004452141259911191
0.04132663830572146 0.4200488303517745 0 0.004573906568606592
0.4795613161243904 0.9488056585090429 0 0.004998120679652147
0.8439898744502209 0.39481093916180127 0 0.0006423807570949035
0.5526579901499902 0.7491831778875978 0 0.004855810971211702
0.016901973852022183 0.2872902927503192 0 0.003455577266402669
0.010316891455554027 0.6016730927743055 0 0.0028382238109282525
0.588792715704505 0.2445696565354115 0 0.00128942102664555
0.7516188305593927 0.003635664492831254 0 0.0029144155091708553
0.3835297007515807 0.7341153262873089 0 0.003032869940149595
0.9828937525202786 0.17631933762849825 0 0.003707302679728968
0.1299615175665145 0.8602482428416164 0 0.0035819589169121344
0.3268835382733431 0.5746200422771419 0 0.0012467563292427306
0.23667799751755533 0.26443387842860605 0 0.004051935139667814
0.06824963137149508 0.10291747148325713 0 0.003963091509356194
0.34755767566512624 0.7266090320990568 0 0.004957697009177937
0.16380701657695693 0.4671667824759373 0 0.003728158415945958
0.11270227605358916 0.6026190725648846 0 0.0030614527029117627
0.11670799938145403 0.3061392553537478 0 0.003742023826475047
0.9600378437294277 0.9801426271991166 0 0.004837002374434627
0.07956433697488673 0.36276919660990653 0 0.0038358221516826
0.87518405928766 0.06454660045822967 0 0.0049209105777400595
0.04867921903569515 0.5867493225782416 0 0.0027423791402307967
0.6816824845469043 0.5791998251766267 0 0.002386779175714076
0.6256589500772961 0.7247299693530934 0 0.004444466363696093
0.2892969776470314 0.11067263611576227 0 0.003298568395337063
0.7171779519150708 0.12650280289879975 0 0.004929085048119987
0.5965766995988091 0.9865436819139864 0 0.00440103797818268
0.27857190368363743 0.8901046809950725 0 0.0025592476526135857
0.6264927327838771 0.5519965352978433 0 0.001863947425945767
0.8091493270584735 0.7820138627100989 0 0.004999175155397426
0.6075546038292963 0.7813625188461685 0 0.0019427705356083308
0.6448574042285987 0.4094286552602933 0 0.0049997239544723165
0.2915695039550806 0.4003390491643753 0 0.003165380231629331
0.10999313299978196 0.7009838543404416 0 0.004968585070974164
0.3307500594092941 0.6846003140517064 0 0.004943411430902746
0.32864782123837283 0.30151156756073977 0 0.003625844353392254
0.06191561637469033 0.48370311221157375 0 0.0037289617362099843
0.1504814684251685 0.2014752613035393 0 0.004758168092480731
0.9941849391361511 0.9400516512344061 0 0.0037743957767379472
0.4740726726243569 0.7913608440274441 0 0.004999117168598243
0.6951507614911343 0.39414428502344817 0 0.00457968849185848
0.7552150036903127 0.48083131845688004 0 0.004883497182791809
0.5216825080721044 0.7249342352098371 0 0.0043979958668843785
0.011624813915727665 0.5330829268410865 0 0.003315475440491986
0.8009187008545443 0.6171836953307503 0 0.00247941369592648
0.7784253923594133 0.5980215052538196 0 0.004877177617915125
0.5465051753267699 0.7263305523398758 0 0.004651840831637062
0.1997317738591133 0.2661677807557656 0 0.00498085925542301
0.6067771849383945 0.4773133801193226 0 0.003550483570248564
0.2563362430917619 0.2837938360606968 0 0.004074523565978981
0.23394512411898247 0.12314930154163027 0 0.00494025711658582
0.4748203926737023 0.6471496484828702 0 0.0049994906634073894
0.7306905816102061 0.9779013158779281 0 0.0045034077017159155
0.7817327646040095 0.8976731192275679 0 0.002414960819312277
0.11910405476280293 0.19953150557642793 0 0.004999664457630844
0.9400132706642716 0.6641957086005584 0 0.004830571014133919
0.19874160135464733 0.3287138811245482 0 0.0021282796085151244
0.29614024221534757 0.7139942007971904 0 0.0037569590110684606
0.9920159633779595 0.9717966178939788 0 0.004996483541427922
0.590085453349184 0.7497762679702332 0 0.004022067595330954
0.6944789732893651 0.4379159217033451 0 0.0028689095112495685
0.5930592293912264 0.612062634038049 0 0.0048716193502456725
0.419921266658761 0.19105233707441446 0 0.004288324760312658
0.5571133897033074 0.2902977475612291 0 0.004504341955153455
0.5513115590261845 0.977551207451021 0 0.0002553890384274371
0.5302647814983933 0.83574647467898 0 0.004977283252284281
0.21985159420527464 0.08421638740174762 0 0.0027884848967340494
0.019871513616711904 0.5514123852087865 0 0.004886866202686472
0.4403079549267724 0.04920881431498379 0 0.0034698297689308346
0.6039720912552594 0.259013062050844 0 0.004999997444189884
0.0359728609994263 0.5251972395135734 0 0.0047441121101963555
0.004889088944701742 0.6476946158639678 0 0.004987826385583422
0.7151725926558888 0.8958406138722799 0 0.0036865097167324925
0.8599861808974724 0.024344279704883502 0 0.004993280015681343
0.835061013279154 0.721962690930671 0 0.004179974479475223
0.8994512657362629 0.09307116880153664 0 0.00437043073348377
0.8902876968817826 0.649141459345291 0 0.004892952624767562
0.30936341006069895 0.6017533388531533 0 0.0031053709319777377
0.6680431852290644 0.23825699530173414 0 0.004473879136109565
0.3523853493353543 0.27812373251935313 0 0.004963502222449878
0.23722382736835332 0.6706461538655624 0 0.004217412229735084
0.7530183736689671 0.7923055096890752 0 0.0038282735117789054
0.623743974666629 0.4577328889636228 0 0.004054643125304208
0.46369033904686635 0.5846796168366354 0 0.004786927207764092
0.6269257892471537 0.3648064628853139 0 0.004391283462351037
0.508804600460376 0.9256526994946265 0 0.002893850765439291
0.8765335983219489 0.5412943367453733 0 0.004335057214173881
0.863387428095905 0.09725234792804514 0 0.004426016256781458
0.1015820553673603 0.01140258540127647 0 0.00424170918566609
0.36431419630258616 0.8453241031916956 0 0.004919525741365271
0.9660494441664886 0.37301519747233564 0 0.00499782613065748
0.43825865786644386 0.45305608909908973 0 0.004998994292582537
0.7265457756047436 0.48854616527237943 0 0.00401421269558382
0.07483835780560487 0.4040687810517188 0 0.004861483522236307
0.7433248777301267 0.48740844187143056 0 0.004128934827944201
0.14611566812389962 0.09031686635046786 0 0.0038388938103362607
0.7365451804263969 0.5122360505371676 0 0.0019667022899383596
0.3586663826346173 0.5205712756869528 0 0.004941681666049795
0.8119847905169131 0.9847057853379974 0 0.0033900441261919523
0.7952291803423635 0.0948145387482464 0 0.004053940229113718
0.32749639732293095 0.7657754022053335 0 0.0041401761002254935
0.28893269283164563 0.8790317690294173 0 0.004868246423783871
0.017548978942786835 0.8732657783184065 0 0.001306023074280224
0.9293734173726482 0.21195451193708323 0 0.0036336818741620437
0.3378146772981003 0.8223377077418927 0 0.004616636397143912
0.581309387054307 0.04798648925865111 0 0.0033620925736004706
0.9548096710203284 0.048018774188682375 0 0.003898279065485772
0.3880126966153656 0.7878095433025996 0 0.003800835296967835
0.5799996517376591 0.21255653998410082 0 0.0031903582127543774
0.468185453403196 0.4644390406779291 0 0.004994076066179292
0.7389531103944267 0.9641368221409267 0 0.004926373326313072
0.3074747067304759 0.2772919015275466 0 0.004995197570360529
0.12089202004589715 0.8547527210292818 0 0.004631169596919328
0.774556902304488 0.4491403546511947 0 0.004596094665040763
0.7328278979128964 0.5292049476073014 0 0.004545085044566073
0.22450579079664432 0.15141727944309943 0 0.004132609276961631
0.17664888146107602 0.9772123925855093 0 0.004447559243897076
0.880314916087568 0.3881752108695801 0 0.004863708537451954
0.2679098408453832 0.4881987783117446 0 0.00396050504878963
0.7359155848115764 0.8266006929279348 0 0.002497014082300269
0.08935184803497863 0.3711857514551887 0 0.001945398799141878
0.8387375624187152 0.24848241563914017 0 0.004782400290616044
0.4945820173015056 0.1116154942774955 0 0.0037166705711695444
0.4929945946890915 0.04569545959650144 0 0.002825534703577119
0.5868770858120282 0.6905600768004847 0 0.004981259645623863
0.21952522713161102 0.6978655913848552 0 0.004896803689531486
0.7983242128297967 0.7183897620510309 0 0.0015753894596502933
0.4554332375822006 0.16323133796480924 0 0.0007433266872491926
0.3177446978309844 0.40047649154674786 0 0.004481761903265407
0.5952795378317104 0.35309191514386157 0 0.004933819660262638
0.6446971288664964 0.9416902286298449 0 0.0030938213408114998
0.40188599940133146 0.2368814263304526 0 0.001155078274782957
0.8360038498392129 0.30569417286757655 0 0.004226878493673146
0.6443337008546701 0.9630887140719592 0 0.0036098147799210863
0.051700444410160626 0.9428279356570444 0 0.004786917780399394
0.7159089575632596 0.5974586075894976 0 0.003953559114694276
0.06935596362862083 0.8143166269095715 0 0.0011787118519250455
0.6077327065524216 0.11711821381351493 0 0.004251952208892213
0.6617774202882908 0.30369939460315715 0 0.002818415771165133
0.871541420047671 0.6868813787540793 0 0.003995924920879295
0.16445555004392773 0.45816598118623736 0 0.003623255339066269
0.7545171852406566 0.4945864874355979 0 0.004449037075246627
0.3150266802426899 0.11224318299411927 0 0.0048609068668678465
0.30042816574455117 0.8159829792871068 0 0.0037887630823401548
0.34742217546514137 0.2399434706343305 0 0.0018873131923673612
0.3927392505045623 0.7076810904196317 0 0.003785772223732204
0.8501621344979693 0.3231514544681721 0 0.004990231056637356
0.12500286181972162 0.6325700383300535 0 0.0035375369478914025
0.5915876258762128 0.9631979369121089 0 0.003936554480642829
0.6724668448862269 0.5296833743963254 0 0.0032322352224439135
0.7193105746030086 0.23518293891507033 0 0.004994028226042704
0.22816861880973224 0.7579581777786568 0 0.0019770044015914898
0.11662730658551422 0.2436335119739533 0 0.0037546766178977314
0.7740211280520191 0.9296691161901768 0 0.004064372886903575
0.13254505648429268 0.4461227074990652 0 0.0014809813542410574
0.9809372310766694 0.9757790739042311 0 0.003981588613376867
0.9433435045983409 0.6143445038795937 0 0.004948494783201412
0.8594535245063373 0.6286439679650355 0 0.004747730758879764
0.19835289428354017 0.6477225753907929 0 0.0015600746127733336
0.5467149970647321 0.3340266324171883 0 0.004123761531603546
0.9662076702472172 0.01037046837667576 0 0.0029394008962453353
0.07270640439706454 0.6502420417634445 0 0.0007928366196503
0.4997036710903969 0.8065446407516899 0 0.0026372762828543155
0.48867484063565975 0.4718150081910822 0 0.004860889033633297
0.7860348503664967 0.40485885586888176 0 0.004466535172309807
0.3965827873583266 0.42163766057518265 0 0.003908457450484184
0.5821803525550922 0.38483082303957167 0 0.003171612519724117
0.28890793476693427 0.9096024301034382 0 0.004498065457018203
0.6134612779833118 0.36610492710579917 0 0.004374135418671058
0.8838943270890156 0.4237348288092155 0 0.0033220412110464836
0.27780278671723285 0.744335830569009 0 0.0038062975513684484
0.7795685064841581 0.21990308590320948 0 0.00495817799830625
0.02613415276868291 0.5201231965200636 0 0.0018716873013775212
0.9429043632738956 0.09755273318943623 0 0.004110647112444738
0.906361967098986 0.5858722975061809 0 0.0035084464198626743
0.2627803279163406 0.5642463832261132 0 0.0018586997946790278
0.13116732546261375 0.1301195312339962 0 0.004950981507229645
0.829506188676876 0.24334185379805315 0 0.0031610621475219973
0.7836073872376246 0.4687400774250337 0 0.0028480424365231903
0.2313428606611959 0.8323965377444691 0 0.004158821689609055
0.10635609645479104 0.8786725293380514 0 0.004556601632005658
0.18698847655208137 0.488119671654302 0 0.004823262863627255
0.9348095019808311 0.4347386179859399 0 0.00333144780857135
0.1751035676902639 0.8956136739671644 0 0.0044668733860052075
0.3155489198136841 0.1269154517745181 0 0.0025216489380773793
0.4452007560159779 0.18277758711017086 0 0.0030849292541583703
0.12707789997564498 0.39253165277893126 0 0.002405872052273653
0.10337778693194931 0.9167655859220184 0 0.0049349623090218205
0.36659852208886384 0.2461931375736612 0 0.004996000508590574
0.05820822891030995 0.8170844689016982 0 0.0032336451176774856
0.7770424048987483 0.7668826836016264 0 0.0035574480822284475
0.6575445937291269 0.37114360570326105 0 0.0022138021747973094
0.32031539424702354 0.595302222751419 0 0.004769594075756111
0.09070232208272831 0.5855149571433567 0 0.004810748846922853
0.5511556964741423 0.4871415197324264 0 0.0032837006259544737
0.431387490126444 0.4071846251393653 0 0.004964643006309966
0.6099454430067991 0.1565004034687205 0 0.0039583478051302
0.9124886247922928 0.7847767370687957 0 0.0049999885445994275
0.43716495419775087 0.29120314907838457 0 0.002208741703656107
0.35046317079829453 0.17906836436915372 0 0.004834932852147925
0.5893196116851969 0.5403852336657557 0 0.004421791427557122
0.48344212749674703 0.3305383310139172 0 0.004147537733419041
0.3398309613585376 0.7731553141607279 0 0.0039834509115801945
0.5186263960941849 0.6611236645126493 0 0.004536208367727289
0.7333560478070598 0.7050940098614766 0 0.003867997538007216
0.563020007932988 0.7272507070718345 0 0.004769468032769581
0.7439286514319792 0.7609951098323291 0 0.0035488831358979167
0.1307736253031467 0.7931971788972396 0 0.004802661761659837
0.20099575315702242 0.939328261167989 0 0.002758520176752393
0.05382320593877486 0.4086672124327447 0 0.0046674454557901375
0.6145772866943793 0.24936969741898138 0 0.0033700050548463698
0.9158726964205351 0.32920221461197524 0 0.004848482681853177
0.48840425354409506 0.8701216169007779 0 0.0033252263086115293
0.10228342435673231 0.3633373444533869 0 0.004503111931954268
0.8035594208299193 0.9657334282132195 0 0.002004117013462656
0.48578356710841936 0.8787945003528764 0 0.004340595576824069
0.8441580230418477 0.27688157318332746 0 0.002930359779214414
0.20645431403027723 0.43877942311210255 0 0.004963892699080584
0.370647330734932 0.36984223657379217 0 0.004902270358291549
0.5113850582273258 0.8872916226511667 0 0.00467992993581668
0.25994201512172593 0.6001514750523046 0 0.002489037261700602
0.835975316198286 0.17700388564671296 0 0.004566619572349764
0.8362314188651645 0.6925856371836375 0 0.0012005771104353449
0.06884220276878038 0.5711770668188626 0 0.0020978513895230184
0.8361671169275368 0.1366291835796721 0 0.00489430814447965
0.1900887163269814 0.8813579460419317 0 0.0019135265484861092
0.9090223749222229 0.2904517382351231 0 0.0049540904059648385
0.6452102835976627 0.6773408154929089 0 0.004598736540586882
0.21088275570684298 0.36580519966136255 0 0.0048188180878759425
0.0829101841034303 0.24608828965467242 0 0.002263399355594224
0.49124866569312226 0.1422309420127644 0 0.0038921396420359923
0.03127043557204355 0.3297991007103032 0 0.0032181123683604836
0.01452964665848399 0.8012064483318428 0 0.0009273320962854759
0.5436244320721892 0.30735309735770716 0 0.003712386561571384
0.2070764554345916 0.9060256901228996 0 0.004969826701055399
0.4258589354842058 0.8883448276628527 0 0.004977632909254414
0.7490581955883929 0.9471467157800698 0 0.004512579747411684
0.08536622268027648 0.07464753521520172 0 0.004719742435270023
0.7009530073654016 0.9588196029999148 0 0.0019622022440144377
0.6548223793481659 0.8683374979680066 0 0.0045339243899665226
0.5201006276954078 0.7969946282310323 0 0.004444464074445099
0.8727798695225693 0.03812760831667315 0 0.0038352349488352828
0.1402342737829589 0.053265764011033875 0 0.0049359763086928255
0.45886085320004594 0.1956068269111336 0 0.004723205937851312
0.021194921868924348 0.19839330332668545 0 0.003197838780619293
0.5065804061628031 0.4539456884007576 0 0.0033740454206918377
0.5300175917875698 0.32979964999014494 0 0.0043986025808022775
0.40696502264263373 0.6681370937600051 0 0.004639032850299238
0.6194370335667819 0.8503926214449589 0 0.004244360312078602
0.3186631043068568 0.5300923525531134 0 0.0031227700238505946
0.8810363290199459 0.6256470748224201 0 0.002442656934604428
0.9807533836839161 0.8084381935342996 0 0.004429014584077137
0.9650063329221099 0.13710681115271958 0 0.004888627535212037
0.8209274359400889 0.9083546018975748 0 0.004997642446846531
0.6384180039358363 0.8400235960502392 0 0.0022800241887288427
0.8345905558268001 0.6675932471190567 0 0.004999872850322339
0.794382642215505 0.30576536707253194 0 0.004844754632047377
0.16585721661742844 0.6531510426232047 0 0.0041716431132587314
0.20547548721653172 0.21163011928550043 0 0.0011305021691881852
0.8651921672598409 0.5313422279985801 0 0.0048828873750026616
0.592819429780533 0.5283758754703665 0 0.003475502546433858
0.2761570073003507 0.4578508301278131 0 0.004394812521154279
0.7116202788712823 0.32953495189074583 0 0.004798513206881878
0.07688069424871279 0.611968848649936 0 0.004975507440583853
0.9212247275789119 0.8288455390218993 0 0.004630638943839349
0.03169090476075885 0.34704777319677943 0 0.004747157347245605
0.8855935643932024 0.7018439302548546 0 0.004721186604684042
0.4773985851683607 0.10302124792816457 0 0.0043463934915484006
0.2148977106177897 0.039359867582366634 0 0.0046031304785562254
0.000617764705435837 0.977698816350906 0 0.004882982693072646
0.31879008066080444 0.81351069934051 0 0.004515632940804092
0.845084242037841 0.8964931625232468 0 0.002794059301964191
0.02802140846205891 0.6979942153858086 0 0.0036911028893938033
0.9791178651858105 0.8223073032175984 0 0.0013465438623963598
0.11466473925346353 0.4271350419698972 0 0.0024540393470397883
0.978374571496017 0.6728488337629941 0 0.004981460915715068
0.6662256629041731 0.7351084796589374 0 0.0025105422833733974
0.9670465768480093 0.4325514183526508 0 0.004623730526481865
0.9298544735348939 0.5859371042032058 0 0.0032001983333116127
0.48528867109600277 0.9721901167304857 0 0.004795060002898386
0.42631320087560914 0.9865763880343879 0 0.004994499043771445
0.2344765476789282 0.3246669462568839 0 0.0031583597527369543
0.5320767458732936 0.4339453778052324 0 0.004995074115675399
0.9965486770064683 0.23280976509067106 0 0.004214314014826914
0.5431698589246374 0.8673558535106541 0 0.0032827019733040756
0.19755260685319473 0.8996898442924716 0 0.0009767775606330917
0.16857056530442302 0.7138796783343048 0 0.0021482929897073707
0.6210069905165821 0.9250291084432309 0 0.0029256721630024855
0.29477752953377506 0.8657844531595955 0 0.004543261942304799
0.22883342624356548 0.785278750452157 0 0.0024832372431543397
0.22163041613577691 0.2944988944419788 0 0.00415976780022591
0.23539409403989428 0.035228367803694524 0 0.004684311036553786
0.3736417951412844 0.8932994028071775 0 0.004524427310078176
0.014641811330501346 0.661036156709723 0 0.004999629288510674
0.9713648649422684 0.5297424129539657 0 0.0031626078182896825
0.6273959471464554 0.32511665374476423 0 0.0013638055678441723
0.9965643514431676 0.8360547641033615 0 0.0033370099838007316
0.5203103063013427 0.06486038073173415 0 0.0045636931965579814
0.07787955104199794 0.004639727042858638 0 0.004704426056161311
0.7332901725707126 0.9204983692955788 0 0.00498253165748941
0.08078706985150795 0.6026764192042875 0 0.00484805421485279
0.16311380057589162 0.6892569933615086 0 0.004377673293815615
0.7623321188371875 0.11551319726702834 0 0.0020645479551296628
0.2666207141594585 0.885668798427979 0 0.0034477004981090286
0.939375596599356 0.9854308353517369 0 0.0013032312644525965
0.8577460538796194 0.6782582631620676 0 0.004436543719984081
0.6370574852544862 0.1954942341206257 0 0.004007601337951874
0.3640188141343454 0.18434885334161585 0 0.0034277649429122967
0.0908046057281827 0.23612567933815562 0 0.004188484618722508
0.18386283631646647 0.5726754053848453 0 0.004295355505532703
0.3630658971570074 0.5521477648482743 0 0.002099446668885249
0.3231019480676695 0.6699958468715363 0 0.004085600909853933
0.6443393038740042 0.5030834582730467 0 0.0036609302096611467
0.3229607550232105 0.2584558670161669 0 0.004076433775784364
0.9251994913942666 0.811880614095669 0 0.004674249476760515
0.46227043815314034 0.6823183080263544 0 0.0048267471815092175
0.09451447748079954 0.5607924699110078 0 0.004749795404902048
0.26092293073019773 0.03745707030329325 0 0.0024657587471664266
0.5172854586447371 0.045947539339191476 0 0.004979837643738837
0.16308754667143485 0.17362878867823425 0 0.003325246044327168
0.37243471475798945 0.223493702018268 0 0.004956511802149637
0.7861580365882336 0.7928110707315119 0 0.0017270590289225189
0.9821812318205894 0.046456311365315126 0 0.003923328941234342
0.4045606748587545 0.6103972620810715 0 0.003685139406820682
0.023992319826299673 0.4340779693056626 0 0.0022736453975719505
0.05700968369026847 0.7309031021963265 0 0.0046258388452142165
0.7716767648259601 0.9479303616191044 0 0.0012213202735330386
0.5003480292646277 0.2754163969655982 0 0.004328509324971744
0.3761435038651077 0.6379229666551326 0 0.0041362413650550805
0.4001320471419761 0.5465312609107994 0 0.0031198546933498884
0.1159695033229896 0.9493040853454628 0 0.004762986035486725
0.17134962688742114 0.6168209470747632 0 0.003917481627673931
0.4069663296176849 0.4668548949467119 0 0.0049337765727037455
0.3869732359092755 0.033449005266026 0 0.004547755303913657
0.08043023663099956 0.3499769166159025 0 0.0022988900917053166
0.6683789549174988 0.9251558646679588 0 0.004061747072815819
0.737045202793687 0.3292942843432483 0 0.004957267265437785
0.2342848594568909 0.1873280994617845 0 0.004758248702068358
0.43331762026005266 0.7384583328713049 0 0.004049221706030129
0.2601478979277814 0.7972219118280262 0 0.002713277210287147
0.462676831757802 0.2182878291890363 0 0.0010615645602620426
0.35214036926337594 0.7698556838380518 0 0.004267080699139534
0.4419735649174828 0.32992451476167833 0 0.004978552024760326
0.6286046612631108 0.022994424514780613 0 0.004325025351443986
0.6074417089132735 0.614580193646092 0 0.004291327773527676
0.34970585956626016 0.12335884396738804 0 0.004231758202978109
0.5458615513733157 0.4540635523159879 0 0.0031334383167779573
0.24021441213802616 0.3589830089394675 0 0.0007700058351967864
0.20589559906723007 0.04927142534470806 0 0.002838247418198076
0.5318042887089691 0.0014134029832761862 0 0.004154631871135627
0.2453181885847646 0.680826703285318 0 0.004172990213644264
0.311107925173328 0.0016990300574515292 0 0.0023642127475920673
0.10063100259698397 0.14389632984560471 0 0.004957894314795215
0.8314414262945089 0.7947298539273033 0 0.0043992634624984
0.3002970640941461 0.8468278279710595 0 0.0038844135917224763
0.2753897111244929 0.25879288228944836 0 0.0034826170681781714
0.0013861166651396538 0.19546994240603963 0 0.0044323903883708915
0.8981193154392892 0.3718390215870065 0 0.001872901559225895
0.6554780477208728 0.6174626365888113 0 0.0019413946829438553
0.9674787871320666 0.23018462325560593 0 0.0048671948713762
0.3396407584354662 0.6075747285163511 0 0.003017812478272926
0.35647747684073766 0.4406198978453912 0 0.004965846860070593
0.8791559140464552 0.7897083855043595 0 0.004998747414271966
0.9077069180185349 0.9617088339678113 0 0.0036490163745347237
0.9618747824970175 0.05759070888391181 0 0.004911538059631988
0.1304208246125926 0.9612983265196186 0 0.004180046555788488
0.678679757228819 0.906713018167372 0 0.004994124226376207
0.7846372175782084 0.9222469185007961 0 0.004999337788797035
0.6093200787816397 0.6788969571635687 0 0.004761454855697756
0.23527958487687647 0.8227908428828422 0 0.003162519805396845
0.387183231314198 0.01192084671671411 0 0.0023411997694198924
0.8628280195971906 0.31507495507177224 0 0.0015207959042120003
0.4839433808997375 0.5451674799108408 0 0.0034601810428515787
0.7503074990748666 0.5953907856398912 0 0.0040075306652951805
0.9740355224228388 0.3887189986945186 0 0.003914137926327905
0.6513288490936198 0.4373037535996415 0 0.004995487204701198
0.03645951513409894 0.4754617131303481 0 0.001374766633678531
0.33777265702629905 0.2072355789357195 0 0.0044401928280760426
0.22789042578806348 0.2552999957377399 0 0.0049032407451681725
0.18944014873869772 0.41617510297506227 0 0.004839295162153056
0.3984046652917815 0.26159546689940244 0 0.004998353266986688
0.6975453333003734 0.3805734969017895 0 0.003563280475304062
0.15593102782880994 0.41430322793711355 0 0.0045660539998242065
0.9938370464853697 0.2862747484857964 0 0.0006502493163908844
0.7010030885435754 0.017873560019655226 0 0.0049681635635747574
0.5757241984800436 0.5669129760932164 0 0.003014143704903361
0.5365419546803629 0.5171786250567507 0 0.0031809519625743935
0.18604029931427854 0.3869720118776267 0 0.004196081755026271
0.9110522896038478 0.40831294051886896 0 0.0023270828611841195
0.006716441799461731 0.3036709614860769 0 0.004983053685437361
0.8425104447197658 0.9130023373325993 0 0.00499535793707005
0.7759280327962572 0.8009947742282303 0 0.002424102772410419
0.8279333290588569 0.2750563498262392 0 0.004703978444574479
0.4218459298020923 0.055386989698954045 0 0.0049891299698230215
0.23558397395621175 0.641158778163064 0 0.002931494857881131
0.2711921289842841 0.8328617914542135 0 0.0014169826429063811
0.8626328647692031 0.11014566086773923 0 0.0045224910207705684
0.4608175647650256 0.8273266230088325 0 0.0021097832229504537
0.9883609377849188 0.25257580244981864 0 0.004991869787550674
0.70731614666358 0.9342410566689092 0 0.004933186969525264
0.9978177688461082 0.18913026072206204 0 0.004891598493631033
0.8881202252862072 0.12363328995270638 0 0.004853687914611984
0.03140113194811288 0.39065599730091644 0 0.00029027663337382703
0.24405034565893943 0.9615832173526448 0 0.0033333380722796405
0.43589274014028484 0.8391680486493676 0 0.004998483825112689
0.5230054505007825 0.7594338650733622 0 0.004999865177549628
0.32023583169205544 0.28442453879344437 0 0.003779195003130665
0.7854601177122246 0.0835720354344258 0 0.0028332815214138414
0.10984423968170408 0.9357104512158355 0 0.004840855375887063
0.5762675730917696 0.9147297240109881 0 0.004612497625657755
0.6335952084211599 0.5520987919836241 0 0.0013987431745501678
0.6043854383897275 0.07847042535905711 0 0.00482256353748425
0.5829886157734264 0.8280253938800737 0 0.0016945473640122524
0.49770646638316124 0.8492086027092908 0 0.004947240544495612
0.39342038132836527 0.3266114909545153 0 0.0028089001828252194
0.6309272566380433 0.6386151961919859 0 0.0013697756960963838
0.0043600067132810675 0.6890507480891652 0 0.0011559684850607353
0.07674351155046909 0.788581060424758 0 0.0023268652055101805
0.4210441491897489 0.6761361960760983 0 0.004995755232679723
0.9334241259434503 0.24844181225769288 0 0.0007646368222512779
0.031079466261094472 0.46008062307415803 0 0.004989261683045283
0.6809585144995927 0.4710270252463979 0 0.004994925326339043
0.31338011859971254 0.22264862791785608 0 0.0026053324810990657
0.70222808122105 0.2637423283866905 0 0.004000003279400377
0.732794125359445 0.7574649804408226 0 0.002416600638311219
0.3784480782785497 0.937204175008479 0 0.004544958017349213
0.4741255420524981 0.5052020480351201 0 0.0037928586168520673
0.5295408943439103 0.6609703484092129 0 0.0020489326240304482
0.871293887535096 0.49823677511953507 0 0.004209187878506058
0.9506527183552107 0.5559413845231622 0 0.004951783267158948
0.5362077551981103 0.6407723394897882 0 0.004169604396608497
0.751239492920153 0.2530334085583455 0 0.0035951313577466007
0.2922450039385766 0.4185228921564646 0 0.004516517159272817
0.2307953487597044 0.566014500212092 0 0.0038082015109872102
0.21937521783144073 0.8058475879941942 0 0.003070805552384753
0.05670185129316628 0.8977011979886961 0 0.004963760819243144
0.35646757516637223 0.2475571078774755 0 0.004128904045621538
0.5926932215253353 0.36725007027379136 0 0.0049273803284877946
0.7785439354950309 0.6140972898933947 0 0.004762734900871632
0.8200763853760293 0.19311129395573243 0 0.0046396419953035175
0.6108887308002864 0.800197791466116 0 0.004590655688770302
0.6431031541562456 0.3578740412319565 0 0.004967767866349604
0.9786055877962011 0.25168844117477446 0 0.004050204073162862
0.2791099562797316 0.22957814105326355 0 0.0018677378083503885
0.26480076522989643 0.705251077191958 0 0.00499205972336393
0.8027067446372743 0.1451119406263572 0 0.002325040810394427
0.101576416183338 0.9052960131793524 0 0.002002773500441033
0.7749338318633461 0.3710586874685073 0 0.0047718853521042
0.8773350772285832 0.8029257999363283 0 0.004912274238472017
0.24335183622656062 0.9808520349070298 0 0.004490740052353898
0.8191318763422701 0.2413370007181915 0 0.003288897942006297
0.4364847636696085 0.9591176931375466 0 0.00494722869433037
0.3855136852282344 0.7724226836007765 0 0.0037694910002219486
0.1587954207763573 0.5727698139286982 0 0.003621786324548215
0.13403230776556616 0.9118200838797331 0 0.0029586305826603838
0.3623912322906622 0.7982933671594478 0 0.004985041571592627
0.4891683530461047 0.6289150144576202 0 0.004588937924865299
0.8106917495809285 0.6545853465691723 0 0.00420413241361034
