0.6820045605879778 0.09160260807956387 0 0.001670596511893082
0.8419199045509561 0.8345502885760897 0 0.00496378370391875
0.6310379652956765 0.3692298340629185 0 0.004872774457352825
0.10785668330273189 0.6829499338332964 0 0.0029640191477425925
0.5730797646226704 0.034056595020686906 0 0.004884926108950394
0.48123681651908873 0.2130325232922141 0 0.0016718797408093364
0.04828632949854937 0.44906658757455903 0 0.004454675555359252
0.5057494465838603 0.24510887129311662 0 0.004849595512958267
0.47402737309056725 0.576532238571422 0 0.004685582598880663
0.008484470526468939 0.27734370580352213 0 0.004309118603444905
0.053994225146048 0.7539750946436442 0 0.0030699146045271826
0.6226190686463565 0.10624479706886168 0 0.004921678695386829
0.8332685271389054 0.5804192128041227 0 0.004738676337173987
0.15238714403440276 0.49455144595134465 0 0.004581680381296239
0.5182650740967063 0.13953428749625948 0 0.004900788261931493
0.5484662786615874 0.24322055451057742 0 0.004984546346790096
0.2844013374885654 0.7949434126533512 0 0.002866605862252413
0.24850125378388574 0.2254831928606816 0 0.004281741271444062
0.7886096279164364 0.8374824187032789 0 0.003872187198594159
0.7178088615068579 0.11632817363963598 0 0.00361874236433316
0.4662889142179208 0.5177185783165728 0 0.004574196464857229
0.15731681779798343 0.11897857296701829 0 0.002922001820413849
0.12884894428011426 0.3876711763151875 0 0.004275040903085367
0.7900007060904276 0.15623671097908728 0 0.0011908090673448779
0.970262526287934 0.5744637561350886 0 0.004840125269051727
0.568165880916002 0.46440201445824464 0 0.0033826069399946436
0.817019732561422 0.46716644524119805 0 0.004622330749253797
0.9288723224588478 0.37211871469644203 0 0.001326428286723567
0.4160235540853204 0.6787830406619066 0 0.004549768542093488
0.7864947563279706 0.36864822548293913 0 0.004981944842282036
0.4982890199022472 0.7047155425293913 0 0.002329047199019902
0.5880375132411282 0.33549407115995494 0 0.0049859076989602884
0.5009248398804262 0.039362755265705526 0 0.004753136240640721
0.12840032927103193 0.6627005374132332 0 0.000661231974068772
0.6419696753573816 0.8296605326375076 0 0.003810825846068673
0.7775127156631539 0.4177710610662459 0 0.0035665703996276567
0.8659161917227772 0.6814089747393139 0 0.004921518485458626
0.7088898610882152 0.10711968206245802 0 0.004846688737653086
0.5377240774407789 0.3652895341258586 0 0.004926363136009158
0.1879163469350685 0.8473531141662859 0 0.003913730568612231
0.5892050605742963 0.570129146534977 0 0.004740002676210581
0.2776520361140771 0.4932288621260998 0 0.004599377510946308
0.7027716829559312 0.18703932628766493 0 0.003313586787018094
0.3304962812728269 0.24707063844769203 0 0.0029695736450055803
0.6617712939123346 0.29130715201641516 0 0.0037686772952568452
0.3592207697320789 0.950219897589931 0 0.003183551217681784
0.7643389704759082 0.1966915872079694 0 0.0035164011791801067
0.5175087486276354 0.16829202049575162 0 0.004304760557935371
0.05897521781671665 0.6009351021850377 0 0.002571163680654681
0.29708947520398404 0.28551105788333647 0 0.00435339270735514
0.2681875347429716 0.8315071394752578 0 0.0022851683566796994
0.27186066845410534 0.7156644747788292 0 0.004658355807087507
0.8320227081477902 0.5978687408383268 0 0.002139981102555806
0.07990463247864764 0.5367899559006389 0 0.004987566625178677
0.4345540693441248 0.18064997830885518 0 0.0019542493459180407
0.9530556060108408 0.8855448384436396 0 0.004764972029363698
0.29306537611287126 0.9391268111100161 0 0.0034839760833425067
0.07402813196500012 0.16180519307813598 0 0.003534264073239186
0.575422349371623 0.21371017445897175 0 0.0048998618041645615
0.1630802461359183 0.21305647048705498 0 0.001834487016552165
0.21858168066201564 0.47477661491818907 0 0.0036086330254258172
0.18389362955991337 0.24389833385443901 0 0.0049994879440157175
0.43682132695554693 0.8662679805115312 0 0.004751446871295249
0.5983714268002241 0.6401260597644506 0 0.002238670467154459
0.298538937759707 0.7621109064083144 0 0.00027772927523323534
0.6564638593477581 0.6317795882523937 0 0.0013550223056447545
0.467416513899848 0.6687072169435464 0 0.004576526510568199
0.27812144477979256 0.44545230475296776 0 0.0046096227438065665
0.29984438675856034 0.5796079781396336 0 0.0049010493692241055
0.5599096175290347 0.9377213792181258 0 0.0043197613220536555
0.41092530635753327 0.24036179083661877 0 0.004973470818558699
0.6590696925066547 0.2604083483965824 0 0.004788203093839515
0.060262034439471854 0.9938319729176774 0 0.004588109283579972
0.4505600377831997 0.4647038624966286 0 0.0013502842053893268
0.45615591276381856 0.23045574987898695 0 0.0014943949662088755
0.4488657819010419 0.5851875239363692 0 0.004926501680486869
0.6603871505211036 0.6753357447657191 0 0.004528361444368039
0.37847723950304674 0.5423832423554217 0 0.004994437912102179
0.8211697917177042 0.20067542797180424 0 0.004676461813528303
0.7705053331644794 0.7013454737732168 0 0.0017724825503134544
0.2834794179555303 0.3565625000753028 0 0.0004887497025106259
0.7991739547986714 0.29422866669609454 0 0.0029425584688239914
0.13188128734901447 0.7113737066339723 0 0.0046446758758238805
0.3660807326620262 0.2780521927732002 0 0.004182206354729007
0.8305130282773782 0.31758561876693775 0 0.002046822454192904
0.4295384883425008 0.06769628580120489 0 0.004794110873350044
0.9609142481372991 0.475965687241757 0 0.004301897605553728
0.7403371872276922 0.8155721436293696 0 0.004926070387665225
0.022996304422490225 0.6704032077516923 0 0.0016865215561975987
0.46340738435549894 0.12417947364805258 0 0.00417593521580887
0.8382977176318002 0.12516514280903665 0 0.004911139793925324
0.010465176559461324 0.056488633517796746 0 0.003436142746735056
0.6139164760416406 0.09398391468896615 0 0.002016913851126865
0.17964874285668894 0.6313202781073189 0 0.004998707486204055
0.9807002183798601 0.9876298310774274 0 0.004989804620479717
0.03687769809557294 0.011272251594341191 0 0.0047176509426491275
0.6115762516869416 0.6729926255519063 0 0.0043762092556129326
0.7620808609933332 0.5494328336280415 0 0.0015592810474729143
0.28933143997444427 0.43235121985903796 0 0.004683771237388979
0.8273812833279909 0.9363169774755297 0 0.00494986644343381
0.9739319531345714 0.10528819355308515 0 0.004915167342931403
0.568307839481921 0.5303757695213043 0 0.0033154912755406158
0.6589011734776371 0.11192793059807614 0 0.0006357696742904936
0.7660632823300536 0.9288561015169208 0 0.00490313705200474
0.03880782146581739 0.22508732684013008 0 0.0048920832283772505
0.710879651911358 0.32070341512971917 0 0.0031354565104374783
0.9191022724901425 0.7582163197791479 0 0.004832756024106418
0.9088255356242697 0.5555478658012385 0 0.0044875671899400815
0.5262103024322498 0.2627825692220254 0 0.0038091715546066437
0.9346371853396367 0.4860409375681802 0 0.0024771519460628144
0.7135092265841849 0.6678630536423408 0 0.004991413901423383
0.5641000468301839 0.9784017487000958 0 0.0019692226721273664
0.20026247615870071 0.037015644166997416 0 0.0033719796897853788
0.3135028786189336 0.515353544265321 0 0.004962117138921385
0.8895877578682997 0.5735055577203564 0 0.0009221995451318953
0.3546797119129674 0.1808741142285348 0 0.004984107885711115
0.4497949904344262 0.4460499951741556 0 0.0031881195062391453
0.14946850650696583 0.7634008440581448 0 0.0029559359609657248
0.992014856863398 0.14232050890211964 0 0.0034166378812507574
0.13789537293097362 0.6896890561901622 0 0.0036342691155819198
0.242472695874662 0.6948557167038767 0 0.0023504608974782445
0.03887036794601971 0.36076258209245976 0 0.004899433664147434
0.07519090864187215 0.22329628365738172 0 0.004135239034588212
0.4972333084108021 0.9549275357554361 0 0.003686002779262563
0.8917857575415596 0.625287325027311 0 0.00219170059988567
0.08448524480495799 0.32600523554563016 0 0.004080563519936855
0.5367002559951619 0.16692121027334048 0 0.0029402251609390085
0.4883911900089836 0.08379456084242852 0 0.0035839902721117533
0.5232109690013322 0.9371319754450044 0 0.004999701850292591
0.043098573564594775 0.9046043999767064 0 0.003500241832953644
0.8936670736206601 0.937714883349791 0 0.004190868498798229
0.9978343427698572 0.9162645205599851 0 0.002905730520115051
0.8628753737397412 0.9331721010160051 0 0.004836842924790928
0.8724288280996023 0.5937332191191445 0 0.004222387942534692
0.42215813901618743 0.47618932798476593 0 0.004930053392293441
0.690904949013799 0.537698269050274 0 0.00421764086034024
0.5715124082512812 0.9959797314449492 0 0.0043339676021075715
0.8476604173940072 0.49594890555771814 0 0.004975724268000098
0.3250312957221339 0.29275571770312875 0 0.00451300846420554
0.9780622222032839 0.1653764660312171 0 0.004353392534105588
0.0187629832134013 0.3747364126582308 0 0.00471494989541688
0.6449672304433359 0.7971020926021273 0 0.004483028463419821
0.20612077059143216 0.9764837809817749 0 0.004992585663831877
0.7436097858623721 0.1992680847094048 0 0.0011294977308255515
0.7662088079544066 0.39917425999597017 0 0.004713447072326496
0.33157687945381636 0.6137470016327977 0 0.004486145066493214
0.864353875527937 0.23586298953997872 0 0.0049840549678650805
0.35724555529625607 0.8995712782285186 0 0.004229633122163541
0.61075355146397 0.1672117863496648 0 0.00458052587058734
0.001988196451896957 0.6872071182242823 0 0.004565785557654636
0.9753442650113383 0.18785470419112546 0 0.00041974004472438234
0.8285556434797638 0.5408564855904029 0 0.004742358930372246
0.9238677317611382 0.6651897932251444 0 0.00391509574858117
0.25556942775677666 0.15238383023534516 0 0.004714244889934691
0.7945132366866627 0.8673845146642696 0 0.004695264039754933
0.8455443997050301 0.620599828854097 0 0.004401468212365682
0.2134173729289149 0.2638412861244001 0 0.0041272383401837545
0.5986688970859575 0.3497640856671755 0 0.003495337873571349
0.23845735012804312 0.4151085843372028 0 0.004561506036310842
0.14969866643611393 0.8568878176394509 0 0.004945719637865524
0.7083431619493301 0.5860992129685808 0 0.0042839864201729225
0.6781829128997878 0.2567659104933639 0 0.004911426463601611
0.27355265031200865 0.7655914371554283 0 0.002591047205485425
0.7466932924985841 0.09999389764954812 0 0.0029858260347215846
0.859543059442576 0.11361486192452518 0 0.004779462417264791
0.6340063660856092 0.8855208416230131 0 0.003735817791123578
0.5609373208056116 0.013449271435281955 0 0.0043126306389311905
0.43953147633463446 0.08689441988505518 0 0.004693774702012245
0.5444809180973054 0.1057830993773453 0 0.004896642890783252
0.1628113388342882 0.6824294839563133 0 0.0011754172154140538
0.04538244903475107 0.5022619064770694 0 0.003959466388017506
0.6753709905556394 0.7084980084986694 0 0.002157855028926554
0.540185880395307 0.07980823363860066 0 0.004751678586473566
0.6930271278302342 0.08295396770970907 0 0.004956155684165432
0.8792927038858436 0.2950963032780441 0 0.001524152898551249
0.8698412930066982 0.7016311395952304 0 0.004925701415725041
0.850557986554851 0.9845782573853726 0 0.004961251772709932
0.5780518295415233 0.015457058731487831 0 0.004251475240856746
0.8080654262513853 0.6767538579745906 0 0.0038893752688416235
0.36834724229715615 0.49044359121094655 0 0.001093556518110532
0.5645881363740001 0.7571686782016175 0 0.0036457038352150466
0.5602592515871541 0.49595611202789475 0 0.004987499068958996
0.044055465723231255 0.19842205387226616 0 0.0049225725700061925
0.5340851005686899 0.2719183707020901 0 0.00498415110208268
0.42073967096493964 0.8167190931853162 0 0.0038760791433634922
0.11145244295398747 0.19054800514388756 0 0.001511223237673124
0.41204043115090755 0.030865849703013974 0 0.0009723157127719016
0.9072637098050403 0.3506915993868674 0 0.0035150723257785484
0.3986749018042845 0.044420980271438024 0 0.004984652709779663
0.7195928454249526 0.022188504811131986 0 0.0026159720431919936
0.6748923322931675 0.8641550075549571 0 0.0042900478665701255
0.36922141246095447 0.9734319260988662 0 0.004946831480707809
0.0015638178113768174 0.9064423809877461 0 0.004404384999963915
0.6339584267008737 0.7579092933334406 0 0.00472926831863079
0.16074807120037346 0.7100628208361897 0 0.004253738264633372
0.06034678060460617 0.8983167633684171 0 0.0036143500813795456
0.3698670913660305 0.8130297302638054 0 0.004732333075325843
0.39543370423624385 0.1443026901629135 0 0.004477027892987273
0.45197030991079074 0.15212814400681293 0 0.004129894406534925
0.9426426879825194 0.7727087080402292 0 0.003012247659360908
0.20175909235809739 0.30514980597471847 0 0.0014198136992642388
0.16549222762622748 0.8618097180721187 0 0.002702077412879479
0.7178437215210409 0.2662868488691545 0 0.0049340597678650625
0.8225016875486423 0.8881814364754155 0 0.0039573699367194
0.6518733219945532 0.30836892668584165 0 0.004883143413242175
0.5226052713868228 0.49811529038133456 0 0.003941894612281378
0.24589594064252981 0.6088519080139404 0 0.003017824283014364
0.6888738867200369 0.4736765738860665 0 0.0038202674001941305
0.3235770610562279 0.1436994729377535 0 0.0039214573994526235
0.3559164084042959 0.014750790523100236 0 0.004728389066305138
0.9430955561364315 0.3262882268646719 0 0.004913833001786283
0.9567586197696618 0.9689495400521531 0 0.004950217826284154
0.28563656896920625 0.22648016513901711 0 0.00264551435236563
0.8990063097480928 0.4857864718758013 0 0.003879512988160404
0.36876175435546915 0.6597019822243444 0 0.002668154905927573
0.8119775896490327 0.1367575690252771 0 0.0030162035050951574
0.523516632407974 0.9741000517265418 0 0.003614868787990791
0.047091643256250024 0.7725745341851058 0 0.004505782993009425
0.0056320100966687995 0.2211652378162979 0 0.004990886773591723
0.3238427731804043 0.8227629206605609 0 0.0049995294329168456
0.45447812928926284 0.3908459065018404 0 0.004134710213556242
0.4603300775112063 0.7821244410264789 0 0.0033101126034726304
0.8048330033975502 0.32658730301397293 0 0.0044387346987580754
0.6554194927852 0.9496669597552536 0 0.003703060750328232
0.02236364349254493 0.9963700534057208 0 0.004071056490232892
0.5648731760502369 0.8660916650029306 0 0.004205416857820705
0.6911803761401488 0.04275320507193002 0 0.004763397102232505
0.09025731682188219 0.6253734805978044 0 0.004680552134538447
0.5541302948230847 0.4138827757698981 0 0.004474269837650265
0.20472020347820682 0.9970856521852948 0 0.004612399841959437
0.3889629535059594 0.07522065689865808 0 0.004754955078007539
0.41883801604383925 0.23390134482123456 0 0.003131090263620792
0.49017628835792476 0.12425791420548747 0 0.00468574174762911
0.4362461755700045 0.14466578827455942 0 0.0036036959897219846
0.47974089466881736 0.6746511927171033 0 0.004990426838042595
0.4598872057449955 0.4973197570633449 0 0.00490334254356709
0.9875815759815825 0.021367573337893735 0 0.0034571226485564472
0.866276195525775 0.36156961140424576 0 0.004727003841490338
0.7143066411107049 0.3566621146201407 0 0.0027754517569339608
0.23513503130925392 0.7020052988828039 0 0.004453061299478914
0.13204858452471044 0.01973620294480615 0 0.004835440260802614
0.8419556532581083 0.0991080397927948 0 0.0046189309415678404
0.617411681813082 0.8665754774201735 0 0.004907717411697657
0.9708311521238016 0.4155397252409693 0 0.004578400030424505
0.12018937734353795 0.9042836481470262 0 0.0044184136281656995
0.08990132544156369 0.8389151877077724 0 0.004863543972320114
0.43110768469780253 0.04939217517983262 0 0.00430210979817025
0.776195786055177 0.8551725327539895 0 0.0020989204686759355
0.5632474885070646 0.9520761407507482 0 0.0026790240287486227
0.646887738243025 0.5862652730436698 0 0.0035676397820053403
0.48535290680384774 0.5660863860183947 0 0.0044636601279570975
0.339147468845363 0.16120658329849233 0 0.004633979991909014
0.9807988321709548 0.20175149571327564 0 0.00470661005224737
0.6018640696354195 0.9633126863219766 0 0.00491075588408795
0.3429832213578146 0.29354766060913134 0 0.0023836216892177365
0.11578414001936164 0.9290514772583334 0 0.004999956049792205
0.8507592868201385 0.4404519655904567 0 0.0032585166378711655
0.2749950945915958 0.3635613964020034 0 0.004858861479257364
0.2417322256168701 0.39910045293879953 0 0.0041200235626795345
0.10497957686956715 0.9711740983771615 0 0.004990032458666151
0.3890518880293828 0.551455930247099 0 0.004068802944540065
0.19550198437268815 0.34402671751624075 0 0.003031977989057749
0.42620269978763886 0.6935611043507719 0 0.0039267424264092686
0.6764701371172699 0.07622595383922413 0 0.004910033136354802
0.8748727591931739 0.7708277279047482 0 0.002987750089885201
0.20348184068304306 0.8960823927483696 0 0.004354792408128695
0.6072935642440658 0.7970509881384377 0 0.0028399417943806614
0.15163870562720136 0.8235666418552439 0 0.004152675257573831
0.7283552169548654 0.6057444832388844 0 0.004998672138314031
0.44724401887185267 0.3657323949878833 0 0.004589583305619328
0.45330329376475026 0.8123222905040879 0 0.004901803753050192
0.9449460679923825 0.07303780435570005 0 0.004709468135861729
0.39899795401030874 0.8526326618837963 0 0.0014622700945960542
0.4982631986542065 0.4102898270325996 0 0.004950334747571612
0.2665982761116859 0.1568598109979676 0 0.003647532376577109
0.9207127641143192 0.4504507767246248 0 0.004625314067584401
0.6760685608149726 0.9785189610909978 0 0.004982322773825396
0.7807957749043605 0.25146481589920305 0 0.0024891804357125295
0.7850696287460569 0.893892818039894 0 0.003532178566208676
0.38851845912 0.7470664230064475 0 0.004883737614194417
0.19734601576880292 0.5878611587376923 0 0.004999852054137947
0.5480906349043697 0.2996374603798128 0 0.004750319640093886
0.12035829851593403 0.6435388569649296 0 0.004992474584143212
0.9620353121189894 0.23045228767457301 0 0.004116093852292224
0.6397642153201505 0.3654682195984284 0 0.0029855433460696202
0.7095809776421109 0.7275411502971203 0 0.0027659556602782735
0.2622380888418124 0.631839208719661 0 0.004513711703780257
0.12228962034921763 0.4340079406068626 0 0.004997778510453159
0.48672903131314865 0.6524831052579916 0 0.0032430382509314273
0.5248564307281721 0.5108243758442018 0 0.004999470230971186
0.6192623646820914 0.47210826713805926 0 0.0028134073983463325
0.5229541779023341 0.8633330355965098 0 0.003960794934604558
0.5761987534135741 0.8142783120958778 0 0.004624180069714605
0.913663872042183 0.4867419470917708 0 0.0025881783779683745
0.42860478402420915 0.038561911772568944 0 0.003654153574477291
0.11754947231095401 0.049996520915592244 0 0.0049154783412302784
0.9225892308168339 0.5766220623457221 0 0.003903508838440942
0.5082607542884866 0.44498715854144494 0 0.004728757939528391
0.8236195808026285 0.5321311434836926 0 0.003803042021536219
0.32978617214139844 0.9774343099650598 0 0.004156222853968685
0.400860202945514 0.25557244905465765 0 0.004880284212749397
0.7003842231694417 0.783456015917303 0 0.0035643233541233902
0.1478638744010081 0.3074462299491058 0 0.0017065207704740004
0.20822881112960065 0.4885016157420054 0 0.0026041581883962505
0.0957660163193078 0.4363653976707929 0 0.004987941476003017
0.3088251220009261 0.12049290383379661 0 0.003993049760743609
0.2935838106170366 0.9625298981351047 0 0.0045191396473565765
0.2146456772240156 0.880205268190771 0 0.004308186489645758
0.8624834317128918 0.7095986937412708 0 0.004816097162165586
0.5193914617020764 0.6793327319989368 0 0.003832224594022042
0.5043245639346088 0.21498675458933844 0 0.002072875372458871
0.07391996585519565 0.4768524436531943 0 0.0005190425179475383
0.46088432383896766 0.43730945201473276 0 0.00432225201635256
0.3149594835614011 0.38063864048445134 0 0.0009144282544595887
0.9276824451588898 0.7333148491038312 0 0.002947230067967436
0.20735243457031968 0.38243527790048776 0 0.004513346002339518
0.4549806507876187 0.3403157906176814 0 0.004915076725053032
0.0029058826957165614 0.49589176774972604 0 0.004932994568161952
0.3053369700803629 0.6192416986657634 0 0.0027323469612370284
0.5243485756835259 0.1070233521838365 0 0.004994625081053377
0.046467318869480176 0.9466423137648441 0 0.003986595520838875
0.32126788946760193 0.452994233744144 0 0.004904480332931414
0.7022118582911617 0.27319954380445904 0 0.0010699799297016232
0.71328354353851 0.900709390408852 0 0.004746861350525048
0.9864092296624033 0.12825663276649943 0 0.003638542688365082
0.36452762132640953 0.8737597983522309 0 0.0029763865953099356
0.8239125846194679 0.5015798199394609 0 0.0021281303372024172
0.4613232226140446 0.1840289488086568 0 0.004211778696334076
0.7071682801705305 0.8438878520080144 0 0.003765350885583902
0.8100280345729197 0.3106973601717224 0 0.0032805293300301845
0.48808937819728854 0.7327585210950666 0 0.004642607273327622
0.5119380881184219 0.017767522443838606 0 0.004899638594540713
0.7519046213935581 0.8196711259781895 0 0.0035867031289963866
0.7981973686109202 0.1175609266119667 0 0.0019718368659550505
0.30161861214293456 0.012004571436127535 0 0.004615429571981997
0.28121935298500794 0.27416659250072534 0 0.004964720165294335
0.09326882278812075 0.4697970062831481 0 0.002550200409022353
0.18690761433385225 0.7868536327937231 0 0.004822029157342986
0.7687808637115828 0.9478397010223654 0 0.0028807073113364385
0.45743240478403885 0.16250628348078042 0 0.0017319654176309236
0.27331876633594493 0.43425172349355406 0 0.0023075472665058214
0.682673643659196 0.17223786216987433 0 0.00499418141757097
0.7187001117289156 0.1402643762982246 0 0.0045218746278747396
0.43239269061345703 0.5618061653179014 0 0.004779298545488406
0.49801057611924476 0.2925702201641303 0 0.0011929134549721178
0.297759223832434 0.35762278088181026 0 0.000820320736547008
0.6225810251175522 0.219752929752939 0 0.004950929927528372
0.3878943101610543 0.3609876861105193 0 0.0049870495872180575
0.9508617133669514 0.6041382525548346 0 0.004439514776175014
0.5133967139659402 0.8755118494205807 0 0.00381296236507972
0.8060362251995081 0.5696428037557209 0 0.0044961160321111485
0.4530509297242105 0.24315898850024173 0 0.004918760894424539
0.6749491792770632 0.5405678811125958 0 0.0028194648001017035
0.8977349268746023 0.26127592227639634 0 0.004661980191164059
0.3657853918949527 0.011599543610826706 0 0.004649826619529105
0.2905986198176202 0.8614516473671662 0 0.004999938252829325
0.6891096052622409 0.2736617462556063 0 0.003802151477585966
0.1961307823386685 0.19324521820215831 0 0.003947794228831582
0.5826277536374892 0.2594879540889769 0 0.004897556770654084
0.37974617595387544 0.23450180153185282 0 0.004908742309344026
0.5634859287391223 0.4827991145557378 0 0.002972075814306581
0.875367564232179 0.4272451967054131 0 0.004636229535710477
0.49642570452062657 0.5244270813926971 0 0.004073878107528706
0.6175672677714806 0.4583999077144261 0 0.004501725417713839
0.14118651032569915 0.4780493859123855 0 0.0015404994980425086
0.51590084559435 0.06297224482644435 0 0.00372023511149474
0.8573053854762028 0.46873535815807915 0 0.0028965580689877175
0.37763385844180736 0.12634739604991405 0 0.0018968061382835303
0.31495643545027946 0.9561432355639652 0 0.000413221822228154
0.6535295753729942 0.8817020239555518 0 0.0030498276249078973
0.3640264637367108 0.19742477255887944 0 0.004641090454819678
0.312503734742915 0.7965756218024989 0 0.004859515183138185
0.3521819047533355 0.4673414307232659 0 0.004957422541247742
0.3498115751751137 0.02855021759551745 0 0.0007929656249785592
0.4670991604751569 0.04951341201033564 0 0.0045070983783243165
0.6560922035876882 0.5821169249814673 0 0.004246847308293306
0.25166709695531003 0.7554284697721957 0 0.004027360146607192
0.2148688368448711 0.42411572111943113 0 0.004815150359490362
0.5061805874069293 0.9211594772642756 0 0.004997960483663449
0.532209993919714 0.3841159111969827 0 0.0016252454690031833
0.5805331503740725 0.06867254580657388 0 0.004648685703265141
0.9977812900823031 0.2738876423095597 0 0.0044927585944821566
0.7955764839304462 0.005801920799298638 0 0.004244867181791037
0.5111016188551047 0.10584654587412622 0 0.003896723447242428
0.9307628369354255 0.6433749786590477 0 0.004999947070770676
0.18053292317294298 0.48219737804089097 0 0.004763320183328889
0.6219232655649294 0.15981456149753734 0 0.0041511095897277545
0.9098791220920146 0.7542746580910604 0 0.00432379006927297
0.1849447819359545 0.034812166187087365 0 0.004346055592600261
0.1716132588345752 0.43126514515596076 0 0.003303861983357589
0.9039590637191683 0.8313247425618256 0 0.004738614566549768
0.09924385950091295 0.2247353173922991 0 0.004976066517896154
0.7040175910286078 0.8714173282288307 0 0.004695701907082208
0.5017373945430302 0.6411009308575052 0 0.002272468156444013
0.34208182021409433 0.8343338800067 0 0.00482575595079762
0.5282791123516253 0.44629199958582794 0 0.004971687686304128
0.3078216803475206 0.22312434151273594 0 0.004808114336119835
0.7898254881046816 0.41940480383185236 0 0.0034925210585835553
0.11232458437045732 0.3533365132576342 0 0.0036648156396871198
0.7761526297964358 0.798765882903299 0 0.004605807520563185
0.8127061705143611 0.4049827837109738 0 0.004833122700083033
0.09882103476877456 0.05231092929702984 0 0.004979196399645696
0.08403012227404193 0.35263526664462147 0 0.0032086996090919485
0.419810597488431 0.9821231405230328 0 0.0017844207912011542
0.8873107094653674 0.1425166506768961 0 0.0045381481286581055
0.5928541828021293 0.8193798401402296 0 0.001962326397746074
0.30512558272121965 0.366826338294773 0 0.004998352272668445
0.4172351318558469 0.9946834829114076 0 0.004998223379786539
0.6292063098916489 0.35687399317295726 0 0.0035358382436778478
0.877434185504059 0.5694581209048657 0 0.00472290669446035
0.046564913105541214 0.2858800250998002 0 0.001882402847801326
0.7788023986352605 0.8271226905514752 0 0.0010997913172834156
0.9624985085138908 0.08306544460748776 0 0.0028520707266587006
0.8127086854586565 0.8569144603468826 0 0.004256692325416876
0.8317186134957082 0.553332851237884 0 0.00399175796928428
0.9866347745664935 0.4617389529823041 0 0.0012594273689618457
0.6811429038533481 0.9873631860059854 0 0.0024232915287750365
0.7618976612611027 0.0037976082950277276 0 0.004919557033356484
0.5997397323804344 0.881073016441253 0 0.0038295601513627857
0.9068511767107277 0.999233895263867 0 0.003404966263713047
0.06008495681339708 0.9134642980242157 0 0.001873334469007035
0.12093954132203398 0.4847936503590911 0 0.004972197999554245
0.028940917816812954 0.9357477928498241 0 0.0018154696043408186
0.7239138001909117 0.643067141312569 0 0.0013557882184453336
0.5367820859127257 0.46648430421074477 0 0.0029701114394544256
0.5974169555641005 0.025806060793036815 0 0.0037946673504519455
0.5989555376120537 0.7071494853125886 0 0.003982633554288925
0.02222161416902057 0.49942581693231797 0 0.0029409097901541034
0.45255592410114837 0.351954805625358 0 0.004171749453036399
0.671140189591661 0.6229389591116216 0 0.004588596000779723
0.2782367775205888 0.22437616959921378 0 0.004403480333311782
0.9763780962489054 0.9524976802992412 0 0.0036274329207631314
0.3867675901734355 0.24555248132416338 0 0.00402525257488954
0.28992952115119736 0.12589312668095273 0 0.00457927183310266
0.9092299461834469 0.1313245133189814 0 0.004691444412360396
0.07506417619660243 0.8467311479473525 0 0.004959129183324009
0.6000999136292466 0.11331780695306613 0 0.004842684612071338
0.13702257297645978 0.309605136130304 0 0.004985278444788987
0.6309081375967113 0.44840014936995515 0 0.0049903114792957054
0.6870521082405598 0.6497804636709994 0 0.004579433518525857
0.5166271220161655 0.12017859531848317 0 0.0015557322084458812
0.810096159359479 0.59132648165014 0 0.003918225817709265
0.16406550321232147 0.641201226096887 0 0.004915225723738067
0.20351000828113983 0.5448437658677813 0 0.002942387256247299
0.8948554684620649 0.996972296156528 0 0.004943133447300163
0.7473183309187658 0.252324260552194 0 0.004231422179367388
0.5826830335168591 0.5804749144371047 0 0.0034412286061747273
0.39612315308081386 0.09353843552521778 0 0.0049887991015760275
0.4895051386641314 0.2563038666146991 0 0.004431987840811605
0.32412001224377324 0.27366880582702885 0 0.001917451368414029
0.8664199640378832 0.5369310197712344 0 0.0013677713076988903
0.9002205691396679 0.6030086368084221 0 0.002726872055949548
0.21712023135694444 0.5999291349649515 0 0.003643997304669867
0.3645755897616008 0.26001065620043834 0 0.0049747258736226796
0.3837662921485087 0.7208628140086418 0 0.004399378191922953
0.9562410043302663 0.755927591257675 0 0.004591418560991373
0.3834152103839585 0.37406864213160324 0 0.004949591399531408
0.7577728177221743 0.039402350107405434 0 0.0014481226506461743
0.9009090538322485 0.006968581512560074 0 0.004258637425911759
0.2698356832764139 0.009027516033678788 0 0.004680989186753606
0.6008968198215588 0.17541772874345338 0 0.004999087509147743
0.8149593883262329 0.21566940886618144 0 0.0016512524069519745
0.13905927732471055 0.32424259763501745 0 0.0042534675335717444
0.4030926879052516 0.3166948555083749 0 0.004763631228938224
0.8759512805660492 0.13016335934889253 0 0.0019429880921415419
0.2996127810084454 0.7920580825846452 0 0.003684271214636713
0.013079024019102763 0.9110638562835649 0 0.0038842658071971364
0.9797671561637824 0.9973519567212319 0 0.00304124030055795
0.20381619679495908 0.4344434616540606 0 0.004444787012103365
0.2511790762855823 0.5834562969270178 0 0.004604536116353166
0.8403785653768518 0.5685716564762284 0 0.0022197370388720174
0.2667150748904687 0.2446657764959996 0 0.003910554839989096
0.8356709244561225 0.6490135248407822 0 0.002620743200022785
0.04277466151264174 0.27364130688790916 0 0.002607659705095124
0.5449596039396138 0.07026934333909472 0 0.0029499422163651
0.6841090665603297 0.5173804928290986 0 0.004971275911485023
0.8671995160709839 0.5657176040695204 0 0.00499814812366103
0.31726903824227864 0.7111890371199215 0 0.004935042733552155
0.8275646991031922 0.16992212136792048 0 0.0049670172416935495
0.2423819048037241 0.9385064104018034 0 0.00467220336226633
0.7718814939648838 0.6931969511240594 0 0.004473411204337813
0.10215706238550569 0.9017275675589483 0 0.00415774808278563
0.1616935623099491 0.8179981819829102 0 0.0015829631131471483
0.6898136268912769 0.6923429204049795 0 0.004319340333784665
0.41891662679508773 0.48994828250712436 0 0.002967711337430323
0.8278138871004825 0.002794373174587745 0 0.004721911271405968
0.8647737490786964 0.8050461795980494 0 0.003906295975973994
0.412904864201101 0.3733495394266753 0 0.004593396330585623
0.23199570244117992 0.2629965756843648 0 0.0018254538431206205
0.44697423850886436 0.0764966708618514 0 0.003452492326934394
0.5077131173100586 0.530459945177415 0 0.004470483941740697
0.2978613270465758 0.022482619619206494 0 0.004851935520225443
0.6371197992924639 0.22690990158115507 0 0.004335589784881161
0.8029715400838614 0.03691460956086055 0 0.004287016393489342
0.2728903944429792 0.593806481208459 0 0.0046817481159723085
0.8999209877580384 0.04768366448221083 0 0.001708060120943953
0.29781802544839214 0.679128694020491 0 0.0014401507984585081
0.4470594315178337 0.7432990993622528 0 0.0016921911200463314
0.3920298231514299 0.22870778146658718 0 0.002324072157168623
0.3254565030256967 0.8135062564564954 0 0.00260211333460571
0.8990062675085623 0.2360110253466605 0 0.004628840951321095
0.1541354819880689 0.693707829521687 0 0.003178662767466604
0.6471784840405392 0.9192258371161065 0 0.004350747577056571
0.6132294650310703 0.40012567966584384 0 0.004510798524324806
0.3662920406037498 0.7043555176838813 0 0.004507111995494789
0.7571191935443913 0.5104232064429981 0 0.004935633178508155
0.9733290053886922 0.755259359232125 0 0.0038684282579211334
0.9543020105936976 0.5236474211099159 0 0.0013384797706220426
0.9225602749000599 0.6549141190280142 0 0.004433251273830458
0.5854585029650998 0.42420207256675097 0 0.0020384619649557907
0.47011926833361534 0.536006034175238 0 0.0038137451429348115
0.05802324693224013 0.2410245898473294 0 0.003652247272752739
0.5590778974196431 0.8339978227233618 0 0.004886295843722841
0.21587568394961706 0.9104546058915715 0 0.004472692907771082
0.21451978347646458 0.6403907662413617 0 0.0037002072753017953
0.11119699956426053 0.11041467637796919 0 0.004878516083251851
0.5935131619089814 0.9342645193663545 0 0.002758126442758023
0.44615703853389704 0.934746810144271 0 0.004783999049239569
0.8737373629265016 0.9716401627784277 0 0.0036389764691084608
0.43453754234613434 0.9025833853484562 0 0.0012286572683667815
0.7870097594293176 0.9688927355834723 0 0.001987328894547821
0.8752004516114384 0.5017851982030942 0 0.004999288936473101
0.27756009935959397 0.11973164720368489 0 0.004301951162955362
0.6941914019195051 0.8134754768478986 0 0.0034724842085058043
0.9368563604851511 0.42271973156506565 0 0.004206131337719368
0.4839425677139015 0.8525187630347931 0 0.004980550438518783
0.6576001077394821 0.9982872595846997 0 0.0043859353086176285
0.5242073455636159 0.07314844698404453 0 0.0014161893301230003
0.5344177794292333 0.28428205015714697 0 0.003436503795081862
0.07849019647809795 0.27102901021007947 0 0.0045087178699881715
0.1348878554416871 0.12048114151798904 0 0.004909909212548775
0.9993158926114424 0.6114225250308735 0 0.004997056318989595
0.45023343396553733 0.9009169180364186 0 0.004919992363301366
0.27068731192993595 0.41283669448521104 0 0.004550176037072294
0.97560600976576 0.4240820348523629 0 0.004275906347383649
0.2220124001804926 0.8307135259583057 0 0.004628912102269219
0.6830633751519342 0.5647289039610209 0 0.0010488090200165927
0.34283262487135185 0.6168154056162369 0 0.004792095085899507
0.7610872511976846 0.11694105673357823 0 0.004913923394662189
0.9715640685810892 0.6075094469657006 0 0.004517113648169002
0.24538877061602601 0.7931744936172109 0 0.0049563294025401295
0.6144424554362466 0.9153869473205193 0 0.0037163320492086603
0.3095178067588413 0.5503276869845626 0 0.002822889504604804
0.55303718674802 0.2822889394427332 0 0.004309720232098983
0.4268248897876558 0.4456460562441725 0 0.004442079464535912
0.13026600755587145 0.6072365274207553 0 0.004715476466314948
0.16760561330518928 0.987739881362998 0 0.004814283164789494
0.5066648178902904 0.3148513874725117 0 0.0007758090915108035
0.8582019571906584 0.15998907418281136 0 0.0040814065458918
0.6587546094059101 0.3312249564603856 0 0.003334155934166259
0.17487667940031035 0.25128744833949684 0 0.004978190054522256
0.4652367577523934 0.913428848927277 0 0.0013455487523567568
0.12939426459240397 0.6226602868388655 0 0.004485943660405235
0.006378686578266452 0.9987824468271352 0 0.00494576129594306
0.8909614368021964 0.49901708021864905 0 0.004675232144982585
0.42819555551963046 0.3237468822859558 0 0.00465428169364824
0.000960332899730294 0.8496262524882251 0 0.004904392461015715
0.830230599471685 0.764318850063725 0 0.004819413540533273
0.22634993827293812 0.1245870213549891 0 0.004995971046155877
0.7164467565355301 0.4377040136110529 0 0.001281146466698289
0.15942949714589502 0.93251578114747 0 0.004734842370967463
0.0466937585624294 0.39045430988813384 0 0.0044948372275008
0.06212692204107172 0.8365099601105206 0 0.004357467892496286
0.8671562006973103 0.8761024659225931 0 0.003936206881420649
0.7966469661252243 0.23768346653198666 0 0.002142167734063283
0.11889871958689201 0.9202246029500809 0 0.003424390258801015
0.216647255276696 0.10761109642251131 0 0.0041801363966854155
0.7344887944581134 0.6630235730567691 0 0.003167037559991168
0.14058828898250506 0.453657151902577 0 0.0048945182107521246
0.25864870965905457 0.6549200478581418 0 0.004842083705255663
0.35673494673311407 0.4770697606763226 0 0.002602661604800387
0.7277973860899518 0.4375142230710483 0 0.004637912495294548
0.342901692477199 0.980956689734451 0 0.004986147020739947
0.3664469379113074 0.9067011012640235 0 0.004617342345027449
0.8448964325996999 0.3519394798937135 0 0.004379304899456609
0.08183306556499491 0.3719622310735882 0 0.004991710956481337
0.21185291870831943 0.003388923423835561 0 0.0031802082687397222
0.4428130190090754 0.03176770726187082 0 0.004982043229842549
0.9661200073755621 0.6637767420348754 0 0.0035545259856055457
0.11682327215194531 0.2678299138699934 0 0.004834222148737805
0.5236007195895601 0.6888818864945555 0 0.004650522445106257
0.6226283165243232 0.8123169970292278 0 0.004765072087014497
0.36241041530293266 0.7738427956014073 0 0.0034064322358597168
0.8288862438396267 0.26310949532885125 0 0.0041543520343081015
0.7498482438716614 0.11320429838990918 0 0.003478778686679225
0.6810970095970086 0.6647758097865394 0 0.0015741695118060488
0.4610215521177435 0.3212897747573083 0 0.003195752219372247
0.6515047719544689 0.10479954082123598 0 0.003138989257436555
0.09602984619798859 0.13544127605385467 0 0.004615120652054848
0.8467606809913505 0.30868342370312346 0 0.0048443356276265
0.18694958114133683 0.21114017670553228 0 0.004849028982171364
0.006190921250898146 0.7645849629315192 0 0.004974837888288422
0.49696822755597964 0.3602359496284681 0 0.004441637848582251
0.7353489118841177 0.48160298383259986 0 0.004463038960641925
0.931754264627073 0.9975028652518824 0 0.0036665018715721976
0.14465553230287584 0.5935874254404414 0 0.002898346437265178
0.2930482654260714 0.34455098506338894 0 0.002646193202812296
0.3500262081647842 0.8633908875732511 0 0.002335418950858423
0.7214397887189743 0.7920661442226986 0 0.004698557564239355
0.8468152710182808 0.998639328552581 0 0.004988089567643349
0.8221191708038205 0.32917347961890314 0 0.0004936743496756472
0.8739259087678363 0.3286540352613007 0 0.004452006593686698
0.82001192179876 0.9044744448525518 0 0.004978725646699654
0.2736969414276403 0.8467827527531381 0 0.004913422866440771
0.08477970987136217 0.054904198947933844 0 0.0016795712770387116
0.2899488817016183 0.8237799069863586 0 0.0022461767599430116
0.14693947708584618 0.2895534069175039 0 0.00494209580012278
0.6354372288196257 0.16604643931871152 0 0.0032463722342615273
0.00727628335412322 0.5117116773171296 0 0.0032754055101979884
0.7759468155471007 0.10793682502186162 0 0.002290249069047476
0.4611508452222624 0.6555210418300419 0 0.0038463055983310812
0.9447995987846718 0.010673679029921106 0 0.0019403279178080767
0.456300092745256 0.9847091025437689 0 0.0030954120898514016
0.6316652816170457 0.7391417555015565 0 0.004958783239810621
0.014703366072924322 0.603728938148537 0 0.0018211319826478348
0.2740956207486103 0.06193771160549809 0 0.00484740496818362
0.042701962070154406 0.034814950570458233 0 0.004998468511357021
0.7713689905121089 0.5937036108209641 0 0.002811729895394069
0.5128535327927444 0.731207114052242 0 0.0015859958563232582
0.03193101988548429 0.5449352163940194 0 0.004976482476602982
0.026167313921799155 0.019220253775519162 0 0.0043640541751317746
0.776798487171795 0.8981452231180589 0 0.004980540068432384
0.8321711427981647 0.014614041417152605 0 0.004624658486846481
0.6900829523411569 0.8330162629949829 0 0.0005992880744301749
0.8368438549385612 0.23386418792243321 0 0.0023967231957737357
0.17139783627010427 0.5373744529452497 0 0.004792204094199367
0.208452674761154 0.9328189175544677 0 0.0045354359658994195
0.9263310970494708 0.9663728043962408 0 0.004925352437769116
0.22746827583530857 0.7504169021275507 0 0.0006144712154016062
0.9325544988755116 0.9136118529319149 0 0.004789305813412347
0.5418694947820146 0.687374574961788 0 0.0049274090252073716
0.6782754811901164 0.604768186712676 0 0.004960763836354624
0.7228504424229646 0.4033190755769555 0 0.003634719748896389
0.9281817283024314 0.7499011234207327 0 0.0021325767344899196
0.6371155728729466 0.8536515831851134 0 0.0032904641707540132
0.7067129854310608 0.8250740090069386 0 0.004976749093117382
0.8856946614180227 0.9142519098139683 0 0.0035290947483055087
0.741685085410177 0.2396127897562292 0 0.002775430011932131
0.15303756850348435 0.6093839129492682 0 0.004992141653102325
0.9930459625859595 0.869287638726612 0 0.004566280373445113
0.27872684792003194 0.8759363127743829 0 0.00471834534877364
0.9899324991813984 0.011488521724541172 0 0.0045922632538716816
0.10562532053773908 0.06052033025433988 0 0.002759304018365983
0.8023915123316249 0.9498433926553017 0 0.0049735326086043285
0.048237165638639654 0.11395729329387437 0 0.004993523474430156
0.4414549872323735 0.2763986998910875 0 0.004285626867618122
0.34651241470264 0.0566108642494869 0 0.0020784328288557894
0.9513274915962917 0.1055231387789105 0 0.003532350086803985
0.04589618362954705 0.6614819426245824 0 0.004934748680952771
0.01480016058130084 0.33961912689086965 0 0.002981673897112188
0.06837024627992448 0.24695576194574073 0 0.004628300296615432
0.2372375925452632 0.021165419426724 0 0.004197531843416645
0.8300720866157711 0.7454255314688459 0 0.004854968863886623
0.5366582007452928 0.9151908668902135 0 0.004834953906044722
0.34843906581536627 0.6771751794932458 0 0.004987964327973132
0.9423134389571821 0.6971714323283412 0 0.000563610432015612
0.9459126811260778 0.6461775473787661 0 0.0022292978418314174
0.923866388879782 0.061259214681492966 0 0.004837730759822575
0.42413483615834763 0.5710160538488673 0 0.004975179133788277
0.87242635898942 0.896473552688218 0 0.001559328293929852
0.4900662919089425 0.6831887932601868 0 0.004909583962952269
0.5061101267398371 0.1864784766307724 0 0.004974756702946815
0.6233966512315562 0.8278154086990789 0 0.004112583104130101
0.34549106173370264 0.017707658356899685 0 0.004998530575816656
0.4726288676821057 0.8346676144035141 0 0.004341649681042339
0.48546478690418843 0.17152604829564153 0 0.004909131088524643
0.15495291890119908 0.9593874697783474 0 0.004542431104277598
0.3702540037816637 0.09717698056264289 0 0.004945085997325369
0.5404917062066306 0.7269775650403157 0 0.003123151283357761
0.6998260759131546 0.15681450905252045 0 0.0049999874328626745
0.21098598971559432 0.1785766212618227 0 0.004395488616326343
0.09213859754114538 0.361049799891301 0 0.00445263443645342
0.0678410940742996 0.5135734111847946 0 0.0035277976666088485
0.8944284352072452 0.8928560535080112 0 0.004488377923525255
0.05630957983415728 0.38614068965745035 0 0.004697684592581991
0.10560530527955979 0.2618249987706706 0 0.004136795049012242
0.17390735413551525 0.1667182135524957 0 0.004942913717454528
0.47879037413916764 0.07839008474105356 0 0.004378567770381508
0.2252515304655168 0.23656402170200938 0 0.0047080373839549486
0.6159884482913836 0.3069502070038744 0 0.001663103855433767
0.7586352506331734 0.41883721212307296 0 0.0044754628776322095
0.2380618959683418 0.9979769712619321 0 0.0031691237556639115
0.9581378273907104 0.8622826854377668 0 0.003420688739389278
0.5920605044093817 0.9149077033390252 0 0.004163143764794496
0.9798818175520835 0.5802254582291387 0 0.002058417682771483
0.3877383622239465 0.04695715391408782 0 0.00491690477042502
0.17544112593867586 0.3659216229497781 0 0.004948747866266898
0.12042058266527943 0.2905232031465759 0 0.004546980436861038
0.9575996111574556 0.502009644734537 0 0.004169684131070795
0.4688804223709843 0.070590497643484 0 0.004912524613139451
0.40143680706738877 0.8280929520267826 0 0.004637758303880842
0.8726347839764834 0.3860998140192757 0 0.004998404205469062
0.5119095281193816 0.6345268576366808 0 0.002093394676947193
0.029330086495103484 0.04753993068154959 0 0.004637583962609145
0.8566827730416714 0.5775770386395142 0 0.0034985387531144964
0.526070408349883 0.4650883919964835 0 0.004226619423245775
0.20638778886897566 0.6233010564809632 0 0.0023296573813308824
0.0002466921511755605 0.3894119784017363 0 0.0010696793963966848
0.8541982812876623 0.4003690910667555 0 0.0027919412567693203
0.6849785672859785 0.9093584468044021 0 0.004547341106135051
0.5911159887994829 0.7576662388931924 0 0.0033315340216059698
0.04810095188837214 0.6250143127121178 0 0.0023662023206451324
0.6722147117696289 0.5256347312529432 0 0.004876070248574266
0.8005864334468675 0.6060452305328504 0 0.0036890390164915124
0.44681262995633914 0.6122581236013771 0 0.0049097850458605236
0.4303085949909948 0.9782790901260721 0 0.004175704867811582
0.0960915802848603 0.9327970441897935 0 0.0044007176368677
0.582486054951669 0.6276788199203279 0 0.003453608272108693
0.7795137321273966 0.8191097880265085 0 0.0010043358898449402
0.9243542659278621 0.13891773755830414 0 0.003272890419535694
0.5298382191692125 0.8309479349385941 0 0.0038693867828881495
0.18070264173317782 0.9002697342621844 0 0.003632603286343076
0.11075030542416218 0.44767482210157744 0 0.00439201045959222
0.7646796100673621 0.5807690065685327 0 0.004709356242893062
0.02551778574109375 0.7454849253330242 0 0.0016407755141350819
0.03634829261821103 0.6377509990137259 0 0.004990822602624192
0.7478521912504335 0.8383891640368181 0 0.0031785702917885746
0.3976255042853773 0.4464839347228265 0 0.002629524866798569
0.8542828059496053 0.7506923156872003 0 0.0049790375043815465
0.7683693912260591 0.8233209188457659 0 0.004820115161114546
0.5365218386925886 0.018874009690380437 0 0.002230996284239578
0.22727112940963343 0.34483944454474075 0 0.004940316869132513
0.6710326830838156 0.24798011984611032 0 0.004987790900473733
0.11135782619678035 0.2176494325233391 0 0.0043438215938245515
0.155772399499269 0.07638017133151352 0 0.0015279829283986043
0.3800015291986764 0.30270789343229093 0 0.004990609221846957
0.4358790562527796 0.11800145812719219 0 0.0020522722184390533
0.3382496879131334 0.13548166087511523 0 0.003942440122588338
0.2997995374030535 0.7287537345592757 0 0.002740857645018668
0.284909149414251 0.5336115764788659 0 0.004990621946832281
0.5836825829671706 0.10663279686949666 0 0.001971726087835073
0.3341212553372423 0.10836653208320489 0 0.002108437100699459
0.5101970641947859 0.8404184952749507 0 0.004895478079565605
0.46026075852766074 0.23490982515474454 0 0.002910971208674196
0.5061806467124511 0.8661250171693188 0 0.004708370563285014
0.45173225892837804 0.014271775079996322 0 0.004786385302875588
0.03525088036490796 0.7095863683078444 0 0.0036672996224472744
0.16900205577471136 0.8735383183847907 0 0.004773409503499155
0.04563889196080205 0.9697335586178143 0 0.0012550200802885008
0.9519311293948485 0.31827802893637064 0 0.004299261462248563
0.7611243946121751 0.6205099849072506 0 0.0018874188799982078
0.5588914824468806 0.0002881107787285853 0 0.0020753897159674754
0.17347919128659436 0.19990801986431203 0 0.004806343512205531
0.1695069036708455 0.913480001380424 0 0.004948773947027799
0.3086052542963363 0.8614979907947926 0 0.003100213963409693
0.17013347003141296 0.5742866738159459 0 0.004998906090165225
0.1609373606955706 0.3032547283119122 0 0.00410587203337022
0.183382825658953 0.34283348483188053 0 0.002048244176411562
0.10586288044858004 0.20732670741513645 0 0.004355829100469871
0.8296979490716951 0.913046960082908 0 0.0028762809173846155
0.8212597106644001 0.6699660566813479 0 0.0047989144599808785
0.5865296936895672 0.23137621423183594 0 0.004997547622303232
0.7497038612111087 0.6379148244866288 0 0.003909859940900859
0.42272285008955485 0.7816157305279502 0 0.004902066817036475
0.3095640938834134 0.6505847366377502 0 0.001706160157500789
0.23744018340765247 0.8230984466751946 0 0.0049994645470738805
0.7043599073726666 0.6273292442330046 0 0.004388079606263193
0.20618476353159285 0.33904999659864704 0 0.0046194569955919215
0.5471560028405928 0.5690869392794745 0 0.0046057738292593145
0.9969978118740962 0.9298849199380205 0 0.00469998459039644
0.36152741391216187 0.15611578356660702 0 0.0033152177594243846
0.22555958106651405 0.6957379899020273 0 0.00403944251899124
0.8630759291463377 0.9129678985854691 0 0.0040552900701531286
0.8859733113442855 0.835393854136047 0 0.004956982183772874
0.592575116454477 0.010357650943811907 0 0.004549866095491847
0.4285827779729903 0.5957792956064611 0 0.002362159134052026
0.6234928755826631 0.5649868216104519 0 0.00409691670840707
0.8119081182965597 0.0019249262257682264 0 0.004408464900930966
0.5718666320610246 0.6748420790206667 0 0.003173943478592331
0.35155649752003987 0.3594454560867673 0 0.0018631280155589891
0.8554449364616968 0.1713032948885634 0 0.004027115593515544
0.18524194526909152 0.10255111464406662 0 0.004809541839747117
0.9109914573411668 0.2720741083809595 0 0.004997991044330542
0.7753840964446861 0.03269611474619759 0 0.0021535902906121653
0.553215295771952 0.5147436907142583 0 0.004249286858171136
0.3897853937484767 0.4234164708383305 0 0.004997846603699419
0.41094875568969774 0.954649661922939 0 0.0036354826397729757
0.6147585364233116 0.9314626641221319 0 0.004277723144882117
0.930249508714446 0.9539883286589644 0 0.004896352754417049
0.6601221572810387 0.9365434598018272 0 0.004453546436970533
0.6211260223927568 0.036012888286711106 0 0.0034676219976437113
0.4161889410172038 0.548388206450852 0 0.004261936358121266
0.2654146488960883 0.5479032987690778 0 0.0046336492454718825
0.022910543562685952 0.18439224327596002 0 0.002417011551714368
0.5989794150590916 0.4780448960229468 0 0.004675190271663153
0.24883845862918638 0.012238228034564085 0 0.0041722056093358014
0.5893632403246608 0.9617712105213346 0 0.004616224423932644
0.6993986496984602 0.1768675139759007 0 0.004961484902677672
0.3119367598499672 0.19626768337224806 0 0.004118953296164199
0.8829430420157497 0.06984767530259171 0 0.0031435712564570877
0.923864853077863 0.6828242318932294 0 0.0032935968907294873
0.7377954200777713 0.6368983670347077 0 0.00391246377070969
0.5870504204982022 0.8271157411915738 0 0.004795322112843846
0.9627489590761209 0.948849383853919 0 0.004981595627865334
0.8116965598065756 0.47746890288405935 0 0.003729054386287614
0.9355207432985483 0.7559644570785207 0 0.0030365164399775635
0.3012863247450939 0.8996185053107263 0 0.0022591517195733814
0.35310076118725703 0.7060601966601086 0 0.002748581789999428
0.4279100244302552 0.6269747380868493 0 0.0027228061657025753
0.3837080971624523 0.9497404129945264 0 0.004998446773838287
0.5217648596807402 0.011601300281682263 0 0.0019270019417608822
0.5291998825077119 0.7054533662234198 0 0.0036958358820509012
0.9685281576143336 0.7134375015121964 0 0.0015268348079357321
0.3824321997257179 0.39199216966673595 0 0.004751781536177288
0.8050288339037002 0.05515814322852207 0 0.00435865403672031
0.06777071233167152 0.1698441845632179 0 0.004708384635036345
0.7319258420703451 0.9776141818451464 0 0.004302504450209156
0.9360561991710147 0.8269289972588851 0 0.0031396504943655423
0.8957615535825576 0.529666687524088 0 0.004775082783423145
0.2642242794105312 0.4624996949942393 0 0.0023744153907229505
0.6830104604015791 0.5006063756299134 0 0.004569147511008868
0.7270910940736592 0.6226221540035254 0 0.004978179501822749
0.508207133851576 0.9930395285781284 0 0.004757711632881563
0.6356781016189446 0.582238615986392 0 0.0027801993233863573
0.32248346754894935 0.8886887806065411 0 0.0006931348130480414
0.7072335227581605 0.20378165844326632 0 0.004980536501818261
0.6494286624572834 0.1869016738363086 0 0.004993004774832875
0.9269989642193562 0.30312162330063813 0 0.0016008539754218895
0.7102674145579895 0.0027728743611747883 0 0.001352546756360218
0.1877552204921786 0.4134136087506654 0 0.0025585682341330795
0.7600468194519105 0.6763464039123828 0 0.002221236066525539
0.18934539310321893 0.9673225125145173 0 0.0032133524292342914
0.7779027852410338 0.2691414774473146 0 0.004992020288397329
0.5783200343696461 0.13143813815227165 0 0.0006348122161467258
0.8208411120414407 0.13335019331656003 0 0.004269835528948472
0.4851268892456642 0.40717122839200043 0 0.001367697062929425
0.9288578405124489 0.6229803800957723 0 0.003034310539777564
0.1522888789375235 0.7385104350892849 0 0.004846412979998205
0.6064755497002513 0.7431492759815967 0 0.0034689758723741924
0.40223642473057547 0.19468949938249233 0 0.0029928589848258725
0.02482604329384052 0.7275686732057289 0 0.004976395997309188
0.6586326626762603 0.2197519646194853 0 0.0049949376994096704
0.3132193614180874 0.5023015067286671 0 0.002710218027839918
0.1214593420165747 0.21568911689180645 0 0.004814227581537431
0.06301929292262108 0.01664932478356495 0 0.004151883783319697
0.31386047701971703 0.562208623623483 0 0.003627127121244321
0.3555060091645382 0.05739995175539202 0 0.0035725240270834606
0.056450759478328436 0.5622351059385335 0 0.00488405512731753
0.7652877408860613 0.44434340108361275 0 0.00434020115018625
0.5375239952664708 0.7431380233147941 0 0.0029104727276294544
0.24231934825986587 0.38371314567099296 0 0.004814505563770068
0.7539842545648257 0.0900056516142531 0 0.0033063639781423693
0.8748393986075048 0.22064583091186982 0 0.00497810839426964
0.32784464560591337 0.6294358203971759 0 0.0019779040914169586
0.324135031377029 0.4821252271857997 0 0.004558700164012773
0.9514234841550039 0.13803056816899847 0 0.004373422872978542
0.4963880617431555 0.570115543194179 0 0.004910964751033126
0.924711357238927 0.3925082921199304 0 0.004622777284879814
0.9003503875559694 0.9730160047293378 0 0.004869132579471809
0.1556558834414604 0.6422431356765018 0 0.0015096835698536928
0.5725274507377905 0.04660448283266626 0 0.004981485252133337
0.20337892300123891 0.4126043275188463 0 0.0017091847044116294
0.5991909357303365 0.8595733795037895 0 0.004246901753556418
0.6743810383229908 0.399945369862757 0 0.0038495198395161944
0.9956621025549955 0.4239794298659429 0 0.004999781201965764
0.3981280921796945 0.41072954190754735 0 0.002784976598004389
0.000355878207313749 0.9458837385188325 0 0.004657358104521908
0.9160228750033917 0.5004889380603409 0 0.002325398079451382
0.2986906510698129 0.8331616420662362 0 0.0041958347923596985
0.6994217602954814 0.8006142044937301 0 0.0036811866634968117
0.04465221432260523 0.18591073514879217 0 0.0038841708034614243
0.057630861584596946 0.7708752327573835 0 0.003969788425087236
0.8437247545645711 0.7357354916761475 0 0.0037548847719324004
0.7340339829502349 0.5203234942935008 0 0.004657961059219818
0.8409674145263315 0.7816689130112968 0 0.004565586399757311
0.7727765577373836 0.5464447984881668 0 0.004254885219217102
0.7917692105278321 0.659984260187208 0 0.002152370984805853
0.8969445402447787 0.7873439845377614 0 0.004202933930220103
0.7651957526580855 0.6030905738495446 0 0.004566082215892303
0.1475261936692643 0.1575062085275459 0 0.0018609513749873027
0.434567777980476 0.09927009016027787 0 0.00435578196282997
0.8113980720618524 0.5068116840745779 0 0.0049598158476616356
0.11448565190955316 0.7762506592941103 0 0.0017771527071803257
0.4311103506804665 0.2907834431373862 0 0.004300659162197567
0.040656145355022474 0.5729038537207015 0 0.002496291142006434
0.5846952167290241 0.694176601448846 0 0.004620912451656107
0.9524765274563932 0.04316969321900353 0 0.0039029020869437085
0.18860337237330413 0.5932440833700553 0 0.004989152676900363
0.12875130280117994 0.3330261045064546 0 0.003351055663290809
0.13389800164412866 0.281798312807127 0 0.0021092776235599638
0.9379138535157564 0.30694564711449607 0 0.003868471175105186
0.19851384955763549 0.5641977224422732 0 0.004187415043626041
0.8389091209484794 0.06481959403304625 0 0.004222347059254411
0.6046273898885628 0.46439533882919853 0 0.0038519826224931103
0.4416076203883806 0.9852885360027254 0 0.0037301252885946047
0.7872072133829425 0.16915261357594277 0 0.0014452873883183059
0.3375888702202136 0.253233702575933 0 0.002287559054923147
0.46125702331799207 0.3991629519407313 0 0.001153914327899831
0.21156527045855097 0.12483080135815337 0 0.004914846755371559
0.41031428584632773 0.8138460569576756 0 0.00308534822356209
0.24911528410803294 0.8252234174395564 0 0.0045807964195957096
0.15902270189902465 0.420455959637202 0 0.00470217108351013
0.41298944532508436 0.2305980355574659 0 0.0032388648288570222
0.13235148618166967 0.47538575047856585 0 0.004918242075085588
0.5767412521226646 0.9665751412913411 0 0.004063303633639833
0.7529254848272394 0.49449911292774057 0 0.004996873423604791
0.8924502939483788 0.19535897674913458 0 0.004775278183431787
0.1185816531857261 0.5231447122809584 0 0.004034596683844647
0.2511614377875297 0.0719563694030546 0 0.002979491712324228
0.9151402624533153 0.8714886850542322 0 0.004559958564902353
0.0037172802133053026 0.47581462762147825 0 0.004131502891654469
0.008495346118821294 0.8681117982608011 0 0.004974105814812911
0.6784921917045154 0.4142121848919303 0 0.0035821829601752355
0.7518755735148418 0.9456215432900107 0 0.004999018658139487
0.5365460163433081 0.29944572138543507 0 0.004842221216262696
0.8748510441984609 0.26081288386282137 0 0.004720062086970996
0.7754099797502344 0.9785063264470859 0 0.0044577356104883005
0.024252347213223106 0.23646933314580862 0 0.001253237887270782
0.2349687040419489 0.7921593867756056 0 0.0045426938119061495
0.8259161277664752 0.4599529195048245 0 0.0029485569260950736
0.1536010276611632 0.11174930219970379 0 0.0018112074486142228
0.758208751546005 0.33641811619227086 0 0.002450879389599912
0.5463268463683173 0.2560780992482448 0 0.0016703050761083626
0.7698186131107357 0.7660348446263108 0 0.004971767969443823
0.12459823031418059 0.8108873486998588 0 0.0034109469175946645
0.8312073037942994 0.09134771298020526 0 0.0020565784947618277
0.09713190383463276 0.2726571255961943 0 0.004970433739939455
0.264143622335349 0.039077150546524594 0 0.00272564696165238
0.8377789968484028 0.4786604191375938 0 0.004796499606530042
0.7439796138992025 0.5783677478849182 0 0.0029906789911984324
0.6713575648731807 0.7317180668971763 0 0.0049999391924415515
0.0327165233437272 0.10496066418842807 0 0.004042312635479995
0.2735120074173614 0.6752019143083113 0 0.004623163709298815
0.6034941522595345 0.40247309683377336 0 0.00467602085481409
0.04006795167283693 0.971872162742081 0 0.0030861699344881307
0.5346538802878853 0.9562550215590904 0 0.0043046452992291555
0.10124330060695984 0.23979968166657492 0 0.001293225699430543
0.8000329473756674 0.0902137986871314 0 0.0014565605086349282
0.16105404486882055 0.5282927954029607 0 0.0023910944354139855
0.9604630223414203 0.6936006902712827 0 0.003880779735405479
0.5742246197541166 0.38318906762596155 0 0.0015471744913361418
0.2186678375002353 0.7457090516161899 0 0.004947421454182335
0.5323103743787653 0.5490269270380974 0 0.004972015459059455
0.9196908562140856 0.3126334032653168 0 0.0017736404702984607
0.8344865782161117 0.30651761086779733 0 0.004809962545361923
0.9043831044461723 0.28721676797957035 0 0.0027537448987984704
0.007939074692185681 0.12155397229661456 0 0.004998134907948395
0.8808698832072259 0.7962865583759268 0 0.004161992378916484
0.9902439208122156 0.6017668779284658 0 0.0020014427316871375
0.9659106350137802 0.36486132703128477 0 0.004756575619876883
0.6311513495702155 0.864131867072897 0 0.0037745077013325275
0.2615848599440202 0.9535634153940086 0 0.0016293171596782018
0.39069185865902417 0.5130926414332903 0 0.003754254340309694
0.16030776468185723 0.3748938005181363 0 0.0008869159562515075
0.025843128648470264 0.6564080803919419 0 0.002960209994668189
0.09657928371490031 0.06348924987352443 0 0.0026740110041395164
0.7975498031703856 0.5858439548946104 0 0.004980522211967599
0.5672117222186953 0.5839499186061725 0 0.0005961945393405996
0.6532566062233558 0.4814807860043386 0 0.004869450064254414
0.5841284028660448 0.8905789975594904 0 0.004079962132704759
0.6334324075727175 0.9485982314892253 0 0.004925863659434741
0.8671024971689376 0.8566528539169547 0 0.004941936057916813
0.36365114884384725 0.6810585875386367 0 0.0021616035105690335
0.9196930421130692 0.5449839724210003 0 0.004998350168415502
0.3327913720296299 0.73805675326544 0 0.002315533568029018
0.7297968287276609 0.9358124110650458 0 0.004859378884204972
0.6336524268180654 0.5712928457992613 0 0.0049933341940822185
0.23250760974426862 0.29633095454173314 0 0.003207547658679964
0.05789309979257516 0.3572135043603158 0 0.004093130204200811
0.7471986771885263 0.7348885662295831 0 0.004295097080676977
0.9986859020309606 0.6522453301468863 0 0.004714591759989771
0.004513400549973285 0.6712487180201895 0 0.0047654578845237015
0.9115083491053408 0.9781724222259907 0 0.0034560975015143426
0.5973527132208047 0.6636099061494979 0 0.00228616373053434
0.09571694857141842 0.5133233987434332 0 0.004501016819076464
0.6477907685268627 0.5324253524626226 0 0.0047938665687199036
0.015300035233585023 0.731124062351901 0 0.004478302229782754
0.520755103802347 0.8912535040865721 0 0.004999973975531056
0.15488569790661597 0.6218564598478667 0 0.004200910728355259
0.4067484131065024 0.5028571348243039 0 0.00487712442715384
0.18777073914322448 0.8910585832507651 0 0.004998226701178246
0.17708978908573278 0.498307539524155 0 0.004925086640528851
0.556123683614151 0.8863163584392678 0 0.002242657701373235
0.07753562956838565 0.3987046758183212 0 0.002372319442209806
0.2782428185078059 0.3406746671966658 0 0.004341261420073423
0.25682704995154787 0.8113339245666717 0 0.002882258557835966
0.7398015349809755 0.6058442507278019 0 0.004991836399526082
0.9900855064009842 0.2531707141498512 0 0.00453121361629444
0.09039094234560095 0.07515810889720252 0 0.00498704731856159
0.4868237122827806 0.13489867655347507 0 0.0030366845506272174
0.5326828706077548 0.34985532792629065 0 0.004992980046499481
0.6509550781054422 0.6944272802618258 0 0.004996996753492923
0.49453904327631454 0.6922392398137093 0 0.004882205302032405
0.24159672779594585 0.2848750966594255 0 0.004774049051479608
0.20603164217243305 0.6932266649510774 0 0.004075949549515384
0.7276729268458569 0.4534005715777744 0 0.004837674648101205
0.15518438322929703 0.13106595656621298 0 0.004800028861724938
0.8608477606482632 0.18150629071176758 0 0.0034882258611594026
0.9603684086046399 0.31150841765064435 0 0.004714086903520718
0.924596174208845 0.5035098843914251 0 0.003981045938693426
0.8948372054843949 0.8207220192524292 0 0.0032648530595372734
0.2776607418325882 0.19689181730384772 0 0.003315375547298638
0.32696753697664876 0.7848343450531483 0 0.004984117877798536
0.5666253236545448 0.8191465190498046 0 0.0049897114075406635
0.792689072167802 0.9014085034979893 0 0.004959517531022653
0.426349807939767 0.526400823909587 0 0.004984644857425344
0.0016302589645810172 0.16383227123023744 0 0.00416536910807049
0.10470475342586537 0.7337271477398752 0 0.003811641720143309
0.8967312854494183 0.6721206003806165 0 0.004967006092576512
0.2075176222633461 0.8722853313141637 0 0.004322695506736062
0.8471096226586985 0.28726113322742525 0 0.004975685085341805
0.9731050411793659 0.6333370484349664 0 0.00426735528000548
0.9537921535000624 0.081072581642722 0 0.0047729255002783594
0.3523166350606775 0.3459865054668441 0 0.0028271585239856302
0.9170659045568533 0.9162113599712971 0 0.004818111222929318
0.7225937192881807 0.08884053290657733 0 0.004998517363415686
0.7244363095864679 0.7493678923929412 0 0.00141269663449419
0.3230881545367155 0.3284119102418042 0 0.003295748930425123
0.8071803252495908 0.16242951669116998 0 0.004197189669072535
0.3215026751195426 0.8632634731313574 0 0.004751196161088174
0.4568423691658187 0.003367817921545719 0 0.0030252983986460004
0.5435236930676614 0.22034269620648292 0 0.00259736152627893
0.9430037281161411 0.6271192456579633 0 0.002357354574001253
0.9508846029677293 0.283342322195503 0 0.004890777725005794
0.5700288539626659 0.20150494347500256 0 0.0046061319834039514
0.04518426774652416 0.055697574447455586 0 0.003944926225230471
0.8214440249532171 0.3892073255176018 0 0.002496280846866506
0.6449401679894674 0.11711135834569629 0 0.0027452596618435143
0.9551190266007883 0.7949045021443598 0 0.004934215369207286
0.06669820097413746 0.9784494323309224 0 0.00410580573530847
0.38562008461852076 0.343583375655982 0 0.004998939103498157
0.6340288613760557 0.04573785341932522 0 0.004361019809417306
0.4540682179861258 0.7939166212805716 0 0.0045944726481057345
0.3381143723369506 0.90528143565091 0 0.002564231271544509
0.1121527720755655 0.39399630378984746 0 0.0048629131927327976
0.5629333582521159 0.3440366929744649 0 0.004778406181966174
0.5497789998922133 0.3122693923607625 0 0.00496545774729157
0.750974305687424 0.6974685913993124 0 0.004922133703223056
0.5534650830153339 0.7465671940179134 0 0.0035127819260308613
0.5535368628774837 0.23349175126105168 0 0.0033084927971865955
0.4746889147687459 0.733019084061073 0 0.004977647487485662
0.8692034922744322 0.6299904043070894 0 0.0046929362622035965
0.6264953302213336 0.6059481028977857 0 0.004827641754344066
0.16163117533287627 0.3140856112627782 0 0.0038608658849908994
0.6606169254935362 0.7276335871178038 0 0.004738420065904303
0.7951770951529925 0.2779494331265963 0 0.003623829008029689
0.8243631551567121 0.963942035928603 0 0.0039593152032542135
0.4056073694008922 0.6881291455149828 0 0.0040934691236114325
0.8116897104056408 0.22545270184793606 0 0.004989664521155486
0.3842464165364123 0.2572777538845253 0 0.001942470878807113
0.5558780081679408 0.8537536767041749 0 0.0048215580818285215
0.6733012419946303 0.9443684956555412 0 0.0049044137428547385
0.03921712052675362 0.8522067368088017 0 0.003387718649067028
0.4667054030468673 0.7181404338706258 0 0.0025733242242592437
0.8229148510680275 0.2204556844509072 0 0.0022690442278135445
0.9653995066617121 0.7442770279632754 0 0.004309225401881524
0.7993482556709097 0.4115029468329043 0 0.004353937126353148
0.08402287127320439 0.41099942388552174 0 0.0019105215624382484
0.6993502904688325 0.32246889062441547 0 0.004992885045970565
0.07268751635438096 0.4319982871229849 0 0.0027964962164030147
0.05704382339949708 0.6159317002633955 0 0.0035774458983347493
0.7381418240670446 0.7266236112560861 0 0.0035570326918112857
0.7224116317616478 0.979672399392721 0 0.004976730819024906
0.5742623312082062 0.3316933527114166 0 0.0029719986774905532
0.6551500442336257 0.4427118394780674 0 0.0031138715591708943
0.22905032578863102 0.9834804695212608 0 0.004674228590987531
0.6481652957898187 0.5971817255177633 0 0.0030275008598656993
0.8355269473674982 0.22391728906369898 0 0.0036271797476320517
0.5532890544845628 0.36157893993786844 0 0.004910125738816527
0.16181199041407798 0.5159610826176574 0 0.0030297494408834647
0.08676138462677617 0.9633379216389902 0 0.004727175803944192
0.8606218401574381 0.9447131985566671 0 0.004969767958393261
0.8055496102254807 0.9888191008301237 0 0.004603268688307403
0.9766746779902147 0.46584263734286885 0 0.0047918304830733335
0.8410884486478746 0.9360578596223831 0 0.0049937278140145865
0.9406885704798461 0.8997227136377552 0 0.0049140915104237525
0.5669293263270755 0.621445728344301 0 0.004996907507545178
0.021494639960471622 0.9521973918639184 0 0.0020156938883118584
0.3511459185004943 0.4936330955190295 0 0.0008771476850045558
0.6314777776565939 0.4233665848920288 0 0.003784085529856386
0.5482663088712411 0.5360853506591441 0 0.004809896527196497
0.23442632015630568 0.327603474136084 0 0.004984225723413228
0.5878595108111784 0.9022739746169206 0 0.0026884906990084475
0.8315132863465953 0.05459924670328574 0 0.004181345951061869
0.8258590379546804 0.6610666332544112 0 0.0028503627590893504
0.00997300761302388 0.14781553137188194 0 0.004999830326760281
0.9407419996074876 0.1429689145200412 0 0.001739068949255
0.11624988914749966 0.7520695663735744 0 0.002965673063262226
0.5386042259306313 0.8357890991633804 0 0.003188324824716702
0.925283213671357 0.4710236039885714 0 0.00499789356209631
0.9967278543158932 0.6804810795235086 0 0.002869713883061507
0.5829206842035605 0.5546070748881138 0 0.004884967284121882
0.7239279001281079 0.7082225962361313 0 0.0049789479259186075
0.7415332245772498 0.6294191274029838 0 0.003922257092859219
0.8736956194338843 0.6089473508475145 0 0.0037792218090580768
0.42708458272793975 0.0568761730247299 0 0.00388591695555216
0.8990242620011089 0.06089213106506007 0 0.002312087735439111
0.5909391989587296 0.5959970803263253 0 0.004824603940777209
0.8511451698139314 0.8151173705207772 0 0.004861123607157163
0.9554436338011135 0.19905084550757654 0 0.0016859398378241792
0.27680924875326324 0.6048823465221604 0 0.004998191463807972
0.8705016437929671 0.814445823933672 0 0.004366883039196653
0.9072136398948072 0.4742399568637709 0 0.0032330155644904827
0.6067923582653709 0.8210795966246134 0 0.0012635897551153677
0.11687090791898401 0.5458094018818525 0 0.004845220323822524
0.010030694478894368 0.6413421314920054 0 0.004816680465823974
0.7134388075892903 0.15947789263087994 0 0.0035364243488251682
0.12813582892244965 0.4254107347558434 0 0.004961246203309357
0.6835140985335117 0.7589428221887148 0 0.0036018102066488677
0.45728114847497975 0.5141888045832534 0 0.0006710511165402123
0.05161646427794729 0.7825415014314118 0 0.004800904091141694
0.6619603982446665 0.5733165443230674 0 0.0036310435216363526
0.8987873544228602 0.9203382460501649 0 0.004938102919454731
0.5613789659453153 0.9901080238620397 0 0.004945837549868053
0.5422330115651874 0.8157273635734187 0 0.004946403457770278
0.8608286156100964 0.8345050301703183 0 0.0027316512966458952
0.9933081587754568 0.731170921803975 0 0.003338046993745274
0.508070663804198 0.20989890961418986 0 0.0014213324718443446
0.3633184608326621 0.24291111854118294 0 0.004499492780039152
0.696136643252123 0.3050597398248333 0 0.004757207648374007
0.00969556719719599 0.37198772999117385 0 0.0031963703131793826
0.6461159025852758 0.7720426659122174 0 0.001416813093057518
0.3183128637517016 0.8338585112635587 0 0.004991670427191048
0.5284355753961579 0.16042757330347654 0 0.0021491235689701615
0.31146397980214885 0.8204271929585993 0 0.004456416733898027
0.12830015696310934 0.09845893415543304 0 0.003060252377960155
0.6947022386431044 0.7036981346383095 0 0.0026258123319417934
0.2741960546710616 0.14842442366546124 0 0.0028344347315967314
0.21895707832724406 0.25258089165038305 0 0.004235734241346348
0.9621777319233072 0.9021858947469583 0 0.004467983451148966
0.7083471056757016 0.9849938701874233 0 0.0036755006953213413
0.20128053881693572 0.15973953684661332 0 0.004996701390853924
0.7195990817269663 0.5298118925617195 0 0.004953157081468881
0.775889951258581 0.14894849553013342 0 0.004336780010196532
0.6288652620343113 0.8974901711472928 0 0.0012393774328075214
0.1450540350125281 0.47721418578396596 0 0.0014654137083694688
0.6224250737339345 0.057438736900743734 0 0.0022220331389664737
0.46434301759948 0.7481655308108769 0 0.003646586772219773
0.9034484837156456 0.4999469076218745 0 0.004998338552845594
0.0893161316613673 0.9740156952646767 0 0.004984268897835133
0.9974862950721234 0.30039065690226713 0 0.0033925723608568856
0.5587678990464603 0.11321461271860243 0 0.002376105561520911
0.025804911745149643 0.21185311253259806 0 0.004568342141378672
0.9709452996861456 0.771613956827344 0 0.004940206843966322
0.5832748056268128 0.7659593905481084 0 0.004975333884372686
0.08623744650666397 0.9388793547551944 0 0.003919792218083793
0.3354428867815274 0.5356140590381255 0 0.0023291179954243514
0.13809980492112847 0.6325211659529514 0 0.004928269859343671
0.3641653967101897 0.22556894730083463 0 0.0025753201702239975
0.8851355832425232 0.7047190275229024 0 0.004877577002774323
0.34370195727358993 0.8744545859791099 0 0.0030691696197273598
0.029426737202951296 0.13670168198358276 0 0.004327007590940558
0.8245162350768885 0.18379067421433246 0 0.004961615524795
0.38455549339247824 0.9033919150816199 0 0.004998063783925255
0.11161968650956898 0.6557776889127374 0 0.004859190300702764
0.6034412570033284 0.7640950532365545 0 0.004149251928594664
0.5175369825288851 0.181022656067619 0 0.0032786242882610443
0.7141671234462749 0.21165932837613374 0 0.0035343034410382696
0.8024698321371219 0.6333227109398213 0 0.00499664101896001
0.9393956629312822 0.43016147841084124 0 0.0034957751944837685
0.16834935738592213 0.008343597574986032 0 0.0037433495307008686
0.650269463733065 0.5698850969668177 0 0.004722590661211955
0.07411011857451043 3.567926614818188e-06 0 0.002878618211237425
0.6491053914535927 0.7332396432086397 0 0.003959684015380423
0.47746828605233355 0.9606703618556993 0 0.004305604295341608
0.4796003102028859 0.4689139635801985 0 0.0031733879956501363
0.4980414822334808 0.08286241006340477 0 0.004170340803489951
0.28014112734362956 0.6331229840243128 0 0.004917244745493664
0.9200200302861952 0.7296693220202117 0 0.0014346381029873786
0.032236173869074944 0.1515284283051764 0 0.00496529203663664
0.16148951147463583 0.3927993198902015 0 0.0031096236917991958
0.2542047636131956 0.736114747897893 0 0.004485552614349631
0.3257091317034005 0.1754824221683052 0 0.004225028141644543
0.7026417032095672 0.8623877639743687 0 0.002925488379070732
0.290355688384014 0.38577451488880926 0 0.004671380159453175
0.1625249362169012 0.6711400415248344 0 0.00459586639771399
0.31543520544431397 0.2567056136618178 0 0.0005565406608009037
0.9385719661629914 0.06268371992318188 0 0.004925025073683465
0.4197369383144836 0.7039584015556277 0 0.00333317456178923
0.8321862257250904 0.7199449541012437 0 0.004999736755945315
0.7424834538094379 0.025361512541181457 0 0.0037227505494572184
0.5768692214638921 0.29743725054778797 0 0.004648909734604609
0.0700722963200776 0.06011637861119844 0 0.0036680355775614228
0.7577698792069004 0.8482831794841628 0 0.0044825665614963255
0.11897285516612809 0.8814890960985151 0 0.004879725821182817
0.9294141213036052 0.8832355764419922 0 0.0008603200472383729
0.22822579691828457 0.7787078813565476 0 0.004988220761639009
0.30474699190615345 0.07185843739207053 0 0.0034004326538975924
0.5106415296157343 0.19947771103743758 0 0.003225008681840319
0.718642794472713 0.6190765303998486 0 0.0022869232826175393
0.5011694044362153 0.7262016146170531 0 0.004784609165632218
0.2105086252878254 0.8401679473941547 0 0.0031276190235936946
0.47982703411416344 0.33229027127653593 0 0.004479148027192165
0.5435621574087627 0.8594910470562072 0 0.004325548231514271
0.07023493766777132 0.9389584315848777 0 0.0019578517194055083
0.3204900266205943 0.42136135647049994 0 0.00496855556586606
0.17041432478322913 0.5635025363601002 0 0.002997548509480993
0.23293557328434952 0.06444435849936468 0 0.004653773376553684
0.7537721002634084 0.03347975181618744 0 0.0035599715008310666
0.5200250703362634 0.8298415618404062 0 0.0048416478150551555
0.8986636998246363 0.64163661675879 0 0.004990105959318684
0.6507106195015435 0.5224663546999948 0 0.0049968392400690596
0.48504512517529424 0.534630314180177 0 0.004882711240977446
0.07340585163476775 0.923625841986215 0 0.0026377622606218692
0.12968089315986384 0.1556793133233236 0 0.004977360700126134
0.08544982756069895 0.31513222009744585 0 0.0023148049055566862
0.8446663947127191 0.24697150347771543 0 0.004263322162504838
0.5593707238050106 0.09840045102776061 0 0.004009733508743149
0.4002962478072975 0.5868047147110206 0 0.003894730620693252
0.6135253922495852 0.9783175488806639 0 0.00495449281820116
0.8077144906303587 0.19526259863904813 0 0.004169030099944521
0.9244530767035027 0.9792572281285338 0 0.004825146520356911
0.042874814553172755 0.7909102793026348 0 0.00454894702344088
0.49270562579497085 0.7606296446040215 0 0.003859921144246576
0.556740619581272 0.8208313224373757 0 0.0036451519585153653
0.9737530340524343 0.35905702439776727 0 0.004548423081520213
0.920320236279465 0.20607723461819125 0 0.00354903363204335
0.3098510805945118 0.7755822463931679 0 0.00497303861493689
0.8460556919377592 0.38714727673625143 0 0.004109974596497779
0.9858185936677267 0.910123850059324 0 0.004995388667311699
0.9006994163392482 0.1083508536486698 0 0.004304327141326759
0.2865826129385735 0.587411506579736 0 0.0020574703313707555
0.022811997572470315 0.6453241112745619 0 0.004684073478098792
0.9566496559525143 0.3888526079734878 0 0.004986171316323215
0.22947718216962618 0.47431326980560234 0 0.004523518448816282
0.10595251963319084 0.04183258769136809 0 0.0019711324421985486
0.7875369867047707 0.42942965013431494 0 0.004872877926511616
0.8684719570162485 0.9975735394231072 0 0.003913571445121542
0.4166637560520587 0.4488998070615104 0 0.0036945548848311962
0.7909762725179247 0.7120155765523033 0 0.0018129781467771796
0.808451234420208 0.3852299118242309 0 0.0038197431907239414
0.8099606021664278 0.13105061880361488 0 0.002520568453538277
0.8079607733988243 0.969514175484076 0 0.004805178751328178
0.5900219928943343 0.11490117378851004 0 0.0038373294469667275
0.46490313651491116 0.8042331781267243 0 0.004909864845359001
0.5015586396675737 0.7834846632732402 0 0.0026277606625606784
0.6291823640861628 0.9972485429005786 0 0.00455573210791124
0.3001321383295988 0.8195065169666472 0 0.0037553855675859856
0.5674140265987394 0.2868651083248755 0 0.004887075194294226
0.7745372981184662 0.38849516429839254 0 0.004894659903516909
0.019219650739372922 0.4123474178938887 0 0.0034890564398718533
0.399873314814222 0.9094241193832527 0 0.0047070765388055715
0.273651623879046 0.9494442657741201 0 0.004790368762129459
0.9951072024011461 0.6250394931902327 0 0.002852944100449927
0.7906154046502488 0.4414841261301063 0 0.004795428544431837
0.8850983306840193 0.37629151918555986 0 0.004927539087281242
0.2498168703376594 0.3377556252367106 0 0.004884714245806968
0.3733541964192026 0.25215489178139655 0 0.004085079654323626
0.37800245399021076 0.21570939285782662 0 0.0003992201858820221
0.33195080306351715 0.9241041531316204 0 0.0036752775972927437
0.5090527700551688 0.5695126973468542 0 0.004990273448520252
0.12572718392318413 0.7208703095104867 0 0.0025276881479975493
0.09316073229720533 0.010599778060484281 0 0.0030500046398352363
0.05013194121609853 0.23613404583663097 0 0.002590998141856324
0.8822144649331317 0.30669451783117235 0 0.004900818169867417
0.7970532367603055 0.8451532800323124 0 0.004460229502071674
0.3279729023360432 0.5887832031977969 0 0.004841873471425472
0.9329777704776221 0.23282652208356844 0 0.0034511888406630435
0.7862777420598888 0.626262415559602 0 0.0043608604707744605
0.7199996363271943 0.3168073537668629 0 0.002992094680513122
0.8574170510670764 0.2001360182873618 0 0.0025411932328357565
0.2292813650786378 0.3184439012340558 0 0.0029988071966215364
0.875828606837382 0.452036769315399 0 0.004256954119972198
0.2998690155281111 0.48716274884293315 0 0.0011250013821939887
0.7460015931959755 0.3563560942530381 0 0.004724027288804432
0.619547410160762 0.9650227821187745 0 0.0008420428251297415
0.8159441890512327 0.6829649717879378 0 0.004176769769572504
0.84049659417618 0.6735855823885357 0 0.004178666356137331
0.9500476355251447 0.8152859985696221 0 0.003948205854517012
0.2506050222990524 0.2749905687893834 0 0.004511378797473581
0.7854319660887196 0.20671529979319123 0 0.0037687236043694164
0.7605381062823665 0.884595533966566 0 0.004503232429667661
0.3946685581982717 0.9287545397428727 0 0.004918352000150372
0.5825480113703583 0.05906589199613009 0 0.00044807520688451243
0.9487399798688759 0.5917867846248384 0 0.004854168837430833
0.5128467884834724 0.6440648761592632 0 0.003139740465411899
0.43290572801399935 0.6343277066415813 0 0.0048299943243189985
0.46964640914699546 0.6020523092403871 0 0.0032355666016958516
0.47431818449846147 0.4851732430522296 0 0.004611072936336444
0.38777346821099284 0.5045615272317622 0 0.0024381537377327614
0.25694332251622526 0.9597440781105064 0 0.004715526857309372
0.21119522621810813 0.6880345649557906 0 0.002444189452255575
0.21625789557860695 0.8950866673120799 0 0.0004811908159199751
0.6469216046872637 0.36878654312533504 0 0.0032526679270643843
0.7125732446839576 0.9290405242637619 0 0.0045611329976203326
0.5379458495491211 0.18429021920913355 0 0.0030424295315366486
0.5765033462553437 0.7582568764527898 0 0.004533563801671241
0.7234715822795328 0.5695608643547067 0 0.003955471648674255
0.566488084747831 0.565118292870445 0 0.004943697872030829
0.7959866004117881 0.2573455598184478 0 0.0042192000604380255
0.03735958066195076 0.4063294726414534 0 0.0036342204610653544
0.47589594494263004 0.8904907243503083 0 0.004865428775907685
0.38253016845894333 0.5836830688473454 0 0.003400445109065593
0.3878014664774451 0.8368857166143286 0 0.004515696891812371
0.2848324208365624 0.7592739536270904 0 0.004842572668941972
0.3335992508226712 0.7288909787996896 0 0.00419834243798171
0.8902611476758877 0.681620378985851 0 0.00365924845466059
0.6226236357066104 0.7728047971256495 0 0.004393441672395522
0.45117875320354667 0.3841843211027625 0 0.0030277659350480685
0.04403193500423984 0.20910843003691046 0 0.0030077839364146715
0.6179897377930578 0.13076846248849558 0 0.0041340156742829875
0.8663323923973689 0.7682604446856877 0 0.0047432865923352175
0.45947604674851766 0.04610536258050012 0 0.0019162227855324967
0.9801462132498637 0.3007134330752929 0 0.0006031755436278078
0.06505429379945947 0.6416380241793119 0 0.0044751775203951995
0.913914951980181 0.38106469517504865 0 0.0009842822167949175
0.49508457977107584 0.9975529851785561 0 0.004914393356553147
0.8827348835867972 0.5832076701052188 0 0.0037186729361082024
0.43699487618214244 0.7506009085299126 0 0.004932459766848917
0.22534210341623637 0.7405928476125173 0 0.001416657663107194
0.6107380785218807 0.3388033377198551 0 0.00410418452672784
0.31570474749253424 0.13310843523420088 0 0.004595308952583997
0.8647348071692367 0.04921432044132311 0 0.004581866096812164
0.9846220706169312 0.6840103955510874 0 0.004982127651765992
0.2124678998457282 0.6053257174294473 0 0.002171024235588042
0.07950909922974257 0.18417972282063963 0 0.0031534405322389924
0.951928938150257 0.7683933304664884 0 0.004713320631514444
0.8197541336651539 0.7616728912916128 0 0.003734524936222322
0.9584319980031245 0.24091438345313862 0 0.0041266793146974385
0.41763789784232636 0.19566556218633166 0 0.004874492745913485
0.6239294670266944 0.6884859429546674 0 0.004055160654419273
0.8513502638395865 0.8912396137832025 0 0.0049955914699763545
1.2667065069522745e-05 0.5451228503855317 0 0.004258565755468514
0.6922621807022628 0.6789081787003364 0 0.0023523538589043658
0.7973103827946653 0.6735941050026868 0 0.004417530870816825
0.31506319202290695 0.40683214038655086 0 0.0027385122755769114
0.41023791696504425 0.28689897486078136 0 0.0032073599672310595
0.4266530195228971 0.8375154224474454 0 0.0028456619145516733
0.8589062115021453 0.4143152167327839 0 0.0008131717089178804
0.07605058618845593 0.9296555527965927 0 0.0035907510428650306
0.8575546159525939 0.9263107454460823 0 0.0025937735414525015
0.7993289297533823 0.7600719726973764 0 0.004084421785050643
0.47724351157336425 0.342369316094501 0 0.002069850268589075
0.17283595219799228 0.20977265441899948 0 0.003329881116845615
0.05429029639223314 0.43496581771707893 0 0.003980757805403615
0.9214899949637965 0.7945155598571895 0 0.004993668253964603
0.6570753714475759 0.3524044092017193 0 0.0038132746466271656
0.17767188044742396 0.5815855839657939 0 0.004131154636127468
0.22662685739973895 0.15636336957976513 0 0.0043169747581089015
0.7060658097709281 0.248343055594014 0 0.003677803724968309
0.4352361004554525 0.4139977316881543 0 0.004758558902237726
0.3283477892513929 0.010496969973221242 0 0.00420447825752445
0.6483380525227515 0.29559654318261935 0 0.0019053792291522295
0.8011945518270507 0.8748996585974038 0 0.004912554071389584
0.9834654605384452 0.29225597687739385 0 0.0038708544959433007
0.5928484821077208 0.1597174236470613 0 0.00431747958804168
0.37274642212351844 0.7291672302674583 0 0.004541098264781928
0.8514622732692655 0.8721089014061788 0 0.00498166043205111
0.9504760390273262 0.4795342549404596 0 0.004243482039655877
0.011550499967434728 0.900941046720761 0 0.00038119284078736397
0.15821400520260007 0.5959201047160857 0 0.004926949245362473
0.8275843028656659 0.4928643355121943 0 0.0049962652819481035
0.08704718299738744 0.7873054724891564 0 0.0013851520650016405
0.3298826512182123 0.4945206289096495 0 0.002854023033701496
0.4896854509836464 0.9459699734477443 0 0.004998970183772258
0.021925930092924976 0.25289413918060916 0 0.004444005495860501
0.1275095704256631 0.14422185890681302 0 0.004999520794582173
0.7719225888815965 0.47975556748653386 0 0.004802672198216349
0.7176815452273836 0.7397466161730487 0 0.0036280572041571205
0.32499926253309924 0.7241189586231473 0 0.004771889631530064
0.73807770369422 0.9418564715619769 0 0.002984818478330068
0.3551334091966783 0.8918440721003041 0 0.0023634930833659573
0.7621980585005542 0.7872011694456983 0 0.0044479970954915266
0.3160090671007831 0.6822875842698697 0 0.004868373573962678
0.7415628875058553 0.7769297528013948 0 0.004889624284699337
0.4582728405877245 0.5824324883583553 0 0.0019322558045806936
0.9786686311545786 0.8697186417533366 0 0.003461864485505437
0.6676725152603269 0.4658818621682606 0 0.004607323345546165
0.5340088292259056 0.7787506935461748 0 0.004939594602433705
0.9358036763878586 0.16800213723875176 0 0.002884995466615446
0.7873885337483642 0.040980103459185555 0 0.003333793623725618
0.1806173552387926 0.37710884356608404 0 0.0037401728296116003
0.13043063461674417 0.9682587320207146 0 0.004824120511237402
0.17131119359906874 0.35104921654287374 0 0.004120096027896306
0.9173494690832212 0.5116761307277958 0 0.0038441127593597485
0.2458021217166638 0.07233740746002935 0 0.0020933476102607397
0.3011451943664016 0.4148628775240812 0 0.004165642960190071
0.3970540215542521 0.06880316106826799 0 0.0020880780327912477
0.07349859765807408 0.04399229260722036 0 0.00441972365133103
0.4652702331866834 0.7926472550657985 0 0.0025768356712489297
0.24874930329733533 0.024032613552778297 0 0.003302740754164403
0.48151089176624534 0.5952805120312286 0 0.0049153183212585355
0.6503296056868197 0.6513953326754626 0 0.0033342274931959675
0.5196193799839952 0.8528859888796881 0 0.004580104974331831
0.7255348423263279 0.8375379283419925 0 0.002593099951009803
0.5391701188163563 0.44248035359881893 0 0.0049873518566582245
0.3574830562498506 0.3070598931158696 0 0.004915978560596252
0.6084524174196786 0.6631459312832296 0 0.0032785114892894098
0.41301437377433076 0.1696109103605898 0 0.004523061769563346
0.7675215692423227 0.15714515300115647 0 0.004948993333846768
0.7488588956613773 0.4493443890495665 0 0.00487076199691479
0.30467785263085195 0.4729212498238112 0 0.0010321026986717932
0.7567454842955446 0.2692140042494355 0 0.003993962741752535
0.618438434857979 0.44727337297171194 0 0.0004173622862915159
0.5191027560316309 0.522197829427702 0 0.004462497210772924
0.058570554034412234 0.29419936294177723 0 0.001299327355641799
0.6816133972387368 0.10911867688967956 0 0.0043269319330109576
0.6897204760300976 0.7592824687877086 0 0.0018971509301546744
0.8777659873462007 0.6185729664292533 0 0.003606510388290851
0.44626918851002 0.12182564292807362 0 0.004867090391048616
0.08826934894334525 0.024242872083058968 0 0.003741839471622599
0.7476469026156399 0.04894037236698044 0 0.004664144052835196
0.8880242013871316 0.6100458684476396 0 0.003174946475191641
0.9372330162797347 0.6557882080639224 0 0.0007816637562587716
0.8870000467565278 0.2842233051040964 0 0.004593469937420385
0.8424666228549648 0.15669756991801007 0 0.004947132046415351
0.8525190485464926 0.028215970710370956 0 0.004948883623500483
0.896371561367195 0.31225154918190895 0 0.0022793684453896452
0.7370929315030863 0.8806783560439632 0 0.0035026072288648355
0.5644349260562587 0.6884605399694531 0 0.004482728505446931
0.6548047967924833 0.4978960787187285 0 0.00370783328653041
0.3851983799204632 0.9664601425159504 0 0.004841510615927234
0.6145213776499542 0.8856418587521997 0 0.0031685068112536933
0.009719080487597391 0.8463347407270218 0 0.001554845614704055
0.8064546466348224 0.5249608996742379 0 0.004948718475286276
0.691260242031544 0.09795791993136636 0 0.004861817409781607
0.1830938407783895 0.9827365303544435 0 0.004720753071569263
0.8698980553223961 0.6496652715254483 0 0.0034827517505663153
0.6390342524527644 0.6047514577224197 0 0.004823219517586529
0.08787271334672962 0.5805053164155571 0 0.004816841652549063
0.2967629578137739 0.6915772542177587 0 0.0006001106311002502
0.12766784483319524 0.3598165536687376 0 0.00446949309735166
0.3348143537216071 0.9845834344376608 0 0.002267442469624799
0.9414083974295038 0.9559119248521825 0 0.0024705138197093526
0.5429892974123385 0.6060707905376361 0 0.003340282760834553
0.7763852837839288 0.9103448117701677 0 0.004607602201844252
0.7443327053995646 0.34227364486465933 0 0.004981349368556646
0.14050858417792375 0.5549815913469961 0 0.004962796778503097
0.8254060080252799 0.7135204196903867 0 0.00229120361897253
0.602171826455871 0.3157488516402292 0 0.002943452443781854
0.0573423310835479 0.5843911267509105 0 0.002158212717071246
0.1798270241629599 0.5349566292766286 0 0.001018404047108862
0.7091709642726542 0.5940984768754902 0 0.001643464794626767
0.239736056390034 0.16349827679505755 0 0.0028647149990719523
0.4127855604066281 0.8534432008730801 0 0.0048751212638547745
0.2343350983413872 0.8754332666334382 0 0.004962008137708875
0.5058750632394622 0.492233111458342 0 0.0034397982103823313
0.34156724965161706 0.6553248087950073 0 0.004407167687222741
0.43775620692295075 0.8376634127507679 0 0.004721053942408342
0.5191140825816294 0.2814458106677003 0 0.004106407130865973
0.08912422075122571 0.4535739250847653 0 0.004498687437424451
0.48248438606592065 0.6913206927425732 0 0.003713558460190187
0.7377063759029536 0.2993208682400374 0 0.003022010703489821
0.3283181149877307 0.3639948935007385 0 0.0025631173629923594
0.9006175217725039 0.0838865327273257 0 0.004803352893078984
0.20050910340968817 0.9197610861358609 0 0.004990317498729413
0.9032219383212214 0.32562675204343766 0 0.004785778059954201
0.9400700673173105 0.5732201147141297 0 0.004597527125124105
0.00030471651731966536 0.2999427561638553 0 0.0044060001513192785
0.45741462667353766 0.8577643271783771 0 0.00425783029357451
0.712385973124705 0.045753156534470305 0 0.004251081632677178
0.3168196408099419 0.6011234887062853 0 0.002802706267722698
0.20470010709667538 0.13506043203268567 0 0.002593088946257542
0.07668088265106653 0.8617234937050302 0 0.004988033745094093
0.6059403375328434 0.41501603664602343 0 0.0046139422113945635
0.8173583487833759 0.9340828107841073 0 0.004625151929739441
0.6395157902431181 0.25945320096575303 0 0.0017379558562333865
0.9154955773315572 0.36380599264020913 0 0.0023495126478367146
0.0006405048401196778 0.5198690007238589 0 0.0037416006843404067
0.12576189082764996 0.9996387997332835 0 0.0032709306820424885
0.2102162968426504 0.7075754192789364 0 0.004212969155298478
0.9415805550920622 0.7905982966423414 0 0.004871452520045495
0.9790761942535163 0.3530591422073513 0 0.00271939121899981
0.7378087469651237 0.686898054037819 0 0.004401483846190962
0.3474136553472688 0.5058104356145126 0 0.003934364448055773
0.09766848598786969 0.8032374232639444 0 0.0026733705840850247
0.6994918413984488 0.5025042177710393 0 0.003925614004558147
0.6031234640517714 0.1932568326958873 0 0.004086011727072814
0.4363586733817479 0.5437439728775688 0 0.004821749379972929
0.22569760079378628 0.8079081281005396 0 0.004775533945179189
0.2412879634237046 0.43426463165617407 0 0.004957320966729501
0.9112690659760311 0.8573370684081484 0 0.004998060901664671
0.7281522667107007 0.13440840432619958 0 0.002418299974402794
0.8633960658622281 0.13632752889507357 0 0.004830766885699909
0.07261159090831946 0.5706212646972053 0 0.004987612918933285
0.5386582005865511 0.2002606058456284 0 0.0033224412105621716
0.5375114287530793 0.617646544220215 0 0.0048079021665556575
0.6857708507802658 0.07551639776548312 0 0.0027659757647871042
0.10409066615222994 0.47076369971323445 0 0.004929946936059694
0.621536559225862 0.33887022535338857 0 0.004801143562781397
0.914854934604754 0.10234282405291371 0 0.0024371936223212525
0.0680315984121682 0.70136737056589 0 0.0022313663231116813
0.7735846333350572 0.8395438844938053 0 0.0030004109927841164
0.8914372959443267 0.030620357504290256 0 0.003741365758669348
0.9988216129444192 0.6387011180846783 0 0.00239637244732509
0.7643996436927453 0.08322946012680398 0 0.004865853605393649
0.794510886819787 0.39015550326431053 0 0.004972709926299669
0.5505848953513031 0.7290105736235256 0 0.0031555894829541193
0.8324684990100669 0.08131568546398747 0 0.003271475856449584
0.05223340704163458 0.32077992879966905 0 0.0047095964813952005
0.6682261797580327 0.06146539152586915 0 0.0008452921050330644
0.33557645965751554 0.030412006225357772 0 0.003999709917168773
0.6240891308912313 0.7320035841930042 0 0.004088772775975566
0.5493972667025562 0.03634862191974185 0 0.004522048167057277
0.1435177173465267 0.5345250095837367 0 0.004676105113244809
0.8080992419981773 0.3610782337292175 0 0.00491357408144303
0.3461045909676657 0.17782648126430975 0 0.002793278421972881
0.4039372773923365 0.9857487222676744 0 0.004922256769525633
0.8424059125803985 0.6012433593413484 0 0.003358843372891972
0.9806701065810888 0.04879624484239729 0 0.003650045264376485
0.41534657724748353 0.15428687736636545 0 0.001438310238242305
0.7608706503059148 0.2494673914801939 0 0.00499192612553991
0.4376238809331226 0.7634808716451844 0 0.004557108397449102
0.0007953908436636414 0.06874974874660376 0 0.004570504742682277
0.6052273023774468 0.8979521018966108 0 0.0049964479241944235
0.6819479854672943 0.815702128719942 0 0.003662202646226134
0.2575044620749179 0.670630543757174 0 0.0008316367472375753
0.9639926341599864 0.1303359483406243 0 0.004921667290560894
0.5174956555267695 0.3336184040073931 0 0.004762384222864904
0.30856117353123896 0.278514782415569 0 0.004973831276561993
0.0381842753392143 0.7589324983326846 0 0.004319264814152994
0.827540426032245 0.9991119238100652 0 0.004778437805931091
0.9918087881306105 0.4398388725055861 0 0.004566607197218828
0.051332048047499565 0.9795158521777954 0 0.0017305860125076615
0.14714548171186245 0.06831578063062936 0 0.004381486935216369
0.7906255120166364 0.34207870461226625 0 0.004956815682249442
0.6115307569926254 0.23782199635527465 0 0.0047553278980169734
0.08318198711403511 0.8303274025550561 0 0.004814517251022492
0.627275621436577 0.8392191995209747 0 0.004860408943711708
0.7060038663320157 0.9171947436842153 0 0.0011111137942076347
0.5022634156695106 0.7693265020710623 0 0.004740753903210217
0.22813604021089637 0.09812349677830277 0 0.00498467140760533
0.2613662032413488 0.7694856633006377 0 0.004950110504483893
0.03767579122958785 0.6001463523402969 0 0.004476102627430733
0.4703925974340795 0.7566129724848202 0 0.00469943107909093
0.5382721264306627 0.09227548982751464 0 0.0020139144769595364
0.10443227432063461 0.7754045559638849 0 0.0030928632646943133
0.6880104644666011 0.7909053612535664 0 0.004139534805856976
0.4830538507098852 0.2900537239662307 0 0.004998994551549265
0.68023762611406 0.8452385637479263 0 0.00240498183095531
0.05683618474337225 0.6358436501023343 0 0.0021675929409415273
0.2765600161075065 0.2934350415374613 0 0.004990486411295567
0.3095177517083076 0.17602993155478172 0 0.004958098846717203
0.2990756304495406 0.16493775205156444 0 0.0038743368331332724
0.8426541214662672 0.6964176060405195 0 0.004952467076280273
0.863085194928067 0.8931795546211464 0 0.00499099313594236
0.881519637345561 0.9928153138761705 0 0.002979968494328735
0.5214225265946897 0.21822475980697506 0 0.002221857889413849
0.4281100641607259 0.703350233373482 0 0.002340130402467226
0.2850300277292583 0.6671247501991692 0 0.004984781806933378
0.4676989597558527 0.2980400452867103 0 0.0024520190807117473
0.9473444632493806 0.3442144732942039 0 0.0031872230487848393
0.10355245158098546 0.29951837588711633 0 0.004957913995815627
0.05249592671342394 0.36538877146918064 0 0.004987563985268894
0.07944608624711245 0.905405563035789 0 0.0031326103920932815
0.1596860385406121 0.23563331294163212 0 0.004936687044533893
0.46944638519253196 0.3066631923743162 0 0.004729538473321214
0.7558740956781371 0.9645254689122966 0 0.0049944521104504066
0.40822314622674855 0.4313069718679689 0 0.0016584301679562214
0.2624880209611105 0.998556881497913 0 0.0033850514179815964
0.8949057858138934 0.8452837246711513 0 0.004178344617717662
0.8759383535306597 0.7366869135946656 0 0.004525744295734965
0.12360878987481892 0.8330057335750582 0 0.004931747275770332
0.9015096469395147 0.1660207040979523 0 0.004532336059579334
0.3318225504635058 0.6908619282388285 0 0.004998302497727451
0.655081966757208 0.6029296351205877 0 0.0028893690725597123
0.00877081865265638 0.417272889721711 0 0.0038287179715971627
0.3050295761374964 0.8057302407514734 0 0.0038078952737134577
0.0166795431062322 0.012728596178850353 0 0.0032928705542626447
0.7725249378253276 0.17897023493576023 0 0.0038124960966458383
0.32222938606032764 0.7342674720511209 0 0.004353897822419984
0.5475793184101989 0.026218744879052285 0 0.0022093771581146253
0.18357031224263085 0.45972885769752253 0 0.003272506590086154
0.2398290936458731 0.8081837792532249 0 0.0025145063668436133
0.8863352112499686 0.5767600192723649 0 0.0015265537830803824
0.274554179340526 0.4689417697331811 0 0.0023098322960819497
0.19671393913137178 0.8310613694067542 0 0.00474688417848709
0.7944258973490258 0.7487541309882915 0 0.003929500830739069
0.38477240471480006 0.9921405163931635 0 0.0018119583124818033
0.5647193068205961 0.648662838959668 0 0.004992364849287505
0.42952811525227425 0.40184723104591397 0 0.004579805868923192
0.7503970100342507 0.4001317503811012 0 0.004889272330193141
0.1074421926522998 0.8680376235195143 0 0.004154369304218359
0.0759917571253884 0.3301035650463487 0 0.002473034167763808
0.8577809488173376 0.057331201352415526 0 0.004223157013386746
0.13250655689395638 0.0464359487964081 0 0.002586812512990008
0.008432853208128803 0.31995838613910127 0 0.0011132283428941193
0.7364758190913298 0.7932624551146699 0 0.0038233860450590323
0.43579721090917295 0.7130689693561476 0 0.004758792805463119
0.7788171376200368 0.4418134441709592 0 0.002296208352924092
0.37952576347145234 0.4295702848478063 0 0.0048897612335401085
