0.4307022157963079 0.016894785220002644 0 0.004999478815221226
0.43600704786907113 0.9599216798020015 0 0.0046568871080444
0.8668790550959474 0.04101385078312379 0 0.004585050438339151
0.16605892543038767 0.7801275010782338 0 0.004864488222304836
0.8087675213158052 0.036352771624078004 0 0.0035888468278546175
0.2189561662732434 0.676477784143657 0 0.004954264891724412
0.6275836931655869 0.8808844993950068 0 0.004811006412915305
0.1922548235680329 0.6470188052518189 0 0.004998207018011372
0.5845776285718511 0.12886882059115798 0 0.004996936478165937
0.21169573579805231 0.022246334240823444 0 0.0025025807216918342
0.9365399402042323 0.5453025568137443 0 0.004950941781595203
0.2942435928569915 0.8446090331882694 0 0.004989045794461751
0.6669961696129713 0.5823733151905411 0 0.002291840665188491
0.5624795369596437 0.35867657997429375 0 0.004981633650109136
0.934512870231727 0.6568228457399047 0 0.0028169421586047745
0.891281257411841 0.6399898357747598 0 0.0049999688787976905
0.40690608262000044 0.8080199143440989 0 0.004985670247486721
0.10564217440341082 0.897757206920303 0 0.004746576267214664
0.38557947316530156 0.6595651502211994 0 0.0029318840380518317
0.8086804715093294 0.3948560418530747 0 0.003322818504633347
0.9843696043264144 0.4348803016543746 0 0.003802967273785709
0.033966999553833296 0.14227326824287687 0 0.004434317761206145
0.617769904663089 0.2927533563751448 0 0.004740533395487121
0.6958870767385282 0.8540652995852486 0 0.004708252874871012
0.47878950674686355 0.2551374600727582 0 0.004827316466590857
0.9234082548130051 0.8314450980972559 0 0.004931686622370196
0.8212462389170182 0.2551034648799649 0 0.004644525866468111
0.8184474434492726 0.5478705260277287 0 0.0024343310357722307
0.9042839359623374 0.20416781127799563 0 0.004904518642731065
0.3232620855771782 0.9812332358062986 0 0.004489262144911433
0.4510482303064984 0.3113984582526334 0 0.004860384817498731
0.45754815058032045 0.6243034026499693 0 0.00448704489082788
0.6094210300988788 0.9633467965573677 0 0.0025805284161252713
0.5936446987775188 0.9180324350554292 0 0.00382196330596469
0.47624135691087083 0.4478719256544245 0 0.004963907662530185
0.06778985581356133 0.8187941098007813 0 0.00220912554501262
0.23064126512859714 0.2614305963675431 0 0.002806475886380207
0.17616195220450034 0.09329870625657753 0 0.00385604643953765
0.7472207620898628 0.79181330841252 0 0.004985464248700096
0.975678982237327 0.3561249370776289 0 0.004541003623305791
0.35911989710335374 0.4456682126877248 0 0.004594578435111108
0.1201672748080833 0.9905715369728874 0 0.00402538113615805
0.5165931423345669 0.18868960135509347 0 0.0049906293611213055
0.41411435158971704 0.9318608294935438 0 0.004989602894844811
0.8528543383835676 0.9328651117066565 0 0.00478104794882003
0.7330403071567753 0.4824798192588649 0 0.004993285801742013
0.8687346226384063 0.15224768718489876 0 0.0027292802208261253
0.7414847222974245 0.6322027014541116 0 0.004985258715261688
0.3884617097051359 0.8312186682951399 0 0.00438610719744469
0.2210433665307899 0.5260761420403973 0 0.0026622238919804518
0.8108673254441324 0.8767011042586993 0 0.003068098338243751
0.03407284691719324 0.002485112046092692 0 0.0035765568655444103
0.604096405737209 0.536181249326953 0 0.004251896091681718
0.7789406495610479 0.6458253762952546 0 0.0004408601462926099
0.10200712356212115 0.8839716195955826 0 0.0028839186017730364
0.15185378417546677 0.3070764210061922 0 0.0035122367205883465
0.076486689750613 0.753109199275757 0 0.0048956585604107
0.9204201035074768 0.6454203817828861 0 0.004982979751296201
0.78784936822707 0.3787847662040244 0 0.002644443606092177
0.8031795307745182 0.15789854378998544 0 0.004799397740536736
0.7120870104882834 0.5572490991205006 0 0.004273385142878118
0.2741269857370318 0.46202967332796957 0 0.0027134181562262966
0.20855715262493232 0.30482998044234483 0 0.004867242687293458
0.08474808495354323 0.7905409675320351 0 0.004700604147136813
0.6413311244099115 0.06322706497473828 0 0.004241532997732473
0.9855751371073246 0.0865009456914717 0 0.0022199534305188165
0.6822017594631341 0.26163499731051726 0 0.004749870341325703
0.7115216027539198 0.6036798092066361 0 0.004011633234655099
0.7292084086856968 0.6264323778409808 0 0.0032171182507845235
0.649118839547256 0.7738765839784955 0 0.004231790019001997
0.7982917756009714 0.9623223789564984 0 0.003136092972195199
0.6410466001012833 0.25320665941985515 0 0.0036593958751338328
0.9767429273568855 0.5405084012520307 0 0.004313904910909637
0.35026593452772276 0.36860400331907367 0 0.004446253249927576
0.6589524127127825 0.4806065725955648 0 0.004943922132619319
0.2265634311711083 0.6816691195604687 0 0.0007313263998400528
0.8200886119758071 0.4501059718836788 0 0.002429434328211441
0.28025521465603603 0.6301542848444389 0 0.004208958295733121
0.8534479402044771 0.002720237364199236 0 0.004170246872613226
0.80771747939071 0.2519588163563376 0 0.004839274734659834
0.9519776622420825 0.2612066424849952 0 0.0040510689363263365
0.4530620879794665 0.3852376060811655 0 0.0043164607656437474
0.9646327733082951 0.49307434125945054 0 0.0025164320917106784
0.574901556152333 0.042792408555626923 0 0.004745606731410328
0.6153178274104716 0.5301589870673405 0 0.004978555945607184
0.7026264752631486 0.3563178005559639 0 0.003741552545392613
0.004153867285403673 0.5015772544892572 0 0.004982041519502883
0.5218365231972847 0.512744318704353 0 0.0049999998596197475
0.88317661397698 0.5431986717127796 0 0.003926678854278086
0.22361372421661116 0.5588934642824552 0 0.0044953084527656366
0.2971860225767306 0.8150424409571457 0 0.004564958233144191
0.9456365773599565 0.7563820336404937 0 0.004679028477198531
0.07424775392613057 0.91189970242222 0 0.0009711300353597799
0.857412665660455 0.2805276431975076 0 0.004259022644935067
0.2184390672301366 0.09836335447388143 0 0.004138598863255285
0.21212036746062543 0.8953793742517913 0 0.0017857115124135894
0.7495558962983 0.3716601060608003 0 0.004784394100043087
0.8790164702752228 0.100654395792775 0 0.004960445488741888
0.9947007679774569 0.8213732569243323 0 0.00432560438812006
0.04677909047069605 0.41196090072683983 0 0.004645068217459667
0.5506968901917143 0.6338410190875067 0 0.004924877628821367
0.2873127911915628 0.5053852036313379 0 0.004778725438350398
0.9310282899751564 0.8827300199756426 0 0.00471500018229299
0.8712359841190128 0.48867910571908874 0 0.00493929209078896
0.2745222891412515 0.12522372533435042 0 0.0031772902274330213
0.4329436769336417 0.9332623750051208 0 0.0026497385611574174
0.5864769437154772 0.04875942482114258 0 0.004708174087844944
0.7475944226768177 0.8517768247759415 0 0.004651964004717063
0.011522961521974955 0.5393602900287374 0 0.00324368654717478
0.36674462037205663 0.9310509330137596 0 0.00312782135024751
0.011268555188600808 0.1973698251542277 0 0.004938640804414234
0.47035352299290817 0.10794496936507246 0 0.004765194985873034
0.6614270548615122 0.05817653725903314 0 0.004124302339754294
0.8552182074482524 0.4071554347679783 0 0.004825439184501332
0.056873085119155994 0.4558719727338754 0 0.00463751855551469
0.9939354636152113 0.581238003005137 0 0.004682544556554629
0.8281437382799565 0.8084498749682067 0 0.003828736855716891
0.9572900912540138 0.08563894290190442 0 0.004948341587008414
0.9428326355144715 0.1964736890009052 0 0.0039669872317850295
0.3355304608926824 0.715348612784521 0 0.003711822463680328
0.9659394834074139 0.6715195227570191 0 0.004999880441595223
0.12816630333145915 0.7151464365316998 0 0.004871877969303083
0.02685806366066134 0.5785288044230108 0 0.004988453969738374
0.6764799583621744 0.06731606512669895 0 0.004498631257863311
0.7297546837656008 0.219695683526808 0 0.004892044575207215
0.6650959181169602 0.9012030862533948 0 0.0049982709293495495
0.3210585976611248 0.3234487460462078 0 0.0014793908482188718
0.8488040138850548 0.8128777638992368 0 0.004388451077724719
0.40169924584850975 0.9633865762926285 0 0.004999993935073333
0.17600840401977255 0.4622582013475391 0 0.004189760692253058
0.7806985899530233 0.5269405736733276 0 0.004975693569593107
0.3956690018907452 0.7153093693622772 0 0.0031302626971901172
0.12629553163568338 0.621087202157854 0 0.004564550190906998
0.4733614185113412 0.08961716106642091 0 0.004998116477680454
0.18747635172865837 0.029005506634842464 0 0.004834039910822793
0.4647803815499197 0.9087377250933941 0 0.0036154227053869954
0.46910552641108433 0.7198486698253286 0 0.003443135973139768
0.9542079821600788 0.9650478060950619 0 0.002482261822477203
0.03760053836862452 0.43599586779402016 0 0.00386750532900752
0.8046945167190059 0.4644596544655442 0 0.0049762369187716675
0.20635881608678971 0.7168325473276554 0 0.0035172270264998374
0.7953402642087366 0.7559822959632314 0 0.0036936525653988995
0.28756409175126424 0.7180886183626258 0 0.0046719136308643805
0.8839746142310649 0.2910749772439883 0 0.00499752245264156
0.926959953098428 0.2074610096303726 0 0.004891364043082085
0.4146114494367969 0.1868156385167072 0 0.004083805687053991
0.7238740064138599 0.3367806823398369 0 0.001698108788404314
0.7184263174148668 0.4930037263492974 0 0.004132821911642059
0.3455034626422305 0.565440121051755 0 0.002128457304246526
0.22162137022811887 0.3787069491537703 0 0.0037672314538270656
0.16458797735079175 0.19056123391392996 0 0.004339347609962228
0.2631480665763453 0.9493627474451644 0 0.004617898273573799
0.41033396769355895 0.9894966001111225 0 0.004708044427289432
0.984236746133404 0.3044604971292057 0 0.004964047958497849
0.12292936159600786 0.5909479464389394 0 0.004320131662496349
0.2712074491707495 0.17484415580287224 0 0.004645304225790134
0.7638238988335253 0.19800164544541363 0 0.0049992214618009186
0.8225362034195316 0.4948974436917654 0 0.004349131650185938
0.05536796949960464 0.5952773767055614 0 0.004922155352446863
0.9229042473236384 0.18472788474008492 0 0.003049825006429651
0.2778927278067694 0.25630381230700233 0 0.00496876094682669
0.2771443795716377 0.6397917459285638 0 0.004191094972501698
0.742738295335676 0.9132522831348646 0 0.004988956996209213
0.2785137181820138 0.565591886616815 0 0.004828258767243034
0.16703771160938083 0.6059464350173941 0 0.004775590749501604
0.5817675077690073 0.9383604448704662 0 0.004760503334139276
0.5747030041914453 0.96102852926408 0 0.004152910478007501
0.48350000000753596 0.15420275679922643 0 0.0038934506287355195
0.6290132301166832 0.870505227585047 0 0.004958537510398488
0.8644512399607279 0.3366725206310824 0 0.004594534256248426
0.7333434689532723 0.965840004992841 0 0.003605885756631999
0.14023448634306954 0.8836974849374277 0 0.0036936067465651715
0.8472310561406824 0.8822405669569763 0 0.003238200115394776
0.3309358211306647 0.11427218496475054 0 0.002601242471550236
0.6785212335263281 0.9004031197809221 0 0.004196534305487412
0.9062289503777048 0.2728750642482633 0 0.00406104547143945
0.42395604171226914 0.9436029624980908 0 0.004966667015856144
0.1697827664154282 0.7182923304662231 0 0.001982947510453492
0.3930349764535635 0.9234185689226475 0 0.0030310716846887417
0.47907460926919093 0.9802704043024634 0 0.004511355660520668
0.9420389104623468 0.4571925362237507 0 0.004582202899733981
0.9265989749458488 0.006878417197500814 0 0.004785374720896985
0.018843185132807465 0.7723878187029953 0 0.004988208173898526
0.22612279056197002 0.6103130531155743 0 0.004995726084697386
0.2838390821956202 0.8877066748006502 0 0.0022535934662857777
0.3561878560684439 0.9383255872578856 0 0.003962014841040809
0.8868576860886278 0.6268937433710479 0 0.004641195830906134
0.6883870310090754 0.8444427362029593 0 0.004999336792886377
0.9023503991994898 0.6199693641543931 0 0.002393144910740903
0.7946628381417952 0.7973995928569105 0 0.0035629801746786104
0.8277414865040924 0.04538640743359344 0 0.004786943821009989
0.3437406696521204 0.18725815941957955 0 0.001723465556555873
0.6021226331961257 0.9326477877071022 0 0.0018555729011676938
0.26539559189711287 0.9177933708113538 0 0.00495586503653219
0.935281823540955 0.6970047924836915 0 0.002779090562055383
0.09386106478661659 0.9882874879707437 0 0.0032184111937666703
0.3878661920025243 0.11927248454052407 0 0.004897749278583503
0.07852723480387046 0.0679767043450764 0 0.004340680518307755
0.6098498572127065 0.8091426344625895 0 0.0015228832249736812
0.20625640414376897 0.7961695830939084 0 0.0044521416685443784
0.8675254038573839 0.655044312511351 0 0.0025255881088028153
0.597968224246988 0.23178032321538164 0 0.0045945689687121975
0.6455417436667531 0.1376463747654851 0 0.002920429117184036
0.3826061970069679 0.9732080522490225 0 0.004852276233307868
0.7575768409415564 0.9133566180371087 0 0.0035432978724428206
0.674847564522276 0.9268534167112393 0 0.004579101897572844
0.6675076236175299 0.70042487347788 0 0.0024355683792439326
0.23445593394469352 0.9538375232709174 0 0.0037218392881291145
0.5689953127208899 0.8160790344862554 0 0.004903583323234263
0.017086601529505134 0.028344073678435493 0 0.0049958995956074
0.5179517552908591 0.7664095007712851 0 0.004993108451170008
0.644450501114736 0.22729137276667863 0 0.0036114080164615565
0.0019485710999780313 0.6478515235524801 0 0.004579928334241129
0.8226067760551075 0.39671999352550597 0 0.0034472129575824437
0.8759431064903745 0.2967958444512882 0 0.0034793564979562403
0.26211278630837903 0.034309279864873296 0 0.002852515935614483
0.41663914072838687 0.39231656907007867 0 0.004920399358251705
0.18667812217292798 0.4360150052715413 0 0.0036761715887703374
0.5777562812783885 0.2971595050596448 0 0.0047189329772135725
0.8044171807749756 0.7780433468939328 0 0.004823015296110555
0.801995445780045 0.47327144695866247 0 0.003133283593613262
0.8186900769613297 0.3767587811866952 0 0.004984011880642367
0.8305814670354764 0.7128269113599297 0 0.004581745068886753
0.2529070059749952 0.0419985833145121 0 0.004897090384503054
0.43738722859728235 0.5345623888553176 0 0.003374489973056029
0.6574665177722607 0.03346323703871777 0 0.004540266729295239
0.4246256633782512 0.8700318162965235 0 0.002185592999989385
0.133170680247602 0.50415811729918 0 0.003861899168463674
0.5650091749356402 0.4445854516358387 0 0.0038790019408281927
0.28308239142523345 0.12049361812008462 0 0.0042555055974766364
0.8052336225622434 0.10980120273542802 0 0.0046776192417046485
0.733498410615063 0.2587551907962414 0 0.00466588977907177
0.22837494063114647 0.20114146761274318 0 0.004492220931420952
0.9939893348007353 0.5205811608936506 0 0.004951491512564488
0.8348169999442836 0.7864426796935746 0 0.004656196616774971
0.43584823436509684 0.029521963639640873 0 0.004684173727814357
0.06362243063153881 0.8691006876103504 0 0.0013486505179384231
0.03755572254205873 0.7712025784260058 0 0.004615177833204863
0.09270040014201218 0.19233295080892163 0 0.00430745267230237
0.49692949233737266 0.9311031291933218 0 0.004244785016260842
0.9541519930136351 0.9370729350218028 0 0.004688814055153496
0.7235470948838485 0.5539672460236645 0 0.0013752606736115384
0.45931297791679965 0.5074579883871825 0 0.004979617800467019
0.615117695728406 0.14286609588358154 0 0.004852259528896863
0.4183532040341937 0.2543547562480269 0 0.004174709387664545
0.2831455311201358 0.22600613832643354 0 0.004937884940466595
0.8128313506984904 0.9810262334483731 0 0.004301729456894169
0.13166734634587593 0.5370104917582043 0 0.004050927821542428
0.3569757146292954 0.6400141142373205 0 0.004999580085444679
0.5143889266866323 0.7552986023089685 0 0.0020255015811207165
0.2293721865222985 0.3896880105220369 0 0.004728187336115347
0.4119400879874013 0.3243914783149387 0 0.0041238207003958605
0.900767840878157 0.6082394232318297 0 0.004389785658658864
0.5723774419094263 0.25914085569399986 0 0.004710536208912259
0.5447636553727507 0.9169162842851235 0 0.0033679327445723063
0.07831187975360664 0.28448853414157377 0 0.000677807728558398
0.1467163645442365 0.3569314060430306 0 0.003897547621754765
0.7738047432689393 0.3159518849525437 0 0.0035640944983959377
0.8323306081404559 0.6300999778627001 0 0.004152577721386766
0.7033095854575455 0.23335901279996016 0 0.004274836091786835
0.4986739788585655 0.3881942707520509 0 0.003825999951952406
0.5597698111167285 0.3062723168706651 0 0.004774354118109045
0.7322975266865602 0.9818610661380902 0 0.0036974140939578844
0.2552762578817222 0.5404175570872461 0 0.0045196389770840615
0.10901909246984641 0.8500789145179207 0 0.004528529646612253
0.5689461839570769 0.12913517713603848 0 0.00491430334760924
0.6828263021091183 0.5327041233325325 0 0.0038560241817765456
0.7128159357617524 0.8186007232325785 0 0.004926532259056471
0.45061277941408645 0.8500781129543331 0 0.0034616154799749607
0.24473808028290775 0.8616892755113192 0 0.004289872313594898
0.761539347135351 0.47447694583599026 0 0.004104280193625296
0.48790640919970113 0.5737067770001779 0 0.003391557358594543
0.2589775223443577 0.873816230010305 0 0.004868380914256359
0.7043716056778307 0.09151114867605258 0 0.0039695368873955235
0.9238472688218359 0.5453923106987686 0 0.004436532272034221
0.3084735104127055 0.5633335283524142 0 0.0013144264747570363
0.5122806234099457 0.0790191203645194 0 0.003070890083627194
0.01725064252728902 0.1763020347493419 0 0.0049973477209406345
0.9090439288064839 0.7178500985657059 0 0.004671960031282074
0.4719763689114754 0.006011893746516223 0 0.0036407898097189063
0.33886491547441727 0.5500225538561658 0 0.004946733611113296
0.6314683897625041 0.5182541977626077 0 0.004290891595838819
0.25386215392402384 0.8175507995391538 0 0.0035038235196872478
0.460025213400126 0.1929064685887721 0 0.004002567957995114
0.2490276440563389 0.9738645345871241 0 0.004978025760537086
0.31472748574261183 0.44657725743178883 0 0.004967544150792244
0.1452955642319714 0.4971303705305092 0 0.004741449119112225
0.657897814943396 0.8473665390526826 0 0.0035304865996974356
0.9131271573305422 0.005461962753980804 0 0.001105893353376517
0.431140882894299 0.7825492505589046 0 0.00417029257528954
0.1639440324137673 0.9516436411653652 0 0.0027288039987806273
0.3802614857951709 0.04385072078625428 0 0.004984053326001754
0.4271500832284228 0.4337435890462025 0 0.004847966633364742
0.2004757671348952 0.7008536667527706 0 0.002742242861333309
0.9905771407038576 0.17165876579525216 0 0.0005662514360457704
0.033297050752373644 0.38734593246906207 0 0.0043407278203224315
0.018800134241328308 0.9956385758963286 0 0.003751751537735152
0.8595256142955859 0.83118792529442 0 0.004965386107729349
0.12699102511979352 0.8996648238733121 0 0.0049988099904011134
0.2596282144366225 0.7161269288926522 0 0.0049411768884671725
0.9242808466689393 0.9714411455030498 0 0.00047605710115094965
0.5558440235685222 0.06190431222718083 0 0.004498007027025993
0.09396031983065788 0.8488352860778369 0 0.0006706498384315531
0.49492773689178243 0.6209834478581625 0 0.004730472141613506
0.639015551277219 0.27448623727137084 0 0.004363855346494987
0.7977635688020965 0.8806098703700533 0 0.003637847807919301
0.7758084856027412 0.3679088293339318 0 0.004957699760597808
0.6246877682981964 0.016434616561891373 0 0.004084706058575223
0.5628244049753519 0.08866522507297446 0 0.0028754793393935547
0.8326093576736363 0.27225336738750167 0 0.003389579692589545
0.915543417876487 0.7362197169475956 0 0.0044148848186784904
0.11064263195823874 0.17891762677683284 0 0.004945003115272801
0.10286100820969156 0.8588810982903816 0 0.004981260607376462
0.34260462732034963 0.6459649447177895 0 0.003078611962874615
0.013675726144016014 0.04861448182651561 0 0.003751166004154354
0.48735327141036716 0.8763424806881951 0 0.0049013051483477
0.6503236787830042 0.07347544442380281 0 0.004999930738549537
0.8144777794782416 0.29558667742546446 0 0.001553763969269395
0.31072781425464585 0.07285049543418264 0 0.0036079390110491027
0.6057807538355388 0.7992054129845633 0 0.0037429618481013205
0.2732288565528221 0.5284874103132592 0 0.0042818430022510835
0.38284178070449754 0.7145132466645168 0 0.004998269541076002
0.22519360283737175 0.4017327301032719 0 0.004966525819650259
0.3260171832285976 0.2256288820057609 0 0.0037290825517095776
0.5735202672708705 0.5370290366801875 0 0.003769199706286174
0.6419476241300236 0.15142990204069626 0 0.002682235326961229
0.22566813559884577 0.8033615790424337 0 0.004986625942765454
0.04966273114313534 0.18114445119277187 0 0.004940415082100615
0.8846557059330326 0.13909758649965207 0 0.004994697575533603
0.4798474264281261 0.5029200598215604 0 0.004998957346684366
0.506129950193485 0.6315357791130584 0 0.0029588753802957425
0.6822770564603837 0.02303781063543319 0 0.003892537665891381
0.6165864737529565 0.18673839837727754 0 0.0030109028229010925
0.157769722413815 0.5970843089457861 0 0.0015214853315636298
0.4190998097213648 0.8552385592190999 0 0.0039113215911733105
0.8229753023092707 0.22817957898124216 0 0.004303115690073509
0.37333448147868137 0.9837404572444945 0 0.0015350741802118485
0.8781874340889018 0.6671455763111142 0 0.00490011224264157
0.8827943891724999 0.2154405686500512 0 0.004996265151189492
0.9719719718450068 0.5872987534600315 0 0.0041845500947870215
0.1563099084146041 0.16247292557721424 0 0.00478853730741029
0.8985971851732774 0.015397678175678046 0 0.004762481663458699
0.10169095784646963 0.823760383848207 0 0.00047585394873459396
0.19164956925379414 0.019410709181504775 0 0.004018806226129922
0.6899744292992867 0.18572554401294492 0 0.0029310970328028834
0.466147673131389 0.5315870736181932 0 0.0032734407358313445
0.25381480671827655 0.3139221373243471 0 0.0016943498017045404
0.4151634272290657 0.7299272896602701 0 0.003490437424661832
0.1399705452640688 0.7159845534301861 0 0.0018011302220788876
0.6029480882065176 0.42274438831272093 0 0.0015770717580662272
0.253440112932057 0.10004981495285457 0 0.0027334434556223193
0.8996124331115529 0.456107560859308 0 0.004881162139591122
0.45096526131549236 0.6608449997301186 0 0.0026183074321913325
0.7649064845060617 0.38366389801081274 0 0.003928695225755197
0.5815008244221208 0.1943836218496295 0 0.004550830509050175
0.6885543439247926 0.380602588025384 0 0.004810741093829758
0.5258261484248833 0.25018558108376016 0 0.004236911916532964
0.8703294482716238 0.9731852394719165 0 0.0033617313842645075
0.7961756024470446 0.41328496077446925 0 0.004874597067728125
0.8613180534090837 0.6962511379333869 0 0.00497997925824959
0.14616811120307036 0.4631890591884113 0 0.004992465760899108
0.4034087241810706 0.36858316161993826 0 0.004775781703071714
0.2672205062473449 0.14297659582235597 0 0.004916997150237655
0.826153938666244 0.7039810410002213 0 0.004352933383835532
0.9107887982935493 0.5075316463895443 0 0.0019214827002736162
0.07497404802646244 0.9315476038029039 0 0.003984773287685649
0.3131226141129623 0.9516350292432143 0 0.0044584812737625806
0.515668002139263 0.48747400470986973 0 0.004416941796874751
0.417290244903835 0.40434460292773416 0 0.0025473147732599927
0.8930353201647415 0.8744087822556915 0 0.00426567163257084
0.14688178802174243 0.10360641438929606 0 0.004598450593898099
0.9605017411925346 0.6533870747728854 0 0.004984555909318273
0.18115450502065708 0.47312295531871557 0 0.004378988944766805
0.835892778517585 0.09881745928245465 0 0.004325025908998894
0.6881432324599724 0.8003199047747344 0 0.0021999871892385554
0.41916608753503876 0.9927199996655185 0 0.003693306276403817
0.5034700552760915 0.8382804729412514 0 0.004998348094606532
0.009058642897919016 0.9042229139856776 0 0.004363043166157811
0.6706529420048576 0.9497912829301526 0 0.002699720501126833
0.39923211804231445 0.3922359810024631 0 0.003836742303062201
0.8755191190786649 0.43193311750363156 0 0.00495761377725687
0.16082283637905978 0.49522291451624495 0 0.002935727556003397
0.08454911620082627 0.9649238616275182 0 0.003380350710000541
0.4227583792209855 0.07330350055973898 0 0.004690470512323159
0.6342769119899863 0.36765291980780873 0 0.004204048881918095
0.13989285323181952 0.8613289550614053 0 0.004538922557724197
0.6228938530780765 0.6346327573472442 0 0.004262726163448298
0.39272046303664293 0.47612224374224826 0 0.003826651381146835
0.539764107750115 0.7429383746748932 0 0.004841308889971334
0.6293180729480781 0.04877639994748072 0 0.0034636283482120107
0.9079618570116481 0.5321397545301896 0 0.0019597476555982185
0.3992051240329391 0.2287476235508746 0 0.004952551566004027
0.21300923231147292 0.6860813709080024 0 0.003916540970311671
0.8644755815256833 0.8799943605620983 0 0.004164804797253059
0.6544877018870932 0.06412433979563657 0 0.004598636127089724
0.504366132867667 0.9781804069738473 0 0.0047301778709742765
0.015875317881264055 0.6143685649164795 0 0.004767297955211489
0.012883310304285682 0.861122610916727 0 0.000610905097863554
0.6685340041490488 0.5233819886355039 0 0.0036333624123761196
0.15999644990466053 0.3934033501214376 0 0.0028030971779353696
0.20554762439124183 0.12221225303458948 0 0.0038111006896425414
0.5223320002286489 0.9684291860498577 0 0.004489248984980986
0.5019471531278543 0.8136064095751739 0 0.002832801344926854
0.44089831566317667 0.43441378058228614 0 0.0022214710465309462
0.5817391605806741 0.008930657315158623 0 0.0019773525643106814
0.7676148998378348 0.7074855197961786 0 0.0016587782425641097
0.5953266254411506 0.001950612165058425 0 0.004999617286610925
0.15479965467546372 0.25666596196533215 0 0.004994811489020822
0.7073708317521994 0.8752622618156595 0 0.004204776663335063
0.1892165869964134 0.39372152844456915 0 0.004748997784986339
0.27495316537932996 0.3626770877655365 0 0.004882441519473179
0.8266237516055778 0.1572392137161742 0 0.004967610111356932
0.5251390629670717 0.058434246280480315 0 0.0015834791818238702
0.2496381395036865 0.3174152472561134 0 0.0030380340170918286
0.8789041781849637 0.37824071616582516 0 0.004999810992646208
0.7200462702096562 0.028287886025721624 0 0.0015228514212377823
0.9571954949861804 0.10949119383858506 0 0.0021384547475303576
0.6954792167110797 0.3258812808253089 0 0.0023615788081408863
0.9121298599784363 0.3068970527607549 0 0.003294893459634276
0.3150462340648444 0.23389524756484256 0 0.004842966958768598
0.17044415326440318 0.7429341706760562 0 0.0010861961863609265
0.06780936162471028 0.9961457266252169 0 0.0025216073599723557
0.07244967770237408 0.22559548013178063 0 0.00490482945311853
0.04354428768122619 0.13954742385309635 0 0.004990804821506277
0.6508503260629237 0.32379233934990087 0 0.004822620025007736
0.5744614973919308 0.11009488719905101 0 0.0018488471958598627
0.7467905982331867 0.14717698381317587 0 0.003932073040023867
0.1168476460333092 0.3047266009245863 0 0.004514733501472462
0.8625127262127777 0.6364454311366041 0 0.0049762442175001285
0.5400863967171016 0.8297805028834896 0 0.0026142827069214627
0.7314757835965452 0.709147460057111 0 0.004434546070275506
0.1855325428548905 0.186200429986055 0 0.0034164335039436906
0.1550021353603723 0.15089149475531846 0 0.0048718630563791025
0.09054401688900525 0.9298461766269542 0 0.003874302224706585
0.8321234332040743 0.0646432264848875 0 0.00396545789929901
0.07224564780478769 0.20277431250044317 0 0.001983986343769418
0.011806868676865416 0.43120573196317796 0 0.004500193087767678
0.16114068811805268 0.025550849443392358 0 0.0046236362571452205
0.4918486746356507 0.9645385337433542 0 0.0049051054058534315
0.1502173504691446 0.6947493920675829 0 0.0010070702392593952
0.2698545022291539 0.2693467931241675 0 0.004810972556179206
0.2301390131602473 0.3369374008255776 0 0.004956311234254617
0.7118974165221377 0.43528387347837855 0 0.004508908435622178
0.03926160605461314 0.4849970072569299 0 0.0045781008899950714
0.20346487774662156 0.5740429971651696 0 0.0037719068764933395
0.9602417590632418 0.30011843431291657 0 0.0038021618455665804
0.07319397555975114 0.484945975734466 0 0.004878298901423996
0.6487784095815371 0.4018091996774577 0 0.002796860831067996
0.045097024280212214 0.6030165537093634 0 0.0012363571406766808
0.5960816713359802 0.5578890710605678 0 0.0017187832325050102
0.567819988544164 0.9875308044572111 0 0.004684533287690522
0.9529726244930775 0.48140515143434987 0 0.0049412706405724816
0.05157507570265217 0.354081664860929 0 0.004204064004060106
0.30965420086177115 0.6812541444802417 0 0.0034135166813745376
0.9868464995343554 0.9684035781576662 0 0.002640155469168898
0.20616362836012267 0.4416181126649456 0 0.004999736010549751
0.39384926564485073 0.9111956773023747 0 0.0029210895852945697
0.9049865576301012 0.7376741321102015 0 0.0018359850955229626
0.2850835303185065 0.9235615627390038 0 0.004560302766170697
0.759165525473656 0.08620592930170444 0 0.002869903099589994
0.9959898669508523 0.2846264035719223 0 0.0044840561505860715
0.08843191243989278 0.39547996436278515 0 0.004845787325250284
0.5312387074294745 0.9126771531997723 0 0.004411254724978767
0.8562740024112522 0.9578915216823006 0 0.003625294272042704
0.16893791389564924 0.7315791773142597 0 0.004165946194410426
0.18777169621724274 0.9624920850466051 0 0.004984670917291405
0.8749556753869577 0.0029973600809485254 0 0.003538723304890593
0.8368062992113684 0.7233716561995582 0 0.0036126292256495065
0.07371795434454807 0.05352540284915451 0 0.003220466934795621
0.7270112078116285 0.6603086911667858 0 0.0038981697662605753
0.03536616399088442 0.13407243430402147 0 0.0007054096368378755
0.7211822788836512 0.6381270086921653 0 0.0032884785363021863
0.866928477283883 0.2658370673245986 0 0.004691895766720903
0.2832194827222316 0.6709121349019733 0 0.004990667856518447
0.6933497545900168 0.769176154445156 0 0.0048179294330459015
0.8761153854551355 0.12343010463490743 0 0.004294156679801949
0.4407233930454814 0.8042212698739631 0 0.0042480343968466176
0.007930773650244409 0.3630825860054448 0 0.004625338947069955
0.02921238262170788 0.2670937392536568 0 0.004580283261631021
0.5836934294660763 0.8638794309854736 0 0.003091030697557364
0.8365804256707462 0.8384329184421396 0 0.0034616770503140127
0.45887510993876096 0.5265710646573127 0 0.004666817966575393
0.4975437921010227 0.6699077755416512 0 0.004682600680803107
0.2579941799413871 0.02074796805586753 0 0.004267492945887684
0.03997373987096374 0.828733296676113 0 0.003110019430470734
0.12883710492654174 0.38461582470385397 0 0.00436404711465555
0.9635925319826104 0.8773678798652124 0 0.004094202447541742
0.07230421691610321 0.2492081981624181 0 0.004704570937287234
0.5582772882303537 0.10353829486425901 0 0.004311633763970122
0.5012628760981418 0.4436898565221595 0 0.0013768251237926657
0.1297298537276079 0.6897002009719847 0 0.004764258509522646
0.06817174831822913 0.07820104042115315 0 0.0018721241830618838
0.9029774039774794 0.13077782619411668 0 0.004628584863185827
0.5217982643529485 0.8686310397583517 0 0.004813792113789796
0.47057073193332394 0.681096889157836 0 0.004058880288910189
0.09290344534340043 0.574724063537993 0 0.004641705234172452
0.6417336156633202 0.5908409983086101 0 0.00492980515183928
0.5639072767944084 0.6986147223848245 0 0.004247494394971069
0.1099906964932925 0.8107322928963788 0 0.002751414446185619
0.0643382255349537 0.6070843497092366 0 0.004216833814333928
0.6795248278098543 0.21718366837668732 0 0.004771759473450789
0.6965353126021071 0.5726282957467114 0 0.004315757513362942
0.6303353440511867 0.4916404983105948 0 0.004860835742850819
0.07212382885885248 0.6204946318234383 0 0.004993957329099599
0.6683592697314548 0.29546892435749234 0 0.0029056088834861046
0.33756600681073107 0.6143172751634822 0 0.0034053215343611775
0.47656604822124077 0.2746759555856904 0 0.004740896623801367
