0.8212222158432811 0.23139951253383592 0 0.004540786428612411
0.028344605408108563 0.25820216560804915 0 0.004920254459743185
0.8145963917930086 0.1776315372234135 0 0.001878705329543691
0.43816229668527457 0.8372222346662054 0 0.004855068906920772
0.8260806555753769 0.8190379574370605 0 0.0033793652745001527
0.1748599749002909 0.9862035583386715 0 0.00479026717927072
0.016198170806432148 0.4344588066053429 0 0.003665191291252296
0.9318929874337916 0.643980360391646 0 0.00474692077260185
0.4206294009723391 0.08722507118682886 0 0.0036576550734862454
0.22491164435360575 0.7288448994539448 0 0.0036124183754973845
0.4648889698662498 0.5355716322849192 0 0.0032237307704839928
0.7258719584147854 0.5573833622553168 0 0.004999910964955732
0.6684628385121316 0.7283249307159413 0 0.0049211326813491515
0.4028862931152008 0.8571649762976818 0 0.002041993036449413
0.6859030971646076 0.5526267324214619 0 0.003416473242648362
0.7426239594231917 0.32443531959016875 0 0.002623547499086887
0.7381992972295995 0.9268878139841961 0 0.003465710382668294
0.00184714228935134 0.6670858097847104 0 0.004277344098117687
0.15985266857412114 0.859518593323058 0 0.0038053142267977665
0.6361401389139699 0.1546445177638169 0 0.004911844428503235
0.9837955463377532 0.11768478375309842 0 0.00499239087039088
0.4716790149569931 0.808792296579388 0 0.0048812787725607525
0.3002397738222459 0.08317137629505754 0 0.004895299614904853
0.48668154572659167 0.05936779609588026 0 0.004818960608390101
0.5778012419454923 0.7631330893603389 0 0.004977582531275357
0.026191752064120048 0.4022657844424666 0 0.004981750240123038
0.2999440268195909 0.6119876793774067 0 0.004999848766768938
0.19772853861220016 0.4335143051473947 0 0.0028364182530020835
0.2288601100800238 0.766457019100489 0 0.004857611653230959
0.38858897114975904 0.7159652833081385 0 0.002786159503590495
0.21988031079312395 0.21896562813079842 0 0.004130170885866021
0.8789402675299453 0.9996888251942623 0 0.004631087123589209
0.6929186525201249 0.37076656988281625 0 0.004741594207310729
0.37065477801849217 0.745700152498012 0 0.004938305137684667
0.7584936049269148 0.9327163887520672 0 0.004623203050502053
0.23044498966043422 0.40719689805503584 0 0.004441055146564878
0.36476272565069273 0.19864491658087732 0 0.00481699780534084
0.9822962480130288 0.012951540457210912 0 0.0025861277325504852
0.8077759447291932 0.018935028506299127 0 0.004466616435962196
0.22781969314897663 0.04884426125913176 0 0.00493285105374897
0.9828370390164995 0.4710785147560756 0 0.00465887232950963
0.9435227706035008 0.025409759764718813 0 0.0038744510542966615
0.17225157633289942 0.7437593755999415 0 0.004986781390810551
0.82572793009701 0.025281915279940052 0 0.0042585440880318045
0.5183079520138357 0.06680215461769866 0 0.003055209138435101
0.731659742929033 0.07492914330949628 0 0.004999540052565775
0.6201250764484262 0.9090359499378735 0 0.002322064680310198
0.22347536407791987 0.10143239293306038 0 0.00274963926056671
0.11195431869809379 0.590230993920511 0 0.003007970801701699
0.7639469123673724 0.8885584237644606 0 0.0024376971109832685
0.1098328808064075 0.6004155448264629 0 0.00399865557866589
0.7021048511983484 0.7094947229067146 0 0.002306271701070071
0.04342007777458577 0.9877054011363553 0 0.004300927465328834
0.015478731844301034 0.29455671925781063 0 0.0037799171597213497
0.06810283583376651 0.5982884516986243 0 0.0038065005404262203
0.7083972091547621 0.5974332730737291 0 0.0032854964157803257
0.9988199252824413 0.7792841494374559 0 0.0042049109746126355
0.43403185315230847 0.20246343337057246 0 0.004999249362777653
0.2277938437364416 0.4992598933028924 0 0.004256853704537597
0.9256056265003395 0.4103865516007508 0 0.004976005260295115
0.9196119097471425 0.232062346849872 0 0.003412032244656249
0.6529587101628193 0.25498635853463686 0 0.0038964387957996153
0.02109680103289479 0.5457085967999775 0 0.003966998191774942
0.4974447289989162 0.8995850443865144 0 0.004855791639869734
0.5618691689157127 0.25370813152709065 0 0.001453029782682664
0.44336623097313993 0.6908413305974724 0 0.0035636189328850615
0.4434917492526675 0.2982957340680002 0 0.0049642521156362225
0.1880445729515837 0.9538627480267146 0 0.004071183654161133
0.13169365523579277 0.2413424559957051 0 0.004551012132265111
0.06105565039779991 0.2580293632067085 0 0.0028299376267512375
0.6264030460684947 0.9365217060596853 0 0.0019755921360751012
0.9405551774085299 0.503918329263 0 0.0047871483632819555
0.37880692468688765 0.43353799995848036 0 0.004856611921580211
0.41164654868992906 0.20284025592941698 0 0.0043971701421985625
0.21808888056168482 0.5545113292914189 0 0.0041732796352481165
0.9032685112954931 0.7386359602206012 0 0.004878879362192946
0.043603051231213094 0.326915895240902 0 0.00492560996722443
0.4668539992064838 0.4336380735431455 0 0.004830917473182721
0.9285379405506444 0.7753670851216019 0 0.004349863912342996
0.6080184283256548 0.04160363824141676 0 0.002150774184766484
0.43378057368648465 0.0967866387461037 0 0.004915932917365023
0.16566967543401365 0.4384052163379701 0 0.0039174896787141505
0.8311952700143121 0.4332731889724975 0 0.0029513279021301285
0.3767249105859746 0.285245554823431 0 0.004745300462153557
0.3091713934991301 0.90525295644636 0 0.004944083713966342
0.1625784503008398 0.08702679030489179 0 0.004859336540163552
0.8479430927776771 0.8168161715856883 0 0.004443705763000256
0.9810945131900587 0.8211081374878271 0 0.004792547319243168
0.6021439401426173 0.09795459573053343 0 0.003250713949836665
0.5317558388982382 0.6821355798392433 0 0.0047940664237446536
0.5944907929487518 0.1472532898977513 0 0.00456355080935095
0.4950757684267873 0.9757610259449896 0 0.0031271574844801745
0.8471300295443659 0.3235961368899794 0 0.0049498604332144465
0.1954520876192449 0.7408142015903162 0 0.003261223749417749
0.33023026515975334 0.5308962580578465 0 0.004883396024851213
0.6378492584627112 0.3672271311285284 0 0.0032781976680092985
0.7910682051786095 0.29477305669020354 0 0.0041469270741232985
0.09531275234061386 0.659268660270616 0 0.004802605098111063
0.3538422308205326 0.28207388278385287 0 0.0037654068982993388
0.8798535693495609 0.20449486292485217 0 0.00492341829027627
0.49127609330651195 0.6394814759724025 0 0.0024331169272799897
0.7635458097793406 0.5992041548565084 0 0.004499452026163237
0.16858802197091058 0.957762002418518 0 0.00479536168133779
0.3374555123762409 0.583704550585141 0 0.0014182649008141306
0.1726509434848201 0.4649087555689673 0 0.003372363822228135
0.679497003695495 0.5761878747241426 0 0.004189079090314676
0.9308573131685548 0.7293179535054509 0 0.0032927104157057206
0.47096924324535433 0.7890922097979399 0 0.004804262068782952
0.11636240248160877 0.010773130563227144 0 0.0039877170165764485
0.6252682123779554 0.19123551082639298 0 0.003799704508827862
0.9061998143092634 0.621998996173345 0 0.0014057008069974393
0.8451084368848149 0.03812662603744464 0 0.002888369264025766
0.6140455156835081 0.5947537822460917 0 0.0035979261326760425
0.9159429691571479 0.7417063819575419 0 0.004995756544665143
0.618356584407843 0.49467803783873204 0 0.004991409009789861
0.5170436133157205 0.15823461725916418 0 0.003479943625007441
0.08813840791911652 0.2907880908656753 0 0.0031208742870030373
0.6637600534670595 0.2612011538643337 0 0.004595508413164678
0.8327617917807698 0.2572909437974162 0 0.0039194784094053765
0.9734573875270924 0.24393623859697763 0 0.0012089945550104095
0.17577289785246328 0.7579189643347933 0 0.004027011154989333
0.7478507396516796 0.8545896024408396 0 0.004304070517917748
0.861674474323429 0.5948765860550866 0 0.0032198179790162125
0.18484123085977652 0.06377353887277824 0 0.004921095765442188
0.2619698208422701 0.9887253846092177 0 0.001523318163142688
0.78572022745573 0.049965828547192545 0 0.004489006142563409
0.9122554514144753 0.6043302313140761 0 0.004369219250095243
0.209455333800416 0.43873290721021924 0 0.0048726787231698826
0.6709609920928331 0.0685173600815364 0 0.004196949336578176
0.27425335974399895 0.8982346516057624 0 0.0019045995017693636
0.8479133591861678 0.9956539047850566 0 0.004876543864950776
0.509263569084684 0.22910141157128147 0 0.004980676824196018
0.1927687875843803 0.508136492507391 0 0.004580056868665019
0.2621377641508981 0.9758243437338913 0 0.004748966748328278
0.3711830092829556 0.3113482060421732 0 0.0035754090913975465
0.0606458769427841 0.22078512473050424 0 0.0035949449053935267
0.6649754245020207 0.10474722208907904 0 0.004613266553056441
0.18798181619183527 0.8332989960057673 0 0.004198251605236377
0.11058928422424096 0.5788660313230934 0 0.004864928224185969
0.6861150709644065 0.7738901494126607 0 0.0030204615632007793
0.5299776929430037 0.8726735403472017 0 0.004792823320736565
0.8792675406516862 0.21874863412739706 0 0.0033549327700624766
0.6388319975904033 0.7255830308725338 0 0.0020708075813533912
0.5634106162048197 0.14690898112051118 0 0.00499995339014206
0.14168972993644754 0.24419129110312807 0 0.0026225878553055113
0.5519258712333598 0.09000366154739813 0 0.004969171721386421
0.02828923192991461 0.8380689613483124 0 0.003998028499422039
0.10845294710986352 0.094313812297793 0 0.004954166404658645
0.3827684725359532 0.21117490608288433 0 0.004180120430504024
0.4113934317646362 0.33775095870038224 0 0.0024290689486942945
0.6340423455526484 0.6795554270397558 0 0.0049917748594242774
0.14912693392177043 0.47028006320954613 0 0.004905814083330855
0.8657004503405127 0.5187125329712822 0 0.004993888488442476
0.992853156353711 0.968221585271816 0 0.004196068448649641
0.7278173550777197 0.18395365011481266 0 0.004399435567181888
0.3576277527235982 0.3174362559881448 0 0.0024550967225481827
0.3984918331312581 0.8410855152993046 0 0.0036043991424989214
0.560281556685382 0.6500602911176365 0 0.004957098980296811
0.7641103890314931 0.15383659125215074 0 0.0032021064498668032
0.4538465379045003 0.6023119165890094 0 0.001411283665409766
0.7964257960686242 0.7120876457457362 0 0.003402807950591336
0.8604339205510982 0.5097616250255175 0 0.004958019514811449
0.40621606092797496 0.7863195037426564 0 0.004081068561918827
0.753920342006005 0.4569784015841252 0 0.00386389885039029
0.610524694163641 0.8289705204931634 0 0.0029476021224555476
0.9801329337916826 0.17015597526331847 0 0.0047627147324615605
0.9226462064667821 0.5377610335672083 0 0.004607079438843373
0.08708326693316958 0.5680996224623127 0 0.0027511603367110942
0.9507192877529759 0.7750262632987764 0 0.0035186137898291264
0.4020657554615387 0.746611985019113 0 0.004983348797574811
0.6292077053828918 0.3054659137887939 0 0.004692788993200898
0.06322597450762112 0.8276199665650277 0 0.002336453266729182
0.8156806451921275 0.27703429753421177 0 0.0019577328671714187
0.4698266675688801 0.3992543439769927 0 0.004350391907686326
0.8021458589659894 0.9194025659335867 0 0.004127150440017807
0.627092450904624 0.9635049082061118 0 0.004985116575701519
0.23421242584760968 0.4526972719076919 0 0.002925100072270541
0.06370399357770128 0.0952231687075523 0 0.004998465834375444
0.2965481071033335 0.7663643441749454 0 0.004083695090489749
0.11732339417348835 0.8235469096960772 0 0.0029585981066949088
0.7353853044245215 0.8792517496316723 0 0.004957764268141155
0.1991082810481107 0.9057896624471496 0 0.003839414378853672
0.012165903876546473 0.9195283504005753 0 0.004927011277591536
0.062117319005700264 0.5418897129968172 0 0.002214861378885397
0.19145125786844494 0.13695136377903125 0 0.0049549132538288295
0.9346204004062616 0.29291697274573075 0 0.004733700629632355
0.03875314298549214 0.7019150615527002 0 0.0044458636088197095
0.40261262227617817 0.07641696866665047 0 0.004988571314108694
0.5232281862172251 0.8622719156794392 0 0.004743573966063847
0.22187149588993835 0.4549771152886026 0 0.004876288046441983
0.22183420322004185 0.9871046553254641 0 0.00481600211233692
0.650292595269008 0.09761787771648066 0 0.003965712772777645
0.7681321172694625 0.4823019775863641 0 0.004682839715122038
0.10827024868360845 0.5111277767878614 0 0.004964543629802757
0.6819182206057258 0.5978042343762805 0 0.004993520678428404
0.5249214906830809 0.028965497045008386 0 0.004889828087485295
0.9129759240276859 0.8533979341646465 0 0.0024211067231201117
0.3387194998911555 0.8239220432888504 0 0.004995230903192195
0.8736989111810713 0.7695859283725748 0 0.002295114004967683
0.8637494163193914 0.2575266806078836 0 0.0033329033415949627
0.7248191981682915 0.5400723890583417 0 0.0030430977325409335
0.5903359015660536 0.7485074287935346 0 0.004565364857374351
0.3746503344705689 0.44386949749055066 0 0.004856888172702945
0.2964886417933679 0.4674199429749499 0 0.0029651229858218705
0.49734452398022383 0.5110615874026431 0 0.004944954793005118
0.6007599242635617 0.4639808227460563 0 0.0049760517944112325
0.1584005381708504 0.4601071105649808 0 0.004550751487693966
0.6178414664537283 0.3414868514250566 0 0.0030203593048194733
0.034896610188877006 0.20700957300271902 0 0.004808485504224329
0.9963730700306227 0.45182549542349 0 0.0030376182884149882
0.47763598036708493 0.8910349033196213 0 0.004918799924599854
0.2893431106717426 0.045740930663308185 0 0.004212699420714449
0.12115093453865132 0.4147669042896413 0 0.003622219522166477
0.6319919491764473 0.8783692729499329 0 0.004991491994393638
0.42300031653456566 0.25440275292654574 0 0.0022178494893670677
0.7399977758198261 0.47978473435623376 0 0.004513512687020303
0.24116114278348674 0.8651981823540441 0 0.004142095287757053
0.4675054276661143 0.6188129769629523 0 0.004894322566728782
0.07019911763415275 0.6476760238199993 0 0.004127390116701504
0.028382264898879843 0.11095005234600518 0 0.0049161084310822036
0.34752927411278506 0.47459224807408745 0 0.0008145922282702126
0.01861879911075292 0.9796517179967964 0 0.003756660724482764
0.39626648754830845 0.353375557103713 0 0.004915940005233912
0.015099800081849739 0.4431084196031431 0 0.0008827246307587038
0.04924594515252888 0.38273832779203637 0 0.00495359206507943
0.3194066207234714 0.29803188752992665 0 0.004617353630257149
0.1417663398860591 0.6418784937089741 0 0.004726409739076722
0.0712172615670361 0.39250266697421804 0 0.0046393047324840685
0.7955032961180057 0.5648546133927547 0 0.002779683365213462
0.02382555757990267 0.9915486313741058 0 0.004999916295623461
0.5070777987230717 0.6999176323053369 0 0.0048685327432513486
0.5364635493356531 0.13826658064864514 0 0.0027818825580347133
0.12515538146913005 0.35494343914886245 0 0.0035953441781288614
0.29945953766646877 0.862366413510156 0 0.0017298066952961474
0.8843732351550021 0.7815164550183809 0 0.004351997863783359
0.5953730365209773 0.8255403060397274 0 0.004980447500910444
0.8776705847088226 0.3351593111542856 0 0.0010795321426063948
0.7438334798479049 0.5666614087428558 0 0.004986176342621947
0.4967397355242819 0.11159578101367894 0 0.00368352535073176
0.14953134028231105 0.788983996058487 0 0.004905251856254767
0.5015920747608634 0.3636816134397996 0 0.002526733173632117
0.2461830258544961 0.6185992434397122 0 0.0038783411481372303
0.2230783147717695 0.03892368218811747 0 0.003210176988827929
0.5474043434490964 0.7017840017532123 0 0.004920390217048813
0.47332867339878476 0.11745733568527826 0 0.001278609718526875
0.467344203775975 0.27199701984927765 0 0.004167843778239259
0.9015615383090522 0.42387408891970285 0 0.004701712622818257
0.14588690907043064 0.5465125380144901 0 0.0049827190210640256
0.09157628237924274 0.43959940516354873 0 0.003064996789537097
0.8329931013340857 0.45574130000048113 0 0.00487970787158065
0.543038259473353 0.15510961305701085 0 0.004789920244092186
0.6103273535613766 0.9929388347539893 0 0.0029139899145855645
0.5712831487724291 0.7328768073417634 0 0.003826246892424402
0.6196987273933864 0.6678711752682269 0 0.0041219029332790775
0.8180649233392466 0.05160145209848409 0 0.001810589501391809
0.9629796522475195 0.33833315241862366 0 0.004999920006311858
0.3356130878091112 0.788426486464451 0 0.004985921277501206
0.7565216508877335 0.32022156550517694 0 0.0036208348238891816
0.9821546235478336 0.8349815010154924 0 0.003557253839397892
0.5492322812625765 0.017748650039762885 0 0.004935054762075014
0.8000507867624804 0.4832604978444525 0 0.004971784905651548
0.46230142782752265 0.9156105469066247 0 0.004490908002625548
0.3038342324657724 0.5592749610928078 0 0.0036222094955307748
0.31731839647319277 0.807981365429198 0 0.0028645969462747986
0.26327655167964653 0.6028627959473598 0 0.004995812473075316
0.39564533410550434 0.6031414755363017 0 0.004669076861114737
0.8886230687164937 0.10036028199852086 0 0.004978474686011733
0.39217678917565807 0.4838010137106244 0 0.00435690651237828
0.5566915457880725 0.9815484248964536 0 0.004997806376707164
0.1022169536947427 0.3168139872546863 0 0.0010761834138241066
0.2612941939936945 0.6914563956062508 0 0.004698465987888563
0.1389991080337871 0.5544582179058466 0 0.0028794470628697062
0.21432321524538642 0.5311472727253215 0 0.003966409879694981
0.9322386013382967 0.6229112243672759 0 0.0049622946686996485
0.09453158594165455 0.2283264496611653 0 0.0024207934529094084
0.7198169450040065 0.36808584776590264 0 0.004205921840055864
0.5709262643401161 0.679104798762547 0 0.004987189353852551
0.29776519938822726 0.3682510523763845 0 0.004657227699582132
0.02579544428214319 0.6268073186752502 0 0.004694248531264253
0.3566600006479281 0.8681254135207719 0 0.003999400083567922
0.7812978538989452 0.008948658600487873 0 0.0032212495017365185
0.3478518916698155 0.523929079510625 0 0.0024799725735833167
0.5911630123318474 0.6038057472308992 0 0.003349834069722207
0.10156644832287885 0.6110046793490975 0 0.004971800787882007
0.19845023851015361 0.3034862119706338 0 0.004664798257544781
0.9323878238517632 0.48449367993874265 0 0.004928229533347192
0.3099858882672621 0.5447118349984863 0 0.004593178749621158
0.7949701263633174 0.25719925117704817 0 0.004945011828361081
0.9954742097100114 0.7107502043858924 0 0.0028131209140371317
0.8590447355240716 0.8474964798023584 0 0.0027182940773238353
0.14043019325973857 0.26367936123300023 0 0.002554345321294874
0.5032612320563444 0.6282354344368438 0 0.0032459173355072635
0.8661057992455413 0.0867569126733334 0 0.003925685574774327
0.0018193022957614334 0.8531384969714847 0 0.004554936561564564
0.49695417340811104 0.7276239571808556 0 0.0048813574333332645
0.7645921642399003 0.17445025018198032 0 0.004996746450058684
0.4057260550572847 0.8953239623166193 0 0.004285677570957744
0.23277004063812554 0.6137777801824763 0 0.004207387174563209
0.7738638112404981 0.1421781774456181 0 0.0029871295248186268
0.10690538665144665 0.3383106170145696 0 0.004996607140426234
0.7014950652414559 0.651019357754958 0 0.004813060679429061
0.4253028352502138 0.032874512972696154 0 0.004487289746423981
0.7697748757181994 0.7908396651281058 0 0.003729912018428184
0.4597153122288569 0.8999836628016443 0 0.003521595599168923
0.6214625865585022 0.0630667090829805 0 0.002945466420929628
0.598832573252327 0.39930744359087406 0 0.004979967552013165
0.9180829738987399 0.17092418736438883 0 0.004715926632476001
0.8141182292094471 0.2417119612654469 0 0.004485891148638576
0.12268865197192745 0.6049313553432798 0 0.00495396605587501
0.005430913656619402 0.4500759085800609 0 0.004136343092931987
0.2590635492260705 0.23262565602488613 0 0.00369818172819904
0.13579971197768756 0.9781962811546486 0 0.002685155229486086
0.909250255832979 0.036744975643076425 0 0.0031447609629664287
0.7074100904260973 0.9231631710740801 0 0.004003394212198086
0.8728352820471255 0.8744746324482797 0 0.004993412494730589
0.18440380645330798 0.9948984060001236 0 0.0029101080128446054
0.6336862992784112 0.9950853817059406 0 0.004999671215394302
0.13197707413817114 0.8367854454758947 0 0.0031134243125561763
0.9048543350113493 0.0031677378748481374 0 0.001581798853778363
0.15892630863731402 0.8325549371366887 0 0.004922027127702481
0.2837800663135242 0.7387882670302782 0 0.004957731723707739
0.2841541627383664 0.207848234393279 0 0.004333095623029499
0.9476319024247827 0.45121290897822025 0 0.000660180665922295
0.8221115304379307 0.5364719107192177 0 0.002466530827544744
0.5467651829605861 0.3065599617031723 0 0.0027419484241404746
0.8641143200321497 0.8909347070722082 0 0.004785377991981751
0.7057829016287029 0.7350450774990105 0 0.004796035872379583
0.6010589925906032 0.6879160348696101 0 0.003975808080542472
0.34388824141130164 0.8641660052268291 0 0.004529054207800279
0.9024602466786114 0.6870551433551136 0 0.0044182640132220475
0.6603207871372035 0.6506418595045911 0 0.004942919557648186
0.3988807832899542 0.6385874512739761 0 0.0022381194161957122
0.9233936039351162 0.022569510055310486 0 0.0005010695960564098
0.7032190776607558 0.5344475837401363 0 0.003928223658539933
0.394262786574804 0.851861294892592 0 0.004899831345525781
0.059253293050895536 0.28979052063114447 0 0.0049479076355857495
0.8410310477580881 0.08187602211600441 0 0.004666501744858058
0.6290396240576018 0.6908760049077499 0 0.004999028195523335
0.808479037443487 0.33715995509452207 0 0.004691399495648367
0.13545759459677606 0.9655260819759683 0 0.00443819006917487
0.2546472757555059 0.8940277603260425 0 0.004871278958850522
0.5156196180848516 0.13036936326940082 0 0.004847075477837549
0.5158834096325035 0.6761261122309331 0 0.003968239218018705
0.875184590243211 0.19240108351971472 0 0.004604428658424972
0.8904011380246077 0.475184415916671 0 0.004240488861718566
0.5107999094817034 0.18957791049406733 0 0.004788090706158717
0.482036644792792 0.8730081440009876 0 0.003261287787786143
0.46233252304948497 0.013866516144293677 0 0.0035152623687350996
0.5429264687499473 0.4827863421149115 0 0.004667113757412748
0.822440035899078 0.4775270956274997 0 0.00491583123595776
0.23177481921283158 0.13965338232488564 0 0.004794219003958673
0.41925885144169767 0.0983362518785582 0 0.0038615634927094936
0.016549531594791438 0.569858891823107 0 0.004431817305350472
0.30542502585650816 0.8814717142518279 0 0.0035234882941773075
0.8929989449224942 0.8501073020817904 0 0.004745950830269031
0.09208846025527305 0.266880228895012 0 0.004987454331729129
0.4742060245958975 0.09543539091654472 0 0.004973736371492212
0.6686633469421974 0.7881224380625717 0 0.004494541480149615
0.019972246424885036 0.3154422600691566 0 0.0040732033345981635
0.3527915657760325 0.1279802110740432 0 0.0035049077527001013
0.24411009501990574 0.17157438031605063 0 0.0031204603560762946
0.9142041952202349 0.9381860517348672 0 0.0041382869323433515
0.9559482661198108 0.41101613333683135 0 0.004930376328238008
0.594059127230786 0.45517969509720363 0 0.004998909207714321
0.9543902758424976 0.7629879349688613 0 0.004670710939676175
0.07897311816195172 0.4785481723174962 0 0.004877588940318066
0.37114204122423283 0.6413437529204656 0 0.0036807086934077253
0.9528287414473013 0.38353582520781987 0 0.004641910190128849
0.3300679002793094 0.0914580474115476 0 0.0034463020135729865
0.9065602125753623 0.9948637180180252 0 0.0008964680090440416
0.22905976158052085 0.212428329047301 0 0.004477454221067806
0.6421814419827315 0.7462885022137663 0 0.0038764564916693067
0.24965715500719274 0.5663269231002963 0 0.00460408164412892
0.6021077916107391 0.3083908832743762 0 0.0016269270951983926
0.11929742031324973 0.9707254180234413 0 0.0048460168671617685
0.8556238337162638 0.6755479526333961 0 0.003848317822495472
0.64286391960524 0.9099841593785845 0 0.0049936027955766885
0.9515146293971687 0.33044090904193807 0 0.0012236743177686455
0.9198197898052722 0.5238380890759485 0 0.004607625297487602
0.2841571380118317 0.906876541406431 0 0.004882124129444926
0.63007073283341 0.5527747457945676 0 0.004974464583853476
0.20904403818576908 0.41793479167430964 0 0.004997782106529815
0.4121943111133309 0.4265571610426007 0 0.004512735129452362
0.9752917297842953 0.17954883070359703 0 0.004664024726945647
0.6966373752111243 0.25527902872788727 0 0.0011155670103328037
0.3798701727913622 0.45454243097004926 0 0.004874683183738926
0.5941055616936833 0.35638512034443853 0 0.004813160660841714
0.18047191849373176 0.4095506274798966 0 0.0027527428430157977
0.5646787971142132 0.41562211060313575 0 0.0005182510860062005
0.3021671012408191 0.046651367949083075 0 0.0023820172264136805
0.5930657300143632 0.02687732070602688 0 0.004458111827593265
0.8251638814299478 0.7253927837100366 0 0.0035669322605272474
0.864393245148373 0.47490713158215175 0 0.003186983916294671
0.7547971604702071 0.48335729838569436 0 0.004498344261632907
0.8493631354760092 0.585950058583412 0 0.004994991157631305
0.5782785923521756 0.7075454207625861 0 0.0048683166350312205
0.2784656550729086 0.972628960604884 0 0.004702650830374961
0.023173603155764326 0.701702476259174 0 0.004870341545627457
0.7729921317016687 0.32840846580454325 0 0.004340837309840568
0.5575846325297066 0.6977406428514814 0 0.004842228795139647
0.45353109435191924 0.5456622927263267 0 0.004212026234734454
0.9579289563902821 0.4949141007028331 0 0.0026839735328530834
0.8652201051254093 0.01604358024073959 0 0.004791321157566458
0.9201812698770493 0.5879049810555742 0 0.004562115426260495
0.5524439787210693 0.5013698015930668 0 0.0037476194587064498
0.7734639763444753 0.6839647584468299 0 0.002684912620613887
0.8994610175686698 0.35112978261680544 0 0.004892791713155717
0.7117027340297375 0.14696344860315666 0 0.0030595567890680034
0.4069180927224794 0.15340014454236936 0 0.002190669334736985
0.944708545723435 0.6240218732994669 0 0.004998879444173206
0.5163074425413241 0.381870597612834 0 0.002983135517362249
0.6017966712917459 0.623084098392741 0 0.0034322001337997897
0.29916309774525934 0.9003799383403677 0 0.0040535274062217476
0.26205321719052593 0.8100777596009748 0 0.00457069540517793
0.6481810170564728 0.3148894276982059 0 0.004956811647497534
0.7538206021621195 0.1401619103947331 0 0.003170436769533961
0.6390846091296193 0.4473841843105483 0 0.004922279760880514
0.3002905518171179 0.3583928635130679 0 0.0027372545317064833
0.9449137498661386 0.9282959783409167 0 0.003953601451907028
0.4926973976655821 0.6648617798160861 0 0.004304012269257056
0.875682829485548 0.4108850282478527 0 0.004757229075586825
0.478121888142743 0.08240526820606563 0 0.004344703194483712
0.2706312610833171 0.5153196395385421 0 0.0035507727840251016
0.78337238683875 0.21572198422149133 0 0.0049714733729276026
0.6684227693646257 0.7009365516140886 0 0.0029289290771066395
0.9338879475801798 0.37217652819103725 0 0.004623059454400937
0.5094362063699838 0.5168921905280649 0 0.003216030435537992
0.5063688871061124 0.1095909873302393 0 0.0034413452374703647
0.806244746473578 0.7637148062073748 0 0.004932456753585914
0.014713354562230545 0.8029989757146093 0 0.00490143220155332
0.4983164301501806 0.9420170629402547 0 0.003416980832558493
0.3445202026426584 0.9706272266559869 0 0.0049889573947229
0.5051040283744446 0.969244036752196 0 0.0032673520624233285
0.21792416916701515 0.7408022968231182 0 0.0023231495584977685
0.6028566997649919 0.07415852359849139 0 0.0049288705232166385
0.19028004925014638 0.6403191348626108 0 0.004798035311476907
0.7789727770104288 0.4097007493159331 0 0.004998918414855742
0.42353118630902403 0.778034204243351 0 0.004999804352110781
0.35857030117595295 0.033325816291158925 0 0.004674715343975081
0.8154463454021671 0.9360321856303467 0 0.00190325900871757
0.27361612190486434 0.4025485387897874 0 0.004934342893972403
0.8258859115427665 0.41516562229447346 0 0.004825434394963757
0.7226358968095519 0.7889676046576671 0 0.0031393298785396535
0.9440275643176298 0.7232243930753425 0 0.003644544389428186
0.030525964345848193 0.449170022289248 0 0.0032412371816575446
0.06114290451507219 0.3533133531204264 0 0.002847372615698764
0.42180683078922515 0.2694946600916566 0 0.004581122385381691
0.6276287447335698 0.9231489543689991 0 0.004999544754828436
0.23321607400963515 0.6982890857107789 0 0.0020288859067644893
0.3570754227945359 0.08959884171600384 0 0.0036951902987950257
0.6545492411037251 0.5443689445761081 0 0.0036880597476237273
0.10314747774496334 0.8689542125260096 0 0.0046948727166046785
0.15377653156017854 0.9638628216608964 0 0.0018048363339219142
0.053186763618516805 0.9792925943114076 0 0.004492912996225863
0.024938160591107865 0.052235340815284345 0 0.004458257683111976
0.9116124527209629 0.30918965215895927 0 0.004771219470468211
0.6489509175239158 0.6197724795797104 0 0.0033922221696740325
0.9141861050025158 0.4650189778280717 0 0.004054074796380036
0.9146000954824755 0.946977068603482 0 0.003418216492977625
0.4210359548033597 0.24371133766874284 0 0.0032146348421326436
0.6578923505272587 0.8375998822964453 0 0.0026882852164384925
0.28347931461664416 0.4258021501457974 0 0.004578665952967154
0.34606892572876685 0.5807034170392191 0 0.004619710389607738
0.9519125626356533 0.5365761187828413 0 0.004984857691441836
0.021528240288626314 0.17579130816144103 0 0.004368856270874417
0.3262094224582079 0.6125496961935984 0 0.0035806806342372896
0.5521510354053373 0.288911098926301 0 0.0030565626464247567
0.2417670217160621 0.4757659264943513 0 0.004818926058904935
0.7381522327607951 0.8033269681175049 0 0.003867094194409318
0.3023513070320873 0.1404520528487689 0 0.0021933395316402677
0.4814335353823604 0.8236027525720785 0 0.0031548018369472906
0.7158140362784183 0.2706972315710154 0 0.004915750153950873
0.012535675789298366 0.9494939377116666 0 0.002783420935635645
0.5217159812698089 0.5529413619498309 0 0.003506268596408246
0.9847750186078147 0.21087730609224795 0 0.004998305192215173
0.7918905015487069 0.8746904893117137 0 0.003901698225910659
0.8149293828360549 0.10483228283502564 0 0.004973656536180538
0.08978155968511024 0.25363586423532997 0 0.0030713358213468648
0.058984410522801775 0.6737667529551054 0 0.004802934416367763
0.1745347478897323 0.6169523683279845 0 0.00368403636565494
0.299855199299303 0.1137437368132601 0 0.002661273629627693
0.09428960436392363 0.016691972825064065 0 0.0026565502183226414
0.13144926731367254 0.7986538379042455 0 0.0014105013427173274
