0.13948974986003734 0.16383614480397599 0 0.004793359927298359
0.025035551305008334 0.4976605825525386 0 0.0010916595068813219
0.3850631674524418 0.5012392555745822 0 0.004986720536403151
0.3824059591715409 0.13866879140030594 0 0.004099447026684345
0.3654245027310055 0.024650013874097258 0 0.004795450627351162
0.3586937604140769 0.3273969561112889 0 0.0008197141573411634
0.3259999913432032 0.19953069604700033 0 0.0024049411622344276
0.6050831434072823 0.1812274640443525 0 0.004862821991035247
0.8814364329007427 0.360177109906715 0 0.00444551829602333
0.09490780406343145 0.7368159270816494 0 0.0045854972699072285
0.9159792231496994 0.3372802776616554 0 0.004544207688300117
0.8763889909546001 0.8530254616178709 0 0.0020900749899127324
0.4187859813412845 0.004540073201357292 0 0.0048749024258198485
0.7735321233801925 0.9933113535657498 0 0.002707955752523675
0.29286782455013044 0.34224865115674735 0 0.004372898642554729
0.3643549149070355 0.16701169110603728 0 0.004991350610263636
0.9059515088147206 0.42701498030968815 0 0.004997477025852154
0.6964653106186278 0.5758437618678004 0 0.0025578373643923478
0.26227992708552245 0.16028510754676215 0 0.0032142929968301047
0.9659924614741708 0.017948640659537267 0 0.002316194338000763
0.8750819058706877 0.027985138978710238 0 0.00363902183538132
0.6668996942418938 0.07256073073941414 0 0.004286292368415898
0.32180219759798073 0.5756825084028493 0 0.004996595414090274
0.7543845441373921 0.44187185890798736 0 0.004302658880027814
0.7556699224819212 0.27338964603376475 0 0.004704205830203469
0.10246684758492129 0.3335037698879633 0 0.003026266045575702
0.8399571530707695 0.34177183814334927 0 0.004503898772852753
0.9647317734015303 0.5927041323019346 0 0.003497293654370567
0.9290681888202386 0.418826956951114 0 0.0044978991992115245
0.44607146387742874 0.32821215282334787 0 0.004459971151607321
0.3752833010056236 0.6005370126389284 0 0.004352187976176155
0.34743035506435577 0.8515669632530208 0 0.004637023331332976
0.6001635582855294 0.007464603917636254 0 0.0049885179687152535
0.5253029900890082 0.04082595675352395 0 0.0016319411155939502
0.2704214388654235 0.7054574957456896 0 0.0016074662682565009
0.879093997966734 0.6946950799356819 0 0.004999243959880142
0.15241275344753288 0.13214174989688507 0 0.004501190478017993
0.4707330065624578 0.554971921445142 0 0.0011010866901338975
0.6988407288105551 0.19285411097417224 0 0.004690539690148205
0.8683466598644594 0.38396526399722714 0 0.0049228110246992
0.3288237732613048 0.9238784970628703 0 0.004242150434333309
0.36677471904573394 0.5629524950081307 0 0.0026463290093078377
0.6643578358002915 0.694701422056584 0 0.002538744360456959
0.021484266083819696 0.7555784776060662 0 0.00486360529379987
0.08862325380712475 0.8731553983338454 0 0.004132437191637841
0.11911197243932535 0.9941965490948355 0 0.001639514574781448
0.6445998253975397 0.7744672956225892 0 0.004711653168495723
0.871758502892253 0.6383413037988895 0 0.0037537002802294057
0.576198529772379 0.9677715407205 0 0.0024227500982491484
0.8582798363361871 0.31896515635698725 0 0.0013931389260103176
0.4856327696171345 0.3937676680431658 0 0.0045058471316064596
0.9132759939744988 0.10317677917805133 0 0.004536520784640521
0.9760415256546298 0.07358355392033643 0 0.004321401382109429
0.37317567736324214 0.17562460693808765 0 0.00491261425952384
0.5704709945070741 0.20073376514571958 0 0.004342933490755152
0.6905381261037503 0.6687776124811319 0 0.004952357025925691
0.8102506729251489 0.1360084249650446 0 0.004712264254274505
0.38952246955940834 0.07683236168918671 0 0.004057896742162177
0.08163059594859211 0.8177700363068107 0 0.002962298591549034
0.5626478277703998 0.866941094463856 0 0.004968727755766897
0.7835206812508081 0.416098551190538 0 0.00490644276823942
0.6628893026431171 0.7117867996285866 0 0.004972219648516988
0.3910025292870886 0.6988180525473088 0 0.004328582895239217
0.9076536432989739 0.752695165316967 0 0.004997101165243648
0.4880869730954364 0.059901794369118674 0 0.0040667952579802056
0.042368236713433025 0.45960179186662226 0 0.004644533286663902
0.4459156650935269 0.41914184587013675 0 0.003735985927878159
0.8613448320577952 0.6381190605646743 0 0.004936063114305531
0.5262453668426474 0.895004636666047 0 0.00231605946011985
0.9414081672812871 0.29384474681758715 0 0.004695747416631025
0.031196050182166195 0.27776064556690133 0 0.0037503986112863413
0.7119134246601934 0.6428978850772022 0 0.0038246693311671494
0.1525605856051064 0.32271372364341505 0 0.004996455713472763
0.7829005722945287 0.45601234931914 0 0.0033375207248865922
0.1996926684838429 0.2358752552635067 0 0.004432910813584298
0.6207149474853393 0.1462639643459762 0 0.003847622683483867
0.7369554778641707 0.682018663865055 0 0.003970262048933681
0.5184246860632598 0.8454414067143372 0 0.004906807729840683
0.4924056803339681 0.7731368797704128 0 0.0049528592414923075
0.30162078271672593 0.22691707620192933 0 0.003757739588778878
0.6303639526698841 0.36975507613163355 0 0.0033913868482230124
0.744146883373585 0.541296718619298 0 0.004482566765315204
0.7306225774691674 0.8021748709782468 0 0.004975645329707252
0.6703723265095662 0.488810674888236 0 0.004814819248178336
0.7197402134035511 0.1895971914396469 0 0.004787973090019709
0.8906063458979218 0.7061725474077445 0 0.004996042540368937
0.985735341925213 0.8007186209215795 0 0.003873274627653378
0.0540040447368698 0.49487698860444734 0 0.003911459954538717
0.3229620895010565 0.9459316501294955 0 0.004726568816855769
0.22064839949513945 0.5720729151459415 0 0.0010549784245855599
0.2163645067068056 0.5971396374169264 0 0.004921197595103944
0.2695136799848154 0.8649173916632352 0 0.004999774468376716
0.12173292229594744 0.9880647201525339 0 0.0036584422438023572
0.4449752493599795 0.9865807635634657 0 0.004667923327698819
0.6009036103530664 0.09752315747717365 0 0.0049425370598894245
0.495205454244318 0.1980071016550212 0 0.004999732977920161
0.7004782017661472 0.9952774111647655 0 0.00492074333353709
0.6967439205772791 0.17091305515067942 0 0.004760324185860807
0.23188834859301496 0.33542604108391155 0 0.0024807795224163383
0.47812363955478604 0.9292572744490631 0 0.004540005382349283
0.0611777404729945 0.9884723464336607 0 0.004292336484379375
0.8483863486303324 0.9251265087562582 0 0.004805271993447044
0.6310282219883793 0.32394073291562125 0 0.004684434384447128
0.24094149456155797 0.5829785936237095 0 0.0028949988264071096
0.6706452965137697 0.42307020895825614 0 0.0029588292377362635
0.41492856343177403 0.5259169856764017 0 0.0018658965828551911
0.19701059467107582 0.34625480496980726 0 0.001806954081736475
0.6161313330147618 0.322810348349256 0 0.004992506842854213
0.42029442572423176 0.3071240374538871 0 0.003235007108830057
0.1482862252920439 0.7843574106570358 0 0.004149445329756844
0.6954095160690359 0.8148669672210948 0 0.004831857237493256
0.3095750325107482 0.3216154362020784 0 0.0048147700229150825
0.537887565489235 0.8795216739134368 0 0.0049670657204717765
0.8648651790393778 0.8418994020895568 0 0.0030913111980806042
0.6933121612917371 0.327329328182887 0 0.004412041733002407
0.8628526231929978 0.9431973119588191 0 0.0013293421388014732
0.3279794168704477 0.8003085271608826 0 0.00497869742992428
0.7671727412816446 0.8778671305044673 0 0.00497898046863758
0.8227416811445035 0.9053110441169875 0 0.004183704370167688
0.5661332963584116 0.023340013309809053 0 0.004576267260833274
0.09678679391157084 0.5238733291560865 0 0.0038096849573462906
0.8206064026758851 0.6004977637602107 0 0.002639306482229932
0.8082388268395274 0.5063398133365012 0 0.004047694179518908
0.050070637508708646 0.8650889451906725 0 0.003631557659785664
0.1988928384941496 0.2824437573352408 0 0.004999718126634316
0.7356974053782599 0.8113032684103262 0 0.004153235518894635
0.8301027425467937 0.36442445238571636 0 0.004659947491061611
0.8765041747459785 0.5058906284342204 0 0.00487634107209791
0.2674621311519095 0.045819038913363905 0 0.004474570373160778
0.9855897097611361 0.33335870354919345 0 0.00499626944575963
0.06993769657616299 0.6964351449148195 0 0.0019118361082470993
0.2566133947888482 0.2293656513043235 0 0.002450777422693774
0.8733407092670986 0.34766243254598966 0 0.0006380744719491818
0.6770173746512393 0.3333576861175283 0 0.003718139058983905
0.8987601309119504 0.2480836689523291 0 0.004825653939607921
0.7687480526713625 0.6876611565183616 0 0.002428747103773523
0.6044442689733731 0.9532255474522047 0 0.0032403759487802082
0.39491915833017316 0.3117738637975021 0 0.00473772908464181
0.5778153799988072 0.6801761644301555 0 0.004999937788907968
0.10988867808732637 0.7440086090107967 0 0.004579464704123181
0.5869619658553806 0.5517917718398635 0 0.004917212781662165
0.6424563750896772 0.0029006156859644424 0 0.0037040828570342127
0.0465171828801053 0.8381717465068624 0 0.00392267978496594
0.22230106645726785 0.3866511501722651 0 0.004992816627580831
0.23735159143465964 0.6841481253923141 0 0.0036918129589173024
0.8747774706145359 0.42331207169911295 0 0.004995404507095702
0.16702375039562453 0.6585682655362027 0 0.003364913096875879
0.34244626077949974 0.9919470699038584 0 0.004745108425339171
0.11985149230671353 0.128275518202247 0 0.004977428872654215
0.3306970002646767 0.297871227491923 0 0.0047582035805559236
0.18555146448760526 0.5969475478318643 0 0.004778523158221005
0.12244006623867186 0.15546818846108676 0 0.0048319047499319956
0.36779403430296337 0.19774722030449773 0 0.004998628609060767
0.09519270981709081 0.2077144687934682 0 0.004712879599106723
0.6334698918761689 0.5680759497520222 0 0.00419454084316328
0.09093248730679514 0.9950458563420135 0 0.004928036285690822
0.3256342069499463 0.3524222062964642 0 0.004999542699950965
0.2712360788909138 0.6422890973490062 0 0.004981629987089989
0.8141238839972945 0.9568286052125419 0 0.003689869496690641
0.8603009715956871 0.831257677103095 0 0.004778001029919948
0.8350883192715697 0.21005340562123617 0 0.0032699978545437203
0.19059935500153688 0.9580004470823166 0 0.0026104793693734595
0.35536370563706793 0.21442233531449503 0 0.0038277549647850835
0.4323273881674284 0.07462210696724846 0 0.004491175439444402
0.5438976257431211 0.9962272354333915 0 0.0045526926197349445
0.8410909251161403 0.24049618892942579 0 0.0048081348796580985
0.5490796783458177 0.37841660598269783 0 0.004356663488418941
0.9325444539247605 0.7026258211464756 0 0.0045915715371078955
0.9812724143578396 0.24140694948616556 0 0.002856591935071521
0.9475758535551063 0.3242115629445222 0 0.002904866613276167
0.964904724057198 0.7993263472792668 0 0.004997266668396949
0.29422568147748746 0.516123637494119 0 0.002063214555429659
0.14023211250206355 0.3630364994087189 0 0.0047262098125030625
0.9190506050213003 0.318186872887757 0 0.004935133416539139
0.8398081158440067 0.06660750686346416 0 0.004897117148809926
0.10694708597007417 0.8556127495600679 0 0.002660603263758964
0.45698585216970683 0.9256822678076697 0 0.0035710967308359982
0.2652873025448949 0.2231984367247488 0 0.002417672311004789
0.6345332136728129 0.029307543328632717 0 0.004981741001673346
0.9034011301503113 0.34539292914499425 0 0.004038340630018726
0.2533868295927559 0.07144051399400285 0 0.004254580848069507
0.23467848852472015 0.8548629083736868 0 0.004775670023017496
0.5265756201355227 0.8526668430741584 0 0.004937369657497494
0.7576046572200476 0.5596466516362082 0 0.004974898115828671
0.07201205130061315 0.06471422194906083 0 0.004888175071853794
0.9124793717765814 0.7720429856256367 0 0.004587467135046149
0.6866259734100076 0.7387304559033554 0 0.004975341400352114
0.02900894169526335 0.48062680406534447 0 0.004940165417820251
0.19947047837871565 0.5096193412968957 0 0.0048144030161260745
0.4918097149518154 0.24805801159575377 0 0.004252546738594462
0.6859512638783968 0.8904056771515365 0 0.0049938529438848175
0.3007978250727283 0.6115723602788301 0 0.0035026140641068334
0.8825020679205949 0.8551107096090187 0 0.0033705396232401185
0.46718414301326344 0.9030005367091994 0 0.004998480485486222
0.8440896038799536 0.3852385215716649 0 0.004654262980441306
0.6296714412751291 0.6869891723781452 0 0.004894180053990913
0.7393792203095334 0.010938736003404441 0 0.003238849202885423
0.5967478348688453 0.25401890260776244 0 0.0037515130770586023
0.3684876181514987 0.7558706783089123 0 0.0048582170965119935
0.4129848290959342 0.23503729040438145 0 0.0011222422948316017
0.13698070243476165 0.3367238344386379 0 0.0037981373096356704
0.692461418248702 0.49265569356044264 0 0.004896965074308525
0.7019476213068924 0.41497965250741325 0 0.004645478654362103
0.6704496348579178 0.6356014501120685 0 0.004645146500496483
0.5663233829545211 0.4188151201297778 0 0.00485941191335786
0.6005914129780329 0.9613174992461136 0 0.003423758328021898
0.5838497289797986 0.4065110255781261 0 0.0037903013620370013
0.08209038306763415 0.551831877924518 0 0.00412296557583138
0.5448203654925954 0.5845328117568128 0 0.004724766347516162
0.370721065304541 0.9805674774162809 0 0.004440393215138624
0.40405264338122654 0.031038227109612897 0 0.001673091058449002
0.20419410460246698 0.31789133153647947 0 0.004827408497816803
0.05904598518280589 0.8963247209586 0 0.0037680065074754167
0.11977038580986553 0.28001317876690174 0 0.004468816905316758
0.12138243279860193 0.17367566377453134 0 0.004947046382078643
0.24641064512919839 0.004332238567526065 0 0.00394117378084924
0.9278882118709262 0.6304640216595883 0 0.004276149501623503
0.9726252362762016 0.2936572608163102 0 0.004988628127372279
0.6269464051060905 0.513537315856704 0 0.0028189772454502047
0.678631008466059 0.6467705510251622 0 0.0031748006076494184
0.05065922788313125 0.26580925772571223 0 0.004121371568885196
0.9180299461012243 0.9524671966187833 0 0.0005082104861941285
0.8877819375370988 0.323045256338589 0 0.003103873148533762
0.43213271792758784 0.22239673709622496 0 0.0036011429953748363
0.9530519615248297 0.628446073018566 0 0.0013403885179533192
0.2770668870115505 0.9172680524773734 0 0.0015654788990914765
0.6943243060560733 0.7907524661105005 0 0.004383948124345057
0.31534259753748434 0.11012868343374259 0 0.0034522810242993383
0.21479486108713106 0.2029649928445226 0 0.004600056520790461
0.9755001187449379 0.6763819574551614 0 0.00457720619273562
0.7947838254025028 0.5428391636072023 0 0.004709435400612974
0.8595584001670941 0.3976386679717366 0 0.004407021073586802
0.6430224579747457 0.23659642232062025 0 0.003596689673283735
0.42778551840328743 0.9649437666561275 0 0.0005808103153657017
0.7518082956284758 0.7601671263595329 0 0.002988520016014014
0.6508075454321655 0.35339950978418583 0 0.0016504976571954876
0.822050470208275 0.2762800271200336 0 0.0005900535110046568
0.6850469622546662 0.10659600766496168 0 0.004651124572496328
0.9525532446676195 0.2674720129372388 0 0.004842308142487641
0.366015892901912 0.13539154485086466 0 0.003946854032521442
0.2791805883614417 0.5878358623918961 0 0.0028818128204733686
0.7233196042669713 0.8279230210622511 0 0.0024937210787542583
0.9952203314604249 0.549220396036374 0 0.0032455798479339246
0.27249177202343516 0.03054879113895958 0 0.004590158404644572
0.9503037687275286 0.06786292954210725 0 0.004008634787229392
0.4487555774768261 0.2463662946422914 0 0.00453161809526423
0.24647204938830233 0.46195705875707765 0 0.00313543918486698
0.37604461496847646 0.8809872928777464 0 0.0036326436318370094
0.20486693536610998 0.04332384714579661 0 0.004357195164438968
0.9038667965652502 0.8510208336094696 0 0.004045053227203819
0.300104605407935 0.7573393357703673 0 0.003131541977557938
0.9625390851065275 0.932201075432217 0 0.0016644474670720567
0.580316442977599 0.0409805176165081 0 0.0049746310491139475
0.9521986022102606 0.8320564883826792 0 0.00455642912822534
0.409806292747708 0.021710758931410494 0 0.002641390689338553
0.9639093692280625 0.451183882074551 0 0.004756308430458197
0.23799211047802935 0.17789073254801754 0 0.002146385343078218
0.6912812006783513 0.408671176401678 0 0.004404264391308809
0.1481413168523946 0.696721676644732 0 0.004163985156453919
0.19947938278013885 0.016178197145270683 0 0.003209979844673343
0.44175199587748154 0.512438766637682 0 0.004594945571491958
0.7667273055554995 0.6625307357322149 0 0.004638240063927306
0.20915860577297837 0.33585219673307926 0 0.004158819663963567
0.994236977927819 0.269450648367584 0 0.004935091165363532
0.19522632050161723 0.8278808862536784 0 0.0041152434040901175
0.26357932943907697 0.5565147014946559 0 0.00494805202948081
0.7205819547634945 0.04094304430406069 0 0.002243802203631247
0.4287542020661687 0.47227679979153775 0 0.0025754719220880806
0.7386021649751775 0.9990471216459493 0 0.004235340232494064
0.8914364068455234 0.5350715829747598 0 0.004908820432763805
0.5072584393905979 0.9471313019532187 0 0.003044248686779779
0.711998149802759 0.33074198187893017 0 0.0042530896840286036
0.0982589975485668 0.5890890660658752 0 0.003702947217611668
0.027702799014531092 0.3509112514233656 0 0.004872985489307451
0.6612249394730196 0.7353149301941749 0 0.003192876311783386
0.2915450655324873 0.766520338807172 0 0.0009257751321040328
0.4734037559959076 0.7375817727576153 0 0.004620699493901924
0.2824214156878017 0.1635076469802876 0 0.0033175042155069072
0.13257948615028 0.5166689788534198 0 0.00493812239110264
0.9871139271570679 0.7271376150793945 0 0.00499302133888533
0.47770931255656807 0.10033907695738574 0 0.004654349723562323
0.9542290026280215 0.9035877031235836 0 0.0020627589981493037
0.04822363104888504 0.6716903966978798 0 0.0036102642961130223
0.5125234216681526 0.5858962422361607 0 0.0021923237919328612
0.3291594938389239 0.48937460603593846 0 0.004541990740491207
0.807479550480951 0.556142475234992 0 0.004216761778240838
0.07093659121180927 0.8824847687731799 0 0.004734284130288813
0.17463284767512585 0.2040805494182911 0 0.003022800772206252
0.8934315843199353 0.1082199737856465 0 0.001059200702883486
0.40533551777909343 0.958067572836473 0 0.004973467787262441
0.795909336261415 0.1355900353770146 0 0.0049545351415029165
0.0508470782013095 0.20147918502375736 0 0.003909924798933248
0.28412131882807284 0.729957441351441 0 0.004153642595916323
0.05996784337406212 0.41981327228956017 0 0.0038677150516187803
0.7864977539462367 0.8483798279726809 0 0.003979084051424687
0.7040932754520224 0.007875632722865504 0 0.004998941979071501
0.12806295975136547 0.27058889233064304 0 0.004928126503807125
0.0909625877481167 0.8605956497842016 0 0.004700340127067664
0.3199610035900727 0.4715193802327547 0 0.004999972865323766
0.9819072243903678 0.8292978941572933 0 0.004224340522446586
0.4317203824178894 0.6785471680315812 0 0.00405024994302566
0.47386356775928534 0.1995070379885153 0 0.0020582069949887567
0.8530246663448211 0.9845567006700322 0 0.004735659844602912
0.8177517725253931 0.557997034532811 0 0.0049992082295566296
0.30694365557842346 0.5216910003009951 0 0.004819067452402845
0.28096120247135564 0.8975786523632123 0 0.004430454797814046
0.8683780347282514 0.049038085696950215 0 0.004180059399469245
0.08003731220777864 0.006566294325635597 0 0.002125952860930401
0.7462065615222551 0.7451041271318274 0 0.004953221386710094
0.9887766858535839 0.31913975204382733 0 0.0022614146901701903
0.18864600271480567 0.8637654456720663 0 0.0019750607603600456
0.3523072783676629 0.02821057511780111 0 0.002198030961150252
0.49842329559927684 0.679312450317579 0 0.004946502642439143
0.6227079636519336 0.6086040474386556 0 0.004924019263847568
0.22915701971971422 0.47208978163573384 0 0.004261705879821045
0.07885857776269277 0.22803630876973655 0 0.0040088121505056345
0.6935992200661375 0.15490591635280668 0 0.0032751503372077284
0.006184267093380597 0.9609491034273289 0 0.004832814755442882
0.27378062612781223 0.7975696239653561 0 0.004880507556521542
0.40586471147287956 0.8182752468747384 0 0.004994122504657651
0.01588706164888109 0.06248789211470272 0 0.0010978710940916033
0.11519480720271079 0.20340351548399468 0 0.0028334249012989567
0.5539865211645526 0.3695658725505114 0 0.0028653043878813997
0.9577983818808137 0.7620751614701172 0 0.0031334806665843564
0.554400273056413 0.0914050676266037 0 0.004477603385965184
0.3055281026279136 0.8131542305756873 0 0.003382429635264556
0.5282958238049219 0.7721154593590391 0 0.0038828828107212673
0.1990943125417178 0.7807041902323819 0 0.004858457932534978
0.6331884377984004 0.10827902982817016 0 0.0032309583830938808
0.8139175078986638 0.6794963039169624 0 0.004107532761860622
0.8646263937816973 0.0009352382349825339 0 0.0025760550604777012
0.10209595027563577 0.12426423539073782 0 0.004952921358215989
0.2048721959262599 0.9456613409997007 0 0.004910209240423765
0.391810209388127 0.5750739236765035 0 0.004010229732690811
0.8387125823411409 0.45704471358363624 0 0.004695810988017751
0.8499745212427414 0.5460452203438213 0 0.0025782999416333846
0.0009813448192226247 0.7219802718602321 0 0.003441042388427158
0.3312838016421454 0.45801249202494326 0 0.0035571273694507905
0.00582030714175929 0.9414709896085097 0 0.004712788297098094
0.9835162649776192 0.14863573574134123 0 0.004677155778729734
0.8669065328907348 0.3189024305970993 0 0.004945893737467057
0.6467431917049032 0.8581961669941779 0 0.004798527543637493
0.444899767169112 0.8402815654289841 0 0.004822869944160045
0.6174559072965127 0.19421947069484044 0 0.0026677144399394346
0.4988185669784833 0.5938159069495558 0 0.0036487950853295193
0.2742045869733369 0.9361437610827166 0 0.002630026995501357
0.49068577085603954 0.1534921254237682 0 0.002487424063396606
0.209289460255864 0.8692862177566902 0 0.0042418486055756386
0.5597713733018612 0.7672067961997585 0 0.0049997339888945575
0.9671604863794259 0.727560597487107 0 0.0034198261014834253
0.16220958735443233 0.32781965741041713 0 0.0025320794769158467
0.7966696837361141 0.6657855970156724 0 0.0013748594270378467
0.7136101150088399 0.8706852240971008 0 0.0029958505890920833
0.5634502089638215 0.5815514058483688 0 0.0015921379591793095
0.3724391648057674 0.7369506599029042 0 0.004878798475694533
0.672402838802707 0.8800097277262695 0 0.004842788810012344
0.05823637020219484 0.4040328290102491 0 0.003744894335198728
0.598582573685773 0.3322374874868241 0 0.004929023547773417
0.6114155626742701 0.20913878307368336 0 0.00473153635306528
0.3897152706700295 0.9922672482449185 0 0.003584196262556321
0.12554151030984925 0.5358313765996846 0 0.004589408178842186
0.17988814528442496 0.39633746164477907 0 0.003933079763583859
0.9961434860782304 0.681350369718009 0 0.0029246022554762375
0.1462490944044804 0.6252670756592209 0 0.004272236070231697
0.6850380733765816 0.9042008187200694 0 0.00123841789173285
0.7247618529856411 0.5667064961972847 0 0.004994845703172172
0.06649332444906474 0.9540882790331774 0 0.003025635399766629
0.2967269434061725 0.16732127933742832 0 0.004041435738276195
0.4013624891684718 0.7665860829193573 0 0.004866918549214966
0.38689385256622383 0.9448373556433672 0 0.004055847909725929
0.45961150539030665 0.2923602881316086 0 0.0023962817461945698
0.017312080266510092 0.7083420902429142 0 0.003401832666414387
0.12154140417849411 0.8298386141196774 0 0.004914305572643248
0.3668330938804976 0.5746788942747776 0 0.0038081296889939543
0.49956657763814766 0.8966112997524617 0 0.00458913735259158
0.6357468290386372 0.5481277519630448 0 0.004993894102880816
0.7448662044262198 0.7186749158701705 0 0.003422981736868208
0.386650139192713 0.5676188433014292 0 0.002569471962434304
0.6307097402108542 0.7238678815980756 0 0.0030743437556034997
0.8488317299155818 0.4967956921183005 0 0.004757240709012481
0.9402684764785134 0.729027388434406 0 0.004946751571337849
0.884523622757608 0.9847407306100606 0 0.0048909434674919774
0.8226913260961647 0.7841342186707824 0 0.00372059595395244
0.5210981599339698 0.9821322728584205 0 0.0049533266814786705
0.14429669608123727 0.4726357817829779 0 0.004446737651338083
0.4758430907311994 0.011297205631475953 0 0.004926941607297243
0.07728980411779383 0.8477027071599325 0 0.002797012199963205
0.5924935159801547 0.60677852335955 0 0.0003752904200366581
0.5132914260094065 0.6264284003569186 0 0.004330763343358856
0.0837450846893245 0.26727473040938204 0 0.0048222124398320755
0.46066680755204 0.8871890084495474 0 0.0028284301222384002
0.5193049342554542 0.0972860183524956 0 0.0007855861106309643
0.6538628301224473 0.37176498248253304 0 0.004374475906785657
0.46901993578283935 0.49961802515656867 0 0.003537675322904064
0.8340449952790611 0.2585624256613374 0 0.004592459816497285
0.3466829444438915 0.41827619903198027 0 0.004951189357233076
0.6089544805064687 0.17298982848230413 0 0.0014813125169382518
0.2151907690964213 0.7757744901372481 0 0.004783318836387735
0.09302136263909931 0.014011095737522343 0 0.003337521632067178
0.8761038191414379 0.4635214414877276 0 0.0048341867309749965
0.8028301296942199 0.19997948750334235 0 0.00450534477928473
0.38040245044025905 0.1182901883485291 0 0.0023684449547526367
0.7121230099057747 0.37838663367213526 0 0.004987681378171351
0.9386925186769888 0.7186959761973225 0 0.0049977350914981325
0.8765546899349993 0.5707113832221048 0 0.003384572374106834
0.8939670066810931 0.49003661858003383 0 0.004999775889063012
0.04166588880099818 0.42785223267300904 0 0.0049304229419508926
0.217131847059952 0.46236861605420904 0 0.0047902233028300975
0.5979875149921265 0.8601633517879242 0 0.004256971892650413
0.6586323006865872 0.3296801054607494 0 0.003217643346528906
0.7840869138919135 0.40587420295718085 0 0.0026891195311576042
0.11511086674400038 0.32279324466572495 0 0.004888991230947739
0.9442008928953576 0.8718868486803957 0 0.0026614695010268516
0.23579930851882477 0.23229300632028946 0 0.00493804967578083
0.2628753799014714 0.2978706200221061 0 0.004991779957457672
0.7870780761116437 0.3042594349631615 0 0.004870551130422675
0.20675874029268612 0.7268893787370866 0 0.004980673875262755
0.5426757168493668 0.06609138920971856 0 0.003508972380346203
0.9795487220717523 0.7848185570273574 0 0.002296252587494231
0.916471655408537 0.57371336993566 0 0.0045145970634667965
0.04070132981265827 0.9045672912256975 0 0.0031257989926615722
0.8022241333791893 0.772023072616157 0 0.004516322885984309
0.7718884466107416 0.5869993533008395 0 0.0007521125607294175
0.357683507829245 0.04201328835063532 0 0.002239611727352222
0.2306414590506106 0.0230904555376844 0 0.004617828910868042
0.313342505914221 0.7967159542983236 0 0.0044752505819531585
0.13331529936295636 0.6116753004650083 0 0.0005426272158111724
0.43893511623227394 0.0611086968587755 0 0.004928762110119059
0.30446926201948904 0.8655512102405583 0 0.0038703381306751544
0.9608125793782707 0.4217198487715483 0 0.004834527410326208
0.08411485512027349 0.30988837595239954 0 0.0017636501271763472
0.8015417428015724 0.3311823532230063 0 0.0007243347339737336
0.6588100856925748 0.6767922092472218 0 0.0038834147323424132
0.6879645553076973 0.7700006871134971 0 0.002995503142835168
0.0037298764636393097 0.22667237299777696 0 0.004340763028317631
0.013763622958223413 0.19622771544254833 0 0.00455966685874589
0.21457782886567608 0.36121405036424187 0 0.0030690916484662277
0.39352983626667354 0.9324577993898031 0 0.002016499104237765
0.34063353645770417 0.7290841582820229 0 0.0022330655483508723
0.04253684291071967 0.3195158396105677 0 0.004144571874378019
0.5406649731471654 0.8343636617317585 0 0.004944011146781499
0.9847639768161675 0.404701692857621 0 0.004999999311513259
0.6247280805476343 0.6564390556860087 0 0.004510020540941306
0.8312066216849723 0.411663973172174 0 0.003895252257537905
0.001926427193830289 0.5835079094014256 0 0.0049765018515362846
0.8625485239288927 0.8204364293592762 0 0.004310084292009681
0.951051077481544 0.42366758588838666 0 0.003347333858225799
0.8120121968129664 0.6106853840648881 0 0.0031340915916793013
0.5187678154420167 0.25194280199178015 0 0.004977349559755876
0.6176672816709671 0.3900047660515233 0 0.004337889922121561
0.9361492049011827 0.6387325354086613 0 0.00486996937039438
0.5313974187052584 0.07630156499814876 0 0.003361398407165338
0.7195642707066453 0.10106134651333619 0 0.004999432760878755
0.865897816629596 0.4361938499480779 0 0.004948019266262941
0.0009014449295480187 0.6053124199956205 0 0.003046661487991518
0.17172131472891347 0.45702663416652684 0 0.00428806462421879
0.3677233473121209 0.24337776851860435 0 0.0040245769666317835
0.5570953181782171 0.9433518697646636 0 0.002406640289524202
0.8863245699055157 0.8963634513715203 0 0.002157923369474379
0.5087319458773223 0.41280252455650385 0 0.002891717494655637
0.019063931484447842 0.6057887484967743 0 0.004910518229255159
0.7732126903564004 0.6115303121955789 0 0.0049888433614828686
0.2824320691080043 0.5018526275229992 0 0.0027272402136063367
0.7171346621292236 0.670423583451461 0 0.004999314483815675
0.31068938486663217 0.7443785355744422 0 0.0021957469269653722
0.39121085734370736 0.462785906123596 0 0.004439024202420668
0.5136615922397769 0.13139052201338217 0 0.003403404402902888
0.5476218037349956 0.0838200506499742 0 0.004087127166672375
0.0024698606350390625 0.32774307768005057 0 0.004444441664546097
0.009160116258981048 0.15309162318509859 0 0.0034649715531949003
0.025367621546823142 0.951297842693906 0 0.004568884392069203
0.9431712115620229 0.6861258682038075 0 0.00499978133405433
0.028237811948323636 0.8246508907359152 0 0.004744660857761413
0.5892578931394562 0.7513799961655685 0 0.0032917229099538314
0.6563137112855922 0.7022118414880013 0 0.0049000429519432875
0.46465523384914936 0.797520045957602 0 0.0021070739233880107
0.9725784533435154 0.6367413770453101 0 0.0029982219401397505
0.4370364980109476 0.7437845901399356 0 0.004323278471940818
0.34385689150077386 0.039577801806047294 0 0.003551168037369661
0.3291685044155625 0.6287592390443042 0 0.0013490379394027652
0.7678432377750994 0.03146679935819684 0 0.003643228381905705
0.8472769662528962 0.44956853872134 0 0.004993926829364109
0.22185692990014647 0.7968158436492534 0 0.0049906041898609655
0.4045987333975552 0.41400112537573247 0 0.0049053597426156476
0.8034924599533319 0.14344266713148932 0 0.0038534878241469005
0.3643992240370572 0.43016323185630173 0 0.0044126677285586694
0.10904229263258079 0.8379088099343565 0 0.003981549392088333
0.6442755257975481 0.1338257551250784 0 0.003980571885061318
0.2797088731285056 0.4440429942270058 0 0.00386511305981401
0.6823046780405725 0.9727702912614425 0 0.0049829503764737835
0.2642430463558825 0.5830567906007661 0 0.0034881691978855215
0.5814638980860627 0.2015900894293133 0 0.003107429533263401
0.47135424451711366 0.9495015266688029 0 0.003322054631684884
0.03892463623626018 0.14730022440110777 0 0.004849288046479661
0.6108703667687395 0.9461782501842455 0 0.004695827561102871
0.32281684655747184 0.6554138819269193 0 0.004945194571383195
0.6932942572164671 0.775269378447154 0 0.003674107932927028
0.7392829466108661 0.2615357221844507 0 0.004963234431244211
0.6689475917858045 0.9883814773850889 0 0.002661504600600584
0.7878214591686273 0.03357863972983009 0 0.004512997939781441
