0.9123433593597491 0.49434974730016273 0 0.004251149225295504
0.2817123667307056 0.014815481037696358 0 0.004167909171671066
0.8466086711641639 0.6108177534028225 0 0.004985024041711909
0.3056838702421067 0.961079567864093 0 0.003860851706649195
0.061281711009706016 0.991139938584098 0 0.0016381811350184555
0.44804305591594157 0.015563089435549841 0 0.003624414807552367
0.037736884269230817 0.6702165482635616 0 0.004887177513046748
0.005309560601897906 0.9910308625601618 0 0.00463893708860972
0.14277774263444684 0.4677413780147071 0 0.00496179077933414
0.43160858056984247 0.48088934152280777 0 0.003362353169743587
0.1008839575243383 0.47339707629868205 0 0.0034341597680378373
0.5703753537584344 0.8594244355822288 0 0.003074708956338617
0.37820416392124784 0.3449543213710206 0 0.0026768253950174258
0.017666184387756016 0.04713687152004496 0 0.003333357976879878
0.5596522838921988 0.9132964028825469 0 0.004694948402694369
0.7763613928312618 0.29993395797463557 0 0.003976030873900013
0.00439715863018641 0.35593713921917586 0 0.004999964248635049
0.34290660716743976 0.03130914548923146 0 0.0034771938160893354
0.03283336159038351 0.7471685893486303 0 0.00066971676825606
0.7302496330959062 0.42094860595481626 0 0.003934538571347627
0.2712612844533581 0.9226526745618719 0 0.004912053566797556
0.19567293182891562 0.5520390497102365 0 0.004744953438746013
0.10815727281948438 0.5106170006808989 0 0.00491123279261507
0.20055566737112793 0.03021034737526273 0 0.004568530532216895
0.7605786716746245 0.7708645245006539 0 0.0044187251491287095
0.7580242972895911 0.04811196754325196 0 0.004962682575638888
0.4403924674191015 0.9549951511487876 0 0.0048198771652120005
0.41092362352714157 0.6336419344750747 0 0.003951986933045157
0.05555282910075364 0.607836362744181 0 0.0015006276838798027
0.23655984007428107 0.7464913562254617 0 0.004940695077812783
0.12311562140779596 0.6227308870534349 0 0.00477238871122698
0.9581773337872448 0.1178632723093501 0 0.004601463126094092
0.8665465713004371 0.3754266190710092 0 0.00426494245407272
0.8296175108987647 0.5150255658837186 0 0.0019553302796546743
0.35584447963188276 0.8221062726790812 0 0.004968574241147259
0.9389002709868326 0.3374961433403972 0 0.004729353492090441
0.7396867240966908 0.31168074156728803 0 0.004931494648120635
0.48118628958854753 0.20292148103548754 0 0.0028998873079999483
0.5539742394031413 0.13744976514689553 0 0.002544947259455726
0.9854620739636812 0.9411441266606569 0 0.004905698927783269
0.6151733683373322 0.7671330374745831 0 0.000249054558441234
0.9574381695274609 0.6950655562426051 0 0.004418736922149946
0.6575602279551023 0.008334485137193585 0 0.0046219974155400495
0.16824007530271998 0.14383408323432076 0 0.004869560367314221
0.7348934180289961 0.6137239196477511 0 0.004622415204080174
0.4095421367819911 0.4170420695065336 0 0.0042074090114194865
0.6982146342259686 0.6790199073459999 0 0.003653231156125513
0.21982807437749716 0.7353048109306585 0 0.004995493692266172
0.05757986107412903 0.2512241660743875 0 0.00492701648824518
0.13569567815991931 0.028828585032872327 0 0.004489129678840464
0.7174226523936857 0.023674768990805443 0 0.003113362359324565
0.48385119354050515 0.520682467458202 0 0.004587954004942142
0.460155149442451 0.5286107687344327 0 0.0033927034711176444
0.6841099291686862 0.29869561660066773 0 0.004910902705988398
0.13867976377050703 0.6848230883182372 0 0.0026000537591748707
0.7407095618850669 0.12417558376401337 0 0.0036508261295232734
0.7609337050769586 0.7228522030919597 0 0.00480586529664358
0.4335422092691488 0.9632369787931726 0 0.0036918652769920794
0.2612222461264763 0.7749749232107157 0 0.004980565892525607
0.7736834333006829 0.8055718194251462 0 0.0027407561195662076
0.9656136935365123 0.867293506926773 0 0.0046531772898147855
0.29687502508385927 0.8725624826338915 0 0.004760907885672755
0.2024265937109044 0.6828984618798907 0 0.0020816170082136264
0.590903509215244 0.8658697670056349 0 0.0032148084199828076
0.1987653295118804 0.8353736162646507 0 0.003547587730270937
0.9662019923517596 0.9229639604017743 0 0.003294706385760721
0.3594590336770151 0.6755671511354455 0 0.0034424227560041596
0.5579175290984056 0.6045979608287787 0 0.002389437475934006
0.4932377859391784 0.527885941420361 0 0.004347597366490645
0.6321543795003675 0.18865554146521388 0 0.0047805478346937685
0.7870072959102049 0.28350396976526543 0 0.001300663771472814
0.22921644673253536 0.6983298729613057 0 0.0037909073569925324
0.18287065141480294 0.9653439289158489 0 0.002284930892035288
0.5529240447870714 0.9053398913519297 0 0.0016783604474583124
0.23363338541986242 0.28566160383865175 0 0.0031470373229985265
0.6523124330407702 0.3102407772612947 0 0.0049796709000755925
0.02580471204636891 0.481376136586731 0 0.004459885277731874
0.6319624243880767 0.21138083226916668 0 0.004958200148521009
0.9138719665176225 0.4072642936947804 0 0.004636702358853274
0.12733157893716593 0.7519038600817154 0 0.004188321979533041
0.9281735037950841 0.6893388657869044 0 0.003994310544956679
0.15713619540310994 0.810901957440831 0 0.004789290814910644
0.9302573187461354 0.20741772474498418 0 0.0034620457102435744
0.714438103856848 0.3260628474597405 0 0.004654594934022864
0.13648774637558145 0.9067542032993231 0 0.0016631858969076646
0.5967062327737407 0.8280649305540321 0 0.0031472269697209935
0.5413654937885045 0.5200212638929653 0 0.004999937287157994
0.3093427253226287 0.42878845916717917 0 0.00043568337201246323
0.14299771305857742 0.7950569489734054 0 0.004960141679245277
0.8499858693915494 0.2746357580260525 0 0.004962880357519628
0.9133971964931861 0.8651457179933733 0 0.003770627627298337
0.9203373522073597 0.9775022724261986 0 0.004981019228981449
0.8284192517115079 0.6630861835901846 0 0.0039011434179119127
0.3200034718205719 0.434299340832955 0 0.004309557598093133
0.9427388809226319 0.36945742824233635 0 0.0049270400165591765
0.7300393589929007 0.7851212300228219 0 0.004105823384247117
0.5899030759731778 0.37643431134436395 0 0.003875324512132853
0.448696645937329 0.08778633345104501 0 0.004929769892511434
0.6463287827157107 0.23074601544245585 0 0.00491096277256121
0.5884283570144695 0.11714006479796633 0 0.0049998849616894915
0.9863109037850859 0.9128661996994737 0 0.004986118037327491
0.6110988835034846 0.7234841004259005 0 0.0031841854570630514
0.9102592411312284 0.08802898196557139 0 0.00484270222090466
0.19469579226841502 0.2762463666871641 0 0.004594156207681528
0.021763360243301826 0.3508035742765387 0 0.004642384112980491
0.42454056308853744 0.5640084929860587 0 0.00498740896616821
0.04506149148397974 0.7414943394560387 0 0.004676834768277234
0.9515413463590676 0.8220149995309282 0 0.004900606364704171
0.6779640073591391 0.7566377002404652 0 0.003542673122135096
0.552967755284691 0.6835703585719108 0 0.0015512977878104138
0.45619201669114534 0.2796406689526351 0 0.00497966153111152
0.9018254527314111 0.8889091660694567 0 0.003044929489321831
0.7832315704155886 0.5909311657892534 0 0.00486300670393344
0.3315574131733487 0.15862939448302268 0 0.004214779723414499
0.5143887761047363 0.9934269074170772 0 0.004845434516819714
0.39726050027930376 0.6860925137579269 0 0.001741785646546327
0.08597448057793643 0.5633879792232601 0 0.004999227558801762
0.31867267942698846 0.5854330909805524 0 0.003239191586215952
0.6936648533925015 0.8255972793682238 0 0.0023572089682360416
0.08367779039763211 0.40367068361977226 0 0.003539519969262603
0.6336403505319819 0.8282321476145856 0 0.00483001674843478
0.5241941646705004 0.21773608427987165 0 0.004766699926553422
0.8126695248510046 0.7800785722403041 0 0.003051791054629152
0.46569327892181916 0.8786346301817599 0 0.004403867285868983
0.050430164876628755 0.8917768100827331 0 0.0049144359028646285
0.48857422228981445 0.3048874220560071 0 0.004994004723022419
0.7935037556430062 0.734572409347558 0 0.004664797773449959
0.5033546684539737 0.28500206141280976 0 0.0033508820006950043
0.04692881414996007 0.6770245968331493 0 0.003225294502464414
0.4156234257954812 0.2265045746459585 0 0.0040242275341669945
0.26363846853797707 0.5024819405365061 0 0.0015241144432006691
0.4009541216859614 0.6313929941662694 0 0.004161046448735606
0.6167644693838692 0.11410514169870688 0 0.002916656452496689
0.16463481028402013 0.9709220085044611 0 0.004961895466771636
0.05820997523394887 0.8997416061395401 0 0.004204239867988103
0.2864694668873203 0.24888999861602643 0 0.004561289003453523
0.5318322350345895 0.04248914239433797 0 0.0029287564291558175
0.5066024490581318 0.1809195202597886 0 0.004891829890508985
0.6277425881859314 0.3756390688351097 0 0.004999458792922919
0.659426589207877 0.2972159802203315 0 0.004189304443948261
0.7035593338663152 0.7538347471800982 0 0.0046465379325148675
0.5594482724068313 0.9303924932065724 0 0.0036901841387432907
0.364330035815367 0.33909960845410664 0 0.004025921128457385
0.12159439945986604 0.3015090990176527 0 0.002190924109593299
0.4439190115436081 0.9027000513983959 0 0.004975144433355678
0.6260347479328459 0.7406551819014614 0 0.004806248300818286
0.7281275391682711 0.6456990905308222 0 0.0048983629163681566
0.24767386015617895 0.7500623345783186 0 0.004779825684684027
0.9520773797359279 0.9734427054590381 0 0.004999999930925049
0.8428251311478524 0.8453740995633826 0 0.004856158032111728
0.658920109013521 0.7168386241029929 0 0.00471906110837572
0.8445944031546936 0.5116184990334074 0 0.004104200334553933
0.7110925695220823 0.8396257828603535 0 0.004200791454300726
0.37184869965133166 0.6331133255143038 0 0.0032488868065190454
0.6114912217324812 0.823487566903989 0 0.004996728217360097
0.18097577476930923 0.3022992194062964 0 0.004964216315799133
0.1450180942753919 0.3908421653640924 0 0.0038222422299950464
0.14615493528149434 0.8875880162246069 0 0.00356861902366407
0.9851720990653521 0.7793531203974202 0 0.0016340624165036908
0.33341685862909126 0.18615120841188323 0 0.0032570027261356175
0.6730983242669326 0.2577606039295152 0 0.0049881193209285225
0.8710166827336607 0.8547070289929652 0 0.004908693458615283
0.009751643036116968 0.2040092097249698 0 0.0028385352670763186
0.2944470220151753 0.6687859525865135 0 0.0014583584993251091
0.4898017462237079 0.2894065791642469 0 0.0038489811414228964
0.6046446151272085 0.7678618537344231 0 0.004871385338347636
0.0985782702651886 0.13072967561323032 0 0.004828988831550915
0.6171406618120319 0.49441683817489007 0 0.00462071296258302
0.502638284078299 0.35989316918451947 0 0.004986752505944184
0.0028070926150941485 0.7743547728776886 0 0.003630370187860966
0.40048398812258484 0.15947191190515228 0 0.004435702578903648
0.3830749242357218 0.45692424038965934 0 0.004963890639343893
0.4104272053135672 0.2440531120252146 0 0.0044487828945349375
0.5004794330797373 0.14282936404348553 0 0.0033923084617740297
0.15521470126238376 0.5821524074880389 0 0.004993269807478702
0.5063290219167513 0.5217321070261075 0 0.002740115694588463
0.6844835988290318 0.7431497620586079 0 0.004989839289489476
0.059373211425826064 0.8544336061423359 0 0.0040980385684530555
0.8096797028598288 0.7173489394954915 0 0.004935212248568643
0.32221639883696923 0.76838041615798 0 0.004858711870734433
0.710720052038955 0.9852114381963177 0 0.0048040431478313965
0.05224231428939584 0.39444349124466344 0 0.004525991478173365
0.35769729667694444 0.7219612324723914 0 0.004951885627069375
0.8379891079736876 0.7713330948247011 0 0.004620476181308204
0.08488184644608941 0.5783224138180665 0 0.004765864558175407
0.93139619050334 0.5093835480559149 0 0.004218053619264217
0.36966965059035867 0.8039198643887417 0 0.00362425044186922
0.2290280289071814 0.8375921647291541 0 0.004881740942971151
0.10477049225747602 0.4832301641103069 0 0.0036724170851997633
0.4672346006839427 0.9413220605359611 0 0.004999971849168195
0.5473495968836113 0.3877948553380483 0 0.004130875817291224
0.8583010957638896 0.6572436370065187 0 0.003889226452328089
0.03503276568281276 0.5250538188502795 0 0.004869880512587924
0.7918364137375825 0.18002449784092608 0 0.004999601274390301
0.4987454243823312 0.7041784509655923 0 0.004323192893927685
0.40322742141946727 0.030434657632291133 0 0.003427471998452728
0.884904944368008 0.3933221734021422 0 0.0027110137435318294
0.07868313642444112 0.32717500835660834 0 0.004943899636605277
0.5280714280285517 0.23053526935585075 0 0.004328294123677005
0.03424382689615989 0.41189007365946034 0 0.0046463247368464765
0.02894989995217289 0.6192761784298357 0 0.004999238695715778
0.3005738177280302 0.16176827650291256 0 0.0045857016881837055
0.07374961868272221 0.4577235562165897 0 0.004712077855345392
0.9886878694633914 0.16011990312632837 0 0.004695301809193565
0.4054326851038342 0.6639240543229245 0 0.0030498288609104684
0.46962011526499586 0.5644867852499453 0 0.003875187849757863
0.7083833476700215 0.903942014159399 0 0.0024324381675529787
0.38611696803535905 0.3590109483431145 0 0.003847814707685687
0.5336809535529665 0.19768209920916854 0 0.004696089069155865
0.9255355792800586 0.059054224885417325 0 0.0032518225981055713
0.28743893676276006 0.5428344264279508 0 0.0026346535428909126
0.870179821293019 0.2696761141377881 0 0.004926920155521984
0.15346398053368857 0.6182903944486128 0 0.002982804258918781
0.38618482772640056 0.01853385248428873 0 0.0014526166550312895
0.9899691590458589 0.8132500873908763 0 0.00297256801940783
0.9268254223158057 0.6399030147538104 0 0.004277295607975547
0.7947918712848097 0.802853420285384 0 0.004574168400488801
0.8120604866855133 0.21333689853885082 0 0.0049904811523531975
0.12066915132051458 0.01058223119444434 0 0.004671505696760822
0.17578041974115097 0.4021664961928178 0 0.003182510221559106
0.85688819011092 0.7940995729392101 0 0.004999715418891372
0.10281338843237751 0.11956036361840626 0 0.004959538924868654
0.9023505556090512 0.2279864790015604 0 0.0047243200985866195
0.16091944423884583 0.21243102600457583 0 0.0035196009118578547
0.10248314500085741 0.672956453521733 0 0.004978661062246107
0.2738633955596976 0.8115513368515401 0 0.004996604314887762
0.7022798514423304 0.18217904098459178 0 0.0049534063255254855
0.6311727039452568 0.15955956447124317 0 0.0028401632682117524
0.05629334921014649 0.5910102474020043 0 0.004437039422229641
0.2741306690629011 0.049864147298265146 0 0.004314150557975355
0.3863371680719018 0.11576905502787614 0 0.004960284842356148
0.47102737671187095 0.19406910808217256 0 0.0017810288976630212
0.7384476222786108 0.7290619448814419 0 0.0017010587916893982
0.5984959199615093 0.11634202109941404 0 0.00289514359029308
0.46062985594010647 0.2275683739020212 0 0.00421456067482635
0.5147381812069532 0.7922777460601792 0 0.0023297641329963767
0.688458790184327 0.9780278099177548 0 0.004688711892409283
0.7636591492232719 0.42756653228120606 0 0.004865774162893724
0.7492238403393979 0.28380541026576506 0 0.004907182142190802
0.6088408852760075 0.7834528409033348 0 0.0048841057361332894
0.2320700680648626 0.39645470926989695 0 0.001159900208570404
0.4135729652144458 0.9029945004570807 0 0.00262378606417127
0.26393806952813786 0.3702239903965006 0 0.002089325885205211
0.149777831616657 0.13979946319528855 0 0.00499997927158753
0.8984257592834051 0.7053051898802836 0 0.004418060871502217
0.7168042961202519 0.7491958397388835 0 0.004909036962578321
0.15524503512042795 0.7127991999951031 0 0.004668714059078778
0.08408682452042603 0.5888423657451725 0 0.004999327904436933
0.5171227070578892 0.8812020744634201 0 0.0028273387849556755
0.5681237766036529 0.4364849621685914 0 0.0023415850246334257
0.3394311172705357 0.3145128804687915 0 0.003356123254684586
0.6983325582394383 0.31743983261837777 0 0.0014387231090343085
0.4671391014741963 0.6201645166034103 0 0.00473809831917527
0.6840648833623746 0.26701789431853834 0 0.003997697775802816
0.3970551381048248 0.5547542002924721 0 0.002555128453708873
0.008450063551431623 0.9758426109109302 0 0.0038824128963909407
0.8765405048798645 0.45534174939244426 0 0.0021877693130419227
0.15662839441226736 0.6042719987937705 0 0.0040038796447585635
0.8975173040928619 0.949752513632665 0 0.003564707216339644
0.0027182774674447915 0.7004782646750535 0 0.004542034911835995
0.8738770128512935 0.18892936202395524 0 0.003135598442174615
0.8613221362054323 0.31102449410457095 0 0.0024434267745031915
0.23852345489030122 0.06817113068547674 0 0.0030950734809535975
0.42706296869876087 0.6030170186430517 0 0.00300692350738846
0.04932381917518623 0.5026806590424117 0 0.0015783565779334027
0.25677370812332595 0.3722203095278745 0 0.003495251408974049
0.4219306801852774 0.277931738264148 0 0.004860394268431154
0.1561874419739587 0.1213010238524511 0 0.0018710963696386695
0.40747702558935245 0.8891599801554183 0 0.004907237160057352
0.44605976711699763 0.1822678717097775 0 0.004016520664303339
0.7917910865105348 0.5725866559408791 0 0.0017543147920806889
0.009107104126069847 0.5566248276808052 0 0.004391797460251325
0.8069085673109451 0.2939392503602631 0 0.002078610200242158
0.9641899178732248 0.7226112684327627 0 0.004737161495031986
0.4376555970369715 0.6363542266133367 0 0.004864381433736341
0.19837088184734594 0.5939795759960602 0 0.004973888468938414
0.882200469734983 0.3268472490261957 0 0.0041736534468595704
0.8449248710683168 0.8893394838680992 0 0.003270583967079011
0.6386366440338727 0.3192274475345021 0 0.003223253107989467
0.16068276422281733 0.6322188079090553 0 0.004770763955925876
0.683751637746678 0.4484911300417212 0 0.0046558056981657004
0.6855698919607492 0.886449405373316 0 0.0027686300266600806
0.02316893364177163 0.8670104352635495 0 0.004819272947132566
0.5854852622591075 0.6282522979875611 0 0.0030401620582440497
0.6169423650634761 0.5393068134725437 0 0.004260899942571031
0.5815576011056091 0.33722791407209035 0 0.003930574702735631
0.884899596622146 0.8873822712331687 0 0.004996853609345653
0.6742719607741912 0.07888207774242316 0 0.0049557305619001455
0.05422558619459615 0.6993914987644232 0 0.004940962820673359
0.058097447302027136 0.24181228007694153 0 0.0010297642211837192
0.2891628972101344 0.5900183512542718 0 0.004786390759058732
0.8969886185985027 0.11169661072179725 0 0.0020657037974934
0.14619190379032673 0.3286969427446273 0 0.0037884345165415025
0.47620351626808527 0.29301609370607545 0 0.0002762183582874054
0.7694479466448817 0.01596893693921452 0 0.001909485249388413
0.36589496883616984 0.6876719684876919 0 0.0047717150635735745
0.025266906989327535 0.4348331530468968 0 0.0037279979275187153
0.3587182752437151 0.03985172543228298 0 0.004623611655809057
0.6195096769532294 0.8674475395363428 0 0.002454163282012146
0.07587843141700377 0.6348054848799658 0 0.0034380717788286587
0.4190641629340259 0.2947532880269009 0 0.0019328931724902224
0.04041989473786266 0.08679942122469507 0 0.0036358271299082685
0.2804712461672419 0.9213872193406533 0 0.004130787752411008
0.9554132991652476 0.08043615069876463 0 0.003489049514810735
0.38117894436693417 0.7386264691681237 0 0.003598967259214425
0.08908805495069648 0.25364438067841916 0 0.00467867439022214
0.6688267266859149 0.8486809659622483 0 0.004998911115525511
0.8097581905263612 0.43920145886214906 0 0.0037904741429828615
0.9538831947379455 0.9294940330122393 0 0.0041585111554413735
0.4637783879892407 0.805596126260404 0 0.0018611984145057738
0.17408079285607833 0.9508321131947732 0 0.004952546693803146
0.5489577015965482 0.9898005057523472 0 0.002716994618044451
0.7925798022691274 0.10764765748481973 0 0.004831828811106855
0.9883763691768461 0.11467508706218175 0 0.0004758962517178014
0.3112344687366407 0.759918514608766 0 0.004170577058850474
0.766320089533811 0.6877152985074689 0 0.004321484767198552
0.5683471456658077 0.05970607045391506 0 0.0011129650762956216
0.9400256168327619 0.1191538794761917 0 0.002989091363729729
0.7974162505961256 0.9957440443305602 0 0.002220292878783644
0.45657756156310064 0.38966528201293454 0 0.003803108186161715
0.9902257634485689 0.6632288320289321 0 0.0048546951875612886
0.21386480738825517 0.3404476976896134 0 0.004226315423596
0.7597674594606924 0.19106862344263484 0 0.004980100999170637
0.7799261766913907 0.4612305977371611 0 0.004831830070962152
0.5932768279441929 0.22490022151808217 0 0.004992112019883526
0.6672779022187876 0.23145941007929002 0 0.004952485894772893
0.9032886465768732 0.013964203595764772 0 0.0028444383588381557
0.8232287359031188 0.8815140454868496 0 0.004593158178246769
0.32228570489607883 0.7240617976175122 0 0.004942019785876045
0.9641734135871967 0.2565784715741131 0 0.0007351813111978016
0.9767065867970851 0.14361135763908447 0 0.0012953938237099368
0.10073515408627585 0.4997748038027063 0 0.0047834709911344486
0.14714892742140492 0.0437221014950505 0 0.00178087316105039
0.8050597893975159 0.6867787484889133 0 0.004907887820604084
0.059968102102834306 0.14073347481120543 0 0.001573501270368723
0.5630329507958651 0.04501976106097537 0 0.003109914561896101
0.9372694359397304 0.2115524661883422 0 0.0005505422502781506
0.5657228431151978 0.5809742525053584 0 0.003961278858103847
0.20008609614042036 0.48657007753927867 0 0.0010765981170600392
0.9363371432814431 0.18924068253349544 0 0.0017065270126145017
0.08282928743037042 0.9099480301944354 0 0.004746103345667235
0.9566222399041052 0.3831789182582737 0 0.004999795107565508
0.6931660820144503 0.15850636140964244 0 0.004396952377356746
0.3592401097659062 0.06602783748908446 0 0.002773944430448357
0.15209915449735986 0.0162570396856273 0 0.004470997455914041
0.8438139508837095 0.040581941120053075 0 0.004312362613947111
0.6454186941282752 0.4991234519597734 0 0.004304185525731104
0.7210070248185954 0.6659376958256856 0 0.00410956352824215
0.6488579169641598 0.9671652611055779 0 0.004428229267369097
0.8179321070650205 0.5168780417114842 0 0.004969129410507077
0.664971863031094 0.22009398482425388 0 0.0021929291821997476
0.5772792712586112 0.22802598804421978 0 0.0028874785715128854
0.09700916779542666 0.44168025601064637 0 0.004980878190541566
0.8207128848521325 0.985350466085869 0 0.002492380176652108
0.6046940170417804 0.603002426339924 0 0.004179802540616512
0.29342863559932936 0.3689185814057446 0 0.0036848156268556166
0.6413187549859408 0.4790962377786164 0 0.004392145868547052
0.5602900492342152 0.4284483863646424 0 0.004968115494611088
0.34670311356359335 0.12141676933966926 0 0.004400253779431538
0.41919481866711 0.3220995390993207 0 0.004913187283255579
0.12642888321695042 0.5691864542894327 0 0.004459624736826223
0.6155452703189976 0.338540397972164 0 0.004191475915186202
0.1377691931276329 0.5270900213643008 0 0.00490402107197368
0.24145538984688072 0.31381447005502733 0 0.00417416928860813
0.5663449623472615 0.7136980242033739 0 0.0021347431516144924
0.02119747500660662 0.9528230561039861 0 0.0026191798705044347
0.9770393835619091 0.5687542523318414 0 0.0036712849394546273
0.9536180313833158 0.05313232152919921 0 0.002670348769979767
0.4893769482053855 0.3669045277546467 0 0.003964993125685827
0.665571701883529 0.023299380564345655 0 0.002175546496541555
0.5647436879399774 0.29953483259706676 0 0.004999564355818748
0.4533277696334295 0.9379952277571679 0 0.002207022974760851
0.5901286349779513 0.718668760172716 0 0.0039653966871294145
0.8718437597147625 0.3578342718497332 0 0.004985002303900811
0.12209525202802816 0.7885809478586177 0 0.004863468383356954
0.6652687873848305 0.14631931303331433 0 0.004585679197498625
0.02606169696930282 0.5035668127162382 0 0.004997056228681102
0.724522574295495 0.6103472118503003 0 0.0024986967284441335
0.9649267939801243 0.7130663046287746 0 0.004393594462819619
0.12417615743100484 0.9003404596583091 0 0.0017949718557625715
0.7892913490118036 0.20829332524727348 0 0.003923074058710441
0.9192319683955575 0.22152471716032504 0 0.004998692041824909
0.013062729275377653 0.089794372681943 0 0.002380120353391438
0.3271499148610035 0.8861439450064875 0 0.004844127527994305
0.7993617342255513 0.7538825831295213 0 0.004504476440204825
0.37869974303449155 0.519699116007397 0 0.004407122352753113
0.20798060215596834 0.9812724720103246 0 0.004989831161495115
0.9344576472475771 0.8880497069227753 0 0.004524419103191083
0.8168282612666745 0.019366057111007577 0 0.004964341087164217
0.16535747719360036 0.37330455697209614 0 0.004857111166384622
0.08801179696162363 0.9551944469530692 0 0.0044013955231014985
0.9789614655348782 0.17330608520650656 0 0.004822584230075616
0.08004829515722754 0.7200669009252038 0 0.004613421326673774
0.38525089778866856 0.38679174161357116 0 0.004841285834596797
0.8478328931779073 0.18232603496499553 0 0.004957893698091663
0.847521929247799 0.7808232035137211 0 0.004618223117259156
0.10800405564418579 0.28974690864089286 0 0.004545205776417223
0.7483555642663398 0.3583003444369551 0 0.004803307597081807
0.8617316453197708 0.4480267429780492 0 0.002179861151935929
0.3905585265655385 0.0707584971647399 0 0.002247325045669309
0.8848257268028911 0.9417527030342999 0 0.002550526215234605
0.47135389982357717 0.45449594416192346 0 0.004606437660349428
0.5724829319551055 0.4116327916491251 0 0.003502956524074277
0.896653713834128 0.6105586669730259 0 0.004371834286057654
0.13837255416689706 0.29984883529062273 0 0.00494151779162159
0.28427282700375783 0.8688417257122677 0 0.0021287052464164075
0.21811495116509347 0.633886297806813 0 0.004706688976736986
0.7580425096604735 0.4764969048955732 0 0.004378580995595347
0.5153094519160017 0.6612494706149532 0 0.0024836334075613083
0.24878089877750562 0.5205016259736089 0 0.004759728408472263
0.5450711856396857 0.11358131295494721 0 0.004936064459498591
0.16830905982677977 0.9840712260603686 0 0.004995211498113749
0.8329114357936573 0.893974415986116 0 0.004993733701756238
0.1960577742657865 0.733006175592594 0 0.004893605920716221
0.2666505782844269 0.515910606665031 0 0.0009799996135993528
0.268925377368521 0.34205293393574604 0 0.004037820961244216
0.7399671089840709 0.8000811878598573 0 0.002324312580523352
0.22938821033273046 0.543984365481018 0 0.004957383250328528
0.7570532451300244 0.7108304650073473 0 0.003378031120530701
0.7323591287046637 0.004816217470047008 0 0.0043516235543070965
0.3823806425825225 0.6223550080934758 0 0.0049912245311369945
0.9995324305836232 0.023732195505533064 0 0.0022172514875745727
0.5628055924595045 0.8057324584254912 0 0.0034928344187983066
0.5982215818762678 0.513068746806892 0 0.004719394618575559
0.9582173618379618 0.6077373941262852 0 0.0012375392745485319
0.3305144144799071 0.6978759144379842 0 0.004467554568498077
0.11178810570401863 0.8307889511215382 0 0.0028426343790719866
0.43133905553903157 0.7846439827758575 0 0.0036412853231141866
0.9507765486370635 0.619544936790467 0 0.003223532192666023
0.11418595904572658 0.4442782086640837 0 0.0024076771893322534
0.012950867617103505 0.18530973560738737 0 0.004395266283700218
0.8921365197299723 0.3906248222181055 0 0.0034002478516834285
0.28719414777251867 0.16848210806930783 0 0.004565719730879469
0.3954688768119909 0.40348479730931314 0 0.004788762915328754
0.11010885544529135 0.10510505404606606 0 0.004974500234154533
0.30548129984614175 0.13774664277712786 0 0.002970520571786951
0.2052093862719476 0.4468206667293904 0 0.0034370673911575216
0.2737693548076751 0.40064480381334305 0 0.004651419288031741
0.2381833744606152 0.5068871691991139 0 0.004662171670675579
0.7612136208363246 0.9258244612766581 0 0.00498974571324957
0.484856609129718 0.2296257258524684 0 0.0021516857210425585
0.9897197644808142 0.5312170075393301 0 0.004771825717957227
0.8491613703181051 0.560789420343713 0 0.004047070188181494
0.4641318559958349 0.6749877755370842 0 0.003804657585752237
0.8348389333922946 0.3236379924759443 0 0.0021028226771420563
0.1602839957281765 0.6638652017958738 0 0.003496393220555529
0.9542960050862982 0.6763359434412858 0 0.003786010261873081
0.3114747277130238 0.27570060252700207 0 0.004163571260382613
0.9223610628334186 0.2381150310703499 0 0.004992155309471625
0.895944102112218 0.25130594131407974 0 0.004087227475882744
0.28099903998952697 0.38954472066914353 0 0.004841183070161765
0.855354887112272 0.8873287083216638 0 0.004871043581855236
0.16356024349059958 0.19923876234243595 0 0.0007707280556109752
0.3342415906832574 0.07786749500715005 0 0.004968761173248265
0.7874092004560309 0.0802217555060397 0 0.004887661397657073
0.32141968625739886 0.5081791409587009 0 0.004660003187900516
0.6888174626105019 0.9216279477390551 0 0.004904684668284476
0.08377615584550767 0.6250654864426914 0 0.004670254835611993
0.3375324936717489 0.6434030600625398 0 0.0023013240337688957
0.35648839570025376 0.7914304243189232 0 0.004533318046541402
0.6659470301640255 0.6554031172203598 0 0.0021205252241737753
0.4424836717144793 0.46782604772651065 0 0.000225344074013085
0.5000397765687922 0.7663062297911675 0 0.0030800247806296336
0.22541028886541167 0.34785888666141146 0 0.002539915002827368
0.20874764862770454 0.015863673157937457 0 0.0049648472143937455
0.5881525012239514 0.904555572611506 0 0.004562523502317405
0.30873339146051987 0.26321160427856666 0 0.004983732683851653
0.4217500294864314 0.24770159572927894 0 0.004540322205428266
0.4064670020903271 0.7763436332861582 0 0.004234342623301523
0.7121672698625521 0.9334629618639234 0 0.004527440690904797
0.5757798955813485 0.7198574974275075 0 0.004803667876038828
0.446801908535209 0.6186359811162252 0 0.004166897622481159
0.447719056734792 0.8388005377913932 0 0.0046121703295134795
0.1758418281638587 0.8536765027541114 0 0.004536984437666855
0.14197176533616038 0.3643473126344839 0 0.004976817713695074
0.2248369449716989 0.003019682108417738 0 0.003952558572837734
0.3540499460664562 0.9711748649452601 0 0.004944458641156549
0.32324511923347804 0.2096368786087923 0 0.004834877283137595
0.5197258552673377 0.6511806127525734 0 0.004990089477573097
0.17232423856636533 0.07908692566506657 0 0.0035367871572631222
0.22798676363818313 0.14781975828421465 0 0.004510187118644295
0.38609915459214844 0.6409014889478661 0 0.004758746570112256
0.8489129046876873 0.23247993366356565 0 0.0002586399208024084
0.49665456171947636 0.8265828230150766 0 0.0049184229928869215
