0.9724722879224232 0.8099478300565028 0 0.004274306596863548
0.19510640428177103 0.05626848775299907 0 0.0031435309080398125
0.49048776688843504 0.7392264007552659 0 0.002804082266986069
0.08203962724773116 0.3141040325213072 0 0.001013154001140875
0.3791558399770329 0.2079732198208147 0 0.0031157201267128214
0.8568303963883919 0.25542581392462277 0 0.0048593574799965745
0.9420077892739136 0.6380085077792178 0 0.004974147244895516
0.4811813134531509 0.25857908940601676 0 0.0025043800258988044
0.7227795799421599 0.17247586464515627 0 0.004985506348806148
0.853528244980567 0.05261839407539036 0 0.0031382740128881085
0.11755759993270963 0.4099994114574433 0 0.004237642609589592
0.9835572017871619 0.8186555609323063 0 0.004534819304227859
0.7187026180905478 0.6823498081941766 0 0.004406548668203745
0.3878641229774152 0.2012417668145484 0 0.002687134895957975
0.14146340441909963 0.22121783077532262 0 0.004749985983484495
0.38104336980753534 0.0247813029591668 0 0.0027831304294245363
0.018628192351696986 0.44082167412400514 0 0.004918751312624854
0.665291006368107 0.7615538336290235 0 0.0043503636242471
0.7447252962575724 0.06413967138251918 0 0.003505578512695268
0.790887617771759 0.3147991805591582 0 0.00457207074741418
0.3615223101347828 0.5243262652076851 0 0.0020451241422132786
0.10752907193026894 0.31287949098705287 0 0.004675374590900331
0.946994004888717 0.6948459103665895 0 0.004992946466132161
0.8714945356958333 0.6629252584950722 0 0.004484901140513527
0.0471379560445767 0.263913952611501 0 0.004661666383140887
0.9714183981280518 0.24695299778041677 0 0.004975155128744996
0.6491597718245626 0.5366874635673042 0 0.004777791539186424
0.38523639543739646 0.5145325998361646 0 0.0013935558663484306
0.08537897214188427 0.8450428552301954 0 0.004191600069635366
0.8261550735660832 0.1809695500787449 0 0.004206385648352595
0.35588401197743363 0.03829190083809807 0 0.003060645015114585
0.0922391395326042 0.3986940895640742 0 0.004500554396785957
0.8116140474003654 0.32766837521541076 0 0.002979878452071415
0.2957862179571504 0.21063524231565842 0 0.004529916664835544
0.4055720266892387 0.9212646053387449 0 0.0030631148879145245
0.9789695594111993 0.9778063760989911 0 0.0017728500123714772
0.49242388422766986 0.25252587534606513 0 0.0047418872055409135
0.3401462656951983 0.7492411677368137 0 0.0047950796520235895
0.7191353503937946 0.4828963934738176 0 0.004865204859811687
0.9946599639353911 0.17744994276487522 0 0.004547749028876361
0.5520531222953424 0.6427247797591531 0 0.004437308436829916
0.054635559120258845 0.12064350021183755 0 0.002786762009645071
0.5280156065998249 0.29525702173718044 0 0.004776810829116089
0.03427666808334538 0.8504890638111352 0 0.0044418294225601436
0.06402668840611135 0.38021141477120374 0 0.004305018232674969
0.3350343381709963 0.2918215448565347 0 0.0026492627395687317
0.807873695208751 0.5328250539654076 0 0.004165729778781103
0.20477436824957904 0.9316073267294378 0 0.0012510306082990988
0.6393539968076423 0.07730922505285519 0 0.004958368512485674
0.06998830073925798 0.7090099436845589 0 0.0035005221659052703
0.6891645568203368 0.365629175394278 0 0.004981008133918985
0.16267207309448425 0.3960851684637508 0 0.004651417045373566
0.43358942729486466 0.17590272704610618 0 0.004611200412865871
0.459159332552792 0.37609468711030053 0 0.0031212218078120815
0.17633278051924992 0.8516519916059637 0 0.0011967519598022995
0.8967609515761452 0.2291711841420436 0 0.0031122555752810493
0.3771813961428743 0.5784807887797818 0 0.004853566724359507
0.03936470607478647 0.44991695776686597 0 0.004999932365971621
0.7738783924485829 0.2766727654026236 0 0.004393304076220448
0.6892221447753365 0.14477832263325827 0 0.0015838711456758262
0.20490406648418621 0.5576701442048807 0 0.004999455723821694
0.8647398136825457 0.5603874701125263 0 0.004963683351343592
0.22109224728326046 0.6214869854099802 0 0.004155850605327843
0.5368093310460865 0.10478583530342565 0 0.002479496938244984
0.2927644446168312 0.8955298127258193 0 0.004985193250094205
0.9911132368481516 0.6706791159470702 0 0.004251224879263176
0.8475847135236185 0.8143875518936413 0 0.004859115170896148
0.278506543392348 0.06715970849919949 0 0.004648811011018675
0.2921374910141205 0.7509074152162932 0 0.003922569007208161
0.4147361295847894 0.8496710260603945 0 0.0030634481142133426
0.8365276793475692 0.3376015362014341 0 0.004733743026602164
0.14750131622317506 0.1653020920208179 0 0.0023826608814776205
0.37798349018076255 0.15068372537491423 0 0.003508372017064178
0.7395664998711555 0.3343267340688099 0 0.00288811464028169
0.9270871543690405 0.7020922164752287 0 0.004689428761549466
0.6778320815713916 0.11830807628684147 0 0.004968943556225478
0.25283741259901843 0.352800355577044 0 0.003730995247569274
0.6063498847961307 0.016259705964519082 0 0.004119966530688908
0.14597540605387935 0.44829934853566994 0 0.00481791514155782
0.8978300990822937 0.7576434528981089 0 0.004892016911916377
0.5455724198090939 0.6608561060388646 0 0.003975094155145319
0.6336020912303417 0.30135029439802924 0 0.003351717979277973
0.7425736312812186 0.9821505994208641 0 0.004780954386164498
0.18103704383509509 0.166845913771534 0 0.00404134328091249
0.14194224972479638 0.0977730988192944 0 0.004412628259885847
0.9348527363665949 0.20134299667381114 0 0.0033095630605531187
0.788182287500525 0.034558223768699534 0 0.003845204611542899
0.7149284691094978 0.8044049860694457 0 0.002432132759607457
0.25804424139486376 0.04382663801676555 0 0.004533090283878754
0.36410653280760147 0.7680262767745449 0 0.00444174976890659
0.3421366365800503 0.9447385172230786 0 0.003626132861569073
0.5479132959943969 0.8222711101159464 0 0.00467938850353755
0.0738312278596611 0.0651909454523426 0 0.004711086171935676
0.5748405407501405 0.11472417311341519 0 0.004221068022674909
0.8594429235746045 0.38522503703986816 0 0.0038666851417672207
0.5904016932800357 0.21369572325348749 0 0.004833896903432446
0.11572697392546925 0.8870976087469916 0 0.0011950355462339163
0.8462132967285686 0.9354809336001992 0 0.004834799289996948
0.6545404551590775 0.3364470172787331 0 0.0024999753921138026
0.40684593890855797 0.6400703693045133 0 0.0007039325952042755
0.9183125632450195 0.8821096680788825 0 0.0039782991588633515
0.22028052780465088 0.6317099292532116 0 0.004202625157860511
0.1524063234646512 0.32854907020269114 0 0.003967296895302901
0.07012344651117007 0.09653559909318186 0 0.004526079033370776
0.06902877704514686 0.5364658169990049 0 0.004018549186927752
0.4427234289246998 0.2887479181828801 0 0.0033816259910356894
0.7368409031050276 0.2804959469317149 0 0.0029188063938634596
0.5829420983849309 0.09922656726006006 0 0.004365936837314179
0.6699447461546459 0.45097117343203325 0 0.004534315855538694
0.6080193788701461 0.28051976170666365 0 0.00438657848195069
0.8468141916976506 0.6235273023390838 0 0.0034945311017978787
0.514236646666925 0.8419483825089066 0 0.0049807569804483824
0.564659022889539 0.16943970835639618 0 0.004443577047442506
0.7301927238670446 0.6459076863421359 0 0.001200202498918029
0.0948945322645429 0.12024782975415281 0 0.004998336274026607
0.6047413785781325 0.9837997189905745 0 0.00482491155291095
0.5983506546316798 0.08594791864734173 0 0.0036969140483421245
0.7179764757920738 0.5030313184604388 0 0.0034133197174945292
0.9769934695902138 0.2108409546853703 0 0.00495907318376032
0.08971843667592115 0.5643400808844476 0 0.004952595674612436
0.7745458344385241 0.24521597848062812 0 0.0036120386804299096
0.01228196742230591 0.5262414804160813 0 0.0027670908472744423
0.8952630161244003 0.41323390190683223 0 0.000812901991728326
0.9676355555075172 0.563721125653391 0 0.004895571338853137
0.21776406883144991 0.41242989968760285 0 0.004838080244805396
0.49714608991693193 0.9999730263875315 0 0.0029182950485672336
0.6650261355835657 0.9001900819700195 0 0.00428169726743855
0.7400546261093389 0.2988861654517276 0 0.0008000039029868178
0.3293927968374774 0.7546941716730997 0 0.002830284287269422
0.4510505677748345 0.22288085779191 0 0.004172475395151518
0.017388203106613924 0.39945130264625234 0 0.004719767654653307
0.08725545623137597 0.865773076161555 0 0.0034622424493830086
0.08272190304621772 0.2737141612992307 0 0.0046725373589820915
0.330155872060855 0.5902984074872641 0 0.004997038979979354
0.19926350414342006 0.40436567311662636 0 0.004820434448213822
0.3542416774859088 0.9487086370989611 0 0.0014960286413086314
0.7265327607206211 0.41599249352242257 0 0.003074354270664809
0.6659104090089032 0.19871452265125275 0 0.003610515344806352
0.2653384005036889 0.4776293360194979 0 0.0029265526613490586
0.4463453989134379 0.5992693788825818 0 0.004864326685192913
0.6617549865376058 0.7104326025869999 0 0.0022149566900943525
0.20813474120260808 0.968454689163274 0 0.004776640427724996
0.4750044315282593 0.1446450282347029 0 0.0023077251384432344
0.5153269122700623 0.7926358459510964 0 0.0038531221277175623
0.907190836580345 0.7843685030715242 0 0.003045094017514109
0.14471286633090938 0.23170715300107433 0 0.001122456143326183
0.6777232635409548 0.20444723205725687 0 0.002453893948093296
0.21049684272043442 0.23827119589897192 0 0.004595153901959612
0.259622933950822 0.20363779027284698 0 0.004998482529302804
0.49291854508258665 0.19965433048535383 0 0.0048327748239474794
0.39633611532077934 0.4688416702572042 0 0.004998830352645771
0.7569804073095814 0.42266538979941365 0 0.004200906404925072
0.7481159330665615 0.6311696810071507 0 0.0004594755555478202
0.3552955417911506 0.607466475095486 0 0.004959736694998082
0.877509182950082 0.8648369313831588 0 0.0042663309425892875
0.38314907742942966 0.37720546862001686 0 0.004357221009149433
0.06278499613024767 0.8421985090203974 0 0.0019955949867025953
0.06023097386994346 0.1943251635527081 0 0.004949227693507467
0.6951357352806801 0.029133095758732346 0 0.0035885694630025528
0.8905886238641038 0.7286425747266139 0 0.004512860170076774
0.5727305216783177 0.8441002873376665 0 0.0038946063445631884
0.1653002149328434 0.5730827902624922 0 0.004998429702462163
0.6705279885635519 0.018370198687439936 0 0.00425941201538624
0.4142554082118402 0.5620495289639375 0 0.004082934438848372
0.6517510728048752 0.37346325024273014 0 0.004761401678823859
0.021349106754022233 0.5384052738471476 0 0.004692415169027634
0.3291034086330464 0.6441714695466777 0 0.0049962407928303065
0.5538132259873823 0.34520993444104336 0 0.0022103794295102713
0.20227331204910312 0.5194498625579083 0 0.0013264016230204105
0.7828067166061975 0.7727726973357127 0 0.0008459029284817679
0.7473820220798362 0.38148343404876567 0 0.004281667005457512
0.8259951608801891 0.1534780959244215 0 0.0032247265057096628
0.8021025368669876 0.19265524388323294 0 0.0029981535643835394
0.416762536787558 0.6158197068369409 0 0.004185189708823351
0.7481285403729189 0.9522751124412896 0 0.003516791331953646
0.27619849843958494 0.6331853272332975 0 0.004993744544696994
0.9368122362312458 0.5548814646743192 0 0.004963510958425788
0.1739201134514475 0.39939629737042254 0 0.004939503519622097
0.2769964903209838 0.48691626522016024 0 0.0029168688511902944
0.1678421607566821 0.4360200425043516 0 0.002655038258231144
0.26447479208329056 0.8398097915935457 0 0.004832691085345512
0.5300982469520426 0.39252159919521573 0 0.00265923411234338
0.554869925597647 0.729752000066845 0 0.0037466484026670637
0.9578144203586982 0.39213587349230866 0 0.004396631178324996
0.8174940788870091 0.5308744028120903 0 0.003609134813211289
0.41463539009555467 0.1342674096300531 0 0.0019244804599366366
0.3145884359851073 0.239414763660848 0 0.00497766493428318
0.24009789970010095 0.36491702745604043 0 0.004972537799126011
0.27590858417756997 0.44636550769766975 0 0.0018557123498905996
0.12311885685561329 0.2663444975701111 0 0.003187341886456296
0.29421887407507424 0.9870499691058587 0 0.002263946497463109
0.9524969162306146 0.027692825973526507 0 0.0014937269946308862
0.3474706734204562 0.5415345491904769 0 0.0042955061513820945
0.6698090622878776 0.24299610000211944 0 0.004121944334349739
0.002033112534327137 0.7976219778673105 0 0.004815771138465876
0.2355362335266031 0.42352780611993207 0 0.0045143976642450095
0.18010002013213564 0.061222392565762104 0 0.004938318437642933
0.6501345913018447 0.2680190072343737 0 0.0030012715001011066
0.05753687210538837 0.08027296748497624 0 0.004347917576754584
0.8117894804797567 0.9795692900709498 0 0.004012192287237025
0.12696557754370405 0.9106227474329724 0 0.004998326448011625
0.9171214663794814 0.22360857910566764 0 0.004673330750209252
0.7864803472442568 0.7133783322271999 0 0.0049526682099495555
0.5212829938316841 0.016612211725701702 0 0.002993597950114755
0.05936446699534924 0.3047598093329951 0 0.0031057445651406636
0.08345166525598179 0.41684615904466743 0 0.004997483353754271
0.5762253543314064 0.1771034121612823 0 0.004774582215843069
0.30166900304538563 0.3194194179881064 0 0.00414396599956509
0.7456239737593926 0.20339568091260682 0 0.001984922289622111
0.8894350675051269 0.4329864017022163 0 0.004670194008100768
0.6560866030148709 0.03465278122045211 0 0.004847768794169322
0.5045475618945973 0.9852953234338416 0 0.0037843246417584996
0.9438508017657069 0.10974978078432206 0 0.004904024832883206
0.5372983297943089 0.3553324063124686 0 0.004909921358245312
0.40690185159509545 0.9400933127008196 0 0.0023771759590867814
0.5213357423508874 0.4446257023727103 0 0.0020251552847667604
0.24391735303181092 0.06942594038305515 0 0.004493461261054947
0.6832472668142469 0.10581825232756246 0 0.00310222088468316
0.9463608228678752 0.07602544984994629 0 0.0036475465660510808
0.7963830135960134 0.3981612409362492 0 0.004324892180189135
0.921458430010339 0.3437185531145352 0 0.002039610696959279
0.7922665412658914 0.5765168513076061 0 0.0037781966758506755
0.09853061606516765 0.4770274621458323 0 0.004999812699750312
0.15703683511737096 0.8102529376642215 0 0.004098569821727585
0.7733449868045886 0.3234197037973388 0 0.004907693360552893
0.7096456568168779 0.7490511725186028 0 0.0029596309229940796
0.41489208459866006 0.291981470297031 0 0.004712642171325365
0.35232389671857406 0.5953473254044094 0 0.003623926808787488
0.11171407330458304 0.46563597211949964 0 0.0034577666642947604
0.7958207561897812 0.9297739641523357 0 0.0020172590809348647
0.868544626172847 0.11566600160776917 0 0.0005852806063809993
0.4420416964361545 0.034538515761171826 0 0.003095220922945503
0.632699458766017 0.42124602513478454 0 0.003575652817951186
0.17677207817114568 0.5623513588944714 0 0.003785357880601093
0.8478039139863389 0.15011988769617043 0 0.00467741605235179
0.5505990701462777 0.9686048438861553 0 0.0047656598911296946
0.9770785038610891 0.38485701793276467 0 0.004026494791977454
0.17907901804018464 0.9503666794769199 0 0.0012060856157688974
0.7924170689103833 0.055453720390945746 0 0.0044921848694757256
0.33524470048954086 0.7027524063424855 0 0.002350601787208431
0.25547565231253183 0.8105459772981684 0 0.002032906310247622
0.45718137607256154 0.7818273866667563 0 0.004822321528592469
0.4322398972431784 0.5611488684114455 0 0.003960698358885849
0.3333103455561734 0.5017570038891616 0 0.003350770278275548
0.597371521196039 0.8498658935790238 0 0.004996405025728211
0.6126677855117905 0.9029974356795832 0 0.004999327639462345
0.3274241479936593 0.8070813208731725 0 0.004546602192237064
0.06159882211490751 0.17699790961181613 0 0.004625731198464047
0.18926653807388313 0.7517394354232793 0 0.00397818826616237
0.14642621184883162 0.9788050971967415 0 0.0049998132849716275
0.7315056652385125 0.5943171717999844 0 0.0017028863671061205
0.738678468959441 0.3901473412335951 0 0.004691258280220671
0.44497012371906225 0.912852989126211 0 0.003923895657133801
0.08867253250389372 0.4806194273622803 0 0.004527339784964393
0.6216647009873255 0.42447512234545787 0 0.004944372952500543
0.6183928541265956 0.6848177429944241 0 0.002032975292717262
0.15564161586433298 0.7513223883014724 0 0.0049602690036584145
0.7111067393513885 0.29658316587697003 0 0.004845835441097376
0.3548527109015374 0.04951370880163751 0 0.004627315090275109
0.6354434706181903 0.23151415993923416 0 0.004487704296680622
0.6103869264824697 0.06069387351284071 0 0.004348975533531738
0.6724620694337482 0.14162483468668183 0 0.004997715138775419
0.804898183474668 0.020699358446518816 0 0.003770641319500253
0.9833671224933426 0.7018790946880806 0 0.0041997110886599345
0.7334639115093601 0.6060746930551487 0 0.004817052405366848
0.7990818467453571 0.10811684813095267 0 0.004919613190662358
0.5517565708034692 0.26336096798712655 0 0.00499976486555148
0.41526357667698294 0.7606834339814994 0 0.0046091646038193615
0.018395097825399602 0.9172370155643683 0 0.004771040877422934
0.873075488987104 0.10808477238734303 0 0.004198512451187732
0.16712237513004588 0.514533575411811 0 0.0032001605256736475
0.24002622913756752 0.3252395458679124 0 0.0010893558474079981
0.4460868922976366 0.024868067197879033 0 0.004968600347715912
0.9165911615263834 0.7761668764860268 0 0.0038023422527495004
0.17446785450340327 0.5208009604670318 0 0.004595020929273864
0.7437736755403845 0.1243977352081712 0 0.0049015899012240915
0.27960787944803817 0.8272871603041698 0 0.0037631281601576746
0.01938591062433847 0.5644258403634986 0 0.003956312674953156
0.6590072119834257 0.5709435965619231 0 0.00496240621567902
0.15503846382579498 0.5146422304672587 0 0.0042666153178491035
0.8492711968693673 0.7007674109063942 0 0.004752125746805111
0.6437092604371111 0.8225541501159033 0 0.004159140156335348
0.2991889928983619 0.2587126150482903 0 0.004998457575099062
0.8715743554014306 0.5486339675722104 0 0.004961239022285551
0.9804203065314049 0.9021827985914084 0 0.003693055190649147
0.10997841487035186 0.3753979573899085 0 0.0033812417460813275
0.3149604002283379 0.2014583779662866 0 0.004994477365497064
0.5654438954357907 0.5997749352676379 0 0.002095410725594596
0.3752121424046519 0.3601764631772803 0 0.004993968859356673
0.6864888250965684 0.7595721985879391 0 0.004186041118881183
0.10388090559954576 0.12906233862596236 0 0.003984187169358062
0.5337624477396421 0.09281778467031086 0 0.004980371012172574
0.64769763477881 0.6094744240063145 0 0.004711511932267817
0.94869830724974 0.8757262223109963 0 0.004542526519142318
0.5468328562315892 0.5798359253425073 0 0.004320863215942844
0.7045013922168145 0.9083120040354139 0 0.004673874812090484
0.3501561091076854 0.06646967409029413 0 0.004345921961275115
0.9380204367171032 0.15852734006778332 0 0.0033913866028596022
0.6762008186563139 0.49898339281805953 0 0.0037029726754734286
0.4404346093727672 0.22008558672552522 0 0.004925005587609145
0.10773405681264335 0.399128061551492 0 0.0028460485118206175
0.0771449677851118 0.7537586681619962 0 0.004005868932114876
0.9905411908272186 0.7307665345209868 0 0.003987441109117533
0.8767227303103208 0.8815306343746161 0 0.004472126028275337
0.3778574946409495 0.8040966960761725 0 0.004443340396847151
0.23457097826453308 0.9487449410221607 0 0.0017164911507601746
0.5406446352332691 0.8827629439303515 0 0.002449303425388709
0.07656832262601042 0.22795092769665778 0 0.0019223115516592722
0.2833962581153637 0.36787294851734126 0 0.004278605937350675
0.5656563115957376 0.12372474679141464 0 0.004887008871694774
0.5145155279170796 0.7507326276819172 0 0.0043361307468505455
0.4688583888688736 0.02070019017811197 0 0.0031670901707117564
0.5775945921540336 0.3271078165601779 0 0.004994314264127103
0.6209922606996117 0.4853850329051323 0 0.004976043201116776
0.8832995189881581 0.2815771302248972 0 0.004874237577458156
0.5295545850890663 0.9691153859258352 0 0.004805715028220914
0.694038031364482 0.06626071477008498 0 0.0014904455787053154
0.7038351498423651 0.8465779021796649 0 0.004355592922793392
0.8548082974179328 0.22744529907942088 0 0.0025996239057148934
0.2489750278272482 0.4053979875410683 0 0.002594726664792504
0.047189053055043714 0.7124941988068733 0 0.00461285779474112
0.09779143568571434 0.8967942816253284 0 0.00464648652943992
0.15333764179459172 0.26782629236423755 0 0.004909712658782207
0.25529069074204996 0.1402624402980401 0 0.004402714391048508
0.7975741759860535 0.27923932978624694 0 0.0036933448876434057
0.937598971248651 0.6297609849241862 0 0.00043238421181110946
0.8811564107993929 0.09747098308783196 0 0.0035970989756856767
0.32592802551168726 0.1565144256944387 0 0.0048540593177850136
0.0258444488577022 0.6349645226267318 0 0.004204439110764397
0.19271070810183774 0.7174001061239785 0 0.0015648350252510717
0.6711787277887767 0.8447578009364001 0 0.004987934089090201
0.3642573663155165 0.23986006686995462 0 0.003642979930122405
0.3266594503985258 0.9506683979498672 0 0.004437987287325313
0.6278262647298536 0.38258062200827664 0 0.0014523982067962
0.5867512962114289 0.416621217148265 0 0.004994400703824789
0.4872948500595263 0.837899783098848 0 0.0045434855173110055
0.6293790473083126 0.10633841092778272 0 0.004384320580831335
0.39372007826297845 0.6902333741229568 0 0.003117738375919588
0.12446525628234904 0.2965979541612475 0 0.004451904951860672
0.02698901092815608 0.04103440166496307 0 0.002128456261832717
0.8351745805885489 0.8924273147198979 0 0.004590077160974946
0.72811615365833 0.9072536302706409 0 0.004753988698072231
0.2787272321981737 0.9955095163329151 0 0.004307220758788727
0.2931602213680809 0.4766960290582765 0 0.004908495487325704
0.20272937346919304 0.619545834541281 0 0.004070873950627295
0.9187480168813764 0.8637814225478764 0 0.004267343052475459
0.03183483674879993 0.5757083262832576 0 0.0034372915853823783
0.7226441435655115 0.07542203781053435 0 0.003848589543511115
0.1657256019884817 0.5050697609814135 0 0.004594845183796144
0.2242397977495477 0.37615902918715 0 0.004694398961057931
0.9304472018107097 0.7719716536536848 0 0.0003621909921412768
0.0014122916471555013 0.17019358551504235 0 0.004921061631970166
0.8585827089603139 0.7572018107164187 0 0.0048636097774205096
0.7723714536971629 0.36600460820832986 0 0.004974260035457219
0.1860379857077545 0.3266885224447868 0 0.003301539956004473
0.5585963880905421 0.28974782472920296 0 0.00039754308235296476
0.19498278165396052 0.12087401273750607 0 0.004962614664832271
0.7415732988814884 0.4681753706111818 0 0.002365334226739614
0.3664620506710062 0.8978004156924069 0 0.0038027235868210983
0.40472634726802154 0.4590862801228241 0 0.003638950236281072
0.8962394293856336 0.021405129722197873 0 0.004294798843952971
0.6824139356356037 0.022012695196115033 0 0.0034505480537687307
0.08048018727323646 0.9354234353020746 0 0.004543313824250638
0.8746098918385904 0.31026976951582247 0 0.0023625711517906486
0.4671025366465164 0.8027915003781135 0 0.004442277483975899
0.8091308401910576 0.9397956359528966 0 0.0032435099807111706
0.5400482391700053 0.592074882702152 0 0.0032495490376360622
0.41194874113265817 0.603125149501562 0 0.0017245529106655136
0.7824937131650497 0.3391146110261885 0 0.0048485094301775845
0.03723684850854923 0.7669562729133093 0 0.004971638392484577
0.2643050178818323 0.9313461679698153 0 0.0018988983906347268
0.8837410783527028 0.6454827964796888 0 0.0040869853797751675
0.7041926273729618 0.022734216751619234 0 0.003115014323924991
0.8258136603165411 0.5705251533995964 0 0.004240130927851998
0.11988589659727943 0.35986840911277646 0 0.004898368680107672
0.0011144358011003729 0.6822348905098684 0 0.004692588801874285
0.6533666754247404 0.7822640213560512 0 0.004777984392873219
0.9150324990112817 0.3917010572177129 0 0.0036163762636263136
0.11893878510683108 0.6398749063919501 0 0.0024948379204685223
0.04290100867111045 0.9809691228640524 0 0.001513693310379525
0.7917421748077617 0.4990091197027305 0 0.00439835188568216
0.5422799854028356 0.32408424478157755 0 0.004739530390626323
0.480029500000907 0.998156141523285 0 0.004833087566381706
0.10164780594385257 0.42161145845311493 0 0.004998340199542597
0.823605463291243 0.5128258987160791 0 0.0035304686022003175
0.8211906492480826 0.023725615766980616 0 0.003172358378536154
0.4132737744780706 0.6964825302683989 0 0.004844211232509476
0.49558845437523097 0.9102893389569304 0 0.004968166434095242
0.17903686907516322 0.5500903265319812 0 0.004984893298834263
0.9704240420277918 0.41214193805990534 0 0.004314558664600163
0.6725191660688917 0.7377378167275396 0 0.0048982718739327925
0.40222609862303166 0.5978157819479347 0 0.004114370158701217
0.5320689813890758 0.9445922248444406 0 0.0018191919427719468
0.08361866206205724 0.952200738777382 0 0.0037577029777931983
0.5766782674078335 0.5987718410417439 0 0.00469135111186518
0.9271211482459233 0.23987045881089195 0 0.003856881765419144
0.054821139847405206 0.16898475241603791 0 0.0046946460367730475
0.9523366341415634 0.12623765627675973 0 0.0037820030702377144
0.6528670897505563 0.6674212972997304 0 0.004771765499599144
0.7478048783979644 0.9376326613683466 0 0.004992741447945202
0.33102998215222396 0.677357740087947 0 0.004036504382230966
0.9440899498266663 0.901789015720372 0 0.00464541729999587
0.12181883361396338 0.253463948802868 0 0.004874350107085265
0.921414251608896 0.4212441716074931 0 0.004994932697936477
0.14823289298843753 0.7723778089447696 0 0.0037342878096566765
0.4080429271621368 0.07301924324467311 0 0.003359444599333442
0.785459447948583 0.9457194116386352 0 0.00474675486013512
0.8128063745648519 0.046815949663006715 0 0.0038255423569483753
0.40827625527323447 0.14454223106997197 0 0.004003595615405403
0.2506614373443508 0.02939306527976792 0 0.004368082158152646
0.892832361394141 0.4672666868882798 0 0.004574009973686786
0.9918336060307715 0.5986810342054292 0 0.003704575623243996
0.11484451243679138 0.3449901500323919 0 0.0040784937741753175
0.9588445414040254 0.2547799443273205 0 0.004559577188343485
0.15815373720576917 0.06677884815011191 0 0.004976613073214842
0.722252154117088 0.3456263407507421 0 0.004992335072242331
0.7971196929835525 0.7059365446266341 0 0.004059760500787647
0.7257936344696961 0.5657938983614893 0 0.004921624283427597
0.012423744178834732 0.1286261461424761 0 0.003549666910611701
0.6556101465772962 0.8625769516577594 0 0.0017713651112657774
0.6929858446282914 0.2282083346044573 0 0.004682098896675479
0.31280479526071686 0.11903605826167128 0 0.00472119840039403
0.5346045528691895 0.3663283953152166 0 0.002935063582359067
0.100900530117764 0.3458679331913596 0 0.004987604395590383
0.5469601977181249 0.788045385000979 0 0.0049516469234221145
0.4685751615117701 0.8847325201551101 0 0.004936701590447704
0.659810784763154 0.8227989525206418 0 0.0018245096695830819
0.9361250031062108 0.595153106483842 0 0.0037086295105721503
0.06275624269377554 0.06894774491794552 0 0.0047913180876953945
0.5491300842558335 0.5695922864267787 0 0.004963677542974007
0.8757557943555244 0.5908807934782322 0 0.0048328951394869465
