0.9758306782055809 0.5725079974762736 0 0.004773363729128912
0.46316058202017757 0.30750464643062086 0 0.0018524314100432074
0.9526471232336743 0.2919136903557454 0 0.004262897731792607
0.3977548872046602 0.36538059956454266 0 0.004965410955512925
0.3864567160179369 0.3326394708304457 0 0.004995536873261894
0.8533710650006809 0.8025695631455226 0 0.0018096042654771433
0.5032686351527343 0.918091398571777 0 0.004341119120697215
0.217466522924274 0.013184211112134296 0 0.004807031419058108
0.7567530437221158 0.3357842610879966 0 0.004934289223615091
0.18143184379697005 0.37545553683737004 0 0.004886582885632023
0.204687350667723 0.7454229077301912 0 0.0024011560152420934
0.9274197695153374 0.8248427445982561 0 0.004803521399748178
0.22647179326887 0.8556980007690854 0 0.00481094477812158
0.0396755779138651 0.25215174254232603 0 0.001493444430475833
0.8937442887380035 0.6380742427627001 0 0.004281971692053009
0.8975894514639661 0.9811988672900056 0 0.0035371202532967433
0.9886655118347691 0.6292390226278377 0 0.0038076150368158692
0.7288411134425877 0.3640311154649459 0 0.004037249519751672
0.07602345560152877 0.12974823113952813 0 0.003847735033444448
0.0144570432561889 0.48838375575646004 0 0.0038323602719091774
0.7895803162696178 0.23982356169272553 0 0.0039380674219635405
0.5883321255112887 0.6575884626663896 0 0.004999285251150403
0.0970159352276123 0.6752149146725467 0 0.0021453812596629878
0.26815454149994716 0.1597065056458706 0 0.004686329488142108
0.06625989953656473 0.7208229532947199 0 0.004341529077093924
0.47084248221367814 0.4846792746163296 0 0.004998719607493338
0.2845284209817602 0.8829910029377619 0 0.004919214783189069
0.5031301803011082 0.035013384708487236 0 0.004038194817493099
0.004788700208387392 0.34171773129589783 0 0.004803976033894354
0.4911202363468323 0.6717417060096711 0 0.004882198498421918
0.8145094540033324 0.3340589538557886 0 0.004757890838339058
0.37528571007228634 0.4402729456463628 0 0.004981333427660545
0.8615097858691637 0.6837703437630201 0 0.0046928832869701466
0.5285155601229579 0.8241008658577033 0 0.004973500878786453
0.03431058904861904 0.4873961754851504 0 0.0032557477683030924
0.5308196209998308 0.6346244163371184 0 0.004999003682497973
0.3468107646575062 0.708915525856492 0 0.004287859651388558
0.4255403225648277 0.9496210257648308 0 0.004999965776734635
0.23778633591415996 0.7371541716860809 0 0.003907331349071317
0.019338154629919384 0.3839794455198498 0 0.004693654491976686
0.8759581475637166 0.6805073579944175 0 0.001061472670898809
0.627048981894861 0.0329958825790667 0 0.003596986550540802
0.7401252068377278 0.587963008373402 0 0.003939002961999453
0.8922996281309276 0.9369993641538386 0 0.0029368594642915848
0.34541935654462214 0.6837345759683351 0 0.0020725126838840977
0.4039277546467018 0.623426363188807 0 0.0022283367595504334
0.8698169900767041 0.079238625803263 0 0.004796289151407552
0.8335988102156886 0.7584614950159442 0 0.0020280407124263324
0.08368562419112167 0.5353070459606661 0 0.002850634097907127
0.2729304332717076 0.06785891090253925 0 0.004999837645353585
0.8782036249958957 0.40785976956897435 0 0.0028453563406945085
0.4314394949412836 0.09721213850635445 0 0.003994151728489473
0.06929066618362788 0.3011047073102819 0 0.0034284811566829207
0.762596675938762 0.6394665411485955 0 0.0034150458613030382
0.7722436283359386 0.7112619063861602 0 0.0043393553398896915
0.9502370526369424 0.1260642458437161 0 0.004932304365318816
0.9126722821470851 0.6800477433450733 0 0.0018946380779563076
0.037405551100940224 0.4700426661678651 0 0.004891206656500936
0.12048327473084362 0.9470668003441394 0 0.0038095896013600134
0.24848026335317372 0.9144813337559995 0 0.0014769167218842529
0.23203667455540597 0.3426033871277249 0 0.004399293674107113
0.8543926240424125 0.3826902936761553 0 0.004427770239952631
0.059241193111309695 0.49433153538426394 0 0.00217649445792944
0.5460347358775254 0.8374170328305236 0 0.004980223357294887
0.12627177154326982 0.0651702741024973 0 0.003986800037327568
0.477063375415224 0.23274133350249146 0 0.003751575875189855
0.8737743650552275 0.3811478840094003 0 0.004111622243844933
0.34844235657196027 0.1069939489374948 0 0.004816077992843748
0.13874982948484313 0.48637940593791823 0 0.004421707997803397
0.540360430053058 0.10476655888326834 0 0.004704983318683661
0.7166291589255895 0.554230126576914 0 0.0049473148526377785
0.6034962111741328 0.4734626491921973 0 0.0018760551554370829
0.15405242622086687 0.8486360097625008 0 0.0004681829682766124
0.312604271250476 0.4704091314179076 0 0.0049677099116227676
0.24656740956637388 0.6081339605412053 0 0.003753325703231751
0.43534248977703865 0.1426777950672898 0 0.0038507390590360314
0.6370237148593483 0.09546247336461831 0 0.0010795836046196645
0.2847288289606827 0.5555498959718391 0 0.004397537288717234
0.15570847372821747 0.306443064285492 0 0.0005419854158300511
0.193118927050395 0.6653363295746393 0 0.004116779800433121
0.33439179005505854 0.9608003170221535 0 0.004965584894745857
0.9410924137579655 0.5097397588810206 0 0.0038908146239298386
0.5553663843122031 0.45688899671088007 0 0.004943092076729914
0.07775738154846755 0.20674806056242065 0 0.004944351817444458
0.6056870044671953 0.9164049351087926 0 0.003280275871001968
0.6771289217542499 0.78202580560646 0 0.003831326348163351
0.5150182353987787 0.5555225741075647 0 0.004999955932857786
0.6307426670177027 0.6726014448099326 0 0.004824205819209009
0.4872747755518569 0.060457751845417004 0 0.004410574172723178
0.19550248411768353 0.11193980550524484 0 0.004511096797915262
0.2534616374241829 0.6767454526388059 0 0.00257049873362905
0.47770447154013834 0.7392893906297341 0 0.004834523711056454
0.6646270209765512 0.5822304838767477 0 0.004979566212082248
0.8050517410986219 0.6281113900844882 0 0.004671749642924851
0.19345058476393648 0.6773663486197289 0 0.003248102759564976
0.5640905481055304 0.22423372627771485 0 0.0018667965002084515
0.25206373775240426 0.17071162531629044 0 0.0025626004747707648
0.3040149542036397 0.7795735284646723 0 0.004996458599742804
0.3493841879204113 0.9262416324866234 0 0.001873453006520207
0.6169828799548743 0.316546462803411 0 0.004954103671416618
0.6551931427658936 0.31451906904709065 0 0.0034314193051832647
0.4919646588828224 0.7444374795490956 0 0.0011382560866828682
0.3600518011385307 0.4765098041438958 0 0.003493314615671691
0.48664110491869844 0.9729289334312637 0 0.004839886688114684
0.05292112638307099 0.015610502628279892 0 0.003105058526790125
0.5491148168046672 0.5862569841830378 0 0.004709852291540423
0.38173409859448354 0.08205000065015998 0 0.003343666876615871
0.3880174910038709 0.4131471443785277 0 0.004998894915777992
0.659123765790133 0.16462459675880223 0 0.004860126513828966
0.345315543115203 0.21074618492666983 0 0.0040489215147552216
0.19166742261052636 0.351926405824509 0 0.004694426102330584
0.08635261120019154 0.46365840046634627 0 0.003151176828097612
0.10011987451603398 0.8031930006390284 0 0.00498401888665692
0.7175547924548775 0.8803185823993249 0 0.003928803330689787
0.9496788633741341 0.40431515464246987 0 0.004884410151198608
0.12493651090881507 0.14011651805527556 0 0.004388182069882249
0.31372137022961094 0.538737919751245 0 0.004994860708560641
0.6972586059571272 0.4840427873796294 0 0.004583227522671694
0.9397603635532693 0.998095020445446 0 0.004949642714471603
0.20433177518553378 0.23500397242687496 0 0.004343733881678611
0.7383350490720609 0.001948235724794629 0 0.004525984001768907
0.3943480073798344 0.6437679367769874 0 0.004575190590610615
0.47879977169325477 0.7081214509930694 0 0.004053146735880621
0.39191723727501454 0.6715147922649802 0 0.004990524862686053
0.1748386715713642 0.02844766561319522 0 0.0038334954881459847
0.5525100242462357 0.6984656332108106 0 0.004781393889964815
0.7547729014535405 0.3893457665996091 0 0.004887287717355329
0.28952022907004843 0.35600078831183884 0 0.004871914071451666
0.5216556177241006 0.03763474672965915 0 0.004935314095475719
0.1574038156023265 0.5117192510259666 0 0.003102216961618944
0.31838962621511385 0.16822611318407596 0 0.004488086870982443
0.16833690429287493 0.18535834704265505 0 0.003641431168935089
0.15957756845244273 0.1615822265556471 0 0.0031644208461081994
0.5541757023472736 0.1431201376074451 0 0.004048442970429895
0.8684333767770577 0.75583394574609 0 0.004240795682796272
0.16826296238685687 0.9175652166061071 0 0.00465762117654251
0.911348672795135 0.6241028047275775 0 0.0017199949078813067
0.5922770085971424 0.5852571923496602 0 0.0012431154487469332
0.15920553773402732 0.2253951027536639 0 0.004891048680910313
0.32225242524975345 0.878468578670608 0 0.003069727082699802
0.9907659290782947 0.37036695032252215 0 0.00373075682508467
0.9160766794412422 0.5428892116879653 0 0.004410006183232912
0.6531030037443434 0.8573795689788282 0 0.001502740175168243
0.9310763616764307 0.603527079917438 0 0.0038606474456612198
0.14260003378273875 0.06340346921910976 0 0.004895155079494527
0.8008054836551823 0.344673349624297 0 0.0011315847970165094
0.8351025816339847 0.0237401788363275 0 0.003093214848806562
0.22848856387006664 0.9269679739390188 0 0.004763025636504497
0.6533725432324948 0.4885271290855607 0 0.0049942135006891
0.6877271468732892 0.5822573393055956 0 0.0031293028038169948
0.4502206973860236 0.004317051310080972 0 0.004732645104325266
0.9144778650066139 0.07683079913692013 0 0.0048956155159335345
0.35394484036979407 0.36030987886137317 0 0.0036719106495605347
0.8839326221755271 0.8491912942866771 0 0.0032962894690901487
0.8606879666368907 0.07414732660738475 0 0.003526187874144109
0.5280471710012178 0.38033673174525245 0 0.004950603595278452
0.6879010554402533 0.7323460303159967 0 0.0014818780064125442
0.05669947618782266 0.5105725392357783 0 0.004838919698820248
0.10626694790826018 0.021448038466604362 0 0.001597803723007581
0.463777107942591 0.538019672304809 0 0.004866877547994293
0.18134738638760836 0.9054747443748743 0 0.0040053123596586635
0.017445356388417703 0.8470028711871461 0 0.004598523199995882
0.8609336421873852 0.35461644652424557 0 0.0016503945203186234
0.7726320878756959 0.1170131915572684 0 0.0012578469077797806
0.19440854939315597 0.7867035466174042 0 0.004609480417781891
0.10356321771199838 0.8438849187805905 0 0.003848768476029268
0.27821073444454064 0.07958690586353499 0 0.0038439082069229636
0.769563551731857 0.3053508059686236 0 0.004312975839173222
0.029581201288850105 0.6530914831109498 0 0.004305501145906285
0.12796369882910527 0.32378561667825584 0 0.0019454352486438752
0.8303988025529007 0.004744121852189748 0 0.0022910885212262993
0.7890099212562731 0.8084281583889171 0 0.004983355961837034
0.8528773809122538 0.8154186174212389 0 0.004795937754556931
0.050453241643034205 0.4331699411750867 0 0.004761798270354259
0.3218887259037431 0.9072957940965269 0 0.0049474463369386735
0.5725040645405598 0.15094697980609492 0 0.004886305431658792
0.3570068481959325 0.5288405794323927 0 0.003647670034071359
0.7118759174378042 0.6853207156708396 0 0.0048941212347340885
0.6560917505613453 0.33248382294325357 0 0.004514909528725875
0.49668413112895954 0.41879857673967186 0 0.00485557860691944
0.02427853157344228 0.8400911122167412 0 0.004692478065757853
0.7531102157107796 0.8003524446703412 0 0.003358205907151038
0.5327862579935435 0.4143457187360005 0 0.004867236651945807
0.011887987427781403 0.5953181134992295 0 0.0029831890994272635
0.41434569749452305 0.37881464700047657 0 0.004128300278572117
0.5336002429517998 0.9415403066275051 0 0.004951069371874063
0.06346413127189375 0.4108164328886325 0 0.0022582095270140563
0.08068474650770417 0.9622259482523532 0 0.004405682745140266
0.15953230325459541 0.08396167403038667 0 0.0019713717291843656
0.29872634778276924 0.7513238656453387 0 0.004887305314346147
0.6306825227740308 0.09956443759583809 0 0.002513137644544055
0.6823557589881445 0.18854252658707202 0 0.0011474893693994707
0.9258662179251314 0.13682730949137753 0 0.0036181993412142672
0.7296258159103445 0.09262973587475996 0 0.004388741849548115
0.11177342328111682 0.09171641401940543 0 0.004481812225926448
0.01535163258872995 0.9309225857809537 0 0.004745511668406925
0.12803994610132616 0.3937380142656393 0 0.004194208829967496
0.42201188505971404 0.025961518011606614 0 0.004964769884949635
0.3138315890913264 0.8936844609103695 0 0.004773363563257971
0.6618840010627361 0.029510223787384986 0 0.0033422569542181147
0.8782943218688496 0.5242792157597799 0 0.004237258282563704
0.39511354982090124 0.042840493427820356 0 0.004912890590891833
0.981065818929853 0.6025644129340638 0 0.004950970459009785
0.5165562141690648 0.10930339574155666 0 0.004824189243243872
0.9019134614534502 0.0423443476825046 0 0.0036981998750610255
0.839914475502066 0.539361972162446 0 0.004803804892570812
0.9676300267837864 0.5409384893567565 0 0.0047424227828543
0.5710768353163045 0.9943380069075064 0 0.004315081014088863
0.37478940154254187 0.2315973490692704 0 0.0046974954936216335
0.1330307202101539 0.07624821952335901 0 0.004533287993233982
0.4199057430023105 0.12990242804762817 0 0.003501641488250957
0.669474052316524 0.49140350500771607 0 0.004988473404055149
0.6566080445158051 0.7300023604430506 0 0.001380997308804081
0.08845187086981375 0.3020912799127921 0 0.0009773622168254461
0.6788910093352235 0.025216324877986855 0 0.004879021444194901
0.9834924779311104 0.5334672406407254 0 0.003896590678935349
0.9938426967362871 0.23203001303762713 0 0.0049404145808629235
0.4584258090477697 0.3542588846101596 0 0.003477443871203887
0.6122697530774203 0.553013853873359 0 0.004217522071785276
0.6657774232001117 0.7881025461020558 0 0.0037076141976488033
0.1962704786733724 0.004049402089948634 0 0.0041021153100806755
0.6131853564151604 0.5908980756879499 0 0.0049797420076242065
0.43127720191739766 0.7611635146246338 0 0.004964584763695233
0.15324761220080915 0.044616485400815295 0 0.004844285768379944
0.6317937496878226 0.5403753054443567 0 0.0022575195801185005
0.90343577671284 0.02589038865002235 0 0.003536669686531192
0.4361176110892912 0.8418041615614517 0 0.003149377336815558
0.778423751272268 0.9369090680989934 0 0.0047370629016698675
0.1162346419185185 0.6950743950350166 0 0.00495324365795442
0.4971154567170411 0.36040519174473634 0 0.004689613404652421
0.894658877000457 0.7453245371908813 0 0.004987363975162918
0.6014167799988328 0.48343889106483956 0 0.002255977218080484
0.032058337733504735 0.008546535774271218 0 0.0025161424372994274
0.7047653113550465 0.1796200904797721 0 0.004996045654982415
0.5862881231664462 0.4334152807802209 0 0.002861549933555304
0.736194212483299 0.07643435294325972 0 0.00480483185377462
0.3136634747691261 0.6761003986628848 0 0.00495474968365799
0.7965259452535992 0.918874114350141 0 0.003949900003911446
0.35731661948982346 0.1415876543997497 0 0.0021120447290927896
0.5948972055676199 0.82356218576705 0 0.004580764425850686
0.20730222020261355 0.39951373092305625 0 0.004622148031636248
0.21391444295488257 0.5512696878264243 0 0.002921098688177954
0.6056154730548879 0.39168918021391924 0 0.0033962028862498414
0.7155845166927903 0.3296656405961294 0 0.001465769054370747
0.1800487279379925 0.5459078812187275 0 0.004930490103636348
0.5714399492585632 0.1380709683688449 0 0.004661006510652234
0.5111636052397642 0.12933060937227256 0 0.0042831132968842315
0.08855998313869305 0.027610883677731228 0 0.004834478300868005
0.4698548230507669 0.5068975889547563 0 0.0044414564022634
0.6844204863011545 0.882264289354978 0 0.004781722570514687
0.6094254266843462 0.7067241669700234 0 0.001521784780996259
0.6485411990505147 0.1667383676289291 0 0.0014636941511569303
0.8917922041317896 0.09293009845542143 0 0.004709990370511104
0.17068968880185761 0.7719733999093041 0 0.0025695553127977836
0.20016974289115572 0.17894295335453322 0 0.003645799279653858
0.7057441089599426 0.09147415421679138 0 0.0035293511180121582
0.3979247838809588 0.20922678789200308 0 0.00498561515161511
0.0221538751317265 0.3034595508628824 0 0.004923363728408139
0.4220299583791675 0.1407926971216956 0 0.003930634477850874
0.892473580464211 0.2606823608942684 0 0.004061271885840424
0.25032507524068187 0.6159702292261161 0 0.0046117894679397285
0.612619704032318 0.4132645282389437 0 0.004983097310601549
0.8251882526119081 0.3083359343021949 0 0.004659023068110708
0.782969521883316 0.25128370152711293 0 0.0032172814274855697
0.043875408494605125 0.6351538754426219 0 0.00462792506620104
0.8876313911381932 0.4774231694446334 0 0.004012903134438505
0.09833883540480436 0.7258864799998056 0 0.004598244162293759
0.6470327970483285 0.43424402120465316 0 0.0039798558126615
0.994014286288251 0.47517387361388624 0 0.004067170142138621
0.4275815371159914 0.15196784616490808 0 0.0049499380932711895
0.11204524236681677 0.6054302478224153 0 0.002900360287868585
0.06564286947762486 0.19405467023755982 0 0.0022358428874985734
0.3230669378069014 0.5656474641663337 0 0.003555093791488002
0.5091129190017024 0.6405420428277891 0 0.00446899239027092
0.9860902926841579 0.9711369315780466 0 0.0024230955664827124
0.9516199109658512 0.9168289274184543 0 0.004999774515976266
0.6826736417522029 0.7138891973525048 0 0.004997772423600486
0.7313301888283193 0.5467423406308671 0 0.0030041460724828154
0.3532273561999835 0.02995758315803531 0 0.0038048760933551934
0.9986710577200092 0.8824063125228578 0 0.0035988186392496148
0.5018716783111771 0.7458559461425855 0 0.004968894401908477
0.6211938930346617 0.10356173903401077 0 0.003324906854535023
0.6886577651339035 0.946245111524465 0 0.004999973758894985
0.906098649477191 0.001974797093365228 0 0.004303884903944573
0.6642226846916498 0.420598619122414 0 0.003477656260554948
0.8563278023755274 0.5693037191089613 0 0.004060444680125517
0.9772075244360836 0.005776562885679621 0 0.0036222143603306545
0.7320114449639301 0.5584585708794821 0 0.0025452485342671587
0.8643748629439614 0.8509627498940334 0 0.004352340130085319
0.8581405724379412 0.21435939613388375 0 0.00439127912838814
0.8021494040558531 0.8017922560468452 0 0.0046476493023063755
0.9067773627582101 0.6619807238276666 0 0.004998873939431088
0.11588042583552703 0.12183374544644686 0 0.0013752230534495714
0.12498627517748927 0.7438099418323973 0 0.003545518025220212
0.750940565672192 0.9788674527290738 0 0.004451786940118062
0.211575220021709 0.10490559798367748 0 0.004708730343718431
0.5949427065372921 0.19135122795008883 0 0.004639330269148086
0.8391057760070426 0.8648494495205875 0 0.004132010572461765
0.13658918894974967 0.5318998891544622 0 0.0032895891306877717
0.264224333163328 0.18449186268128412 0 0.0031550083125464427
0.34430268280880855 0.5308745812625997 0 0.004651286449584738
0.19198729148599156 0.635470052515395 0 0.0018560862275306491
0.6470180102771079 0.3967079619054264 0 0.0027754025468184032
0.8043785100033226 0.18798129975080222 0 0.004322811658944652
0.2805385050977736 0.39204639533393865 0 0.004994111103755895
0.9229306834441161 0.10101512584489357 0 0.0045951103432552345
0.7649854552541929 0.9313356958860411 0 0.004536775001196088
0.48279822439843706 0.891670382500804 0 0.004313999545077837
0.026232799872685335 0.14594001303770618 0 0.004822293673051412
0.7137277054750121 0.7887935180276858 0 0.004893785730644805
0.6502126861190165 0.10731859672987919 0 0.0033172338141597623
0.3188538895933863 0.075298455695459 0 0.004848953701136302
0.8247096167527168 0.15647129970284754 0 0.004744897441252054
0.6717742080068588 0.19272735122104842 0 0.0029439109299303585
0.6142333518769302 0.6309692509449993 0 0.004722777360601726
0.40531903669150543 0.9682386105542605 0 0.003712884151860316
0.006475307541565995 0.9123909068171925 0 0.0038232546910989206
0.032379671919155015 0.1620865104960537 0 0.004158162847602897
0.09057652107904544 0.09973153563538971 0 0.004073923815027451
0.920575012809123 0.28220606870366166 0 0.0008411749654078173
0.03142835068732895 0.09871157815300612 0 0.0011944857819332123
0.45340683600616444 0.8301290258376575 0 0.00435673445648484
0.08103197150908546 0.9119451922351399 0 0.0049326306830314495
0.062093545118297885 0.3187767601698623 0 0.004545423038587933
0.7074631612584866 0.027189000318097893 0 0.0048508141184582885
0.3275683129567503 0.8303012792717679 0 0.004505400813112472
0.10633885630420668 0.6594015681034265 0 0.004763547524406685
0.7353963845702047 0.619192999062655 0 0.004878598161902772
0.8538101617498904 0.5073384406343313 0 0.004476258268282959
0.364639599971128 0.7035211301826835 0 0.003286409948727609
0.3980818465431643 0.3445309097076082 0 0.003811557323403197
0.10906644875111214 0.2357603130512322 0 0.004703631875934204
0.36014271204431964 0.15975731987771621 0 0.004793163680312101
0.3314111307585213 0.17335354562168123 0 0.0017336762123519014
0.2643795172455629 0.889757183032076 0 0.004894733357489451
0.8199467561410008 0.9912848684833387 0 0.004451488395948986
0.155167422857702 0.10479614620795684 0 0.0025326883712976944
0.5053088405992124 0.6576373190537069 0 0.004706294832245127
0.6216859862147027 0.23854978796890622 0 0.004744874340824292
0.2664515504119029 0.9555054956384674 0 0.0038182315068236478
0.23197709744965697 0.688781285933501 0 0.0032315071132548957
0.5888699957501659 0.9444735823655608 0 0.0023534256466085906
0.9314605209711071 0.2371221956655197 0 0.004213596306185627
0.8944347184062167 0.6242905715416913 0 0.004682142142484147
0.3426476794208538 0.9063639094909921 0 0.003992379496092101
0.4688172931808117 0.4429026519957287 0 0.004984096680896023
0.49766733981533456 0.7040602458226246 0 0.0047783008373070935
0.8690151798787461 0.9808656189093574 0 0.004824977073595148
0.00014107327650735976 0.8695798414575127 0 0.004994665712238559
0.0842173253556233 0.38756486542474594 0 0.004983717735605448
0.442344382907125 0.9309256015939905 0 0.004660583614326125
0.17865821343154484 0.5797182539017144 0 0.004712663284937484
0.056970908871288736 0.8393685630722952 0 0.004716121787735718
0.764497017916687 0.9553494744331948 0 0.004787297063043111
0.9913307059290228 0.2905162059800647 0 0.004780042605052001
0.2928810304072576 0.395680278047645 0 0.002430026724741291
0.9099036670820875 0.6401355332361225 0 0.003989891626666404
0.7537019696114546 0.28230590504567227 0 0.003134027038278659
0.7683478386105125 0.7420437375359895 0 0.004753248448050892
0.1662873005293158 0.6385424803698134 0 0.0019190474306561378
0.7843072717742188 0.6440032869729198 0 0.00419065787059702
0.637923431347997 0.29055007377459513 0 0.0043260058053395485
0.9984126184388252 0.2589551864443547 0 0.00499694592572264
0.25448544837641 0.4932907443632693 0 0.0049995622079021225
0.43930779276602244 0.3176039096425248 0 0.003346746140987671
0.8778344541747826 0.5799414397330865 0 0.0028634489339012196
0.44744871928840696 0.7708827690776393 0 0.0039034994553173562
0.8397183762781861 0.1228915307098871 0 0.004576808868617581
0.1880743037115616 0.951101930076078 0 0.004880468960122645
0.923024749931865 0.49334901153029315 0 0.004950159107977892
0.33860980574716987 0.8692034601213016 0 0.0048932213301881
0.8193254622561805 0.9183285442569311 0 0.004990042719874879
0.3086794305206307 0.43075328368688853 0 0.004655075088494052
0.19081116823319386 0.7280809698720466 0 0.0015586942732536458
0.9407366677779747 0.3598559855952647 0 0.004999386731584821
0.4915028103488433 0.9345872860050124 0 0.004999998421828204
0.40118754137471296 0.3925355729440058 0 0.004315801654518477
0.7481841288760278 0.378191189261826 0 0.004498756572064153
0.45451692270336513 0.8007872226029739 0 0.004131919336284301
0.23152470462606609 0.7188506873594455 0 0.00434907520729615
0.6167329742855387 0.7910061920269177 0 0.0026127659069541155
0.24758933931476454 0.8688953727073738 0 0.002779652685685454
0.5444725334888509 0.4904230297450837 0 0.0049885326006010875
0.18752020220898744 0.5657333028773035 0 0.0037632200740810953
0.6682495840816417 0.6215019877726745 0 0.004404473740262647
0.35266136192007574 0.3120239739152609 0 0.0039507838513848405
0.2689951213960841 0.9164874150181053 0 0.0049695093074425024
0.1553985153718954 0.884612410458782 0 0.004943547328745522
0.3650391203782531 0.44639409420009096 0 0.0049291584720588385
0.5123655984019321 0.5411254497452105 0 0.0032120510455489032
0.6934326940552872 0.30872126285220663 0 0.004101548221806649
0.24827849527314713 0.5285004261294857 0 0.0026864192866858216
0.24292547180847643 0.24850231368968997 0 0.004204013837475506
0.29750625273364034 0.4902024981063415 0 0.004456983554286108
0.018509320905723985 0.2463358764745178 0 0.0030415513761108603
0.6882935696949168 0.5708571863330479 0 0.004947083733131348
0.6749038385442026 0.7489170151778574 0 0.0013396465190273067
0.13095492243746162 0.9583510210490339 0 0.0021941660888169837
0.23809993966374363 0.7940755793794586 0 0.002934699993401201
0.7811868526480639 0.34184324106216873 0 0.004890851565483039
0.3252275675738077 0.4285954379055354 0 0.004746872150320993
0.8550291075516432 0.893865515805967 0 0.0020080599017318615
0.49243580118554514 0.7912932256001871 0 0.00493063783698249
0.2199325723826315 0.645366848830936 0 0.004221963081216065
0.08799108305629598 0.7224308695520015 0 0.004185663772772257
0.6890035193631674 0.8945186933066157 0 0.004358909212262778
0.8323360331923007 0.5710162020323355 0 0.004999937752730878
0.8575553310707426 0.10347194361187549 0 0.0009441638136975656
0.7918148435962459 0.7667462851744568 0 0.004956657586554042
0.575477563266686 0.8986104534973439 0 0.0012153808762525636
0.8069449886910878 0.9653323844950941 0 0.004734455678774915
0.9105133474856649 0.09743994928496323 0 0.004541176990537824
0.2269993602671245 0.0672267074275985 0 0.002423495289622281
0.8655994565480041 0.7237490579123517 0 0.004306184078610378
0.1403325719669882 0.22501050129632413 0 0.0041631376292910775
0.6835835184510431 0.5941004593871364 0 0.003566039977546642
0.8121002844993589 0.7368331684468172 0 0.002818133230821589
0.1571391781665302 0.9744556835657209 0 0.004494237994245308
0.2270421773517449 0.3972279707193663 0 0.004997932521025431
0.6706523859432306 0.6915993951452054 0 0.0049656225789351275
0.18616176682683347 0.11628013862394358 0 0.00438990570490611
0.018902041766182258 0.674107862561175 0 0.004416035353698306
0.8648755623210119 0.1734376064404932 0 0.004993995925221343
0.38488020940508666 0.03653657969441303 0 0.004320765664254555
0.7163949705705839 0.47572088670317186 0 0.004268935482302251
0.4497740427855967 0.2759271338084987 0 0.004358718253142836
0.11781910640928382 0.19268843240332875 0 0.004995240479044968
0.29846076034982955 0.464260580341553 0 0.004002931393738898
0.4009907539908875 0.8448220179248824 0 0.0042092839273561245
0.5922115663246177 0.22642062103940372 0 0.004890014445127587
0.9471457514155528 0.6159537493288342 0 0.004663972841313867
0.7751460387711617 0.08961102612891934 0 0.0030230425914439707
0.3829326520821325 0.21050335328024802 0 0.004627774978230419
0.1027580593333408 0.20939349570771867 0 0.00499665133815836
0.3573365394218518 0.3455919048727772 0 0.0037607541602665633
0.762078459799834 0.719923119451183 0 0.0049565777348832725
0.088844505103134 0.5488185535189699 0 0.004677047776769043
0.5687842159051172 0.9817890570739709 0 0.0037312022577300117
0.30489421542029477 0.3884828446401774 0 0.0006798247673526141
0.29618909142651634 0.13183711384762695 0 0.004997935382727701
0.4185965211368899 0.18787427522944863 0 0.004508051725761604
0.5285816247860325 0.257831291708927 0 0.004895705598949309
0.6738458898734221 0.41739168238801233 0 0.004999830150949353
0.7644496316365621 0.009015120770744282 0 0.004983546584163152
0.6120519119265779 0.04557898504231837 0 0.001828394829299086
0.8140459784726722 0.8344883205826629 0 0.003855261984441584
0.39903267773165235 0.5465311682369276 0 0.0035537695592227046
0.2810632590058532 0.2946189287980024 0 0.004581995571943801
0.2346930678274259 0.08424158137249259 0 0.003868079007513469
0.29075580523616923 0.583736486796094 0 0.003138239303966835
0.8240012860135094 0.7765860600682652 0 0.004846369394331044
0.28105352398867905 0.8724039580378606 0 0.004925031233642113
0.8186762220719417 0.9370614326259042 0 0.00035134024057910986
0.46893675978273147 0.2732488902390812 0 0.0049995551748082834
0.9814830974918433 0.9131891828911348 0 0.004614656210863502
0.02459213435261342 0.6646209564989741 0 0.004143272364604523
0.912622850936911 0.8704916164119431 0 0.004178763116817727
0.967008800558785 0.37772080501180744 0 0.004762119358403014
0.6266408185851788 0.38212330346595974 0 0.003648818231835839
0.8612453324674944 0.7055177085579125 0 0.001360145655670084
0.5239852095702696 0.2964199111046882 0 0.0041869496388151385
0.043672419056340436 0.5056225954088769 0 0.0046377512082830625
0.6284773912174272 0.8194586673513292 0 0.004559673997502678
0.9433711277968531 0.041967902838137325 0 0.004958744146782751
0.31690516751802983 0.37020821233985685 0 0.004993637509858458
0.9088046596712768 0.5916065084161038 0 0.0033388169983653293
0.48047201995209693 0.540293498452165 0 0.004257690688686328
0.6540604822278501 0.6982244505870605 0 0.004884258445031254
0.7166137833469128 0.7317540962214631 0 0.004887663903927876
0.11706573137303276 0.35819711722748365 0 0.0020988808052481655
0.13715718146981756 0.6254146080292415 0 0.00492772656010953
0.9671762267751137 0.4818664157038795 0 0.0036171054841092993
