0.41529318889118566 0.9448761164870544 0 0.00412795506696325
0.607913361786327 0.7354453107152075 0 0.004370576324512096
0.06296545484604886 0.961082551169746 0 0.001605158242801882
0.14171409236194263 0.4550316248368255 0 0.004968950399067756
0.5380621332975767 0.9024257097157647 0 0.0029972527472148106
0.01691823980657458 0.6441733931766134 0 0.004979815458745193
0.8369077866594316 0.06344512069575513 0 0.0010689396628549483
0.15690769419371428 0.3434227927438774 0 0.003380209479575018
0.5270811202611411 0.8799413015987475 0 0.004731982215010717
0.23082847830929884 0.9580163831431777 0 0.0037399457659522384
0.34865808910850676 0.5953473215689323 0 0.004775388972082099
0.20458077474943678 0.7704262064693445 0 0.004450646201742119
0.577985570504987 0.6179509637115227 0 0.001245986572888026
0.5342979115136205 0.5508724247874697 0 0.0037710645973653826
0.932542673857353 0.06446077721298248 0 0.0046530374323723615
0.3669735186736212 0.2113517605188677 0 0.004443943889582062
0.5009066433077479 0.5693609649941331 0 0.004364406824711092
0.15736093519064806 0.6381109560229444 0 0.0027434091302212553
0.6428095273590604 0.019456371769363982 0 0.003447156171515511
0.1520832991457308 0.5386558207763292 0 0.004419772402374184
0.915067096392504 0.5966127673589671 0 0.004018456876207668
0.8796269941348105 0.964344483746973 0 0.004682281872843012
0.8076235249774733 0.5633258313678773 0 0.0025201985966625874
0.823830032958637 0.14918799589817297 0 0.0021681201267015403
0.5012507926134738 0.5412069319414958 0 0.004893900179984408
0.8269632710690814 0.8103363412124288 0 0.0049099521364814715
0.9330227743400724 0.8154092950748381 0 0.004574943396593474
0.9965070310270586 0.340821123879076 0 0.002490038737039606
0.666285213152436 0.533022188480044 0 0.0047367589797400154
0.8170276379828033 0.7019631590204752 0 0.004208538626548952
0.10510177796468877 0.9843352993357113 0 0.004911180565506445
0.9629467746299278 0.7445725832440873 0 0.00463903255488848
0.6284178512782194 0.9885603758219377 0 0.00428230860455219
0.7448215067738129 0.8005960801010972 0 0.004061129701507615
0.4869095708889389 0.8878322447292141 0 0.0035308015043540616
0.8485824993231883 0.26009672785192256 0 0.004020877228259804
0.09650888626825992 0.4808508700285566 0 0.004461427514263032
0.13837753014534135 0.39342554441920624 0 0.004735534229939489
0.37117943270593773 0.7049481812090376 0 0.004308251375734793
0.03361890899546481 0.37223693486141524 0 0.00482955060299662
0.8806570488005196 0.5414533367014869 0 0.0011953914702057524
0.17978804762369902 0.016162468039601856 0 0.004642788922442195
0.6329671487097213 0.43896507364079423 0 0.0041527570701242016
0.5420091149129508 0.21815467967401234 0 0.004933519094360318
0.3411805151828074 0.11050961809441916 0 0.004556335464744007
0.5083195901094616 0.7113632800419738 0 0.004420403631394567
0.4434462831141968 0.4160796174984553 0 0.0045316887954255265
0.4276566658445355 0.5754714080301468 0 0.0016776463842825022
0.8575664431271302 0.6306277771925399 0 0.004420870083127203
0.17253165947836444 0.4297510551956479 0 0.004722277485470257
0.560957797871633 0.30518868930458226 0 0.0049978836292310196
0.39351070943407623 0.10980534164623844 0 0.0040216920998058054
0.4667810643022808 0.18563087026607603 0 0.0045161521079160345
0.5234180146209343 0.005340526878260582 0 0.0026695508158789314
0.24548770598895972 0.4245255300325473 0 0.00496294965204559
0.640047831397272 0.635497854211028 0 0.00436031996495152
0.05401143096229598 0.22831810721442788 0 0.0019371111586198684
0.47987243040350486 0.7260423507221017 0 0.004999078079310695
0.9701446481664536 0.9966859750105703 0 0.004827335077369535
0.7825673941762913 0.790786785258217 0 0.004998227784727911
0.9306302067337235 0.910458112966596 0 0.0020557733782050644
0.16892910762982535 0.5550077299495612 0 0.004967191219728058
0.5470499797660611 0.08471275596871196 0 0.004136731666663081
0.9950272371406577 0.307909757232155 0 0.004948888066134627
0.577199085287247 0.2387359614334684 0 0.004970649592832421
0.8882600469948385 0.7665735906816071 0 0.0049783550012608814
0.9328695992359457 0.2818423259026059 0 0.0030408752684886065
0.2636274505050438 0.5814699003916446 0 0.004529456429444332
0.3882687047381707 0.6590972177235342 0 0.0030899288815300465
0.7294262821443884 0.4261898587076552 0 0.000863215020365471
0.9689539453451987 0.8024755746236428 0 0.0026628641163385213
0.49589813277493405 0.8907353295406769 0 0.003933794495218114
0.7333495201566725 0.5994830763904978 0 0.004023468973229817
0.013085293653263934 0.8057522880653788 0 0.0034402654764515033
0.9180500009546213 0.37009612269072584 0 0.00483702105277588
0.46631703536100627 0.6597726350776467 0 0.004261812479684214
0.23980685195685478 0.23895647697125996 0 0.0032494401272612815
0.3116933111709496 0.11091718380554981 0 0.0018935355790239744
0.7522729940605835 0.8990246374861998 0 0.004492592437437583
0.25062798237435907 0.47631659876332905 0 0.003681947264245899
0.3450934536583608 0.9843799530219709 0 0.0049872868838570315
0.9313355024541644 0.683478838070825 0 0.004615536718413136
0.14166953727165207 0.8667320776157125 0 0.004931878873904081
0.3623087812061508 0.7352316571756322 0 0.00498843165998041
0.1575655282053033 0.35949919944973824 0 0.004381939107362349
0.5495070630830362 0.930039265102793 0 0.004226953710005904
0.9471994661731103 0.6445896372843689 0 0.004824665993302893
0.7559547605026848 0.38044971980714 0 0.004966359319731869
0.568820919834793 0.43651134850615175 0 0.0042342150665689695
0.38458999261416943 0.7304122656270516 0 0.004994258806122328
0.13855960037289614 0.018708939690919905 0 0.0025257191520635216
0.7588172302084428 0.5107637473086104 0 0.004972369208093262
0.5983885939409183 0.920336123162002 0 0.0046955651279479305
0.2098115289993446 0.8579451963362547 0 0.002561730366121963
0.7667473245810347 0.4183469235763349 0 0.0021615451417647214
0.5489120494667565 0.1063002668508216 0 0.001706946004256043
0.8128342158312423 0.8674713189205201 0 0.0029127351214925704
0.24380710657388657 0.609747422746507 0 0.002597142738206935
0.06897669105814251 0.08456234221663482 0 0.004816936036362818
0.7017775038608407 0.5467863985202108 0 0.0036364477814508386
0.902926017592586 0.11916921060908757 0 0.0031624829169163418
0.2161747153616492 0.596772356969541 0 0.004989355411774203
0.26644958244846945 0.9155510911498094 0 0.004963953132063072
0.6058950026464132 0.28409475434913006 0 0.0049999960185813696
0.022059186416272462 0.5418773059992882 0 0.0037321173318559104
0.7900987911609836 0.49767107061269106 0 0.004794102150745794
0.08184610235317512 0.27556555127816923 0 0.0022307990979603337
0.3489690993481937 0.8669181203548347 0 0.002766479944730079
0.36621802747891524 0.1640371125586023 0 0.003712873634147453
0.8748059408253671 0.35445495865655524 0 0.004326643248355954
0.499861851366974 0.007055061318090966 0 0.0011864044728713721
0.6401196559071333 0.09630279168511068 0 0.001182935583511308
0.8589694836842544 0.9147892882242198 0 0.002331248893709291
0.9441726687796645 0.018418093587996724 0 0.004738963979300537
0.4634839025193081 0.6433802884874806 0 0.0024837335017761494
0.11708194753062694 0.18156243040032946 0 0.0038981055440960445
0.2304043827231725 0.8627308800217597 0 0.004773648347022276
0.5003883838801558 0.44105669363206973 0 0.004634314463458322
0.9894133410609406 0.1421142858776264 0 0.0020643254846778145
0.72759705501339 0.5335855279791532 0 0.003877219847960572
0.48923704413424246 0.18321568373636685 0 0.004573493490446156
0.6193296882340054 0.40374607818263014 0 0.004882126239343763
0.13795926946967582 0.575172605609168 0 0.004484067528841245
0.5354273975209451 0.5147254956791704 0 0.0048718669070951575
0.6647814325273507 0.4465215532520717 0 0.004667271850427757
0.23201296948984249 0.14565750663871088 0 0.004208273554374599
0.9392643647880542 0.8989340235234126 0 0.004317994979182002
0.9464142424501757 0.24264229597578876 0 0.0043443361553509524
0.6461086077082905 0.47313168556413715 0 0.00231601240958013
0.4443919479819248 0.28381838444099133 0 0.004222426462029346
0.29519940335029077 0.09733708552556262 0 0.0048297087064974676
0.766198147968366 0.8299886526961068 0 0.004982305766608195
0.9521215356917713 0.91305892943107 0 0.004943758046896688
0.21049669993316975 0.4399980463155964 0 0.00489944684895445
0.4248752504465501 0.18974762021736466 0 0.004759140509384352
0.5736379081745959 0.27615728081073604 0 0.002749730763631118
0.84447415350205 0.01674432917969914 0 0.004857027549030513
0.9021341311189222 0.009257834364989719 0 0.0049914064744171985
0.8244681010095103 0.5335681360662083 0 0.004395374711532711
0.43777633645794306 0.9808626042495959 0 0.0049809752374488795
0.9875768673976889 0.9990308498953138 0 0.00035220484372108074
0.2057513529123882 0.9040864753394944 0 0.0025619817023336427
0.38064876191541136 0.21347643485636633 0 0.0044685385766475875
0.6462038829592879 0.03661919687588665 0 0.0045755403319014685
0.1276230854987714 0.30647364538919913 0 0.00210518628390515
0.26468855221387483 0.6701853777928317 0 0.003179605583347818
0.7307545277152886 0.5049227860656392 0 0.003454344791235863
0.4327098679179456 0.8572130237550897 0 0.004073197400430304
0.8816940598421787 0.9074745095299489 0 0.0031058963149746517
0.5916891631656491 0.37561276693827633 0 0.003934984850630523
0.5136929303120559 0.8266797759560938 0 0.004773037487433029
0.8169724020234022 0.40435429641215653 0 0.004965936763124798
0.09150091224209543 0.1766608745958664 0 0.004134520862189837
0.2690529986903744 0.7587029756067851 0 0.004734304070807799
0.7193351789606925 0.033036046823595386 0 0.0034499326275902924
0.34416439600684795 0.47188313451937275 0 0.004575868323270102
0.7310115897973261 0.33049708391234217 0 0.0049952849169779805
0.17339078871880573 0.4169275355356952 0 0.004715700072123262
0.2953984061264631 0.29199033580323047 0 0.0024031800842511867
0.0551294225278892 0.9977205552723867 0 0.0036028565425288085
0.795818963204024 0.10035177298216601 0 0.00420899915603387
0.7487642255103392 0.8547197856105365 0 0.004999225919322007
0.48138697854500784 0.3548994241395607 0 0.0049951285448233814
0.2841882637686541 0.18120067521615976 0 0.004797732680855083
0.023455567815113924 0.8682053632319158 0 0.003757332203399001
0.945496853814729 0.7245341026513614 0 0.0041257318428014125
0.7925503729646762 0.1334442784142291 0 0.00418972310634589
0.5964885766614849 0.9431936597877527 0 0.004704780570401423
0.9602355937346596 0.5467983304905534 0 0.001796470140831107
0.8686749098200246 0.024303377013330622 0 0.004961016449194668
0.22271669702174 0.3527494412571847 0 0.004266397043421419
0.9062335308084286 0.7127826373282843 0 0.004939715202659864
0.5590236820112927 0.550627767879985 0 0.004935795729536573
0.5682912754197263 0.3901538777410228 0 0.0022421485811337178
0.6396788752237477 0.940265475863535 0 0.004725895280438919
0.5550141733357663 0.816066541151577 0 0.004815815085506314
0.6578663204102922 0.9628861968329562 0 0.0045008885736575075
0.2212125023819664 0.859864155628866 0 0.0031109217840709653
0.9542263540590045 0.5642290858056361 0 0.0029118133221990067
0.039792944464797406 0.4178905751665773 0 0.004584087539142634
0.11138392292262843 0.8156128471743095 0 0.0030621521110067097
0.9701390967982956 0.6223097843062784 0 0.004057053586413476
0.992787553397002 0.1103766572932151 0 0.004862763330445771
0.7069764388888787 0.7381746830764201 0 0.004040412402129583
0.6266585431663987 0.7485472191228754 0 0.004112846078639891
0.7074453219456037 0.7133028448270656 0 0.004999908188993623
0.12040758999903821 0.13347200825332692 0 0.004990418806239657
0.37147502237007207 0.15516981711316488 0 0.0022712001938719585
0.07121120714111127 0.8662846653125889 0 0.002348556356160024
0.11139338983654944 0.25430140945206087 0 0.0030223466956014466
0.5071259657451577 0.6484952487975986 0 0.004147853953038363
0.5991997425824053 0.49914257687025104 0 0.003860320232825607
0.037366169746228514 0.3831815233525541 0 0.0030032846017768624
0.07747038876091682 0.8490782519376205 0 0.004151792010723333
0.2717238525776628 0.16365715662784794 0 0.004999811028982162
0.37370834201617514 0.9798732098853037 0 0.0005626715963649208
0.08281220596737969 0.6771763045950534 0 0.004261662321196906
0.22070039266016558 0.8163784566349109 0 0.004725015100664384
0.06657493413626946 0.4132809569469735 0 0.0007932565506290024
0.9774646709396972 0.32435096443485273 0 0.0016451911785582292
0.6071275798816601 0.9285502080839664 0 0.004023747088301443
0.9691330360674085 0.7351678969923343 0 0.0044324907927760695
0.3257029101214525 0.10197353966215449 0 0.004993367781833529
0.8376917901665804 0.7060323371141166 0 0.00499874411043577
0.10135610187067322 0.14824582529929628 0 0.004685664051156597
0.8514202576918405 0.047904818388086565 0 0.002807449101916877
0.34257452090331414 0.6901250661698694 0 0.004615071676258787
0.7732805608002976 0.7519307079283918 0 0.0049929079739213554
0.6973681274282091 0.9171715856917474 0 0.0038418795369493356
0.22259235174112366 0.12500992641437023 0 0.00495102678607219
0.32524423484597714 0.33856940455986934 0 0.004334851190605705
0.4027889230209169 0.21723970618798902 0 0.00244835455773769
0.3225117814169293 0.4680983416401076 0 0.003900376620641114
0.7978209490673781 0.1776620334239378 0 0.0030911612595740734
0.5281271501136847 0.255020280569449 0 0.004950411300076383
0.77141854303157 0.5308415429377741 0 0.004987168602268625
0.3563932013859307 0.7200023920942542 0 0.004958143562764772
0.42436126706120464 0.09921426624365669 0 0.0017934140619658965
0.2135492920553381 0.7599692943634454 0 0.0015586441603290928
0.6365518561767719 0.08368532463103161 0 0.004104363967985352
0.480359848354398 0.5158417586599362 0 0.004811813531131613
0.2225304576850112 0.44739509832172203 0 0.004842882289768546
0.251898536008294 0.8235588378035257 0 0.004834577468386362
0.5992641704316918 0.7415285106785156 0 0.003932947884260969
0.6309368238130143 0.9031301446600394 0 0.0035923553991431397
0.6327131988357259 0.14244200957881423 0 0.00375731763749359
0.6717739661006334 0.7851125805831214 0 0.004311062665699293
0.07864309164092663 0.014006984799880488 0 0.004937810047832446
0.6948869461592547 0.1845184630930626 0 0.003820124214682953
0.23646325414273991 0.37933298305328883 0 0.0029784747605481237
0.05644927162499934 0.8888313150473995 0 0.004988823273447116
0.04133400715978662 0.8189835828122551 0 0.004491663558100679
0.41527199924524333 0.43259953897955356 0 0.0036439913413079898
0.676814017687412 0.7684033595407861 0 0.004188892005685932
0.14448402063726348 0.9963599083744857 0 0.0034174106471117492
0.8252347354963353 0.8579492461399139 0 0.00489179169727506
0.9319545541442199 0.7779528661199274 0 0.00195786574879135
0.28213914073481555 0.8340026583312264 0 0.004208449759020577
0.19938612796807362 0.4211728277015418 0 0.004754729330443086
0.4869653566551055 0.6483120713618852 0 0.0049874752038857545
0.07138127738186804 0.7740327867335005 0 0.004027696955190748
0.9034271373864474 0.817602545028102 0 0.004271659812215364
0.7606979918031462 0.7150326975137618 0 0.004257545957690167
0.3599570092244793 0.5234045705471468 0 0.004814542271909705
0.9036259530674422 0.33740986819603386 0 0.004331010023467918
0.9815361958978842 0.1730460708288378 0 0.002337188992907944
0.8487656131858796 0.2902587753726889 0 0.0047402021779083085
0.054849759322128086 0.06241358792757977 0 0.004217929868240893
0.03685967777813824 0.626824931072932 0 0.00307300841597286
0.8825605773623154 0.5134268782876112 0 0.004738795218754308
0.751046249304255 0.47316399083164323 0 0.0044039626596711606
0.8386663026856703 0.7286838257358781 0 0.003420491320372519
0.4662864974418594 0.5557604797903497 0 0.0038735377746727485
0.6381083871442362 0.6743186797177058 0 0.00036529207457213707
0.9975857159811649 0.7428983326258558 0 0.004903694826797646
0.1161670416966165 0.6184059260455732 0 0.0029621436098845933
0.8956366947866918 0.23346441111057345 0 0.000740783124882355
0.93710790800682 0.2220375071179753 0 0.0006322607507542419
0.8085183474025445 0.05606767224654351 0 0.004920248619439995
0.6936928564534647 0.8556010309197056 0 0.002993104729959742
0.08157560707387544 0.4663617795029929 0 0.0042560024249707895
0.6385681666440581 0.8055303031068466 0 0.0022587872307847966
0.20538861545487605 0.8671944294426897 0 0.004129843153351349
0.2907838986829781 0.6673241957932223 0 0.004892747894001791
0.07774827393909821 0.44022437450078405 0 0.004332151531826902
0.0025738812265717567 0.7935061655025093 0 0.00478737481550035
0.35475958925647816 0.35036247557955164 0 0.004093530383500234
0.20115661036198682 0.23115712765121052 0 0.0021913531948950043
0.7905008559144334 0.40208093857759125 0 0.0037938531620356187
0.19398811075348196 0.26104659606405184 0 0.00431043114670552
0.3674062950302372 0.7560790898985572 0 0.004676007711285905
0.12567306228823658 0.15345822482019508 0 0.0010049168995217245
0.9977554619529813 0.47487181731920397 0 0.002846235624892302
0.7532658109406326 0.058576927432632306 0 0.004987909393444235
0.6172599182020794 0.04928540558124349 0 0.0049071790284034265
0.9628286079373376 0.45974454464372655 0 0.004841174969035498
0.8616636384534128 0.12393818071198857 0 0.004348515942788641
0.08438938992788335 0.7926864273061566 0 0.004691562241146337
0.10561184946025447 0.7704726814103043 0 0.0045461203880427905
0.5592647611397487 0.08782965342703418 0 0.0020310606304726306
0.0015001588893555028 0.31988539979599745 0 0.0043080607703561225
0.7681653875587231 0.9069517355502551 0 0.001125595349241037
0.12887826618261142 0.9502074493351237 0 0.004717437179190333
0.6870234465537779 0.7811148050991318 0 0.004859910950689263
0.26323502874785537 0.773792241696483 0 0.004989778771498468
0.9821876900334154 0.7031026481319832 0 0.002203143990645615
0.05789777019143304 0.49697582775710686 0 0.004793502777695418
0.14653031368679012 0.6426678439408134 0 0.002060819538888398
0.5561583529863939 0.9697583146032134 0 0.004022464150718034
0.14022878067780717 0.9834393496972961 0 0.002179059260304397
0.23638272413534786 0.4362969756188739 0 0.0049999853144897435
0.24017037468170285 0.04918282089434155 0 0.003244231957432135
0.3389793671122954 0.3647700596184044 0 0.004804095189086696
0.4529787757465858 0.2609570828610825 0 0.004992510771865673
0.16549277494067902 0.0034606327100385977 0 0.004963861557179792
0.5429129689222645 0.11393677630463915 0 0.004991373097562792
0.37467663010336877 0.9899965115033873 0 0.0037899730008580657
0.013856393437646324 0.9623372015494697 0 0.003953530343588274
0.3103319904176158 0.5872034429846478 0 0.004698760921771552
0.17937159235708597 0.918127890208659 0 0.004639626547700636
0.7275119918527206 0.4027172505120094 0 0.004779698320314952
0.23375667788668017 0.15539585350692262 0 0.003546542709652172
0.6967783065136984 0.7393696116369846 0 0.0030550189312780157
0.29815209643717516 0.4426545021643346 0 0.004821774211662843
0.3032004949333538 0.7069154302197449 0 0.004173220731716872
0.7278204769530104 0.746751461869969 0 0.0019595796249955197
0.7703636060689962 0.10030437795800871 0 0.004949418729906888
0.7303102640230218 0.7886115407564461 0 0.004877698896753051
0.8643788592293318 0.49053799420746064 0 0.004443001504721272
0.6732968506173999 0.9235465038804387 0 0.003954540106476973
0.6134042587962332 0.6002761933750393 0 0.004164198071901598
0.6624703603208679 0.7359182815175533 0 0.0010815469251223857
0.4335454261009088 0.6912485293187776 0 0.004768373485579792
0.01664696189486136 0.6038984369106287 0 0.0033215693669886685
0.5696187402066596 0.05684153719553352 0 0.0012739080519666424
0.5987219887220347 0.6202845430517631 0 0.004998923096443325
0.5100361289174856 0.5578447788585429 0 0.004754873460625019
0.8063150156347144 0.21805609458544226 0 0.004999078535392005
0.12859869613097416 0.20713111710607954 0 0.004197751231169357
0.12881481397125402 0.05404719835096804 0 0.004269164803174059
0.9889988992781156 0.4493546429398734 0 0.0024917691622635013
0.3397850670128169 0.6719107302892569 0 0.0029490521889744574
0.9498339423378362 0.07002660154947969 0 0.004515289629244849
0.9442086633446493 0.39295846170003806 0 0.004981124408249948
0.48894110610757463 0.8171342806710797 0 0.004945719777971293
0.7997679246101811 0.1636013112162504 0 0.0030978628261808727
0.2697369489078812 0.9755368695608847 0 0.00493101116941821
0.9989626188241578 0.19802479584643626 0 0.0049785631749623025
0.3204202260199985 0.5938849083937188 0 0.004457647938677346
0.1058100279794185 0.31755439316240436 0 0.0014581404997012094
0.7318743848940367 0.6934438767394526 0 0.004163425958704483
0.6904346669639632 0.07852147969404775 0 0.003518435502508116
0.38356375486831223 0.3773298603679514 0 0.0026107203672149195
0.15292222856521417 0.8316627176474033 0 0.003224546021891287
0.9075669178078222 0.7270038786707482 0 0.004885046787384623
0.5325868646714198 0.8145199373550691 0 0.004942428098464458
0.9817895556779488 0.647003175124413 0 0.0016965250131788026
0.6902526906427646 0.5215862375455406 0 0.0033518987898803385
0.8672895788393892 0.5882334392919568 0 0.0028334635676950637
0.5181361461447593 0.5989059879011268 0 0.0032363464043193495
0.5641791489617359 0.6950917463184443 0 0.004717876720184006
0.3987451921046465 0.39195068048826615 0 0.00349018929809115
0.37098185416523805 0.24574985713894978 0 0.003491964437623632
0.14706669080399212 0.5283987080828106 0 0.004733558912179132
0.9703732986012542 0.4368002482146152 0 0.004983418943368585
0.7495132271939549 0.034204629831540365 0 0.004698242352367972
0.792183596789953 0.6515544172251535 0 0.004865877532884217
0.08383762013105676 0.2278139109749022 0 0.003412025652546877
0.06676843261330288 0.8488418171127365 0 0.002701791825373016
0.5581768253255992 0.10143985208241156 0 0.0018235728781530462
0.13207903720760958 0.5880294685726706 0 0.00494272158563329
0.1360755073166154 0.18081093912368415 0 0.004640142327274723
0.8625734698893134 0.07865625730679825 0 0.00432594361660064
0.9893154656395117 0.04341281885358282 0 0.004948760702825502
0.290282488907231 0.347942007952498 0 0.0035781175227218125
0.7911230218030068 0.053911930564657914 0 0.0015406550569025009
0.6110428723609519 0.1587884628004753 0 0.0016954147310460663
0.36911469112839973 5.818162687320615e-05 0 0.004993298619257584
0.9279512807112832 0.801089691653709 0 0.004941591900931996
0.5514488594906373 0.8021306387893116 0 0.004510569248799613
0.20186038174347473 0.6831756984667116 0 0.004752132937140344
0.7130781141394976 0.8715098451655063 0 0.004240945114207541
0.3564480625942444 0.3688189324526063 0 0.0016434566193198746
0.2652282498963298 0.10567299890332725 0 0.003513435194262073
0.8611065837930444 0.9331620140535056 0 0.0044331871821256435
0.5212011144098003 0.49349058293135123 0 0.0022677982626641883
0.5903684508613417 0.7484689295418273 0 0.0038556460260676705
0.5144744801009807 0.21310489969788202 0 0.004550150586702713
0.38997798152556057 0.12545018782838 0 0.004916534236852638
0.6608429184038339 0.3963082522435693 0 0.0049923978942135955
0.4061002589211326 0.4350841896688646 0 0.0024725217696380335
0.09875406803309493 0.941167338665295 0 0.00473874836744797
0.9963199022873735 0.43518787100210793 0 0.004998932419366968
0.2593314865363698 0.22503939714908291 0 0.003298700742604403
0.3023883338512144 0.03342419247333049 0 0.002010116435011724
0.4756757841670514 0.8755007851781899 0 0.004342048047010837
0.2229081982770745 0.29160248007607764 0 0.004553804560348491
0.9676279338822587 0.783748268927675 0 0.004725443470601755
0.45557738845049606 0.22041405950335477 0 0.004592434112953964
0.7937219195220455 0.9310024687604714 0 0.001049706401450155
0.5096066780250714 0.28524280433466315 0 0.004093727152785863
0.03831838837671629 0.9327463386557173 0 0.004648402003934183
0.05981008779959705 0.4393654670532449 0 0.004523176158974802
0.23916212887792962 0.6654230273774517 0 0.0049999639362081376
0.989966402634601 0.5203872965356239 0 0.0036049579570681858
0.9556606107579632 0.471675021180429 0 0.002322312912094362
0.5175202010407343 0.8657086965502838 0 0.0006489119420469032
0.19502190971860486 0.6735760196670664 0 0.004239957868241429
0.4647489287133261 0.08610241314153909 0 0.004774526602717414
0.03108947005296169 0.9797518364020904 0 0.003677066402035508
0.9968470344378699 0.6727396390531997 0 0.004703808596167115
0.745358226645207 0.677644259668932 0 0.0032812770701144433
0.8108232626468369 0.6536881532291599 0 0.0029748719670529334
0.4160235679957682 0.9058113132224124 0 0.0030700275459418745
0.7263355846103864 0.562466563975968 0 0.004155053769738967
0.7797737402446198 0.1803002234814007 0 0.004793392410240009
0.23615038638540728 0.11628506139061855 0 0.004969847779699309
0.9014178164860175 0.4138290314793633 0 0.00497578212306348
0.8010883955849797 0.26690957182375513 0 0.004808082904636778
0.3891600904770352 0.7066208602312594 0 0.0048778652514044445
0.6259608685237648 0.8679508167554589 0 0.0016850079512655167
0.4570678525222625 0.7957906141980552 0 0.004878468954031698
0.4115975271520143 0.8869738885402297 0 0.004998649632533807
0.2814664265455145 0.9212448496515647 0 0.002211313828133706
0.3303597364054068 0.5082500524649488 0 0.004171714168721962
0.27108364977605676 0.40841667264756415 0 0.00496390217013491
0.611380554791743 0.7742740722878788 0 0.0036643195690817497
0.09962880562133979 0.34684242689363826 0 0.0027943657791147233
0.4204942173554375 0.4431399056423561 0 0.003819016041333212
0.920906646913855 0.559593735305149 0 0.0033578818587763648
0.2490244855066723 0.16632002664431852 0 0.003652659858181582
0.0683750548740346 0.9075448707038706 0 0.004876110976805573
0.3317542871046954 0.4631243486801265 0 0.004206332577465419
0.9383904912202661 0.6672936334519698 0 0.0044969341810724255
0.8714070812666747 0.2855843302650188 0 0.0023116066600814664
0.8500692769206192 0.7921440080727937 0 0.0036970547288644037
0.6319955497769704 0.40556248988907245 0 0.0031218754889844923
0.6948814038158619 0.13117413106939532 0 0.0035532913239289567
0.8815596219497427 0.9942878117862852 0 0.00041447346053264007
0.13540973783659202 0.12988092271511106 0 0.004059294919669942
0.12670097599431604 0.000336892987007893 0 0.004871250498731449
0.8101626238897027 0.9593926607229737 0 0.003594867756655334
0.11061771527108565 0.12515905314872786 0 0.0026371449419896865
0.7321917337305796 0.18895698477714792 0 0.00485131177814986
0.11866164358918828 0.46594993171578286 0 0.0032643726043872653
0.2039642071657661 0.5987700907628319 0 0.003459070803131499
0.5337109095929204 0.32433778153058884 0 0.0036672783076376284
0.9904109149085051 0.6884092548873311 0 0.0035034886607661635
0.14660538403651044 0.12124610075671181 0 0.004999178925676515
0.3649086416735467 0.9021165263066676 0 0.00392007585182909
0.5205428381986495 0.3382331950616477 0 0.0049927972777694864
0.13684718345222277 0.6400914605707831 0 0.004963307430069053
0.8506401770772751 0.8804954109940624 0 0.0042920700054526655
0.8386587314241701 0.4123452399084681 0 0.003702288240274381
0.6942497569770288 0.6829679827557764 0 0.004639383555326219
0.3941659194322427 0.09707340191946122 0 0.004999881421747307
0.8627466368794084 0.2697470900734856 0 0.004961847227530302
0.5421133019436264 0.7810123313638468 0 0.004525540444462126
0.23272680599179404 0.002566487114585731 0 0.003291525589655061
0.4348459577740425 0.769948366294179 0 0.004999556254041816
0.5801925054128966 0.017434860935654044 0 0.004677261009355404
0.6884119841244669 0.9699182793524335 0 0.0038815077854343887
0.047102069654594056 0.3298241147184277 0 0.0034948700242620626
0.6720585758732107 0.9793361135121761 0 0.002220219482824608
0.23302572147546616 0.7367907943970645 0 0.00437956259113614
0.6245542885322191 0.39076829578262223 0 0.0009998404951503642
0.7539321752420963 0.6620015170231716 0 0.0046549642969217235
0.4039292230667147 0.9368540125920828 0 0.004909427831241121
0.5196642739601193 0.16643885798735755 0 0.004938045870580677
0.37097106642930405 0.2318062648534359 0 0.004878314168606553
0.9742675434833903 0.8541589925048604 0 0.003927915640606261
0.36101597966424864 0.1810510268287868 0 0.004601958913733764
0.5489119493762208 0.5585861247418749 0 0.004087383936919035
0.5164910036477792 0.05166722439891534 0 0.0042659819675826055
0.1748645826203715 0.23314208276571832 0 0.0034276285984128855
0.13137635468286754 0.8344997717484769 0 0.003788771785600656
0.20697376169824952 0.8502420009329641 0 0.00476477716323533
0.9745741126056577 0.7287428935397449 0 0.002791438415998803
0.19192673627891674 0.8658619934281125 0 0.004344935767632304
0.6289413706920921 0.490055512657633 0 0.004965472828063887
0.9856775944154776 0.12182362566503945 0 0.00294273026909502
0.11371078397913247 0.36948004357420156 0 0.004316995920158816
0.8829635531207823 0.1148933435226077 0 0.0045943261975841055
0.900853943696114 0.8790962595479109 0 0.0017862203580420867
0.31999281960461917 0.7436019423159405 0 0.004930812618726234
0.9999819522746275 0.12258867992180277 0 0.00493294833902226
0.6559247363991251 0.16445503025794603 0 0.001496901788622802
