0.9927014610359677 0.4485642589495045 0 0.0046879913274542806
0.8685081881880712 0.6909206326840944 0 0.004194289969024056
0.19693140737668832 0.9412568028298743 0 0.004291765485294254
0.6337197178763536 0.8302580735326645 0 0.004910672651623093
0.8194604840356079 0.7708216693504971 0 0.002720350724591022
0.9514576807805815 0.6664787184056206 0 0.004480550969405388
0.2183942163087473 0.5808893734889049 0 0.004572328296587005
0.23200285617137603 0.5688227006278523 0 0.003921270404711835
0.6174899533365925 0.9015000359799075 0 0.003568473678183598
0.17655955858676428 0.09887304494717551 0 0.0035482758510782045
0.8688156117631283 0.6292920509679919 0 0.004955234723564189
0.19149135824743566 0.6858015645964631 0 0.004528420846686334
0.7007254464234565 0.08348753703162047 0 0.004501154544973419
0.3317298399127437 0.868253663926865 0 0.004530304666815677
0.3220698541308213 0.1470442999270328 0 0.0031133996909595745
0.13612474855911758 0.829750857227032 0 0.002849280097206141
0.8934197767349935 0.0693498419113827 0 0.00246816924669148
0.630215965976085 0.4580894966564008 0 0.004788639274445045
0.3550486633637043 0.6767947910604686 0 0.0034235737563527097
0.6027322453109397 0.7691227256146819 0 0.0040368822259829445
0.9190620652845642 0.564979132332961 0 0.004626142909523036
0.17608329096537986 0.9047228254949123 0 0.0015600507883937191
0.699424200636184 0.8488881388126986 0 0.004584256873419853
0.38936242224054246 0.44971096203656574 0 0.0049161227667251116
0.45409434873702376 0.20400588870043798 0 0.0044806810875198735
0.9473937039455285 0.44525048813875184 0 0.004854067825290648
0.959981302957173 0.1176520848233502 0 0.002625011400553055
0.2729124179431746 0.12153645921629273 0 0.003701295509536852
0.31640098894464236 0.731521619672513 0 0.0022999572658945807
0.8757554714494475 0.8950789078878415 0 0.00466299858973858
0.25913178459682956 0.5612262460291507 0 0.0037810541438097903
0.2365722934293518 0.43411833920116855 0 0.004126115901030895
0.49449866151091154 0.10353104967398018 0 0.0024651091344316035
0.8477385796115051 0.9743377613486477 0 0.003918757367686669
0.5447518593709647 0.5951762365166989 0 0.004677512499305783
0.13126809735887499 0.6840431629185814 0 0.00470790353449469
0.4441344673849252 0.07128109567376904 0 0.0039473969981960386
0.18128920863282313 0.11704858724152654 0 0.0041429415577242295
0.20832510021310532 0.36884440920562506 0 0.004022615375768517
0.5481507878958228 0.15863330230312775 0 0.004444386398867177
0.10156475437491151 0.8332957613912936 0 0.0022225467026470123
0.17136504706667863 0.6389487279801968 0 0.00344016931110896
0.6727020675036729 0.4538828408812962 0 0.004477056915165242
0.8211791947456955 0.13258324795969043 0 0.004944501439809608
0.4373003017357742 0.28487150623741336 0 0.0036951981294782955
0.9466698329867674 0.806562119498416 0 0.004648827593619846
0.9698511165783091 0.083134912303347 0 0.003875317440163705
0.8244361788756005 0.515697667422202 0 0.004531605015580284
0.4619096681288776 0.9622489386937273 0 0.004999988431299812
0.8362589410375175 0.07257977655938795 0 0.004795840087402935
0.25249505186878834 0.3993877860185476 0 0.004432565377749242
0.4047096519673045 0.4088618948226433 0 0.004802799576920636
0.4979670470136393 0.6081004792256509 0 0.004551687744013722
0.2395542300220664 0.950167668564548 0 0.003885541712014496
0.5483951871555476 0.5128459235761202 0 0.0009502026089850553
0.7024068988869956 0.06326267060629963 0 0.004945707184542909
0.658273734919016 0.3340290372135864 0 0.004142497406718919
0.6893782974794725 0.5853410160734291 0 0.004836569555378223
0.9575244382973759 0.42291205174604946 0 0.004950367560316458
0.973909829363312 0.710373982364808 0 0.0043063214704404315
0.5214618567053617 0.3548290647384705 0 0.0032687457595391633
0.8331960117044995 0.7383241084641071 0 0.0037503741659067878
0.7360805831681738 0.238457067975805 0 0.004999648995197496
0.5933318786624184 0.050771125633398126 0 0.003739002965120778
0.5012422375209575 0.9621003999217767 0 0.00486055782668381
0.4493994158261702 0.8705176880059026 0 0.004616983140394508
0.30354589125512005 0.5071437220404819 0 0.0038917057992794183
0.8620815587166785 0.5708435488289982 0 0.0038692396779179453
0.9763122169985777 0.23842850207661 0 0.003917239380163436
0.11498461457723962 0.1704039702049954 0 0.002518867493848405
0.8596698762417548 0.3309639272861494 0 0.0031801463562479895
0.5047631038479535 0.302783519038806 0 0.0032144913664171326
0.9224153089861683 0.9871984557176321 0 0.0035125147415341314
0.9656114040614633 0.5568525925923355 0 0.004436271342003801
0.6229525886800975 0.3857139426386374 0 0.004891783625267187
0.6177045430014504 0.6536452590130473 0 0.0040445982326161745
0.5059379529548804 0.9732537701387441 0 0.00491836027637709
0.5513050419208735 0.30959187105901337 0 0.004917605859671545
0.9811392426653701 0.04734284809975829 0 0.0029504383099745075
0.06119793576950826 0.47564805149626227 0 0.004969272976643828
0.3431573363222073 0.5237367418986706 0 0.004842522998665465
0.4427641982942528 0.8361862781077064 0 0.004043730712709849
0.43933183783458224 0.2067880516748771 0 0.0030165177286980748
0.7974834319847142 0.4874306143095794 0 0.002422650894581928
0.24295984221491904 0.5492616455327295 0 0.004970950670636607
0.9415503299520129 0.4718714708928771 0 0.0037650893631348665
0.2262525200155344 0.8964203065548965 0 0.004998252795243965
0.10561120651761256 0.13916207436257674 0 0.004823498849920935
0.7548533820508448 0.2895984013823248 0 0.00495721504574489
0.8409166365029753 0.6442675205163982 0 0.004819779137158421
0.09348374242451195 0.0519093127852278 0 0.004908772152352138
0.9957522572281318 0.8459889684087893 0 0.004041217627595908
0.7888322000899597 0.6363539706740361 0 0.004988621215647967
0.20218436104290924 0.7643001448997407 0 0.004162906111283325
0.2009299513104362 0.6469613696488499 0 0.001793724841405452
0.7991329811074497 0.33016534485255905 0 0.0026839703852888372
0.6453062136265467 0.18328184651182175 0 0.004862538664504
0.8915762684679552 0.537349233052147 0 0.004526526738176283
0.25457737242822515 0.7845330543712503 0 0.004978580547089728
0.05558294203704971 0.6503226886281144 0 0.0038002184799053504
0.922808384859919 0.640422559004216 0 0.004059061850408971
0.5803907451564518 0.9282937315788405 0 0.004999792621984016
0.6593225439855234 0.15130383308816805 0 0.004876319669641731
0.24728555834374685 0.8493363566305216 0 0.004076154419097449
0.8320672326042146 0.030990890444052226 0 0.004202248198431544
0.09963188445234582 0.10007342377311045 0 0.003881042551743242
0.812881708609694 0.694334812428172 0 0.004493150803664189
0.554939247689126 0.135814971020888 0 0.004428527861350246
0.03985093422994389 0.38283954977863893 0 0.004969109704918571
0.48072861190063426 0.4077321894332165 0 0.004882526626882218
0.7178171348218705 0.7289324736467477 0 0.004783833932326203
0.646642290546672 0.22740792698353238 0 0.004468454051172019
0.5964682604531851 0.7917302073812221 0 0.00489336492238102
0.5160678100574178 0.016037016420397558 0 0.004673349361043338
0.8395904779813255 0.2628954724319276 0 0.0037835886972242506
0.07017711976484996 0.25706965990162994 0 0.0046108346223994665
0.765161071443462 0.5033119139286354 0 0.0035228649133269194
0.5067395478853502 0.566853710393766 0 0.004824372373587285
0.5434317248616946 0.5614846077046931 0 0.0018565585456843798
0.5927531039422823 0.5457550050425739 0 0.004014333357560309
0.3588140506689716 0.8816899607377107 0 0.0037781578978071987
0.16679681863274318 0.2330394259474666 0 0.00491020196079495
0.2806833198122283 0.8995678598542542 0 0.0027186290791571454
0.20458720986270915 0.39123358202874375 0 0.0013933122929273975
0.2907912240435783 0.06115912846363157 0 0.004240230857466927
0.23917983751336733 0.24151723023813884 0 0.0011838401250561744
0.990529121805271 0.40758368704867026 0 0.004142803726060576
0.33713711804688257 0.6639116488638237 0 0.003182710847778549
0.6255470328679942 0.5249288354998942 0 0.0043398340594057155
0.24210811978681365 0.28582059430284773 0 0.004471855844153698
0.6051169534962992 0.265820898198542 0 0.004685335384219624
0.6606694092854922 0.622630418964619 0 0.004104298399278506
0.7398576513777654 0.4705589161711769 0 0.004999990956241149
0.4496984632516175 0.052958205629776475 0 0.002773946374728375
0.2542766074362675 0.5979061351747164 0 0.002227099874599464
0.01170300616828323 0.6995682708463359 0 0.0023859441517742656
0.9681003758366244 0.5731070405857042 0 0.0018793029963120437
0.8308029599222955 0.45235039138413885 0 0.0037232594825286278
0.6578173494092024 0.0798017265632509 0 0.0027463047058770085
0.12122782484842153 0.18244539291785863 0 0.0018791325862793802
0.221809207675938 0.7527772112596461 0 0.0032439786748060828
0.38335320731134276 0.2377827168286991 0 0.0017111348331809622
0.7169746898184692 0.9169024747854426 0 0.004911013655430399
0.0984904393137762 0.5893627373350976 0 0.004976909282695433
0.6564774198307843 0.7060181414360794 0 0.004048061923340855
0.5860676760558552 0.5830839271290061 0 0.0033620668036095833
0.8839903237824304 0.6209669603428847 0 0.004650052590175496
0.4237309103709784 0.9384333964059564 0 0.0039928835277275926
0.044353261742711245 0.06987052197258013 0 0.0009628096974073467
0.38156416069722937 0.6252271010714312 0 0.004781921520193087
0.06045213209189891 0.5283647041301948 0 0.003221978327153258
0.07354939984683105 0.8536801994878188 0 0.004198727641936129
0.4714038973022256 0.4208027921720398 0 0.004507191346885542
0.4507289439071546 0.9582173582364591 0 0.003548232931111995
0.4047142907495052 0.16197517626696964 0 0.0038068930853914092
0.6206935203037955 0.5917546297813433 0 0.004618025220173076
0.5085250556574895 0.1923675709890049 0 0.003666996364486407
0.12187168774852374 0.9505485815562366 0 0.004927423592007185
0.6872416784707547 0.15389026827244054 0 0.004475815897668883
0.38986722432967263 0.22278526936302376 0 0.003979569255389046
0.3277724395923915 0.17604599321609857 0 0.004025080891974242
0.8954764608154862 0.8920886526044671 0 0.004142710632958988
0.9956031723757633 0.5577752229322316 0 0.0031254299871403654
0.004267344643195442 0.6834793234547124 0 0.0039902461787634305
0.33983950571192517 0.9680063469293836 0 0.003911855919797207
0.24882097402512313 0.6795699858214937 0 0.004996878872420226
0.041483549077330525 0.5869957032930733 0 0.00454602208320952
0.5054185480857178 0.9883242310097221 0 0.004184750428154346
0.5911334851682236 0.44255768046677163 0 0.004879164159523257
0.9032359932096107 0.2560723810541841 0 0.0044509310872493674
0.44758904846752495 0.6870113155831974 0 0.0022773166599183723
0.818686481191126 0.3854254032917755 0 0.00496829266429238
0.40254392041047776 0.417460044686541 0 0.0023795928182985615
0.44666436333374254 0.5341655899065985 0 0.004935280119758613
0.8267094364359325 0.5776649399241585 0 0.003999245091796352
0.25184477195003047 0.09998832210150975 0 0.004317021353334999
0.7222714818835235 0.5118056438883747 0 0.004890047608663408
0.34862524222930397 0.6941209470164714 0 0.0034024906515853458
0.25575252720535985 0.6943161647520376 0 0.0025373436567881066
0.5522726960060522 0.08434123931862424 0 0.0018948899020889626
0.46761011566258287 0.435002824767522 0 0.003101226336513215
0.32198070312041 0.5709519206447724 0 0.0033185239489572113
0.376985964779372 0.5346377164817819 0 0.00499982378886051
0.6627270336943965 0.4261645941589402 0 0.0049709321861532785
0.1425430835807969 0.8640012125504278 0 0.00435311788580362
0.4321134539461731 0.10322236124114702 0 0.003017710940509137
0.08758187279084316 0.5665457246634655 0 0.003968514584541713
0.3545039685529367 0.5417787155516001 0 0.002847684415856623
0.38324639983204206 0.67531350835686 0 0.00496541615889838
0.690413208836265 0.8033682591493951 0 0.0032292332087061775
0.4954822034440514 0.941941024985602 0 0.0031074317755646836
0.8542501074979411 0.04616844426380305 0 0.004674450438931743
0.9974145407247924 0.6941551763473366 0 0.0018198392816155746
0.4819978825657239 0.8710430150427099 0 0.00041579112690536294
0.243282374652756 0.11089792752491633 0 0.0025989734848725077
0.31572451024862763 0.3917845743422442 0 0.004997076090053609
0.5189236634980202 0.08608698433736993 0 0.004959578831029282
0.699741906246577 0.6054360534316896 0 0.004344448724327885
0.22769351049737238 0.20118879547109544 0 0.0030137621802812905
0.7238839310145226 0.9741487966664478 0 0.0037132588040915374
0.7428686720510265 0.5416481917673305 0 0.004617235615797382
0.8659396321278154 0.26631904816668867 0 0.003871585156273413
0.7618263939401877 0.3850382112998581 0 0.002603233172088996
0.27756469310631554 0.8880978728996692 0 0.004794419052948739
0.48194001699438666 0.4896714921721967 0 0.003282190955473779
0.8891555273983796 0.3836277743313388 0 0.004999741954240043
0.9100079478427853 0.22852254729685892 0 0.0022285505534402165
0.5749083942629903 0.6404143431283048 0 0.004279711393839476
0.8194581034999964 0.8662621593348918 0 0.0031457034261644394
0.17561744979265267 0.3228384940357701 0 0.004868132723598085
0.24133665769099474 0.6560209721388643 0 0.0048818995615644255
0.8815787531310996 0.632082988770268 0 0.004994365110226485
0.4256733003207815 0.7202936788129493 0 0.004633766990794105
0.447928600497057 0.08070202934030145 0 0.003054998739164886
0.3927649535236278 0.657221675365017 0 0.003921361944551903
0.7080456763318249 0.5110334326451991 0 0.004871091402739993
0.008150872204770503 0.26032499402103876 0 0.004704635133647487
0.3797467600116535 0.9837493227583474 0 0.00496390453803335
0.924195998640581 0.38221768429685526 0 0.004036995868487437
0.42060279717992294 0.8808333892827062 0 0.0032542514818938175
0.1415577524942598 0.6714156962299421 0 0.003519065720910679
0.7327260253322521 0.11343197053746977 0 0.003853031087432165
0.3450536804237389 0.31051854125867234 0 0.0002820941863979394
0.49149515457206056 0.11476442090392135 0 0.002126436075542435
0.9126227854308071 0.699287580297079 0 0.0030198295427320714
0.8335757007353151 0.1667009539404913 0 0.004910834275362873
0.15724475898926746 0.1855812542833902 0 0.004543777870862926
0.23321283573993742 0.9982102778316571 0 0.004876396281367973
0.6007531328938379 0.8711927134003333 0 0.001710346856031093
0.18044530299577408 0.6608973513139232 0 0.004828658798420022
0.26242076647193563 0.9899451779702744 0 0.004851628906347204
0.481341373769472 0.8051092738415128 0 0.004182033717557664
0.5903994253083877 0.6014492648119512 0 0.0041255420359768286
0.7279078388113436 0.3716117004918423 0 0.003282666645279009
0.4160293806765863 0.74692847443634 0 0.002836084055983803
0.895975505243078 0.4303646627502505 0 0.001620049184042144
0.26336073836925195 0.327481097956744 0 0.004984884539507553
0.4358527547347025 0.16452919197008217 0 0.004335484114812436
0.757384264473965 0.31557614456311395 0 0.004917257775134704
0.9836593320642538 0.39805964235981034 0 0.004234059789297625
0.49261020423091445 0.9146072107618476 0 0.0033448889538580913
0.19442183566779767 0.9225367785931191 0 0.004610394309318763
0.7843482230312135 0.9255915747773827 0 0.0040719809681622424
0.574404483969148 0.16538671666628854 0 0.004950711979058873
0.10213249787875599 0.8888987015976535 0 0.004891692109451989
0.12381554391952097 0.46997413980368347 0 0.0027217300417486483
0.9962546492738685 0.2023982463277276 0 0.0006312775725641445
0.9268236565885742 0.22626525663109706 0 0.00465026476246878
0.14407012091943946 0.9432562841495131 0 0.002683600924360186
0.9819140469837547 0.5211316447828847 0 0.002998595450134798
0.2920542104305975 0.6135028999115117 0 0.004170792946944882
0.2572273997559947 0.4527471929781602 0 0.004525854707700474
0.0008859583515148328 0.40227535497238315 0 0.0034459326473519508
0.7445035370827275 0.25079110027682444 0 0.004874643222154051
0.35471306788782425 0.31372561004747296 0 0.004786913983815509
0.012309073639632843 0.10044089243740627 0 0.004545953862897533
0.9934265282919432 0.4219415412246004 0 0.003261416979319402
0.9712104703283448 0.5895227198172546 0 0.004998231972215923
0.1636715288597412 0.8532733654093085 0 0.0013453277891511328
0.44651726113887075 0.16333231422885594 0 0.004998713891382603
0.7323489216152232 0.619906324535506 0 0.0035250561500046323
0.8867608582476648 0.5220314700959836 0 0.002449484591757514
0.3625639535097925 0.45234521337728 0 0.0044408952159315255
0.550904310586011 0.9715038090685174 0 0.0002965380939739717
0.33843136896745146 0.9204804454587524 0 0.004993218706150911
0.6848068682720013 0.9942339294059703 0 0.003699026161577026
0.5256402469086707 0.4888877809613171 0 0.004785786498678551
0.7377190751766952 0.09707075706711864 0 0.00492738219968298
0.22340785465314258 0.5291548036406294 0 0.0029688062168439686
0.45084517989339606 0.7024594113604109 0 0.004999681100535048
0.4851253704547283 0.18017122604962285 0 0.004981017739228011
0.012885766633058286 0.8557012942709885 0 0.004883860908655911
0.7028238155720901 0.981629526150171 0 0.003916992200551289
0.36432722382206245 0.25796355282462563 0 0.004802670422083499
0.9647677336146049 0.2736003416973148 0 0.002167779876708415
0.00043286241276240927 0.8900772429276577 0 0.004889339264072192
0.9748290129898863 0.6116621174772058 0 0.0010185439213794961
0.05900868409330816 0.8484158606205292 0 0.004039885099546583
0.025254993131305185 0.14355560214488602 0 0.003300832176259952
0.24262375487031682 0.09105516121761902 0 0.0017667153299157116
0.6262759420485359 0.6873407889718639 0 0.004152774588105868
0.316663281580629 0.3158068018779366 0 0.0043914998715492305
0.571014518163283 0.3803275034258344 0 0.004102627346014073
0.2136633135300385 0.0432061491184753 0 0.004091267182881437
0.7748066740540253 0.45133933613134086 0 0.0034122998501793264
0.421991972071669 0.252986040601445 0 0.004001370206139345
0.36704988099198627 0.7406544880890017 0 0.004226863442752458
0.11812348477160638 0.4857586317928771 0 0.004752106533446872
0.96692300237167 0.19200004545624413 0 0.004181458478961533
0.8174399363076823 0.2516542614672826 0 0.00420835511627954
0.20402781010470258 0.7119627883216425 0 0.0049938807394053885
0.061850933058131705 0.8776742098537739 0 0.0036193971092447394
0.5203812859847189 0.03899998006041626 0 0.003232083403397629
0.7609595874211396 0.5528859347496805 0 0.004990261093412201
0.8789695110032539 0.24461928717806034 0 0.004792063987521399
0.30509019466998705 0.7517313712581853 0 0.001943338243156265
0.7945542588861486 0.5581006477951068 0 0.0049702543720688865
0.14002955909673107 0.8755495837247895 0 0.004918070872178945
0.9766466686872407 0.9888666157761933 0 0.004947689553517144
0.31967573204815375 0.48353552275685957 0 0.002711883645242518
0.20294174325906808 0.5787006903826376 0 0.003339621630149951
0.3249498144577319 0.2949662580490537 0 0.0029458893891101336
0.8234020170720403 0.9771085401085289 0 0.0014436504630931533
0.07356550067416777 0.7165296165276427 0 0.0044104594241024375
0.4889975583482183 0.8834119361370542 0 0.004866999265000102
0.43795009766124876 0.7522088709732142 0 0.000859831012394153
0.7987861097915586 0.6583044913181928 0 0.004810236294553871
0.5031327806753488 0.8747284016333716 0 0.004001411336972076
0.5498287371464133 0.9844091197121212 0 0.003336691165081251
0.9376530338635888 0.057286396235336365 0 0.0030606859224156452
0.009045592944069362 0.5436124809262994 0 0.0033708721048748285
0.9427406870854608 0.16604037002155844 0 0.0026778487124868677
0.5622730156354084 0.5100864979793496 0 0.004807009415472309
0.8360774996145186 0.7596467999496689 0 0.004547820286255889
0.9628203858457992 0.838954099606562 0 0.003282057886120995
0.7228098381291752 0.8668222405588867 0 0.004999470857508611
0.09559933009795539 0.6920127663340737 0 0.0035378391176478785
0.7230409563019567 0.7769356598064772 0 0.0036135679783461183
0.4101686393078077 0.6534220229226065 0 0.004998888980886169
0.7967081758902577 0.18039821981340973 0 0.0037856455336292456
0.283101741599141 0.09871265181997878 0 0.004421503604987905
0.03535855993113034 0.19813861399246055 0 0.0010715091612072494
0.7453139422316402 0.8258491553230203 0 0.0048873768745597915
0.17381669338912828 0.38910872380502753 0 0.003518721430390011
0.2859971692127499 0.15438596797335544 0 0.004717279513893473
0.09227577230370763 0.7611723928541817 0 0.004353862186729106
0.17115271049671318 0.4917757140482029 0 0.0015632673625594928
0.6460428281204236 0.4318616876980233 0 0.004346624124615347
0.6355380494035475 0.1628890343628355 0 0.004569157586066807
0.6186629188161483 0.49238324113010784 0 0.004707748240306766
0.5372556154886484 0.7196733783100355 0 0.00498386318353894
0.3022124832067267 0.3354192504497003 0 0.004858430820510898
0.3897357917936665 0.8512628328943408 0 0.0044291706345964766
0.6048114990609319 0.049125834854067726 0 0.004480951981807638
0.6296396782674729 0.029925256732618137 0 0.0008716128526123622
0.8151532043359523 0.015903523817479163 0 0.004659014533940589
0.892490019999892 0.028935433220420574 0 0.004780660987521498
0.3416523510047584 0.3218214030900772 0 0.004404137384167504
0.10859467776703179 0.4076876469556872 0 0.004868528934981478
0.3208881582400614 0.7095565401522149 0 0.004661029421808956
0.8776695090756286 0.5984025320071038 0 0.004229182411832445
0.33555197235631923 0.22007889655332222 0 0.0030576092725756107
0.5883791124704878 0.6785860885509941 0 0.004498611536557297
0.42530432456329986 0.5530884952233707 0 0.004993592943844376
0.9862142854428639 0.8426637455012632 0 0.004849871310629509
0.9116856235603433 0.8646760516771129 0 0.004784084760291234
0.19734151567322197 0.6731453144573077 0 0.003824492198149111
0.23348661140541002 0.10046739331368791 0 0.004043211320141067
0.6598500224435531 0.914798319852932 0 0.004585634163724862
0.5034969816384243 0.4581623868065366 0 0.004594440841024598
0.954486786083133 0.7247798022805183 0 0.004999488246267189
0.34656564645578475 0.0004783681246981431 0 0.004970641396289684
0.47420813170580817 0.20082513532571197 0 0.002087597895562626
0.37221664791426295 0.6432475274874 0 0.004953787727979565
0.30265613294915866 0.8493525688781088 0 0.0004971794467955998
0.05312127774861673 0.46332986441378027 0 0.004131608513699446
0.5554093415650873 0.34718438610502783 0 0.004990188457751038
0.08979654975622019 0.352956910695069 0 0.004359160414263401
0.5266337750394408 0.2724857042017525 0 0.004861395136238253
0.020233036838169453 0.4921259023098798 0 0.004988495710679752
0.3681312317373104 0.23259791686012962 0 0.003887993849219879
0.06400981044848807 0.4086163237536911 0 0.003559643925146217
0.06578708126973286 0.7499842256361047 0 0.004762558703966262
0.9811658892527165 0.16974609659213588 0 0.004070047292957652
0.7569249085579107 0.08124575352991369 0 0.0017525995538287841
0.3677581649272896 0.5106598408005828 0 0.004395392073020852
0.6908091897478149 0.6658723311481038 0 0.003908577472680293
0.8818607646962335 0.8804080155975054 0 0.0013166647200099331
0.33510851161976213 0.29352824568456987 0 0.004480316941660824
0.8369088075092603 0.5147981987703834 0 0.0027917814697274446
0.20572971310840013 0.4487404079850749 0 0.0037812587842734066
0.6300217928613476 0.9409103955585105 0 0.003167427897567776
0.3069777013297133 0.5886333880206418 0 0.003190377814380492
0.06863761353021701 0.7757761948875023 0 0.0023426791821358236
0.5958066234749874 0.007949764772600003 0 0.004988233076230883
0.016871410406321778 0.04574612139835853 0 0.00443903329779214
0.06818376418615045 0.6754237008782598 0 0.0033996815731986117
0.3603316933059228 0.5231782219519326 0 0.0017834490004331586
0.9916611600618238 0.3842853763432896 0 0.004108853965676544
0.20246892686079274 0.9630946046481755 0 0.0034576356922999167
0.5569569091932728 0.06579898548557549 0 0.004463718451182235
0.248592485438867 0.6180164963279557 0 0.0012908139031004326
0.5571769180578795 0.5680710277083484 0 0.0049947946294127575
0.49445482565618876 0.666480321044222 0 0.004355327906806885
0.858818713416772 0.6007584580104812 0 0.00390571247790383
0.6156524869508351 0.6207219226965066 0 0.004761720175745254
0.09509647973232292 0.7836943832874209 0 0.004919546763820515
0.18478076290861753 0.7028549934163879 0 0.004777323811652936
0.9284519727296245 0.9661322191150636 0 0.002415140693875099
0.9625656756151209 0.31823345091668437 0 0.003933105850068912
0.38816604831900575 0.3895404835711553 0 0.001106698523895256
0.35664452519760076 0.4964250048137098 0 0.004713102913212841
0.14136262516987083 0.3120408290773506 0 0.0049499668337527
0.21303917769875644 0.7642486652334561 0 0.004198522044236935
0.026617220483407526 0.23657399757289718 0 0.004299300285398671
0.4695456199003815 0.1877652042696882 0 0.004975372364789746
0.5805756993170469 0.34697591216274853 0 0.0033818239387392573
0.49697937922452823 0.17885295242558838 0 0.004790257845385711
0.23008117780035162 0.6867459484363458 0 0.00419657223381654
0.06861071504799575 0.07356721330588999 0 0.00039010129838022603
0.2221054139185463 0.3738473920606626 0 0.004223768133306629
0.46141702623534747 0.0672597425211091 0 0.0033344609241232224
0.8944460695141019 0.1871856544460284 0 0.00362584212737018
0.8030761997044676 0.9229808968738514 0 0.0023983969871603983
0.5966480687732897 0.9633030175636704 0 0.004972860135832827
0.33150976310619057 0.057110706353139626 0 0.004898056706677592
0.22027167081349283 0.11648595306244557 0 0.0040405485604246
0.17972886545414554 0.4329514097946367 0 0.00362136941006344
0.4239782463688017 0.6608576908290329 0 0.004766809058865729
0.45801300106662585 0.7169511064962487 0 0.0036943186923865173
0.7706805588069279 0.3855608699947672 0 0.0025385788542607586
0.8803351624135426 0.586267516557239 0 0.0022277550712068426
0.7082806152238854 0.9679736345805939 0 0.00025917882233059776
0.2074649273685055 0.7435002718460377 0 0.00458289916166894
0.13200292228884677 0.17113337973030604 0 0.0036734663670151247
0.9767284061073873 0.247609686266095 0 0.004897199928786391
0.05088663518978852 0.018020795700736995 0 0.0038369641685016918
0.4574053566886029 0.603250825481759 0 0.002246456032861802
0.7770762640926486 0.22475328273593118 0 0.004758724060719483
0.2142647932822945 0.5454526362213048 0 0.0013014863453500176
0.37991158417647847 0.2846497309684584 0 0.004070668514377001
0.9046804477242184 0.9368382536249503 0 0.0022331218771390426
0.08112238340335375 0.7743337933505693 0 0.0013806022722305609
0.5928339033904718 0.08420892750736429 0 0.004784137672401809
0.6621745916923054 0.9999501889727281 0 0.0039325026140871345
0.008004239388285643 0.33789982744610697 0 0.0019277208052294497
0.11545330038574662 0.24751802184590463 0 0.004936465088096552
0.6036287339682955 0.8970188562644585 0 0.004803197317948779
0.9752779225887154 0.26081008762883034 0 0.004913508702975675
0.35983642407012534 0.9488426428284079 0 0.004854753721960557
0.9178392643273793 0.9248301249199398 0 0.004520883032477722
0.3531031931387429 0.7614847510260299 0 0.004315264112569249
0.1317938311006198 0.7452543311482568 0 0.00499933246227817
0.5033700831763187 0.3516556511966939 0 0.004722789488890525
0.03310310500164358 0.6975918349447131 0 0.002644473580944758
0.9840299539315609 0.17925811217908125 0 0.004982967782567463
0.9019295313084433 0.7778105920591183 0 0.004219853226078743
0.35534739678073374 0.6048210035987697 0 0.004431847843128275
0.5042350939468165 0.009474215229930742 0 0.004614615174743122
0.0037558918076645528 0.3025749266245192 0 0.0032858431736561083
0.3270624312759289 0.8096806859570709 0 0.0020942735078065605
0.49042975946831363 0.33166843492510517 0 0.0031028006622286016
0.19893189952841858 0.8403631700729898 0 0.0038521448880366976
0.2934290792042354 0.7953524165933963 0 0.004983916332526846
0.11541361200044896 0.7329204553633194 0 0.0026034638942546207
0.30946216854711056 0.68008818939549 0 0.0010376081582968617
0.7407105448186138 0.792215615899692 0 0.004220192305657705
0.10630714206353074 0.6272648230062103 0 0.00439849837828813
0.7733681193069699 0.10321314033778438 0 0.004791014769585173
0.357252269162004 0.9179209635165435 0 0.004936600995047988
0.62205414372776 0.7905162654240281 0 0.0033519774505278046
0.9606587407734599 0.3885722927087178 0 0.00496395105768897
0.08186755180107073 0.29096419463240447 0 0.0008963941670034626
0.4153102229909262 0.6427178086143018 0 0.001913594867015865
0.31814507449771584 0.6411515723620782 0 0.0014379732574543204
0.9767215189161531 0.2710957919644797 0 0.003293150901138229
0.16395138546229945 0.5673004180588049 0 0.003361291900272485
0.9001000881962546 0.8769054347323216 0 0.00448430981518104
0.4048877258137437 0.19835433182870751 0 0.004718311916020155
0.407052603546098 0.9911350560980259 0 0.003021879295377865
0.744948941475003 0.6195997586596401 0 0.004257743790200958
0.050158012969556784 0.44070135503398705 0 0.002438154448045904
0.867758481222096 0.5146249313992879 0 0.004410077688073857
0.5019293602548069 0.3951716870071053 0 0.0046352506261456644
0.37961280536546155 0.33195791218237275 0 0.004998047226664116
0.624209816549394 0.17683578984788836 0 0.0036798572896654964
0.19387158972312088 0.6205115530837046 0 0.0048047081898140295
0.8719802396976049 0.445658487543328 0 0.0049845184746063744
0.10125076516685015 0.5294239793451104 0 0.0032973897481976397
0.787291704880368 0.5420984550476521 0 0.003604293882024776
0.3113326173048046 0.6514646907782636 0 0.004679703038105119
0.3785270191666959 0.46831148808912243 0 0.004922994589232804
0.15067923523945478 0.807098144139473 0 0.002796940210680493
0.10732929769164722 0.15566963988026725 0 0.004964568899434554
0.2804487700097576 0.940153851136671 0 0.0028555831368617377
0.6467472876091185 0.6509037562813044 0 0.004935529256297214
0.0583545329027073 0.17072957373522055 0 0.004805054769996168
0.6133681067912704 0.032167640228961555 0 0.0049750298022966
0.673747693073762 0.589289057481334 0 0.004891222479161119
0.3473908474849852 0.8031046067120852 0 0.0035120452234851016
0.5032053917152947 0.2656188504611318 0 0.003673511989351647
0.433427754635861 0.14494545568146885 0 0.002923262133876819
0.9998501637220987 0.2931774070756325 0 0.003829979922120994
0.7036821880726639 0.7390785973588425 0 0.0043196518524827995
0.5639668545280767 0.5312208186544264 0 0.0049941918032105
0.28321937997517704 0.7089837951277023 0 0.0027410364566550077
0.5025490839936115 0.4305631927761782 0 0.0035539510553730972
0.8822610556490771 0.513608092089173 0 0.004466636031870669
0.44795493085026333 0.7648213995177754 0 0.004422507526413767
0.1674300202371761 0.8724113358639111 0 0.004938484247508187
0.9168750056074368 0.41696566129499596 0 0.004080814312531634
0.5556791227016017 0.5241092593769173 0 0.004918569382550738
0.15239899065498516 0.9893435177030854 0 0.004895081105577726
0.45802081887892127 0.3386994060821024 0 0.0038750978164332085
0.08397909865795604 0.6025345529587467 0 0.0018828385990971588
0.7489147547454842 0.4476476213164556 0 0.003591174547769334
0.6435435757191146 0.06335806077325022 0 0.004018670421760533
0.962730097074837 0.01982184862837743 0 0.0046443473703271275
0.9540112413963124 0.5853298926810788 0 0.004887539896300557
0.00573851355466048 0.7474908002286823 0 0.004913338261755281
0.2996454124254761 0.6280373487277112 0 0.0049783910542318364
0.3083997398628105 0.6018344617331883 0 0.0038291835902851457
0.029442181897033508 0.4147991419094131 0 0.00485817076931961
0.5810681200415834 0.9547656452147403 0 0.004332220421476522
0.29004633420416776 0.5036602947283396 0 0.0048675196427450836
0.8261854363692984 0.746915501531377 0 0.00481414035661627
0.9427610501574818 0.884359101480577 0 0.004692234618380539
0.5281941942897815 0.2232068700461408 0 0.004907636914075833
0.054583908193979944 0.1317061253137178 0 0.0034309355754466985
0.1102302514463289 0.4960093102122996 0 0.0031834797485611045
0.43776670722347605 0.6342582149739588 0 0.004394899732301318
0.9847302929233475 0.9255402289009681 0 0.004694339097845632
0.7837272289351415 0.17075066788347934 0 0.0035116704286552577
0.24937923247416235 0.08710511196177471 0 0.004561272205980973
0.20028374185711037 0.41644572744044833 0 0.004923748121437936
0.42434054818613504 0.9776119218844115 0 0.004483934102035773
0.06506384977031397 0.7021655194022653 0 0.0033934038780064186
0.7070534891014733 0.4098694876886709 0 0.004530296742031193
0.484354768862349 0.2469046742591656 0 0.004865103420499093
0.061386529122586894 0.7666602733633665 0 0.0033105581717205743
0.03822337519453077 0.3680310697565387 0 0.004544323762050945
0.5176774152317434 0.5021633063644848 0 0.0030112128386905026
0.13266267862947775 0.9135694586600859 0 0.0034968349216669835
0.945626922448793 0.30288700228579873 0 0.003466492404794932
0.9342008955051002 0.7474098540376827 0 0.004120659611538002
0.7927218884717004 0.011325752064829657 0 0.004938271223478722
0.449796121972939 0.37505136061089 0 0.0037928466308313007
0.28537125144787784 0.6977041554364491 0 0.004998617882868272
0.01888850098143901 0.07637538313971502 0 0.004766189019040946
0.6215460434654534 0.9871826228142174 0 0.004935623559404882
0.15049915855539528 0.10018732017318664 0 0.003860065963084921
0.2093148135762047 0.6786046322860432 0 0.004109327199692931
0.9021699058355823 0.422172833512613 0 0.002581752791037377
0.4276516249914723 0.08895659377851216 0 0.001060101201298291
0.8768837523713245 0.3219282416631371 0 0.004739531022827829
0.7440862305365551 0.12505582355449804 0 0.004967907851838826
0.5870886433465373 0.2250282797231746 0 0.004838004426517502
0.060718120863963096 0.08410959272278538 0 0.0036336956641230067
0.32175510541695745 0.09494515451717077 0 0.0040084796899090775
0.5688108792248774 0.979914734084596 0 0.004999833572856884
0.8200856926358203 0.8074215301821486 0 0.001641385378082326
0.637272938523876 0.5877361923636247 0 0.004996324287859194
0.7394965768904829 0.6096123827140933 0 0.0036577561642554403
0.04328038396266097 0.4480930111155707 0 0.0022649255742500886
0.24275765707355354 0.5226542941785312 0 0.0034458231224271216
0.7005720433055664 0.5764049561229257 0 0.002775552673528214
0.6612520771799213 0.7954583500113088 0 0.00258617216202641
0.4406572350140357 0.6989306163998779 0 0.0005079098766469661
0.13076772282624913 0.5387743225881874 0 0.004825339049727081
0.6118049749904829 0.09977177203146968 0 0.0014737534954035122
0.004555704405457045 0.12653777732971902 0 0.004977760721132325
0.37250870216400006 0.7173016113148225 0 0.0049878643829583645
0.36590241157230335 0.027952769266066484 0 0.00491595700917254
0.8697461152861558 0.09154575025174903 0 0.004714434885339243
0.05849016667901118 0.8002768305293638 0 0.004492399457216549
0.507804187932289 0.9520233683035744 0 0.004995970420836201
0.6610019136997529 0.9755948276332644 0 0.0033950047887043974
0.5855842584609433 0.48359467840456366 0 0.004617453590417257
0.2794855199696091 0.28139405203458795 0 0.004845601637963131
0.1189423314603537 0.7421288210788872 0 0.00462565381381028
0.8779694250812796 0.11634715380319159 0 0.004647665328604782
0.8025876089665274 0.6811424588364378 0 0.002340086339745028
0.2916610530500337 0.7271193637983601 0 0.0033422451785598004
0.025930827142928707 0.45593038224477284 0 0.002589572613938349
0.7545853729065339 0.40777375784658637 0 0.00461309913223449
0.9155684672370177 0.02444530347972728 0 0.004711592478856265
0.3589890738450589 0.12177717124290575 0 0.004591507457473208
0.3579789830241274 0.23491290109453264 0 0.00108082069084086
0.07597707925992601 0.8283209225812348 0 0.0049323493459822836
0.33774975332342533 0.24795133983906112 0 0.004772565600413742
0.5500926467468792 0.16950561564356234 0 0.0045200732750328475
0.8333389641808691 0.7211753939443517 0 0.004569073453882195
0.028594238259442288 0.9667292108053964 0 0.004891246302515485
0.8261647798683532 0.3239657350519533 0 0.001522805728367961
0.1123657020294334 0.3243355216329526 0 0.004999534831452727
0.9232661548268322 0.40775226091738764 0 0.0028222741508621895
0.13488030495177192 0.9648338233913504 0 0.004903363747972255
0.9861000416522063 0.427300385277081 0 0.004896620055693124
0.19697277173285008 0.5048584208744273 0 0.004512087601762834
0.7439975117817179 0.8348809192845352 0 0.001267549253283552
0.7639857503269694 0.1563745276718916 0 0.0030720732647945472
0.9334614849798721 0.7873868891309214 0 0.004743257544431529
0.6358289137570543 0.8840461593962057 0 0.004711305156632681
0.9351264969950376 0.1409053672361736 0 0.004031342915425632
0.5659319125571469 0.721988372997926 0 0.004356714256854318
0.03201835480648661 0.6310422117387499 0 0.004973940575512337
0.1711311584615561 0.6730535983057088 0 0.00479004647539679
0.9750113565868458 0.896000194708009 0 0.0024960199550592985
0.16936281142791162 0.7922434212523121 0 0.004946906659312449
0.5928922360575095 0.20421768355177936 0 0.004168267081135365
0.15280012269438445 0.9641443891278296 0 0.004885825697175146
0.5408326973158424 0.11166382692613518 0 0.004551762853396823
0.5835631141344435 0.8877793843994527 0 0.002988130924087079
0.7057068872734812 0.35814478701649727 0 0.001816608319870465
0.927729344925986 0.4904430380459917 0 0.003690816662830076
0.6121700953114025 0.4098248011821896 0 0.0041127996346925905
0.16765240364582487 0.48459302826621903 0 0.004818372151478864
0.3246774929012423 0.7748937373054421 0 0.002466105820599583
0.536664956006138 0.2738397958306505 0 0.004299677113808202
0.6950703106249728 0.6243457213816408 0 0.004800315007444102
0.9632070110855777 0.7348851257585852 0 0.004885395562553484
0.9066548305491935 0.006688130393822428 0 0.0044611221538606765
0.7643284939373803 0.27398433935124794 0 0.0033840765765530776
0.7367557981720916 0.49729271474250564 0 0.004233034981979253
0.23324715804808124 0.26244036519542885 0 0.0036976508953498865
0.7476894737697205 0.5543477902974296 0 0.0033760634290317722
0.4819742341188629 0.6495352939228153 0 0.004738559980847698
0.5641550300569664 0.9399030467054528 0 0.004724340478655942
0.18745206720033855 0.757459553229569 0 0.004613066526761416
0.954765723338451 0.6357225900680926 0 0.004404810993093579
0.18875347056157818 0.71768809130391 0 0.002577322083047727
0.14573924183143303 0.64035092311202 0 0.004221877563685919
0.2920875612491384 0.8345381766231443 0 0.0027162566750633986
0.695250992332741 0.48322400820864125 0 0.00492411201163593
0.14285481794394758 0.27666533735566284 0 0.004722340636840298
0.4342655627122594 0.9894346015891081 0 0.004897974903184306
0.6310121015083319 0.35264878498404034 0 0.004995960701746565
0.5025520915001541 0.03326483193849204 0 0.0036128110612737067
0.6387338082205656 0.41069240472376284 0 0.0049971336841030155
0.38314345384342446 0.8349183825324725 0 0.004558861456384381
0.5805336389375023 0.30148797036158953 0 0.004998445633177883
0.475964394399743 0.7550566257606471 0 0.002356418273929805
0.020044443311217346 0.8316706559058411 0 0.0021043350267758235
0.34770822288401265 0.8740401495137952 0 0.004743479154322263
0.18253237548154275 0.17189738577729072 0 0.002265317812763659
0.08348054042174678 0.03291196802398298 0 0.0041013880637389335
0.16113927293454208 0.9093792652862772 0 0.0019226100403728456
0.9514109775738893 0.13207611892233448 0 0.004776209545673227
0.6298647451673932 0.7540958630250857 0 0.0048733015745955005
0.8737836468835762 0.006946019538315968 0 0.004066356180088062
0.13823556866405326 0.7073260821892098 0 0.0025490547103886583
0.8455209750232067 0.6724191103738743 0 0.00427917845133598
0.5949577115677356 0.40679334343993395 0 0.0036622216946480893
0.22400111323202995 0.5076785026730942 0 0.004918057323423859
0.5274419211581298 0.1342341684816478 0 0.004057099490823079
0.7466930261193058 0.9706325978830636 0 0.0049625958160892086
0.33836304097366793 0.20556622573495473 0 0.004859762470928999
0.1820091064863217 0.006244293611002089 0 0.003460349686067914
0.9169814198340923 0.8909618483588747 0 0.004433085009279394
0.18716285073459646 0.7341541974330855 0 0.0049796857652905785
0.912660808219469 0.6317892454118978 0 0.001963580661837427
0.2340711581428376 0.3502095874871443 0 0.0030091808034150695
0.4287060008398174 0.6807991501314522 0 0.0014554130044543523
0.9742757719577394 0.9224046632622241 0 0.0032354338573480374
0.27916221502365673 0.16895218472922244 0 0.004212986714116562
0.08399989910608484 0.8223357914978652 0 0.004039378015406603
0.2922648982960801 0.37781767422887874 0 0.004696413964306214
0.33276497681599765 0.6742718127257613 0 0.004833552740796408
0.46772027059510185 0.6692140377347594 0 0.004942400567293379
0.9876294475650421 0.7341354055574844 0 0.004999987074169797
0.6936161222811479 0.04574862894710484 0 0.0044374008875283765
0.02281712906871735 0.1087500952371243 0 0.004968346281442416
0.154718814602636 0.0504764672498713 0 0.003922436957665132
0.08909274043392644 0.6670724225350368 0 0.004423076423761012
0.8522669955755177 0.783333130070891 0 0.004917116403299422
0.863796388030666 0.8052230042015652 0 0.004258058477100759
0.8434071987768134 0.4443617485629005 0 0.004235463462128583
0.7385847290020737 0.14707180855981003 0 0.004999274808247078
0.4677041013301498 0.5188891352680076 0 0.004890006746981747
0.12864292477361292 0.929688680000286 0 0.002177230635930977
0.8269182367341995 0.586677245914551 0 0.003952602870316749
0.4633784608653407 0.19684900973479588 0 0.004743239911397092
0.6485492005940661 0.664316237475619 0 0.004894819445969771
0.2997296337482756 0.4037230725625091 0 0.004967315907879072
0.4172381440836815 0.15346788322539548 0 0.002127488474055035
0.4827186830664279 0.8166495816667113 0 0.004706516326744736
0.9025651735755362 0.6826246595283659 0 0.004000855771966406
0.1336357482523087 0.23233480535710446 0 0.004656737169607646
0.986633019455894 0.06719471748007431 0 0.003864028216115588
0.5670880524955071 0.3696674439402136 0 0.004996273327038075
0.4575926947617273 0.8131742154206721 0 0.002326168959998352
0.7249034358943286 0.07845315562247789 0 0.0037667618460872367
0.15522847935780024 0.0352949525409879 0 0.004859868245570545
0.6766981401016542 0.31798408223771685 0 0.004947081727065128
0.10259759878471884 0.6433363914028108 0 0.0049852380727748
0.09302147570314288 0.2395684847025876 0 0.001349265129395381
0.0006325980694630262 0.31362406949610294 0 0.0024074880253554948
0.7574822292227156 0.902278532584632 0 0.002549333350148895
0.5732082209529509 0.24243029408605485 0 0.0048116060262710795
0.020525977436952274 0.8749542908343868 0 0.0048872127045945365
0.7787699894353977 0.5321389557994597 0 0.0012905875735252546
0.16534499013379264 0.42052239479834325 0 0.0027306692666205943
0.5808386527246112 0.5561023672153816 0 0.0020748897863474922
0.2590422527926703 0.29413464021826424 0 0.004848363771780032
0.6913227943026778 0.9728441811203915 0 0.0049999990290724525
0.4713728514326107 0.3827075885077477 0 0.004679892783421896
0.28417243437763334 0.7625154828195505 0 0.0021885870034331167
0.4745915997475259 0.053212707594464156 0 0.002512545452799137
0.9232067590749037 0.5836878152866797 0 0.003909551431421634
0.5437432529637033 0.04837544260486114 0 0.004876114377182982
0.7857843690882261 0.37709769237851326 0 0.004185634364779943
0.35227178416591226 0.15848106248122826 0 0.0015087596839669646
0.7589365538004286 0.07088999904853986 0 0.0049700803268040075
0.9336352020608407 0.8421858085061623 0 0.003446416125474265
0.9522875128485275 0.5047541667155797 0 0.004321405598498595
0.49298589644705065 0.202257493581097 0 0.003158288004405497
0.759041656834521 0.18751779394691678 0 0.004951867911939404
0.13651297286706662 0.3676165250123306 0 0.003620933228111494
0.9254660672137863 0.0942408380710955 0 0.0048808725843101095
0.8830201765898118 0.689052549503411 0 0.0028682891318517222
0.10069724173729187 0.6718164170163861 0 0.00465710637465133
0.35039468072454133 0.6566891753588219 0 0.004984013666381717
0.4817156160896456 0.016504257504099888 0 0.002242505524726549
0.11835228140480213 0.37253606256256105 0 0.0019793864282320675
0.3552656864720402 0.7740136585139523 0 0.004677665425983856
0.6736939546378664 0.3669328231112448 0 0.0032785651307853207
0.6963376356472388 0.21011291466133616 0 0.004958816669974653
0.009276296271284228 0.3209776003693647 0 0.003159021687794949
0.22671586280881414 0.08243558659107418 0 0.0026294360413855896
0.3466573490744092 0.898494119473183 0 0.003316921201227499
0.9700932464282215 0.7954844759284843 0 0.003199255717979253
0.7462937411937944 0.10207802869656966 0 0.0028775027732707986
0.8357812160127692 0.9528941156221199 0 0.0031823942441429817
0.5303956668485008 0.6827435798701245 0 0.0049972427059154
0.09804944489327637 0.404527539911064 0 0.003500666810218472
0.5327901669404875 0.5372591362991509 0 0.004195216043352215
0.21680886244419037 0.43068294973790505 0 0.0038007663776513704
0.7362415310276831 0.8393489987190952 0 0.004133032006826469
0.04290816178680522 0.46629038832384423 0 0.004141419555678575
0.03705829942465498 0.7444279700066243 0 0.0028710152255835967
0.8461578324601698 0.5834718826963111 0 0.001702489785865548
0.4212106948227489 0.5256895376701375 0 0.004665258172072362
0.7581434768750709 0.42219249973867284 0 0.0030523870717640363
0.023178145451006486 0.9501175605446815 0 0.00496783248825634
0.7352060952474604 0.07209536171006369 0 0.00333448498482319
0.7118353876400119 0.5575404188611528 0 0.004113316900002921
0.06855362976841538 0.009767584840636993 0 0.004819551464698381
0.739283680553712 0.46063843285947786 0 0.00480585411790265
0.24267997443303055 0.5097827079685946 0 0.002991750737442315
0.2739853985485015 0.8089020154539276 0 0.0038810399016774313
0.35082604106188003 0.48740501106397377 0 0.002983157889462931
0.7839269988577281 0.5509531731445357 0 0.004859952177517593
0.8337393877931393 0.6666198235977125 0 0.00498313213314874
0.6673558919944506 0.9572738947589579 0 0.0048415230913332165
0.8389785652254096 0.19106564028202264 0 0.0030795020705338665
0.14688467259551338 0.35280244420946744 0 0.0039630887015120395
0.7630335708137487 0.11392056292578255 0 0.002437537865484211
0.08933312375972834 0.0057557827045855384 0 0.0042890822459388115
0.3680112009256337 0.9272493731985259 0 0.0035895451923756276
0.8703886735114523 0.7428555474275623 0 0.0028802635893185827
0.7538235901392673 0.016948579954551228 0 0.00444614690517106
0.5822271690131472 0.07004487281063863 0 0.004958891180244944
0.4539628683513401 0.9268241273349215 0 0.003722720909458339
0.7943876400389221 0.4492954173243085 0 0.00464894427995892
0.38177540986844466 0.8580513151621474 0 0.0049807500823800255
0.5269774799993682 0.9053753080866547 0 0.003960309401852963
0.29932493838988755 0.9654128093430219 0 0.004999953529426116
0.17227213126321658 0.058724971422995806 0 0.0035830464634492476
0.05309011955522834 0.32385647933132583 0 0.004238878403622606
0.5666817981907794 0.055473777975186364 0 0.0012817369262668626
0.2711013125414758 0.7237643944114174 0 0.0029484886438588373
0.26114585128392037 0.8347713074287599 0 0.004597835490469417
0.9879581653601478 0.6731970352625584 0 0.004332600307716407
0.9946836899119524 0.8031617157437231 0 0.003369231359442958
0.6597487939657937 0.7857949004103404 0 0.0021765079667006295
0.11828318874264686 0.8803540914282609 0 0.0049989175880943235
0.8863913095730559 0.7728954312976155 0 0.004137757588706028
0.15579416598670234 0.3823145013345392 0 0.004963856756048185
0.2163717228322156 0.10768598294488117 0 0.004999025187112857
0.9281929819308942 0.6959206272550457 0 0.00401080962535582
0.006851800523545832 0.11534864761243223 0 0.00253354394835753
0.8346512475194753 0.992786633941822 0 0.004550653400152739
0.28621821178857315 0.6311291512401684 0 0.004866485445747813
0.962143769512791 0.03741283466199906 0 0.004981302800061493
0.7255651522142474 0.4390060082023561 0 0.0037858211711505265
0.3620636473769386 0.1786749307519064 0 0.004798276860328943
0.26125180750072335 0.35796043706220765 0 0.0048422410455616445
0.4523255756704983 0.650870735426383 0 0.0035130407984999843
0.5654034692399815 0.8583045867708756 0 0.00250468327688325
0.26973097338105784 0.2769636898860059 0 0.0027694361398674407
0.545944795182873 0.2607060456477111 0 0.0031140789813158486
0.6759719216470453 0.7731465159157089 0 0.004999476034641045
0.6462282462084792 0.3517181343855637 0 0.0005545181238978418
0.18461243117778356 0.09245669879224537 0 0.0022146023773329322
0.6268520824749476 0.10730719348550476 0 0.004651839679517783
0.12929593404733883 0.6231675607229414 0 0.00038461733439239444
0.5115211790515625 0.6868131729051213 0 0.0027335075560030236
0.010560665352472347 0.5198622063229751 0 0.004905130601087267
0.11618531471262127 0.264140105024082 0 0.0021785343398386878
0.24189825833400122 0.4676269073367855 0 0.004817634428283276
0.7379132436137669 0.909057114035753 0 0.001197002927215575
0.7240108034758288 0.8023385882037425 0 0.004302406043869368
0.22591676608417863 0.46605584260154426 0 0.004486498149934521
0.8513760176329287 0.900923596069573 0 0.0036942799480194654
0.9810747795543447 0.019254134870344213 0 0.002198973415938389
0.6491464170330872 0.5925736369585731 0 0.002000569400439942
0.2373319729515718 0.004084016643475458 0 0.00470027591139218
0.4793599382628711 0.10962154370217612 0 0.004965328341847268
0.22978345851040446 0.3148773060416819 0 0.003562811069593455
0.8119470366765638 0.06400199269444372 0 0.0041194231017064155
0.6061342785495915 0.9915715870462715 0 0.0047755257757298875
0.5726053472012114 0.9196747681247169 0 0.004999916260423399
0.8759456403443797 0.5460800995332766 0 0.0028934412635346313
0.1680883904545961 0.8017898907048957 0 0.0029396306961525093
0.5517940978634223 0.33071257317975694 0 0.004874313070207241
0.3326810179692798 0.9415911189422959 0 0.004632392316920579
0.019171021695649985 0.1844992816586921 0 0.004826132791873922
0.20123486459437132 0.5321899993301757 0 0.0036502335943951214
0.11354897682924668 0.19378763994550238 0 0.004250683837508736
0.28950627003536883 0.4781648819728969 0 0.004401475114237055
0.4780954515021681 0.9628079662573604 0 0.0006701260829773557
0.6821307345947439 0.8775879660821292 0 0.004669893369794241
0.5095511847966456 0.9014507088197102 0 0.0033748952263037103
0.5518521226273356 0.775397700871035 0 0.003937333304995849
0.08626611756123902 0.9846850916371378 0 0.004735394447764466
0.659070894884312 0.8579886037170733 0 0.0029802980054714806
0.34134410171270996 0.08797076632108601 0 0.004695199030494472
0.7399742995593447 0.9806953972929688 0 0.001824735345376908
0.7062642981565523 0.5869680383839384 0 0.004261763962754905
0.5113359592087251 0.8101760924189647 0 0.004647107104070008
0.8687760637063907 0.4147800116806271 0 0.004987788678780711
0.8962254749655525 0.7069633122585612 0 0.004976603403774829
0.10914693372820504 0.6109906356269807 0 0.0022541062226250387
0.2570220240543483 0.23646806933362716 0 0.004632916117024042
0.4761283448667623 0.12353951825128416 0 0.00487822575129584
0.695507855191919 0.18326762127159 0 0.003611915990553928
0.12082766445486447 0.5378873600717158 0 0.0040053488726891125
0.39382947903434246 0.8403242903847321 0 0.004033601996670167
0.159586416950077 0.40733076666619045 0 0.0028983737689300595
0.7152216578730131 0.4023315338724716 0 0.0049552944181159315
0.6852706694935629 0.6456833484148082 0 0.002877340090325856
0.08032806196109253 0.2740749638339492 0 0.004998732272630305
0.3519103029031358 0.8319078107570144 0 0.004671706226965129
0.8829801930907052 0.27406519900409915 0 0.004999031991864438
0.7869100528171389 0.7399260167959646 0 0.0037274193165762123
0.8026668783724794 0.10729923554266128 0 0.0030654038806923263
0.4971201521930941 0.12493283756087246 0 0.004788836688672874
0.06659672632691514 0.7255901419789573 0 0.0027686907705535735
0.4911866704757684 0.09509923067540126 0 0.004215979136666457
0.4878491741029965 0.21877856112868274 0 0.003654936613265089
0.07786601098209343 0.9716971319057284 0 0.004147774427774948
0.1585634457949525 0.6559738694789382 0 0.00459237800781633
0.18936924694398902 0.38441242926781577 0 0.0021077159349715616
0.9022712766106001 0.5842646653534015 0 0.003872549368402975
0.2644752968508807 0.11010292015490196 0 0.0024727663862616554
0.16852305768569106 0.45769112192195277 0 0.004799752560180951
0.4869241046059654 0.4429529870441446 0 0.002935867852591714
0.025122880389921824 0.7080353790721797 0 0.004847397288703016
0.06693979909326751 0.03402388515449371 0 0.004681639896382737
0.7546545487518467 0.7490462476935461 0 0.004968732706473707
0.6838187765080962 0.49810733356051556 0 0.003291416394283697
0.7876410326795698 0.6616128932011397 0 0.004974279139427782
0.20749529301804956 0.6034337069895872 0 0.004956396530514207
0.5747369149803943 0.507969332115734 0 0.004613327386316525
0.17150214826565488 0.5948784931497946 0 0.004998357294826535
0.7561893200750087 0.7640100529694377 0 0.004976992308914817
0.7233078893264403 0.7690027516892963 0 0.0008403579052412419
0.3841532650618676 0.3606668855249561 0 0.004988260728396706
0.7339090040612035 0.5606520035578757 0 0.004874296464923543
0.47773817109801736 0.9445195095584475 0 0.0033615646858311684
0.035688682819766324 0.8829245795540672 0 0.004998146214641836
0.6150516278871485 0.9345452814951059 0 0.004996283003433913
0.6764209236399142 0.6354620740035737 0 0.004527001013612795
0.1585617638850267 0.9268466080031673 0 0.004211136681083043
0.3564163533694776 0.3515207638388415 0 0.004988021600008494
0.5873851059955958 0.036425800349781254 0 0.0018232619644172555
0.04619741769926865 0.10193814671727307 0 0.0034338786663212764
0.7391075037000511 0.8104876502629554 0 0.004896032764128557
0.6303624376691332 0.34288145542568643 0 0.0038122406287087085
0.9340847384420139 0.6763175630460297 0 0.00381759819717166
0.47968499339653753 0.0331149873844596 0 0.004651676023317938
0.6844897670807701 0.45342221665614674 0 0.002921685672322322
0.06790730411885769 0.9351195145838604 0 0.004890621233824472
0.5597049999723132 0.04446562506282668 0 0.00472622141729848
0.9389988613911447 0.6633561692846827 0 0.004714792310132602
0.24988864134991992 0.1646196589088089 0 0.0014410646250980653
0.7486442401371949 0.6426485477903402 0 0.003926825905174948
0.37771193474277737 0.038524273901326386 0 0.004998079838016431
0.19678869651709083 0.33415817756667715 0 0.004670161911671862
0.5446871702276773 0.9149248210668007 0 0.0030448686202965195
0.5559417434626731 0.3966975872923076 0 0.004386215974720374
0.03616031903446569 0.4568444492768379 0 0.0043478670911530435
0.05840804641729157 0.353464930125535 0 0.002109232021854689
0.636374211142467 0.6451864657269317 0 0.00495311625159128
0.8317006587874725 0.8653454095211073 0 0.0032596939555307163
0.5171173996597799 0.2681473848918628 0 0.004996143919055602
0.08243827599073981 0.3607662873078225 0 0.002176333623438329
0.06369495838436988 0.6844062315836189 0 0.00499616461500401
0.5437344056539671 0.607758150164833 0 0.004589167075916758
0.918108586119456 0.32134519245432897 0 0.004905094035512517
0.9048750666301049 0.7903979781146712 0 0.004845518834071727
0.4522078420810634 0.1862292923752775 0 0.004957921474486183
0.7172285790218696 0.9864849448240024 0 0.004999966139254269
0.3688594315442128 0.9783956708049357 0 0.004726110692908416
0.4617654100016216 0.7428833625038491 0 0.004972756117102212
0.6795372965538162 0.6251949968896643 0 0.003019434341635759
0.7140270602577339 0.20729999810949892 0 0.004993045624163078
0.4120943096695339 0.34313209335826506 0 0.0038750734818334067
0.11503860515787732 0.8279650352634281 0 0.0031810786161901787
0.8674980201638742 0.6022774891592908 0 0.002901343535217162
0.657412518895246 0.21148024977889254 0 0.0035585871006485986
0.93987102536938 0.6536631985339718 0 0.0049541012225798875
0.14173592157487022 0.49003556509518503 0 0.003233635156318564
0.1482238915068703 0.5194127638679151 0 0.003658907720767656
0.07135847691366769 0.16761147507211413 0 0.004978352373854634
0.5608766572306608 0.0034886762610734042 0 0.0031029742841660983
0.836095347381179 0.42311398717106646 0 0.002841105306024033
0.3221174825006741 0.6802113659654513 0 0.004026098668478989
0.7998454070335737 0.027343265526975184 0 0.0011327402169387726
0.5325439159669134 0.6957374188564199 0 0.0036606973760447224
0.5506880420877969 0.9603026971004414 0 0.0035873291538061508
0.1731017795053252 0.10641442792371845 0 0.0034499641351573196
0.7485171706810199 0.38040470659721787 0 0.0049999406575679025
0.1782822218468629 0.6205782762878298 0 0.004982110756008798
0.6329934810331374 0.25305161168136675 0 0.004876806215659364
0.23856787231309748 0.45385646959032905 0 0.004625840023897795
0.2578211703200027 0.46248819665032986 0 0.0015211403979777218
0.02261696944946389 0.3422602306792018 0 0.002707590140349175
0.7194404363928983 0.32272062565563436 0 0.004882157208944581
0.5574765738118329 0.24872518044772726 0 0.0020002733169324992
0.28672372426746745 0.5796531808550409 0 0.00274892553820856
0.36891659665801807 0.2725652458621585 0 0.004585121761223999
0.15183786045617584 0.745426565505396 0 0.002743226598403739
0.0937713250417108 0.13662693989607463 0 0.004417585692004587
0.4150326911061431 0.9440850890827718 0 0.004298684897019336
0.19275202272189781 0.514039419973447 0 0.0049580922900622
0.4924115377707427 0.5557899969633847 0 0.004895641990650886
0.6365253949337178 0.4269063542120269 0 0.0049477716259308255
0.7165417693823279 0.888201764906144 0 0.00483058300952886
0.3959027667233724 0.6254927207930494 0 0.004986932816598573
0.8160129249660986 0.9357100642158587 0 0.001760680174486528
0.13323694136131067 0.9859984850488934 0 0.004631724450470197
0.40735623321488285 0.9225152936862538 0 0.004979122223077489
0.05002276520868075 0.30413477281545914 0 0.0031887799556681163
0.6916147977200281 0.8981708460464551 0 0.004886459402092092
0.38852019209070404 0.2610025318414277 0 0.00249426808406668
0.8810730213257274 0.5036693907979009 0 0.00481535287221959
0.1854742949897019 0.9023983978026194 0 0.0017363301075446517
0.21000812046878622 0.6970863442360357 0 0.0048195573930776905
0.9470427146291656 0.42831138522215734 0 0.004744023641143479
0.05573646987988111 0.06366442508783841 0 0.002409711999805561
0.4385766268650055 0.32708506690177935 0 0.004490104227400046
0.6414583511012024 0.37602156481647725 0 0.004998402031398022
0.6119080158949667 0.9162169436547773 0 0.002476131904264838
0.19522857807587954 0.8645320148802033 0 0.004451145378935143
0.7788317637366164 0.7032603843170772 0 0.002187942491444525
0.9920791615931372 0.08451686817077696 0 0.004056103998316428
0.33953001449739956 0.728325313725801 0 0.004278621613856497
0.22158366830929785 0.7860406400238713 0 0.00499792035249406
0.18623323984913362 0.9507526707352286 0 0.00478522671004185
0.6254475620321972 0.8059550850530243 0 0.0014369080001709169
0.8501457944003153 0.7439681823073095 0 0.004183616178627991
0.657739215761597 0.7782856308600875 0 0.004536395622131879
0.17992848500232214 0.04555756647262209 0 0.004640362963607396
0.42332764982603804 0.4422318452368808 0 0.003341199635847123
0.2896967866870683 0.8480440210530201 0 0.004861428020092393
0.9042961371107314 0.7295159270537472 0 0.002017872175199104
0.14669883796922364 0.46702799941354584 0 0.004946485688628751
0.3268828504025169 0.27638280646611096 0 0.004999463479779737
0.9664704116094547 0.44934287870947204 0 0.004167377186589109
0.955274596837488 0.7721817847823488 0 0.004993078323141297
0.8257255870836537 0.09458703133793132 0 0.00498969045612067
0.7686479031720644 0.720009434360841 0 0.004966871856696188
0.9555653847650608 0.5996805345493148 0 0.0027611872541282007
0.4920293425310907 0.011237811968017312 0 0.002002800920939309
0.7382484850881568 0.6925019974060957 0 0.0032731402341030125
0.44362277645880793 0.2277505096360178 0 0.0011108030295463181
0.002363239551125824 0.10677208781237955 0 0.004991921620394349
0.49998591979808166 0.6784720862952551 0 0.004994494765965927
0.24360670231479728 0.1418164433093627 0 0.004341867987470847
0.5666734342353016 0.499558467610348 0 0.004854207713059839
0.18035567058117483 0.6785151174357289 0 0.004883804972421493
0.44229100516561165 0.262773197459468 0 0.004859292738849146
0.983110960347707 0.8811985015202426 0 0.0026834131352177835
0.17894792706924464 0.7197811736237367 0 0.004280177434513057
0.8207195742396897 0.1224856540951854 0 0.004844805990992605
0.30659615975808135 0.46844623132754565 0 0.004918410025224609
0.44446992034544025 0.37127241100393854 0 0.0017836782254849253
0.711063093951402 0.5013619052046933 0 0.0035137912820604063
0.341182745060094 0.13970234670180157 0 0.0049216696051181145
0.943346955855714 0.7919644371103024 0 0.0035262458301382705
0.05766571876111247 0.9036964156730889 0 0.004979201273293077
0.923862609508173 0.2089628178864786 0 0.004993918293850864
0.7301915849220518 0.14959413916405115 0 0.0014687588670668028
0.7179062509784517 0.5336485404706998 0 0.0021781653642725034
0.23438255726510657 0.5315459349403007 0 0.004709616060797259
0.5463317147037265 0.0933573824233128 0 0.0035899290489809074
0.8026906833908731 0.11942414313920623 0 0.004174041352490557
0.7161190633514813 0.8402402209211544 0 0.003933616551101004
0.7854631164203293 0.1179453811617641 0 0.004246292392556486
0.855224120471066 0.6768675351933964 0 0.0036076190934131855
0.21494699823245908 0.5619301019704126 0 0.0020164095462320395
0.6513057194398573 0.5344906455845994 0 0.004990706578253216
0.3837693802542737 0.6132603151025445 0 0.0046544108753959965
0.2518111733758181 0.9948064370064809 0 0.0049889123762312994
0.8352766757012707 0.917431283143894 0 0.0032950483257264225
0.8975835832337657 0.5754221830971128 0 0.004216045990107249
0.5367360438946371 0.05796505102682813 0 0.004644115873064093
0.022603541641558637 0.3601006297800196 0 0.004787418826337448
0.9935146810047021 0.3466665904172657 0 0.0049336000837106216
0.35207788243063604 0.6311568520042793 0 0.004223707168683954
0.4558594930014866 0.3132514742085493 0 0.002673063610721712
0.09269234964859117 0.17146770463000524 0 0.004538707628899144
0.17191254423891353 0.8940960743992864 0 0.0011819628272644208
0.5572831433984355 0.950200078672395 0 0.0036667699847437118
0.18315687868745043 0.40008497428687056 0 0.004213666787404434
0.15553959215076404 0.4811671767910069 0 0.004998746461451656
0.1379950450115119 0.8018764524400978 0 0.002985671860639608
0.1922506710927124 0.046735236354407114 0 0.004783091418048482
0.7635254188461293 0.5718053031111348 0 0.004993676231814944
0.1888111068980087 0.4103062918495041 0 0.003669253806220131
0.8101730337778801 0.47056709183480233 0 0.002013750839251344
0.11014866252430487 0.600819754910336 0 0.004371529408840256
0.9946670484230333 0.2556254394935506 0 0.004743759052869082
0.8219758838982215 0.5540086848763026 0 0.003978978994884524
0.080254194763949 0.5306503648838145 0 0.0043890682029537175
0.698401446476241 0.7224072793744881 0 0.003011777983567872
0.292573271029459 0.32926705482348956 0 0.0003011979797423307
0.9273136279962886 0.8889101741090344 0 0.004999999735174458
0.7955755208696335 0.8731059946243132 0 0.004243894906856613
0.5365296851199512 0.6499346140543628 0 0.004987968364830612
0.1986442501341866 0.3518522234912083 0 0.0049959302349035836
0.04290609384631981 0.1358902289250181 0 0.004160531575488444
0.20814971146594594 0.09775360160402767 0 0.004966138306525725
0.6031580282554532 0.15839348045852883 0 0.002900019371026483
0.2677544702589166 0.9053296728741201 0 0.004956198798148584
0.8387311191632857 0.5683999302849151 0 0.004676735908390174
0.8978142403651763 0.6658833260982955 0 0.004637333421422257
0.7058580865391404 0.9211575390440155 0 0.0038936869204225233
0.7953060399795799 0.9130346001742449 0 0.003974587921137503
0.7702802280480248 0.39788552208731426 0 0.0028766314237846946
0.8403691649071634 0.41226453792381074 0 0.004701362930498055
0.39777692080463317 0.8919140987542306 0 0.004999115616108732
0.3082693634792972 0.03551364845223669 0 0.001784844985128598
0.3156939508297683 0.3540463541790762 0 0.004776667493612135
0.10619189313447806 0.3147936527541985 0 0.004795017862066525
0.5684992662733045 0.8007986897474082 0 0.004018826364017518
0.040785700757436136 0.19584597336232654 0 0.0030502559534617162
0.8659613062811029 0.7906864687677524 0 0.004994787279826345
0.19161724613017636 0.2828885174624886 0 0.004956868303955549
0.37552874429492583 0.024905943788322664 0 0.004507268867824636
0.9377116565430855 0.9263969916816264 0 0.0043770839215297895
0.24035389711330377 0.2976715519921936 0 0.003181186020843797
0.13784325997886523 0.2861642879954835 0 0.002990951448113038
0.7750033924979354 0.0035931393825421273 0 0.004204185703474629
0.5525900746914684 0.6064728639383296 0 0.003355544413656251
0.43250589857879135 0.818333420160298 0 0.004891178552307368
0.9529524243893887 0.6199592888260125 0 0.004986720937444517
0.2866997738680866 0.6507393032605132 0 0.004986489742649608
0.5471291187881667 0.8279111033659797 0 0.004235232883666658
0.6790602216651306 0.9465962768331242 0 0.00480605362077055
0.5069746439817315 0.1340844605810699 0 0.004604810004463373
0.20584303902416187 0.917200678731774 0 0.004077291784169883
0.7760663942836289 0.28140002495013033 0 0.004040279058281672
0.389169345477645 0.5498871702915253 0 0.004532519908767109
0.7132470323610368 0.8985958868399058 0 0.0036380103579398563
0.2764223253351706 0.04927933959085472 0 0.004994284280172121
0.44041526816404614 0.11799174994805349 0 0.003363430683583965
0.39637280845567985 0.5147301534121002 0 0.004148506219602068
0.731770421760829 0.20997285078884995 0 0.002676101851861394
0.6824420082865185 0.7203369547069755 0 0.004452300553194874
0.46266937035061245 0.28380687845601077 0 0.00399937664943645
0.7449862305349165 0.28693645094220815 0 0.003631803529420849
0.2682575555739927 0.7779064822943665 0 0.0043659288847693
0.1837248402404009 0.989993832735334 0 0.0029413999121199247
0.2552588642389549 0.42453171312587096 0 0.0037376865908908077
0.7484567913405731 0.6541410372871951 0 0.0046462002224956335
0.7969910141830964 0.8228324499712432 0 0.004982683628767769
0.2775206839143545 0.5609269614970708 0 0.0048199863231274485
0.9600434737833494 0.532800443739349 0 0.0039402821471088145
0.7605867655039458 0.7732465519474547 0 0.004622516449440613
0.649295364078825 0.23789418896364664 0 0.004964652895286462
0.6529020980460997 0.4401485177768381 0 0.00497733994784145
0.4296219278864614 0.42047469272812804 0 0.004686077022736091
0.5045093622855745 0.368676801814703 0 0.004958261264247078
0.748909739260481 0.5695519180556776 0 0.0010597335141926951
0.9043337603831437 0.5076562756391498 0 0.004938972211121071
0.3951484959386234 0.18525867663604398 0 0.0034933803725770234
0.19235901784437 0.8260108966482765 0 0.0047449113920710615
0.2030648983146459 0.6284054187910665 0 0.004993073124188634
0.9757666743011978 0.15514034979802857 0 0.0048598092675244875
0.9858862895171288 0.007301304035812856 0 0.004508064876767654
0.6566835553618522 0.1716062222801696 0 0.00488528397765387
0.4058319196066969 0.5227614131554508 0 0.004903436577414667
0.06751082748944869 0.44783764467089376 0 0.004860619486731783
0.7610659049912868 0.1333446753781735 0 0.0038213561912796928
0.16567530366619374 0.8342517805726307 0 0.0018427838879945602
0.8603476559439517 0.7083599114361724 0 0.004971897034153084
0.4803608358504354 0.3342016367303416 0 0.0013089457593065516
0.8589641576952742 0.5358810607208867 0 0.0024082084049578084
0.5119858616178778 0.5385462163077797 0 0.004551728977364298
0.9165610082283328 0.8363095209674972 0 0.004956480947625068
0.5294671690125667 0.5181804164226619 0 0.003710373851071868
0.3617013143449949 0.05955134167136909 0 0.00495225672288332
0.7787805597896287 0.7795223608635153 0 0.0029399420722267915
0.06674068662197728 0.567489766901621 0 0.004999274539701152
0.41559244880191065 0.11376432454894202 0 0.004360627226260611
0.8120304602366947 0.2581892446658522 0 0.004114903869641379
0.578757215417328 0.7307532978882655 0 0.004474884852314899
0.15996208592358993 0.7081124243392977 0 0.0012334679774459007
0.5105551018770302 0.827161765008167 0 0.0048538657827139195
0.8764536387902715 0.6477088177718633 0 0.004827221448490862
0.16311012304481773 0.6958166295297228 0 0.0010156699744885821
0.6501237819186635 0.5804510829022097 0 0.004891876352594311
0.5033330087230861 0.7590416197772941 0 0.00436538756181396
0.8086820947207494 0.5097806374243306 0 0.00478843480897239
0.8138880794932009 0.4398721386358187 0 0.004832606661697568
0.8422287878185223 0.5559428361298784 0 0.0026212926827455536
0.23516357516265315 0.5211086347454782 0 0.0034513439875773206
0.04800657086413661 0.4171951093414928 0 0.004992885270867591
0.7453419841263083 0.0693834534262081 0 0.003975960316987598
0.8428265130688244 0.03325392387620761 0 0.004198905219320637
0.9238086973871402 0.7068574835167832 0 0.0020583665710686527
0.6111721930219737 0.5405171751176135 0 0.002281903681995216
0.2829814912836373 0.011928343157499348 0 0.004667802191362868
0.4511389619251585 0.39576944835112454 0 0.004999921473930358
0.33886582306416796 0.036168015596117584 0 0.004972587523337854
0.2526997687794969 0.3415991054286676 0 0.004111908224252206
0.8056189702584835 0.7909293310633985 0 0.004982299259891277
0.9328765648097345 0.27259413549139583 0 0.004623012051088301
0.5521097868402556 0.8483929357235892 0 0.004989436036922931
0.8395462080814163 0.7797878370582018 0 0.004977424851740136
0.3184897139459652 0.5999896861028134 0 0.0031279207753300035
0.8511891739408409 0.9577324095292126 0 0.004332324959452878
0.02790327726236929 0.8243116030649346 0 0.004365510955548095
0.22886520106144267 0.868747864054364 0 0.0031458142169178897
0.9813061198831031 0.9634061488916563 0 0.004889346022677295
0.9636983057500078 0.4699110365359132 0 0.0043393269356968595
0.8239501847753377 0.6946597779193088 0 0.0046713799549864985
0.4327494012010776 0.5116921184423778 0 0.0024009085393442067
0.9400563920792957 0.893007416782469 0 0.003821451696096931
0.29653193669989025 0.5271085493402902 0 0.004214049523634679
0.7840784993833992 0.13026076158074748 0 0.004060466002335983
0.32498178789589377 0.7945488439670384 0 0.0015583959425475918
0.8395018673832503 0.24907434878589638 0 0.004999031646020686
0.6985096339214909 0.7050843158175627 0 0.004622731270405831
0.6394836350580471 0.8381889283243065 0 0.002368239446466596
0.14918739137828105 0.408771412032865 0 0.0025457720139648687
0.62951679497871 0.821559881522114 0 0.0043405104122923276
0.9033498596386453 0.276001410817495 0 0.004499724240873342
0.25312311470562604 0.8159889211625789 0 0.004535213333688119
0.9941965113586084 0.9407462378051534 0 0.004187701542366888
0.45610097707964975 0.575642269125619 0 0.0021135860685166114
0.10065502621865251 0.16357381977091576 0 0.0049957093240113265
0.31443875822576434 0.5126978034061345 0 0.004324611011963097
0.4092615005977816 0.07959351059928342 0 0.0049276049202206665
0.7995855317651752 0.15916571457023307 0 0.004528987853566047
0.4191444725847601 0.6961441526315401 0 0.0026546821799767304
0.649491638252117 0.971927801830621 0 0.0033998085247142866
0.38440381870629065 0.18846197674376206 0 0.004713853552893514
0.22832021630328234 0.7138736790891778 0 0.003469991739212712
0.6862890120774807 0.7555151193946786 0 0.003048063681172351
0.30619189141575137 0.8023127051612877 0 0.004964431532784234
0.9401612106953282 0.5732434579003379 0 0.0035506988136785856
0.13311930998830143 0.9419513608219784 0 0.004069800938973315
0.02965745043366396 0.867926686569299 0 0.002797016373829136
0.7262156289826054 0.5906571973421669 0 0.003882625251529523
0.6836851204247557 0.09604772255093628 0 0.0018542761763113516
0.37332213385513496 0.4133147498299575 0 0.00471329305826834
0.5642526389734488 0.1016774771942308 0 0.004851222472343754
0.09341283320905157 0.12175763451998255 0 0.0031935954944312356
0.6540566965065395 0.9041442372388449 0 0.0022749260290376083
0.02936101679455249 0.27897627307719736 0 0.0028303589105676363
0.549111051851665 0.24837507052420368 0 0.004461227299228226
0.4078724275151266 0.7629105621038662 0 0.004999045965090587
0.4814330985355711 0.1674233237259046 0 0.003889379363073771
0.4289429008042666 0.19647597312724394 0 0.004603183625716311
0.8738252061384628 0.8468030316311951 0 0.004295405443088103
0.6670778517483877 0.12327392775110467 0 0.004803778812165075
0.8177190939580498 0.03765574916128532 0 0.004832667915382269
0.8001199606941534 0.13615010579735318 0 0.003930197442799108
0.33468064604887676 0.3610301292099331 0 0.0025665010286743065
0.6967837974166211 0.2716404688842116 0 0.004980232104536803
0.6935459856471741 0.7907597280275332 0 0.00499956854669597
0.8462139766791237 0.6018789885246867 0 0.004836750524484735
0.7105635545159336 0.7208669831871628 0 0.00457902343690768
0.964934682622719 0.6150330822383022 0 0.002620019489059465
0.6296848909434517 0.9949898019082251 0 0.004196623307844767
0.5720354410147278 0.19767697065451115 0 0.0018449762076775062
0.7197715743299629 0.7045469705725413 0 0.0035303720336995682
0.44030751500588255 0.8026180315413997 0 0.0045480873426201295
0.5732656853229078 0.8700798830545907 0 0.004320153535304414
0.16939432623306835 0.3977450314268794 0 0.0049799851324644475
0.11335100488695025 0.35726542647516807 0 0.003922825325805711
0.2695214192764594 0.6274150265799585 0 0.0049981356994845865
0.8092779795266928 0.9548185039551376 0 0.004345303539244429
0.9934083500426987 0.22775575550762225 0 0.002494834425896712
0.3165559083252139 0.6986873480133683 0 0.003650613773423142
0.36175602232302445 0.827888781027936 0 0.001910702759469565
0.5337682163749616 0.4688671007335025 0 0.003148292784937654
0.7213309371006589 0.5784322407181294 0 0.0045730424429226545
0.3396014577057615 0.44820672760961383 0 0.004136894794382596
0.5476272753197563 0.463672765270379 0 0.0016149569957375981
0.061180127414035654 0.002969111406083353 0 0.002823993939154474
0.854199341487053 0.8406973971414968 0 0.002489054372097705
0.83338260506873 0.8796151362492801 0 0.004964403128391934
0.6825276068725232 0.28355143670022426 0 0.0030417739799042465
0.4669000240475814 0.6839540029322015 0 0.0034168421536934224
0.9521628848421011 0.22785610106289853 0 0.004999988746546174
0.9104258891353346 0.5977338499364553 0 0.004276706844725665
0.2670355738236542 0.4132670075998505 0 0.0028074332008584274
0.3817117724742736 0.5791395352794668 0 0.004559115038423036
0.5619597538124194 0.4407836066657122 0 0.004257450402894669
0.6138439665492101 0.6925327011989894 0 0.0035181476971563996
0.1819978351568747 0.21993404307439565 0 0.004161716070891403
0.6456379313891913 0.2706543012072921 0 0.0041472217126906855
0.4668276177658935 0.9052818464300438 0 0.004936226003717966
0.38937830564658144 0.8188543256975138 0 0.0013039275528184248
0.8908292507127308 0.4004371834278035 0 0.0012975281705382953
0.622670105590853 0.7451726430645003 0 0.0033561497067253455
0.8112414119459647 0.22240956881229443 0 0.0044920099682100294
0.9263161460351284 0.6562457509030215 0 0.00495833833863692
0.5732666132533527 0.024975761236312503 0 0.0049996796064017985
0.8603612036160031 0.34413440452145744 0 0.0046992491469216606
0.768245817800351 0.33349363228606627 0 0.00472738389289996
0.46466912741589755 0.9775595012584763 0 0.00343087728481665
0.8957896338654958 0.09653704863832656 0 0.004997812001864891
0.9046473561369996 0.43711978607123864 0 0.003728514519726682
0.26549257393501474 0.06350202070166587 0 0.004594763920744473
0.837294557339988 0.11099069540240368 0 0.003348480855820671
0.1331026863850244 0.08747662729810489 0 0.004075985660628835
0.8805646174268321 0.3760867511195715 0 0.004932920688068992
0.5882800719675644 0.5632627787604465 0 0.004562797731530282
0.855920780924744 0.48159652048116824 0 0.004430590459005293
0.8650234877425147 0.9324088326186646 0 0.003470475103269107
0.77102155867505 0.2560507908068484 0 0.004780844942852266
0.21279967337182323 0.020781211377967283 0 0.004755170063018558
0.6072997670700091 0.8845177571920328 0 0.002562339281678168
0.2562096205282058 0.5152497232760752 0 0.004878428419084964
0.48499139139473707 0.5633654619566489 0 0.004606438144000756
0.9632029356173527 0.9079627730657828 0 0.004085211384116271
0.7864173194974691 0.4005954853928895 0 0.004938167315354481
0.009691229915565251 0.37875755888612156 0 0.004964779883516944
0.48386855952220204 0.9761767022582581 0 0.003630536808738584
0.6844452910102272 0.23074767053303266 0 0.0036883098920083056
0.26755568377478095 0.7444571852889006 0 0.004109582322969109
0.303323585872698 0.12936312234488054 0 0.002377371692135375
0.01533984189505843 0.12386931799340072 0 0.00028215122274061075
0.00604537085099865 0.06446660965481864 0 0.004584577036432375
0.6632365643994217 0.6111943660045929 0 0.0014653953638841637
0.5395855576111082 0.8789730483736572 0 0.0013178793326173123
0.6333682127815554 0.7032100652100761 0 0.00499737098846248
0.4639680550340261 0.7141686445134439 0 0.002208038027392612
0.3985886755149843 0.21192911795521183 0 0.004993146138131857
0.8054164577366912 0.5531252258747453 0 0.0019836897501508545
0.26482163582188895 0.19128403902561872 0 0.004603991670535351
0.8230561036063565 0.7232812417970703 0 0.004800654939997238
0.2855149308888842 0.14307805481369548 0 0.00396116536074911
0.7479711924976059 0.7071553931081962 0 0.004936564949349245
0.09793035883396038 0.2601561468922757 0 0.004528340793286485
0.512970752814109 0.6601666324987124 0 0.004974542072494978
0.8321138854789086 0.15043951023313093 0 0.004609051460363974
0.48378503731108186 0.845580301235971 0 0.004972903454395899
0.5241527784094333 0.9413837359754033 0 0.0048848161495719765
0.36351918125272425 0.31385751757860975 0 0.0019108714426998392
0.7273769232348574 0.6705832192028942 0 0.001363160756472686
0.807438424089296 0.4972068020660689 0 0.004761855029346944
0.3414342534272626 0.702833593149218 0 0.0034586296032947292
0.7214348840873972 0.10995850324428345 0 0.004845365616906734
0.3941622200429567 0.09204939147037038 0 0.004920455883606917
0.9043157570747713 0.4537672786717481 0 0.0035735548095023532
0.5266973694453199 0.7880276901148678 0 0.0022612932724602806
0.508373381863079 0.9073073487147771 0 0.0007312263178890964
0.8639667432439437 0.7347344892994202 0 0.0031704588027786397
0.5208999512994505 0.5454766166865045 0 0.003557124985795833
0.6838980961822146 0.4080479561844084 0 0.0034025547160976533
0.8138551882797149 0.6757233646002809 0 0.004088741187864321
0.005620972238917549 0.841368326891873 0 0.004934481535475153
0.6075170600510399 0.7183844862061244 0 0.004953570991073809
0.15603871012197154 0.8649078955071673 0 0.0034442286019320725
0.8698236251162613 0.3355255678651669 0 0.0032927107142950874
0.5710714528630317 0.30218662821159065 0 0.0030529447274701216
0.4497379402596025 0.42396515346446423 0 0.004851547609040588
0.6263417204342272 0.6276870621492078 0 0.004997366724904854
0.6388466103760587 0.01964601799391507 0 0.0035400414882524114
0.8109241776033532 0.6438494399048719 0 0.003941260236533103
0.04694166460771264 0.9799353125771268 0 0.0031000743775653266
0.9163885815140549 0.7261504305261174 0 0.004986624961523972
0.2721564344210123 0.21886246685805885 0 0.004968872821090251
0.8033906573257592 0.09846154937126693 0 0.00432312025862186
0.31399279783962114 0.9187107200478638 0 0.004718925447982151
0.7452720412204233 0.5806864345298405 0 0.00460191973332336
0.44630757093585666 0.037946769728194094 0 0.004944038445705608
0.3263061508254503 0.8917178051647398 0 0.0030650375582024257
0.03786871260681911 0.892975149559373 0 0.0049547527025285585
0.7438008952530385 0.8920722666103668 0 0.0029712652014956538
0.12040275856415604 0.08789209545049347 0 0.0045205775780294746
0.03632860994397012 0.424429695306849 0 0.0014113711620384766
0.4337880925164905 0.24464152720651375 0 0.004443573443143286
0.2959136555386768 0.1877177258020629 0 0.004519624749502862
0.10259137512252935 0.43893363336079033 0 0.004835489169748319
0.23721193646319746 0.9654725640298744 0 0.004295328494944507
0.31898784756781234 0.01728726672850655 0 0.0049053265552378355
0.030304403425025488 0.5364559977410136 0 0.004998351151376879
0.05306421957004613 0.11928987988727034 0 0.004717465935428718
0.28830276023238793 0.8713314333351753 0 0.0048282751295838835
0.14244213065451636 0.07846263072872926 0 0.0032836831214358006
0.27705619642547646 0.9231596645160778 0 0.004526251554688449
0.055059447075595166 0.39483383449313486 0 0.004730798067839099
0.9987152379893113 0.5003522747013969 0 0.0046517970368753405
0.47538859918234283 0.5982346415867053 0 0.004631883385203979
0.31865328562171163 0.9340705662192798 0 0.0015998573649102586
0.3623370165868472 0.5694190600320882 0 0.0018296790025157756
0.0912458901374401 0.7165517407472084 0 0.0034015393517217484
0.41031823633176195 0.05223682345817414 0 0.0030923561417241343
0.9448275520438725 0.530403441852022 0 0.004847002834789437
0.09872793838504422 0.8680819120486539 0 0.0025268691297752072
0.053464792365546895 0.8604647409806945 0 0.00494179623407327
0.672183413372331 0.9990736574191201 0 0.000734002051342602
0.6665795835469052 0.9280541311331919 0 0.0036465405455262784
0.5757881301366099 0.45457326938764214 0 0.003906506407426798
0.5653293589690848 0.7769477380420461 0 0.003716790470422255
0.32648446579419516 0.16199600797144428 0 0.0032868757080511
0.17087913102418936 0.7107164555519605 0 0.003921107249231741
0.27844736417140487 0.6388313933451628 0 0.003266835133283923
0.5252849869737605 0.06657283681142688 0 0.0048749445350187255
0.30930988376724894 0.868619269250614 0 0.004990135141712617
0.9902255852540868 0.7233976989233766 0 0.004778890130957427
0.8485714391192287 0.5466293388634884 0 0.004981162501026789
0.46671304408370723 0.23945750790531237 0 0.004988058663537393
0.928660220933729 0.018405388923777626 0 0.004464128525846955
0.6198296304367392 0.0740383758588705 0 0.003402446392318291
0.39887215754967426 0.17360025245369468 0 0.00487902751014089
0.08747785696644349 0.5239696756789183 0 0.0028363572207518962
0.48721014258526457 0.4915458730137598 0 0.0018613777628626019
0.761341075134321 0.9645594396689275 0 0.004788279306623827
0.8695595737945371 0.9707802208471783 0 0.0028143694665998045
0.6723904778623628 0.7044302286405718 0 0.004821349919548083
0.35248600869392505 0.4761026182284395 0 0.0042062713434359725
0.7885723495157112 0.26557192153675696 0 0.004890284179152957
0.21734471204014635 0.15534848394519504 0 0.004737668054830777
0.07413134139947473 0.9826450585493858 0 0.003852086307955037
0.15953174849871385 0.5490498877104243 0 0.004140634449274272
0.7478103558527848 0.8525175252283727 0 0.001975607960409678
0.6441809437753849 0.05102377072278173 0 0.0016728038521532519
0.990282433432691 0.7791359767528396 0 0.003998820392624529
0.8309313691095542 0.34667833238614304 0 0.004999716591556247
0.2893101099357916 0.31880442291367356 0 0.004653017771182613
0.9568615072298738 0.5533814854378483 0 0.004226767972607852
0.8756983549188863 0.0673456329935662 0 0.004237355247422494
0.004108917964539932 0.024587835265591378 0 0.004999380902553446
0.8510476840062275 0.4994641609061335 0 0.00254894590317933
0.7963650498650627 0.786901981682114 0 0.0049694024054571465
0.21580145116514202 0.8614043648803148 0 0.004996882405949511
0.3728990505556103 0.8414804555109491 0 0.001525259449796339
0.6519271865104568 0.36691538881394664 0 0.004074028860314829
0.1480193584510677 0.013868486107587612 0 0.004988619651900952
0.9410450978547511 0.37072213482997424 0 0.00431240117712973
0.30563377392402563 0.7384498857935562 0 0.004269982388019597
0.8594947436698955 0.4721461727455291 0 0.0037491876892522596
0.5729267297469693 0.5939161683525704 0 0.0036079124745213745
0.3798356397377532 0.11701629627159436 0 0.0046699994062847795
0.547630670713231 0.49507013403838857 0 0.0028325194876001407
0.3438845196843561 0.8216575871225517 0 0.0049619107804244715
0.12056541672844932 0.702099551379933 0 0.004840515509431916
0.3151860873336388 0.969734730311399 0 0.004825271956455463
0.36786369479768916 0.24842822861689515 0 0.004131401945113012
0.18532553060607146 0.36847212114401345 0 0.0017024966528788206
0.3315519714066755 0.09901384063311801 0 0.004984285726500165
0.16263926271747872 0.014360714407486756 0 0.0035942107072719737
0.4265143595934539 0.9182058784799495 0 0.0006119986904434256
0.016489148991676188 0.15842373406310248 0 0.00496883157338853
0.9050630478796373 0.5344270044433992 0 0.004821931468919232
0.17758391202966747 0.37736487890322873 0 0.0032722057079412337
0.8405833071884812 0.5365154326119204 0 0.004812547084158416
0.14727041430156004 0.816630595395964 0 0.0038488628240607842
0.7685095955950327 0.5265630452642734 0 0.0047046014928462995
0.5223849890947156 0.0029569799135418192 0 0.0046779232245462285
0.6021483412544121 0.6141708139327842 0 0.003568442281590543
0.6685828096415277 0.5087378508363821 0 0.0031644193526921558
0.7830432217781697 0.7601853468900693 0 0.002598670263938606
0.3828576807731741 0.443154341844686 0 0.0037979596684032226
0.23479129113572358 0.8535102228279204 0 0.001880302505342757
0.811633647430901 0.2017561283730461 0 0.004375650661871553
0.4929012436550331 0.7712916775878088 0 0.004954321082917659
0.9212613824199404 0.009512896367465544 0 0.0022154803943223353
0.9583841746496168 0.05345221161154133 0 0.004939122964031001
0.14273426841777656 0.4804500874858881 0 0.004995030047210868
0.7861751708773619 0.43781058053811067 0 0.004922221842230311
0.7233994063508441 0.7410058329330661 0 0.002857842010159891
0.6752165087723105 0.4452466285770798 0 0.001313928243052794
0.7415170369991357 0.4309065574686823 0 0.004568472103811088
0.8188679521889228 0.8808736055864713 0 0.004814089028517688
0.9209611061561024 0.8496345385708945 0 0.004915130818069664
0.7593501811248784 0.44427643272877754 0 0.004950540087997943
0.47723235182311946 0.8330801995723557 0 0.004032682062811922
0.4167017501072188 0.3866234983425833 0 0.004101249531907289
0.8799458586936529 0.918437317110243 0 0.0013374225489746453
0.09387911496402344 0.6393238773769253 0 0.0036145482593304833
0.6217823469625108 0.13335415176638452 0 0.0018748471284538869
0.9542404308986959 0.6911607779839906 0 0.004340629865154559
0.12795759911282675 0.4406111864569842 0 0.004999587267439295
0.9567354677155219 0.7544274787925005 0 0.003023288868075303
0.47515857776961673 0.6417587724468637 0 0.004934919778036791
0.25380455712574185 0.13562592858351538 0 0.004947734995574064
0.47138696080906234 0.7342920778698369 0 0.004661926399331441
0.9917081628101705 0.3568521579600377 0 0.004118595048488158
0.08090708220315233 0.9103034112650186 0 0.003102576950481484
0.5360088676064048 0.526043381558886 0 0.004970386005598746
0.05416193140842494 0.6404652984040198 0 0.004930763577129
0.6299312990238314 0.6006954220003383 0 0.00471145490718247
0.7495035272827362 0.4208237000335457 0 0.003844142881220523
0.3896156436169749 0.9992453445688179 0 0.002515054119890002
0.5004574915145413 0.8459044160735341 0 0.003964384923862288
0.09076945225885667 0.193740784943456 0 0.001914204989253437
0.9024630066627515 0.17673191085221926 0 0.0018408223544308317
0.8738586446746789 0.9461640878612585 0 0.0049846114638836935
0.4806749788090143 0.9938756690017202 0 0.004869191202902066
0.014403625403468727 0.9440283150767426 0 0.002558190401562665
0.8018802029835401 0.04285036268910013 0 0.004029972007755651
0.20880950165793485 0.24839277346983388 0 0.004989608121354581
0.2100204434705266 0.3454054453869851 0 0.0018603529378974394
0.4144877224854822 0.20773821992127015 0 0.004785791398452467
0.939098901208653 0.6932013335712739 0 0.002992509445174722
0.7301266962227831 0.8853601076896388 0 0.004407126430498377
0.20499715164227947 0.015121807959553528 0 0.0016961941294741068
0.9010983541865782 0.3755812977967457 0 0.004993451723653186
0.9799155377637657 0.6444354440338345 0 0.004996082653312923
0.3920310392945037 0.8018256542412936 0 0.004350720507749589
0.7922474884059535 0.3144210274094607 0 0.0013640352479512916
0.9999530034568432 0.19103979189038564 0 0.004230399966078718
0.16852156345578337 0.6276844919714613 0 0.004541744747417111
0.5858029264445577 0.38249321738005376 0 0.004008152374439197
0.7405346732301853 0.9590380467540368 0 0.003554672888216528
0.07194006086775671 0.7890986749821207 0 0.004999653697522647
0.2768150008618832 0.0808037330285881 0 0.004691549236673207
0.2377267691984861 0.2190306800018211 0 0.004809989590408824
0.2937219012601557 0.6597964416214637 0 0.004098383333949429
0.30417162762642397 0.883978124323323 0 0.004079505871943347
0.05804017027866136 0.33895483600394277 0 0.004428131013559086
0.7287321899709622 0.34222741315231126 0 0.004414453487453544
0.740861075092866 0.7432532209385285 0 0.0013149521592080464
0.050688258735333766 0.04743959867923507 0 0.004111981471529505
0.09515167967800008 0.5803863926615737 0 0.003386675300137693
0.2264915397477449 0.7622129469952885 0 0.0012414746106580348
0.2652298224417469 0.001006113658336245 0 0.004717399475312511
0.9783387803418987 0.4517496051103886 0 0.002581554728605565
0.05457178947028095 0.37616133227415854 0 0.004987992258447694
0.42354613314427664 0.37020872242957176 0 0.00430806194461971
0.18251632652589198 0.2554565468483337 0 0.0044522056050075405
0.887532209837 0.2126319733039281 0 0.00419954755869426
0.42589552686454385 0.04763552956109117 0 0.004911239386553823
0.9494439155381734 0.26756856033072823 0 0.004028722347613596
0.23143728721527088 0.13652101648437107 0 0.004951974222615037
0.88956545249474 0.8750487882081407 0 0.004015130453828968
0.7539772880361949 0.6297376310837786 0 0.0047646594446303266
0.5117290541545173 0.45151677607068413 0 0.004815095017238728
0.04254271242919004 0.6930317903158977 0 0.002814292603203231
0.9168068517995454 0.0764304527743793 0 0.004891851868225009
0.5527136576045256 0.9043642118916673 0 0.004248706639259479
0.7442426476601406 0.37031756269235144 0 0.004553280927780929
0.5232742673235188 0.20737341596551603 0 0.004570874458613427
0.5922524341081946 0.9937624511199631 0 0.004932463175383578
0.3103363783229229 0.8228129236417566 0 0.004648140547041306
0.8344490717236132 0.8236254806319028 0 0.0049808679953721405
0.07754501796931755 0.9486971440966735 0 0.004327945898569803
0.9994993594323985 0.9590884635843075 0 0.0048352851873667705
0.1383658472481217 0.5453331644302928 0 0.0019946827730536305
0.4938174576099817 0.28273879452028766 0 0.001224616306081306
0.6764048953259285 0.6910715743095227 0 0.004982909739427611
0.8729337836988541 0.9269235961116371 0 0.0034840212381117863
0.20837945895175256 0.9530898586290152 0 0.00288978276961363
0.5853675790196129 0.8451422016036642 0 0.00453387222315304
0.09766092119568802 0.9520249382320676 0 0.004846454022217758
0.931404357801251 0.5248764292828857 0 0.00277234349864525
0.9406878758164172 0.45830316987951764 0 0.004931902611801463
0.07167880812804416 0.6227091568611308 0 0.004997528202387496
0.6006137641271704 0.09312863953006277 0 0.004783987864284059
0.30683200831254925 0.9984361344207802 0 0.004869936507276694
0.8364051302960446 0.9633898602117738 0 0.0028833514373319677
0.8194264825776901 0.41011223195650676 0 0.003874965617964703
0.4159427151596075 0.3534464182256421 0 0.0033200400214699996
0.5995516903097409 0.5935201525265871 0 0.004987970982914917
0.7028491219725759 0.7940693897563842 0 0.0043436306567607086
0.48558096144734225 0.6104704227837519 0 0.004895788766610099
0.046796428496271955 0.2745753134842575 0 0.003071892264982152
0.8760950803889765 0.5692759738151386 0 0.004529361382419696
0.02208742468636659 0.5015139505011253 0 0.0011211648295501805
0.878177834804106 0.25611436069297183 0 0.0031842689393242448
0.6320746465602005 0.7318785386696148 0 0.004277917455235902
0.3445143049790284 0.8871035048450885 0 0.0018955738515541766
0.8783725743348362 0.055186732887643405 0 0.004955175253868648
0.6519161954544638 0.20211584887618414 0 0.0048528900520909395
0.2812053485743133 0.9568418192450417 0 0.001790095650711616
0.8068989121885028 0.26470830591392863 0 0.003097472674972702
0.9451664372885326 0.5460268590430287 0 0.004880208886505764
0.6940019233570945 0.9287069447610274 0 0.0011242354362218715
0.18732510697721325 0.48097253981528304 0 0.004996693486834756
0.37528432079399826 0.3871985176425556 0 0.004782918561822578
0.451298741026031 0.02806404026261388 0 0.0035867962317442333
0.2588982138414206 0.6811695865224257 0 0.0021745454889770563
0.6338287551351338 0.9804930680955561 0 0.0025578862984316597
0.41207897166404933 0.6753413103785949 0 0.002040947750897445
0.6408162998826021 0.7579195940430917 0 0.003329810106796171
0.16028474992373218 0.998544621939484 0 0.002621759302393084
0.9962961664230275 0.7295792146111441 0 0.0029837126825516935
0.4893131706042733 0.986923602706304 0 0.004959477108008935
0.011498918139082763 0.9947455539967628 0 0.003496095732862192
0.22485437353727886 0.2550622847724457 0 0.002801800437334387
0.1873418158802341 0.9813605893317869 0 0.004656554587603708
0.41363843576053966 0.7149666570750687 0 0.001545640437145631
0.9550731149049778 0.4908598439068285 0 0.0028794182524609297
0.4218528365947269 0.5093502933255403 0 0.0017830444670392527
0.6390024916065158 0.4690736222732503 0 0.0027971040181177455
0.1534268164145319 0.9383152089951947 0 0.004817517412487053
0.10169803333372028 0.27283204431256963 0 0.0034775354192589174
0.9799034260596118 0.5066459378529129 0 0.004996651298199211
0.49430998587807623 0.05779400581426118 0 0.004902854531736976
0.8899404650926666 0.9803217855441384 0 0.004976000687327812
0.8713142053460206 0.02774728701299111 0 0.004989381075248717
0.2198022894429202 0.3918073940929026 0 0.004607454700805431
0.18973546970054042 0.06503545290092248 0 0.0034256400562908385
0.7444727476841383 0.9324173723059784 0 0.004737382330099134
0.803138819822945 0.40153952968429424 0 0.004170982422516234
0.9351964694249074 0.41196972576451346 0 0.004087412841081419
0.7363644573397651 0.4000662417504955 0 0.00454845524089799
0.559938146181593 0.4689351583705072 0 0.004585519279390974
0.9040792317166427 0.3015801052952137 0 0.0039246003459687175
0.190320927033064 0.1437580569204999 0 0.0048932375135965584
0.14972632139240313 0.44055020411089035 0 0.004995596760660849
0.08206012610196321 0.3686652982424518 0 0.0011000831251151224
0.82300745411594 0.4976369045560139 0 0.0013950789397540314
0.3577033611318369 0.7016831580446719 0 0.003940624225039662
0.4061065938971991 0.6678245905576733 0 0.004578361350584807
0.4877277379876857 0.43065012471529923 0 0.0011313072178681849
0.08187001226571831 0.7432775617792201 0 0.0021211045841556127
0.521597010589174 0.11403874826980041 0 0.004597481913606475
0.011740815936723041 0.6208098673237782 0 0.004787621308046937
0.681062518588008 0.7472906614386543 0 0.004949040848576578
0.9340327910650128 0.3773149434152588 0 0.0032773545180894183
0.48530945031781153 0.13160514780666097 0 0.0029660923536680216
0.011352194405942366 0.4857723586738217 0 0.004483157192929083
0.8766010101647203 0.8124229495384753 0 0.0033797965939977403
0.16256259620399058 0.8997593086273543 0 0.004530044423854589
0.6771032173011137 0.027513638542171252 0 0.0046937980338566075
0.49800718108297154 0.7218845221808763 0 0.004894139326765082
0.05297852990334605 0.5021071187712871 0 0.003269636297364893
0.5664720981645572 0.4641888177717734 0 0.0012093981269666958
0.034822677852232906 0.22954613722400338 0 0.00460899199825509
0.7600620735109137 0.26252794258761897 0 0.004594034223150222
0.8030884329442998 0.4830236007883388 0 0.003493398001620411
0.406469289331772 0.5392890867757346 0 0.0042020420322687515
0.9704387455094652 0.7846815310687038 0 0.004989496095221449
0.3178685451443907 0.991147670994988 0 0.0047127469156633805
0.12235046404297222 0.8230370885403553 0 0.004438192214086725
0.4829751133985514 0.5820338982567317 0 0.004856512541712205
0.16464910130343455 0.2726174094382701 0 0.003096266765809952
0.5032594623272015 0.5481387525900732 0 0.00434956976670705
0.9702466279841503 0.41444812699810013 0 0.004399491257584174
0.8555615918890337 0.6933384462426557 0 0.002522305789499493
0.3997558309393628 0.9159157135065844 0 0.003713792335728211
0.5809838373809714 0.6053468242314449 0 0.004999754571711461
0.8565343636268855 0.009646522708194764 0 0.0033983980082838657
0.15270032622681504 0.34425754684802995 0 0.0019498111076600292
0.40907421087858037 0.4741555338675861 0 0.003252453202721983
0.28489877783055734 0.12874702369827848 0 0.0045022779247485874
0.9269455353802498 0.1102123654466338 0 0.004147490446204253
0.5870451297870037 0.29094624469567926 0 0.0022343398564952073
0.1253513117917858 0.6142606399025473 0 0.0039457893312998095
0.917707237471044 0.7597684328400437 0 0.003948475378152051
0.28462270693172603 0.4684631485208451 0 0.002067047103190313
0.48221009537193865 0.27586278463206687 0 0.004450133925207464
0.7837800185068601 0.6036597842757749 0 0.004881053897972776
0.22859180295769907 0.9205830715846309 0 0.0032672326441684696
0.8723123368890148 0.9954216395995592 0 0.003843024390171696
0.3291338042023942 0.23999700491358886 0 0.004897572360643673
0.27145062217183097 0.453976504436342 0 0.00445169517162469
0.046670795817272834 0.918594244313286 0 0.00443669499340443
0.004114942623176238 0.044392439276327286 0 0.003529279667140156
0.1473848294238119 0.3182823425670703 0 0.0010828011306528182
0.7243834593581033 0.24930619322702738 0 0.003523882802072201
0.9062325736587038 0.8416891780218336 0 0.004970199659460978
0.08241040334397252 0.34452613284015515 0 0.004253859394219402
0.11646004177386825 0.9168358654716525 0 0.0020734249775109835
0.6757799117930863 0.5679015975869903 0 0.004777629999920896
0.9124059438385355 0.5877599202206476 0 0.00479950968587644
0.9141268192829363 0.46357397523166693 0 0.003396283436568748
0.47211449218537554 0.6313834593521206 0 0.004433517395411672
0.6396073542753185 0.3654654792352631 0 0.004664968487266528
0.6815772520876763 0.29666350986713746 0 0.004948974585994614
0.16396602770032795 0.7367848631359251 0 0.002177413227287816
0.12174946835918653 0.8370220498775944 0 0.004462814116610656
0.16237153872957819 0.22350345310393946 0 0.003924378066676985
0.17995365198264077 0.5024689879594305 0 0.0043509284148846635
0.318096467927981 0.43712434767722325 0 0.004514975521821654
0.5297372653630197 0.2599709494822727 0 0.004725245688675618
0.7085618945584652 0.6290999462973552 0 0.0007325441562045093
0.8407683036751452 0.09223804011390056 0 0.004990457259283797
0.878700111891702 0.33053052412789435 0 0.003758121508623867
0.09059447640144867 0.14664803043731198 0 0.004804849520967244
0.5926349489300969 0.25774568504915324 0 0.0014869078161222477
0.8776048198127158 0.4932397561371877 0 0.0034149577587950244
0.7059140307235984 0.04883811110818591 0 0.004083508285746351
0.8400322365813012 0.04428127606226427 0 0.003859805404306833
0.2988293155915836 0.6428617353275421 0 0.004912608593568054
0.33727199286867765 0.8789918555552114 0 0.004019112309768987
0.9735163563787946 0.6602265863657116 0 0.004782177390259944
0.3050933233962088 0.02231029828912833 0 0.003031857958170594
0.04503981597155836 0.5738632293763399 0 0.0038606092713786926
0.7755509985353521 0.21592071861736292 0 0.003893185964413756
0.4976470725252747 0.18811494740230225 0 0.001673915838193416
0.6307459049038725 0.532302390621003 0 0.003989522828339012
0.1164668000119332 0.9655953954924993 0 0.004979148814612089
0.7623371527300287 0.6842826246127444 0 0.0045189419259485724
0.8526848918477886 0.06639888662424485 0 0.0022460320719018658
0.7135433303702825 0.21713734048308161 0 0.003773225757198112
0.6058251666885274 0.9403886660823149 0 0.004952521537304727
0.10557006526363032 0.7388918861782564 0 0.0028692394580699344
0.40453488700138557 0.7077037465578017 0 0.004990216453335842
0.5992022134221759 0.18086174091747495 0 0.0018607818685480908
0.35197714870193014 0.5056520914667807 0 0.00438389075088422
0.35379285739901584 0.7262215336587374 0 0.002613667368077241
0.5346226513483487 0.5918326038838617 0 0.004677488825026004
0.7196206981203579 0.47041967230501897 0 0.0049618562353303764
0.6034555749667592 0.45844230696758054 0 0.004278532306386904
0.6758333361327001 0.17318986103152198 0 0.004237611208373203
0.5454420983017658 0.69068706136948 0 0.004749639589339326
0.5756351606573992 0.880192859951575 0 0.004991139355630199
0.6738454469103289 0.12938419843579949 0 0.002172413550200637
0.77637554015598 0.4838477883428684 0 0.004988720531166127
0.19425558131714735 0.30539831721912974 0 0.003914344711721672
0.7838623306294907 0.47307714955612395 0 0.0033528037403945834
0.34542371089225216 0.4211311113782403 0 0.0013295941970230215
