0.052 0.914 0.141 0.05
0.053 0.629 0.128 0.05
0.055 0.603 0.278 0.05
0.06 0.447 0.091 0.05
0.062 0.55 0.658 0.05
0.065 0.93 0.787 0.05
0.08 0.186 0.187 0.05
0.081 0.07 0.775 0.05
0.082 0.908 0.386 0.05
0.085 0.25 0.414 0.05
0.092 0.335 0.761 0.05
0.098 0.792 0.682 0.05
0.117 0.568 0.475 0.05
0.119 0.115 0.272 0.05
0.12 0.821 0.199 0.05
0.121 0.501 0.569 0.05
0.132 0.817 0.842 0.05
0.142 0.675 0.325 0.05
0.146 0.346 0.362 0.05
0.152 0.263 0.499 0.05
0.153 0.78 0.292 0.05
0.154 0.072 0.693 0.05
0.154 0.703 0.463 0.05
0.161 0.433 0.058 0.05
0.171 0.084 0.843 0.05
0.179 0.934 0.067 0.05
0.18 0.626 0.638 0.05
0.182 0.901 0.582 0.05
0.183 0.275 0.241 0.05
0.184 0.901 0.315 0.05
0.219 0.258 0.898 0.05
0.22 0.161 0.338 0.05
0.222 0.691 0.753 0.05
0.228 0.416 0.725 0.05
0.234 0.628 0.835 0.05
0.235 0.11 0.108 0.05
0.239 0.296 0.666 0.05
0.239 0.484 0.646 0.05
0.242 0.927 0.919 0.05
0.243 0.702 0.058 0.05
0.247 0.733 0.25 0.05
0.252 0.734 0.447 0.05
0.257 0.876 0.706 0.05
0.258 0.775 0.885 0.05
0.264 0.573 0.25 0.05
0.265 0.115 0.236 0.05
0.266 0.099 0.455 0.05
0.266 0.5 0.534 0.05
0.269 0.564 0.052 0.05
0.28 0.086 0.882 0.05
0.284 0.65 0.568 0.05
0.29 0.2 0.445 0.05
0.298 0.338 0.569 0.05
0.299 0.558 0.392 0.05
0.301 0.412 0.926 0.05
0.318 0.291 0.288 0.05
0.32 0.883 0.862 0.05
0.33 0.051 0.146 0.05
0.338 0.249 0.171 0.05
0.34 0.846 0.206 0.05
0.347 0.519 0.826 0.05
0.354 0.28 0.859 0.05
0.357 0.8 0.754 0.05
0.358 0.777 0.493 0.05
0.369 0.115 0.379 0.05
0.375 0.074 0.646 0.05
0.375 0.69 0.783 0.05
0.376 0.317 0.473 0.05
0.378 0.668 0.121 0.05
0.384 0.156 0.918 0.05
0.385 0.898 0.783 0.05
0.39 0.194 0.577 0.05
0.39 0.229 0.406 0.05
0.396 0.081 0.5 0.05
0.404 0.479 0.514 0.05
0.414 0.203 0.693 0.05
0.414 0.625 0.363 0.05
0.414 0.771 0.162 0.05
0.414 0.775 0.926 0.05
0.417 0.434 0.854 0.05
0.417 0.776 0.591 0.05
0.418 0.943 0.098 0.05
0.421 0.523 0.744 0.05
0.424 0.385 0.688 0.05
0.425 0.777 0.37 0.05
0.442 0.642 0.666 0.05
0.448 0.61 0.526 0.05
0.448 0.612 0.057 0.05
0.456 0.722 0.286 0.05
0.468 0.461 0.093 0.05
0.479 0.637 0.924 0.05
0.481 0.521 0.329 0.05
0.493 0.287 0.511 0.05
0.497 0.698 0.759 0.05
0.498 0.177 0.342 0.05
0.498 0.797 0.836 0.05
0.5 0.347 0.13 0.05
0.502 0.35 0.325 0.05
0.513 0.734 0.475 0.05
0.517 0.872 0.488 0.05
0.519 0.933 0.208 0.05
0.523 0.375 0.464 0.05
0.533 0.946 0.584 0.05
0.536 0.507 0.833 0.05
0.537 0.842 0.054 0.05
0.545 0.343 0.864 0.05
0.547 0.477 0.178 0.05
0.553 0.895 0.785 0.05
0.554 0.928 0.408 0.05
0.572 0.808 0.388 0.05
0.581 0.208 0.568 0.05
0.587 0.807 0.215 0.05
0.594 0.59 0.435 0.05
0.611 0.204 0.264 0.05
0.611 0.294 0.653 0.05
0.6265 0.593 0.579 0.05
0.621 0.689 0.836 0.05
0.622 0.064 0.367 0.05
0.63 0.173 0.447 0.05
0.636 0.758 0.752 0.05
0.639 0.64 0.333 0.05
0.643 0.582 0.68 0.05
0.644 0.307 0.531 0.05
0.644 0.742 0.114 0.05
0.645 0.554 0.131 0.05
0.658 0.226 0.146 0.05
0.661 0.456 0.374 0.05
0.667 0.111 0.899 0.05
0.668 0.879 0.408 0.05
0.671 0.14 0.701 0.05
0.672 0.725 0.638 0.05
0.696 0.911 0.095 0.05
0.7 0.352 0.238 0.05
0.702 0.878 0.936 0.05
0.705 0.251 0.285 0.05
0.707 0.287 0.073 0.05
0.708 0.726 0.349 0.05
0.711 0.639 0.499 0.05
0.713 0.248 0.911 0.05
0.718 0.345 0.669 0.05
0.727 0.409 0.931 0.05
0.727 0.651 0.248 0.05
0.734 0.475 0.728 0.05
0.755 0.788 0.076 0.05
0.771 0.462 0.437 0.05
0.792 0.851 0.347 0.05
0.794 0.283 0.46 0.05
0.795 0.137 0.356 0.05
0.798 0.305 0.861 0.05
0.799 0.934 0.496 0.05
0.808 0.452 0.3 0.05
0.815 0.689 0.052 0.05
0.817 0.449 0.873 0.05
0.822 0.815 0.815 0.05
0.826 0.925 0.077 0.05
0.83 0.429 0.623 0.05
0.837 0.468 0.112 0.05
0.839 0.553 0.483 0.05
0.84 0.296 0.294 0.05
0.841 0.068 0.115 0.05
0.851 0.643 0.919 0.05
0.858 0.805 0.462 0.05
0.863 0.802 0.923 0.05
0.872 0.103 0.721 0.05
0.872 0.937 0.693 0.05
0.877 0.332 0.197 0.05
0.878 0.655 0.815 0.05
0.885 0.628 0.168 0.05
0.889 0.675 0.464 0.05
0.892 0.098 0.291 0.05
0.895 0.548 0.669 0.05
0.896 0.237 0.093 0.05
0.899 0.201 0.939 0.05
0.908 0.078 0.56 0.05
0.915 0.464 0.731 0.05
0.928 0.331 0.682 0.05
0.932 0.411 0.499 0.05
0.932 0.483 0.198 0.05
0.932 0.486 0.346 0.05
