0.051 0.641 0.087 0.05
0.052 0.199 0.078 0.05
0.054 0.269 0.446 0.05
0.054 0.792 0.132 0.05
0.054 0.915 0.655 0.05
0.055 0.439 0.387 0.05
0.056 0.312 0.142 0.05
0.056 0.423 0.688 0.05
0.057 0.596 0.924 0.05
0.057 0.807 0.558 0.05
0.059 0.772 0.341 0.05
0.059 0.801 0.811 0.05
0.06 0.739 0.639 0.05
0.061 0.213 0.181 0.05
0.108 0.738 0.8825 0.05
0.062 0.494 0.883 0.05
0.064 0.253 0.795 0.05
0.065 0.376 0.251 0.05
0.065 0.604 0.353 0.05
0.066 0.238 0.601 0.05
0.066 0.403 0.062 0.05
0.067 0.568 0.466 0.05
0.067 0.661 0.818 0.05
0.069 0.088 0.504 0.05
0.073 0.244 0.344 0.05
0.073 0.5 0.763 0.05
0.076 0.732 0.445 0.05
0.084 0.883 0.472 0.05
0.085 0.948 0.924 0.05
0.087 0.051 0.797 0.05
0.091 0.098 0.109 0.05
0.091 0.289 0.938 0.05
0.092 0.529 0.595 0.05
0.093 0.18 0.916 0.05
0.097 0.09 0.217 0.05
0.097 0.348 0.754 0.05
0.099 0.086 0.38 0.05
0.099 0.34 0.618 0.05
0.099 0.923 0.282 0.05
0.1 0.429 0.546 0.05
0.104 0.591 0.718 0.05
0.106 0.495 0.254 0.05
0.109 0.911 0.824 0.05
0.11 0.125 0.716 0.05
0.111 0.629 0.179 0.05
0.114 0.644 0.627 0.05
0.116 0.519 0.096 0.05
0.118 0.834 0.922 0.05
0.12 0.067 0.596 0.05
0.124 0.759 0.241 0.05
0.127 0.93 0.559 0.05
0.129 0.76 0.06 0.05
0.136 0.326 0.483 0.05
0.139 0.39 0.846 0.05
0.147 0.915 0.07 0.05
0.1505 0.8995 0.375 0.05
0.15 0.056 0.927 0.05
0.151 0.224 0.443 0.05
0.151 0.833 0.145 0.05
0.152 0.72 0.373 0.05
0.152 0.767 0.735 0.05
0.154 0.31 0.199 0.05
0.156 0.433 0.184 0.05
0.158 0.383 0.32 0.05
0.159 0.196 0.243 0.05
0.168 0.667 0.502 0.05
0.171 0.165 0.35 0.05
0.172 0.28 0.305 0.05
0.173 0.471 0.382 0.05
0.182 0.204 0.744 0.05
0.182 0.507 0.759 0.05
0.182 0.926 0.221 0.05
0.187 0.375 0.681 0.05
0.187 0.819 0.62 0.05
0.191 0.397 0.055 0.05
0.191 0.597 0.921 0.05
0.192 0.857 0.788 0.05
0.194 0.154 0.562 0.05
0.196 0.64 0.694 0.05
0.201 0.196 0.905 0.05
0.201 0.937 0.871 0.05
0.204 0.178 0.138 0.05
0.205 0.327 0.933 0.05
0.206 0.564 0.55 0.05
0.212 0.266 0.577 0.05
0.217 0.061 0.243 0.05
0.217 0.101 0.761 0.05
0.218 0.45 0.941 0.05
0.223 0.751 0.457 0.05
0.224 0.572 0.211 0.05
0.226 0.906 0.697 0.05
0.228 0.279 0.059 0.05
0.229 0.5 0.658 0.05
0.231 0.794 0.222 0.05
0.232 0.069 0.125 0.05
0.232 0.68 0.785 0.05
0.233 0.635 0.313 0.05
0.234 0.783 0.351 0.05
0.235 0.653 0.423 0.05
0.235 0.691 0.203 0.05
0.237 0.601 0.059 0.05
0.24 0.864 0.056 0.05
0.242 0.356 0.518 0.05
0.244 0.945 0.454 0.05
0.249 0.076 0.344 0.05
0.257 0.365 0.82 0.05
0.26 0.53 0.864 0.05
0.261 0.191 0.451 0.05
0.262 0.412 0.133 0.05
0.262 0.425 0.278 0.05
0.263 0.316 0.236 0.05
0.274 0.194 0.624 0.05
0.275 0.507 0.474 0.05
0.276 0.185 0.325 0.05
0.277 0.658 0.932 0.05
0.279 0.053 0.458 0.05
0.279 0.731 0.07 0.05
0.283 0.749 0.871 0.05
0.284 0.784 0.768 0.05
0.285 0.057 0.874 0.05
0.287 0.641 0.618 0.05
0.293 0.535 0.277 0.05
0.294 0.944 0.242 0.05
0.295 0.439 0.577 0.05
0.295 0.818 0.568 0.05
0.299 0.934 0.116 0.05
0.3 0.208 0.75 0.05
0.301 0.175 0.085 0.05
0.311 0.412 0.421 0.05
0.314 0.252 0.9 0.05
0.3485 0.535 0.4165 0.05
0.318 0.435 0.696 0.05
0.3535 0.1115 0.667 0.05
0.321 0.503 0.061 0.05
0.322 0.291 0.418 0.05
0.322 0.943 0.877 0.05
0.323 0.848 0.404 0.05
0.326 0.81 0.156 0.05
0.328 0.61 0.142 0.05
0.33 0.1 0.54 0.05
0.3475 0.5375 0.755 0.05
0.335 0.912 0.52 0.05
0.342 0.754 0.66 0.05
0.343 0.821 0.916 0.05
0.346 0.585 0.884 0.05
0.348 0.475 0.202 0.05
0.349 0.344 0.77 0.05
0.353 0.069 0.1435 0.05
0.353 0.915 0.707 0.05
0.355 0.728 0.302 0.05
0.356 0.661 0.052 0.05
0.357 0.336 0.667 0.05
0.36 0.369 0.939 0.05
0.363 0.072 0.75 0.05
0.366 0.183 0.263 0.05
0.368 0.288 0.234 0.05
0.37 0.389 0.122 0.05
0.379 0.745 0.808 0.05
0.379 0.933 0.389 0.05
0.387 0.635 0.447 0.05
0.393 0.756 0.474 0.05
0.395 0.298 0.059 0.05
0.395 0.872 0.271 0.05
0.397 0.584 0.286 0.05
0.4 0.062 0.851 0.05
0.4 0.236 0.774 0.05
0.4425 0.385 0.2585 0.05
0.405 0.712 0.174 0.05
0.41 0.452 0.646 0.05
0.412 0.362 0.555 0.05
0.412 0.929 0.143 0.05
0.414 0.199 0.389 0.05
0.414 0.255 0.581 0.05
0.42 0.139 0.118 0.05
0.421 0.284 0.865 0.05
0.422 0.057 0.59 0.05
0.4285 0.602 0.5895 0.05
0.43 0.665 0.908 0.05
0.433 0.499 0.09 0.05
0.435 0.793 0.062 0.05
0.437 0.868 0.637 0.05
0.437 0.903 0.474 0.05
0.439 0.82 0.845 0.05
0.44 0.413 0.436 0.05
0.441 0.168 0.905 0.05
0.442 0.13 0.463 0.05
0.443 0.811 0.37 0.05
0.445 0.5 0.816 0.05
0.449 0.313 0.356 0.05
0.45 0.098 0.29 0.05
0.455 0.911 0.89 0.05
0.456 0.447 0.911 0.05
0.466 0.887 0.756 0.05
0.469 0.635 0.122 0.05
0.47 0.36 0.811 0.05
0.47 0.782 0.744 0.05
0.471 0.284 0.46 0.05
0.472 0.253 0.142 0.05
0.476 0.758 0.573 0.05
0.479 0.948 0.242 0.05
0.48 0.366 0.099 0.05
0.481 0.721 0.432 0.05
0.482 0.508 0.568 0.05
0.482 0.513 0.271 0.05
0.482 0.762 0.918 0.05
0.485 0.192 0.669 0.05
0.485 0.235 0.268 0.05
0.488 0.515 0.391 0.05
0.489 0.566 0.897 0.05
0.492 0.85 0.173 0.05
0.494 0.582 0.746 0.05
0.495 0.919 0.373 0.05
0.502 0.48 0.175 0.05
0.503 0.626 0.236 0.05
0.505 0.795 0.268 0.05
0.509 0.063 0.862 0.05
0.514 0.268 0.739 0.05
0.522 0.265 0.945 0.05
0.523 0.21 0.519 0.05
0.529 0.718 0.676 0.05
0.531 0.448 0.059 0.05
0.531 0.497 0.684 0.05
0.533 0.109 0.077 0.05
0.533 0.569 0.06 0.05
0.533 0.657 0.494 0.05
0.537 0.315 0.57 0.05
0.542 0.443 0.78 0.05
0.543 0.347 0.315 0.05
0.544 0.594 0.639 0.05
0.544 0.905 0.539 0.05
0.545 0.186 0.371 0.05
0.547 0.427 0.538 0.05
0.549 0.942 0.642 0.05
0.55 0.736 0.801 0.05
0.552 0.79 0.492 0.05
0.556 0.176 0.207 0.05
0.558 0.943 0.075 0.05
0.561 0.619 0.371 0.05
0.564 0.402 0.148 0.05
0.566 0.067 0.614 0.05
0.566 0.704 0.181 0.05
0.567 0.096 0.756 0.05
0.57 0.431 0.393 0.05
0.571 0.792 0.369 0.05
0.573 0.194 0.815 0.05
0.578 0.311 0.474 0.05
0.58 0.926 0.74 0.05
0.584 0.529 0.503 0.05
0.585 0.368 0.675 0.05
0.588 0.2 0.701 0.05
0.592 0.374 0.862 0.05
0.592 0.892 0.408 0.05
0.595 0.642 0.891 0.05
0.596 0.844 0.178 0.05
0.598 0.847 0.817 0.05
0.6395 0.1315 0.4685 0.05
0.602 0.867 0.939 0.05
0.611 0.767 0.107 0.05
0.611 0.935 0.243 0.05
0.613 0.094 0.29 0.05
0.618 0.451 0.235 0.05
0.619 0.093 0.941 0.05
0.619 0.502 0.334 0.05
0.621 0.781 0.623 0.05
0.623 0.581 0.792 0.05
0.631 0.262 0.053 0.05
0.632 0.703 0.553 0.05
0.637 0.838 0.3 0.05
0.637 0.943 0.58 0.05
0.6545 0.1035 0.147 0.05
0.639 0.242 0.896 0.05
0.642 0.494 0.892 0.05
0.644 0.618 0.462 0.05
0.707 0.7126666666666667 0.22133333333333335 0.05
0.651 0.808 0.733 0.05
0.652 0.231 0.554 0.05
0.658 0.667 0.653 0.05
0.661 0.609 0.345 0.05
0.662 0.121 0.669 0.05
0.662 0.237 0.185 0.05
0.662 0.596 0.22 0.05
0.668 0.849 0.477 0.05
0.67 0.427 0.634 0.05
0.67 0.919 0.116 0.05
0.672 0.576 0.589 0.05
0.675 0.629 0.055 0.05
0.676 0.341 0.266 0.05
0.677 0.912 0.706 0.05
0.678 0.469 0.11 0.05
0.68 0.528 0.725 0.05
0.681 0.149 0.825 0.05
0.682 0.222 0.336 0.05
0.682 0.35 0.486 0.05
0.682 0.771 0.879 0.05
0.683 0.339 0.91 0.05
0.687 0.362 0.091 0.05
0.688 0.512 0.457 0.05
0.691 0.607 0.945 0.05
0.705 0.081 0.382 0.05
0.705 0.358 0.373 0.05
0.709 0.747 0.37 0.05
0.712 0.943 0.461 0.05
0.713 0.437 0.821 0.05
0.716 0.067 0.588 0.05
0.717 0.428 0.205 0.05
0.718 0.917 0.33 0.05
0.725 0.327 0.705 0.05
0.728 0.774 0.095 0.05
0.74 0.689 0.817 0.05
0.742 0.903 0.93 0.05
0.743 0.754 0.529 0.05
0.7645 0.912 0.186 0.05
0.746 0.097 0.051 0.05
0.748 0.765 0.664 0.05
0.749 0.607 0.674 0.05
0.751 0.945 0.589 0.05
0.759 0.869 0.659 0.05
0.764 0.188 0.166 0.05
0.764 0.401 0.295 0.05
0.764 0.578 0.512 0.05
0.771 0.517 0.355 0.05
0.771 0.68 0.597 0.05
0.771 0.807 0.313 0.05
0.772 0.68 0.437 0.05
0.773 0.165 0.283 0.05
0.773 0.429 0.603 0.05
0.773 0.487 0.707 0.05
0.775 0.948 0.807 0.05
0.778 0.272 0.384 0.05
0.778 0.331 0.86 0.05
0.778 0.563 0.242 0.05
0.78 0.105 0.685 0.05
0.78 0.813 0.417 0.05
0.785 0.262 0.234 0.05
0.789 0.289 0.055 0.05
0.789 0.818 0.797 0.05
0.79 0.059 0.148 0.05
0.792 0.261 0.49 0.05
0.793 0.12 0.884 0.05
0.795 0.3 0.595 0.05
0.798 0.542 0.854 0.05
0.799 0.706 0.293 0.05
0.805 0.237 0.697 0.05
0.808 0.503 0.091 0.05
0.812 0.79 0.944 0.05
0.813 0.894 0.519 0.05
0.815 0.062 0.27 0.05
0.815 0.434 0.17 0.05
0.815 0.482 0.505 0.05
0.815 0.634 0.08 0.05
0.82 0.43 0.873 0.05
0.82 0.646 0.941 0.05
0.828 0.241 0.915 0.05
0.83 0.778 0.149 0.05
0.832 0.408 0.747 0.05
0.836 0.926 0.411 0.05
0.839 0.552 0.428 0.05
0.84 0.126 0.447 0.05
0.841 0.35 0.517 0.05
0.843 0.436 0.361 0.05
0.8695 0.575 0.7625 0.05
0.85 0.652 0.37 0.05
0.854 0.117 0.092 0.05
0.855 0.222 0.119 0.05
0.855 0.7 0.838 0.05
0.856 0.537 0.946 0.05
0.858 0.061 0.559 0.05
0.858 0.892 0.055 0.05
0.858 0.9 0.768 0.05
0.861 0.75 0.568 0.05
0.864 0.2 0.587 0.05
0.864 0.308 0.749 0.05
0.864 0.575 0.187 0.05
0.869 0.082 0.793 0.05
0.878 0.109 0.352 0.05
0.88 0.939 0.91 0.05
0.883 0.506 0.587 0.05
0.888 0.795 0.684 0.05
0.892 0.636 0.5 0.05
0.894 0.175 0.87 0.05
0.899 0.253 0.374 0.05
0.9 0.742 0.063 0.05
0.9 0.796 0.817 0.05
0.901 0.9 0.617 0.05
0.901 0.921 0.239 0.05
0.902 0.078 0.2 0.05
0.907 0.432 0.444 0.05
0.909 0.84 0.304 0.05
0.926 0.1215 0.672 0.05
0.91 0.289 0.258 0.05
0.91 0.401 0.621 0.05
0.918 0.482 0.063 0.05
0.92 0.379 0.178 0.05
0.92 0.543 0.341 0.05
0.921 0.31 0.854 0.05
0.922 0.597 0.096 0.05
0.923 0.78 0.919 0.05
0.923 0.824 0.128 0.05
0.925 0.73 0.218 0.05
0.927 0.416 0.944 0.05
0.928 0.83 0.496 0.05
0.929 0.258 0.948 0.05
0.929 0.73 0.384 0.05
0.931 0.188 0.212 0.05
0.931 0.66 0.304 0.05
0.932 0.279 0.072 0.05
0.932 0.279 0.518 0.05
0.934 0.49 0.217 0.05
0.936 0.664 0.908 0.05
0.936 0.697 0.773 0.05
0.937 0.42 0.777 0.05
0.938 0.649 0.635 0.05
0.939 0.283 0.623 0.05
0.939 0.543 0.486 0.05
0.941 0.365 0.369 0.05
0.947 0.097 0.472 0.05
0.948 0.945 0.369 0.05
