0.057 0.618 0.187 0.05
0.059 0.721 0.226 0.05
0.069 0.313 0.558 0.05
0.07 0.15 0.678 0.05
0.081 0.54 0.708 0.05
0.084 0.911 0.377 0.05
0.099 0.459 0.145 0.05
0.099 0.466 0.39 0.05
0.102 0.058 0.115 0.05
0.103 0.642 0.658 0.05
0.106 0.186 0.105 0.05
0.107 0.133 0.41 0.05
0.109 0.75 0.94 0.05
0.116 0.841 0.585 0.05
0.127 0.544 0.49 0.05
0.128 0.642 0.072 0.05
0.129 0.495 0.907 0.05
0.133 0.417 0.594 0.05
0.135 0.278 0.879 0.05
0.135 0.703 0.358 0.05
0.143 0.327 0.736 0.05
0.149 0.136 0.799 0.05
0.159 0.595 0.215 0.05
0.162 0.114 0.273 0.05
0.176 0.255 0.602 0.05
0.177 0.137 0.505 0.05
0.179 0.308 0.133 0.05
0.18 0.462 0.738 0.05
0.185 0.935 0.133 0.05
0.196 0.804 0.064 0.05
0.2 0.913 0.605 0.05
0.208 0.227 0.742 0.05
0.216 0.77 0.328 0.05
0.217 0.488 0.63 0.05
0.22 0.931 0.902 0.05
0.234 0.766 0.53 0.05
0.235 0.715 0.179 0.05
0.24 0.162 0.157 0.05
0.275 0.209 0.624 0.05
0.286 0.576 0.144 0.05
0.291 0.176 0.065 0.05
0.296 0.432 0.739 0.05
0.297 0.866 0.41 0.05
0.3 0.287 0.126 0.05
0.31 0.517 0.383 0.05
0.311 0.095 0.211 0.05
0.324 0.74 0.924 0.05
0.327 0.364 0.571 0.05
0.327 0.918 0.713 0.05
0.33 0.591 0.828 0.05
0.33 0.693 0.38 0.05
0.344 0.853 0.297 0.05
0.361 0.421 0.488 0.05
0.371 0.119 0.796 0.05
0.372 0.127 0.501 0.05
0.372 0.264 0.75 0.05
0.375 0.442 0.207 0.05
0.375 0.754 0.625 0.05
0.377 0.667 0.102 0.05
0.382 0.359 0.334 0.05
0.384 0.929 0.528 0.05
0.387 0.455 0.873 0.05
0.387 0.537 0.148 0.05
0.39 0.449 0.592 0.05
0.394 0.561 0.513 0.05
0.402 0.91 0.892 0.05
0.403 0.422 0.713 0.05
0.406 0.084 0.364 0.05
0.417 0.765 0.5 0.05
0.423 0.798 0.07 0.05
0.424 0.196 0.278 0.05
0.43 0.56 0.938 0.05
0.432 0.825 0.7 0.05
0.458 0.709 0.749 0.05
0.475 0.591 0.634 0.05
0.476 0.25 0.426 0.05
0.478 0.441 0.433 0.05
0.481 0.081 0.5 0.05
0.481 0.929 0.29 0.05
0.484 0.192 0.914 0.05
0.487 0.944 0.107 0.05
0.493 0.368 0.926 0.05
0.495 0.669 0.319 0.05
0.498 0.473 0.637 0.05
0.502 0.24 0.218 0.05
0.508 0.098 0.256 0.05
0.511 0.807 0.315 0.05
0.527 0.061 0.623 0.05
0.529 0.404 0.349 0.05
0.53 0.059 0.779 0.05
0.533 0.292 0.587 0.05
0.538 0.482 0.091 0.05
0.539 0.286 0.864 0.05
0.548 0.283 0.109 0.05
0.552 0.707 0.213 0.05
0.562 0.457 0.783 0.05
0.571 0.511 0.457 0.05
0.574 0.7 0.635 0.05
0.583 0.257 0.773 0.05
0.588 0.063 0.17 0.05
0.598 0.15 0.691 0.05
0.604 0.793 0.809 0.05
0.605 0.631 0.883 0.05
0.611 0.85 0.932 0.05
0.621 0.657 0.1 0.05
0.629 0.911 0.302 0.05
0.635 0.221 0.385 0.05
0.635 0.326 0.684 0.05
0.641 0.648 0.751 0.05
0.642 0.456 0.914 0.05
0.645 0.843 0.166 0.05
0.646 0.191 0.182 0.05
0.649 0.918 0.798 0.05
0.656 0.743 0.461 0.05
0.661 0.908 0.496 0.05
0.667 0.797 0.656 0.05
0.669 0.49 0.513 0.05
0.68 0.356 0.827 0.05
0.685 0.329 0.945 0.05
0.689 0.543 0.157 0.05
0.692 0.681 0.284 0.05
0.694 0.077 0.226 0.05
0.702 0.477 0.3 0.05
0.728 0.835 0.911 0.05
0.73 0.731 0.144 0.05
0.732 0.249 0.636 0.05
0.733 0.06 0.912 0.05
0.734 0.394 0.109 0.05
0.736 0.889 0.636 0.05
0.743 0.099 0.69 0.05
0.746 0.232 0.188 0.05
0.752 0.765 0.555 0.05
0.761 0.541 0.752 0.05
0.764 0.208 0.349 0.05
0.79 0.655 0.203 0.05
0.794 0.936 0.937 0.05
0.795 0.553 0.36 0.05
0.798 0.685 0.683 0.05
0.8 0.334 0.794 0.05
0.809 0.12 0.594 0.05
0.809 0.492 0.471 0.05
0.811 0.919 0.405 0.05
0.818 0.796 0.105 0.05
0.822 0.844 0.726 0.05
0.832 0.526 0.903 0.05
0.844 0.312 0.372 0.05
0.847 0.077 0.118 0.05
0.855 0.341 0.054 0.05
0.862 0.055 0.86 0.05
0.864 0.136 0.363 0.05
0.873 0.73 0.511 0.05
0.887 0.373 0.64 0.05
0.89 0.81 0.576 0.05
0.894 0.203 0.674 0.05
0.901 0.475 0.301 0.05
0.903 0.671 0.309 0.05
0.925 0.704 0.622 0.05
0.933 0.11 0.537 0.05
0.933 0.249 0.152 0.05
0.934 0.942 0.767 0.05
0.94 0.741 0.78 0.05
0.946 0.849 0.403 0.05
