0.057 0.679 0.061 0.05
0.057 0.788 0.358 0.05
0.058 0.322 0.147 0.05
0.059 0.851 0.064 0.05
0.066 0.736 0.72 0.05
0.066 0.805 0.534 0.05
0.07 0.498 0.728 0.05
0.071 0.413 0.6 0.05
0.073 0.292 0.578 0.05
0.076 0.587 0.29 0.05
0.08 0.427 0.346 0.05
0.084 0.229 0.07 0.05
0.091 0.102 0.535 0.05
0.093 0.475 0.902 0.05
0.101 0.1 0.711 0.05
0.102 0.133 0.437 0.05
0.123 0.289 0.79 0.05
0.123 0.579 0.193 0.05
0.13 0.718 0.836 0.05
0.143 0.192 0.653 0.05
0.144 0.944 0.857 0.05
0.148 0.942 0.63 0.05
0.149 0.581 0.431 0.05
0.151 0.145 0.174 0.05
0.156 0.558 0.052 0.05
0.166 0.088 0.072 0.05
0.168 0.452 0.135 0.05
0.169 0.822 0.229 0.05
0.174 0.827 0.928 0.05
0.175 0.629 0.867 0.05
0.185 0.46 0.624 0.05
0.194 0.484 0.522 0.05
0.196 0.591 0.675 0.05
0.201 0.138 0.735 0.05
0.224 0.193 0.096 0.05
0.225 0.334 0.672 0.05
0.239 0.836 0.662 0.05
0.24 0.295 0.941 0.05
0.242 0.186 0.244 0.05
0.246 0.299 0.566 0.05
0.248 0.793 0.549 0.05
0.248 0.871 0.826 0.05
0.251 0.301 0.272 0.05
0.252 0.745 0.438 0.05
0.257 0.931 0.275 0.05
0.258 0.098 0.512 0.05
0.263 0.115 0.322 0.05
0.27 0.313 0.4 0.05
0.274 0.159 0.634 0.05
0.278 0.925 0.435 0.05
0.283 0.576 0.929 0.05
0.287 0.916 0.944 0.05
0.289 0.824 0.375 0.05
0.29 0.399 0.13 0.05
0.292 0.461 0.909 0.05
0.293 0.604 0.734 0.05
0.299 0.063 0.835 0.05
0.307 0.49 0.732 0.05
0.31 0.684 0.938 0.05
0.31 0.694 0.811 0.05
0.3425 0.271 0.502 0.05
0.324 0.602 0.34 0.05
0.331 0.751 0.66 0.05
0.336 0.247 0.896 0.05
0.338 0.456 0.225 0.05
0.3775 0.81 0.3135 0.05
0.353 0.385 0.679 0.05
0.353 0.503 0.087 0.05
0.355 0.774 0.055 0.05
0.356 0.932 0.758 0.05
0.359 0.66 0.257 0.05
0.36 0.146 0.732 0.05
0.363 0.406 0.42 0.05
0.365 0.262 0.756 0.05
0.37 0.084 0.23 0.05
0.372 0.601 0.617 0.05
0.382 0.809 0.731 0.05
0.389 0.529 0.297 0.05
0.395 0.166 0.474 0.05
0.399 0.937 0.188 0.05
0.401 0.639 0.428 0.05
0.405 0.475 0.814 0.05
0.405 0.746 0.445 0.05
0.416 0.284 0.323 0.05
0.419 0.617 0.829 0.05
0.419 0.628 0.069 0.05
0.42 0.903 0.087 0.05
0.426 0.23 0.637 0.05
0.447 0.873 0.822 0.05
0.448 0.674 0.319 0.05
0.453 0.109 0.578 0.05
0.454 0.43 0.377 0.05
0.455 0.457 0.518 0.05
0.461 0.321 0.219 0.05
0.47 0.782 0.228 0.05
0.472 0.822 0.561 0.05
0.481 0.769 0.892 0.05
0.489 0.071 0.057 0.05
0.489 0.122 0.726 0.05
0.503 0.271 0.776 0.05
0.505 0.503 0.737 0.05
0.516 0.722 0.701 0.05
0.52 0.402 0.26 0.05
0.527 0.654 0.906 0.05
0.538 0.707 0.145 0.05
0.541 0.495 0.077 0.05
0.541 0.85 0.066 0.05
0.542 0.524 0.633 0.05
0.548 0.903 0.231 0.05
0.549 0.095 0.18 0.05
0.551 0.425 0.549 0.05
0.554 0.152 0.082 0.05
0.555 0.055 0.376 0.05
0.555 0.522 0.865 0.05
0.555 0.638 0.472 0.05
0.573 0.65 0.811 0.05
0.585 0.367 0.46 0.05
0.589 0.863 0.549 0.05
0.6 0.686 0.346 0.05
0.623 0.861 0.769 0.05
0.624 0.162 0.569 0.05
0.624 0.249 0.894 0.05
0.624 0.926 0.875 0.05
0.63 0.489 0.39 0.05
0.637 0.79 0.688 0.05
0.639 0.822 0.39 0.05
0.643 0.324 0.348 0.05
0.649 0.689 0.202 0.05
0.65 0.463 0.707 0.05
0.652 0.551 0.804 0.05
0.657 0.583 0.307 0.05
0.669 0.861 0.156 0.05
0.672 0.517 0.481 0.05
0.674 0.059 0.293 0.05
0.674 0.194 0.713 0.05
0.701 0.4625 0.2755 0.05
0.697 0.431 0.906 0.05
0.697 0.785 0.931 0.05
0.698 0.103 0.835 0.05
0.703 0.925 0.052 0.05
0.712 0.483 0.076 0.05
0.725 0.609 0.182 0.05
0.726 0.617 0.461 0.05
0.736 0.378 0.081 0.05
0.737 0.138 0.408 0.05
0.742 0.368 0.83 0.05
0.744 0.488 0.577 0.05
0.75 0.108 0.103 0.05
0.75 0.244 0.827 0.05
0.752 0.848 0.393 0.05
0.759 0.065 0.503 0.05
0.759 0.628 0.086 0.05
0.761 0.255 0.676 0.05
0.762 0.573 0.87 0.05
0.765 0.83 0.832 0.05
0.778 0.075 0.928 0.05
0.782 0.827 0.657 0.05
0.79 0.381 0.931 0.05
0.79 0.585 0.289 0.05
0.793 0.88 0.273 0.05
0.798 0.539 0.461 0.05
0.799 0.338 0.595 0.05
0.802 0.068 0.359 0.05
0.804 0.772 0.233 0.05
0.805 0.662 0.526 0.05
0.822 0.451 0.267 0.05
0.823 0.372 0.197 0.05
0.827 0.623 0.628 0.05
0.829 0.082 0.578 0.05
0.831 0.615 0.174 0.05
0.833 0.248 0.109 0.05
0.837 0.71 0.34 0.05
0.843 0.137 0.477 0.05
0.843 0.264 0.399 0.05
0.853 0.664 0.931 0.05
0.854 0.138 0.083 0.05
0.883 0.907 0.548 0.05
0.884 0.689 0.789 0.05
0.885 0.534 0.746 0.05
0.892 0.285 0.533 0.05
0.92 0.1985 0.793 0.05
0.899 0.53 0.423 0.05
0.906 0.314 0.235 0.05
0.911 0.811 0.162 0.05
0.919 0.34 0.437 0.05
0.927 0.124 0.359 0.05
0.927 0.835 0.86 0.05
0.93 0.656 0.613 0.05
0.933 0.219 0.145 0.05
0.934 0.791 0.369 0.05
0.934 0.81 0.666 0.05
0.937 0.432 0.615 0.05
0.942 0.698 0.239 0.05
0.946 0.112 0.615 0.05
