0.051 0.797 0.78 0.05
0.058 0.353 0.233 0.05
0.059 0.668 0.894 0.05
0.061 0.739 0.147 0.05
0.072 0.534 0.924 0.05
0.073 0.229 0.35 0.05
0.094 0.408 0.583 0.05
0.095 0.275 0.723 0.05
0.101 0.16 0.569 0.05
0.102 0.334 0.352 0.05
0.106 0.133 0.909 0.05
0.11 0.874 0.334 0.05
0.113 0.729 0.351 0.05
0.121 0.778 0.066 0.05
0.13 0.751 0.698 0.05
0.149 0.45 0.224 0.05
0.161 0.571 0.235 0.05
0.174 0.117 0.25 0.05
0.18 0.085 0.693 0.05
0.181 0.755 0.584 0.05
0.19 0.62 0.685 0.05
0.196 0.688 0.789 0.05
0.199 0.557 0.454 0.05
0.202 0.921 0.295 0.05
0.205 0.622 0.11 0.05
0.207 0.407 0.878 0.05
0.217 0.577 0.857 0.05
0.254 0.484 0.6715 0.05
0.225 0.13 0.462 0.05
0.233 0.727 0.309 0.05
0.265 0.212 0.559 0.05
0.274 0.353 0.068 0.05
0.293 0.639 0.794 0.05
0.354 0.133 0.1485 0.05
0.314 0.134 0.343 0.05
0.319 0.093 0.673 0.05
0.322 0.566 0.915 0.05
0.326 0.702 0.707 0.05
0.326 0.725 0.172 0.05
0.328 0.814 0.116 0.05
0.334 0.863 0.402 0.05
0.337 0.248 0.698 0.05
0.337 0.665 0.083 0.05
0.348 0.907 0.633 0.05
0.352 0.237 0.376 0.05
0.352 0.43 0.618 0.05
0.352 0.872 0.841 0.05
0.356 0.896 0.29 0.05
0.361 0.348 0.868 0.05
0.367 0.211 0.84 0.05
0.369 0.106 0.898 0.05
0.369 0.502 0.268 0.05
0.373 0.382 0.359 0.05
0.374 0.484 0.812 0.05
0.387 0.93 0.499 0.05
0.399 0.721 0.317 0.05
0.406 0.779 0.852 0.05
0.428 0.295 0.096 0.05
0.439 0.571 0.402 0.05
0.452 0.196 0.922 0.05
0.453 0.433 0.107 0.05
0.455 0.062 0.717 0.05
0.458 0.625 0.197 0.05
0.463 0.302 0.338 0.05
0.484 0.76 0.772 0.05
0.485 0.756 0.375 0.05
0.487 0.866 0.094 0.05
0.488 0.178 0.205 0.05
0.49 0.436 0.646 0.05
0.492 0.922 0.734 0.05
0.493 0.106 0.533 0.05
0.493 0.566 0.302 0.05
0.5 0.095 0.406 0.05
0.5 0.382 0.274 0.05
0.504 0.692 0.267 0.05
0.508 0.899 0.853 0.05
0.51 0.268 0.498 0.05
0.516 0.293 0.184 0.05
0.517 0.355 0.706 0.05
0.533 0.097 0.066 0.05
0.545 0.179 0.67 0.05
0.547 0.307 0.063 0.05
0.551 0.667 0.103 0.05
0.57 0.102 0.792 0.05
0.57 0.474 0.166 0.05
0.57 0.589 0.512 0.05
0.573 0.22 0.789 0.05
0.574 0.719 0.926 0.05
0.575 0.466 0.808 0.05
0.578 0.374 0.472 0.05
0.58 0.63 0.675 0.05
0.6 0.846 0.4 0.05
0.613 0.137 0.195 0.05
0.614 0.507 0.348 0.05
0.617 0.337 0.564 0.05
0.626 0.408 0.945 0.05
0.63 0.508 0.682 0.05
0.632 0.139 0.514 0.05
0.643 0.078 0.373 0.05
0.644 0.625 0.852 0.05
0.656 0.69 0.581 0.05
0.657 0.322 0.868 0.05
0.66 0.219 0.655 0.05
0.66 0.405 0.358 0.05
0.661 0.841 0.165 0.05
0.664 0.71 0.469 0.05
0.665 0.694 0.128 0.05
0.672 0.49 0.126 0.05
0.674 0.744 0.222 0.05
0.676 0.17 0.109 0.05
0.677 0.053 0.748 0.05
0.687 0.8 0.943 0.05
0.705 0.696 0.729 0.05
0.713 0.19 0.84 0.05
0.716 0.825 0.446 0.05
0.724 0.129 0.316 0.05
0.729 0.758 0.337 0.05
0.746 0.21 0.2 0.05
0.747 0.358 0.216 0.05
0.766 0.092 0.825 0.05
0.773 0.53 0.545 0.05
0.773 0.535 0.143 0.05
0.78 0.686 0.91 0.05
0.785 0.255 0.791 0.05
0.786 0.679 0.259 0.05
0.803 0.195 0.933 0.05
0.81 0.666 0.453 0.05
0.812 0.432 0.061 0.05
0.815 0.409 0.498 0.05
0.816 0.342 0.903 0.05
0.82 0.445 0.851 0.05
0.823 0.378 0.701 0.05
0.828 0.263 0.671 0.05
0.83 0.741 0.09 0.05
0.839 0.493 0.614 0.05
0.84 0.553 0.799 0.05
0.84 0.895 0.652 0.05
0.85 0.769 0.846 0.05
0.853 0.739 0.703 0.05
0.854 0.594 0.658 0.05
0.854 0.91 0.106 0.05
0.858 0.566 0.437 0.05
0.861 0.177 0.363 0.05
0.862 0.509 0.285 0.05
0.864 0.214 0.17 0.05
0.871 0.758 0.547 0.05
0.904 0.513 0.139 0.05
0.905 0.919 0.484 0.05
0.907 0.226 0.457 0.05
0.912 0.858 0.351 0.05
0.914 0.757 0.378 0.05
0.917 0.752 0.275 0.05
0.924 0.289 0.861 0.05
0.928 0.859 0.603 0.05
0.93 0.065 0.44 0.05
0.931 0.197 0.093 0.05
0.934 0.44 0.246 0.05
0.935 0.62 0.163 0.05
0.941 0.056 0.105 0.05
0.941 0.356 0.645 0.05
