0.051 0.082 0.213 0.05
0.051 0.198 0.78 0.05
0.051 0.935 0.437 0.05
0.1005 0.241 0.2575 0.05
0.052 0.454 0.659 0.05
0.052 0.496 0.272 0.05
0.052 0.633 0.377 0.05
0.054 0.3 0.562 0.05
0.055 0.106 0.933 0.05
0.056 0.273 0.372 0.05
0.056 0.919 0.927 0.05
0.057 0.747 0.18 0.05
0.058 0.589 0.499 0.05
0.06 0.611 0.068 0.05
0.061 0.27 0.678 0.05
0.061 0.36 0.277 0.05
0.061 0.414 0.507 0.05
0.061 0.752 0.692 0.05
0.063 0.252 0.927 0.05
0.064 0.186 0.606 0.05
0.065 0.33 0.163 0.05
0.069 0.715 0.437 0.05
0.071 0.758 0.057 0.05
0.072 0.109 0.702 0.05
0.073 0.06 0.058 0.05
0.077 0.11 0.402 0.05
0.077 0.236 0.472 0.05
0.077 0.872 0.328 0.05
0.085 0.573 0.8975 0.05
0.083 0.063 0.543 0.05
0.083 0.857 0.171 0.05
0.085 0.476 0.369 0.05
0.089 0.656 0.782 0.05
0.092 0.444 0.948 0.05
0.092 0.46 0.068 0.05
0.093 0.38 0.406 0.05
0.097 0.301 0.805 0.05
0.097 0.827 0.496 0.05
0.099 0.641 0.674 0.05
0.101 0.927 0.749 0.05
0.106 0.801 0.774 0.05
0.107 0.241 0.12 0.05
0.107 0.364 0.716 0.05
0.11 0.085 0.305 0.05
0.11 0.139 0.13 0.05
0.112 0.329 0.06 0.05
0.113 0.666 0.893 0.05
0.117 0.792 0.933 0.05
0.118 0.07 0.824 0.05
0.12 0.416 0.198 0.05
0.12 0.61 0.299 0.05
0.12 0.797 0.248 0.05
0.121 0.531 0.719 0.05
0.122 0.556 0.203 0.05
0.124 0.838 0.64 0.05
0.126 0.336 0.937 0.05
0.131 0.943 0.101 0.05
0.135 0.715 0.315 0.05
0.155 0.718 0.509 0.05
0.141 0.457 0.813 0.05
0.143 0.588 0.587 0.05
0.145 0.915 0.55 0.05
0.146 0.07 0.637 0.05
0.147 0.768 0.131 0.05
0.15 0.336 0.554 0.05
0.156 0.851 0.399 0.05
0.157 0.207 0.381 0.05
0.18 0.9245 0.889 0.05
0.165 0.233 0.734 0.05
0.222 0.058 0.1295 0.05
0.175 0.507 0.479 0.05
0.175 0.677 0.066 0.05
0.178 0.51 0.894 0.05
0.18 0.104 0.051 0.05
0.183 0.14 0.239 0.05
0.22333333333333336 0.6066666666666666 0.4816666666666667 0.05
0.183 0.608 0.837 0.05
0.184 0.12 0.895 0.05
0.187 0.051 0.744 0.05
0.189 0.714 0.754 0.05
0.192 0.247 0.864 0.05
0.192 0.479 0.272 0.05
0.195 0.925 0.242 0.05
0.198 0.838 0.807 0.05
0.22666666666666666 0.2936666666666667 0.365 0.05
0.201 0.563 0.075 0.05
0.201 0.731 0.862 0.05
0.202 0.174 0.58 0.05
0.202 0.44 0.643 0.05
0.21 0.163 0.804 0.05
0.21 0.365 0.092 0.05
0.212 0.166 0.476 0.05
0.212 0.879 0.099 0.05
0.214 0.364 0.226 0.05
0.214 0.655 0.241 0.05
0.215 0.808 0.705 0.05
0.218 0.646 0.936 0.05
0.224 0.413 0.887 0.05
0.224 0.824 0.197 0.05
0.224 0.921 0.672 0.05
0.225 0.204 0.164 0.05
0.227 0.529 0.181 0.05
0.3226666666666667 0.23033333333333333 0.08633333333333333 0.05
0.229 0.455 0.742 0.05
0.23 0.366 0.481 0.05
0.239 0.637 0.706 0.05
0.24 0.256 0.649 0.05
0.241 0.735 0.583 0.05
0.247 0.081 0.417 0.05
0.253 0.479 0.402 0.05
0.256 0.079 0.597 0.05
0.26 0.841 0.554 0.05
0.262 0.943 0.487 0.05
0.264 0.871 0.387 0.05
0.28 0.882 0.756 0.05
0.281 0.357 0.761 0.05
0.283 0.102 0.246 0.05
0.286 0.765 0.103 0.05
0.289 0.772 0.327 0.05
0.29 0.327 0.895 0.05
0.29 0.626 0.327 0.05
0.29 0.672 0.834 0.05
0.299 0.749 0.703 0.05
0.3 0.097 0.93 0.05
0.3 0.32 0.051 0.05
0.301 0.406 0.261 0.05
0.302 0.41 0.115 0.05
0.302 0.569 0.796 0.05
0.305 0.053 0.698 0.05
0.309 0.285 0.293 0.05
0.31 0.356 0.38 0.05
0.311 0.426 0.554 0.05
0.311 0.939 0.213 0.05
0.313 0.162 0.712 0.05
0.315 0.752 0.437 0.05
0.319 0.149 0.478 0.05
0.319 0.531 0.264 0.05
0.319 0.818 0.875 0.05
0.32 0.226 0.947 0.05
0.325 0.547 0.15 0.05
0.327 0.35 0.628 0.05
0.327 0.703 0.231 0.05
0.333 0.919 0.658 0.05
0.335 0.83 0.206 0.05
0.337 0.246 0.82 0.05
0.35333333333333333 0.584 0.639 0.05
0.343 0.117 0.83 0.05
0.351 0.776 0.562 0.05
0.354 0.491 0.909 0.05
0.355 0.638 0.472 0.05
0.356 0.931 0.909 0.05
0.358 0.66 0.729 0.05
0.376 0.237 0.47 0.05
0.359 0.931 0.316 0.05
0.364 0.281 0.2 0.05
0.364 0.458 0.452 0.05
0.366 0.69 0.357 0.05
0.368 0.118 0.628 0.05
0.371 0.617 0.887 0.05
0.371 0.84 0.402 0.05
0.373 0.116 0.349 0.05
0.378 0.915 0.808 0.05
0.379 0.44 0.806 0.05
0.382 0.89 0.07 0.05
0.384 0.456 0.638 0.05
0.385 0.621 0.104 0.05
0.386 0.057 0.541 0.05
0.391 0.805 0.662 0.05
0.393 0.443 0.191 0.05
0.398 0.093 0.111 0.05
0.402 0.214 0.316 0.05
0.402 0.361 0.331 0.05
0.406 0.592 0.364 0.05
0.409 0.728 0.104 0.05
0.41 0.282 0.613 0.05
0.418 0.273 0.752 0.05
0.421 0.483 0.059 0.05
0.421 0.776 0.317 0.05
0.427 0.348 0.051 0.05
0.427 0.697 0.941 0.05
0.43 0.913 0.47 0.05
0.434 0.12 0.717 0.05
0.434 0.724 0.227 0.05
0.434 0.921 0.6 0.05
0.437 0.776 0.504 0.05
0.438 0.227 0.911 0.05
0.444 0.103 0.456 0.05
0.444 0.841 0.226 0.05
0.447 0.409 0.545 0.05
0.449 0.7 0.836 0.05
0.45 0.657 0.541 0.05
0.452 0.355 0.699 0.05
0.455 0.344 0.227 0.05
0.457 0.431 0.402 0.05
0.458 0.598 0.83 0.05
0.461 0.12 0.213 0.05
0.462 0.09 0.826 0.05
0.464 0.402 0.943 0.05
0.465 0.913 0.339 0.05
0.466 0.519 0.529 0.05
0.467 0.153 0.056 0.05
0.468 0.812 0.124 0.05
0.472 0.072 0.331 0.05
0.485 0.199 0.635 0.05
0.475 0.434 0.294 0.05
0.476 0.764 0.599 0.05
0.48 0.496 0.694 0.05
0.48 0.807 0.789 0.05
0.481 0.55 0.156 0.05
0.483 0.631 0.731 0.05
0.483 0.787 0.401 0.05
0.484 0.894 0.697 0.05
0.487 0.445 0.848 0.05
0.489 0.546 0.43 0.05
0.492 0.542 0.265 0.05
0.495 0.742 0.705 0.05
0.497 0.116 0.926 0.05
0.499 0.403 0.118 0.05
0.5 0.272 0.841 0.05
0.504 0.273 0.56 0.05
0.506 0.241 0.307 0.05
0.528 0.9055 0.8765 0.05
0.512 0.669 0.44 0.05
0.513 0.052 0.722 0.05
0.5305 0.6925 0.067 0.05
0.517 0.945 0.188 0.05
0.518 0.553 0.909 0.05
0.519 0.282 0.44 0.05
0.52 0.948 0.547 0.05
0.522 0.703 0.336 0.05
0.525 0.682 0.18 0.05
0.528 0.854 0.598 0.05
0.533 0.516 0.065 0.05
0.536 0.052 0.444 0.05
0.539 0.074 0.572 0.05
0.54 0.38 0.491 0.05
0.54 0.884 0.099 0.05
0.542 0.306 0.753 0.05
0.542 0.406 0.67 0.05
0.542 0.564 0.603 0.05
0.543 0.454 0.579 0.05
0.544 0.2 0.217 0.05
0.549 0.696 0.909 0.05
0.558 0.444 0.923 0.05
0.56 0.307 0.068 0.05
0.562 0.193 0.73 0.05
0.565 0.202 0.911 0.05
0.566 0.771 0.833 0.05
0.568 0.918 0.322 0.05
0.57 0.382 0.84 0.05
0.572 0.846 0.486 0.05
0.603 0.9035 0.7445 0.05
0.574 0.362 0.227 0.05
0.576 0.934 0.432 0.05
0.577 0.117 0.089 0.05
0.582 0.798 0.252 0.05
0.611 0.3045 0.3565 0.05
0.605 0.1695 0.3315 0.05
0.586 0.527 0.794 0.05
0.588 0.774 0.398 0.05
0.59 0.502 0.227 0.05
0.592 0.653 0.256 0.05
0.592 0.787 0.94 0.05
0.594 0.217 0.121 0.05
0.599 0.473 0.41 0.05
0.602 0.503 0.693 0.05
0.602 0.559 0.141 0.05
0.603 0.107 0.867 0.05
0.608 0.679 0.699 0.05
0.612 0.158 0.48 0.05
0.619 0.089 0.721 0.05
0.648 0.218 0.5825 0.05
0.62 0.733 0.541 0.05
0.621 0.064 0.252 0.05
0.621 0.289 0.885 0.05
0.622 0.732 0.101 0.05
0.623 0.429 0.162 0.05
0.625 0.644 0.464 0.05
0.635 0.576 0.374 0.05
0.636 0.857 0.073 0.05
0.641 0.073 0.531 0.05
0.641 0.612 0.054 0.05
0.642 0.934 0.527 0.05
0.646 0.778 0.699 0.05
0.6625 0.5905 0.9135 0.05
0.652 0.278 0.777 0.05
0.656 0.583 0.579 0.05
0.663 0.592 0.719 0.05
0.664 0.388 0.281 0.05
0.666 0.172 0.941 0.05
0.668 0.267 0.233 0.05
0.669 0.845 0.435 0.05
0.671 0.948 0.131 0.05
0.674 0.29 0.121 0.05
0.678 0.237 0.462 0.05
0.678 0.396 0.776 0.05
0.729 0.073 0.377 0.05
0.681 0.852 0.192 0.05
0.682 0.327 0.521 0.05
0.683 0.72 0.329 0.05
0.687 0.401 0.907 0.05
0.69 0.16 0.679 0.05
0.691 0.371 0.624 0.05
0.691 0.947 0.838 0.05
0.693 0.497 0.508 0.05
0.7305 0.7565 0.793 0.05
0.695 0.051 0.836 0.05
0.696 0.909 0.686 0.05
0.699 0.828 0.922 0.05
0.7 0.49 0.262 0.05
0.703 0.894 0.286 0.05
0.704 0.16 0.085 0.05
0.707 0.472 0.699 0.05
0.709 0.804 0.58 0.05
0.712 0.295 0.94 0.05
0.712 0.498 0.114 0.05
0.722 0.486 0.814 0.05
0.73 0.069 0.602 0.05
0.73 0.076 0.93 0.05
0.733 0.091 0.235 0.05
0.733 0.522 0.384 0.05
0.734 0.716 0.221 0.05
0.755 0.1875 0.326 0.05
0.737 0.295 0.349 0.05
0.738 0.725 0.447 0.05
0.739 0.917 0.58 0.05
0.74 0.624 0.171 0.05
0.772 0.9365 0.3885 0.05
0.741 0.077 0.728 0.05
0.741 0.616 0.79 0.05
0.744 0.895 0.064 0.05
0.745 0.803 0.349 0.05
0.755 0.414 0.1185 0.05
0.749 0.324 0.821 0.05
0.758 0.571 0.052 0.05
0.76 0.293 0.708 0.05
0.766 0.694 0.918 0.05
0.768 0.188 0.816 0.05
0.768 0.58 0.285 0.05
0.77 0.38 0.428 0.05
0.774 0.64 0.611 0.05
0.774 0.799 0.091 0.05
0.777 0.114 0.491 0.05
0.778 0.664 0.372 0.05
0.779 0.551 0.489 0.05
0.779 0.555 0.678 0.05
0.78 0.062 0.101 0.05
0.78 0.44 0.578 0.05
0.782 0.24 0.571 0.05
0.783 0.273 0.446 0.05
0.784 0.222 0.14 0.05
0.789 0.379 0.903 0.05
0.794 0.938 0.736 0.05
0.797 0.078 0.85 0.05
0.797 0.834 0.798 0.05
0.799 0.448 0.287 0.05
0.8 0.778 0.669 0.05
0.825 0.214 0.7225 0.05
0.807 0.33 0.124 0.05
0.809 0.837 0.433 0.05
0.81 0.524 0.926 0.05
0.81 0.689 0.055 0.05
0.812 0.339 0.527 0.05
0.8135 0.798 0.2675 0.05
0.815 0.125 0.176 0.05
0.815 0.925 0.165 0.05
0.824 0.391 0.679 0.05
0.824 0.471 0.403 0.05
0.824 0.804 0.544 0.05
0.827 0.51 0.825 0.05
0.83 0.176 0.051 0.05
0.834 0.696 0.514 0.05
0.835 0.159 0.921 0.05
0.835 0.94 0.478 0.05
0.841 0.906 0.594 0.05
0.842 0.47 0.19 0.05
0.844 0.089 0.592 0.05
0.844 0.581 0.123 0.05
0.846 0.926 0.917 0.05
0.847 0.208 0.245 0.05
0.847 0.636 0.214 0.05
0.852 0.929 0.054 0.05
0.8765 0.437 0.7655 0.05
0.862 0.618 0.814 0.05
0.864 0.708 0.713 0.05
0.866 0.459 0.071 0.05
0.869 0.792 0.86 0.05
0.874 0.312 0.211 0.05
0.908 0.7805 0.2095 0.05
0.877 0.591 0.322 0.05
0.878 0.481 0.556 0.05
0.88 0.301 0.664 0.05
0.884 0.16 0.442 0.05
0.886 0.405 0.321 0.05
0.888 0.802 0.756 0.05
0.889 0.339 0.438 0.05
0.89 0.714 0.937 0.05
0.896 0.903 0.692 0.05
0.898 0.067 0.722 0.05
0.898 0.526 0.453 0.05
0.898 0.67 0.12 0.05
0.898 0.83 0.333 0.05
0.9 0.079 0.847 0.05
0.901 0.057 0.242 0.05
0.905 0.095 0.087 0.05
0.909 0.101 0.355 0.05
0.909 0.63 0.435 0.05
0.912 0.3 0.884 0.05
0.917 0.782 0.429 0.05
0.919 0.146 0.643 0.05
0.922 0.595 0.625 0.05
0.924 0.406 0.618 0.05
0.927 0.152 0.212 0.05
0.929 0.226 0.087 0.05
0.929 0.282 0.311 0.05
0.929 0.301 0.56 0.05
0.929 0.622 0.899 0.05
0.93 0.835 0.072 0.05
0.933 0.799 0.607 0.05
0.934 0.495 0.302 0.05
0.934 0.705 0.837 0.05
0.934 0.899 0.535 0.05
0.935 0.294 0.778 0.05
0.935 0.521 0.823 0.05
0.936 0.149 0.947 0.05
0.94 0.186 0.803 0.05
0.94 0.389 0.082 0.05
0.942 0.459 0.925 0.05
0.943 0.737 0.322 0.05
0.944 0.553 0.103 0.05
0.944 0.682 0.555 0.05
0.945 0.084 0.509 0.05
0.946 0.911 0.189 0.05
0.947 0.452 0.196 0.05
0.947 0.948 0.319 0.05
0.948 0.562 0.224 0.05
0.948 0.871 0.819 0.05
