0.008 0.008 0.000 0.005
0.008 0.025 0.000 0.005
0.008 0.042 0.000 0.005
0.008 0.058 0.000 0.005
0.008 0.075 0.000 0.005
0.008 0.092 0.000 0.005
0.008 0.108 0.000 0.005
0.008 0.125 0.000 0.005
0.008 0.142 0.000 0.005
0.008 0.158 0.000 0.005
0.008 0.175 0.000 0.005
0.008 0.192 0.000 0.005
0.008 0.208 0.000 0.005
0.008 0.225 0.000 0.005
0.008 0.242 0.000 0.005
0.008 0.258 0.000 0.005
0.008 0.275 0.000 0.005
0.008 0.292 0.000 0.005
0.008 0.308 0.000 0.005
0.008 0.325 0.000 0.005
0.008 0.342 0.000 0.005
0.008 0.358 0.000 0.005
0.008 0.375 0.000 0.005
0.008 0.392 0.000 0.005
0.008 0.408 0.000 0.005
0.008 0.425 0.000 0.005
0.008 0.442 0.000 0.005
0.008 0.458 0.000 0.005
0.008 0.475 0.000 0.005
0.008 0.492 0.000 0.005
0.008 0.508 0.000 0.005
0.008 0.525 0.000 0.005
0.008 0.542 0.000 0.005
0.008 0.558 0.000 0.005
0.008 0.575 0.000 0.005
0.008 0.592 0.000 0.005
0.008 0.608 0.000 0.005
0.008 0.625 0.000 0.005
0.008 0.642 0.000 0.005
0.008 0.658 0.000 0.005
0.008 0.675 0.000 0.005
0.008 0.692 0.000 0.005
0.008 0.708 0.000 0.005
0.008 0.725 0.000 0.005
0.008 0.742 0.000 0.005
0.008 0.758 0.000 0.005
0.008 0.775 0.000 0.005
0.008 0.792 0.000 0.005
0.008 0.808 0.000 0.005
0.008 0.825 0.000 0.005
0.008 0.842 0.000 0.005
0.008 0.858 0.000 0.005
0.008 0.875 0.000 0.005
0.008 0.892 0.000 0.005
0.008 0.908 0.000 0.005
0.008 0.925 0.000 0.005
0.008 0.942 0.000 0.005
0.008 0.958 0.000 0.005
0.008 0.975 0.000 0.005
0.008 0.992 0.000 0.005
0.025 0.008 0.000 0.005
0.025 0.025 0.000 0.005
0.025 0.042 0.000 0.005
0.025 0.058 0.000 0.005
0.025 0.075 0.000 0.005
0.025 0.092 0.000 0.005
0.025 0.108 0.000 0.005
0.025 0.125 0.000 0.005
0.025 0.142 0.000 0.005
0.025 0.158 0.000 0.005
0.025 0.175 0.000 0.005
0.025 0.192 0.000 0.005
0.025 0.208 0.000 0.005
0.025 0.225 0.000 0.005
0.025 0.242 0.000 0.005
0.025 0.258 0.000 0.005
0.025 0.275 0.000 0.005
0.025 0.292 0.000 0.005
0.025 0.308 0.000 0.005
0.025 0.325 0.000 0.005
0.025 0.342 0.000 0.005
0.025 0.358 0.000 0.005
0.025 0.375 0.000 0.005
0.025 0.392 0.000 0.005
0.025 0.408 0.000 0.005
0.025 0.425 0.000 0.005
0.025 0.442 0.000 0.005
0.025 0.458 0.000 0.005
0.025 0.475 0.000 0.005
0.025 0.492 0.000 0.005
0.025 0.508 0.000 0.005
0.025 0.525 0.000 0.005
0.025 0.542 0.000 0.005
0.025 0.558 0.000 0.005
0.025 0.575 0.000 0.005
0.025 0.592 0.000 0.005
0.025 0.608 0.000 0.005
0.025 0.625 0.000 0.005
0.025 0.642 0.000 0.005
0.025 0.658 0.000 0.005
0.025 0.675 0.000 0.005
0.025 0.692 0.000 0.005
0.025 0.708 0.000 0.005
0.025 0.725 0.000 0.005
0.025 0.742 0.000 0.005
0.025 0.758 0.000 0.005
0.025 0.775 0.000 0.005
0.025 0.792 0.000 0.005
0.025 0.808 0.000 0.005
0.025 0.825 0.000 0.005
0.025 0.842 0.000 0.005
0.025 0.858 0.000 0.005
0.025 0.875 0.000 0.005
0.025 0.892 0.000 0.005
0.025 0.908 0.000 0.005
0.025 0.925 0.000 0.005
0.025 0.942 0.000 0.005
0.025 0.958 0.000 0.005
0.025 0.975 0.000 0.005
0.025 0.992 0.000 0.005
0.042 0.008 0.000 0.005
0.042 0.025 0.000 0.005
0.042 0.042 0.000 0.005
0.042 0.058 0.000 0.005
0.042 0.075 0.000 0.005
0.042 0.092 0.000 0.005
0.042 0.108 0.000 0.005
0.042 0.125 0.000 0.005
0.042 0.142 0.000 0.005
0.042 0.158 0.000 0.005
0.042 0.175 0.000 0.005
0.042 0.192 0.000 0.005
0.042 0.208 0.000 0.005
0.042 0.225 0.000 0.005
0.042 0.242 0.000 0.005
0.042 0.258 0.000 0.005
0.042 0.275 0.000 0.005
0.042 0.292 0.000 0.005
0.042 0.308 0.000 0.005
0.042 0.325 0.000 0.005
0.042 0.342 0.000 0.005
0.042 0.358 0.000 0.005
0.042 0.375 0.000 0.005
0.042 0.392 0.000 0.005
0.042 0.408 0.000 0.005
0.042 0.425 0.000 0.005
0.042 0.442 0.000 0.005
0.042 0.458 0.000 0.005
0.042 0.475 0.000 0.005
0.042 0.492 0.000 0.005
0.042 0.508 0.000 0.005
0.042 0.525 0.000 0.005
0.042 0.542 0.000 0.005
0.042 0.558 0.000 0.005
0.042 0.575 0.000 0.005
0.042 0.592 0.000 0.005
0.042 0.608 0.000 0.005
0.042 0.625 0.000 0.005
0.042 0.642 0.000 0.005
0.042 0.658 0.000 0.005
0.042 0.675 0.000 0.005
0.042 0.692 0.000 0.005
0.042 0.708 0.000 0.005
0.042 0.725 0.000 0.005
0.042 0.742 0.000 0.005
0.042 0.758 0.000 0.005
0.042 0.775 0.000 0.005
0.042 0.792 0.000 0.005
0.042 0.808 0.000 0.005
0.042 0.825 0.000 0.005
0.042 0.842 0.000 0.005
0.042 0.858 0.000 0.005
0.042 0.875 0.000 0.005
0.042 0.892 0.000 0.005
0.042 0.908 0.000 0.005
0.042 0.925 0.000 0.005
0.042 0.942 0.000 0.005
0.042 0.958 0.000 0.005
0.042 0.975 0.000 0.005
0.042 0.992 0.000 0.005
0.058 0.008 0.000 0.005
0.058 0.025 0.000 0.005
0.058 0.042 0.000 0.005
0.058 0.058 0.000 0.005
0.058 0.075 0.000 0.005
0.058 0.092 0.000 0.005
0.058 0.108 0.000 0.005
0.058 0.125 0.000 0.005
0.058 0.142 0.000 0.005
0.058 0.158 0.000 0.005
0.058 0.175 0.000 0.005
0.058 0.192 0.000 0.005
0.058 0.208 0.000 0.005
0.058 0.225 0.000 0.005
0.058 0.242 0.000 0.005
0.058 0.258 0.000 0.005
0.058 0.275 0.000 0.005
0.058 0.292 0.000 0.005
0.058 0.308 0.000 0.005
0.058 0.325 0.000 0.005
0.058 0.342 0.000 0.005
0.058 0.358 0.000 0.005
0.058 0.375 0.000 0.005
0.058 0.392 0.000 0.005
0.058 0.408 0.000 0.005
0.058 0.425 0.000 0.005
0.058 0.442 0.000 0.005
0.058 0.458 0.000 0.005
0.058 0.475 0.000 0.005
0.058 0.492 0.000 0.005
0.058 0.508 0.000 0.005
0.058 0.525 0.000 0.005
0.058 0.542 0.000 0.005
0.058 0.558 0.000 0.005
0.058 0.575 0.000 0.005
0.058 0.592 0.000 0.005
0.058 0.608 0.000 0.005
0.058 0.625 0.000 0.005
0.058 0.642 0.000 0.005
0.058 0.658 0.000 0.005
0.058 0.675 0.000 0.005
0.058 0.692 0.000 0.005
0.058 0.708 0.000 0.005
0.058 0.725 0.000 0.005
0.058 0.742 0.000 0.005
0.058 0.758 0.000 0.005
0.058 0.775 0.000 0.005
0.058 0.792 0.000 0.005
0.058 0.808 0.000 0.005
0.058 0.825 0.000 0.005
0.058 0.842 0.000 0.005
0.058 0.858 0.000 0.005
0.058 0.875 0.000 0.005
0.058 0.892 0.000 0.005
0.058 0.908 0.000 0.005
0.058 0.925 0.000 0.005
0.058 0.942 0.000 0.005
0.058 0.958 0.000 0.005
0.058 0.975 0.000 0.005
0.058 0.992 0.000 0.005
0.075 0.008 0.000 0.005
0.075 0.025 0.000 0.005
0.075 0.042 0.000 0.005
0.075 0.058 0.000 0.005
0.075 0.075 0.000 0.005
0.075 0.092 0.000 0.005
0.075 0.108 0.000 0.005
0.075 0.125 0.000 0.005
0.075 0.142 0.000 0.005
0.075 0.158 0.000 0.005
0.075 0.175 0.000 0.005
0.075 0.192 0.000 0.005
0.075 0.208 0.000 0.005
0.075 0.225 0.000 0.005
0.075 0.242 0.000 0.005
0.075 0.258 0.000 0.005
0.075 0.275 0.000 0.005
0.075 0.292 0.000 0.005
0.075 0.308 0.000 0.005
0.075 0.325 0.000 0.005
0.075 0.342 0.000 0.005
0.075 0.358 0.000 0.005
0.075 0.375 0.000 0.005
0.075 0.392 0.000 0.005
0.075 0.408 0.000 0.005
0.075 0.425 0.000 0.005
0.075 0.442 0.000 0.005
0.075 0.458 0.000 0.005
0.075 0.475 0.000 0.005
0.075 0.492 0.000 0.005
0.075 0.508 0.000 0.005
0.075 0.525 0.000 0.005
0.075 0.542 0.000 0.005
0.075 0.558 0.000 0.005
0.075 0.575 0.000 0.005
0.075 0.592 0.000 0.005
0.075 0.608 0.000 0.005
0.075 0.625 0.000 0.005
0.075 0.642 0.000 0.005
0.075 0.658 0.000 0.005
0.075 0.675 0.000 0.005
0.075 0.692 0.000 0.005
0.075 0.708 0.000 0.005
0.075 0.725 0.000 0.005
0.075 0.742 0.000 0.005
0.075 0.758 0.000 0.005
0.075 0.775 0.000 0.005
0.075 0.792 0.000 0.005
0.075 0.808 0.000 0.005
0.075 0.825 0.000 0.005
0.075 0.842 0.000 0.005
0.075 0.858 0.000 0.005
0.075 0.875 0.000 0.005
0.075 0.892 0.000 0.005
0.075 0.908 0.000 0.005
0.075 0.925 0.000 0.005
0.075 0.942 0.000 0.005
0.075 0.958 0.000 0.005
0.075 0.975 0.000 0.005
0.075 0.992 0.000 0.005
0.092 0.008 0.000 0.005
0.092 0.025 0.000 0.005
0.092 0.042 0.000 0.005
0.092 0.058 0.000 0.005
0.092 0.075 0.000 0.005
0.092 0.092 0.000 0.005
0.092 0.108 0.000 0.005
0.092 0.125 0.000 0.005
0.092 0.142 0.000 0.005
0.092 0.158 0.000 0.005
0.092 0.175 0.000 0.005
0.092 0.192 0.000 0.005
0.092 0.208 0.000 0.005
0.092 0.225 0.000 0.005
0.092 0.242 0.000 0.005
0.092 0.258 0.000 0.005
0.092 0.275 0.000 0.005
0.092 0.292 0.000 0.005
0.092 0.308 0.000 0.005
0.092 0.325 0.000 0.005
0.092 0.342 0.000 0.005
0.092 0.358 0.000 0.005
0.092 0.375 0.000 0.005
0.092 0.392 0.000 0.005
0.092 0.408 0.000 0.005
0.092 0.425 0.000 0.005
0.092 0.442 0.000 0.005
0.092 0.458 0.000 0.005
0.092 0.475 0.000 0.005
0.092 0.492 0.000 0.005
0.092 0.508 0.000 0.005
0.092 0.525 0.000 0.005
0.092 0.542 0.000 0.005
0.092 0.558 0.000 0.005
0.092 0.575 0.000 0.005
0.092 0.592 0.000 0.005
0.092 0.608 0.000 0.005
0.092 0.625 0.000 0.005
0.092 0.642 0.000 0.005
0.092 0.658 0.000 0.005
0.092 0.675 0.000 0.005
0.092 0.692 0.000 0.005
0.092 0.708 0.000 0.005
0.092 0.725 0.000 0.005
0.092 0.742 0.000 0.005
0.092 0.758 0.000 0.005
0.092 0.775 0.000 0.005
0.092 0.792 0.000 0.005
0.092 0.808 0.000 0.005
0.092 0.825 0.000 0.005
0.092 0.842 0.000 0.005
0.092 0.858 0.000 0.005
0.092 0.875 0.000 0.005
0.092 0.892 0.000 0.005
0.092 0.908 0.000 0.005
0.092 0.925 0.000 0.005
0.092 0.942 0.000 0.005
0.092 0.958 0.000 0.005
0.092 0.975 0.000 0.005
0.092 0.992 0.000 0.005
0.108 0.008 0.000 0.005
0.108 0.025 0.000 0.005
0.108 0.042 0.000 0.005
0.108 0.058 0.000 0.005
0.108 0.075 0.000 0.005
0.108 0.092 0.000 0.005
0.108 0.108 0.000 0.005
0.108 0.125 0.000 0.005
0.108 0.142 0.000 0.005
0.108 0.158 0.000 0.005
0.108 0.175 0.000 0.005
0.108 0.192 0.000 0.005
0.108 0.208 0.000 0.005
0.108 0.225 0.000 0.005
0.108 0.242 0.000 0.005
0.108 0.258 0.000 0.005
0.108 0.275 0.000 0.005
0.108 0.292 0.000 0.005
0.108 0.308 0.000 0.005
0.108 0.325 0.000 0.005
0.108 0.342 0.000 0.005
0.108 0.358 0.000 0.005
0.108 0.375 0.000 0.005
0.108 0.392 0.000 0.005
0.108 0.408 0.000 0.005
0.108 0.425 0.000 0.005
0.108 0.442 0.000 0.005
0.108 0.458 0.000 0.005
0.108 0.475 0.000 0.005
0.108 0.492 0.000 0.005
0.108 0.508 0.000 0.005
0.108 0.525 0.000 0.005
0.108 0.542 0.000 0.005
0.108 0.558 0.000 0.005
0.108 0.575 0.000 0.005
0.108 0.592 0.000 0.005
0.108 0.608 0.000 0.005
0.108 0.625 0.000 0.005
0.108 0.642 0.000 0.005
0.108 0.658 0.000 0.005
0.108 0.675 0.000 0.005
0.108 0.692 0.000 0.005
0.108 0.708 0.000 0.005
0.108 0.725 0.000 0.005
0.108 0.742 0.000 0.005
0.108 0.758 0.000 0.005
0.108 0.775 0.000 0.005
0.108 0.792 0.000 0.005
0.108 0.808 0.000 0.005
0.108 0.825 0.000 0.005
0.108 0.842 0.000 0.005
0.108 0.858 0.000 0.005
0.108 0.875 0.000 0.005
0.108 0.892 0.000 0.005
0.108 0.908 0.000 0.005
0.108 0.925 0.000 0.005
0.108 0.942 0.000 0.005
0.108 0.958 0.000 0.005
0.108 0.975 0.000 0.005
0.108 0.992 0.000 0.005
0.125 0.008 0.000 0.005
0.125 0.025 0.000 0.005
0.125 0.042 0.000 0.005
0.125 0.058 0.000 0.005
0.125 0.075 0.000 0.005
0.125 0.092 0.000 0.005
0.125 0.108 0.000 0.005
0.125 0.125 0.000 0.005
0.125 0.142 0.000 0.005
0.125 0.158 0.000 0.005
0.125 0.175 0.000 0.005
0.125 0.192 0.000 0.005
0.125 0.208 0.000 0.005
0.125 0.225 0.000 0.005
0.125 0.242 0.000 0.005
0.125 0.258 0.000 0.005
0.125 0.275 0.000 0.005
0.125 0.292 0.000 0.005
0.125 0.308 0.000 0.005
0.125 0.325 0.000 0.005
0.125 0.342 0.000 0.005
0.125 0.358 0.000 0.005
0.125 0.375 0.000 0.005
0.125 0.392 0.000 0.005
0.125 0.408 0.000 0.005
0.125 0.425 0.000 0.005
0.125 0.442 0.000 0.005
0.125 0.458 0.000 0.005
0.125 0.475 0.000 0.005
0.125 0.492 0.000 0.005
0.125 0.508 0.000 0.005
0.125 0.525 0.000 0.005
0.125 0.542 0.000 0.005
0.125 0.558 0.000 0.005
0.125 0.575 0.000 0.005
0.125 0.592 0.000 0.005
0.125 0.608 0.000 0.005
0.125 0.625 0.000 0.005
0.125 0.642 0.000 0.005
0.125 0.658 0.000 0.005
0.125 0.675 0.000 0.005
0.125 0.692 0.000 0.005
0.125 0.708 0.000 0.005
0.125 0.725 0.000 0.005
0.125 0.742 0.000 0.005
0.125 0.758 0.000 0.005
0.125 0.775 0.000 0.005
0.125 0.792 0.000 0.005
0.125 0.808 0.000 0.005
0.125 0.825 0.000 0.005
0.125 0.842 0.000 0.005
0.125 0.858 0.000 0.005
0.125 0.875 0.000 0.005
0.125 0.892 0.000 0.005
0.125 0.908 0.000 0.005
0.125 0.925 0.000 0.005
0.125 0.942 0.000 0.005
0.125 0.958 0.000 0.005
0.125 0.975 0.000 0.005
0.125 0.992 0.000 0.005
0.142 0.008 0.000 0.005
0.142 0.025 0.000 0.005
0.142 0.042 0.000 0.005
0.142 0.058 0.000 0.005
0.142 0.075 0.000 0.005
0.142 0.092 0.000 0.005
0.142 0.108 0.000 0.005
0.142 0.125 0.000 0.005
0.142 0.142 0.000 0.005
0.142 0.158 0.000 0.005
0.142 0.175 0.000 0.005
0.142 0.192 0.000 0.005
0.142 0.208 0.000 0.005
0.142 0.225 0.000 0.005
0.142 0.242 0.000 0.005
0.142 0.258 0.000 0.005
0.142 0.275 0.000 0.005
0.142 0.292 0.000 0.005
0.142 0.308 0.000 0.005
0.142 0.325 0.000 0.005
0.142 0.342 0.000 0.005
0.142 0.358 0.000 0.005
0.142 0.375 0.000 0.005
0.142 0.392 0.000 0.005
0.142 0.408 0.000 0.005
0.142 0.425 0.000 0.005
0.142 0.442 0.000 0.005
0.142 0.458 0.000 0.005
0.142 0.475 0.000 0.005
0.142 0.492 0.000 0.005
0.142 0.508 0.000 0.005
0.142 0.525 0.000 0.005
0.142 0.542 0.000 0.005
0.142 0.558 0.000 0.005
0.142 0.575 0.000 0.005
0.142 0.592 0.000 0.005
0.142 0.608 0.000 0.005
0.142 0.625 0.000 0.005
0.142 0.642 0.000 0.005
0.142 0.658 0.000 0.005
0.142 0.675 0.000 0.005
0.142 0.692 0.000 0.005
0.142 0.708 0.000 0.005
0.142 0.725 0.000 0.005
0.142 0.742 0.000 0.005
0.142 0.758 0.000 0.005
0.142 0.775 0.000 0.005
0.142 0.792 0.000 0.005
0.142 0.808 0.000 0.005
0.142 0.825 0.000 0.005
0.142 0.842 0.000 0.005
0.142 0.858 0.000 0.005
0.142 0.875 0.000 0.005
0.142 0.892 0.000 0.005
0.142 0.908 0.000 0.005
0.142 0.925 0.000 0.005
0.142 0.942 0.000 0.005
0.142 0.958 0.000 0.005
0.142 0.975 0.000 0.005
0.142 0.992 0.000 0.005
0.158 0.008 0.000 0.005
0.158 0.025 0.000 0.005
0.158 0.042 0.000 0.005
0.158 0.058 0.000 0.005
0.158 0.075 0.000 0.005
0.158 0.092 0.000 0.005
0.158 0.108 0.000 0.005
0.158 0.125 0.000 0.005
0.158 0.142 0.000 0.005
0.158 0.158 0.000 0.005
0.158 0.175 0.000 0.005
0.158 0.192 0.000 0.005
0.158 0.208 0.000 0.005
0.158 0.225 0.000 0.005
0.158 0.242 0.000 0.005
0.158 0.258 0.000 0.005
0.158 0.275 0.000 0.005
0.158 0.292 0.000 0.005
0.158 0.308 0.000 0.005
0.158 0.325 0.000 0.005
0.158 0.342 0.000 0.005
0.158 0.358 0.000 0.005
0.158 0.375 0.000 0.005
0.158 0.392 0.000 0.005
0.158 0.408 0.000 0.005
0.158 0.425 0.000 0.005
0.158 0.442 0.000 0.005
0.158 0.458 0.000 0.005
0.158 0.475 0.000 0.005
0.158 0.492 0.000 0.005
0.158 0.508 0.000 0.005
0.158 0.525 0.000 0.005
0.158 0.542 0.000 0.005
0.158 0.558 0.000 0.005
0.158 0.575 0.000 0.005
0.158 0.592 0.000 0.005
0.158 0.608 0.000 0.005
0.158 0.625 0.000 0.005
0.158 0.642 0.000 0.005
0.158 0.658 0.000 0.005
0.158 0.675 0.000 0.005
0.158 0.692 0.000 0.005
0.158 0.708 0.000 0.005
0.158 0.725 0.000 0.005
0.158 0.742 0.000 0.005
0.158 0.758 0.000 0.005
0.158 0.775 0.000 0.005
0.158 0.792 0.000 0.005
0.158 0.808 0.000 0.005
0.158 0.825 0.000 0.005
0.158 0.842 0.000 0.005
0.158 0.858 0.000 0.005
0.158 0.875 0.000 0.005
0.158 0.892 0.000 0.005
0.158 0.908 0.000 0.005
0.158 0.925 0.000 0.005
0.158 0.942 0.000 0.005
0.158 0.958 0.000 0.005
0.158 0.975 0.000 0.005
0.158 0.992 0.000 0.005
0.175 0.008 0.000 0.005
0.175 0.025 0.000 0.005
0.175 0.042 0.000 0.005
0.175 0.058 0.000 0.005
0.175 0.075 0.000 0.005
0.175 0.092 0.000 0.005
0.175 0.108 0.000 0.005
0.175 0.125 0.000 0.005
0.175 0.142 0.000 0.005
0.175 0.158 0.000 0.005
0.175 0.175 0.000 0.005
0.175 0.192 0.000 0.005
0.175 0.208 0.000 0.005
0.175 0.225 0.000 0.005
0.175 0.242 0.000 0.005
0.175 0.258 0.000 0.005
0.175 0.275 0.000 0.005
0.175 0.292 0.000 0.005
0.175 0.308 0.000 0.005
0.175 0.325 0.000 0.005
0.175 0.342 0.000 0.005
0.175 0.358 0.000 0.005
0.175 0.375 0.000 0.005
0.175 0.392 0.000 0.005
0.175 0.408 0.000 0.005
0.175 0.425 0.000 0.005
0.175 0.442 0.000 0.005
0.175 0.458 0.000 0.005
0.175 0.475 0.000 0.005
0.175 0.492 0.000 0.005
0.175 0.508 0.000 0.005
0.175 0.525 0.000 0.005
0.175 0.542 0.000 0.005
0.175 0.558 0.000 0.005
0.175 0.575 0.000 0.005
0.175 0.592 0.000 0.005
0.175 0.608 0.000 0.005
0.175 0.625 0.000 0.005
0.175 0.642 0.000 0.005
0.175 0.658 0.000 0.005
0.175 0.675 0.000 0.005
0.175 0.692 0.000 0.005
0.175 0.708 0.000 0.005
0.175 0.725 0.000 0.005
0.175 0.742 0.000 0.005
0.175 0.758 0.000 0.005
0.175 0.775 0.000 0.005
0.175 0.792 0.000 0.005
0.175 0.808 0.000 0.005
0.175 0.825 0.000 0.005
0.175 0.842 0.000 0.005
0.175 0.858 0.000 0.005
0.175 0.875 0.000 0.005
0.175 0.892 0.000 0.005
0.175 0.908 0.000 0.005
0.175 0.925 0.000 0.005
0.175 0.942 0.000 0.005
0.175 0.958 0.000 0.005
0.175 0.975 0.000 0.005
0.175 0.992 0.000 0.005
0.192 0.008 0.000 0.005
0.192 0.025 0.000 0.005
0.192 0.042 0.000 0.005
0.192 0.058 0.000 0.005
0.192 0.075 0.000 0.005
0.192 0.092 0.000 0.005
0.192 0.108 0.000 0.005
0.192 0.125 0.000 0.005
0.192 0.142 0.000 0.005
0.192 0.158 0.000 0.005
0.192 0.175 0.000 0.005
0.192 0.192 0.000 0.005
0.192 0.208 0.000 0.005
0.192 0.225 0.000 0.005
0.192 0.242 0.000 0.005
0.192 0.258 0.000 0.005
0.192 0.275 0.000 0.005
0.192 0.292 0.000 0.005
0.192 0.308 0.000 0.005
0.192 0.325 0.000 0.005
0.192 0.342 0.000 0.005
0.192 0.358 0.000 0.005
0.192 0.375 0.000 0.005
0.192 0.392 0.000 0.005
0.192 0.408 0.000 0.005
0.192 0.425 0.000 0.005
0.192 0.442 0.000 0.005
0.192 0.458 0.000 0.005
0.192 0.475 0.000 0.005
0.192 0.492 0.000 0.005
0.192 0.508 0.000 0.005
0.192 0.525 0.000 0.005
0.192 0.542 0.000 0.005
0.192 0.558 0.000 0.005
0.192 0.575 0.000 0.005
0.192 0.592 0.000 0.005
0.192 0.608 0.000 0.005
0.192 0.625 0.000 0.005
0.192 0.642 0.000 0.005
0.192 0.658 0.000 0.005
0.192 0.675 0.000 0.005
0.192 0.692 0.000 0.005
0.192 0.708 0.000 0.005
0.192 0.725 0.000 0.005
0.192 0.742 0.000 0.005
0.192 0.758 0.000 0.005
0.192 0.775 0.000 0.005
0.192 0.792 0.000 0.005
0.192 0.808 0.000 0.005
0.192 0.825 0.000 0.005
0.192 0.842 0.000 0.005
0.192 0.858 0.000 0.005
0.192 0.875 0.000 0.005
0.192 0.892 0.000 0.005
0.192 0.908 0.000 0.005
0.192 0.925 0.000 0.005
0.192 0.942 0.000 0.005
0.192 0.958 0.000 0.005
0.192 0.975 0.000 0.005
0.192 0.992 0.000 0.005
0.208 0.008 0.000 0.005
0.208 0.025 0.000 0.005
0.208 0.042 0.000 0.005
0.208 0.058 0.000 0.005
0.208 0.075 0.000 0.005
0.208 0.092 0.000 0.005
0.208 0.108 0.000 0.005
0.208 0.125 0.000 0.005
0.208 0.142 0.000 0.005
0.208 0.158 0.000 0.005
0.208 0.175 0.000 0.005
0.208 0.192 0.000 0.005
0.208 0.208 0.000 0.005
0.208 0.225 0.000 0.005
0.208 0.242 0.000 0.005
0.208 0.258 0.000 0.005
0.208 0.275 0.000 0.005
0.208 0.292 0.000 0.005
0.208 0.308 0.000 0.005
0.208 0.325 0.000 0.005
0.208 0.342 0.000 0.005
0.208 0.358 0.000 0.005
0.208 0.375 0.000 0.005
0.208 0.392 0.000 0.005
0.208 0.408 0.000 0.005
0.208 0.425 0.000 0.005
0.208 0.442 0.000 0.005
0.208 0.458 0.000 0.005
0.208 0.475 0.000 0.005
0.208 0.492 0.000 0.005
0.208 0.508 0.000 0.005
0.208 0.525 0.000 0.005
0.208 0.542 0.000 0.005
0.208 0.558 0.000 0.005
0.208 0.575 0.000 0.005
0.208 0.592 0.000 0.005
0.208 0.608 0.000 0.005
0.208 0.625 0.000 0.005
0.208 0.642 0.000 0.005
0.208 0.658 0.000 0.005
0.208 0.675 0.000 0.005
0.208 0.692 0.000 0.005
0.208 0.708 0.000 0.005
0.208 0.725 0.000 0.005
0.208 0.742 0.000 0.005
0.208 0.758 0.000 0.005
0.208 0.775 0.000 0.005
0.208 0.792 0.000 0.005
0.208 0.808 0.000 0.005
0.208 0.825 0.000 0.005
0.208 0.842 0.000 0.005
0.208 0.858 0.000 0.005
0.208 0.875 0.000 0.005
0.208 0.892 0.000 0.005
0.208 0.908 0.000 0.005
0.208 0.925 0.000 0.005
0.208 0.942 0.000 0.005
0.208 0.958 0.000 0.005
0.208 0.975 0.000 0.005
0.208 0.992 0.000 0.005
0.225 0.008 0.000 0.005
0.225 0.025 0.000 0.005
0.225 0.042 0.000 0.005
0.225 0.058 0.000 0.005
0.225 0.075 0.000 0.005
0.225 0.092 0.000 0.005
0.225 0.108 0.000 0.005
0.225 0.125 0.000 0.005
0.225 0.142 0.000 0.005
0.225 0.158 0.000 0.005
0.225 0.175 0.000 0.005
0.225 0.192 0.000 0.005
0.225 0.208 0.000 0.005
0.225 0.225 0.000 0.005
0.225 0.242 0.000 0.005
0.225 0.258 0.000 0.005
0.225 0.275 0.000 0.005
0.225 0.292 0.000 0.005
0.225 0.308 0.000 0.005
0.225 0.325 0.000 0.005
0.225 0.342 0.000 0.005
0.225 0.358 0.000 0.005
0.225 0.375 0.000 0.005
0.225 0.392 0.000 0.005
0.225 0.408 0.000 0.005
0.225 0.425 0.000 0.005
0.225 0.442 0.000 0.005
0.225 0.458 0.000 0.005
0.225 0.475 0.000 0.005
0.225 0.492 0.000 0.005
0.225 0.508 0.000 0.005
0.225 0.525 0.000 0.005
0.225 0.542 0.000 0.005
0.225 0.558 0.000 0.005
0.225 0.575 0.000 0.005
0.225 0.592 0.000 0.005
0.225 0.608 0.000 0.005
0.225 0.625 0.000 0.005
0.225 0.642 0.000 0.005
0.225 0.658 0.000 0.005
0.225 0.675 0.000 0.005
0.225 0.692 0.000 0.005
0.225 0.708 0.000 0.005
0.225 0.725 0.000 0.005
0.225 0.742 0.000 0.005
0.225 0.758 0.000 0.005
0.225 0.775 0.000 0.005
0.225 0.792 0.000 0.005
0.225 0.808 0.000 0.005
0.225 0.825 0.000 0.005
0.225 0.842 0.000 0.005
0.225 0.858 0.000 0.005
0.225 0.875 0.000 0.005
0.225 0.892 0.000 0.005
0.225 0.908 0.000 0.005
0.225 0.925 0.000 0.005
0.225 0.942 0.000 0.005
0.225 0.958 0.000 0.005
0.225 0.975 0.000 0.005
0.225 0.992 0.000 0.005
0.242 0.008 0.000 0.005
0.242 0.025 0.000 0.005
0.242 0.042 0.000 0.005
0.242 0.058 0.000 0.005
0.242 0.075 0.000 0.005
0.242 0.092 0.000 0.005
0.242 0.108 0.000 0.005
0.242 0.125 0.000 0.005
0.242 0.142 0.000 0.005
0.242 0.158 0.000 0.005
0.242 0.175 0.000 0.005
0.242 0.192 0.000 0.005
0.242 0.208 0.000 0.005
0.242 0.225 0.000 0.005
0.242 0.242 0.000 0.005
0.242 0.258 0.000 0.005
0.242 0.275 0.000 0.005
0.242 0.292 0.000 0.005
0.242 0.308 0.000 0.005
0.242 0.325 0.000 0.005
0.242 0.342 0.000 0.005
0.242 0.358 0.000 0.005
0.242 0.375 0.000 0.005
0.242 0.392 0.000 0.005
0.242 0.408 0.000 0.005
0.242 0.425 0.000 0.005
0.242 0.442 0.000 0.005
0.242 0.458 0.000 0.005
0.242 0.475 0.000 0.005
0.242 0.492 0.000 0.005
0.242 0.508 0.000 0.005
0.242 0.525 0.000 0.005
0.242 0.542 0.000 0.005
0.242 0.558 0.000 0.005
0.242 0.575 0.000 0.005
0.242 0.592 0.000 0.005
0.242 0.608 0.000 0.005
0.242 0.625 0.000 0.005
0.242 0.642 0.000 0.005
0.242 0.658 0.000 0.005
0.242 0.675 0.000 0.005
0.242 0.692 0.000 0.005
0.242 0.708 0.000 0.005
0.242 0.725 0.000 0.005
0.242 0.742 0.000 0.005
0.242 0.758 0.000 0.005
0.242 0.775 0.000 0.005
0.242 0.792 0.000 0.005
0.242 0.808 0.000 0.005
0.242 0.825 0.000 0.005
0.242 0.842 0.000 0.005
0.242 0.858 0.000 0.005
0.242 0.875 0.000 0.005
0.242 0.892 0.000 0.005
0.242 0.908 0.000 0.005
0.242 0.925 0.000 0.005
0.242 0.942 0.000 0.005
0.242 0.958 0.000 0.005
0.242 0.975 0.000 0.005
0.242 0.992 0.000 0.005
0.258 0.008 0.000 0.005
0.258 0.025 0.000 0.005
0.258 0.042 0.000 0.005
0.258 0.058 0.000 0.005
0.258 0.075 0.000 0.005
0.258 0.092 0.000 0.005
0.258 0.108 0.000 0.005
0.258 0.125 0.000 0.005
0.258 0.142 0.000 0.005
0.258 0.158 0.000 0.005
0.258 0.175 0.000 0.005
0.258 0.192 0.000 0.005
0.258 0.208 0.000 0.005
0.258 0.225 0.000 0.005
0.258 0.242 0.000 0.005
0.258 0.258 0.000 0.005
0.258 0.275 0.000 0.005
0.258 0.292 0.000 0.005
0.258 0.308 0.000 0.005
0.258 0.325 0.000 0.005
0.258 0.342 0.000 0.005
0.258 0.358 0.000 0.005
0.258 0.375 0.000 0.005
0.258 0.392 0.000 0.005
0.258 0.408 0.000 0.005
0.258 0.425 0.000 0.005
0.258 0.442 0.000 0.005
0.258 0.458 0.000 0.005
0.258 0.475 0.000 0.005
0.258 0.492 0.000 0.005
0.258 0.508 0.000 0.005
0.258 0.525 0.000 0.005
0.258 0.542 0.000 0.005
0.258 0.558 0.000 0.005
0.258 0.575 0.000 0.005
0.258 0.592 0.000 0.005
0.258 0.608 0.000 0.005
0.258 0.625 0.000 0.005
0.258 0.642 0.000 0.005
0.258 0.658 0.000 0.005
0.258 0.675 0.000 0.005
0.258 0.692 0.000 0.005
0.258 0.708 0.000 0.005
0.258 0.725 0.000 0.005
0.258 0.742 0.000 0.005
0.258 0.758 0.000 0.005
0.258 0.775 0.000 0.005
0.258 0.792 0.000 0.005
0.258 0.808 0.000 0.005
0.258 0.825 0.000 0.005
0.258 0.842 0.000 0.005
0.258 0.858 0.000 0.005
0.258 0.875 0.000 0.005
0.258 0.892 0.000 0.005
0.258 0.908 0.000 0.005
0.258 0.925 0.000 0.005
0.258 0.942 0.000 0.005
0.258 0.958 0.000 0.005
0.258 0.975 0.000 0.005
0.258 0.992 0.000 0.005
0.275 0.008 0.000 0.005
0.275 0.025 0.000 0.005
0.275 0.042 0.000 0.005
0.275 0.058 0.000 0.005
0.275 0.075 0.000 0.005
0.275 0.092 0.000 0.005
0.275 0.108 0.000 0.005
0.275 0.125 0.000 0.005
0.275 0.142 0.000 0.005
0.275 0.158 0.000 0.005
0.275 0.175 0.000 0.005
0.275 0.192 0.000 0.005
0.275 0.208 0.000 0.005
0.275 0.225 0.000 0.005
0.275 0.242 0.000 0.005
0.275 0.258 0.000 0.005
0.275 0.275 0.000 0.005
0.275 0.292 0.000 0.005
0.275 0.308 0.000 0.005
0.275 0.325 0.000 0.005
0.275 0.342 0.000 0.005
0.275 0.358 0.000 0.005
0.275 0.375 0.000 0.005
0.275 0.392 0.000 0.005
0.275 0.408 0.000 0.005
0.275 0.425 0.000 0.005
0.275 0.442 0.000 0.005
0.275 0.458 0.000 0.005
0.275 0.475 0.000 0.005
0.275 0.492 0.000 0.005
0.275 0.508 0.000 0.005
0.275 0.525 0.000 0.005
0.275 0.542 0.000 0.005
0.275 0.558 0.000 0.005
0.275 0.575 0.000 0.005
0.275 0.592 0.000 0.005
0.275 0.608 0.000 0.005
0.275 0.625 0.000 0.005
0.275 0.642 0.000 0.005
0.275 0.658 0.000 0.005
0.275 0.675 0.000 0.005
0.275 0.692 0.000 0.005
0.275 0.708 0.000 0.005
0.275 0.725 0.000 0.005
0.275 0.742 0.000 0.005
0.275 0.758 0.000 0.005
0.275 0.775 0.000 0.005
0.275 0.792 0.000 0.005
0.275 0.808 0.000 0.005
0.275 0.825 0.000 0.005
0.275 0.842 0.000 0.005
0.275 0.858 0.000 0.005
0.275 0.875 0.000 0.005
0.275 0.892 0.000 0.005
0.275 0.908 0.000 0.005
0.275 0.925 0.000 0.005
0.275 0.942 0.000 0.005
0.275 0.958 0.000 0.005
0.275 0.975 0.000 0.005
0.275 0.992 0.000 0.005
0.292 0.008 0.000 0.005
0.292 0.025 0.000 0.005
0.292 0.042 0.000 0.005
0.292 0.058 0.000 0.005
0.292 0.075 0.000 0.005
0.292 0.092 0.000 0.005
0.292 0.108 0.000 0.005
0.292 0.125 0.000 0.005
0.292 0.142 0.000 0.005
0.292 0.158 0.000 0.005
0.292 0.175 0.000 0.005
0.292 0.192 0.000 0.005
0.292 0.208 0.000 0.005
0.292 0.225 0.000 0.005
0.292 0.242 0.000 0.005
0.292 0.258 0.000 0.005
0.292 0.275 0.000 0.005
0.292 0.292 0.000 0.005
0.292 0.308 0.000 0.005
0.292 0.325 0.000 0.005
0.292 0.342 0.000 0.005
0.292 0.358 0.000 0.005
0.292 0.375 0.000 0.005
0.292 0.392 0.000 0.005
0.292 0.408 0.000 0.005
0.292 0.425 0.000 0.005
0.292 0.442 0.000 0.005
0.292 0.458 0.000 0.005
0.292 0.475 0.000 0.005
0.292 0.492 0.000 0.005
0.292 0.508 0.000 0.005
0.292 0.525 0.000 0.005
0.292 0.542 0.000 0.005
0.292 0.558 0.000 0.005
0.292 0.575 0.000 0.005
0.292 0.592 0.000 0.005
0.292 0.608 0.000 0.005
0.292 0.625 0.000 0.005
0.292 0.642 0.000 0.005
0.292 0.658 0.000 0.005
0.292 0.675 0.000 0.005
0.292 0.692 0.000 0.005
0.292 0.708 0.000 0.005
0.292 0.725 0.000 0.005
0.292 0.742 0.000 0.005
0.292 0.758 0.000 0.005
0.292 0.775 0.000 0.005
0.292 0.792 0.000 0.005
0.292 0.808 0.000 0.005
0.292 0.825 0.000 0.005
0.292 0.842 0.000 0.005
0.292 0.858 0.000 0.005
0.292 0.875 0.000 0.005
0.292 0.892 0.000 0.005
0.292 0.908 0.000 0.005
0.292 0.925 0.000 0.005
0.292 0.942 0.000 0.005
0.292 0.958 0.000 0.005
0.292 0.975 0.000 0.005
0.292 0.992 0.000 0.005
0.308 0.008 0.000 0.005
0.308 0.025 0.000 0.005
0.308 0.042 0.000 0.005
0.308 0.058 0.000 0.005
0.308 0.075 0.000 0.005
0.308 0.092 0.000 0.005
0.308 0.108 0.000 0.005
0.308 0.125 0.000 0.005
0.308 0.142 0.000 0.005
0.308 0.158 0.000 0.005
0.308 0.175 0.000 0.005
0.308 0.192 0.000 0.005
0.308 0.208 0.000 0.005
0.308 0.225 0.000 0.005
0.308 0.242 0.000 0.005
0.308 0.258 0.000 0.005
0.308 0.275 0.000 0.005
0.308 0.292 0.000 0.005
0.308 0.308 0.000 0.005
0.308 0.325 0.000 0.005
0.308 0.342 0.000 0.005
0.308 0.358 0.000 0.005
0.308 0.375 0.000 0.005
0.308 0.392 0.000 0.005
0.308 0.408 0.000 0.005
0.308 0.425 0.000 0.005
0.308 0.442 0.000 0.005
0.308 0.458 0.000 0.005
0.308 0.475 0.000 0.005
0.308 0.492 0.000 0.005
0.308 0.508 0.000 0.005
0.308 0.525 0.000 0.005
0.308 0.542 0.000 0.005
0.308 0.558 0.000 0.005
0.308 0.575 0.000 0.005
0.308 0.592 0.000 0.005
0.308 0.608 0.000 0.005
0.308 0.625 0.000 0.005
0.308 0.642 0.000 0.005
0.308 0.658 0.000 0.005
0.308 0.675 0.000 0.005
0.308 0.692 0.000 0.005
0.308 0.708 0.000 0.005
0.308 0.725 0.000 0.005
0.308 0.742 0.000 0.005
0.308 0.758 0.000 0.005
0.308 0.775 0.000 0.005
0.308 0.792 0.000 0.005
0.308 0.808 0.000 0.005
0.308 0.825 0.000 0.005
0.308 0.842 0.000 0.005
0.308 0.858 0.000 0.005
0.308 0.875 0.000 0.005
0.308 0.892 0.000 0.005
0.308 0.908 0.000 0.005
0.308 0.925 0.000 0.005
0.308 0.942 0.000 0.005
0.308 0.958 0.000 0.005
0.308 0.975 0.000 0.005
0.308 0.992 0.000 0.005
0.325 0.008 0.000 0.005
0.325 0.025 0.000 0.005
0.325 0.042 0.000 0.005
0.325 0.058 0.000 0.005
0.325 0.075 0.000 0.005
0.325 0.092 0.000 0.005
0.325 0.108 0.000 0.005
0.325 0.125 0.000 0.005
0.325 0.142 0.000 0.005
0.325 0.158 0.000 0.005
0.325 0.175 0.000 0.005
0.325 0.192 0.000 0.005
0.325 0.208 0.000 0.005
0.325 0.225 0.000 0.005
0.325 0.242 0.000 0.005
0.325 0.258 0.000 0.005
0.325 0.275 0.000 0.005
0.325 0.292 0.000 0.005
0.325 0.308 0.000 0.005
0.325 0.325 0.000 0.005
0.325 0.342 0.000 0.005
0.325 0.358 0.000 0.005
0.325 0.375 0.000 0.005
0.325 0.392 0.000 0.005
0.325 0.408 0.000 0.005
0.325 0.425 0.000 0.005
0.325 0.442 0.000 0.005
0.325 0.458 0.000 0.005
0.325 0.475 0.000 0.005
0.325 0.492 0.000 0.005
0.325 0.508 0.000 0.005
0.325 0.525 0.000 0.005
0.325 0.542 0.000 0.005
0.325 0.558 0.000 0.005
0.325 0.575 0.000 0.005
0.325 0.592 0.000 0.005
0.325 0.608 0.000 0.005
0.325 0.625 0.000 0.005
0.325 0.642 0.000 0.005
0.325 0.658 0.000 0.005
0.325 0.675 0.000 0.005
0.325 0.692 0.000 0.005
0.325 0.708 0.000 0.005
0.325 0.725 0.000 0.005
0.325 0.742 0.000 0.005
0.325 0.758 0.000 0.005
0.325 0.775 0.000 0.005
0.325 0.792 0.000 0.005
0.325 0.808 0.000 0.005
0.325 0.825 0.000 0.005
0.325 0.842 0.000 0.005
0.325 0.858 0.000 0.005
0.325 0.875 0.000 0.005
0.325 0.892 0.000 0.005
0.325 0.908 0.000 0.005
0.325 0.925 0.000 0.005
0.325 0.942 0.000 0.005
0.325 0.958 0.000 0.005
0.325 0.975 0.000 0.005
0.325 0.992 0.000 0.005
0.342 0.008 0.000 0.005
0.342 0.025 0.000 0.005
0.342 0.042 0.000 0.005
0.342 0.058 0.000 0.005
0.342 0.075 0.000 0.005
0.342 0.092 0.000 0.005
0.342 0.108 0.000 0.005
0.342 0.125 0.000 0.005
0.342 0.142 0.000 0.005
0.342 0.158 0.000 0.005
0.342 0.175 0.000 0.005
0.342 0.192 0.000 0.005
0.342 0.208 0.000 0.005
0.342 0.225 0.000 0.005
0.342 0.242 0.000 0.005
0.342 0.258 0.000 0.005
0.342 0.275 0.000 0.005
0.342 0.292 0.000 0.005
0.342 0.308 0.000 0.005
0.342 0.325 0.000 0.005
0.342 0.342 0.000 0.005
0.342 0.358 0.000 0.005
0.342 0.375 0.000 0.005
0.342 0.392 0.000 0.005
0.342 0.408 0.000 0.005
0.342 0.425 0.000 0.005
0.342 0.442 0.000 0.005
0.342 0.458 0.000 0.005
0.342 0.475 0.000 0.005
0.342 0.492 0.000 0.005
0.342 0.508 0.000 0.005
0.342 0.525 0.000 0.005
0.342 0.542 0.000 0.005
0.342 0.558 0.000 0.005
0.342 0.575 0.000 0.005
0.342 0.592 0.000 0.005
0.342 0.608 0.000 0.005
0.342 0.625 0.000 0.005
0.342 0.642 0.000 0.005
0.342 0.658 0.000 0.005
0.342 0.675 0.000 0.005
0.342 0.692 0.000 0.005
0.342 0.708 0.000 0.005
0.342 0.725 0.000 0.005
0.342 0.742 0.000 0.005
0.342 0.758 0.000 0.005
0.342 0.775 0.000 0.005
0.342 0.792 0.000 0.005
0.342 0.808 0.000 0.005
0.342 0.825 0.000 0.005
0.342 0.842 0.000 0.005
0.342 0.858 0.000 0.005
0.342 0.875 0.000 0.005
0.342 0.892 0.000 0.005
0.342 0.908 0.000 0.005
0.342 0.925 0.000 0.005
0.342 0.942 0.000 0.005
0.342 0.958 0.000 0.005
0.342 0.975 0.000 0.005
0.342 0.992 0.000 0.005
0.358 0.008 0.000 0.005
0.358 0.025 0.000 0.005
0.358 0.042 0.000 0.005
0.358 0.058 0.000 0.005
0.358 0.075 0.000 0.005
0.358 0.092 0.000 0.005
0.358 0.108 0.000 0.005
0.358 0.125 0.000 0.005
0.358 0.142 0.000 0.005
0.358 0.158 0.000 0.005
0.358 0.175 0.000 0.005
0.358 0.192 0.000 0.005
0.358 0.208 0.000 0.005
0.358 0.225 0.000 0.005
0.358 0.242 0.000 0.005
0.358 0.258 0.000 0.005
0.358 0.275 0.000 0.005
0.358 0.292 0.000 0.005
0.358 0.308 0.000 0.005
0.358 0.325 0.000 0.005
0.358 0.342 0.000 0.005
0.358 0.358 0.000 0.005
0.358 0.375 0.000 0.005
0.358 0.392 0.000 0.005
0.358 0.408 0.000 0.005
0.358 0.425 0.000 0.005
0.358 0.442 0.000 0.005
0.358 0.458 0.000 0.005
0.358 0.475 0.000 0.005
0.358 0.492 0.000 0.005
0.358 0.508 0.000 0.005
0.358 0.525 0.000 0.005
0.358 0.542 0.000 0.005
0.358 0.558 0.000 0.005
0.358 0.575 0.000 0.005
0.358 0.592 0.000 0.005
0.358 0.608 0.000 0.005
0.358 0.625 0.000 0.005
0.358 0.642 0.000 0.005
0.358 0.658 0.000 0.005
0.358 0.675 0.000 0.005
0.358 0.692 0.000 0.005
0.358 0.708 0.000 0.005
0.358 0.725 0.000 0.005
0.358 0.742 0.000 0.005
0.358 0.758 0.000 0.005
0.358 0.775 0.000 0.005
0.358 0.792 0.000 0.005
0.358 0.808 0.000 0.005
0.358 0.825 0.000 0.005
0.358 0.842 0.000 0.005
0.358 0.858 0.000 0.005
0.358 0.875 0.000 0.005
0.358 0.892 0.000 0.005
0.358 0.908 0.000 0.005
0.358 0.925 0.000 0.005
0.358 0.942 0.000 0.005
0.358 0.958 0.000 0.005
0.358 0.975 0.000 0.005
0.358 0.992 0.000 0.005
0.375 0.008 0.000 0.005
0.375 0.025 0.000 0.005
0.375 0.042 0.000 0.005
0.375 0.058 0.000 0.005
0.375 0.075 0.000 0.005
0.375 0.092 0.000 0.005
0.375 0.108 0.000 0.005
0.375 0.125 0.000 0.005
0.375 0.142 0.000 0.005
0.375 0.158 0.000 0.005
0.375 0.175 0.000 0.005
0.375 0.192 0.000 0.005
0.375 0.208 0.000 0.005
0.375 0.225 0.000 0.005
0.375 0.242 0.000 0.005
0.375 0.258 0.000 0.005
0.375 0.275 0.000 0.005
0.375 0.292 0.000 0.005
0.375 0.308 0.000 0.005
0.375 0.325 0.000 0.005
0.375 0.342 0.000 0.005
0.375 0.358 0.000 0.005
0.375 0.375 0.000 0.005
0.375 0.392 0.000 0.005
0.375 0.408 0.000 0.005
0.375 0.425 0.000 0.005
0.375 0.442 0.000 0.005
0.375 0.458 0.000 0.005
0.375 0.475 0.000 0.005
0.375 0.492 0.000 0.005
0.375 0.508 0.000 0.005
0.375 0.525 0.000 0.005
0.375 0.542 0.000 0.005
0.375 0.558 0.000 0.005
0.375 0.575 0.000 0.005
0.375 0.592 0.000 0.005
0.375 0.608 0.000 0.005
0.375 0.625 0.000 0.005
0.375 0.642 0.000 0.005
0.375 0.658 0.000 0.005
0.375 0.675 0.000 0.005
0.375 0.692 0.000 0.005
0.375 0.708 0.000 0.005
0.375 0.725 0.000 0.005
0.375 0.742 0.000 0.005
0.375 0.758 0.000 0.005
0.375 0.775 0.000 0.005
0.375 0.792 0.000 0.005
0.375 0.808 0.000 0.005
0.375 0.825 0.000 0.005
0.375 0.842 0.000 0.005
0.375 0.858 0.000 0.005
0.375 0.875 0.000 0.005
0.375 0.892 0.000 0.005
0.375 0.908 0.000 0.005
0.375 0.925 0.000 0.005
0.375 0.942 0.000 0.005
0.375 0.958 0.000 0.005
0.375 0.975 0.000 0.005
0.375 0.992 0.000 0.005
0.392 0.008 0.000 0.005
0.392 0.025 0.000 0.005
0.392 0.042 0.000 0.005
0.392 0.058 0.000 0.005
0.392 0.075 0.000 0.005
0.392 0.092 0.000 0.005
0.392 0.108 0.000 0.005
0.392 0.125 0.000 0.005
0.392 0.142 0.000 0.005
0.392 0.158 0.000 0.005
0.392 0.175 0.000 0.005
0.392 0.192 0.000 0.005
0.392 0.208 0.000 0.005
0.392 0.225 0.000 0.005
0.392 0.242 0.000 0.005
0.392 0.258 0.000 0.005
0.392 0.275 0.000 0.005
0.392 0.292 0.000 0.005
0.392 0.308 0.000 0.005
0.392 0.325 0.000 0.005
0.392 0.342 0.000 0.005
0.392 0.358 0.000 0.005
0.392 0.375 0.000 0.005
0.392 0.392 0.000 0.005
0.392 0.408 0.000 0.005
0.392 0.425 0.000 0.005
0.392 0.442 0.000 0.005
0.392 0.458 0.000 0.005
0.392 0.475 0.000 0.005
0.392 0.492 0.000 0.005
0.392 0.508 0.000 0.005
0.392 0.525 0.000 0.005
0.392 0.542 0.000 0.005
0.392 0.558 0.000 0.005
0.392 0.575 0.000 0.005
0.392 0.592 0.000 0.005
0.392 0.608 0.000 0.005
0.392 0.625 0.000 0.005
0.392 0.642 0.000 0.005
0.392 0.658 0.000 0.005
0.392 0.675 0.000 0.005
0.392 0.692 0.000 0.005
0.392 0.708 0.000 0.005
0.392 0.725 0.000 0.005
0.392 0.742 0.000 0.005
0.392 0.758 0.000 0.005
0.392 0.775 0.000 0.005
0.392 0.792 0.000 0.005
0.392 0.808 0.000 0.005
0.392 0.825 0.000 0.005
0.392 0.842 0.000 0.005
0.392 0.858 0.000 0.005
0.392 0.875 0.000 0.005
0.392 0.892 0.000 0.005
0.392 0.908 0.000 0.005
0.392 0.925 0.000 0.005
0.392 0.942 0.000 0.005
0.392 0.958 0.000 0.005
0.392 0.975 0.000 0.005
0.392 0.992 0.000 0.005
0.408 0.008 0.000 0.005
0.408 0.025 0.000 0.005
0.408 0.042 0.000 0.005
0.408 0.058 0.000 0.005
0.408 0.075 0.000 0.005
0.408 0.092 0.000 0.005
0.408 0.108 0.000 0.005
0.408 0.125 0.000 0.005
0.408 0.142 0.000 0.005
0.408 0.158 0.000 0.005
0.408 0.175 0.000 0.005
0.408 0.192 0.000 0.005
0.408 0.208 0.000 0.005
0.408 0.225 0.000 0.005
0.408 0.242 0.000 0.005
0.408 0.258 0.000 0.005
0.408 0.275 0.000 0.005
0.408 0.292 0.000 0.005
0.408 0.308 0.000 0.005
0.408 0.325 0.000 0.005
0.408 0.342 0.000 0.005
0.408 0.358 0.000 0.005
0.408 0.375 0.000 0.005
0.408 0.392 0.000 0.005
0.408 0.408 0.000 0.005
0.408 0.425 0.000 0.005
0.408 0.442 0.000 0.005
0.408 0.458 0.000 0.005
0.408 0.475 0.000 0.005
0.408 0.492 0.000 0.005
0.408 0.508 0.000 0.005
0.408 0.525 0.000 0.005
0.408 0.542 0.000 0.005
0.408 0.558 0.000 0.005
0.408 0.575 0.000 0.005
0.408 0.592 0.000 0.005
0.408 0.608 0.000 0.005
0.408 0.625 0.000 0.005
0.408 0.642 0.000 0.005
0.408 0.658 0.000 0.005
0.408 0.675 0.000 0.005
0.408 0.692 0.000 0.005
0.408 0.708 0.000 0.005
0.408 0.725 0.000 0.005
0.408 0.742 0.000 0.005
0.408 0.758 0.000 0.005
0.408 0.775 0.000 0.005
0.408 0.792 0.000 0.005
0.408 0.808 0.000 0.005
0.408 0.825 0.000 0.005
0.408 0.842 0.000 0.005
0.408 0.858 0.000 0.005
0.408 0.875 0.000 0.005
0.408 0.892 0.000 0.005
0.408 0.908 0.000 0.005
0.408 0.925 0.000 0.005
0.408 0.942 0.000 0.005
0.408 0.958 0.000 0.005
0.408 0.975 0.000 0.005
0.408 0.992 0.000 0.005
0.425 0.008 0.000 0.005
0.425 0.025 0.000 0.005
0.425 0.042 0.000 0.005
0.425 0.058 0.000 0.005
0.425 0.075 0.000 0.005
0.425 0.092 0.000 0.005
0.425 0.108 0.000 0.005
0.425 0.125 0.000 0.005
0.425 0.142 0.000 0.005
0.425 0.158 0.000 0.005
0.425 0.175 0.000 0.005
0.425 0.192 0.000 0.005
0.425 0.208 0.000 0.005
0.425 0.225 0.000 0.005
0.425 0.242 0.000 0.005
0.425 0.258 0.000 0.005
0.425 0.275 0.000 0.005
0.425 0.292 0.000 0.005
0.425 0.308 0.000 0.005
0.425 0.325 0.000 0.005
0.425 0.342 0.000 0.005
0.425 0.358 0.000 0.005
0.425 0.375 0.000 0.005
0.425 0.392 0.000 0.005
0.425 0.408 0.000 0.005
0.425 0.425 0.000 0.005
0.425 0.442 0.000 0.005
0.425 0.458 0.000 0.005
0.425 0.475 0.000 0.005
0.425 0.492 0.000 0.005
0.425 0.508 0.000 0.005
0.425 0.525 0.000 0.005
0.425 0.542 0.000 0.005
0.425 0.558 0.000 0.005
0.425 0.575 0.000 0.005
0.425 0.592 0.000 0.005
0.425 0.608 0.000 0.005
0.425 0.625 0.000 0.005
0.425 0.642 0.000 0.005
0.425 0.658 0.000 0.005
0.425 0.675 0.000 0.005
0.425 0.692 0.000 0.005
0.425 0.708 0.000 0.005
0.425 0.725 0.000 0.005
0.425 0.742 0.000 0.005
0.425 0.758 0.000 0.005
0.425 0.775 0.000 0.005
0.425 0.792 0.000 0.005
0.425 0.808 0.000 0.005
0.425 0.825 0.000 0.005
0.425 0.842 0.000 0.005
0.425 0.858 0.000 0.005
0.425 0.875 0.000 0.005
0.425 0.892 0.000 0.005
0.425 0.908 0.000 0.005
0.425 0.925 0.000 0.005
0.425 0.942 0.000 0.005
0.425 0.958 0.000 0.005
0.425 0.975 0.000 0.005
0.425 0.992 0.000 0.005
0.442 0.008 0.000 0.005
0.442 0.025 0.000 0.005
0.442 0.042 0.000 0.005
0.442 0.058 0.000 0.005
0.442 0.075 0.000 0.005
0.442 0.092 0.000 0.005
0.442 0.108 0.000 0.005
0.442 0.125 0.000 0.005
0.442 0.142 0.000 0.005
0.442 0.158 0.000 0.005
0.442 0.175 0.000 0.005
0.442 0.192 0.000 0.005
0.442 0.208 0.000 0.005
0.442 0.225 0.000 0.005
0.442 0.242 0.000 0.005
0.442 0.258 0.000 0.005
0.442 0.275 0.000 0.005
0.442 0.292 0.000 0.005
0.442 0.308 0.000 0.005
0.442 0.325 0.000 0.005
0.442 0.342 0.000 0.005
0.442 0.358 0.000 0.005
0.442 0.375 0.000 0.005
0.442 0.392 0.000 0.005
0.442 0.408 0.000 0.005
0.442 0.425 0.000 0.005
0.442 0.442 0.000 0.005
0.442 0.458 0.000 0.005
0.442 0.475 0.000 0.005
0.442 0.492 0.000 0.005
0.442 0.508 0.000 0.005
0.442 0.525 0.000 0.005
0.442 0.542 0.000 0.005
0.442 0.558 0.000 0.005
0.442 0.575 0.000 0.005
0.442 0.592 0.000 0.005
0.442 0.608 0.000 0.005
0.442 0.625 0.000 0.005
0.442 0.642 0.000 0.005
0.442 0.658 0.000 0.005
0.442 0.675 0.000 0.005
0.442 0.692 0.000 0.005
0.442 0.708 0.000 0.005
0.442 0.725 0.000 0.005
0.442 0.742 0.000 0.005
0.442 0.758 0.000 0.005
0.442 0.775 0.000 0.005
0.442 0.792 0.000 0.005
0.442 0.808 0.000 0.005
0.442 0.825 0.000 0.005
0.442 0.842 0.000 0.005
0.442 0.858 0.000 0.005
0.442 0.875 0.000 0.005
0.442 0.892 0.000 0.005
0.442 0.908 0.000 0.005
0.442 0.925 0.000 0.005
0.442 0.942 0.000 0.005
0.442 0.958 0.000 0.005
0.442 0.975 0.000 0.005
0.442 0.992 0.000 0.005
0.458 0.008 0.000 0.005
0.458 0.025 0.000 0.005
0.458 0.042 0.000 0.005
0.458 0.058 0.000 0.005
0.458 0.075 0.000 0.005
0.458 0.092 0.000 0.005
0.458 0.108 0.000 0.005
0.458 0.125 0.000 0.005
0.458 0.142 0.000 0.005
0.458 0.158 0.000 0.005
0.458 0.175 0.000 0.005
0.458 0.192 0.000 0.005
0.458 0.208 0.000 0.005
0.458 0.225 0.000 0.005
0.458 0.242 0.000 0.005
0.458 0.258 0.000 0.005
0.458 0.275 0.000 0.005
0.458 0.292 0.000 0.005
0.458 0.308 0.000 0.005
0.458 0.325 0.000 0.005
0.458 0.342 0.000 0.005
0.458 0.358 0.000 0.005
0.458 0.375 0.000 0.005
0.458 0.392 0.000 0.005
0.458 0.408 0.000 0.005
0.458 0.425 0.000 0.005
0.458 0.442 0.000 0.005
0.458 0.458 0.000 0.005
0.458 0.475 0.000 0.005
0.458 0.492 0.000 0.005
0.458 0.508 0.000 0.005
0.458 0.525 0.000 0.005
0.458 0.542 0.000 0.005
0.458 0.558 0.000 0.005
0.458 0.575 0.000 0.005
0.458 0.592 0.000 0.005
0.458 0.608 0.000 0.005
0.458 0.625 0.000 0.005
0.458 0.642 0.000 0.005
0.458 0.658 0.000 0.005
0.458 0.675 0.000 0.005
0.458 0.692 0.000 0.005
0.458 0.708 0.000 0.005
0.458 0.725 0.000 0.005
0.458 0.742 0.000 0.005
0.458 0.758 0.000 0.005
0.458 0.775 0.000 0.005
0.458 0.792 0.000 0.005
0.458 0.808 0.000 0.005
0.458 0.825 0.000 0.005
0.458 0.842 0.000 0.005
0.458 0.858 0.000 0.005
0.458 0.875 0.000 0.005
0.458 0.892 0.000 0.005
0.458 0.908 0.000 0.005
0.458 0.925 0.000 0.005
0.458 0.942 0.000 0.005
0.458 0.958 0.000 0.005
0.458 0.975 0.000 0.005
0.458 0.992 0.000 0.005
0.475 0.008 0.000 0.005
0.475 0.025 0.000 0.005
0.475 0.042 0.000 0.005
0.475 0.058 0.000 0.005
0.475 0.075 0.000 0.005
0.475 0.092 0.000 0.005
0.475 0.108 0.000 0.005
0.475 0.125 0.000 0.005
0.475 0.142 0.000 0.005
0.475 0.158 0.000 0.005
0.475 0.175 0.000 0.005
0.475 0.192 0.000 0.005
0.475 0.208 0.000 0.005
0.475 0.225 0.000 0.005
0.475 0.242 0.000 0.005
0.475 0.258 0.000 0.005
0.475 0.275 0.000 0.005
0.475 0.292 0.000 0.005
0.475 0.308 0.000 0.005
0.475 0.325 0.000 0.005
0.475 0.342 0.000 0.005
0.475 0.358 0.000 0.005
0.475 0.375 0.000 0.005
0.475 0.392 0.000 0.005
0.475 0.408 0.000 0.005
0.475 0.425 0.000 0.005
0.475 0.442 0.000 0.005
0.475 0.458 0.000 0.005
0.475 0.475 0.000 0.005
0.475 0.492 0.000 0.005
0.475 0.508 0.000 0.005
0.475 0.525 0.000 0.005
0.475 0.542 0.000 0.005
0.475 0.558 0.000 0.005
0.475 0.575 0.000 0.005
0.475 0.592 0.000 0.005
0.475 0.608 0.000 0.005
0.475 0.625 0.000 0.005
0.475 0.642 0.000 0.005
0.475 0.658 0.000 0.005
0.475 0.675 0.000 0.005
0.475 0.692 0.000 0.005
0.475 0.708 0.000 0.005
0.475 0.725 0.000 0.005
0.475 0.742 0.000 0.005
0.475 0.758 0.000 0.005
0.475 0.775 0.000 0.005
0.475 0.792 0.000 0.005
0.475 0.808 0.000 0.005
0.475 0.825 0.000 0.005
0.475 0.842 0.000 0.005
0.475 0.858 0.000 0.005
0.475 0.875 0.000 0.005
0.475 0.892 0.000 0.005
0.475 0.908 0.000 0.005
0.475 0.925 0.000 0.005
0.475 0.942 0.000 0.005
0.475 0.958 0.000 0.005
0.475 0.975 0.000 0.005
0.475 0.992 0.000 0.005
0.492 0.008 0.000 0.005
0.492 0.025 0.000 0.005
0.492 0.042 0.000 0.005
0.492 0.058 0.000 0.005
0.492 0.075 0.000 0.005
0.492 0.092 0.000 0.005
0.492 0.108 0.000 0.005
0.492 0.125 0.000 0.005
0.492 0.142 0.000 0.005
0.492 0.158 0.000 0.005
0.492 0.175 0.000 0.005
0.492 0.192 0.000 0.005
0.492 0.208 0.000 0.005
0.492 0.225 0.000 0.005
0.492 0.242 0.000 0.005
0.492 0.258 0.000 0.005
0.492 0.275 0.000 0.005
0.492 0.292 0.000 0.005
0.492 0.308 0.000 0.005
0.492 0.325 0.000 0.005
0.492 0.342 0.000 0.005
0.492 0.358 0.000 0.005
0.492 0.375 0.000 0.005
0.492 0.392 0.000 0.005
0.492 0.408 0.000 0.005
0.492 0.425 0.000 0.005
0.492 0.442 0.000 0.005
0.492 0.458 0.000 0.005
0.492 0.475 0.000 0.005
0.492 0.492 0.000 0.005
0.492 0.508 0.000 0.005
0.492 0.525 0.000 0.005
0.492 0.542 0.000 0.005
0.492 0.558 0.000 0.005
0.492 0.575 0.000 0.005
0.492 0.592 0.000 0.005
0.492 0.608 0.000 0.005
0.492 0.625 0.000 0.005
0.492 0.642 0.000 0.005
0.492 0.658 0.000 0.005
0.492 0.675 0.000 0.005
0.492 0.692 0.000 0.005
0.492 0.708 0.000 0.005
0.492 0.725 0.000 0.005
0.492 0.742 0.000 0.005
0.492 0.758 0.000 0.005
0.492 0.775 0.000 0.005
0.492 0.792 0.000 0.005
0.492 0.808 0.000 0.005
0.492 0.825 0.000 0.005
0.492 0.842 0.000 0.005
0.492 0.858 0.000 0.005
0.492 0.875 0.000 0.005
0.492 0.892 0.000 0.005
0.492 0.908 0.000 0.005
0.492 0.925 0.000 0.005
0.492 0.942 0.000 0.005
0.492 0.958 0.000 0.005
0.492 0.975 0.000 0.005
0.492 0.992 0.000 0.005
0.508 0.008 0.000 0.005
0.508 0.025 0.000 0.005
0.508 0.042 0.000 0.005
0.508 0.058 0.000 0.005
0.508 0.075 0.000 0.005
0.508 0.092 0.000 0.005
0.508 0.108 0.000 0.005
0.508 0.125 0.000 0.005
0.508 0.142 0.000 0.005
0.508 0.158 0.000 0.005
0.508 0.175 0.000 0.005
0.508 0.192 0.000 0.005
0.508 0.208 0.000 0.005
0.508 0.225 0.000 0.005
0.508 0.242 0.000 0.005
0.508 0.258 0.000 0.005
0.508 0.275 0.000 0.005
0.508 0.292 0.000 0.005
0.508 0.308 0.000 0.005
0.508 0.325 0.000 0.005
0.508 0.342 0.000 0.005
0.508 0.358 0.000 0.005
0.508 0.375 0.000 0.005
0.508 0.392 0.000 0.005
0.508 0.408 0.000 0.005
0.508 0.425 0.000 0.005
0.508 0.442 0.000 0.005
0.508 0.458 0.000 0.005
0.508 0.475 0.000 0.005
0.508 0.492 0.000 0.005
0.508 0.508 0.000 0.005
0.508 0.525 0.000 0.005
0.508 0.542 0.000 0.005
0.508 0.558 0.000 0.005
0.508 0.575 0.000 0.005
0.508 0.592 0.000 0.005
0.508 0.608 0.000 0.005
0.508 0.625 0.000 0.005
0.508 0.642 0.000 0.005
0.508 0.658 0.000 0.005
0.508 0.675 0.000 0.005
0.508 0.692 0.000 0.005
0.508 0.708 0.000 0.005
0.508 0.725 0.000 0.005
0.508 0.742 0.000 0.005
0.508 0.758 0.000 0.005
0.508 0.775 0.000 0.005
0.508 0.792 0.000 0.005
0.508 0.808 0.000 0.005
0.508 0.825 0.000 0.005
0.508 0.842 0.000 0.005
0.508 0.858 0.000 0.005
0.508 0.875 0.000 0.005
0.508 0.892 0.000 0.005
0.508 0.908 0.000 0.005
0.508 0.925 0.000 0.005
0.508 0.942 0.000 0.005
0.508 0.958 0.000 0.005
0.508 0.975 0.000 0.005
0.508 0.992 0.000 0.005
0.525 0.008 0.000 0.005
0.525 0.025 0.000 0.005
0.525 0.042 0.000 0.005
0.525 0.058 0.000 0.005
0.525 0.075 0.000 0.005
0.525 0.092 0.000 0.005
0.525 0.108 0.000 0.005
0.525 0.125 0.000 0.005
0.525 0.142 0.000 0.005
0.525 0.158 0.000 0.005
0.525 0.175 0.000 0.005
0.525 0.192 0.000 0.005
0.525 0.208 0.000 0.005
0.525 0.225 0.000 0.005
0.525 0.242 0.000 0.005
0.525 0.258 0.000 0.005
0.525 0.275 0.000 0.005
0.525 0.292 0.000 0.005
0.525 0.308 0.000 0.005
0.525 0.325 0.000 0.005
0.525 0.342 0.000 0.005
0.525 0.358 0.000 0.005
0.525 0.375 0.000 0.005
0.525 0.392 0.000 0.005
0.525 0.408 0.000 0.005
0.525 0.425 0.000 0.005
0.525 0.442 0.000 0.005
0.525 0.458 0.000 0.005
0.525 0.475 0.000 0.005
0.525 0.492 0.000 0.005
0.525 0.508 0.000 0.005
0.525 0.525 0.000 0.005
0.525 0.542 0.000 0.005
0.525 0.558 0.000 0.005
0.525 0.575 0.000 0.005
0.525 0.592 0.000 0.005
0.525 0.608 0.000 0.005
0.525 0.625 0.000 0.005
0.525 0.642 0.000 0.005
0.525 0.658 0.000 0.005
0.525 0.675 0.000 0.005
0.525 0.692 0.000 0.005
0.525 0.708 0.000 0.005
0.525 0.725 0.000 0.005
0.525 0.742 0.000 0.005
0.525 0.758 0.000 0.005
0.525 0.775 0.000 0.005
0.525 0.792 0.000 0.005
0.525 0.808 0.000 0.005
0.525 0.825 0.000 0.005
0.525 0.842 0.000 0.005
0.525 0.858 0.000 0.005
0.525 0.875 0.000 0.005
0.525 0.892 0.000 0.005
0.525 0.908 0.000 0.005
0.525 0.925 0.000 0.005
0.525 0.942 0.000 0.005
0.525 0.958 0.000 0.005
0.525 0.975 0.000 0.005
0.525 0.992 0.000 0.005
0.542 0.008 0.000 0.005
0.542 0.025 0.000 0.005
0.542 0.042 0.000 0.005
0.542 0.058 0.000 0.005
0.542 0.075 0.000 0.005
0.542 0.092 0.000 0.005
0.542 0.108 0.000 0.005
0.542 0.125 0.000 0.005
0.542 0.142 0.000 0.005
0.542 0.158 0.000 0.005
0.542 0.175 0.000 0.005
0.542 0.192 0.000 0.005
0.542 0.208 0.000 0.005
0.542 0.225 0.000 0.005
0.542 0.242 0.000 0.005
0.542 0.258 0.000 0.005
0.542 0.275 0.000 0.005
0.542 0.292 0.000 0.005
0.542 0.308 0.000 0.005
0.542 0.325 0.000 0.005
0.542 0.342 0.000 0.005
0.542 0.358 0.000 0.005
0.542 0.375 0.000 0.005
0.542 0.392 0.000 0.005
0.542 0.408 0.000 0.005
0.542 0.425 0.000 0.005
0.542 0.442 0.000 0.005
0.542 0.458 0.000 0.005
0.542 0.475 0.000 0.005
0.542 0.492 0.000 0.005
0.542 0.508 0.000 0.005
0.542 0.525 0.000 0.005
0.542 0.542 0.000 0.005
0.542 0.558 0.000 0.005
0.542 0.575 0.000 0.005
0.542 0.592 0.000 0.005
0.542 0.608 0.000 0.005
0.542 0.625 0.000 0.005
0.542 0.642 0.000 0.005
0.542 0.658 0.000 0.005
0.542 0.675 0.000 0.005
0.542 0.692 0.000 0.005
0.542 0.708 0.000 0.005
0.542 0.725 0.000 0.005
0.542 0.742 0.000 0.005
0.542 0.758 0.000 0.005
0.542 0.775 0.000 0.005
0.542 0.792 0.000 0.005
0.542 0.808 0.000 0.005
0.542 0.825 0.000 0.005
0.542 0.842 0.000 0.005
0.542 0.858 0.000 0.005
0.542 0.875 0.000 0.005
0.542 0.892 0.000 0.005
0.542 0.908 0.000 0.005
0.542 0.925 0.000 0.005
0.542 0.942 0.000 0.005
0.542 0.958 0.000 0.005
0.542 0.975 0.000 0.005
0.542 0.992 0.000 0.005
0.558 0.008 0.000 0.005
0.558 0.025 0.000 0.005
0.558 0.042 0.000 0.005
0.558 0.058 0.000 0.005
0.558 0.075 0.000 0.005
0.558 0.092 0.000 0.005
0.558 0.108 0.000 0.005
0.558 0.125 0.000 0.005
0.558 0.142 0.000 0.005
0.558 0.158 0.000 0.005
0.558 0.175 0.000 0.005
0.558 0.192 0.000 0.005
0.558 0.208 0.000 0.005
0.558 0.225 0.000 0.005
0.558 0.242 0.000 0.005
0.558 0.258 0.000 0.005
0.558 0.275 0.000 0.005
0.558 0.292 0.000 0.005
0.558 0.308 0.000 0.005
0.558 0.325 0.000 0.005
0.558 0.342 0.000 0.005
0.558 0.358 0.000 0.005
0.558 0.375 0.000 0.005
0.558 0.392 0.000 0.005
0.558 0.408 0.000 0.005
0.558 0.425 0.000 0.005
0.558 0.442 0.000 0.005
0.558 0.458 0.000 0.005
0.558 0.475 0.000 0.005
0.558 0.492 0.000 0.005
0.558 0.508 0.000 0.005
0.558 0.525 0.000 0.005
0.558 0.542 0.000 0.005
0.558 0.558 0.000 0.005
0.558 0.575 0.000 0.005
0.558 0.592 0.000 0.005
0.558 0.608 0.000 0.005
0.558 0.625 0.000 0.005
0.558 0.642 0.000 0.005
0.558 0.658 0.000 0.005
0.558 0.675 0.000 0.005
0.558 0.692 0.000 0.005
0.558 0.708 0.000 0.005
0.558 0.725 0.000 0.005
0.558 0.742 0.000 0.005
0.558 0.758 0.000 0.005
0.558 0.775 0.000 0.005
0.558 0.792 0.000 0.005
0.558 0.808 0.000 0.005
0.558 0.825 0.000 0.005
0.558 0.842 0.000 0.005
0.558 0.858 0.000 0.005
0.558 0.875 0.000 0.005
0.558 0.892 0.000 0.005
0.558 0.908 0.000 0.005
0.558 0.925 0.000 0.005
0.558 0.942 0.000 0.005
0.558 0.958 0.000 0.005
0.558 0.975 0.000 0.005
0.558 0.992 0.000 0.005
0.575 0.008 0.000 0.005
0.575 0.025 0.000 0.005
0.575 0.042 0.000 0.005
0.575 0.058 0.000 0.005
0.575 0.075 0.000 0.005
0.575 0.092 0.000 0.005
0.575 0.108 0.000 0.005
0.575 0.125 0.000 0.005
0.575 0.142 0.000 0.005
0.575 0.158 0.000 0.005
0.575 0.175 0.000 0.005
0.575 0.192 0.000 0.005
0.575 0.208 0.000 0.005
0.575 0.225 0.000 0.005
0.575 0.242 0.000 0.005
0.575 0.258 0.000 0.005
0.575 0.275 0.000 0.005
0.575 0.292 0.000 0.005
0.575 0.308 0.000 0.005
0.575 0.325 0.000 0.005
0.575 0.342 0.000 0.005
0.575 0.358 0.000 0.005
0.575 0.375 0.000 0.005
0.575 0.392 0.000 0.005
0.575 0.408 0.000 0.005
0.575 0.425 0.000 0.005
0.575 0.442 0.000 0.005
0.575 0.458 0.000 0.005
0.575 0.475 0.000 0.005
0.575 0.492 0.000 0.005
0.575 0.508 0.000 0.005
0.575 0.525 0.000 0.005
0.575 0.542 0.000 0.005
0.575 0.558 0.000 0.005
0.575 0.575 0.000 0.005
0.575 0.592 0.000 0.005
0.575 0.608 0.000 0.005
0.575 0.625 0.000 0.005
0.575 0.642 0.000 0.005
0.575 0.658 0.000 0.005
0.575 0.675 0.000 0.005
0.575 0.692 0.000 0.005
0.575 0.708 0.000 0.005
0.575 0.725 0.000 0.005
0.575 0.742 0.000 0.005
0.575 0.758 0.000 0.005
0.575 0.775 0.000 0.005
0.575 0.792 0.000 0.005
0.575 0.808 0.000 0.005
0.575 0.825 0.000 0.005
0.575 0.842 0.000 0.005
0.575 0.858 0.000 0.005
0.575 0.875 0.000 0.005
0.575 0.892 0.000 0.005
0.575 0.908 0.000 0.005
0.575 0.925 0.000 0.005
0.575 0.942 0.000 0.005
0.575 0.958 0.000 0.005
0.575 0.975 0.000 0.005
0.575 0.992 0.000 0.005
0.592 0.008 0.000 0.005
0.592 0.025 0.000 0.005
0.592 0.042 0.000 0.005
0.592 0.058 0.000 0.005
0.592 0.075 0.000 0.005
0.592 0.092 0.000 0.005
0.592 0.108 0.000 0.005
0.592 0.125 0.000 0.005
0.592 0.142 0.000 0.005
0.592 0.158 0.000 0.005
0.592 0.175 0.000 0.005
0.592 0.192 0.000 0.005
0.592 0.208 0.000 0.005
0.592 0.225 0.000 0.005
0.592 0.242 0.000 0.005
0.592 0.258 0.000 0.005
0.592 0.275 0.000 0.005
0.592 0.292 0.000 0.005
0.592 0.308 0.000 0.005
0.592 0.325 0.000 0.005
0.592 0.342 0.000 0.005
0.592 0.358 0.000 0.005
0.592 0.375 0.000 0.005
0.592 0.392 0.000 0.005
0.592 0.408 0.000 0.005
0.592 0.425 0.000 0.005
0.592 0.442 0.000 0.005
0.592 0.458 0.000 0.005
0.592 0.475 0.000 0.005
0.592 0.492 0.000 0.005
0.592 0.508 0.000 0.005
0.592 0.525 0.000 0.005
0.592 0.542 0.000 0.005
0.592 0.558 0.000 0.005
0.592 0.575 0.000 0.005
0.592 0.592 0.000 0.005
0.592 0.608 0.000 0.005
0.592 0.625 0.000 0.005
0.592 0.642 0.000 0.005
0.592 0.658 0.000 0.005
0.592 0.675 0.000 0.005
0.592 0.692 0.000 0.005
0.592 0.708 0.000 0.005
0.592 0.725 0.000 0.005
0.592 0.742 0.000 0.005
0.592 0.758 0.000 0.005
0.592 0.775 0.000 0.005
0.592 0.792 0.000 0.005
0.592 0.808 0.000 0.005
0.592 0.825 0.000 0.005
0.592 0.842 0.000 0.005
0.592 0.858 0.000 0.005
0.592 0.875 0.000 0.005
0.592 0.892 0.000 0.005
0.592 0.908 0.000 0.005
0.592 0.925 0.000 0.005
0.592 0.942 0.000 0.005
0.592 0.958 0.000 0.005
0.592 0.975 0.000 0.005
0.592 0.992 0.000 0.005
0.608 0.008 0.000 0.005
0.608 0.025 0.000 0.005
0.608 0.042 0.000 0.005
0.608 0.058 0.000 0.005
0.608 0.075 0.000 0.005
0.608 0.092 0.000 0.005
0.608 0.108 0.000 0.005
0.608 0.125 0.000 0.005
0.608 0.142 0.000 0.005
0.608 0.158 0.000 0.005
0.608 0.175 0.000 0.005
0.608 0.192 0.000 0.005
0.608 0.208 0.000 0.005
0.608 0.225 0.000 0.005
0.608 0.242 0.000 0.005
0.608 0.258 0.000 0.005
0.608 0.275 0.000 0.005
0.608 0.292 0.000 0.005
0.608 0.308 0.000 0.005
0.608 0.325 0.000 0.005
0.608 0.342 0.000 0.005
0.608 0.358 0.000 0.005
0.608 0.375 0.000 0.005
0.608 0.392 0.000 0.005
0.608 0.408 0.000 0.005
0.608 0.425 0.000 0.005
0.608 0.442 0.000 0.005
0.608 0.458 0.000 0.005
0.608 0.475 0.000 0.005
0.608 0.492 0.000 0.005
0.608 0.508 0.000 0.005
0.608 0.525 0.000 0.005
0.608 0.542 0.000 0.005
0.608 0.558 0.000 0.005
0.608 0.575 0.000 0.005
0.608 0.592 0.000 0.005
0.608 0.608 0.000 0.005
0.608 0.625 0.000 0.005
0.608 0.642 0.000 0.005
0.608 0.658 0.000 0.005
0.608 0.675 0.000 0.005
0.608 0.692 0.000 0.005
0.608 0.708 0.000 0.005
0.608 0.725 0.000 0.005
0.608 0.742 0.000 0.005
0.608 0.758 0.000 0.005
0.608 0.775 0.000 0.005
0.608 0.792 0.000 0.005
0.608 0.808 0.000 0.005
0.608 0.825 0.000 0.005
0.608 0.842 0.000 0.005
0.608 0.858 0.000 0.005
0.608 0.875 0.000 0.005
0.608 0.892 0.000 0.005
0.608 0.908 0.000 0.005
0.608 0.925 0.000 0.005
0.608 0.942 0.000 0.005
0.608 0.958 0.000 0.005
0.608 0.975 0.000 0.005
0.608 0.992 0.000 0.005
0.625 0.008 0.000 0.005
0.625 0.025 0.000 0.005
0.625 0.042 0.000 0.005
0.625 0.058 0.000 0.005
0.625 0.075 0.000 0.005
0.625 0.092 0.000 0.005
0.625 0.108 0.000 0.005
0.625 0.125 0.000 0.005
0.625 0.142 0.000 0.005
0.625 0.158 0.000 0.005
0.625 0.175 0.000 0.005
0.625 0.192 0.000 0.005
0.625 0.208 0.000 0.005
0.625 0.225 0.000 0.005
0.625 0.242 0.000 0.005
0.625 0.258 0.000 0.005
0.625 0.275 0.000 0.005
0.625 0.292 0.000 0.005
0.625 0.308 0.000 0.005
0.625 0.325 0.000 0.005
0.625 0.342 0.000 0.005
0.625 0.358 0.000 0.005
0.625 0.375 0.000 0.005
0.625 0.392 0.000 0.005
0.625 0.408 0.000 0.005
0.625 0.425 0.000 0.005
0.625 0.442 0.000 0.005
0.625 0.458 0.000 0.005
0.625 0.475 0.000 0.005
0.625 0.492 0.000 0.005
0.625 0.508 0.000 0.005
0.625 0.525 0.000 0.005
0.625 0.542 0.000 0.005
0.625 0.558 0.000 0.005
0.625 0.575 0.000 0.005
0.625 0.592 0.000 0.005
0.625 0.608 0.000 0.005
0.625 0.625 0.000 0.005
0.625 0.642 0.000 0.005
0.625 0.658 0.000 0.005
0.625 0.675 0.000 0.005
0.625 0.692 0.000 0.005
0.625 0.708 0.000 0.005
0.625 0.725 0.000 0.005
0.625 0.742 0.000 0.005
0.625 0.758 0.000 0.005
0.625 0.775 0.000 0.005
0.625 0.792 0.000 0.005
0.625 0.808 0.000 0.005
0.625 0.825 0.000 0.005
0.625 0.842 0.000 0.005
0.625 0.858 0.000 0.005
0.625 0.875 0.000 0.005
0.625 0.892 0.000 0.005
0.625 0.908 0.000 0.005
0.625 0.925 0.000 0.005
0.625 0.942 0.000 0.005
0.625 0.958 0.000 0.005
0.625 0.975 0.000 0.005
0.625 0.992 0.000 0.005
0.642 0.008 0.000 0.005
0.642 0.025 0.000 0.005
0.642 0.042 0.000 0.005
0.642 0.058 0.000 0.005
0.642 0.075 0.000 0.005
0.642 0.092 0.000 0.005
0.642 0.108 0.000 0.005
0.642 0.125 0.000 0.005
0.642 0.142 0.000 0.005
0.642 0.158 0.000 0.005
0.642 0.175 0.000 0.005
0.642 0.192 0.000 0.005
0.642 0.208 0.000 0.005
0.642 0.225 0.000 0.005
0.642 0.242 0.000 0.005
0.642 0.258 0.000 0.005
0.642 0.275 0.000 0.005
0.642 0.292 0.000 0.005
0.642 0.308 0.000 0.005
0.642 0.325 0.000 0.005
0.642 0.342 0.000 0.005
0.642 0.358 0.000 0.005
0.642 0.375 0.000 0.005
0.642 0.392 0.000 0.005
0.642 0.408 0.000 0.005
0.642 0.425 0.000 0.005
0.642 0.442 0.000 0.005
0.642 0.458 0.000 0.005
0.642 0.475 0.000 0.005
0.642 0.492 0.000 0.005
0.642 0.508 0.000 0.005
0.642 0.525 0.000 0.005
0.642 0.542 0.000 0.005
0.642 0.558 0.000 0.005
0.642 0.575 0.000 0.005
0.642 0.592 0.000 0.005
0.642 0.608 0.000 0.005
0.642 0.625 0.000 0.005
0.642 0.642 0.000 0.005
0.642 0.658 0.000 0.005
0.642 0.675 0.000 0.005
0.642 0.692 0.000 0.005
0.642 0.708 0.000 0.005
0.642 0.725 0.000 0.005
0.642 0.742 0.000 0.005
0.642 0.758 0.000 0.005
0.642 0.775 0.000 0.005
0.642 0.792 0.000 0.005
0.642 0.808 0.000 0.005
0.642 0.825 0.000 0.005
0.642 0.842 0.000 0.005
0.642 0.858 0.000 0.005
0.642 0.875 0.000 0.005
0.642 0.892 0.000 0.005
0.642 0.908 0.000 0.005
0.642 0.925 0.000 0.005
0.642 0.942 0.000 0.005
0.642 0.958 0.000 0.005
0.642 0.975 0.000 0.005
0.642 0.992 0.000 0.005
0.658 0.008 0.000 0.005
0.658 0.025 0.000 0.005
0.658 0.042 0.000 0.005
0.658 0.058 0.000 0.005
0.658 0.075 0.000 0.005
0.658 0.092 0.000 0.005
0.658 0.108 0.000 0.005
0.658 0.125 0.000 0.005
0.658 0.142 0.000 0.005
0.658 0.158 0.000 0.005
0.658 0.175 0.000 0.005
0.658 0.192 0.000 0.005
0.658 0.208 0.000 0.005
0.658 0.225 0.000 0.005
0.658 0.242 0.000 0.005
0.658 0.258 0.000 0.005
0.658 0.275 0.000 0.005
0.658 0.292 0.000 0.005
0.658 0.308 0.000 0.005
0.658 0.325 0.000 0.005
0.658 0.342 0.000 0.005
0.658 0.358 0.000 0.005
0.658 0.375 0.000 0.005
0.658 0.392 0.000 0.005
0.658 0.408 0.000 0.005
0.658 0.425 0.000 0.005
0.658 0.442 0.000 0.005
0.658 0.458 0.000 0.005
0.658 0.475 0.000 0.005
0.658 0.492 0.000 0.005
0.658 0.508 0.000 0.005
0.658 0.525 0.000 0.005
0.658 0.542 0.000 0.005
0.658 0.558 0.000 0.005
0.658 0.575 0.000 0.005
0.658 0.592 0.000 0.005
0.658 0.608 0.000 0.005
0.658 0.625 0.000 0.005
0.658 0.642 0.000 0.005
0.658 0.658 0.000 0.005
0.658 0.675 0.000 0.005
0.658 0.692 0.000 0.005
0.658 0.708 0.000 0.005
0.658 0.725 0.000 0.005
0.658 0.742 0.000 0.005
0.658 0.758 0.000 0.005
0.658 0.775 0.000 0.005
0.658 0.792 0.000 0.005
0.658 0.808 0.000 0.005
0.658 0.825 0.000 0.005
0.658 0.842 0.000 0.005
0.658 0.858 0.000 0.005
0.658 0.875 0.000 0.005
0.658 0.892 0.000 0.005
0.658 0.908 0.000 0.005
0.658 0.925 0.000 0.005
0.658 0.942 0.000 0.005
0.658 0.958 0.000 0.005
0.658 0.975 0.000 0.005
0.658 0.992 0.000 0.005
0.675 0.008 0.000 0.005
0.675 0.025 0.000 0.005
0.675 0.042 0.000 0.005
0.675 0.058 0.000 0.005
0.675 0.075 0.000 0.005
0.675 0.092 0.000 0.005
0.675 0.108 0.000 0.005
0.675 0.125 0.000 0.005
0.675 0.142 0.000 0.005
0.675 0.158 0.000 0.005
0.675 0.175 0.000 0.005
0.675 0.192 0.000 0.005
0.675 0.208 0.000 0.005
0.675 0.225 0.000 0.005
0.675 0.242 0.000 0.005
0.675 0.258 0.000 0.005
0.675 0.275 0.000 0.005
0.675 0.292 0.000 0.005
0.675 0.308 0.000 0.005
0.675 0.325 0.000 0.005
0.675 0.342 0.000 0.005
0.675 0.358 0.000 0.005
0.675 0.375 0.000 0.005
0.675 0.392 0.000 0.005
0.675 0.408 0.000 0.005
0.675 0.425 0.000 0.005
0.675 0.442 0.000 0.005
0.675 0.458 0.000 0.005
0.675 0.475 0.000 0.005
0.675 0.492 0.000 0.005
0.675 0.508 0.000 0.005
0.675 0.525 0.000 0.005
0.675 0.542 0.000 0.005
0.675 0.558 0.000 0.005
0.675 0.575 0.000 0.005
0.675 0.592 0.000 0.005
0.675 0.608 0.000 0.005
0.675 0.625 0.000 0.005
0.675 0.642 0.000 0.005
0.675 0.658 0.000 0.005
0.675 0.675 0.000 0.005
0.675 0.692 0.000 0.005
0.675 0.708 0.000 0.005
0.675 0.725 0.000 0.005
0.675 0.742 0.000 0.005
0.675 0.758 0.000 0.005
0.675 0.775 0.000 0.005
0.675 0.792 0.000 0.005
0.675 0.808 0.000 0.005
0.675 0.825 0.000 0.005
0.675 0.842 0.000 0.005
0.675 0.858 0.000 0.005
0.675 0.875 0.000 0.005
0.675 0.892 0.000 0.005
0.675 0.908 0.000 0.005
0.675 0.925 0.000 0.005
0.675 0.942 0.000 0.005
0.675 0.958 0.000 0.005
0.675 0.975 0.000 0.005
0.675 0.992 0.000 0.005
0.692 0.008 0.000 0.005
0.692 0.025 0.000 0.005
0.692 0.042 0.000 0.005
0.692 0.058 0.000 0.005
0.692 0.075 0.000 0.005
0.692 0.092 0.000 0.005
0.692 0.108 0.000 0.005
0.692 0.125 0.000 0.005
0.692 0.142 0.000 0.005
0.692 0.158 0.000 0.005
0.692 0.175 0.000 0.005
0.692 0.192 0.000 0.005
0.692 0.208 0.000 0.005
0.692 0.225 0.000 0.005
0.692 0.242 0.000 0.005
0.692 0.258 0.000 0.005
0.692 0.275 0.000 0.005
0.692 0.292 0.000 0.005
0.692 0.308 0.000 0.005
0.692 0.325 0.000 0.005
0.692 0.342 0.000 0.005
0.692 0.358 0.000 0.005
0.692 0.375 0.000 0.005
0.692 0.392 0.000 0.005
0.692 0.408 0.000 0.005
0.692 0.425 0.000 0.005
0.692 0.442 0.000 0.005
0.692 0.458 0.000 0.005
0.692 0.475 0.000 0.005
0.692 0.492 0.000 0.005
0.692 0.508 0.000 0.005
0.692 0.525 0.000 0.005
0.692 0.542 0.000 0.005
0.692 0.558 0.000 0.005
0.692 0.575 0.000 0.005
0.692 0.592 0.000 0.005
0.692 0.608 0.000 0.005
0.692 0.625 0.000 0.005
0.692 0.642 0.000 0.005
0.692 0.658 0.000 0.005
0.692 0.675 0.000 0.005
0.692 0.692 0.000 0.005
0.692 0.708 0.000 0.005
0.692 0.725 0.000 0.005
0.692 0.742 0.000 0.005
0.692 0.758 0.000 0.005
0.692 0.775 0.000 0.005
0.692 0.792 0.000 0.005
0.692 0.808 0.000 0.005
0.692 0.825 0.000 0.005
0.692 0.842 0.000 0.005
0.692 0.858 0.000 0.005
0.692 0.875 0.000 0.005
0.692 0.892 0.000 0.005
0.692 0.908 0.000 0.005
0.692 0.925 0.000 0.005
0.692 0.942 0.000 0.005
0.692 0.958 0.000 0.005
0.692 0.975 0.000 0.005
0.692 0.992 0.000 0.005
0.708 0.008 0.000 0.005
0.708 0.025 0.000 0.005
0.708 0.042 0.000 0.005
0.708 0.058 0.000 0.005
0.708 0.075 0.000 0.005
0.708 0.092 0.000 0.005
0.708 0.108 0.000 0.005
0.708 0.125 0.000 0.005
0.708 0.142 0.000 0.005
0.708 0.158 0.000 0.005
0.708 0.175 0.000 0.005
0.708 0.192 0.000 0.005
0.708 0.208 0.000 0.005
0.708 0.225 0.000 0.005
0.708 0.242 0.000 0.005
0.708 0.258 0.000 0.005
0.708 0.275 0.000 0.005
0.708 0.292 0.000 0.005
0.708 0.308 0.000 0.005
0.708 0.325 0.000 0.005
0.708 0.342 0.000 0.005
0.708 0.358 0.000 0.005
0.708 0.375 0.000 0.005
0.708 0.392 0.000 0.005
0.708 0.408 0.000 0.005
0.708 0.425 0.000 0.005
0.708 0.442 0.000 0.005
0.708 0.458 0.000 0.005
0.708 0.475 0.000 0.005
0.708 0.492 0.000 0.005
0.708 0.508 0.000 0.005
0.708 0.525 0.000 0.005
0.708 0.542 0.000 0.005
0.708 0.558 0.000 0.005
0.708 0.575 0.000 0.005
0.708 0.592 0.000 0.005
0.708 0.608 0.000 0.005
0.708 0.625 0.000 0.005
0.708 0.642 0.000 0.005
0.708 0.658 0.000 0.005
0.708 0.675 0.000 0.005
0.708 0.692 0.000 0.005
0.708 0.708 0.000 0.005
0.708 0.725 0.000 0.005
0.708 0.742 0.000 0.005
0.708 0.758 0.000 0.005
0.708 0.775 0.000 0.005
0.708 0.792 0.000 0.005
0.708 0.808 0.000 0.005
0.708 0.825 0.000 0.005
0.708 0.842 0.000 0.005
0.708 0.858 0.000 0.005
0.708 0.875 0.000 0.005
0.708 0.892 0.000 0.005
0.708 0.908 0.000 0.005
0.708 0.925 0.000 0.005
0.708 0.942 0.000 0.005
0.708 0.958 0.000 0.005
0.708 0.975 0.000 0.005
0.708 0.992 0.000 0.005
0.725 0.008 0.000 0.005
0.725 0.025 0.000 0.005
0.725 0.042 0.000 0.005
0.725 0.058 0.000 0.005
0.725 0.075 0.000 0.005
0.725 0.092 0.000 0.005
0.725 0.108 0.000 0.005
0.725 0.125 0.000 0.005
0.725 0.142 0.000 0.005
0.725 0.158 0.000 0.005
0.725 0.175 0.000 0.005
0.725 0.192 0.000 0.005
0.725 0.208 0.000 0.005
0.725 0.225 0.000 0.005
0.725 0.242 0.000 0.005
0.725 0.258 0.000 0.005
0.725 0.275 0.000 0.005
0.725 0.292 0.000 0.005
0.725 0.308 0.000 0.005
0.725 0.325 0.000 0.005
0.725 0.342 0.000 0.005
0.725 0.358 0.000 0.005
0.725 0.375 0.000 0.005
0.725 0.392 0.000 0.005
0.725 0.408 0.000 0.005
0.725 0.425 0.000 0.005
0.725 0.442 0.000 0.005
0.725 0.458 0.000 0.005
0.725 0.475 0.000 0.005
0.725 0.492 0.000 0.005
0.725 0.508 0.000 0.005
0.725 0.525 0.000 0.005
0.725 0.542 0.000 0.005
0.725 0.558 0.000 0.005
0.725 0.575 0.000 0.005
0.725 0.592 0.000 0.005
0.725 0.608 0.000 0.005
0.725 0.625 0.000 0.005
0.725 0.642 0.000 0.005
0.725 0.658 0.000 0.005
0.725 0.675 0.000 0.005
0.725 0.692 0.000 0.005
0.725 0.708 0.000 0.005
0.725 0.725 0.000 0.005
0.725 0.742 0.000 0.005
0.725 0.758 0.000 0.005
0.725 0.775 0.000 0.005
0.725 0.792 0.000 0.005
0.725 0.808 0.000 0.005
0.725 0.825 0.000 0.005
0.725 0.842 0.000 0.005
0.725 0.858 0.000 0.005
0.725 0.875 0.000 0.005
0.725 0.892 0.000 0.005
0.725 0.908 0.000 0.005
0.725 0.925 0.000 0.005
0.725 0.942 0.000 0.005
0.725 0.958 0.000 0.005
0.725 0.975 0.000 0.005
0.725 0.992 0.000 0.005
0.742 0.008 0.000 0.005
0.742 0.025 0.000 0.005
0.742 0.042 0.000 0.005
0.742 0.058 0.000 0.005
0.742 0.075 0.000 0.005
0.742 0.092 0.000 0.005
0.742 0.108 0.000 0.005
0.742 0.125 0.000 0.005
0.742 0.142 0.000 0.005
0.742 0.158 0.000 0.005
0.742 0.175 0.000 0.005
0.742 0.192 0.000 0.005
0.742 0.208 0.000 0.005
0.742 0.225 0.000 0.005
0.742 0.242 0.000 0.005
0.742 0.258 0.000 0.005
0.742 0.275 0.000 0.005
0.742 0.292 0.000 0.005
0.742 0.308 0.000 0.005
0.742 0.325 0.000 0.005
0.742 0.342 0.000 0.005
0.742 0.358 0.000 0.005
0.742 0.375 0.000 0.005
0.742 0.392 0.000 0.005
0.742 0.408 0.000 0.005
0.742 0.425 0.000 0.005
0.742 0.442 0.000 0.005
0.742 0.458 0.000 0.005
0.742 0.475 0.000 0.005
0.742 0.492 0.000 0.005
0.742 0.508 0.000 0.005
0.742 0.525 0.000 0.005
0.742 0.542 0.000 0.005
0.742 0.558 0.000 0.005
0.742 0.575 0.000 0.005
0.742 0.592 0.000 0.005
0.742 0.608 0.000 0.005
0.742 0.625 0.000 0.005
0.742 0.642 0.000 0.005
0.742 0.658 0.000 0.005
0.742 0.675 0.000 0.005
0.742 0.692 0.000 0.005
0.742 0.708 0.000 0.005
0.742 0.725 0.000 0.005
0.742 0.742 0.000 0.005
0.742 0.758 0.000 0.005
0.742 0.775 0.000 0.005
0.742 0.792 0.000 0.005
0.742 0.808 0.000 0.005
0.742 0.825 0.000 0.005
0.742 0.842 0.000 0.005
0.742 0.858 0.000 0.005
0.742 0.875 0.000 0.005
0.742 0.892 0.000 0.005
0.742 0.908 0.000 0.005
0.742 0.925 0.000 0.005
0.742 0.942 0.000 0.005
0.742 0.958 0.000 0.005
0.742 0.975 0.000 0.005
0.742 0.992 0.000 0.005
0.758 0.008 0.000 0.005
0.758 0.025 0.000 0.005
0.758 0.042 0.000 0.005
0.758 0.058 0.000 0.005
0.758 0.075 0.000 0.005
0.758 0.092 0.000 0.005
0.758 0.108 0.000 0.005
0.758 0.125 0.000 0.005
0.758 0.142 0.000 0.005
0.758 0.158 0.000 0.005
0.758 0.175 0.000 0.005
0.758 0.192 0.000 0.005
0.758 0.208 0.000 0.005
0.758 0.225 0.000 0.005
0.758 0.242 0.000 0.005
0.758 0.258 0.000 0.005
0.758 0.275 0.000 0.005
0.758 0.292 0.000 0.005
0.758 0.308 0.000 0.005
0.758 0.325 0.000 0.005
0.758 0.342 0.000 0.005
0.758 0.358 0.000 0.005
0.758 0.375 0.000 0.005
0.758 0.392 0.000 0.005
0.758 0.408 0.000 0.005
0.758 0.425 0.000 0.005
0.758 0.442 0.000 0.005
0.758 0.458 0.000 0.005
0.758 0.475 0.000 0.005
0.758 0.492 0.000 0.005
0.758 0.508 0.000 0.005
0.758 0.525 0.000 0.005
0.758 0.542 0.000 0.005
0.758 0.558 0.000 0.005
0.758 0.575 0.000 0.005
0.758 0.592 0.000 0.005
0.758 0.608 0.000 0.005
0.758 0.625 0.000 0.005
0.758 0.642 0.000 0.005
0.758 0.658 0.000 0.005
0.758 0.675 0.000 0.005
0.758 0.692 0.000 0.005
0.758 0.708 0.000 0.005
0.758 0.725 0.000 0.005
0.758 0.742 0.000 0.005
0.758 0.758 0.000 0.005
0.758 0.775 0.000 0.005
0.758 0.792 0.000 0.005
0.758 0.808 0.000 0.005
0.758 0.825 0.000 0.005
0.758 0.842 0.000 0.005
0.758 0.858 0.000 0.005
0.758 0.875 0.000 0.005
0.758 0.892 0.000 0.005
0.758 0.908 0.000 0.005
0.758 0.925 0.000 0.005
0.758 0.942 0.000 0.005
0.758 0.958 0.000 0.005
0.758 0.975 0.000 0.005
0.758 0.992 0.000 0.005
0.775 0.008 0.000 0.005
0.775 0.025 0.000 0.005
0.775 0.042 0.000 0.005
0.775 0.058 0.000 0.005
0.775 0.075 0.000 0.005
0.775 0.092 0.000 0.005
0.775 0.108 0.000 0.005
0.775 0.125 0.000 0.005
0.775 0.142 0.000 0.005
0.775 0.158 0.000 0.005
0.775 0.175 0.000 0.005
0.775 0.192 0.000 0.005
0.775 0.208 0.000 0.005
0.775 0.225 0.000 0.005
0.775 0.242 0.000 0.005
0.775 0.258 0.000 0.005
0.775 0.275 0.000 0.005
0.775 0.292 0.000 0.005
0.775 0.308 0.000 0.005
0.775 0.325 0.000 0.005
0.775 0.342 0.000 0.005
0.775 0.358 0.000 0.005
0.775 0.375 0.000 0.005
0.775 0.392 0.000 0.005
0.775 0.408 0.000 0.005
0.775 0.425 0.000 0.005
0.775 0.442 0.000 0.005
0.775 0.458 0.000 0.005
0.775 0.475 0.000 0.005
0.775 0.492 0.000 0.005
0.775 0.508 0.000 0.005
0.775 0.525 0.000 0.005
0.775 0.542 0.000 0.005
0.775 0.558 0.000 0.005
0.775 0.575 0.000 0.005
0.775 0.592 0.000 0.005
0.775 0.608 0.000 0.005
0.775 0.625 0.000 0.005
0.775 0.642 0.000 0.005
0.775 0.658 0.000 0.005
0.775 0.675 0.000 0.005
0.775 0.692 0.000 0.005
0.775 0.708 0.000 0.005
0.775 0.725 0.000 0.005
0.775 0.742 0.000 0.005
0.775 0.758 0.000 0.005
0.775 0.775 0.000 0.005
0.775 0.792 0.000 0.005
0.775 0.808 0.000 0.005
0.775 0.825 0.000 0.005
0.775 0.842 0.000 0.005
0.775 0.858 0.000 0.005
0.775 0.875 0.000 0.005
0.775 0.892 0.000 0.005
0.775 0.908 0.000 0.005
0.775 0.925 0.000 0.005
0.775 0.942 0.000 0.005
0.775 0.958 0.000 0.005
0.775 0.975 0.000 0.005
0.775 0.992 0.000 0.005
0.792 0.008 0.000 0.005
0.792 0.025 0.000 0.005
0.792 0.042 0.000 0.005
0.792 0.058 0.000 0.005
0.792 0.075 0.000 0.005
0.792 0.092 0.000 0.005
0.792 0.108 0.000 0.005
0.792 0.125 0.000 0.005
0.792 0.142 0.000 0.005
0.792 0.158 0.000 0.005
0.792 0.175 0.000 0.005
0.792 0.192 0.000 0.005
0.792 0.208 0.000 0.005
0.792 0.225 0.000 0.005
0.792 0.242 0.000 0.005
0.792 0.258 0.000 0.005
0.792 0.275 0.000 0.005
0.792 0.292 0.000 0.005
0.792 0.308 0.000 0.005
0.792 0.325 0.000 0.005
0.792 0.342 0.000 0.005
0.792 0.358 0.000 0.005
0.792 0.375 0.000 0.005
0.792 0.392 0.000 0.005
0.792 0.408 0.000 0.005
0.792 0.425 0.000 0.005
0.792 0.442 0.000 0.005
0.792 0.458 0.000 0.005
0.792 0.475 0.000 0.005
0.792 0.492 0.000 0.005
0.792 0.508 0.000 0.005
0.792 0.525 0.000 0.005
0.792 0.542 0.000 0.005
0.792 0.558 0.000 0.005
0.792 0.575 0.000 0.005
0.792 0.592 0.000 0.005
0.792 0.608 0.000 0.005
0.792 0.625 0.000 0.005
0.792 0.642 0.000 0.005
0.792 0.658 0.000 0.005
0.792 0.675 0.000 0.005
0.792 0.692 0.000 0.005
0.792 0.708 0.000 0.005
0.792 0.725 0.000 0.005
0.792 0.742 0.000 0.005
0.792 0.758 0.000 0.005
0.792 0.775 0.000 0.005
0.792 0.792 0.000 0.005
0.792 0.808 0.000 0.005
0.792 0.825 0.000 0.005
0.792 0.842 0.000 0.005
0.792 0.858 0.000 0.005
0.792 0.875 0.000 0.005
0.792 0.892 0.000 0.005
0.792 0.908 0.000 0.005
0.792 0.925 0.000 0.005
0.792 0.942 0.000 0.005
0.792 0.958 0.000 0.005
0.792 0.975 0.000 0.005
0.792 0.992 0.000 0.005
0.808 0.008 0.000 0.005
0.808 0.025 0.000 0.005
0.808 0.042 0.000 0.005
0.808 0.058 0.000 0.005
0.808 0.075 0.000 0.005
0.808 0.092 0.000 0.005
0.808 0.108 0.000 0.005
0.808 0.125 0.000 0.005
0.808 0.142 0.000 0.005
0.808 0.158 0.000 0.005
0.808 0.175 0.000 0.005
0.808 0.192 0.000 0.005
0.808 0.208 0.000 0.005
0.808 0.225 0.000 0.005
0.808 0.242 0.000 0.005
0.808 0.258 0.000 0.005
0.808 0.275 0.000 0.005
0.808 0.292 0.000 0.005
0.808 0.308 0.000 0.005
0.808 0.325 0.000 0.005
0.808 0.342 0.000 0.005
0.808 0.358 0.000 0.005
0.808 0.375 0.000 0.005
0.808 0.392 0.000 0.005
0.808 0.408 0.000 0.005
0.808 0.425 0.000 0.005
0.808 0.442 0.000 0.005
0.808 0.458 0.000 0.005
0.808 0.475 0.000 0.005
0.808 0.492 0.000 0.005
0.808 0.508 0.000 0.005
0.808 0.525 0.000 0.005
0.808 0.542 0.000 0.005
0.808 0.558 0.000 0.005
0.808 0.575 0.000 0.005
0.808 0.592 0.000 0.005
0.808 0.608 0.000 0.005
0.808 0.625 0.000 0.005
0.808 0.642 0.000 0.005
0.808 0.658 0.000 0.005
0.808 0.675 0.000 0.005
0.808 0.692 0.000 0.005
0.808 0.708 0.000 0.005
0.808 0.725 0.000 0.005
0.808 0.742 0.000 0.005
0.808 0.758 0.000 0.005
0.808 0.775 0.000 0.005
0.808 0.792 0.000 0.005
0.808 0.808 0.000 0.005
0.808 0.825 0.000 0.005
0.808 0.842 0.000 0.005
0.808 0.858 0.000 0.005
0.808 0.875 0.000 0.005
0.808 0.892 0.000 0.005
0.808 0.908 0.000 0.005
0.808 0.925 0.000 0.005
0.808 0.942 0.000 0.005
0.808 0.958 0.000 0.005
0.808 0.975 0.000 0.005
0.808 0.992 0.000 0.005
0.825 0.008 0.000 0.005
0.825 0.025 0.000 0.005
0.825 0.042 0.000 0.005
0.825 0.058 0.000 0.005
0.825 0.075 0.000 0.005
0.825 0.092 0.000 0.005
0.825 0.108 0.000 0.005
0.825 0.125 0.000 0.005
0.825 0.142 0.000 0.005
0.825 0.158 0.000 0.005
0.825 0.175 0.000 0.005
0.825 0.192 0.000 0.005
0.825 0.208 0.000 0.005
0.825 0.225 0.000 0.005
0.825 0.242 0.000 0.005
0.825 0.258 0.000 0.005
0.825 0.275 0.000 0.005
0.825 0.292 0.000 0.005
0.825 0.308 0.000 0.005
0.825 0.325 0.000 0.005
0.825 0.342 0.000 0.005
0.825 0.358 0.000 0.005
0.825 0.375 0.000 0.005
0.825 0.392 0.000 0.005
0.825 0.408 0.000 0.005
0.825 0.425 0.000 0.005
0.825 0.442 0.000 0.005
0.825 0.458 0.000 0.005
0.825 0.475 0.000 0.005
0.825 0.492 0.000 0.005
0.825 0.508 0.000 0.005
0.825 0.525 0.000 0.005
0.825 0.542 0.000 0.005
0.825 0.558 0.000 0.005
0.825 0.575 0.000 0.005
0.825 0.592 0.000 0.005
0.825 0.608 0.000 0.005
0.825 0.625 0.000 0.005
0.825 0.642 0.000 0.005
0.825 0.658 0.000 0.005
0.825 0.675 0.000 0.005
0.825 0.692 0.000 0.005
0.825 0.708 0.000 0.005
0.825 0.725 0.000 0.005
0.825 0.742 0.000 0.005
0.825 0.758 0.000 0.005
0.825 0.775 0.000 0.005
0.825 0.792 0.000 0.005
0.825 0.808 0.000 0.005
0.825 0.825 0.000 0.005
0.825 0.842 0.000 0.005
0.825 0.858 0.000 0.005
0.825 0.875 0.000 0.005
0.825 0.892 0.000 0.005
0.825 0.908 0.000 0.005
0.825 0.925 0.000 0.005
0.825 0.942 0.000 0.005
0.825 0.958 0.000 0.005
0.825 0.975 0.000 0.005
0.825 0.992 0.000 0.005
0.842 0.008 0.000 0.005
0.842 0.025 0.000 0.005
0.842 0.042 0.000 0.005
0.842 0.058 0.000 0.005
0.842 0.075 0.000 0.005
0.842 0.092 0.000 0.005
0.842 0.108 0.000 0.005
0.842 0.125 0.000 0.005
0.842 0.142 0.000 0.005
0.842 0.158 0.000 0.005
0.842 0.175 0.000 0.005
0.842 0.192 0.000 0.005
0.842 0.208 0.000 0.005
0.842 0.225 0.000 0.005
0.842 0.242 0.000 0.005
0.842 0.258 0.000 0.005
0.842 0.275 0.000 0.005
0.842 0.292 0.000 0.005
0.842 0.308 0.000 0.005
0.842 0.325 0.000 0.005
0.842 0.342 0.000 0.005
0.842 0.358 0.000 0.005
0.842 0.375 0.000 0.005
0.842 0.392 0.000 0.005
0.842 0.408 0.000 0.005
0.842 0.425 0.000 0.005
0.842 0.442 0.000 0.005
0.842 0.458 0.000 0.005
0.842 0.475 0.000 0.005
0.842 0.492 0.000 0.005
0.842 0.508 0.000 0.005
0.842 0.525 0.000 0.005
0.842 0.542 0.000 0.005
0.842 0.558 0.000 0.005
0.842 0.575 0.000 0.005
0.842 0.592 0.000 0.005
0.842 0.608 0.000 0.005
0.842 0.625 0.000 0.005
0.842 0.642 0.000 0.005
0.842 0.658 0.000 0.005
0.842 0.675 0.000 0.005
0.842 0.692 0.000 0.005
0.842 0.708 0.000 0.005
0.842 0.725 0.000 0.005
0.842 0.742 0.000 0.005
0.842 0.758 0.000 0.005
0.842 0.775 0.000 0.005
0.842 0.792 0.000 0.005
0.842 0.808 0.000 0.005
0.842 0.825 0.000 0.005
0.842 0.842 0.000 0.005
0.842 0.858 0.000 0.005
0.842 0.875 0.000 0.005
0.842 0.892 0.000 0.005
0.842 0.908 0.000 0.005
0.842 0.925 0.000 0.005
0.842 0.942 0.000 0.005
0.842 0.958 0.000 0.005
0.842 0.975 0.000 0.005
0.842 0.992 0.000 0.005
0.858 0.008 0.000 0.005
0.858 0.025 0.000 0.005
0.858 0.042 0.000 0.005
0.858 0.058 0.000 0.005
0.858 0.075 0.000 0.005
0.858 0.092 0.000 0.005
0.858 0.108 0.000 0.005
0.858 0.125 0.000 0.005
0.858 0.142 0.000 0.005
0.858 0.158 0.000 0.005
0.858 0.175 0.000 0.005
0.858 0.192 0.000 0.005
0.858 0.208 0.000 0.005
0.858 0.225 0.000 0.005
0.858 0.242 0.000 0.005
0.858 0.258 0.000 0.005
0.858 0.275 0.000 0.005
0.858 0.292 0.000 0.005
0.858 0.308 0.000 0.005
0.858 0.325 0.000 0.005
0.858 0.342 0.000 0.005
0.858 0.358 0.000 0.005
0.858 0.375 0.000 0.005
0.858 0.392 0.000 0.005
0.858 0.408 0.000 0.005
0.858 0.425 0.000 0.005
0.858 0.442 0.000 0.005
0.858 0.458 0.000 0.005
0.858 0.475 0.000 0.005
0.858 0.492 0.000 0.005
0.858 0.508 0.000 0.005
0.858 0.525 0.000 0.005
0.858 0.542 0.000 0.005
0.858 0.558 0.000 0.005
0.858 0.575 0.000 0.005
0.858 0.592 0.000 0.005
0.858 0.608 0.000 0.005
0.858 0.625 0.000 0.005
0.858 0.642 0.000 0.005
0.858 0.658 0.000 0.005
0.858 0.675 0.000 0.005
0.858 0.692 0.000 0.005
0.858 0.708 0.000 0.005
0.858 0.725 0.000 0.005
0.858 0.742 0.000 0.005
0.858 0.758 0.000 0.005
0.858 0.775 0.000 0.005
0.858 0.792 0.000 0.005
0.858 0.808 0.000 0.005
0.858 0.825 0.000 0.005
0.858 0.842 0.000 0.005
0.858 0.858 0.000 0.005
0.858 0.875 0.000 0.005
0.858 0.892 0.000 0.005
0.858 0.908 0.000 0.005
0.858 0.925 0.000 0.005
0.858 0.942 0.000 0.005
0.858 0.958 0.000 0.005
0.858 0.975 0.000 0.005
0.858 0.992 0.000 0.005
0.875 0.008 0.000 0.005
0.875 0.025 0.000 0.005
0.875 0.042 0.000 0.005
0.875 0.058 0.000 0.005
0.875 0.075 0.000 0.005
0.875 0.092 0.000 0.005
0.875 0.108 0.000 0.005
0.875 0.125 0.000 0.005
0.875 0.142 0.000 0.005
0.875 0.158 0.000 0.005
0.875 0.175 0.000 0.005
0.875 0.192 0.000 0.005
0.875 0.208 0.000 0.005
0.875 0.225 0.000 0.005
0.875 0.242 0.000 0.005
0.875 0.258 0.000 0.005
0.875 0.275 0.000 0.005
0.875 0.292 0.000 0.005
0.875 0.308 0.000 0.005
0.875 0.325 0.000 0.005
0.875 0.342 0.000 0.005
0.875 0.358 0.000 0.005
0.875 0.375 0.000 0.005
0.875 0.392 0.000 0.005
0.875 0.408 0.000 0.005
0.875 0.425 0.000 0.005
0.875 0.442 0.000 0.005
0.875 0.458 0.000 0.005
0.875 0.475 0.000 0.005
0.875 0.492 0.000 0.005
0.875 0.508 0.000 0.005
0.875 0.525 0.000 0.005
0.875 0.542 0.000 0.005
0.875 0.558 0.000 0.005
0.875 0.575 0.000 0.005
0.875 0.592 0.000 0.005
0.875 0.608 0.000 0.005
0.875 0.625 0.000 0.005
0.875 0.642 0.000 0.005
0.875 0.658 0.000 0.005
0.875 0.675 0.000 0.005
0.875 0.692 0.000 0.005
0.875 0.708 0.000 0.005
0.875 0.725 0.000 0.005
0.875 0.742 0.000 0.005
0.875 0.758 0.000 0.005
0.875 0.775 0.000 0.005
0.875 0.792 0.000 0.005
0.875 0.808 0.000 0.005
0.875 0.825 0.000 0.005
0.875 0.842 0.000 0.005
0.875 0.858 0.000 0.005
0.875 0.875 0.000 0.005
0.875 0.892 0.000 0.005
0.875 0.908 0.000 0.005
0.875 0.925 0.000 0.005
0.875 0.942 0.000 0.005
0.875 0.958 0.000 0.005
0.875 0.975 0.000 0.005
0.875 0.992 0.000 0.005
0.892 0.008 0.000 0.005
0.892 0.025 0.000 0.005
0.892 0.042 0.000 0.005
0.892 0.058 0.000 0.005
0.892 0.075 0.000 0.005
0.892 0.092 0.000 0.005
0.892 0.108 0.000 0.005
0.892 0.125 0.000 0.005
0.892 0.142 0.000 0.005
0.892 0.158 0.000 0.005
0.892 0.175 0.000 0.005
0.892 0.192 0.000 0.005
0.892 0.208 0.000 0.005
0.892 0.225 0.000 0.005
0.892 0.242 0.000 0.005
0.892 0.258 0.000 0.005
0.892 0.275 0.000 0.005
0.892 0.292 0.000 0.005
0.892 0.308 0.000 0.005
0.892 0.325 0.000 0.005
0.892 0.342 0.000 0.005
0.892 0.358 0.000 0.005
0.892 0.375 0.000 0.005
0.892 0.392 0.000 0.005
0.892 0.408 0.000 0.005
0.892 0.425 0.000 0.005
0.892 0.442 0.000 0.005
0.892 0.458 0.000 0.005
0.892 0.475 0.000 0.005
0.892 0.492 0.000 0.005
0.892 0.508 0.000 0.005
0.892 0.525 0.000 0.005
0.892 0.542 0.000 0.005
0.892 0.558 0.000 0.005
0.892 0.575 0.000 0.005
0.892 0.592 0.000 0.005
0.892 0.608 0.000 0.005
0.892 0.625 0.000 0.005
0.892 0.642 0.000 0.005
0.892 0.658 0.000 0.005
0.892 0.675 0.000 0.005
0.892 0.692 0.000 0.005
0.892 0.708 0.000 0.005
0.892 0.725 0.000 0.005
0.892 0.742 0.000 0.005
0.892 0.758 0.000 0.005
0.892 0.775 0.000 0.005
0.892 0.792 0.000 0.005
0.892 0.808 0.000 0.005
0.892 0.825 0.000 0.005
0.892 0.842 0.000 0.005
0.892 0.858 0.000 0.005
0.892 0.875 0.000 0.005
0.892 0.892 0.000 0.005
0.892 0.908 0.000 0.005
0.892 0.925 0.000 0.005
0.892 0.942 0.000 0.005
0.892 0.958 0.000 0.005
0.892 0.975 0.000 0.005
0.892 0.992 0.000 0.005
0.908 0.008 0.000 0.005
0.908 0.025 0.000 0.005
0.908 0.042 0.000 0.005
0.908 0.058 0.000 0.005
0.908 0.075 0.000 0.005
0.908 0.092 0.000 0.005
0.908 0.108 0.000 0.005
0.908 0.125 0.000 0.005
0.908 0.142 0.000 0.005
0.908 0.158 0.000 0.005
0.908 0.175 0.000 0.005
0.908 0.192 0.000 0.005
0.908 0.208 0.000 0.005
0.908 0.225 0.000 0.005
0.908 0.242 0.000 0.005
0.908 0.258 0.000 0.005
0.908 0.275 0.000 0.005
0.908 0.292 0.000 0.005
0.908 0.308 0.000 0.005
0.908 0.325 0.000 0.005
0.908 0.342 0.000 0.005
0.908 0.358 0.000 0.005
0.908 0.375 0.000 0.005
0.908 0.392 0.000 0.005
0.908 0.408 0.000 0.005
0.908 0.425 0.000 0.005
0.908 0.442 0.000 0.005
0.908 0.458 0.000 0.005
0.908 0.475 0.000 0.005
0.908 0.492 0.000 0.005
0.908 0.508 0.000 0.005
0.908 0.525 0.000 0.005
0.908 0.542 0.000 0.005
0.908 0.558 0.000 0.005
0.908 0.575 0.000 0.005
0.908 0.592 0.000 0.005
0.908 0.608 0.000 0.005
0.908 0.625 0.000 0.005
0.908 0.642 0.000 0.005
0.908 0.658 0.000 0.005
0.908 0.675 0.000 0.005
0.908 0.692 0.000 0.005
0.908 0.708 0.000 0.005
0.908 0.725 0.000 0.005
0.908 0.742 0.000 0.005
0.908 0.758 0.000 0.005
0.908 0.775 0.000 0.005
0.908 0.792 0.000 0.005
0.908 0.808 0.000 0.005
0.908 0.825 0.000 0.005
0.908 0.842 0.000 0.005
0.908 0.858 0.000 0.005
0.908 0.875 0.000 0.005
0.908 0.892 0.000 0.005
0.908 0.908 0.000 0.005
0.908 0.925 0.000 0.005
0.908 0.942 0.000 0.005
0.908 0.958 0.000 0.005
0.908 0.975 0.000 0.005
0.908 0.992 0.000 0.005
0.925 0.008 0.000 0.005
0.925 0.025 0.000 0.005
0.925 0.042 0.000 0.005
0.925 0.058 0.000 0.005
0.925 0.075 0.000 0.005
0.925 0.092 0.000 0.005
0.925 0.108 0.000 0.005
0.925 0.125 0.000 0.005
0.925 0.142 0.000 0.005
0.925 0.158 0.000 0.005
0.925 0.175 0.000 0.005
0.925 0.192 0.000 0.005
0.925 0.208 0.000 0.005
0.925 0.225 0.000 0.005
0.925 0.242 0.000 0.005
0.925 0.258 0.000 0.005
0.925 0.275 0.000 0.005
0.925 0.292 0.000 0.005
0.925 0.308 0.000 0.005
0.925 0.325 0.000 0.005
0.925 0.342 0.000 0.005
0.925 0.358 0.000 0.005
0.925 0.375 0.000 0.005
0.925 0.392 0.000 0.005
0.925 0.408 0.000 0.005
0.925 0.425 0.000 0.005
0.925 0.442 0.000 0.005
0.925 0.458 0.000 0.005
0.925 0.475 0.000 0.005
0.925 0.492 0.000 0.005
0.925 0.508 0.000 0.005
0.925 0.525 0.000 0.005
0.925 0.542 0.000 0.005
0.925 0.558 0.000 0.005
0.925 0.575 0.000 0.005
0.925 0.592 0.000 0.005
0.925 0.608 0.000 0.005
0.925 0.625 0.000 0.005
0.925 0.642 0.000 0.005
0.925 0.658 0.000 0.005
0.925 0.675 0.000 0.005
0.925 0.692 0.000 0.005
0.925 0.708 0.000 0.005
0.925 0.725 0.000 0.005
0.925 0.742 0.000 0.005
0.925 0.758 0.000 0.005
0.925 0.775 0.000 0.005
0.925 0.792 0.000 0.005
0.925 0.808 0.000 0.005
0.925 0.825 0.000 0.005
0.925 0.842 0.000 0.005
0.925 0.858 0.000 0.005
0.925 0.875 0.000 0.005
0.925 0.892 0.000 0.005
0.925 0.908 0.000 0.005
0.925 0.925 0.000 0.005
0.925 0.942 0.000 0.005
0.925 0.958 0.000 0.005
0.925 0.975 0.000 0.005
0.925 0.992 0.000 0.005
0.942 0.008 0.000 0.005
0.942 0.025 0.000 0.005
0.942 0.042 0.000 0.005
0.942 0.058 0.000 0.005
0.942 0.075 0.000 0.005
0.942 0.092 0.000 0.005
0.942 0.108 0.000 0.005
0.942 0.125 0.000 0.005
0.942 0.142 0.000 0.005
0.942 0.158 0.000 0.005
0.942 0.175 0.000 0.005
0.942 0.192 0.000 0.005
0.942 0.208 0.000 0.005
0.942 0.225 0.000 0.005
0.942 0.242 0.000 0.005
0.942 0.258 0.000 0.005
0.942 0.275 0.000 0.005
0.942 0.292 0.000 0.005
0.942 0.308 0.000 0.005
0.942 0.325 0.000 0.005
0.942 0.342 0.000 0.005
0.942 0.358 0.000 0.005
0.942 0.375 0.000 0.005
0.942 0.392 0.000 0.005
0.942 0.408 0.000 0.005
0.942 0.425 0.000 0.005
0.942 0.442 0.000 0.005
0.942 0.458 0.000 0.005
0.942 0.475 0.000 0.005
0.942 0.492 0.000 0.005
0.942 0.508 0.000 0.005
0.942 0.525 0.000 0.005
0.942 0.542 0.000 0.005
0.942 0.558 0.000 0.005
0.942 0.575 0.000 0.005
0.942 0.592 0.000 0.005
0.942 0.608 0.000 0.005
0.942 0.625 0.000 0.005
0.942 0.642 0.000 0.005
0.942 0.658 0.000 0.005
0.942 0.675 0.000 0.005
0.942 0.692 0.000 0.005
0.942 0.708 0.000 0.005
0.942 0.725 0.000 0.005
0.942 0.742 0.000 0.005
0.942 0.758 0.000 0.005
0.942 0.775 0.000 0.005
0.942 0.792 0.000 0.005
0.942 0.808 0.000 0.005
0.942 0.825 0.000 0.005
0.942 0.842 0.000 0.005
0.942 0.858 0.000 0.005
0.942 0.875 0.000 0.005
0.942 0.892 0.000 0.005
0.942 0.908 0.000 0.005
0.942 0.925 0.000 0.005
0.942 0.942 0.000 0.005
0.942 0.958 0.000 0.005
0.942 0.975 0.000 0.005
0.942 0.992 0.000 0.005
0.958 0.008 0.000 0.005
0.958 0.025 0.000 0.005
0.958 0.042 0.000 0.005
0.958 0.058 0.000 0.005
0.958 0.075 0.000 0.005
0.958 0.092 0.000 0.005
0.958 0.108 0.000 0.005
0.958 0.125 0.000 0.005
0.958 0.142 0.000 0.005
0.958 0.158 0.000 0.005
0.958 0.175 0.000 0.005
0.958 0.192 0.000 0.005
0.958 0.208 0.000 0.005
0.958 0.225 0.000 0.005
0.958 0.242 0.000 0.005
0.958 0.258 0.000 0.005
0.958 0.275 0.000 0.005
0.958 0.292 0.000 0.005
0.958 0.308 0.000 0.005
0.958 0.325 0.000 0.005
0.958 0.342 0.000 0.005
0.958 0.358 0.000 0.005
0.958 0.375 0.000 0.005
0.958 0.392 0.000 0.005
0.958 0.408 0.000 0.005
0.958 0.425 0.000 0.005
0.958 0.442 0.000 0.005
0.958 0.458 0.000 0.005
0.958 0.475 0.000 0.005
0.958 0.492 0.000 0.005
0.958 0.508 0.000 0.005
0.958 0.525 0.000 0.005
0.958 0.542 0.000 0.005
0.958 0.558 0.000 0.005
0.958 0.575 0.000 0.005
0.958 0.592 0.000 0.005
0.958 0.608 0.000 0.005
0.958 0.625 0.000 0.005
0.958 0.642 0.000 0.005
0.958 0.658 0.000 0.005
0.958 0.675 0.000 0.005
0.958 0.692 0.000 0.005
0.958 0.708 0.000 0.005
0.958 0.725 0.000 0.005
0.958 0.742 0.000 0.005
0.958 0.758 0.000 0.005
0.958 0.775 0.000 0.005
0.958 0.792 0.000 0.005
0.958 0.808 0.000 0.005
0.958 0.825 0.000 0.005
0.958 0.842 0.000 0.005
0.958 0.858 0.000 0.005
0.958 0.875 0.000 0.005
0.958 0.892 0.000 0.005
0.958 0.908 0.000 0.005
0.958 0.925 0.000 0.005
0.958 0.942 0.000 0.005
0.958 0.958 0.000 0.005
0.958 0.975 0.000 0.005
0.958 0.992 0.000 0.005
0.975 0.008 0.000 0.005
0.975 0.025 0.000 0.005
0.975 0.042 0.000 0.005
0.975 0.058 0.000 0.005
0.975 0.075 0.000 0.005
0.975 0.092 0.000 0.005
0.975 0.108 0.000 0.005
0.975 0.125 0.000 0.005
0.975 0.142 0.000 0.005
0.975 0.158 0.000 0.005
0.975 0.175 0.000 0.005
0.975 0.192 0.000 0.005
0.975 0.208 0.000 0.005
0.975 0.225 0.000 0.005
0.975 0.242 0.000 0.005
0.975 0.258 0.000 0.005
0.975 0.275 0.000 0.005
0.975 0.292 0.000 0.005
0.975 0.308 0.000 0.005
0.975 0.325 0.000 0.005
0.975 0.342 0.000 0.005
0.975 0.358 0.000 0.005
0.975 0.375 0.000 0.005
0.975 0.392 0.000 0.005
0.975 0.408 0.000 0.005
0.975 0.425 0.000 0.005
0.975 0.442 0.000 0.005
0.975 0.458 0.000 0.005
0.975 0.475 0.000 0.005
0.975 0.492 0.000 0.005
0.975 0.508 0.000 0.005
0.975 0.525 0.000 0.005
0.975 0.542 0.000 0.005
0.975 0.558 0.000 0.005
0.975 0.575 0.000 0.005
0.975 0.592 0.000 0.005
0.975 0.608 0.000 0.005
0.975 0.625 0.000 0.005
0.975 0.642 0.000 0.005
0.975 0.658 0.000 0.005
0.975 0.675 0.000 0.005
0.975 0.692 0.000 0.005
0.975 0.708 0.000 0.005
0.975 0.725 0.000 0.005
0.975 0.742 0.000 0.005
0.975 0.758 0.000 0.005
0.975 0.775 0.000 0.005
0.975 0.792 0.000 0.005
0.975 0.808 0.000 0.005
0.975 0.825 0.000 0.005
0.975 0.842 0.000 0.005
0.975 0.858 0.000 0.005
0.975 0.875 0.000 0.005
0.975 0.892 0.000 0.005
0.975 0.908 0.000 0.005
0.975 0.925 0.000 0.005
0.975 0.942 0.000 0.005
0.975 0.958 0.000 0.005
0.975 0.975 0.000 0.005
0.975 0.992 0.000 0.005
0.992 0.008 0.000 0.005
0.992 0.025 0.000 0.005
0.992 0.042 0.000 0.005
0.992 0.058 0.000 0.005
0.992 0.075 0.000 0.005
0.992 0.092 0.000 0.005
0.992 0.108 0.000 0.005
0.992 0.125 0.000 0.005
0.992 0.142 0.000 0.005
0.992 0.158 0.000 0.005
0.992 0.175 0.000 0.005
0.992 0.192 0.000 0.005
0.992 0.208 0.000 0.005
0.992 0.225 0.000 0.005
0.992 0.242 0.000 0.005
0.992 0.258 0.000 0.005
0.992 0.275 0.000 0.005
0.992 0.292 0.000 0.005
0.992 0.308 0.000 0.005
0.992 0.325 0.000 0.005
0.992 0.342 0.000 0.005
0.992 0.358 0.000 0.005
0.992 0.375 0.000 0.005
0.992 0.392 0.000 0.005
0.992 0.408 0.000 0.005
0.992 0.425 0.000 0.005
0.992 0.442 0.000 0.005
0.992 0.458 0.000 0.005
0.992 0.475 0.000 0.005
0.992 0.492 0.000 0.005
0.992 0.508 0.000 0.005
0.992 0.525 0.000 0.005
0.992 0.542 0.000 0.005
0.992 0.558 0.000 0.005
0.992 0.575 0.000 0.005
0.992 0.592 0.000 0.005
0.992 0.608 0.000 0.005
0.992 0.625 0.000 0.005
0.992 0.642 0.000 0.005
0.992 0.658 0.000 0.005
0.992 0.675 0.000 0.005
0.992 0.692 0.000 0.005
0.992 0.708 0.000 0.005
0.992 0.725 0.000 0.005
0.992 0.742 0.000 0.005
0.992 0.758 0.000 0.005
0.992 0.775 0.000 0.005
0.992 0.792 0.000 0.005
0.992 0.808 0.000 0.005
0.992 0.825 0.000 0.005
0.992 0.842 0.000 0.005
0.992 0.858 0.000 0.005
0.992 0.875 0.000 0.005
0.992 0.892 0.000 0.005
0.992 0.908 0.000 0.005
0.992 0.925 0.000 0.005
0.992 0.942 0.000 0.005
0.992 0.958 0.000 0.005
0.992 0.975 0.000 0.005
0.992 0.992 0.000 0.005
