0.014 0.014 0.000 0.005
0.014 0.041 0.000 0.005
0.014 0.068 0.000 0.005
0.014 0.095 0.000 0.005
0.014 0.122 0.000 0.005
0.014 0.149 0.000 0.005
0.014 0.176 0.000 0.005
0.014 0.203 0.000 0.005
0.014 0.230 0.000 0.005
0.014 0.257 0.000 0.005
0.014 0.284 0.000 0.005
0.014 0.311 0.000 0.005
0.014 0.338 0.000 0.005
0.014 0.365 0.000 0.005
0.014 0.392 0.000 0.005
0.014 0.419 0.000 0.005
0.014 0.446 0.000 0.005
0.014 0.473 0.000 0.005
0.014 0.500 0.000 0.005
0.014 0.527 0.000 0.005
0.014 0.554 0.000 0.005
0.014 0.581 0.000 0.005
0.014 0.608 0.000 0.005
0.014 0.635 0.000 0.005
0.014 0.662 0.000 0.005
0.014 0.689 0.000 0.005
0.014 0.716 0.000 0.005
0.014 0.743 0.000 0.005
0.014 0.770 0.000 0.005
0.014 0.797 0.000 0.005
0.014 0.824 0.000 0.005
0.014 0.851 0.000 0.005
0.014 0.878 0.000 0.005
0.014 0.905 0.000 0.005
0.014 0.932 0.000 0.005
0.014 0.959 0.000 0.005
0.014 0.986 0.000 0.005
0.041 0.014 0.000 0.005
0.041 0.041 0.000 0.005
0.041 0.068 0.000 0.005
0.041 0.095 0.000 0.005
0.041 0.122 0.000 0.005
0.041 0.149 0.000 0.005
0.041 0.176 0.000 0.005
0.041 0.203 0.000 0.005
0.041 0.230 0.000 0.005
0.041 0.257 0.000 0.005
0.041 0.284 0.000 0.005
0.041 0.311 0.000 0.005
0.041 0.338 0.000 0.005
0.041 0.365 0.000 0.005
0.041 0.392 0.000 0.005
0.041 0.419 0.000 0.005
0.041 0.446 0.000 0.005
0.041 0.473 0.000 0.005
0.041 0.500 0.000 0.005
0.041 0.527 0.000 0.005
0.041 0.554 0.000 0.005
0.041 0.581 0.000 0.005
0.041 0.608 0.000 0.005
0.041 0.635 0.000 0.005
0.041 0.662 0.000 0.005
0.041 0.689 0.000 0.005
0.041 0.716 0.000 0.005
0.041 0.743 0.000 0.005
0.041 0.770 0.000 0.005
0.041 0.797 0.000 0.005
0.041 0.824 0.000 0.005
0.041 0.851 0.000 0.005
0.041 0.878 0.000 0.005
0.041 0.905 0.000 0.005
0.041 0.932 0.000 0.005
0.041 0.959 0.000 0.005
0.041 0.986 0.000 0.005
0.068 0.014 0.000 0.005
0.068 0.041 0.000 0.005
0.068 0.068 0.000 0.005
0.068 0.095 0.000 0.005
0.068 0.122 0.000 0.005
0.068 0.149 0.000 0.005
0.068 0.176 0.000 0.005
0.068 0.203 0.000 0.005
0.068 0.230 0.000 0.005
0.068 0.257 0.000 0.005
0.068 0.284 0.000 0.005
0.068 0.311 0.000 0.005
0.068 0.338 0.000 0.005
0.068 0.365 0.000 0.005
0.068 0.392 0.000 0.005
0.068 0.419 0.000 0.005
0.068 0.446 0.000 0.005
0.068 0.473 0.000 0.005
0.068 0.500 0.000 0.005
0.068 0.527 0.000 0.005
0.068 0.554 0.000 0.005
0.068 0.581 0.000 0.005
0.068 0.608 0.000 0.005
0.068 0.635 0.000 0.005
0.068 0.662 0.000 0.005
0.068 0.689 0.000 0.005
0.068 0.716 0.000 0.005
0.068 0.743 0.000 0.005
0.068 0.770 0.000 0.005
0.068 0.797 0.000 0.005
0.068 0.824 0.000 0.005
0.068 0.851 0.000 0.005
0.068 0.878 0.000 0.005
0.068 0.905 0.000 0.005
0.068 0.932 0.000 0.005
0.068 0.959 0.000 0.005
0.068 0.986 0.000 0.005
0.095 0.014 0.000 0.005
0.095 0.041 0.000 0.005
0.095 0.068 0.000 0.005
0.095 0.095 0.000 0.005
0.095 0.122 0.000 0.005
0.095 0.149 0.000 0.005
0.095 0.176 0.000 0.005
0.095 0.203 0.000 0.005
0.095 0.230 0.000 0.005
0.095 0.257 0.000 0.005
0.095 0.284 0.000 0.005
0.095 0.311 0.000 0.005
0.095 0.338 0.000 0.005
0.095 0.365 0.000 0.005
0.095 0.392 0.000 0.005
0.095 0.419 0.000 0.005
0.095 0.446 0.000 0.005
0.095 0.473 0.000 0.005
0.095 0.500 0.000 0.005
0.095 0.527 0.000 0.005
0.095 0.554 0.000 0.005
0.095 0.581 0.000 0.005
0.095 0.608 0.000 0.005
0.095 0.635 0.000 0.005
0.095 0.662 0.000 0.005
0.095 0.689 0.000 0.005
0.095 0.716 0.000 0.005
0.095 0.743 0.000 0.005
0.095 0.770 0.000 0.005
0.095 0.797 0.000 0.005
0.095 0.824 0.000 0.005
0.095 0.851 0.000 0.005
0.095 0.878 0.000 0.005
0.095 0.905 0.000 0.005
0.095 0.932 0.000 0.005
0.095 0.959 0.000 0.005
0.095 0.986 0.000 0.005
0.122 0.014 0.000 0.005
0.122 0.041 0.000 0.005
0.122 0.068 0.000 0.005
0.122 0.095 0.000 0.005
0.122 0.122 0.000 0.005
0.122 0.149 0.000 0.005
0.122 0.176 0.000 0.005
0.122 0.203 0.000 0.005
0.122 0.230 0.000 0.005
0.122 0.257 0.000 0.005
0.122 0.284 0.000 0.005
0.122 0.311 0.000 0.005
0.122 0.338 0.000 0.005
0.122 0.365 0.000 0.005
0.122 0.392 0.000 0.005
0.122 0.419 0.000 0.005
0.122 0.446 0.000 0.005
0.122 0.473 0.000 0.005
0.122 0.500 0.000 0.005
0.122 0.527 0.000 0.005
0.122 0.554 0.000 0.005
0.122 0.581 0.000 0.005
0.122 0.608 0.000 0.005
0.122 0.635 0.000 0.005
0.122 0.662 0.000 0.005
0.122 0.689 0.000 0.005
0.122 0.716 0.000 0.005
0.122 0.743 0.000 0.005
0.122 0.770 0.000 0.005
0.122 0.797 0.000 0.005
0.122 0.824 0.000 0.005
0.122 0.851 0.000 0.005
0.122 0.878 0.000 0.005
0.122 0.905 0.000 0.005
0.122 0.932 0.000 0.005
0.122 0.959 0.000 0.005
0.122 0.986 0.000 0.005
0.149 0.014 0.000 0.005
0.149 0.041 0.000 0.005
0.149 0.068 0.000 0.005
0.149 0.095 0.000 0.005
0.149 0.122 0.000 0.005
0.149 0.149 0.000 0.005
0.149 0.176 0.000 0.005
0.149 0.203 0.000 0.005
0.149 0.230 0.000 0.005
0.149 0.257 0.000 0.005
0.149 0.284 0.000 0.005
0.149 0.311 0.000 0.005
0.149 0.338 0.000 0.005
0.149 0.365 0.000 0.005
0.149 0.392 0.000 0.005
0.149 0.419 0.000 0.005
0.149 0.446 0.000 0.005
0.149 0.473 0.000 0.005
0.149 0.500 0.000 0.005
0.149 0.527 0.000 0.005
0.149 0.554 0.000 0.005
0.149 0.581 0.000 0.005
0.149 0.608 0.000 0.005
0.149 0.635 0.000 0.005
0.149 0.662 0.000 0.005
0.149 0.689 0.000 0.005
0.149 0.716 0.000 0.005
0.149 0.743 0.000 0.005
0.149 0.770 0.000 0.005
0.149 0.797 0.000 0.005
0.149 0.824 0.000 0.005
0.149 0.851 0.000 0.005
0.149 0.878 0.000 0.005
0.149 0.905 0.000 0.005
0.149 0.932 0.000 0.005
0.149 0.959 0.000 0.005
0.149 0.986 0.000 0.005
0.176 0.014 0.000 0.005
0.176 0.041 0.000 0.005
0.176 0.068 0.000 0.005
0.176 0.095 0.000 0.005
0.176 0.122 0.000 0.005
0.176 0.149 0.000 0.005
0.176 0.176 0.000 0.005
0.176 0.203 0.000 0.005
0.176 0.230 0.000 0.005
0.176 0.257 0.000 0.005
0.176 0.284 0.000 0.005
0.176 0.311 0.000 0.005
0.176 0.338 0.000 0.005
0.176 0.365 0.000 0.005
0.176 0.392 0.000 0.005
0.176 0.419 0.000 0.005
0.176 0.446 0.000 0.005
0.176 0.473 0.000 0.005
0.176 0.500 0.000 0.005
0.176 0.527 0.000 0.005
0.176 0.554 0.000 0.005
0.176 0.581 0.000 0.005
0.176 0.608 0.000 0.005
0.176 0.635 0.000 0.005
0.176 0.662 0.000 0.005
0.176 0.689 0.000 0.005
0.176 0.716 0.000 0.005
0.176 0.743 0.000 0.005
0.176 0.770 0.000 0.005
0.176 0.797 0.000 0.005
0.176 0.824 0.000 0.005
0.176 0.851 0.000 0.005
0.176 0.878 0.000 0.005
0.176 0.905 0.000 0.005
0.176 0.932 0.000 0.005
0.176 0.959 0.000 0.005
0.176 0.986 0.000 0.005
0.203 0.014 0.000 0.005
0.203 0.041 0.000 0.005
0.203 0.068 0.000 0.005
0.203 0.095 0.000 0.005
0.203 0.122 0.000 0.005
0.203 0.149 0.000 0.005
0.203 0.176 0.000 0.005
0.203 0.203 0.000 0.005
0.203 0.230 0.000 0.005
0.203 0.257 0.000 0.005
0.203 0.284 0.000 0.005
0.203 0.311 0.000 0.005
0.203 0.338 0.000 0.005
0.203 0.365 0.000 0.005
0.203 0.392 0.000 0.005
0.203 0.419 0.000 0.005
0.203 0.446 0.000 0.005
0.203 0.473 0.000 0.005
0.203 0.500 0.000 0.005
0.203 0.527 0.000 0.005
0.203 0.554 0.000 0.005
0.203 0.581 0.000 0.005
0.203 0.608 0.000 0.005
0.203 0.635 0.000 0.005
0.203 0.662 0.000 0.005
0.203 0.689 0.000 0.005
0.203 0.716 0.000 0.005
0.203 0.743 0.000 0.005
0.203 0.770 0.000 0.005
0.203 0.797 0.000 0.005
0.203 0.824 0.000 0.005
0.203 0.851 0.000 0.005
0.203 0.878 0.000 0.005
0.203 0.905 0.000 0.005
0.203 0.932 0.000 0.005
0.203 0.959 0.000 0.005
0.203 0.986 0.000 0.005
0.230 0.014 0.000 0.005
0.230 0.041 0.000 0.005
0.230 0.068 0.000 0.005
0.230 0.095 0.000 0.005
0.230 0.122 0.000 0.005
0.230 0.149 0.000 0.005
0.230 0.176 0.000 0.005
0.230 0.203 0.000 0.005
0.230 0.230 0.000 0.005
0.230 0.257 0.000 0.005
0.230 0.284 0.000 0.005
0.230 0.311 0.000 0.005
0.230 0.338 0.000 0.005
0.230 0.365 0.000 0.005
0.230 0.392 0.000 0.005
0.230 0.419 0.000 0.005
0.230 0.446 0.000 0.005
0.230 0.473 0.000 0.005
0.230 0.500 0.000 0.005
0.230 0.527 0.000 0.005
0.230 0.554 0.000 0.005
0.230 0.581 0.000 0.005
0.230 0.608 0.000 0.005
0.230 0.635 0.000 0.005
0.230 0.662 0.000 0.005
0.230 0.689 0.000 0.005
0.230 0.716 0.000 0.005
0.230 0.743 0.000 0.005
0.230 0.770 0.000 0.005
0.230 0.797 0.000 0.005
0.230 0.824 0.000 0.005
0.230 0.851 0.000 0.005
0.230 0.878 0.000 0.005
0.230 0.905 0.000 0.005
0.230 0.932 0.000 0.005
0.230 0.959 0.000 0.005
0.230 0.986 0.000 0.005
0.257 0.014 0.000 0.005
0.257 0.041 0.000 0.005
0.257 0.068 0.000 0.005
0.257 0.095 0.000 0.005
0.257 0.122 0.000 0.005
0.257 0.149 0.000 0.005
0.257 0.176 0.000 0.005
0.257 0.203 0.000 0.005
0.257 0.230 0.000 0.005
0.257 0.257 0.000 0.005
0.257 0.284 0.000 0.005
0.257 0.311 0.000 0.005
0.257 0.338 0.000 0.005
0.257 0.365 0.000 0.005
0.257 0.392 0.000 0.005
0.257 0.419 0.000 0.005
0.257 0.446 0.000 0.005
0.257 0.473 0.000 0.005
0.257 0.500 0.000 0.005
0.257 0.527 0.000 0.005
0.257 0.554 0.000 0.005
0.257 0.581 0.000 0.005
0.257 0.608 0.000 0.005
0.257 0.635 0.000 0.005
0.257 0.662 0.000 0.005
0.257 0.689 0.000 0.005
0.257 0.716 0.000 0.005
0.257 0.743 0.000 0.005
0.257 0.770 0.000 0.005
0.257 0.797 0.000 0.005
0.257 0.824 0.000 0.005
0.257 0.851 0.000 0.005
0.257 0.878 0.000 0.005
0.257 0.905 0.000 0.005
0.257 0.932 0.000 0.005
0.257 0.959 0.000 0.005
0.257 0.986 0.000 0.005
0.284 0.014 0.000 0.005
0.284 0.041 0.000 0.005
0.284 0.068 0.000 0.005
0.284 0.095 0.000 0.005
0.284 0.122 0.000 0.005
0.284 0.149 0.000 0.005
0.284 0.176 0.000 0.005
0.284 0.203 0.000 0.005
0.284 0.230 0.000 0.005
0.284 0.257 0.000 0.005
0.284 0.284 0.000 0.005
0.284 0.311 0.000 0.005
0.284 0.338 0.000 0.005
0.284 0.365 0.000 0.005
0.284 0.392 0.000 0.005
0.284 0.419 0.000 0.005
0.284 0.446 0.000 0.005
0.284 0.473 0.000 0.005
0.284 0.500 0.000 0.005
0.284 0.527 0.000 0.005
0.284 0.554 0.000 0.005
0.284 0.581 0.000 0.005
0.284 0.608 0.000 0.005
0.284 0.635 0.000 0.005
0.284 0.662 0.000 0.005
0.284 0.689 0.000 0.005
0.284 0.716 0.000 0.005
0.284 0.743 0.000 0.005
0.284 0.770 0.000 0.005
0.284 0.797 0.000 0.005
0.284 0.824 0.000 0.005
0.284 0.851 0.000 0.005
0.284 0.878 0.000 0.005
0.284 0.905 0.000 0.005
0.284 0.932 0.000 0.005
0.284 0.959 0.000 0.005
0.284 0.986 0.000 0.005
0.311 0.014 0.000 0.005
0.311 0.041 0.000 0.005
0.311 0.068 0.000 0.005
0.311 0.095 0.000 0.005
0.311 0.122 0.000 0.005
0.311 0.149 0.000 0.005
0.311 0.176 0.000 0.005
0.311 0.203 0.000 0.005
0.311 0.230 0.000 0.005
0.311 0.257 0.000 0.005
0.311 0.284 0.000 0.005
0.311 0.311 0.000 0.005
0.311 0.338 0.000 0.005
0.311 0.365 0.000 0.005
0.311 0.392 0.000 0.005
0.311 0.419 0.000 0.005
0.311 0.446 0.000 0.005
0.311 0.473 0.000 0.005
0.311 0.500 0.000 0.005
0.311 0.527 0.000 0.005
0.311 0.554 0.000 0.005
0.311 0.581 0.000 0.005
0.311 0.608 0.000 0.005
0.311 0.635 0.000 0.005
0.311 0.662 0.000 0.005
0.311 0.689 0.000 0.005
0.311 0.716 0.000 0.005
0.311 0.743 0.000 0.005
0.311 0.770 0.000 0.005
0.311 0.797 0.000 0.005
0.311 0.824 0.000 0.005
0.311 0.851 0.000 0.005
0.311 0.878 0.000 0.005
0.311 0.905 0.000 0.005
0.311 0.932 0.000 0.005
0.311 0.959 0.000 0.005
0.311 0.986 0.000 0.005
0.338 0.014 0.000 0.005
0.338 0.041 0.000 0.005
0.338 0.068 0.000 0.005
0.338 0.095 0.000 0.005
0.338 0.122 0.000 0.005
0.338 0.149 0.000 0.005
0.338 0.176 0.000 0.005
0.338 0.203 0.000 0.005
0.338 0.230 0.000 0.005
0.338 0.257 0.000 0.005
0.338 0.284 0.000 0.005
0.338 0.311 0.000 0.005
0.338 0.338 0.000 0.005
0.338 0.365 0.000 0.005
0.338 0.392 0.000 0.005
0.338 0.419 0.000 0.005
0.338 0.446 0.000 0.005
0.338 0.473 0.000 0.005
0.338 0.500 0.000 0.005
0.338 0.527 0.000 0.005
0.338 0.554 0.000 0.005
0.338 0.581 0.000 0.005
0.338 0.608 0.000 0.005
0.338 0.635 0.000 0.005
0.338 0.662 0.000 0.005
0.338 0.689 0.000 0.005
0.338 0.716 0.000 0.005
0.338 0.743 0.000 0.005
0.338 0.770 0.000 0.005
0.338 0.797 0.000 0.005
0.338 0.824 0.000 0.005
0.338 0.851 0.000 0.005
0.338 0.878 0.000 0.005
0.338 0.905 0.000 0.005
0.338 0.932 0.000 0.005
0.338 0.959 0.000 0.005
0.338 0.986 0.000 0.005
0.365 0.014 0.000 0.005
0.365 0.041 0.000 0.005
0.365 0.068 0.000 0.005
0.365 0.095 0.000 0.005
0.365 0.122 0.000 0.005
0.365 0.149 0.000 0.005
0.365 0.176 0.000 0.005
0.365 0.203 0.000 0.005
0.365 0.230 0.000 0.005
0.365 0.257 0.000 0.005
0.365 0.284 0.000 0.005
0.365 0.311 0.000 0.005
0.365 0.338 0.000 0.005
0.365 0.365 0.000 0.005
0.365 0.392 0.000 0.005
0.365 0.419 0.000 0.005
0.365 0.446 0.000 0.005
0.365 0.473 0.000 0.005
0.365 0.500 0.000 0.005
0.365 0.527 0.000 0.005
0.365 0.554 0.000 0.005
0.365 0.581 0.000 0.005
0.365 0.608 0.000 0.005
0.365 0.635 0.000 0.005
0.365 0.662 0.000 0.005
0.365 0.689 0.000 0.005
0.365 0.716 0.000 0.005
0.365 0.743 0.000 0.005
0.365 0.770 0.000 0.005
0.365 0.797 0.000 0.005
0.365 0.824 0.000 0.005
0.365 0.851 0.000 0.005
0.365 0.878 0.000 0.005
0.365 0.905 0.000 0.005
0.365 0.932 0.000 0.005
0.365 0.959 0.000 0.005
0.365 0.986 0.000 0.005
0.392 0.014 0.000 0.005
0.392 0.041 0.000 0.005
0.392 0.068 0.000 0.005
0.392 0.095 0.000 0.005
0.392 0.122 0.000 0.005
0.392 0.149 0.000 0.005
0.392 0.176 0.000 0.005
0.392 0.203 0.000 0.005
0.392 0.230 0.000 0.005
0.392 0.257 0.000 0.005
0.392 0.284 0.000 0.005
0.392 0.311 0.000 0.005
0.392 0.338 0.000 0.005
0.392 0.365 0.000 0.005
0.392 0.392 0.000 0.005
0.392 0.419 0.000 0.005
0.392 0.446 0.000 0.005
0.392 0.473 0.000 0.005
0.392 0.500 0.000 0.005
0.392 0.527 0.000 0.005
0.392 0.554 0.000 0.005
0.392 0.581 0.000 0.005
0.392 0.608 0.000 0.005
0.392 0.635 0.000 0.005
0.392 0.662 0.000 0.005
0.392 0.689 0.000 0.005
0.392 0.716 0.000 0.005
0.392 0.743 0.000 0.005
0.392 0.770 0.000 0.005
0.392 0.797 0.000 0.005
0.392 0.824 0.000 0.005
0.392 0.851 0.000 0.005
0.392 0.878 0.000 0.005
0.392 0.905 0.000 0.005
0.392 0.932 0.000 0.005
0.392 0.959 0.000 0.005
0.392 0.986 0.000 0.005
0.419 0.014 0.000 0.005
0.419 0.041 0.000 0.005
0.419 0.068 0.000 0.005
0.419 0.095 0.000 0.005
0.419 0.122 0.000 0.005
0.419 0.149 0.000 0.005
0.419 0.176 0.000 0.005
0.419 0.203 0.000 0.005
0.419 0.230 0.000 0.005
0.419 0.257 0.000 0.005
0.419 0.284 0.000 0.005
0.419 0.311 0.000 0.005
0.419 0.338 0.000 0.005
0.419 0.365 0.000 0.005
0.419 0.392 0.000 0.005
0.419 0.419 0.000 0.005
0.419 0.446 0.000 0.005
0.419 0.473 0.000 0.005
0.419 0.500 0.000 0.005
0.419 0.527 0.000 0.005
0.419 0.554 0.000 0.005
0.419 0.581 0.000 0.005
0.419 0.608 0.000 0.005
0.419 0.635 0.000 0.005
0.419 0.662 0.000 0.005
0.419 0.689 0.000 0.005
0.419 0.716 0.000 0.005
0.419 0.743 0.000 0.005
0.419 0.770 0.000 0.005
0.419 0.797 0.000 0.005
0.419 0.824 0.000 0.005
0.419 0.851 0.000 0.005
0.419 0.878 0.000 0.005
0.419 0.905 0.000 0.005
0.419 0.932 0.000 0.005
0.419 0.959 0.000 0.005
0.419 0.986 0.000 0.005
0.446 0.014 0.000 0.005
0.446 0.041 0.000 0.005
0.446 0.068 0.000 0.005
0.446 0.095 0.000 0.005
0.446 0.122 0.000 0.005
0.446 0.149 0.000 0.005
0.446 0.176 0.000 0.005
0.446 0.203 0.000 0.005
0.446 0.230 0.000 0.005
0.446 0.257 0.000 0.005
0.446 0.284 0.000 0.005
0.446 0.311 0.000 0.005
0.446 0.338 0.000 0.005
0.446 0.365 0.000 0.005
0.446 0.392 0.000 0.005
0.446 0.419 0.000 0.005
0.446 0.446 0.000 0.005
0.446 0.473 0.000 0.005
0.446 0.500 0.000 0.005
0.446 0.527 0.000 0.005
0.446 0.554 0.000 0.005
0.446 0.581 0.000 0.005
0.446 0.608 0.000 0.005
0.446 0.635 0.000 0.005
0.446 0.662 0.000 0.005
0.446 0.689 0.000 0.005
0.446 0.716 0.000 0.005
0.446 0.743 0.000 0.005
0.446 0.770 0.000 0.005
0.446 0.797 0.000 0.005
0.446 0.824 0.000 0.005
0.446 0.851 0.000 0.005
0.446 0.878 0.000 0.005
0.446 0.905 0.000 0.005
0.446 0.932 0.000 0.005
0.446 0.959 0.000 0.005
0.446 0.986 0.000 0.005
0.473 0.014 0.000 0.005
0.473 0.041 0.000 0.005
0.473 0.068 0.000 0.005
0.473 0.095 0.000 0.005
0.473 0.122 0.000 0.005
0.473 0.149 0.000 0.005
0.473 0.176 0.000 0.005
0.473 0.203 0.000 0.005
0.473 0.230 0.000 0.005
0.473 0.257 0.000 0.005
0.473 0.284 0.000 0.005
0.473 0.311 0.000 0.005
0.473 0.338 0.000 0.005
0.473 0.365 0.000 0.005
0.473 0.392 0.000 0.005
0.473 0.419 0.000 0.005
0.473 0.446 0.000 0.005
0.473 0.473 0.000 0.005
0.473 0.500 0.000 0.005
0.473 0.527 0.000 0.005
0.473 0.554 0.000 0.005
0.473 0.581 0.000 0.005
0.473 0.608 0.000 0.005
0.473 0.635 0.000 0.005
0.473 0.662 0.000 0.005
0.473 0.689 0.000 0.005
0.473 0.716 0.000 0.005
0.473 0.743 0.000 0.005
0.473 0.770 0.000 0.005
0.473 0.797 0.000 0.005
0.473 0.824 0.000 0.005
0.473 0.851 0.000 0.005
0.473 0.878 0.000 0.005
0.473 0.905 0.000 0.005
0.473 0.932 0.000 0.005
0.473 0.959 0.000 0.005
0.473 0.986 0.000 0.005
0.500 0.014 0.000 0.005
0.500 0.041 0.000 0.005
0.500 0.068 0.000 0.005
0.500 0.095 0.000 0.005
0.500 0.122 0.000 0.005
0.500 0.149 0.000 0.005
0.500 0.176 0.000 0.005
0.500 0.203 0.000 0.005
0.500 0.230 0.000 0.005
0.500 0.257 0.000 0.005
0.500 0.284 0.000 0.005
0.500 0.311 0.000 0.005
0.500 0.338 0.000 0.005
0.500 0.365 0.000 0.005
0.500 0.392 0.000 0.005
0.500 0.419 0.000 0.005
0.500 0.446 0.000 0.005
0.500 0.473 0.000 0.005
0.500 0.500 0.000 0.005
0.500 0.527 0.000 0.005
0.500 0.554 0.000 0.005
0.500 0.581 0.000 0.005
0.500 0.608 0.000 0.005
0.500 0.635 0.000 0.005
0.500 0.662 0.000 0.005
0.500 0.689 0.000 0.005
0.500 0.716 0.000 0.005
0.500 0.743 0.000 0.005
0.500 0.770 0.000 0.005
0.500 0.797 0.000 0.005
0.500 0.824 0.000 0.005
0.500 0.851 0.000 0.005
0.500 0.878 0.000 0.005
0.500 0.905 0.000 0.005
0.500 0.932 0.000 0.005
0.500 0.959 0.000 0.005
0.500 0.986 0.000 0.005
0.527 0.014 0.000 0.005
0.527 0.041 0.000 0.005
0.527 0.068 0.000 0.005
0.527 0.095 0.000 0.005
0.527 0.122 0.000 0.005
0.527 0.149 0.000 0.005
0.527 0.176 0.000 0.005
0.527 0.203 0.000 0.005
0.527 0.230 0.000 0.005
0.527 0.257 0.000 0.005
0.527 0.284 0.000 0.005
0.527 0.311 0.000 0.005
0.527 0.338 0.000 0.005
0.527 0.365 0.000 0.005
0.527 0.392 0.000 0.005
0.527 0.419 0.000 0.005
0.527 0.446 0.000 0.005
0.527 0.473 0.000 0.005
0.527 0.500 0.000 0.005
0.527 0.527 0.000 0.005
0.527 0.554 0.000 0.005
0.527 0.581 0.000 0.005
0.527 0.608 0.000 0.005
0.527 0.635 0.000 0.005
0.527 0.662 0.000 0.005
0.527 0.689 0.000 0.005
0.527 0.716 0.000 0.005
0.527 0.743 0.000 0.005
0.527 0.770 0.000 0.005
0.527 0.797 0.000 0.005
0.527 0.824 0.000 0.005
0.527 0.851 0.000 0.005
0.527 0.878 0.000 0.005
0.527 0.905 0.000 0.005
0.527 0.932 0.000 0.005
0.527 0.959 0.000 0.005
0.527 0.986 0.000 0.005
0.554 0.014 0.000 0.005
0.554 0.041 0.000 0.005
0.554 0.068 0.000 0.005
0.554 0.095 0.000 0.005
0.554 0.122 0.000 0.005
0.554 0.149 0.000 0.005
0.554 0.176 0.000 0.005
0.554 0.203 0.000 0.005
0.554 0.230 0.000 0.005
0.554 0.257 0.000 0.005
0.554 0.284 0.000 0.005
0.554 0.311 0.000 0.005
0.554 0.338 0.000 0.005
0.554 0.365 0.000 0.005
0.554 0.392 0.000 0.005
0.554 0.419 0.000 0.005
0.554 0.446 0.000 0.005
0.554 0.473 0.000 0.005
0.554 0.500 0.000 0.005
0.554 0.527 0.000 0.005
0.554 0.554 0.000 0.005
0.554 0.581 0.000 0.005
0.554 0.608 0.000 0.005
0.554 0.635 0.000 0.005
0.554 0.662 0.000 0.005
0.554 0.689 0.000 0.005
0.554 0.716 0.000 0.005
0.554 0.743 0.000 0.005
0.554 0.770 0.000 0.005
0.554 0.797 0.000 0.005
0.554 0.824 0.000 0.005
0.554 0.851 0.000 0.005
0.554 0.878 0.000 0.005
0.554 0.905 0.000 0.005
0.554 0.932 0.000 0.005
0.554 0.959 0.000 0.005
0.554 0.986 0.000 0.005
0.581 0.014 0.000 0.005
0.581 0.041 0.000 0.005
0.581 0.068 0.000 0.005
0.581 0.095 0.000 0.005
0.581 0.122 0.000 0.005
0.581 0.149 0.000 0.005
0.581 0.176 0.000 0.005
0.581 0.203 0.000 0.005
0.581 0.230 0.000 0.005
0.581 0.257 0.000 0.005
0.581 0.284 0.000 0.005
0.581 0.311 0.000 0.005
0.581 0.338 0.000 0.005
0.581 0.365 0.000 0.005
0.581 0.392 0.000 0.005
0.581 0.419 0.000 0.005
0.581 0.446 0.000 0.005
0.581 0.473 0.000 0.005
0.581 0.500 0.000 0.005
0.581 0.527 0.000 0.005
0.581 0.554 0.000 0.005
0.581 0.581 0.000 0.005
0.581 0.608 0.000 0.005
0.581 0.635 0.000 0.005
0.581 0.662 0.000 0.005
0.581 0.689 0.000 0.005
0.581 0.716 0.000 0.005
0.581 0.743 0.000 0.005
0.581 0.770 0.000 0.005
0.581 0.797 0.000 0.005
0.581 0.824 0.000 0.005
0.581 0.851 0.000 0.005
0.581 0.878 0.000 0.005
0.581 0.905 0.000 0.005
0.581 0.932 0.000 0.005
0.581 0.959 0.000 0.005
0.581 0.986 0.000 0.005
0.608 0.014 0.000 0.005
0.608 0.041 0.000 0.005
0.608 0.068 0.000 0.005
0.608 0.095 0.000 0.005
0.608 0.122 0.000 0.005
0.608 0.149 0.000 0.005
0.608 0.176 0.000 0.005
0.608 0.203 0.000 0.005
0.608 0.230 0.000 0.005
0.608 0.257 0.000 0.005
0.608 0.284 0.000 0.005
0.608 0.311 0.000 0.005
0.608 0.338 0.000 0.005
0.608 0.365 0.000 0.005
0.608 0.392 0.000 0.005
0.608 0.419 0.000 0.005
0.608 0.446 0.000 0.005
0.608 0.473 0.000 0.005
0.608 0.500 0.000 0.005
0.608 0.527 0.000 0.005
0.608 0.554 0.000 0.005
0.608 0.581 0.000 0.005
0.608 0.608 0.000 0.005
0.608 0.635 0.000 0.005
0.608 0.662 0.000 0.005
0.608 0.689 0.000 0.005
0.608 0.716 0.000 0.005
0.608 0.743 0.000 0.005
0.608 0.770 0.000 0.005
0.608 0.797 0.000 0.005
0.608 0.824 0.000 0.005
0.608 0.851 0.000 0.005
0.608 0.878 0.000 0.005
0.608 0.905 0.000 0.005
0.608 0.932 0.000 0.005
0.608 0.959 0.000 0.005
0.608 0.986 0.000 0.005
0.635 0.014 0.000 0.005
0.635 0.041 0.000 0.005
0.635 0.068 0.000 0.005
0.635 0.095 0.000 0.005
0.635 0.122 0.000 0.005
0.635 0.149 0.000 0.005
0.635 0.176 0.000 0.005
0.635 0.203 0.000 0.005
0.635 0.230 0.000 0.005
0.635 0.257 0.000 0.005
0.635 0.284 0.000 0.005
0.635 0.311 0.000 0.005
0.635 0.338 0.000 0.005
0.635 0.365 0.000 0.005
0.635 0.392 0.000 0.005
0.635 0.419 0.000 0.005
0.635 0.446 0.000 0.005
0.635 0.473 0.000 0.005
0.635 0.500 0.000 0.005
0.635 0.527 0.000 0.005
0.635 0.554 0.000 0.005
0.635 0.581 0.000 0.005
0.635 0.608 0.000 0.005
0.635 0.635 0.000 0.005
0.635 0.662 0.000 0.005
0.635 0.689 0.000 0.005
0.635 0.716 0.000 0.005
0.635 0.743 0.000 0.005
0.635 0.770 0.000 0.005
0.635 0.797 0.000 0.005
0.635 0.824 0.000 0.005
0.635 0.851 0.000 0.005
0.635 0.878 0.000 0.005
0.635 0.905 0.000 0.005
0.635 0.932 0.000 0.005
0.635 0.959 0.000 0.005
0.635 0.986 0.000 0.005
0.662 0.014 0.000 0.005
0.662 0.041 0.000 0.005
0.662 0.068 0.000 0.005
0.662 0.095 0.000 0.005
0.662 0.122 0.000 0.005
0.662 0.149 0.000 0.005
0.662 0.176 0.000 0.005
0.662 0.203 0.000 0.005
0.662 0.230 0.000 0.005
0.662 0.257 0.000 0.005
0.662 0.284 0.000 0.005
0.662 0.311 0.000 0.005
0.662 0.338 0.000 0.005
0.662 0.365 0.000 0.005
0.662 0.392 0.000 0.005
0.662 0.419 0.000 0.005
0.662 0.446 0.000 0.005
0.662 0.473 0.000 0.005
0.662 0.500 0.000 0.005
0.662 0.527 0.000 0.005
0.662 0.554 0.000 0.005
0.662 0.581 0.000 0.005
0.662 0.608 0.000 0.005
0.662 0.635 0.000 0.005
0.662 0.662 0.000 0.005
0.662 0.689 0.000 0.005
0.662 0.716 0.000 0.005
0.662 0.743 0.000 0.005
0.662 0.770 0.000 0.005
0.662 0.797 0.000 0.005
0.662 0.824 0.000 0.005
0.662 0.851 0.000 0.005
0.662 0.878 0.000 0.005
0.662 0.905 0.000 0.005
0.662 0.932 0.000 0.005
0.662 0.959 0.000 0.005
0.662 0.986 0.000 0.005
0.689 0.014 0.000 0.005
0.689 0.041 0.000 0.005
0.689 0.068 0.000 0.005
0.689 0.095 0.000 0.005
0.689 0.122 0.000 0.005
0.689 0.149 0.000 0.005
0.689 0.176 0.000 0.005
0.689 0.203 0.000 0.005
0.689 0.230 0.000 0.005
0.689 0.257 0.000 0.005
0.689 0.284 0.000 0.005
0.689 0.311 0.000 0.005
0.689 0.338 0.000 0.005
0.689 0.365 0.000 0.005
0.689 0.392 0.000 0.005
0.689 0.419 0.000 0.005
0.689 0.446 0.000 0.005
0.689 0.473 0.000 0.005
0.689 0.500 0.000 0.005
0.689 0.527 0.000 0.005
0.689 0.554 0.000 0.005
0.689 0.581 0.000 0.005
0.689 0.608 0.000 0.005
0.689 0.635 0.000 0.005
0.689 0.662 0.000 0.005
0.689 0.689 0.000 0.005
0.689 0.716 0.000 0.005
0.689 0.743 0.000 0.005
0.689 0.770 0.000 0.005
0.689 0.797 0.000 0.005
0.689 0.824 0.000 0.005
0.689 0.851 0.000 0.005
0.689 0.878 0.000 0.005
0.689 0.905 0.000 0.005
0.689 0.932 0.000 0.005
0.689 0.959 0.000 0.005
0.689 0.986 0.000 0.005
0.716 0.014 0.000 0.005
0.716 0.041 0.000 0.005
0.716 0.068 0.000 0.005
0.716 0.095 0.000 0.005
0.716 0.122 0.000 0.005
0.716 0.149 0.000 0.005
0.716 0.176 0.000 0.005
0.716 0.203 0.000 0.005
0.716 0.230 0.000 0.005
0.716 0.257 0.000 0.005
0.716 0.284 0.000 0.005
0.716 0.311 0.000 0.005
0.716 0.338 0.000 0.005
0.716 0.365 0.000 0.005
0.716 0.392 0.000 0.005
0.716 0.419 0.000 0.005
0.716 0.446 0.000 0.005
0.716 0.473 0.000 0.005
0.716 0.500 0.000 0.005
0.716 0.527 0.000 0.005
0.716 0.554 0.000 0.005
0.716 0.581 0.000 0.005
0.716 0.608 0.000 0.005
0.716 0.635 0.000 0.005
0.716 0.662 0.000 0.005
0.716 0.689 0.000 0.005
0.716 0.716 0.000 0.005
0.716 0.743 0.000 0.005
0.716 0.770 0.000 0.005
0.716 0.797 0.000 0.005
0.716 0.824 0.000 0.005
0.716 0.851 0.000 0.005
0.716 0.878 0.000 0.005
0.716 0.905 0.000 0.005
0.716 0.932 0.000 0.005
0.716 0.959 0.000 0.005
0.716 0.986 0.000 0.005
0.743 0.014 0.000 0.005
0.743 0.041 0.000 0.005
0.743 0.068 0.000 0.005
0.743 0.095 0.000 0.005
0.743 0.122 0.000 0.005
0.743 0.149 0.000 0.005
0.743 0.176 0.000 0.005
0.743 0.203 0.000 0.005
0.743 0.230 0.000 0.005
0.743 0.257 0.000 0.005
0.743 0.284 0.000 0.005
0.743 0.311 0.000 0.005
0.743 0.338 0.000 0.005
0.743 0.365 0.000 0.005
0.743 0.392 0.000 0.005
0.743 0.419 0.000 0.005
0.743 0.446 0.000 0.005
0.743 0.473 0.000 0.005
0.743 0.500 0.000 0.005
0.743 0.527 0.000 0.005
0.743 0.554 0.000 0.005
0.743 0.581 0.000 0.005
0.743 0.608 0.000 0.005
0.743 0.635 0.000 0.005
0.743 0.662 0.000 0.005
0.743 0.689 0.000 0.005
0.743 0.716 0.000 0.005
0.743 0.743 0.000 0.005
0.743 0.770 0.000 0.005
0.743 0.797 0.000 0.005
0.743 0.824 0.000 0.005
0.743 0.851 0.000 0.005
0.743 0.878 0.000 0.005
0.743 0.905 0.000 0.005
0.743 0.932 0.000 0.005
0.743 0.959 0.000 0.005
0.743 0.986 0.000 0.005
0.770 0.014 0.000 0.005
0.770 0.041 0.000 0.005
0.770 0.068 0.000 0.005
0.770 0.095 0.000 0.005
0.770 0.122 0.000 0.005
0.770 0.149 0.000 0.005
0.770 0.176 0.000 0.005
0.770 0.203 0.000 0.005
0.770 0.230 0.000 0.005
0.770 0.257 0.000 0.005
0.770 0.284 0.000 0.005
0.770 0.311 0.000 0.005
0.770 0.338 0.000 0.005
0.770 0.365 0.000 0.005
0.770 0.392 0.000 0.005
0.770 0.419 0.000 0.005
0.770 0.446 0.000 0.005
0.770 0.473 0.000 0.005
0.770 0.500 0.000 0.005
0.770 0.527 0.000 0.005
0.770 0.554 0.000 0.005
0.770 0.581 0.000 0.005
0.770 0.608 0.000 0.005
0.770 0.635 0.000 0.005
0.770 0.662 0.000 0.005
0.770 0.689 0.000 0.005
0.770 0.716 0.000 0.005
0.770 0.743 0.000 0.005
0.770 0.770 0.000 0.005
0.770 0.797 0.000 0.005
0.770 0.824 0.000 0.005
0.770 0.851 0.000 0.005
0.770 0.878 0.000 0.005
0.770 0.905 0.000 0.005
0.770 0.932 0.000 0.005
0.770 0.959 0.000 0.005
0.770 0.986 0.000 0.005
0.797 0.014 0.000 0.005
0.797 0.041 0.000 0.005
0.797 0.068 0.000 0.005
0.797 0.095 0.000 0.005
0.797 0.122 0.000 0.005
0.797 0.149 0.000 0.005
0.797 0.176 0.000 0.005
0.797 0.203 0.000 0.005
0.797 0.230 0.000 0.005
0.797 0.257 0.000 0.005
0.797 0.284 0.000 0.005
0.797 0.311 0.000 0.005
0.797 0.338 0.000 0.005
0.797 0.365 0.000 0.005
0.797 0.392 0.000 0.005
0.797 0.419 0.000 0.005
0.797 0.446 0.000 0.005
0.797 0.473 0.000 0.005
0.797 0.500 0.000 0.005
0.797 0.527 0.000 0.005
0.797 0.554 0.000 0.005
0.797 0.581 0.000 0.005
0.797 0.608 0.000 0.005
0.797 0.635 0.000 0.005
0.797 0.662 0.000 0.005
0.797 0.689 0.000 0.005
0.797 0.716 0.000 0.005
0.797 0.743 0.000 0.005
0.797 0.770 0.000 0.005
0.797 0.797 0.000 0.005
0.797 0.824 0.000 0.005
0.797 0.851 0.000 0.005
0.797 0.878 0.000 0.005
0.797 0.905 0.000 0.005
0.797 0.932 0.000 0.005
0.797 0.959 0.000 0.005
0.797 0.986 0.000 0.005
0.824 0.014 0.000 0.005
0.824 0.041 0.000 0.005
0.824 0.068 0.000 0.005
0.824 0.095 0.000 0.005
0.824 0.122 0.000 0.005
0.824 0.149 0.000 0.005
0.824 0.176 0.000 0.005
0.824 0.203 0.000 0.005
0.824 0.230 0.000 0.005
0.824 0.257 0.000 0.005
0.824 0.284 0.000 0.005
0.824 0.311 0.000 0.005
0.824 0.338 0.000 0.005
0.824 0.365 0.000 0.005
0.824 0.392 0.000 0.005
0.824 0.419 0.000 0.005
0.824 0.446 0.000 0.005
0.824 0.473 0.000 0.005
0.824 0.500 0.000 0.005
0.824 0.527 0.000 0.005
0.824 0.554 0.000 0.005
0.824 0.581 0.000 0.005
0.824 0.608 0.000 0.005
0.824 0.635 0.000 0.005
0.824 0.662 0.000 0.005
0.824 0.689 0.000 0.005
0.824 0.716 0.000 0.005
0.824 0.743 0.000 0.005
0.824 0.770 0.000 0.005
0.824 0.797 0.000 0.005
0.824 0.824 0.000 0.005
0.824 0.851 0.000 0.005
0.824 0.878 0.000 0.005
0.824 0.905 0.000 0.005
0.824 0.932 0.000 0.005
0.824 0.959 0.000 0.005
0.824 0.986 0.000 0.005
0.851 0.014 0.000 0.005
0.851 0.041 0.000 0.005
0.851 0.068 0.000 0.005
0.851 0.095 0.000 0.005
0.851 0.122 0.000 0.005
0.851 0.149 0.000 0.005
0.851 0.176 0.000 0.005
0.851 0.203 0.000 0.005
0.851 0.230 0.000 0.005
0.851 0.257 0.000 0.005
0.851 0.284 0.000 0.005
0.851 0.311 0.000 0.005
0.851 0.338 0.000 0.005
0.851 0.365 0.000 0.005
0.851 0.392 0.000 0.005
0.851 0.419 0.000 0.005
0.851 0.446 0.000 0.005
0.851 0.473 0.000 0.005
0.851 0.500 0.000 0.005
0.851 0.527 0.000 0.005
0.851 0.554 0.000 0.005
0.851 0.581 0.000 0.005
0.851 0.608 0.000 0.005
0.851 0.635 0.000 0.005
0.851 0.662 0.000 0.005
0.851 0.689 0.000 0.005
0.851 0.716 0.000 0.005
0.851 0.743 0.000 0.005
0.851 0.770 0.000 0.005
0.851 0.797 0.000 0.005
0.851 0.824 0.000 0.005
0.851 0.851 0.000 0.005
0.851 0.878 0.000 0.005
0.851 0.905 0.000 0.005
0.851 0.932 0.000 0.005
0.851 0.959 0.000 0.005
0.851 0.986 0.000 0.005
0.878 0.014 0.000 0.005
0.878 0.041 0.000 0.005
0.878 0.068 0.000 0.005
0.878 0.095 0.000 0.005
0.878 0.122 0.000 0.005
0.878 0.149 0.000 0.005
0.878 0.176 0.000 0.005
0.878 0.203 0.000 0.005
0.878 0.230 0.000 0.005
0.878 0.257 0.000 0.005
0.878 0.284 0.000 0.005
0.878 0.311 0.000 0.005
0.878 0.338 0.000 0.005
0.878 0.365 0.000 0.005
0.878 0.392 0.000 0.005
0.878 0.419 0.000 0.005
0.878 0.446 0.000 0.005
0.878 0.473 0.000 0.005
0.878 0.500 0.000 0.005
0.878 0.527 0.000 0.005
0.878 0.554 0.000 0.005
0.878 0.581 0.000 0.005
0.878 0.608 0.000 0.005
0.878 0.635 0.000 0.005
0.878 0.662 0.000 0.005
0.878 0.689 0.000 0.005
0.878 0.716 0.000 0.005
0.878 0.743 0.000 0.005
0.878 0.770 0.000 0.005
0.878 0.797 0.000 0.005
0.878 0.824 0.000 0.005
0.878 0.851 0.000 0.005
0.878 0.878 0.000 0.005
0.878 0.905 0.000 0.005
0.878 0.932 0.000 0.005
0.878 0.959 0.000 0.005
0.878 0.986 0.000 0.005
0.905 0.014 0.000 0.005
0.905 0.041 0.000 0.005
0.905 0.068 0.000 0.005
0.905 0.095 0.000 0.005
0.905 0.122 0.000 0.005
0.905 0.149 0.000 0.005
0.905 0.176 0.000 0.005
0.905 0.203 0.000 0.005
0.905 0.230 0.000 0.005
0.905 0.257 0.000 0.005
0.905 0.284 0.000 0.005
0.905 0.311 0.000 0.005
0.905 0.338 0.000 0.005
0.905 0.365 0.000 0.005
0.905 0.392 0.000 0.005
0.905 0.419 0.000 0.005
0.905 0.446 0.000 0.005
0.905 0.473 0.000 0.005
0.905 0.500 0.000 0.005
0.905 0.527 0.000 0.005
0.905 0.554 0.000 0.005
0.905 0.581 0.000 0.005
0.905 0.608 0.000 0.005
0.905 0.635 0.000 0.005
0.905 0.662 0.000 0.005
0.905 0.689 0.000 0.005
0.905 0.716 0.000 0.005
0.905 0.743 0.000 0.005
0.905 0.770 0.000 0.005
0.905 0.797 0.000 0.005
0.905 0.824 0.000 0.005
0.905 0.851 0.000 0.005
0.905 0.878 0.000 0.005
0.905 0.905 0.000 0.005
0.905 0.932 0.000 0.005
0.905 0.959 0.000 0.005
0.905 0.986 0.000 0.005
0.932 0.014 0.000 0.005
0.932 0.041 0.000 0.005
0.932 0.068 0.000 0.005
0.932 0.095 0.000 0.005
0.932 0.122 0.000 0.005
0.932 0.149 0.000 0.005
0.932 0.176 0.000 0.005
0.932 0.203 0.000 0.005
0.932 0.230 0.000 0.005
0.932 0.257 0.000 0.005
0.932 0.284 0.000 0.005
0.932 0.311 0.000 0.005
0.932 0.338 0.000 0.005
0.932 0.365 0.000 0.005
0.932 0.392 0.000 0.005
0.932 0.419 0.000 0.005
0.932 0.446 0.000 0.005
0.932 0.473 0.000 0.005
0.932 0.500 0.000 0.005
0.932 0.527 0.000 0.005
0.932 0.554 0.000 0.005
0.932 0.581 0.000 0.005
0.932 0.608 0.000 0.005
0.932 0.635 0.000 0.005
0.932 0.662 0.000 0.005
0.932 0.689 0.000 0.005
0.932 0.716 0.000 0.005
0.932 0.743 0.000 0.005
0.932 0.770 0.000 0.005
0.932 0.797 0.000 0.005
0.932 0.824 0.000 0.005
0.932 0.851 0.000 0.005
0.932 0.878 0.000 0.005
0.932 0.905 0.000 0.005
0.932 0.932 0.000 0.005
0.932 0.959 0.000 0.005
0.932 0.986 0.000 0.005
0.959 0.014 0.000 0.005
0.959 0.041 0.000 0.005
0.959 0.068 0.000 0.005
0.959 0.095 0.000 0.005
0.959 0.122 0.000 0.005
0.959 0.149 0.000 0.005
0.959 0.176 0.000 0.005
0.959 0.203 0.000 0.005
0.959 0.230 0.000 0.005
0.959 0.257 0.000 0.005
0.959 0.284 0.000 0.005
0.959 0.311 0.000 0.005
0.959 0.338 0.000 0.005
0.959 0.365 0.000 0.005
0.959 0.392 0.000 0.005
0.959 0.419 0.000 0.005
0.959 0.446 0.000 0.005
0.959 0.473 0.000 0.005
0.959 0.500 0.000 0.005
0.959 0.527 0.000 0.005
0.959 0.554 0.000 0.005
0.959 0.581 0.000 0.005
0.959 0.608 0.000 0.005
0.959 0.635 0.000 0.005
0.959 0.662 0.000 0.005
0.959 0.689 0.000 0.005
0.959 0.716 0.000 0.005
0.959 0.743 0.000 0.005
0.959 0.770 0.000 0.005
0.959 0.797 0.000 0.005
0.959 0.824 0.000 0.005
0.959 0.851 0.000 0.005
0.959 0.878 0.000 0.005
0.959 0.905 0.000 0.005
0.959 0.932 0.000 0.005
0.959 0.959 0.000 0.005
0.959 0.986 0.000 0.005
0.986 0.014 0.000 0.005
0.986 0.041 0.000 0.005
0.986 0.068 0.000 0.005
0.986 0.095 0.000 0.005
0.986 0.122 0.000 0.005
0.986 0.149 0.000 0.005
0.986 0.176 0.000 0.005
0.986 0.203 0.000 0.005
0.986 0.230 0.000 0.005
0.986 0.257 0.000 0.005
0.986 0.284 0.000 0.005
0.986 0.311 0.000 0.005
0.986 0.338 0.000 0.005
0.986 0.365 0.000 0.005
0.986 0.392 0.000 0.005
0.986 0.419 0.000 0.005
0.986 0.446 0.000 0.005
0.986 0.473 0.000 0.005
0.986 0.500 0.000 0.005
0.986 0.527 0.000 0.005
0.986 0.554 0.000 0.005
0.986 0.581 0.000 0.005
0.986 0.608 0.000 0.005
0.986 0.635 0.000 0.005
0.986 0.662 0.000 0.005
0.986 0.689 0.000 0.005
0.986 0.716 0.000 0.005
0.986 0.743 0.000 0.005
0.986 0.770 0.000 0.005
0.986 0.797 0.000 0.005
0.986 0.824 0.000 0.005
0.986 0.851 0.000 0.005
0.986 0.878 0.000 0.005
0.986 0.905 0.000 0.005
0.986 0.932 0.000 0.005
0.986 0.959 0.000 0.005
0.986 0.986 0.000 0.005
