0.015 0.015 0.000 0.005
0.015 0.044 0.000 0.005
0.015 0.074 0.000 0.005
0.015 0.103 0.000 0.005
0.015 0.132 0.000 0.005
0.015 0.162 0.000 0.005
0.015 0.191 0.000 0.005
0.015 0.221 0.000 0.005
0.015 0.250 0.000 0.005
0.015 0.279 0.000 0.005
0.015 0.309 0.000 0.005
0.015 0.338 0.000 0.005
0.015 0.368 0.000 0.005
0.015 0.397 0.000 0.005
0.015 0.426 0.000 0.005
0.015 0.456 0.000 0.005
0.015 0.485 0.000 0.005
0.015 0.515 0.000 0.005
0.015 0.544 0.000 0.005
0.015 0.574 0.000 0.005
0.015 0.603 0.000 0.005
0.015 0.632 0.000 0.005
0.015 0.662 0.000 0.005
0.015 0.691 0.000 0.005
0.015 0.721 0.000 0.005
0.015 0.750 0.000 0.005
0.015 0.779 0.000 0.005
0.015 0.809 0.000 0.005
0.015 0.838 0.000 0.005
0.015 0.868 0.000 0.005
0.015 0.897 0.000 0.005
0.015 0.926 0.000 0.005
0.015 0.956 0.000 0.005
0.015 0.985 0.000 0.005
0.044 0.015 0.000 0.005
0.044 0.044 0.000 0.005
0.044 0.074 0.000 0.005
0.044 0.103 0.000 0.005
0.044 0.132 0.000 0.005
0.044 0.162 0.000 0.005
0.044 0.191 0.000 0.005
0.044 0.221 0.000 0.005
0.044 0.250 0.000 0.005
0.044 0.279 0.000 0.005
0.044 0.309 0.000 0.005
0.044 0.338 0.000 0.005
0.044 0.368 0.000 0.005
0.044 0.397 0.000 0.005
0.044 0.426 0.000 0.005
0.044 0.456 0.000 0.005
0.044 0.485 0.000 0.005
0.044 0.515 0.000 0.005
0.044 0.544 0.000 0.005
0.044 0.574 0.000 0.005
0.044 0.603 0.000 0.005
0.044 0.632 0.000 0.005
0.044 0.662 0.000 0.005
0.044 0.691 0.000 0.005
0.044 0.721 0.000 0.005
0.044 0.750 0.000 0.005
0.044 0.779 0.000 0.005
0.044 0.809 0.000 0.005
0.044 0.838 0.000 0.005
0.044 0.868 0.000 0.005
0.044 0.897 0.000 0.005
0.044 0.926 0.000 0.005
0.044 0.956 0.000 0.005
0.044 0.985 0.000 0.005
0.074 0.015 0.000 0.005
0.074 0.044 0.000 0.005
0.074 0.074 0.000 0.005
0.074 0.103 0.000 0.005
0.074 0.132 0.000 0.005
0.074 0.162 0.000 0.005
0.074 0.191 0.000 0.005
0.074 0.221 0.000 0.005
0.074 0.250 0.000 0.005
0.074 0.279 0.000 0.005
0.074 0.309 0.000 0.005
0.074 0.338 0.000 0.005
0.074 0.368 0.000 0.005
0.074 0.397 0.000 0.005
0.074 0.426 0.000 0.005
0.074 0.456 0.000 0.005
0.074 0.485 0.000 0.005
0.074 0.515 0.000 0.005
0.074 0.544 0.000 0.005
0.074 0.574 0.000 0.005
0.074 0.603 0.000 0.005
0.074 0.632 0.000 0.005
0.074 0.662 0.000 0.005
0.074 0.691 0.000 0.005
0.074 0.721 0.000 0.005
0.074 0.750 0.000 0.005
0.074 0.779 0.000 0.005
0.074 0.809 0.000 0.005
0.074 0.838 0.000 0.005
0.074 0.868 0.000 0.005
0.074 0.897 0.000 0.005
0.074 0.926 0.000 0.005
0.074 0.956 0.000 0.005
0.074 0.985 0.000 0.005
0.103 0.015 0.000 0.005
0.103 0.044 0.000 0.005
0.103 0.074 0.000 0.005
0.103 0.103 0.000 0.005
0.103 0.132 0.000 0.005
0.103 0.162 0.000 0.005
0.103 0.191 0.000 0.005
0.103 0.221 0.000 0.005
0.103 0.250 0.000 0.005
0.103 0.279 0.000 0.005
0.103 0.309 0.000 0.005
0.103 0.338 0.000 0.005
0.103 0.368 0.000 0.005
0.103 0.397 0.000 0.005
0.103 0.426 0.000 0.005
0.103 0.456 0.000 0.005
0.103 0.485 0.000 0.005
0.103 0.515 0.000 0.005
0.103 0.544 0.000 0.005
0.103 0.574 0.000 0.005
0.103 0.603 0.000 0.005
0.103 0.632 0.000 0.005
0.103 0.662 0.000 0.005
0.103 0.691 0.000 0.005
0.103 0.721 0.000 0.005
0.103 0.750 0.000 0.005
0.103 0.779 0.000 0.005
0.103 0.809 0.000 0.005
0.103 0.838 0.000 0.005
0.103 0.868 0.000 0.005
0.103 0.897 0.000 0.005
0.103 0.926 0.000 0.005
0.103 0.956 0.000 0.005
0.103 0.985 0.000 0.005
0.132 0.015 0.000 0.005
0.132 0.044 0.000 0.005
0.132 0.074 0.000 0.005
0.132 0.103 0.000 0.005
0.132 0.132 0.000 0.005
0.132 0.162 0.000 0.005
0.132 0.191 0.000 0.005
0.132 0.221 0.000 0.005
0.132 0.250 0.000 0.005
0.132 0.279 0.000 0.005
0.132 0.309 0.000 0.005
0.132 0.338 0.000 0.005
0.132 0.368 0.000 0.005
0.132 0.397 0.000 0.005
0.132 0.426 0.000 0.005
0.132 0.456 0.000 0.005
0.132 0.485 0.000 0.005
0.132 0.515 0.000 0.005
0.132 0.544 0.000 0.005
0.132 0.574 0.000 0.005
0.132 0.603 0.000 0.005
0.132 0.632 0.000 0.005
0.132 0.662 0.000 0.005
0.132 0.691 0.000 0.005
0.132 0.721 0.000 0.005
0.132 0.750 0.000 0.005
0.132 0.779 0.000 0.005
0.132 0.809 0.000 0.005
0.132 0.838 0.000 0.005
0.132 0.868 0.000 0.005
0.132 0.897 0.000 0.005
0.132 0.926 0.000 0.005
0.132 0.956 0.000 0.005
0.132 0.985 0.000 0.005
0.162 0.015 0.000 0.005
0.162 0.044 0.000 0.005
0.162 0.074 0.000 0.005
0.162 0.103 0.000 0.005
0.162 0.132 0.000 0.005
0.162 0.162 0.000 0.005
0.162 0.191 0.000 0.005
0.162 0.221 0.000 0.005
0.162 0.250 0.000 0.005
0.162 0.279 0.000 0.005
0.162 0.309 0.000 0.005
0.162 0.338 0.000 0.005
0.162 0.368 0.000 0.005
0.162 0.397 0.000 0.005
0.162 0.426 0.000 0.005
0.162 0.456 0.000 0.005
0.162 0.485 0.000 0.005
0.162 0.515 0.000 0.005
0.162 0.544 0.000 0.005
0.162 0.574 0.000 0.005
0.162 0.603 0.000 0.005
0.162 0.632 0.000 0.005
0.162 0.662 0.000 0.005
0.162 0.691 0.000 0.005
0.162 0.721 0.000 0.005
0.162 0.750 0.000 0.005
0.162 0.779 0.000 0.005
0.162 0.809 0.000 0.005
0.162 0.838 0.000 0.005
0.162 0.868 0.000 0.005
0.162 0.897 0.000 0.005
0.162 0.926 0.000 0.005
0.162 0.956 0.000 0.005
0.162 0.985 0.000 0.005
0.191 0.015 0.000 0.005
0.191 0.044 0.000 0.005
0.191 0.074 0.000 0.005
0.191 0.103 0.000 0.005
0.191 0.132 0.000 0.005
0.191 0.162 0.000 0.005
0.191 0.191 0.000 0.005
0.191 0.221 0.000 0.005
0.191 0.250 0.000 0.005
0.191 0.279 0.000 0.005
0.191 0.309 0.000 0.005
0.191 0.338 0.000 0.005
0.191 0.368 0.000 0.005
0.191 0.397 0.000 0.005
0.191 0.426 0.000 0.005
0.191 0.456 0.000 0.005
0.191 0.485 0.000 0.005
0.191 0.515 0.000 0.005
0.191 0.544 0.000 0.005
0.191 0.574 0.000 0.005
0.191 0.603 0.000 0.005
0.191 0.632 0.000 0.005
0.191 0.662 0.000 0.005
0.191 0.691 0.000 0.005
0.191 0.721 0.000 0.005
0.191 0.750 0.000 0.005
0.191 0.779 0.000 0.005
0.191 0.809 0.000 0.005
0.191 0.838 0.000 0.005
0.191 0.868 0.000 0.005
0.191 0.897 0.000 0.005
0.191 0.926 0.000 0.005
0.191 0.956 0.000 0.005
0.191 0.985 0.000 0.005
0.221 0.015 0.000 0.005
0.221 0.044 0.000 0.005
0.221 0.074 0.000 0.005
0.221 0.103 0.000 0.005
0.221 0.132 0.000 0.005
0.221 0.162 0.000 0.005
0.221 0.191 0.000 0.005
0.221 0.221 0.000 0.005
0.221 0.250 0.000 0.005
0.221 0.279 0.000 0.005
0.221 0.309 0.000 0.005
0.221 0.338 0.000 0.005
0.221 0.368 0.000 0.005
0.221 0.397 0.000 0.005
0.221 0.426 0.000 0.005
0.221 0.456 0.000 0.005
0.221 0.485 0.000 0.005
0.221 0.515 0.000 0.005
0.221 0.544 0.000 0.005
0.221 0.574 0.000 0.005
0.221 0.603 0.000 0.005
0.221 0.632 0.000 0.005
0.221 0.662 0.000 0.005
0.221 0.691 0.000 0.005
0.221 0.721 0.000 0.005
0.221 0.750 0.000 0.005
0.221 0.779 0.000 0.005
0.221 0.809 0.000 0.005
0.221 0.838 0.000 0.005
0.221 0.868 0.000 0.005
0.221 0.897 0.000 0.005
0.221 0.926 0.000 0.005
0.221 0.956 0.000 0.005
0.221 0.985 0.000 0.005
0.250 0.015 0.000 0.005
0.250 0.044 0.000 0.005
0.250 0.074 0.000 0.005
0.250 0.103 0.000 0.005
0.250 0.132 0.000 0.005
0.250 0.162 0.000 0.005
0.250 0.191 0.000 0.005
0.250 0.221 0.000 0.005
0.250 0.250 0.000 0.005
0.250 0.279 0.000 0.005
0.250 0.309 0.000 0.005
0.250 0.338 0.000 0.005
0.250 0.368 0.000 0.005
0.250 0.397 0.000 0.005
0.250 0.426 0.000 0.005
0.250 0.456 0.000 0.005
0.250 0.485 0.000 0.005
0.250 0.515 0.000 0.005
0.250 0.544 0.000 0.005
0.250 0.574 0.000 0.005
0.250 0.603 0.000 0.005
0.250 0.632 0.000 0.005
0.250 0.662 0.000 0.005
0.250 0.691 0.000 0.005
0.250 0.721 0.000 0.005
0.250 0.750 0.000 0.005
0.250 0.779 0.000 0.005
0.250 0.809 0.000 0.005
0.250 0.838 0.000 0.005
0.250 0.868 0.000 0.005
0.250 0.897 0.000 0.005
0.250 0.926 0.000 0.005
0.250 0.956 0.000 0.005
0.250 0.985 0.000 0.005
0.279 0.015 0.000 0.005
0.279 0.044 0.000 0.005
0.279 0.074 0.000 0.005
0.279 0.103 0.000 0.005
0.279 0.132 0.000 0.005
0.279 0.162 0.000 0.005
0.279 0.191 0.000 0.005
0.279 0.221 0.000 0.005
0.279 0.250 0.000 0.005
0.279 0.279 0.000 0.005
0.279 0.309 0.000 0.005
0.279 0.338 0.000 0.005
0.279 0.368 0.000 0.005
0.279 0.397 0.000 0.005
0.279 0.426 0.000 0.005
0.279 0.456 0.000 0.005
0.279 0.485 0.000 0.005
0.279 0.515 0.000 0.005
0.279 0.544 0.000 0.005
0.279 0.574 0.000 0.005
0.279 0.603 0.000 0.005
0.279 0.632 0.000 0.005
0.279 0.662 0.000 0.005
0.279 0.691 0.000 0.005
0.279 0.721 0.000 0.005
0.279 0.750 0.000 0.005
0.279 0.779 0.000 0.005
0.279 0.809 0.000 0.005
0.279 0.838 0.000 0.005
0.279 0.868 0.000 0.005
0.279 0.897 0.000 0.005
0.279 0.926 0.000 0.005
0.279 0.956 0.000 0.005
0.279 0.985 0.000 0.005
0.309 0.015 0.000 0.005
0.309 0.044 0.000 0.005
0.309 0.074 0.000 0.005
0.309 0.103 0.000 0.005
0.309 0.132 0.000 0.005
0.309 0.162 0.000 0.005
0.309 0.191 0.000 0.005
0.309 0.221 0.000 0.005
0.309 0.250 0.000 0.005
0.309 0.279 0.000 0.005
0.309 0.309 0.000 0.005
0.309 0.338 0.000 0.005
0.309 0.368 0.000 0.005
0.309 0.397 0.000 0.005
0.309 0.426 0.000 0.005
0.309 0.456 0.000 0.005
0.309 0.485 0.000 0.005
0.309 0.515 0.000 0.005
0.309 0.544 0.000 0.005
0.309 0.574 0.000 0.005
0.309 0.603 0.000 0.005
0.309 0.632 0.000 0.005
0.309 0.662 0.000 0.005
0.309 0.691 0.000 0.005
0.309 0.721 0.000 0.005
0.309 0.750 0.000 0.005
0.309 0.779 0.000 0.005
0.309 0.809 0.000 0.005
0.309 0.838 0.000 0.005
0.309 0.868 0.000 0.005
0.309 0.897 0.000 0.005
0.309 0.926 0.000 0.005
0.309 0.956 0.000 0.005
0.309 0.985 0.000 0.005
0.338 0.015 0.000 0.005
0.338 0.044 0.000 0.005
0.338 0.074 0.000 0.005
0.338 0.103 0.000 0.005
0.338 0.132 0.000 0.005
0.338 0.162 0.000 0.005
0.338 0.191 0.000 0.005
0.338 0.221 0.000 0.005
0.338 0.250 0.000 0.005
0.338 0.279 0.000 0.005
0.338 0.309 0.000 0.005
0.338 0.338 0.000 0.005
0.338 0.368 0.000 0.005
0.338 0.397 0.000 0.005
0.338 0.426 0.000 0.005
0.338 0.456 0.000 0.005
0.338 0.485 0.000 0.005
0.338 0.515 0.000 0.005
0.338 0.544 0.000 0.005
0.338 0.574 0.000 0.005
0.338 0.603 0.000 0.005
0.338 0.632 0.000 0.005
0.338 0.662 0.000 0.005
0.338 0.691 0.000 0.005
0.338 0.721 0.000 0.005
0.338 0.750 0.000 0.005
0.338 0.779 0.000 0.005
0.338 0.809 0.000 0.005
0.338 0.838 0.000 0.005
0.338 0.868 0.000 0.005
0.338 0.897 0.000 0.005
0.338 0.926 0.000 0.005
0.338 0.956 0.000 0.005
0.338 0.985 0.000 0.005
0.368 0.015 0.000 0.005
0.368 0.044 0.000 0.005
0.368 0.074 0.000 0.005
0.368 0.103 0.000 0.005
0.368 0.132 0.000 0.005
0.368 0.162 0.000 0.005
0.368 0.191 0.000 0.005
0.368 0.221 0.000 0.005
0.368 0.250 0.000 0.005
0.368 0.279 0.000 0.005
0.368 0.309 0.000 0.005
0.368 0.338 0.000 0.005
0.368 0.368 0.000 0.005
0.368 0.397 0.000 0.005
0.368 0.426 0.000 0.005
0.368 0.456 0.000 0.005
0.368 0.485 0.000 0.005
0.368 0.515 0.000 0.005
0.368 0.544 0.000 0.005
0.368 0.574 0.000 0.005
0.368 0.603 0.000 0.005
0.368 0.632 0.000 0.005
0.368 0.662 0.000 0.005
0.368 0.691 0.000 0.005
0.368 0.721 0.000 0.005
0.368 0.750 0.000 0.005
0.368 0.779 0.000 0.005
0.368 0.809 0.000 0.005
0.368 0.838 0.000 0.005
0.368 0.868 0.000 0.005
0.368 0.897 0.000 0.005
0.368 0.926 0.000 0.005
0.368 0.956 0.000 0.005
0.368 0.985 0.000 0.005
0.397 0.015 0.000 0.005
0.397 0.044 0.000 0.005
0.397 0.074 0.000 0.005
0.397 0.103 0.000 0.005
0.397 0.132 0.000 0.005
0.397 0.162 0.000 0.005
0.397 0.191 0.000 0.005
0.397 0.221 0.000 0.005
0.397 0.250 0.000 0.005
0.397 0.279 0.000 0.005
0.397 0.309 0.000 0.005
0.397 0.338 0.000 0.005
0.397 0.368 0.000 0.005
0.397 0.397 0.000 0.005
0.397 0.426 0.000 0.005
0.397 0.456 0.000 0.005
0.397 0.485 0.000 0.005
0.397 0.515 0.000 0.005
0.397 0.544 0.000 0.005
0.397 0.574 0.000 0.005
0.397 0.603 0.000 0.005
0.397 0.632 0.000 0.005
0.397 0.662 0.000 0.005
0.397 0.691 0.000 0.005
0.397 0.721 0.000 0.005
0.397 0.750 0.000 0.005
0.397 0.779 0.000 0.005
0.397 0.809 0.000 0.005
0.397 0.838 0.000 0.005
0.397 0.868 0.000 0.005
0.397 0.897 0.000 0.005
0.397 0.926 0.000 0.005
0.397 0.956 0.000 0.005
0.397 0.985 0.000 0.005
0.426 0.015 0.000 0.005
0.426 0.044 0.000 0.005
0.426 0.074 0.000 0.005
0.426 0.103 0.000 0.005
0.426 0.132 0.000 0.005
0.426 0.162 0.000 0.005
0.426 0.191 0.000 0.005
0.426 0.221 0.000 0.005
0.426 0.250 0.000 0.005
0.426 0.279 0.000 0.005
0.426 0.309 0.000 0.005
0.426 0.338 0.000 0.005
0.426 0.368 0.000 0.005
0.426 0.397 0.000 0.005
0.426 0.426 0.000 0.005
0.426 0.456 0.000 0.005
0.426 0.485 0.000 0.005
0.426 0.515 0.000 0.005
0.426 0.544 0.000 0.005
0.426 0.574 0.000 0.005
0.426 0.603 0.000 0.005
0.426 0.632 0.000 0.005
0.426 0.662 0.000 0.005
0.426 0.691 0.000 0.005
0.426 0.721 0.000 0.005
0.426 0.750 0.000 0.005
0.426 0.779 0.000 0.005
0.426 0.809 0.000 0.005
0.426 0.838 0.000 0.005
0.426 0.868 0.000 0.005
0.426 0.897 0.000 0.005
0.426 0.926 0.000 0.005
0.426 0.956 0.000 0.005
0.426 0.985 0.000 0.005
0.456 0.015 0.000 0.005
0.456 0.044 0.000 0.005
0.456 0.074 0.000 0.005
0.456 0.103 0.000 0.005
0.456 0.132 0.000 0.005
0.456 0.162 0.000 0.005
0.456 0.191 0.000 0.005
0.456 0.221 0.000 0.005
0.456 0.250 0.000 0.005
0.456 0.279 0.000 0.005
0.456 0.309 0.000 0.005
0.456 0.338 0.000 0.005
0.456 0.368 0.000 0.005
0.456 0.397 0.000 0.005
0.456 0.426 0.000 0.005
0.456 0.456 0.000 0.005
0.456 0.485 0.000 0.005
0.456 0.515 0.000 0.005
0.456 0.544 0.000 0.005
0.456 0.574 0.000 0.005
0.456 0.603 0.000 0.005
0.456 0.632 0.000 0.005
0.456 0.662 0.000 0.005
0.456 0.691 0.000 0.005
0.456 0.721 0.000 0.005
0.456 0.750 0.000 0.005
0.456 0.779 0.000 0.005
0.456 0.809 0.000 0.005
0.456 0.838 0.000 0.005
0.456 0.868 0.000 0.005
0.456 0.897 0.000 0.005
0.456 0.926 0.000 0.005
0.456 0.956 0.000 0.005
0.456 0.985 0.000 0.005
0.485 0.015 0.000 0.005
0.485 0.044 0.000 0.005
0.485 0.074 0.000 0.005
0.485 0.103 0.000 0.005
0.485 0.132 0.000 0.005
0.485 0.162 0.000 0.005
0.485 0.191 0.000 0.005
0.485 0.221 0.000 0.005
0.485 0.250 0.000 0.005
0.485 0.279 0.000 0.005
0.485 0.309 0.000 0.005
0.485 0.338 0.000 0.005
0.485 0.368 0.000 0.005
0.485 0.397 0.000 0.005
0.485 0.426 0.000 0.005
0.485 0.456 0.000 0.005
0.485 0.485 0.000 0.005
0.485 0.515 0.000 0.005
0.485 0.544 0.000 0.005
0.485 0.574 0.000 0.005
0.485 0.603 0.000 0.005
0.485 0.632 0.000 0.005
0.485 0.662 0.000 0.005
0.485 0.691 0.000 0.005
0.485 0.721 0.000 0.005
0.485 0.750 0.000 0.005
0.485 0.779 0.000 0.005
0.485 0.809 0.000 0.005
0.485 0.838 0.000 0.005
0.485 0.868 0.000 0.005
0.485 0.897 0.000 0.005
0.485 0.926 0.000 0.005
0.485 0.956 0.000 0.005
0.485 0.985 0.000 0.005
0.515 0.015 0.000 0.005
0.515 0.044 0.000 0.005
0.515 0.074 0.000 0.005
0.515 0.103 0.000 0.005
0.515 0.132 0.000 0.005
0.515 0.162 0.000 0.005
0.515 0.191 0.000 0.005
0.515 0.221 0.000 0.005
0.515 0.250 0.000 0.005
0.515 0.279 0.000 0.005
0.515 0.309 0.000 0.005
0.515 0.338 0.000 0.005
0.515 0.368 0.000 0.005
0.515 0.397 0.000 0.005
0.515 0.426 0.000 0.005
0.515 0.456 0.000 0.005
0.515 0.485 0.000 0.005
0.515 0.515 0.000 0.005
0.515 0.544 0.000 0.005
0.515 0.574 0.000 0.005
0.515 0.603 0.000 0.005
0.515 0.632 0.000 0.005
0.515 0.662 0.000 0.005
0.515 0.691 0.000 0.005
0.515 0.721 0.000 0.005
0.515 0.750 0.000 0.005
0.515 0.779 0.000 0.005
0.515 0.809 0.000 0.005
0.515 0.838 0.000 0.005
0.515 0.868 0.000 0.005
0.515 0.897 0.000 0.005
0.515 0.926 0.000 0.005
0.515 0.956 0.000 0.005
0.515 0.985 0.000 0.005
0.544 0.015 0.000 0.005
0.544 0.044 0.000 0.005
0.544 0.074 0.000 0.005
0.544 0.103 0.000 0.005
0.544 0.132 0.000 0.005
0.544 0.162 0.000 0.005
0.544 0.191 0.000 0.005
0.544 0.221 0.000 0.005
0.544 0.250 0.000 0.005
0.544 0.279 0.000 0.005
0.544 0.309 0.000 0.005
0.544 0.338 0.000 0.005
0.544 0.368 0.000 0.005
0.544 0.397 0.000 0.005
0.544 0.426 0.000 0.005
0.544 0.456 0.000 0.005
0.544 0.485 0.000 0.005
0.544 0.515 0.000 0.005
0.544 0.544 0.000 0.005
0.544 0.574 0.000 0.005
0.544 0.603 0.000 0.005
0.544 0.632 0.000 0.005
0.544 0.662 0.000 0.005
0.544 0.691 0.000 0.005
0.544 0.721 0.000 0.005
0.544 0.750 0.000 0.005
0.544 0.779 0.000 0.005
0.544 0.809 0.000 0.005
0.544 0.838 0.000 0.005
0.544 0.868 0.000 0.005
0.544 0.897 0.000 0.005
0.544 0.926 0.000 0.005
0.544 0.956 0.000 0.005
0.544 0.985 0.000 0.005
0.574 0.015 0.000 0.005
0.574 0.044 0.000 0.005
0.574 0.074 0.000 0.005
0.574 0.103 0.000 0.005
0.574 0.132 0.000 0.005
0.574 0.162 0.000 0.005
0.574 0.191 0.000 0.005
0.574 0.221 0.000 0.005
0.574 0.250 0.000 0.005
0.574 0.279 0.000 0.005
0.574 0.309 0.000 0.005
0.574 0.338 0.000 0.005
0.574 0.368 0.000 0.005
0.574 0.397 0.000 0.005
0.574 0.426 0.000 0.005
0.574 0.456 0.000 0.005
0.574 0.485 0.000 0.005
0.574 0.515 0.000 0.005
0.574 0.544 0.000 0.005
0.574 0.574 0.000 0.005
0.574 0.603 0.000 0.005
0.574 0.632 0.000 0.005
0.574 0.662 0.000 0.005
0.574 0.691 0.000 0.005
0.574 0.721 0.000 0.005
0.574 0.750 0.000 0.005
0.574 0.779 0.000 0.005
0.574 0.809 0.000 0.005
0.574 0.838 0.000 0.005
0.574 0.868 0.000 0.005
0.574 0.897 0.000 0.005
0.574 0.926 0.000 0.005
0.574 0.956 0.000 0.005
0.574 0.985 0.000 0.005
0.603 0.015 0.000 0.005
0.603 0.044 0.000 0.005
0.603 0.074 0.000 0.005
0.603 0.103 0.000 0.005
0.603 0.132 0.000 0.005
0.603 0.162 0.000 0.005
0.603 0.191 0.000 0.005
0.603 0.221 0.000 0.005
0.603 0.250 0.000 0.005
0.603 0.279 0.000 0.005
0.603 0.309 0.000 0.005
0.603 0.338 0.000 0.005
0.603 0.368 0.000 0.005
0.603 0.397 0.000 0.005
0.603 0.426 0.000 0.005
0.603 0.456 0.000 0.005
0.603 0.485 0.000 0.005
0.603 0.515 0.000 0.005
0.603 0.544 0.000 0.005
0.603 0.574 0.000 0.005
0.603 0.603 0.000 0.005
0.603 0.632 0.000 0.005
0.603 0.662 0.000 0.005
0.603 0.691 0.000 0.005
0.603 0.721 0.000 0.005
0.603 0.750 0.000 0.005
0.603 0.779 0.000 0.005
0.603 0.809 0.000 0.005
0.603 0.838 0.000 0.005
0.603 0.868 0.000 0.005
0.603 0.897 0.000 0.005
0.603 0.926 0.000 0.005
0.603 0.956 0.000 0.005
0.603 0.985 0.000 0.005
0.632 0.015 0.000 0.005
0.632 0.044 0.000 0.005
0.632 0.074 0.000 0.005
0.632 0.103 0.000 0.005
0.632 0.132 0.000 0.005
0.632 0.162 0.000 0.005
0.632 0.191 0.000 0.005
0.632 0.221 0.000 0.005
0.632 0.250 0.000 0.005
0.632 0.279 0.000 0.005
0.632 0.309 0.000 0.005
0.632 0.338 0.000 0.005
0.632 0.368 0.000 0.005
0.632 0.397 0.000 0.005
0.632 0.426 0.000 0.005
0.632 0.456 0.000 0.005
0.632 0.485 0.000 0.005
0.632 0.515 0.000 0.005
0.632 0.544 0.000 0.005
0.632 0.574 0.000 0.005
0.632 0.603 0.000 0.005
0.632 0.632 0.000 0.005
0.632 0.662 0.000 0.005
0.632 0.691 0.000 0.005
0.632 0.721 0.000 0.005
0.632 0.750 0.000 0.005
0.632 0.779 0.000 0.005
0.632 0.809 0.000 0.005
0.632 0.838 0.000 0.005
0.632 0.868 0.000 0.005
0.632 0.897 0.000 0.005
0.632 0.926 0.000 0.005
0.632 0.956 0.000 0.005
0.632 0.985 0.000 0.005
0.662 0.015 0.000 0.005
0.662 0.044 0.000 0.005
0.662 0.074 0.000 0.005
0.662 0.103 0.000 0.005
0.662 0.132 0.000 0.005
0.662 0.162 0.000 0.005
0.662 0.191 0.000 0.005
0.662 0.221 0.000 0.005
0.662 0.250 0.000 0.005
0.662 0.279 0.000 0.005
0.662 0.309 0.000 0.005
0.662 0.338 0.000 0.005
0.662 0.368 0.000 0.005
0.662 0.397 0.000 0.005
0.662 0.426 0.000 0.005
0.662 0.456 0.000 0.005
0.662 0.485 0.000 0.005
0.662 0.515 0.000 0.005
0.662 0.544 0.000 0.005
0.662 0.574 0.000 0.005
0.662 0.603 0.000 0.005
0.662 0.632 0.000 0.005
0.662 0.662 0.000 0.005
0.662 0.691 0.000 0.005
0.662 0.721 0.000 0.005
0.662 0.750 0.000 0.005
0.662 0.779 0.000 0.005
0.662 0.809 0.000 0.005
0.662 0.838 0.000 0.005
0.662 0.868 0.000 0.005
0.662 0.897 0.000 0.005
0.662 0.926 0.000 0.005
0.662 0.956 0.000 0.005
0.662 0.985 0.000 0.005
0.691 0.015 0.000 0.005
0.691 0.044 0.000 0.005
0.691 0.074 0.000 0.005
0.691 0.103 0.000 0.005
0.691 0.132 0.000 0.005
0.691 0.162 0.000 0.005
0.691 0.191 0.000 0.005
0.691 0.221 0.000 0.005
0.691 0.250 0.000 0.005
0.691 0.279 0.000 0.005
0.691 0.309 0.000 0.005
0.691 0.338 0.000 0.005
0.691 0.368 0.000 0.005
0.691 0.397 0.000 0.005
0.691 0.426 0.000 0.005
0.691 0.456 0.000 0.005
0.691 0.485 0.000 0.005
0.691 0.515 0.000 0.005
0.691 0.544 0.000 0.005
0.691 0.574 0.000 0.005
0.691 0.603 0.000 0.005
0.691 0.632 0.000 0.005
0.691 0.662 0.000 0.005
0.691 0.691 0.000 0.005
0.691 0.721 0.000 0.005
0.691 0.750 0.000 0.005
0.691 0.779 0.000 0.005
0.691 0.809 0.000 0.005
0.691 0.838 0.000 0.005
0.691 0.868 0.000 0.005
0.691 0.897 0.000 0.005
0.691 0.926 0.000 0.005
0.691 0.956 0.000 0.005
0.691 0.985 0.000 0.005
0.721 0.015 0.000 0.005
0.721 0.044 0.000 0.005
0.721 0.074 0.000 0.005
0.721 0.103 0.000 0.005
0.721 0.132 0.000 0.005
0.721 0.162 0.000 0.005
0.721 0.191 0.000 0.005
0.721 0.221 0.000 0.005
0.721 0.250 0.000 0.005
0.721 0.279 0.000 0.005
0.721 0.309 0.000 0.005
0.721 0.338 0.000 0.005
0.721 0.368 0.000 0.005
0.721 0.397 0.000 0.005
0.721 0.426 0.000 0.005
0.721 0.456 0.000 0.005
0.721 0.485 0.000 0.005
0.721 0.515 0.000 0.005
0.721 0.544 0.000 0.005
0.721 0.574 0.000 0.005
0.721 0.603 0.000 0.005
0.721 0.632 0.000 0.005
0.721 0.662 0.000 0.005
0.721 0.691 0.000 0.005
0.721 0.721 0.000 0.005
0.721 0.750 0.000 0.005
0.721 0.779 0.000 0.005
0.721 0.809 0.000 0.005
0.721 0.838 0.000 0.005
0.721 0.868 0.000 0.005
0.721 0.897 0.000 0.005
0.721 0.926 0.000 0.005
0.721 0.956 0.000 0.005
0.721 0.985 0.000 0.005
0.750 0.015 0.000 0.005
0.750 0.044 0.000 0.005
0.750 0.074 0.000 0.005
0.750 0.103 0.000 0.005
0.750 0.132 0.000 0.005
0.750 0.162 0.000 0.005
0.750 0.191 0.000 0.005
0.750 0.221 0.000 0.005
0.750 0.250 0.000 0.005
0.750 0.279 0.000 0.005
0.750 0.309 0.000 0.005
0.750 0.338 0.000 0.005
0.750 0.368 0.000 0.005
0.750 0.397 0.000 0.005
0.750 0.426 0.000 0.005
0.750 0.456 0.000 0.005
0.750 0.485 0.000 0.005
0.750 0.515 0.000 0.005
0.750 0.544 0.000 0.005
0.750 0.574 0.000 0.005
0.750 0.603 0.000 0.005
0.750 0.632 0.000 0.005
0.750 0.662 0.000 0.005
0.750 0.691 0.000 0.005
0.750 0.721 0.000 0.005
0.750 0.750 0.000 0.005
0.750 0.779 0.000 0.005
0.750 0.809 0.000 0.005
0.750 0.838 0.000 0.005
0.750 0.868 0.000 0.005
0.750 0.897 0.000 0.005
0.750 0.926 0.000 0.005
0.750 0.956 0.000 0.005
0.750 0.985 0.000 0.005
0.779 0.015 0.000 0.005
0.779 0.044 0.000 0.005
0.779 0.074 0.000 0.005
0.779 0.103 0.000 0.005
0.779 0.132 0.000 0.005
0.779 0.162 0.000 0.005
0.779 0.191 0.000 0.005
0.779 0.221 0.000 0.005
0.779 0.250 0.000 0.005
0.779 0.279 0.000 0.005
0.779 0.309 0.000 0.005
0.779 0.338 0.000 0.005
0.779 0.368 0.000 0.005
0.779 0.397 0.000 0.005
0.779 0.426 0.000 0.005
0.779 0.456 0.000 0.005
0.779 0.485 0.000 0.005
0.779 0.515 0.000 0.005
0.779 0.544 0.000 0.005
0.779 0.574 0.000 0.005
0.779 0.603 0.000 0.005
0.779 0.632 0.000 0.005
0.779 0.662 0.000 0.005
0.779 0.691 0.000 0.005
0.779 0.721 0.000 0.005
0.779 0.750 0.000 0.005
0.779 0.779 0.000 0.005
0.779 0.809 0.000 0.005
0.779 0.838 0.000 0.005
0.779 0.868 0.000 0.005
0.779 0.897 0.000 0.005
0.779 0.926 0.000 0.005
0.779 0.956 0.000 0.005
0.779 0.985 0.000 0.005
0.809 0.015 0.000 0.005
0.809 0.044 0.000 0.005
0.809 0.074 0.000 0.005
0.809 0.103 0.000 0.005
0.809 0.132 0.000 0.005
0.809 0.162 0.000 0.005
0.809 0.191 0.000 0.005
0.809 0.221 0.000 0.005
0.809 0.250 0.000 0.005
0.809 0.279 0.000 0.005
0.809 0.309 0.000 0.005
0.809 0.338 0.000 0.005
0.809 0.368 0.000 0.005
0.809 0.397 0.000 0.005
0.809 0.426 0.000 0.005
0.809 0.456 0.000 0.005
0.809 0.485 0.000 0.005
0.809 0.515 0.000 0.005
0.809 0.544 0.000 0.005
0.809 0.574 0.000 0.005
0.809 0.603 0.000 0.005
0.809 0.632 0.000 0.005
0.809 0.662 0.000 0.005
0.809 0.691 0.000 0.005
0.809 0.721 0.000 0.005
0.809 0.750 0.000 0.005
0.809 0.779 0.000 0.005
0.809 0.809 0.000 0.005
0.809 0.838 0.000 0.005
0.809 0.868 0.000 0.005
0.809 0.897 0.000 0.005
0.809 0.926 0.000 0.005
0.809 0.956 0.000 0.005
0.809 0.985 0.000 0.005
0.838 0.015 0.000 0.005
0.838 0.044 0.000 0.005
0.838 0.074 0.000 0.005
0.838 0.103 0.000 0.005
0.838 0.132 0.000 0.005
0.838 0.162 0.000 0.005
0.838 0.191 0.000 0.005
0.838 0.221 0.000 0.005
0.838 0.250 0.000 0.005
0.838 0.279 0.000 0.005
0.838 0.309 0.000 0.005
0.838 0.338 0.000 0.005
0.838 0.368 0.000 0.005
0.838 0.397 0.000 0.005
0.838 0.426 0.000 0.005
0.838 0.456 0.000 0.005
0.838 0.485 0.000 0.005
0.838 0.515 0.000 0.005
0.838 0.544 0.000 0.005
0.838 0.574 0.000 0.005
0.838 0.603 0.000 0.005
0.838 0.632 0.000 0.005
0.838 0.662 0.000 0.005
0.838 0.691 0.000 0.005
0.838 0.721 0.000 0.005
0.838 0.750 0.000 0.005
0.838 0.779 0.000 0.005
0.838 0.809 0.000 0.005
0.838 0.838 0.000 0.005
0.838 0.868 0.000 0.005
0.838 0.897 0.000 0.005
0.838 0.926 0.000 0.005
0.838 0.956 0.000 0.005
0.838 0.985 0.000 0.005
0.868 0.015 0.000 0.005
0.868 0.044 0.000 0.005
0.868 0.074 0.000 0.005
0.868 0.103 0.000 0.005
0.868 0.132 0.000 0.005
0.868 0.162 0.000 0.005
0.868 0.191 0.000 0.005
0.868 0.221 0.000 0.005
0.868 0.250 0.000 0.005
0.868 0.279 0.000 0.005
0.868 0.309 0.000 0.005
0.868 0.338 0.000 0.005
0.868 0.368 0.000 0.005
0.868 0.397 0.000 0.005
0.868 0.426 0.000 0.005
0.868 0.456 0.000 0.005
0.868 0.485 0.000 0.005
0.868 0.515 0.000 0.005
0.868 0.544 0.000 0.005
0.868 0.574 0.000 0.005
0.868 0.603 0.000 0.005
0.868 0.632 0.000 0.005
0.868 0.662 0.000 0.005
0.868 0.691 0.000 0.005
0.868 0.721 0.000 0.005
0.868 0.750 0.000 0.005
0.868 0.779 0.000 0.005
0.868 0.809 0.000 0.005
0.868 0.838 0.000 0.005
0.868 0.868 0.000 0.005
0.868 0.897 0.000 0.005
0.868 0.926 0.000 0.005
0.868 0.956 0.000 0.005
0.868 0.985 0.000 0.005
0.897 0.015 0.000 0.005
0.897 0.044 0.000 0.005
0.897 0.074 0.000 0.005
0.897 0.103 0.000 0.005
0.897 0.132 0.000 0.005
0.897 0.162 0.000 0.005
0.897 0.191 0.000 0.005
0.897 0.221 0.000 0.005
0.897 0.250 0.000 0.005
0.897 0.279 0.000 0.005
0.897 0.309 0.000 0.005
0.897 0.338 0.000 0.005
0.897 0.368 0.000 0.005
0.897 0.397 0.000 0.005
0.897 0.426 0.000 0.005
0.897 0.456 0.000 0.005
0.897 0.485 0.000 0.005
0.897 0.515 0.000 0.005
0.897 0.544 0.000 0.005
0.897 0.574 0.000 0.005
0.897 0.603 0.000 0.005
0.897 0.632 0.000 0.005
0.897 0.662 0.000 0.005
0.897 0.691 0.000 0.005
0.897 0.721 0.000 0.005
0.897 0.750 0.000 0.005
0.897 0.779 0.000 0.005
0.897 0.809 0.000 0.005
0.897 0.838 0.000 0.005
0.897 0.868 0.000 0.005
0.897 0.897 0.000 0.005
0.897 0.926 0.000 0.005
0.897 0.956 0.000 0.005
0.897 0.985 0.000 0.005
0.926 0.015 0.000 0.005
0.926 0.044 0.000 0.005
0.926 0.074 0.000 0.005
0.926 0.103 0.000 0.005
0.926 0.132 0.000 0.005
0.926 0.162 0.000 0.005
0.926 0.191 0.000 0.005
0.926 0.221 0.000 0.005
0.926 0.250 0.000 0.005
0.926 0.279 0.000 0.005
0.926 0.309 0.000 0.005
0.926 0.338 0.000 0.005
0.926 0.368 0.000 0.005
0.926 0.397 0.000 0.005
0.926 0.426 0.000 0.005
0.926 0.456 0.000 0.005
0.926 0.485 0.000 0.005
0.926 0.515 0.000 0.005
0.926 0.544 0.000 0.005
0.926 0.574 0.000 0.005
0.926 0.603 0.000 0.005
0.926 0.632 0.000 0.005
0.926 0.662 0.000 0.005
0.926 0.691 0.000 0.005
0.926 0.721 0.000 0.005
0.926 0.750 0.000 0.005
0.926 0.779 0.000 0.005
0.926 0.809 0.000 0.005
0.926 0.838 0.000 0.005
0.926 0.868 0.000 0.005
0.926 0.897 0.000 0.005
0.926 0.926 0.000 0.005
0.926 0.956 0.000 0.005
0.926 0.985 0.000 0.005
0.956 0.015 0.000 0.005
0.956 0.044 0.000 0.005
0.956 0.074 0.000 0.005
0.956 0.103 0.000 0.005
0.956 0.132 0.000 0.005
0.956 0.162 0.000 0.005
0.956 0.191 0.000 0.005
0.956 0.221 0.000 0.005
0.956 0.250 0.000 0.005
0.956 0.279 0.000 0.005
0.956 0.309 0.000 0.005
0.956 0.338 0.000 0.005
0.956 0.368 0.000 0.005
0.956 0.397 0.000 0.005
0.956 0.426 0.000 0.005
0.956 0.456 0.000 0.005
0.956 0.485 0.000 0.005
0.956 0.515 0.000 0.005
0.956 0.544 0.000 0.005
0.956 0.574 0.000 0.005
0.956 0.603 0.000 0.005
0.956 0.632 0.000 0.005
0.956 0.662 0.000 0.005
0.956 0.691 0.000 0.005
0.956 0.721 0.000 0.005
0.956 0.750 0.000 0.005
0.956 0.779 0.000 0.005
0.956 0.809 0.000 0.005
0.956 0.838 0.000 0.005
0.956 0.868 0.000 0.005
0.956 0.897 0.000 0.005
0.956 0.926 0.000 0.005
0.956 0.956 0.000 0.005
0.956 0.985 0.000 0.005
0.985 0.015 0.000 0.005
0.985 0.044 0.000 0.005
0.985 0.074 0.000 0.005
0.985 0.103 0.000 0.005
0.985 0.132 0.000 0.005
0.985 0.162 0.000 0.005
0.985 0.191 0.000 0.005
0.985 0.221 0.000 0.005
0.985 0.250 0.000 0.005
0.985 0.279 0.000 0.005
0.985 0.309 0.000 0.005
0.985 0.338 0.000 0.005
0.985 0.368 0.000 0.005
0.985 0.397 0.000 0.005
0.985 0.426 0.000 0.005
0.985 0.456 0.000 0.005
0.985 0.485 0.000 0.005
0.985 0.515 0.000 0.005
0.985 0.544 0.000 0.005
0.985 0.574 0.000 0.005
0.985 0.603 0.000 0.005
0.985 0.632 0.000 0.005
0.985 0.662 0.000 0.005
0.985 0.691 0.000 0.005
0.985 0.721 0.000 0.005
0.985 0.750 0.000 0.005
0.985 0.779 0.000 0.005
0.985 0.809 0.000 0.005
0.985 0.838 0.000 0.005
0.985 0.868 0.000 0.005
0.985 0.897 0.000 0.005
0.985 0.926 0.000 0.005
0.985 0.956 0.000 0.005
0.985 0.985 0.000 0.005
