0.018 0.018 0.000 0.005
0.018 0.054 0.000 0.005
0.018 0.089 0.000 0.005
0.018 0.125 0.000 0.005
0.018 0.161 0.000 0.005
0.018 0.196 0.000 0.005
0.018 0.232 0.000 0.005
0.018 0.268 0.000 0.005
0.018 0.304 0.000 0.005
0.018 0.339 0.000 0.005
0.018 0.375 0.000 0.005
0.018 0.411 0.000 0.005
0.018 0.446 0.000 0.005
0.018 0.482 0.000 0.005
0.018 0.518 0.000 0.005
0.018 0.554 0.000 0.005
0.018 0.589 0.000 0.005
0.018 0.625 0.000 0.005
0.018 0.661 0.000 0.005
0.018 0.696 0.000 0.005
0.018 0.732 0.000 0.005
0.018 0.768 0.000 0.005
0.018 0.804 0.000 0.005
0.018 0.839 0.000 0.005
0.018 0.875 0.000 0.005
0.018 0.911 0.000 0.005
0.018 0.946 0.000 0.005
0.018 0.982 0.000 0.005
0.054 0.018 0.000 0.005
0.054 0.054 0.000 0.005
0.054 0.089 0.000 0.005
0.054 0.125 0.000 0.005
0.054 0.161 0.000 0.005
0.054 0.196 0.000 0.005
0.054 0.232 0.000 0.005
0.054 0.268 0.000 0.005
0.054 0.304 0.000 0.005
0.054 0.339 0.000 0.005
0.054 0.375 0.000 0.005
0.054 0.411 0.000 0.005
0.054 0.446 0.000 0.005
0.054 0.482 0.000 0.005
0.054 0.518 0.000 0.005
0.054 0.554 0.000 0.005
0.054 0.589 0.000 0.005
0.054 0.625 0.000 0.005
0.054 0.661 0.000 0.005
0.054 0.696 0.000 0.005
0.054 0.732 0.000 0.005
0.054 0.768 0.000 0.005
0.054 0.804 0.000 0.005
0.054 0.839 0.000 0.005
0.054 0.875 0.000 0.005
0.054 0.911 0.000 0.005
0.054 0.946 0.000 0.005
0.054 0.982 0.000 0.005
0.089 0.018 0.000 0.005
0.089 0.054 0.000 0.005
0.089 0.089 0.000 0.005
0.089 0.125 0.000 0.005
0.089 0.161 0.000 0.005
0.089 0.196 0.000 0.005
0.089 0.232 0.000 0.005
0.089 0.268 0.000 0.005
0.089 0.304 0.000 0.005
0.089 0.339 0.000 0.005
0.089 0.375 0.000 0.005
0.089 0.411 0.000 0.005
0.089 0.446 0.000 0.005
0.089 0.482 0.000 0.005
0.089 0.518 0.000 0.005
0.089 0.554 0.000 0.005
0.089 0.589 0.000 0.005
0.089 0.625 0.000 0.005
0.089 0.661 0.000 0.005
0.089 0.696 0.000 0.005
0.089 0.732 0.000 0.005
0.089 0.768 0.000 0.005
0.089 0.804 0.000 0.005
0.089 0.839 0.000 0.005
0.089 0.875 0.000 0.005
0.089 0.911 0.000 0.005
0.089 0.946 0.000 0.005
0.089 0.982 0.000 0.005
0.125 0.018 0.000 0.005
0.125 0.054 0.000 0.005
0.125 0.089 0.000 0.005
0.125 0.125 0.000 0.005
0.125 0.161 0.000 0.005
0.125 0.196 0.000 0.005
0.125 0.232 0.000 0.005
0.125 0.268 0.000 0.005
0.125 0.304 0.000 0.005
0.125 0.339 0.000 0.005
0.125 0.375 0.000 0.005
0.125 0.411 0.000 0.005
0.125 0.446 0.000 0.005
0.125 0.482 0.000 0.005
0.125 0.518 0.000 0.005
0.125 0.554 0.000 0.005
0.125 0.589 0.000 0.005
0.125 0.625 0.000 0.005
0.125 0.661 0.000 0.005
0.125 0.696 0.000 0.005
0.125 0.732 0.000 0.005
0.125 0.768 0.000 0.005
0.125 0.804 0.000 0.005
0.125 0.839 0.000 0.005
0.125 0.875 0.000 0.005
0.125 0.911 0.000 0.005
0.125 0.946 0.000 0.005
0.125 0.982 0.000 0.005
0.161 0.018 0.000 0.005
0.161 0.054 0.000 0.005
0.161 0.089 0.000 0.005
0.161 0.125 0.000 0.005
0.161 0.161 0.000 0.005
0.161 0.196 0.000 0.005
0.161 0.232 0.000 0.005
0.161 0.268 0.000 0.005
0.161 0.304 0.000 0.005
0.161 0.339 0.000 0.005
0.161 0.375 0.000 0.005
0.161 0.411 0.000 0.005
0.161 0.446 0.000 0.005
0.161 0.482 0.000 0.005
0.161 0.518 0.000 0.005
0.161 0.554 0.000 0.005
0.161 0.589 0.000 0.005
0.161 0.625 0.000 0.005
0.161 0.661 0.000 0.005
0.161 0.696 0.000 0.005
0.161 0.732 0.000 0.005
0.161 0.768 0.000 0.005
0.161 0.804 0.000 0.005
0.161 0.839 0.000 0.005
0.161 0.875 0.000 0.005
0.161 0.911 0.000 0.005
0.161 0.946 0.000 0.005
0.161 0.982 0.000 0.005
0.196 0.018 0.000 0.005
0.196 0.054 0.000 0.005
0.196 0.089 0.000 0.005
0.196 0.125 0.000 0.005
0.196 0.161 0.000 0.005
0.196 0.196 0.000 0.005
0.196 0.232 0.000 0.005
0.196 0.268 0.000 0.005
0.196 0.304 0.000 0.005
0.196 0.339 0.000 0.005
0.196 0.375 0.000 0.005
0.196 0.411 0.000 0.005
0.196 0.446 0.000 0.005
0.196 0.482 0.000 0.005
0.196 0.518 0.000 0.005
0.196 0.554 0.000 0.005
0.196 0.589 0.000 0.005
0.196 0.625 0.000 0.005
0.196 0.661 0.000 0.005
0.196 0.696 0.000 0.005
0.196 0.732 0.000 0.005
0.196 0.768 0.000 0.005
0.196 0.804 0.000 0.005
0.196 0.839 0.000 0.005
0.196 0.875 0.000 0.005
0.196 0.911 0.000 0.005
0.196 0.946 0.000 0.005
0.196 0.982 0.000 0.005
0.232 0.018 0.000 0.005
0.232 0.054 0.000 0.005
0.232 0.089 0.000 0.005
0.232 0.125 0.000 0.005
0.232 0.161 0.000 0.005
0.232 0.196 0.000 0.005
0.232 0.232 0.000 0.005
0.232 0.268 0.000 0.005
0.232 0.304 0.000 0.005
0.232 0.339 0.000 0.005
0.232 0.375 0.000 0.005
0.232 0.411 0.000 0.005
0.232 0.446 0.000 0.005
0.232 0.482 0.000 0.005
0.232 0.518 0.000 0.005
0.232 0.554 0.000 0.005
0.232 0.589 0.000 0.005
0.232 0.625 0.000 0.005
0.232 0.661 0.000 0.005
0.232 0.696 0.000 0.005
0.232 0.732 0.000 0.005
0.232 0.768 0.000 0.005
0.232 0.804 0.000 0.005
0.232 0.839 0.000 0.005
0.232 0.875 0.000 0.005
0.232 0.911 0.000 0.005
0.232 0.946 0.000 0.005
0.232 0.982 0.000 0.005
0.268 0.018 0.000 0.005
0.268 0.054 0.000 0.005
0.268 0.089 0.000 0.005
0.268 0.125 0.000 0.005
0.268 0.161 0.000 0.005
0.268 0.196 0.000 0.005
0.268 0.232 0.000 0.005
0.268 0.268 0.000 0.005
0.268 0.304 0.000 0.005
0.268 0.339 0.000 0.005
0.268 0.375 0.000 0.005
0.268 0.411 0.000 0.005
0.268 0.446 0.000 0.005
0.268 0.482 0.000 0.005
0.268 0.518 0.000 0.005
0.268 0.554 0.000 0.005
0.268 0.589 0.000 0.005
0.268 0.625 0.000 0.005
0.268 0.661 0.000 0.005
0.268 0.696 0.000 0.005
0.268 0.732 0.000 0.005
0.268 0.768 0.000 0.005
0.268 0.804 0.000 0.005
0.268 0.839 0.000 0.005
0.268 0.875 0.000 0.005
0.268 0.911 0.000 0.005
0.268 0.946 0.000 0.005
0.268 0.982 0.000 0.005
0.304 0.018 0.000 0.005
0.304 0.054 0.000 0.005
0.304 0.089 0.000 0.005
0.304 0.125 0.000 0.005
0.304 0.161 0.000 0.005
0.304 0.196 0.000 0.005
0.304 0.232 0.000 0.005
0.304 0.268 0.000 0.005
0.304 0.304 0.000 0.005
0.304 0.339 0.000 0.005
0.304 0.375 0.000 0.005
0.304 0.411 0.000 0.005
0.304 0.446 0.000 0.005
0.304 0.482 0.000 0.005
0.304 0.518 0.000 0.005
0.304 0.554 0.000 0.005
0.304 0.589 0.000 0.005
0.304 0.625 0.000 0.005
0.304 0.661 0.000 0.005
0.304 0.696 0.000 0.005
0.304 0.732 0.000 0.005
0.304 0.768 0.000 0.005
0.304 0.804 0.000 0.005
0.304 0.839 0.000 0.005
0.304 0.875 0.000 0.005
0.304 0.911 0.000 0.005
0.304 0.946 0.000 0.005
0.304 0.982 0.000 0.005
0.339 0.018 0.000 0.005
0.339 0.054 0.000 0.005
0.339 0.089 0.000 0.005
0.339 0.125 0.000 0.005
0.339 0.161 0.000 0.005
0.339 0.196 0.000 0.005
0.339 0.232 0.000 0.005
0.339 0.268 0.000 0.005
0.339 0.304 0.000 0.005
0.339 0.339 0.000 0.005
0.339 0.375 0.000 0.005
0.339 0.411 0.000 0.005
0.339 0.446 0.000 0.005
0.339 0.482 0.000 0.005
0.339 0.518 0.000 0.005
0.339 0.554 0.000 0.005
0.339 0.589 0.000 0.005
0.339 0.625 0.000 0.005
0.339 0.661 0.000 0.005
0.339 0.696 0.000 0.005
0.339 0.732 0.000 0.005
0.339 0.768 0.000 0.005
0.339 0.804 0.000 0.005
0.339 0.839 0.000 0.005
0.339 0.875 0.000 0.005
0.339 0.911 0.000 0.005
0.339 0.946 0.000 0.005
0.339 0.982 0.000 0.005
0.375 0.018 0.000 0.005
0.375 0.054 0.000 0.005
0.375 0.089 0.000 0.005
0.375 0.125 0.000 0.005
0.375 0.161 0.000 0.005
0.375 0.196 0.000 0.005
0.375 0.232 0.000 0.005
0.375 0.268 0.000 0.005
0.375 0.304 0.000 0.005
0.375 0.339 0.000 0.005
0.375 0.375 0.000 0.005
0.375 0.411 0.000 0.005
0.375 0.446 0.000 0.005
0.375 0.482 0.000 0.005
0.375 0.518 0.000 0.005
0.375 0.554 0.000 0.005
0.375 0.589 0.000 0.005
0.375 0.625 0.000 0.005
0.375 0.661 0.000 0.005
0.375 0.696 0.000 0.005
0.375 0.732 0.000 0.005
0.375 0.768 0.000 0.005
0.375 0.804 0.000 0.005
0.375 0.839 0.000 0.005
0.375 0.875 0.000 0.005
0.375 0.911 0.000 0.005
0.375 0.946 0.000 0.005
0.375 0.982 0.000 0.005
0.411 0.018 0.000 0.005
0.411 0.054 0.000 0.005
0.411 0.089 0.000 0.005
0.411 0.125 0.000 0.005
0.411 0.161 0.000 0.005
0.411 0.196 0.000 0.005
0.411 0.232 0.000 0.005
0.411 0.268 0.000 0.005
0.411 0.304 0.000 0.005
0.411 0.339 0.000 0.005
0.411 0.375 0.000 0.005
0.411 0.411 0.000 0.005
0.411 0.446 0.000 0.005
0.411 0.482 0.000 0.005
0.411 0.518 0.000 0.005
0.411 0.554 0.000 0.005
0.411 0.589 0.000 0.005
0.411 0.625 0.000 0.005
0.411 0.661 0.000 0.005
0.411 0.696 0.000 0.005
0.411 0.732 0.000 0.005
0.411 0.768 0.000 0.005
0.411 0.804 0.000 0.005
0.411 0.839 0.000 0.005
0.411 0.875 0.000 0.005
0.411 0.911 0.000 0.005
0.411 0.946 0.000 0.005
0.411 0.982 0.000 0.005
0.446 0.018 0.000 0.005
0.446 0.054 0.000 0.005
0.446 0.089 0.000 0.005
0.446 0.125 0.000 0.005
0.446 0.161 0.000 0.005
0.446 0.196 0.000 0.005
0.446 0.232 0.000 0.005
0.446 0.268 0.000 0.005
0.446 0.304 0.000 0.005
0.446 0.339 0.000 0.005
0.446 0.375 0.000 0.005
0.446 0.411 0.000 0.005
0.446 0.446 0.000 0.005
0.446 0.482 0.000 0.005
0.446 0.518 0.000 0.005
0.446 0.554 0.000 0.005
0.446 0.589 0.000 0.005
0.446 0.625 0.000 0.005
0.446 0.661 0.000 0.005
0.446 0.696 0.000 0.005
0.446 0.732 0.000 0.005
0.446 0.768 0.000 0.005
0.446 0.804 0.000 0.005
0.446 0.839 0.000 0.005
0.446 0.875 0.000 0.005
0.446 0.911 0.000 0.005
0.446 0.946 0.000 0.005
0.446 0.982 0.000 0.005
0.482 0.018 0.000 0.005
0.482 0.054 0.000 0.005
0.482 0.089 0.000 0.005
0.482 0.125 0.000 0.005
0.482 0.161 0.000 0.005
0.482 0.196 0.000 0.005
0.482 0.232 0.000 0.005
0.482 0.268 0.000 0.005
0.482 0.304 0.000 0.005
0.482 0.339 0.000 0.005
0.482 0.375 0.000 0.005
0.482 0.411 0.000 0.005
0.482 0.446 0.000 0.005
0.482 0.482 0.000 0.005
0.482 0.518 0.000 0.005
0.482 0.554 0.000 0.005
0.482 0.589 0.000 0.005
0.482 0.625 0.000 0.005
0.482 0.661 0.000 0.005
0.482 0.696 0.000 0.005
0.482 0.732 0.000 0.005
0.482 0.768 0.000 0.005
0.482 0.804 0.000 0.005
0.482 0.839 0.000 0.005
0.482 0.875 0.000 0.005
0.482 0.911 0.000 0.005
0.482 0.946 0.000 0.005
0.482 0.982 0.000 0.005
0.518 0.018 0.000 0.005
0.518 0.054 0.000 0.005
0.518 0.089 0.000 0.005
0.518 0.125 0.000 0.005
0.518 0.161 0.000 0.005
0.518 0.196 0.000 0.005
0.518 0.232 0.000 0.005
0.518 0.268 0.000 0.005
0.518 0.304 0.000 0.005
0.518 0.339 0.000 0.005
0.518 0.375 0.000 0.005
0.518 0.411 0.000 0.005
0.518 0.446 0.000 0.005
0.518 0.482 0.000 0.005
0.518 0.518 0.000 0.005
0.518 0.554 0.000 0.005
0.518 0.589 0.000 0.005
0.518 0.625 0.000 0.005
0.518 0.661 0.000 0.005
0.518 0.696 0.000 0.005
0.518 0.732 0.000 0.005
0.518 0.768 0.000 0.005
0.518 0.804 0.000 0.005
0.518 0.839 0.000 0.005
0.518 0.875 0.000 0.005
0.518 0.911 0.000 0.005
0.518 0.946 0.000 0.005
0.518 0.982 0.000 0.005
0.554 0.018 0.000 0.005
0.554 0.054 0.000 0.005
0.554 0.089 0.000 0.005
0.554 0.125 0.000 0.005
0.554 0.161 0.000 0.005
0.554 0.196 0.000 0.005
0.554 0.232 0.000 0.005
0.554 0.268 0.000 0.005
0.554 0.304 0.000 0.005
0.554 0.339 0.000 0.005
0.554 0.375 0.000 0.005
0.554 0.411 0.000 0.005
0.554 0.446 0.000 0.005
0.554 0.482 0.000 0.005
0.554 0.518 0.000 0.005
0.554 0.554 0.000 0.005
0.554 0.589 0.000 0.005
0.554 0.625 0.000 0.005
0.554 0.661 0.000 0.005
0.554 0.696 0.000 0.005
0.554 0.732 0.000 0.005
0.554 0.768 0.000 0.005
0.554 0.804 0.000 0.005
0.554 0.839 0.000 0.005
0.554 0.875 0.000 0.005
0.554 0.911 0.000 0.005
0.554 0.946 0.000 0.005
0.554 0.982 0.000 0.005
0.589 0.018 0.000 0.005
0.589 0.054 0.000 0.005
0.589 0.089 0.000 0.005
0.589 0.125 0.000 0.005
0.589 0.161 0.000 0.005
0.589 0.196 0.000 0.005
0.589 0.232 0.000 0.005
0.589 0.268 0.000 0.005
0.589 0.304 0.000 0.005
0.589 0.339 0.000 0.005
0.589 0.375 0.000 0.005
0.589 0.411 0.000 0.005
0.589 0.446 0.000 0.005
0.589 0.482 0.000 0.005
0.589 0.518 0.000 0.005
0.589 0.554 0.000 0.005
0.589 0.589 0.000 0.005
0.589 0.625 0.000 0.005
0.589 0.661 0.000 0.005
0.589 0.696 0.000 0.005
0.589 0.732 0.000 0.005
0.589 0.768 0.000 0.005
0.589 0.804 0.000 0.005
0.589 0.839 0.000 0.005
0.589 0.875 0.000 0.005
0.589 0.911 0.000 0.005
0.589 0.946 0.000 0.005
0.589 0.982 0.000 0.005
0.625 0.018 0.000 0.005
0.625 0.054 0.000 0.005
0.625 0.089 0.000 0.005
0.625 0.125 0.000 0.005
0.625 0.161 0.000 0.005
0.625 0.196 0.000 0.005
0.625 0.232 0.000 0.005
0.625 0.268 0.000 0.005
0.625 0.304 0.000 0.005
0.625 0.339 0.000 0.005
0.625 0.375 0.000 0.005
0.625 0.411 0.000 0.005
0.625 0.446 0.000 0.005
0.625 0.482 0.000 0.005
0.625 0.518 0.000 0.005
0.625 0.554 0.000 0.005
0.625 0.589 0.000 0.005
0.625 0.625 0.000 0.005
0.625 0.661 0.000 0.005
0.625 0.696 0.000 0.005
0.625 0.732 0.000 0.005
0.625 0.768 0.000 0.005
0.625 0.804 0.000 0.005
0.625 0.839 0.000 0.005
0.625 0.875 0.000 0.005
0.625 0.911 0.000 0.005
0.625 0.946 0.000 0.005
0.625 0.982 0.000 0.005
0.661 0.018 0.000 0.005
0.661 0.054 0.000 0.005
0.661 0.089 0.000 0.005
0.661 0.125 0.000 0.005
0.661 0.161 0.000 0.005
0.661 0.196 0.000 0.005
0.661 0.232 0.000 0.005
0.661 0.268 0.000 0.005
0.661 0.304 0.000 0.005
0.661 0.339 0.000 0.005
0.661 0.375 0.000 0.005
0.661 0.411 0.000 0.005
0.661 0.446 0.000 0.005
0.661 0.482 0.000 0.005
0.661 0.518 0.000 0.005
0.661 0.554 0.000 0.005
0.661 0.589 0.000 0.005
0.661 0.625 0.000 0.005
0.661 0.661 0.000 0.005
0.661 0.696 0.000 0.005
0.661 0.732 0.000 0.005
0.661 0.768 0.000 0.005
0.661 0.804 0.000 0.005
0.661 0.839 0.000 0.005
0.661 0.875 0.000 0.005
0.661 0.911 0.000 0.005
0.661 0.946 0.000 0.005
0.661 0.982 0.000 0.005
0.696 0.018 0.000 0.005
0.696 0.054 0.000 0.005
0.696 0.089 0.000 0.005
0.696 0.125 0.000 0.005
0.696 0.161 0.000 0.005
0.696 0.196 0.000 0.005
0.696 0.232 0.000 0.005
0.696 0.268 0.000 0.005
0.696 0.304 0.000 0.005
0.696 0.339 0.000 0.005
0.696 0.375 0.000 0.005
0.696 0.411 0.000 0.005
0.696 0.446 0.000 0.005
0.696 0.482 0.000 0.005
0.696 0.518 0.000 0.005
0.696 0.554 0.000 0.005
0.696 0.589 0.000 0.005
0.696 0.625 0.000 0.005
0.696 0.661 0.000 0.005
0.696 0.696 0.000 0.005
0.696 0.732 0.000 0.005
0.696 0.768 0.000 0.005
0.696 0.804 0.000 0.005
0.696 0.839 0.000 0.005
0.696 0.875 0.000 0.005
0.696 0.911 0.000 0.005
0.696 0.946 0.000 0.005
0.696 0.982 0.000 0.005
0.732 0.018 0.000 0.005
0.732 0.054 0.000 0.005
0.732 0.089 0.000 0.005
0.732 0.125 0.000 0.005
0.732 0.161 0.000 0.005
0.732 0.196 0.000 0.005
0.732 0.232 0.000 0.005
0.732 0.268 0.000 0.005
0.732 0.304 0.000 0.005
0.732 0.339 0.000 0.005
0.732 0.375 0.000 0.005
0.732 0.411 0.000 0.005
0.732 0.446 0.000 0.005
0.732 0.482 0.000 0.005
0.732 0.518 0.000 0.005
0.732 0.554 0.000 0.005
0.732 0.589 0.000 0.005
0.732 0.625 0.000 0.005
0.732 0.661 0.000 0.005
0.732 0.696 0.000 0.005
0.732 0.732 0.000 0.005
0.732 0.768 0.000 0.005
0.732 0.804 0.000 0.005
0.732 0.839 0.000 0.005
0.732 0.875 0.000 0.005
0.732 0.911 0.000 0.005
0.732 0.946 0.000 0.005
0.732 0.982 0.000 0.005
0.768 0.018 0.000 0.005
0.768 0.054 0.000 0.005
0.768 0.089 0.000 0.005
0.768 0.125 0.000 0.005
0.768 0.161 0.000 0.005
0.768 0.196 0.000 0.005
0.768 0.232 0.000 0.005
0.768 0.268 0.000 0.005
0.768 0.304 0.000 0.005
0.768 0.339 0.000 0.005
0.768 0.375 0.000 0.005
0.768 0.411 0.000 0.005
0.768 0.446 0.000 0.005
0.768 0.482 0.000 0.005
0.768 0.518 0.000 0.005
0.768 0.554 0.000 0.005
0.768 0.589 0.000 0.005
0.768 0.625 0.000 0.005
0.768 0.661 0.000 0.005
0.768 0.696 0.000 0.005
0.768 0.732 0.000 0.005
0.768 0.768 0.000 0.005
0.768 0.804 0.000 0.005
0.768 0.839 0.000 0.005
0.768 0.875 0.000 0.005
0.768 0.911 0.000 0.005
0.768 0.946 0.000 0.005
0.768 0.982 0.000 0.005
0.804 0.018 0.000 0.005
0.804 0.054 0.000 0.005
0.804 0.089 0.000 0.005
0.804 0.125 0.000 0.005
0.804 0.161 0.000 0.005
0.804 0.196 0.000 0.005
0.804 0.232 0.000 0.005
0.804 0.268 0.000 0.005
0.804 0.304 0.000 0.005
0.804 0.339 0.000 0.005
0.804 0.375 0.000 0.005
0.804 0.411 0.000 0.005
0.804 0.446 0.000 0.005
0.804 0.482 0.000 0.005
0.804 0.518 0.000 0.005
0.804 0.554 0.000 0.005
0.804 0.589 0.000 0.005
0.804 0.625 0.000 0.005
0.804 0.661 0.000 0.005
0.804 0.696 0.000 0.005
0.804 0.732 0.000 0.005
0.804 0.768 0.000 0.005
0.804 0.804 0.000 0.005
0.804 0.839 0.000 0.005
0.804 0.875 0.000 0.005
0.804 0.911 0.000 0.005
0.804 0.946 0.000 0.005
0.804 0.982 0.000 0.005
0.839 0.018 0.000 0.005
0.839 0.054 0.000 0.005
0.839 0.089 0.000 0.005
0.839 0.125 0.000 0.005
0.839 0.161 0.000 0.005
0.839 0.196 0.000 0.005
0.839 0.232 0.000 0.005
0.839 0.268 0.000 0.005
0.839 0.304 0.000 0.005
0.839 0.339 0.000 0.005
0.839 0.375 0.000 0.005
0.839 0.411 0.000 0.005
0.839 0.446 0.000 0.005
0.839 0.482 0.000 0.005
0.839 0.518 0.000 0.005
0.839 0.554 0.000 0.005
0.839 0.589 0.000 0.005
0.839 0.625 0.000 0.005
0.839 0.661 0.000 0.005
0.839 0.696 0.000 0.005
0.839 0.732 0.000 0.005
0.839 0.768 0.000 0.005
0.839 0.804 0.000 0.005
0.839 0.839 0.000 0.005
0.839 0.875 0.000 0.005
0.839 0.911 0.000 0.005
0.839 0.946 0.000 0.005
0.839 0.982 0.000 0.005
0.875 0.018 0.000 0.005
0.875 0.054 0.000 0.005
0.875 0.089 0.000 0.005
0.875 0.125 0.000 0.005
0.875 0.161 0.000 0.005
0.875 0.196 0.000 0.005
0.875 0.232 0.000 0.005
0.875 0.268 0.000 0.005
0.875 0.304 0.000 0.005
0.875 0.339 0.000 0.005
0.875 0.375 0.000 0.005
0.875 0.411 0.000 0.005
0.875 0.446 0.000 0.005
0.875 0.482 0.000 0.005
0.875 0.518 0.000 0.005
0.875 0.554 0.000 0.005
0.875 0.589 0.000 0.005
0.875 0.625 0.000 0.005
0.875 0.661 0.000 0.005
0.875 0.696 0.000 0.005
0.875 0.732 0.000 0.005
0.875 0.768 0.000 0.005
0.875 0.804 0.000 0.005
0.875 0.839 0.000 0.005
0.875 0.875 0.000 0.005
0.875 0.911 0.000 0.005
0.875 0.946 0.000 0.005
0.875 0.982 0.000 0.005
0.911 0.018 0.000 0.005
0.911 0.054 0.000 0.005
0.911 0.089 0.000 0.005
0.911 0.125 0.000 0.005
0.911 0.161 0.000 0.005
0.911 0.196 0.000 0.005
0.911 0.232 0.000 0.005
0.911 0.268 0.000 0.005
0.911 0.304 0.000 0.005
0.911 0.339 0.000 0.005
0.911 0.375 0.000 0.005
0.911 0.411 0.000 0.005
0.911 0.446 0.000 0.005
0.911 0.482 0.000 0.005
0.911 0.518 0.000 0.005
0.911 0.554 0.000 0.005
0.911 0.589 0.000 0.005
0.911 0.625 0.000 0.005
0.911 0.661 0.000 0.005
0.911 0.696 0.000 0.005
0.911 0.732 0.000 0.005
0.911 0.768 0.000 0.005
0.911 0.804 0.000 0.005
0.911 0.839 0.000 0.005
0.911 0.875 0.000 0.005
0.911 0.911 0.000 0.005
0.911 0.946 0.000 0.005
0.911 0.982 0.000 0.005
0.946 0.018 0.000 0.005
0.946 0.054 0.000 0.005
0.946 0.089 0.000 0.005
0.946 0.125 0.000 0.005
0.946 0.161 0.000 0.005
0.946 0.196 0.000 0.005
0.946 0.232 0.000 0.005
0.946 0.268 0.000 0.005
0.946 0.304 0.000 0.005
0.946 0.339 0.000 0.005
0.946 0.375 0.000 0.005
0.946 0.411 0.000 0.005
0.946 0.446 0.000 0.005
0.946 0.482 0.000 0.005
0.946 0.518 0.000 0.005
0.946 0.554 0.000 0.005
0.946 0.589 0.000 0.005
0.946 0.625 0.000 0.005
0.946 0.661 0.000 0.005
0.946 0.696 0.000 0.005
0.946 0.732 0.000 0.005
0.946 0.768 0.000 0.005
0.946 0.804 0.000 0.005
0.946 0.839 0.000 0.005
0.946 0.875 0.000 0.005
0.946 0.911 0.000 0.005
0.946 0.946 0.000 0.005
0.946 0.982 0.000 0.005
0.982 0.018 0.000 0.005
0.982 0.054 0.000 0.005
0.982 0.089 0.000 0.005
0.982 0.125 0.000 0.005
0.982 0.161 0.000 0.005
0.982 0.196 0.000 0.005
0.982 0.232 0.000 0.005
0.982 0.268 0.000 0.005
0.982 0.304 0.000 0.005
0.982 0.339 0.000 0.005
0.982 0.375 0.000 0.005
0.982 0.411 0.000 0.005
0.982 0.446 0.000 0.005
0.982 0.482 0.000 0.005
0.982 0.518 0.000 0.005
0.982 0.554 0.000 0.005
0.982 0.589 0.000 0.005
0.982 0.625 0.000 0.005
0.982 0.661 0.000 0.005
0.982 0.696 0.000 0.005
0.982 0.732 0.000 0.005
0.982 0.768 0.000 0.005
0.982 0.804 0.000 0.005
0.982 0.839 0.000 0.005
0.982 0.875 0.000 0.005
0.982 0.911 0.000 0.005
0.982 0.946 0.000 0.005
0.982 0.982 0.000 0.005
