0.010 0.010 0.000 0.005
0.010 0.031 0.000 0.005
0.010 0.052 0.000 0.005
0.010 0.073 0.000 0.005
0.010 0.094 0.000 0.005
0.010 0.115 0.000 0.005
0.010 0.135 0.000 0.005
0.010 0.156 0.000 0.005
0.010 0.177 0.000 0.005
0.010 0.198 0.000 0.005
0.010 0.219 0.000 0.005
0.010 0.240 0.000 0.005
0.010 0.260 0.000 0.005
0.010 0.281 0.000 0.005
0.010 0.302 0.000 0.005
0.010 0.323 0.000 0.005
0.010 0.344 0.000 0.005
0.010 0.365 0.000 0.005
0.010 0.385 0.000 0.005
0.010 0.406 0.000 0.005
0.010 0.427 0.000 0.005
0.010 0.448 0.000 0.005
0.010 0.469 0.000 0.005
0.010 0.490 0.000 0.005
0.010 0.510 0.000 0.005
0.010 0.531 0.000 0.005
0.010 0.552 0.000 0.005
0.010 0.573 0.000 0.005
0.010 0.594 0.000 0.005
0.010 0.615 0.000 0.005
0.010 0.635 0.000 0.005
0.010 0.656 0.000 0.005
0.010 0.677 0.000 0.005
0.010 0.698 0.000 0.005
0.010 0.719 0.000 0.005
0.010 0.740 0.000 0.005
0.010 0.760 0.000 0.005
0.010 0.781 0.000 0.005
0.010 0.802 0.000 0.005
0.010 0.823 0.000 0.005
0.010 0.844 0.000 0.005
0.010 0.865 0.000 0.005
0.010 0.885 0.000 0.005
0.010 0.906 0.000 0.005
0.010 0.927 0.000 0.005
0.010 0.948 0.000 0.005
0.010 0.969 0.000 0.005
0.010 0.990 0.000 0.005
0.031 0.010 0.000 0.005
0.031 0.031 0.000 0.005
0.031 0.052 0.000 0.005
0.031 0.073 0.000 0.005
0.031 0.094 0.000 0.005
0.031 0.115 0.000 0.005
0.031 0.135 0.000 0.005
0.031 0.156 0.000 0.005
0.031 0.177 0.000 0.005
0.031 0.198 0.000 0.005
0.031 0.219 0.000 0.005
0.031 0.240 0.000 0.005
0.031 0.260 0.000 0.005
0.031 0.281 0.000 0.005
0.031 0.302 0.000 0.005
0.031 0.323 0.000 0.005
0.031 0.344 0.000 0.005
0.031 0.365 0.000 0.005
0.031 0.385 0.000 0.005
0.031 0.406 0.000 0.005
0.031 0.427 0.000 0.005
0.031 0.448 0.000 0.005
0.031 0.469 0.000 0.005
0.031 0.490 0.000 0.005
0.031 0.510 0.000 0.005
0.031 0.531 0.000 0.005
0.031 0.552 0.000 0.005
0.031 0.573 0.000 0.005
0.031 0.594 0.000 0.005
0.031 0.615 0.000 0.005
0.031 0.635 0.000 0.005
0.031 0.656 0.000 0.005
0.031 0.677 0.000 0.005
0.031 0.698 0.000 0.005
0.031 0.719 0.000 0.005
0.031 0.740 0.000 0.005
0.031 0.760 0.000 0.005
0.031 0.781 0.000 0.005
0.031 0.802 0.000 0.005
0.031 0.823 0.000 0.005
0.031 0.844 0.000 0.005
0.031 0.865 0.000 0.005
0.031 0.885 0.000 0.005
0.031 0.906 0.000 0.005
0.031 0.927 0.000 0.005
0.031 0.948 0.000 0.005
0.031 0.969 0.000 0.005
0.031 0.990 0.000 0.005
0.052 0.010 0.000 0.005
0.052 0.031 0.000 0.005
0.052 0.052 0.000 0.005
0.052 0.073 0.000 0.005
0.052 0.094 0.000 0.005
0.052 0.115 0.000 0.005
0.052 0.135 0.000 0.005
0.052 0.156 0.000 0.005
0.052 0.177 0.000 0.005
0.052 0.198 0.000 0.005
0.052 0.219 0.000 0.005
0.052 0.240 0.000 0.005
0.052 0.260 0.000 0.005
0.052 0.281 0.000 0.005
0.052 0.302 0.000 0.005
0.052 0.323 0.000 0.005
0.052 0.344 0.000 0.005
0.052 0.365 0.000 0.005
0.052 0.385 0.000 0.005
0.052 0.406 0.000 0.005
0.052 0.427 0.000 0.005
0.052 0.448 0.000 0.005
0.052 0.469 0.000 0.005
0.052 0.490 0.000 0.005
0.052 0.510 0.000 0.005
0.052 0.531 0.000 0.005
0.052 0.552 0.000 0.005
0.052 0.573 0.000 0.005
0.052 0.594 0.000 0.005
0.052 0.615 0.000 0.005
0.052 0.635 0.000 0.005
0.052 0.656 0.000 0.005
0.052 0.677 0.000 0.005
0.052 0.698 0.000 0.005
0.052 0.719 0.000 0.005
0.052 0.740 0.000 0.005
0.052 0.760 0.000 0.005
0.052 0.781 0.000 0.005
0.052 0.802 0.000 0.005
0.052 0.823 0.000 0.005
0.052 0.844 0.000 0.005
0.052 0.865 0.000 0.005
0.052 0.885 0.000 0.005
0.052 0.906 0.000 0.005
0.052 0.927 0.000 0.005
0.052 0.948 0.000 0.005
0.052 0.969 0.000 0.005
0.052 0.990 0.000 0.005
0.073 0.010 0.000 0.005
0.073 0.031 0.000 0.005
0.073 0.052 0.000 0.005
0.073 0.073 0.000 0.005
0.073 0.094 0.000 0.005
0.073 0.115 0.000 0.005
0.073 0.135 0.000 0.005
0.073 0.156 0.000 0.005
0.073 0.177 0.000 0.005
0.073 0.198 0.000 0.005
0.073 0.219 0.000 0.005
0.073 0.240 0.000 0.005
0.073 0.260 0.000 0.005
0.073 0.281 0.000 0.005
0.073 0.302 0.000 0.005
0.073 0.323 0.000 0.005
0.073 0.344 0.000 0.005
0.073 0.365 0.000 0.005
0.073 0.385 0.000 0.005
0.073 0.406 0.000 0.005
0.073 0.427 0.000 0.005
0.073 0.448 0.000 0.005
0.073 0.469 0.000 0.005
0.073 0.490 0.000 0.005
0.073 0.510 0.000 0.005
0.073 0.531 0.000 0.005
0.073 0.552 0.000 0.005
0.073 0.573 0.000 0.005
0.073 0.594 0.000 0.005
0.073 0.615 0.000 0.005
0.073 0.635 0.000 0.005
0.073 0.656 0.000 0.005
0.073 0.677 0.000 0.005
0.073 0.698 0.000 0.005
0.073 0.719 0.000 0.005
0.073 0.740 0.000 0.005
0.073 0.760 0.000 0.005
0.073 0.781 0.000 0.005
0.073 0.802 0.000 0.005
0.073 0.823 0.000 0.005
0.073 0.844 0.000 0.005
0.073 0.865 0.000 0.005
0.073 0.885 0.000 0.005
0.073 0.906 0.000 0.005
0.073 0.927 0.000 0.005
0.073 0.948 0.000 0.005
0.073 0.969 0.000 0.005
0.073 0.990 0.000 0.005
0.094 0.010 0.000 0.005
0.094 0.031 0.000 0.005
0.094 0.052 0.000 0.005
0.094 0.073 0.000 0.005
0.094 0.094 0.000 0.005
0.094 0.115 0.000 0.005
0.094 0.135 0.000 0.005
0.094 0.156 0.000 0.005
0.094 0.177 0.000 0.005
0.094 0.198 0.000 0.005
0.094 0.219 0.000 0.005
0.094 0.240 0.000 0.005
0.094 0.260 0.000 0.005
0.094 0.281 0.000 0.005
0.094 0.302 0.000 0.005
0.094 0.323 0.000 0.005
0.094 0.344 0.000 0.005
0.094 0.365 0.000 0.005
0.094 0.385 0.000 0.005
0.094 0.406 0.000 0.005
0.094 0.427 0.000 0.005
0.094 0.448 0.000 0.005
0.094 0.469 0.000 0.005
0.094 0.490 0.000 0.005
0.094 0.510 0.000 0.005
0.094 0.531 0.000 0.005
0.094 0.552 0.000 0.005
0.094 0.573 0.000 0.005
0.094 0.594 0.000 0.005
0.094 0.615 0.000 0.005
0.094 0.635 0.000 0.005
0.094 0.656 0.000 0.005
0.094 0.677 0.000 0.005
0.094 0.698 0.000 0.005
0.094 0.719 0.000 0.005
0.094 0.740 0.000 0.005
0.094 0.760 0.000 0.005
0.094 0.781 0.000 0.005
0.094 0.802 0.000 0.005
0.094 0.823 0.000 0.005
0.094 0.844 0.000 0.005
0.094 0.865 0.000 0.005
0.094 0.885 0.000 0.005
0.094 0.906 0.000 0.005
0.094 0.927 0.000 0.005
0.094 0.948 0.000 0.005
0.094 0.969 0.000 0.005
0.094 0.990 0.000 0.005
0.115 0.010 0.000 0.005
0.115 0.031 0.000 0.005
0.115 0.052 0.000 0.005
0.115 0.073 0.000 0.005
0.115 0.094 0.000 0.005
0.115 0.115 0.000 0.005
0.115 0.135 0.000 0.005
0.115 0.156 0.000 0.005
0.115 0.177 0.000 0.005
0.115 0.198 0.000 0.005
0.115 0.219 0.000 0.005
0.115 0.240 0.000 0.005
0.115 0.260 0.000 0.005
0.115 0.281 0.000 0.005
0.115 0.302 0.000 0.005
0.115 0.323 0.000 0.005
0.115 0.344 0.000 0.005
0.115 0.365 0.000 0.005
0.115 0.385 0.000 0.005
0.115 0.406 0.000 0.005
0.115 0.427 0.000 0.005
0.115 0.448 0.000 0.005
0.115 0.469 0.000 0.005
0.115 0.490 0.000 0.005
0.115 0.510 0.000 0.005
0.115 0.531 0.000 0.005
0.115 0.552 0.000 0.005
0.115 0.573 0.000 0.005
0.115 0.594 0.000 0.005
0.115 0.615 0.000 0.005
0.115 0.635 0.000 0.005
0.115 0.656 0.000 0.005
0.115 0.677 0.000 0.005
0.115 0.698 0.000 0.005
0.115 0.719 0.000 0.005
0.115 0.740 0.000 0.005
0.115 0.760 0.000 0.005
0.115 0.781 0.000 0.005
0.115 0.802 0.000 0.005
0.115 0.823 0.000 0.005
0.115 0.844 0.000 0.005
0.115 0.865 0.000 0.005
0.115 0.885 0.000 0.005
0.115 0.906 0.000 0.005
0.115 0.927 0.000 0.005
0.115 0.948 0.000 0.005
0.115 0.969 0.000 0.005
0.115 0.990 0.000 0.005
0.135 0.010 0.000 0.005
0.135 0.031 0.000 0.005
0.135 0.052 0.000 0.005
0.135 0.073 0.000 0.005
0.135 0.094 0.000 0.005
0.135 0.115 0.000 0.005
0.135 0.135 0.000 0.005
0.135 0.156 0.000 0.005
0.135 0.177 0.000 0.005
0.135 0.198 0.000 0.005
0.135 0.219 0.000 0.005
0.135 0.240 0.000 0.005
0.135 0.260 0.000 0.005
0.135 0.281 0.000 0.005
0.135 0.302 0.000 0.005
0.135 0.323 0.000 0.005
0.135 0.344 0.000 0.005
0.135 0.365 0.000 0.005
0.135 0.385 0.000 0.005
0.135 0.406 0.000 0.005
0.135 0.427 0.000 0.005
0.135 0.448 0.000 0.005
0.135 0.469 0.000 0.005
0.135 0.490 0.000 0.005
0.135 0.510 0.000 0.005
0.135 0.531 0.000 0.005
0.135 0.552 0.000 0.005
0.135 0.573 0.000 0.005
0.135 0.594 0.000 0.005
0.135 0.615 0.000 0.005
0.135 0.635 0.000 0.005
0.135 0.656 0.000 0.005
0.135 0.677 0.000 0.005
0.135 0.698 0.000 0.005
0.135 0.719 0.000 0.005
0.135 0.740 0.000 0.005
0.135 0.760 0.000 0.005
0.135 0.781 0.000 0.005
0.135 0.802 0.000 0.005
0.135 0.823 0.000 0.005
0.135 0.844 0.000 0.005
0.135 0.865 0.000 0.005
0.135 0.885 0.000 0.005
0.135 0.906 0.000 0.005
0.135 0.927 0.000 0.005
0.135 0.948 0.000 0.005
0.135 0.969 0.000 0.005
0.135 0.990 0.000 0.005
0.156 0.010 0.000 0.005
0.156 0.031 0.000 0.005
0.156 0.052 0.000 0.005
0.156 0.073 0.000 0.005
0.156 0.094 0.000 0.005
0.156 0.115 0.000 0.005
0.156 0.135 0.000 0.005
0.156 0.156 0.000 0.005
0.156 0.177 0.000 0.005
0.156 0.198 0.000 0.005
0.156 0.219 0.000 0.005
0.156 0.240 0.000 0.005
0.156 0.260 0.000 0.005
0.156 0.281 0.000 0.005
0.156 0.302 0.000 0.005
0.156 0.323 0.000 0.005
0.156 0.344 0.000 0.005
0.156 0.365 0.000 0.005
0.156 0.385 0.000 0.005
0.156 0.406 0.000 0.005
0.156 0.427 0.000 0.005
0.156 0.448 0.000 0.005
0.156 0.469 0.000 0.005
0.156 0.490 0.000 0.005
0.156 0.510 0.000 0.005
0.156 0.531 0.000 0.005
0.156 0.552 0.000 0.005
0.156 0.573 0.000 0.005
0.156 0.594 0.000 0.005
0.156 0.615 0.000 0.005
0.156 0.635 0.000 0.005
0.156 0.656 0.000 0.005
0.156 0.677 0.000 0.005
0.156 0.698 0.000 0.005
0.156 0.719 0.000 0.005
0.156 0.740 0.000 0.005
0.156 0.760 0.000 0.005
0.156 0.781 0.000 0.005
0.156 0.802 0.000 0.005
0.156 0.823 0.000 0.005
0.156 0.844 0.000 0.005
0.156 0.865 0.000 0.005
0.156 0.885 0.000 0.005
0.156 0.906 0.000 0.005
0.156 0.927 0.000 0.005
0.156 0.948 0.000 0.005
0.156 0.969 0.000 0.005
0.156 0.990 0.000 0.005
0.177 0.010 0.000 0.005
0.177 0.031 0.000 0.005
0.177 0.052 0.000 0.005
0.177 0.073 0.000 0.005
0.177 0.094 0.000 0.005
0.177 0.115 0.000 0.005
0.177 0.135 0.000 0.005
0.177 0.156 0.000 0.005
0.177 0.177 0.000 0.005
0.177 0.198 0.000 0.005
0.177 0.219 0.000 0.005
0.177 0.240 0.000 0.005
0.177 0.260 0.000 0.005
0.177 0.281 0.000 0.005
0.177 0.302 0.000 0.005
0.177 0.323 0.000 0.005
0.177 0.344 0.000 0.005
0.177 0.365 0.000 0.005
0.177 0.385 0.000 0.005
0.177 0.406 0.000 0.005
0.177 0.427 0.000 0.005
0.177 0.448 0.000 0.005
0.177 0.469 0.000 0.005
0.177 0.490 0.000 0.005
0.177 0.510 0.000 0.005
0.177 0.531 0.000 0.005
0.177 0.552 0.000 0.005
0.177 0.573 0.000 0.005
0.177 0.594 0.000 0.005
0.177 0.615 0.000 0.005
0.177 0.635 0.000 0.005
0.177 0.656 0.000 0.005
0.177 0.677 0.000 0.005
0.177 0.698 0.000 0.005
0.177 0.719 0.000 0.005
0.177 0.740 0.000 0.005
0.177 0.760 0.000 0.005
0.177 0.781 0.000 0.005
0.177 0.802 0.000 0.005
0.177 0.823 0.000 0.005
0.177 0.844 0.000 0.005
0.177 0.865 0.000 0.005
0.177 0.885 0.000 0.005
0.177 0.906 0.000 0.005
0.177 0.927 0.000 0.005
0.177 0.948 0.000 0.005
0.177 0.969 0.000 0.005
0.177 0.990 0.000 0.005
0.198 0.010 0.000 0.005
0.198 0.031 0.000 0.005
0.198 0.052 0.000 0.005
0.198 0.073 0.000 0.005
0.198 0.094 0.000 0.005
0.198 0.115 0.000 0.005
0.198 0.135 0.000 0.005
0.198 0.156 0.000 0.005
0.198 0.177 0.000 0.005
0.198 0.198 0.000 0.005
0.198 0.219 0.000 0.005
0.198 0.240 0.000 0.005
0.198 0.260 0.000 0.005
0.198 0.281 0.000 0.005
0.198 0.302 0.000 0.005
0.198 0.323 0.000 0.005
0.198 0.344 0.000 0.005
0.198 0.365 0.000 0.005
0.198 0.385 0.000 0.005
0.198 0.406 0.000 0.005
0.198 0.427 0.000 0.005
0.198 0.448 0.000 0.005
0.198 0.469 0.000 0.005
0.198 0.490 0.000 0.005
0.198 0.510 0.000 0.005
0.198 0.531 0.000 0.005
0.198 0.552 0.000 0.005
0.198 0.573 0.000 0.005
0.198 0.594 0.000 0.005
0.198 0.615 0.000 0.005
0.198 0.635 0.000 0.005
0.198 0.656 0.000 0.005
0.198 0.677 0.000 0.005
0.198 0.698 0.000 0.005
0.198 0.719 0.000 0.005
0.198 0.740 0.000 0.005
0.198 0.760 0.000 0.005
0.198 0.781 0.000 0.005
0.198 0.802 0.000 0.005
0.198 0.823 0.000 0.005
0.198 0.844 0.000 0.005
0.198 0.865 0.000 0.005
0.198 0.885 0.000 0.005
0.198 0.906 0.000 0.005
0.198 0.927 0.000 0.005
0.198 0.948 0.000 0.005
0.198 0.969 0.000 0.005
0.198 0.990 0.000 0.005
0.219 0.010 0.000 0.005
0.219 0.031 0.000 0.005
0.219 0.052 0.000 0.005
0.219 0.073 0.000 0.005
0.219 0.094 0.000 0.005
0.219 0.115 0.000 0.005
0.219 0.135 0.000 0.005
0.219 0.156 0.000 0.005
0.219 0.177 0.000 0.005
0.219 0.198 0.000 0.005
0.219 0.219 0.000 0.005
0.219 0.240 0.000 0.005
0.219 0.260 0.000 0.005
0.219 0.281 0.000 0.005
0.219 0.302 0.000 0.005
0.219 0.323 0.000 0.005
0.219 0.344 0.000 0.005
0.219 0.365 0.000 0.005
0.219 0.385 0.000 0.005
0.219 0.406 0.000 0.005
0.219 0.427 0.000 0.005
0.219 0.448 0.000 0.005
0.219 0.469 0.000 0.005
0.219 0.490 0.000 0.005
0.219 0.510 0.000 0.005
0.219 0.531 0.000 0.005
0.219 0.552 0.000 0.005
0.219 0.573 0.000 0.005
0.219 0.594 0.000 0.005
0.219 0.615 0.000 0.005
0.219 0.635 0.000 0.005
0.219 0.656 0.000 0.005
0.219 0.677 0.000 0.005
0.219 0.698 0.000 0.005
0.219 0.719 0.000 0.005
0.219 0.740 0.000 0.005
0.219 0.760 0.000 0.005
0.219 0.781 0.000 0.005
0.219 0.802 0.000 0.005
0.219 0.823 0.000 0.005
0.219 0.844 0.000 0.005
0.219 0.865 0.000 0.005
0.219 0.885 0.000 0.005
0.219 0.906 0.000 0.005
0.219 0.927 0.000 0.005
0.219 0.948 0.000 0.005
0.219 0.969 0.000 0.005
0.219 0.990 0.000 0.005
0.240 0.010 0.000 0.005
0.240 0.031 0.000 0.005
0.240 0.052 0.000 0.005
0.240 0.073 0.000 0.005
0.240 0.094 0.000 0.005
0.240 0.115 0.000 0.005
0.240 0.135 0.000 0.005
0.240 0.156 0.000 0.005
0.240 0.177 0.000 0.005
0.240 0.198 0.000 0.005
0.240 0.219 0.000 0.005
0.240 0.240 0.000 0.005
0.240 0.260 0.000 0.005
0.240 0.281 0.000 0.005
0.240 0.302 0.000 0.005
0.240 0.323 0.000 0.005
0.240 0.344 0.000 0.005
0.240 0.365 0.000 0.005
0.240 0.385 0.000 0.005
0.240 0.406 0.000 0.005
0.240 0.427 0.000 0.005
0.240 0.448 0.000 0.005
0.240 0.469 0.000 0.005
0.240 0.490 0.000 0.005
0.240 0.510 0.000 0.005
0.240 0.531 0.000 0.005
0.240 0.552 0.000 0.005
0.240 0.573 0.000 0.005
0.240 0.594 0.000 0.005
0.240 0.615 0.000 0.005
0.240 0.635 0.000 0.005
0.240 0.656 0.000 0.005
0.240 0.677 0.000 0.005
0.240 0.698 0.000 0.005
0.240 0.719 0.000 0.005
0.240 0.740 0.000 0.005
0.240 0.760 0.000 0.005
0.240 0.781 0.000 0.005
0.240 0.802 0.000 0.005
0.240 0.823 0.000 0.005
0.240 0.844 0.000 0.005
0.240 0.865 0.000 0.005
0.240 0.885 0.000 0.005
0.240 0.906 0.000 0.005
0.240 0.927 0.000 0.005
0.240 0.948 0.000 0.005
0.240 0.969 0.000 0.005
0.240 0.990 0.000 0.005
0.260 0.010 0.000 0.005
0.260 0.031 0.000 0.005
0.260 0.052 0.000 0.005
0.260 0.073 0.000 0.005
0.260 0.094 0.000 0.005
0.260 0.115 0.000 0.005
0.260 0.135 0.000 0.005
0.260 0.156 0.000 0.005
0.260 0.177 0.000 0.005
0.260 0.198 0.000 0.005
0.260 0.219 0.000 0.005
0.260 0.240 0.000 0.005
0.260 0.260 0.000 0.005
0.260 0.281 0.000 0.005
0.260 0.302 0.000 0.005
0.260 0.323 0.000 0.005
0.260 0.344 0.000 0.005
0.260 0.365 0.000 0.005
0.260 0.385 0.000 0.005
0.260 0.406 0.000 0.005
0.260 0.427 0.000 0.005
0.260 0.448 0.000 0.005
0.260 0.469 0.000 0.005
0.260 0.490 0.000 0.005
0.260 0.510 0.000 0.005
0.260 0.531 0.000 0.005
0.260 0.552 0.000 0.005
0.260 0.573 0.000 0.005
0.260 0.594 0.000 0.005
0.260 0.615 0.000 0.005
0.260 0.635 0.000 0.005
0.260 0.656 0.000 0.005
0.260 0.677 0.000 0.005
0.260 0.698 0.000 0.005
0.260 0.719 0.000 0.005
0.260 0.740 0.000 0.005
0.260 0.760 0.000 0.005
0.260 0.781 0.000 0.005
0.260 0.802 0.000 0.005
0.260 0.823 0.000 0.005
0.260 0.844 0.000 0.005
0.260 0.865 0.000 0.005
0.260 0.885 0.000 0.005
0.260 0.906 0.000 0.005
0.260 0.927 0.000 0.005
0.260 0.948 0.000 0.005
0.260 0.969 0.000 0.005
0.260 0.990 0.000 0.005
0.281 0.010 0.000 0.005
0.281 0.031 0.000 0.005
0.281 0.052 0.000 0.005
0.281 0.073 0.000 0.005
0.281 0.094 0.000 0.005
0.281 0.115 0.000 0.005
0.281 0.135 0.000 0.005
0.281 0.156 0.000 0.005
0.281 0.177 0.000 0.005
0.281 0.198 0.000 0.005
0.281 0.219 0.000 0.005
0.281 0.240 0.000 0.005
0.281 0.260 0.000 0.005
0.281 0.281 0.000 0.005
0.281 0.302 0.000 0.005
0.281 0.323 0.000 0.005
0.281 0.344 0.000 0.005
0.281 0.365 0.000 0.005
0.281 0.385 0.000 0.005
0.281 0.406 0.000 0.005
0.281 0.427 0.000 0.005
0.281 0.448 0.000 0.005
0.281 0.469 0.000 0.005
0.281 0.490 0.000 0.005
0.281 0.510 0.000 0.005
0.281 0.531 0.000 0.005
0.281 0.552 0.000 0.005
0.281 0.573 0.000 0.005
0.281 0.594 0.000 0.005
0.281 0.615 0.000 0.005
0.281 0.635 0.000 0.005
0.281 0.656 0.000 0.005
0.281 0.677 0.000 0.005
0.281 0.698 0.000 0.005
0.281 0.719 0.000 0.005
0.281 0.740 0.000 0.005
0.281 0.760 0.000 0.005
0.281 0.781 0.000 0.005
0.281 0.802 0.000 0.005
0.281 0.823 0.000 0.005
0.281 0.844 0.000 0.005
0.281 0.865 0.000 0.005
0.281 0.885 0.000 0.005
0.281 0.906 0.000 0.005
0.281 0.927 0.000 0.005
0.281 0.948 0.000 0.005
0.281 0.969 0.000 0.005
0.281 0.990 0.000 0.005
0.302 0.010 0.000 0.005
0.302 0.031 0.000 0.005
0.302 0.052 0.000 0.005
0.302 0.073 0.000 0.005
0.302 0.094 0.000 0.005
0.302 0.115 0.000 0.005
0.302 0.135 0.000 0.005
0.302 0.156 0.000 0.005
0.302 0.177 0.000 0.005
0.302 0.198 0.000 0.005
0.302 0.219 0.000 0.005
0.302 0.240 0.000 0.005
0.302 0.260 0.000 0.005
0.302 0.281 0.000 0.005
0.302 0.302 0.000 0.005
0.302 0.323 0.000 0.005
0.302 0.344 0.000 0.005
0.302 0.365 0.000 0.005
0.302 0.385 0.000 0.005
0.302 0.406 0.000 0.005
0.302 0.427 0.000 0.005
0.302 0.448 0.000 0.005
0.302 0.469 0.000 0.005
0.302 0.490 0.000 0.005
0.302 0.510 0.000 0.005
0.302 0.531 0.000 0.005
0.302 0.552 0.000 0.005
0.302 0.573 0.000 0.005
0.302 0.594 0.000 0.005
0.302 0.615 0.000 0.005
0.302 0.635 0.000 0.005
0.302 0.656 0.000 0.005
0.302 0.677 0.000 0.005
0.302 0.698 0.000 0.005
0.302 0.719 0.000 0.005
0.302 0.740 0.000 0.005
0.302 0.760 0.000 0.005
0.302 0.781 0.000 0.005
0.302 0.802 0.000 0.005
0.302 0.823 0.000 0.005
0.302 0.844 0.000 0.005
0.302 0.865 0.000 0.005
0.302 0.885 0.000 0.005
0.302 0.906 0.000 0.005
0.302 0.927 0.000 0.005
0.302 0.948 0.000 0.005
0.302 0.969 0.000 0.005
0.302 0.990 0.000 0.005
0.323 0.010 0.000 0.005
0.323 0.031 0.000 0.005
0.323 0.052 0.000 0.005
0.323 0.073 0.000 0.005
0.323 0.094 0.000 0.005
0.323 0.115 0.000 0.005
0.323 0.135 0.000 0.005
0.323 0.156 0.000 0.005
0.323 0.177 0.000 0.005
0.323 0.198 0.000 0.005
0.323 0.219 0.000 0.005
0.323 0.240 0.000 0.005
0.323 0.260 0.000 0.005
0.323 0.281 0.000 0.005
0.323 0.302 0.000 0.005
0.323 0.323 0.000 0.005
0.323 0.344 0.000 0.005
0.323 0.365 0.000 0.005
0.323 0.385 0.000 0.005
0.323 0.406 0.000 0.005
0.323 0.427 0.000 0.005
0.323 0.448 0.000 0.005
0.323 0.469 0.000 0.005
0.323 0.490 0.000 0.005
0.323 0.510 0.000 0.005
0.323 0.531 0.000 0.005
0.323 0.552 0.000 0.005
0.323 0.573 0.000 0.005
0.323 0.594 0.000 0.005
0.323 0.615 0.000 0.005
0.323 0.635 0.000 0.005
0.323 0.656 0.000 0.005
0.323 0.677 0.000 0.005
0.323 0.698 0.000 0.005
0.323 0.719 0.000 0.005
0.323 0.740 0.000 0.005
0.323 0.760 0.000 0.005
0.323 0.781 0.000 0.005
0.323 0.802 0.000 0.005
0.323 0.823 0.000 0.005
0.323 0.844 0.000 0.005
0.323 0.865 0.000 0.005
0.323 0.885 0.000 0.005
0.323 0.906 0.000 0.005
0.323 0.927 0.000 0.005
0.323 0.948 0.000 0.005
0.323 0.969 0.000 0.005
0.323 0.990 0.000 0.005
0.344 0.010 0.000 0.005
0.344 0.031 0.000 0.005
0.344 0.052 0.000 0.005
0.344 0.073 0.000 0.005
0.344 0.094 0.000 0.005
0.344 0.115 0.000 0.005
0.344 0.135 0.000 0.005
0.344 0.156 0.000 0.005
0.344 0.177 0.000 0.005
0.344 0.198 0.000 0.005
0.344 0.219 0.000 0.005
0.344 0.240 0.000 0.005
0.344 0.260 0.000 0.005
0.344 0.281 0.000 0.005
0.344 0.302 0.000 0.005
0.344 0.323 0.000 0.005
0.344 0.344 0.000 0.005
0.344 0.365 0.000 0.005
0.344 0.385 0.000 0.005
0.344 0.406 0.000 0.005
0.344 0.427 0.000 0.005
0.344 0.448 0.000 0.005
0.344 0.469 0.000 0.005
0.344 0.490 0.000 0.005
0.344 0.510 0.000 0.005
0.344 0.531 0.000 0.005
0.344 0.552 0.000 0.005
0.344 0.573 0.000 0.005
0.344 0.594 0.000 0.005
0.344 0.615 0.000 0.005
0.344 0.635 0.000 0.005
0.344 0.656 0.000 0.005
0.344 0.677 0.000 0.005
0.344 0.698 0.000 0.005
0.344 0.719 0.000 0.005
0.344 0.740 0.000 0.005
0.344 0.760 0.000 0.005
0.344 0.781 0.000 0.005
0.344 0.802 0.000 0.005
0.344 0.823 0.000 0.005
0.344 0.844 0.000 0.005
0.344 0.865 0.000 0.005
0.344 0.885 0.000 0.005
0.344 0.906 0.000 0.005
0.344 0.927 0.000 0.005
0.344 0.948 0.000 0.005
0.344 0.969 0.000 0.005
0.344 0.990 0.000 0.005
0.365 0.010 0.000 0.005
0.365 0.031 0.000 0.005
0.365 0.052 0.000 0.005
0.365 0.073 0.000 0.005
0.365 0.094 0.000 0.005
0.365 0.115 0.000 0.005
0.365 0.135 0.000 0.005
0.365 0.156 0.000 0.005
0.365 0.177 0.000 0.005
0.365 0.198 0.000 0.005
0.365 0.219 0.000 0.005
0.365 0.240 0.000 0.005
0.365 0.260 0.000 0.005
0.365 0.281 0.000 0.005
0.365 0.302 0.000 0.005
0.365 0.323 0.000 0.005
0.365 0.344 0.000 0.005
0.365 0.365 0.000 0.005
0.365 0.385 0.000 0.005
0.365 0.406 0.000 0.005
0.365 0.427 0.000 0.005
0.365 0.448 0.000 0.005
0.365 0.469 0.000 0.005
0.365 0.490 0.000 0.005
0.365 0.510 0.000 0.005
0.365 0.531 0.000 0.005
0.365 0.552 0.000 0.005
0.365 0.573 0.000 0.005
0.365 0.594 0.000 0.005
0.365 0.615 0.000 0.005
0.365 0.635 0.000 0.005
0.365 0.656 0.000 0.005
0.365 0.677 0.000 0.005
0.365 0.698 0.000 0.005
0.365 0.719 0.000 0.005
0.365 0.740 0.000 0.005
0.365 0.760 0.000 0.005
0.365 0.781 0.000 0.005
0.365 0.802 0.000 0.005
0.365 0.823 0.000 0.005
0.365 0.844 0.000 0.005
0.365 0.865 0.000 0.005
0.365 0.885 0.000 0.005
0.365 0.906 0.000 0.005
0.365 0.927 0.000 0.005
0.365 0.948 0.000 0.005
0.365 0.969 0.000 0.005
0.365 0.990 0.000 0.005
0.385 0.010 0.000 0.005
0.385 0.031 0.000 0.005
0.385 0.052 0.000 0.005
0.385 0.073 0.000 0.005
0.385 0.094 0.000 0.005
0.385 0.115 0.000 0.005
0.385 0.135 0.000 0.005
0.385 0.156 0.000 0.005
0.385 0.177 0.000 0.005
0.385 0.198 0.000 0.005
0.385 0.219 0.000 0.005
0.385 0.240 0.000 0.005
0.385 0.260 0.000 0.005
0.385 0.281 0.000 0.005
0.385 0.302 0.000 0.005
0.385 0.323 0.000 0.005
0.385 0.344 0.000 0.005
0.385 0.365 0.000 0.005
0.385 0.385 0.000 0.005
0.385 0.406 0.000 0.005
0.385 0.427 0.000 0.005
0.385 0.448 0.000 0.005
0.385 0.469 0.000 0.005
0.385 0.490 0.000 0.005
0.385 0.510 0.000 0.005
0.385 0.531 0.000 0.005
0.385 0.552 0.000 0.005
0.385 0.573 0.000 0.005
0.385 0.594 0.000 0.005
0.385 0.615 0.000 0.005
0.385 0.635 0.000 0.005
0.385 0.656 0.000 0.005
0.385 0.677 0.000 0.005
0.385 0.698 0.000 0.005
0.385 0.719 0.000 0.005
0.385 0.740 0.000 0.005
0.385 0.760 0.000 0.005
0.385 0.781 0.000 0.005
0.385 0.802 0.000 0.005
0.385 0.823 0.000 0.005
0.385 0.844 0.000 0.005
0.385 0.865 0.000 0.005
0.385 0.885 0.000 0.005
0.385 0.906 0.000 0.005
0.385 0.927 0.000 0.005
0.385 0.948 0.000 0.005
0.385 0.969 0.000 0.005
0.385 0.990 0.000 0.005
0.406 0.010 0.000 0.005
0.406 0.031 0.000 0.005
0.406 0.052 0.000 0.005
0.406 0.073 0.000 0.005
0.406 0.094 0.000 0.005
0.406 0.115 0.000 0.005
0.406 0.135 0.000 0.005
0.406 0.156 0.000 0.005
0.406 0.177 0.000 0.005
0.406 0.198 0.000 0.005
0.406 0.219 0.000 0.005
0.406 0.240 0.000 0.005
0.406 0.260 0.000 0.005
0.406 0.281 0.000 0.005
0.406 0.302 0.000 0.005
0.406 0.323 0.000 0.005
0.406 0.344 0.000 0.005
0.406 0.365 0.000 0.005
0.406 0.385 0.000 0.005
0.406 0.406 0.000 0.005
0.406 0.427 0.000 0.005
0.406 0.448 0.000 0.005
0.406 0.469 0.000 0.005
0.406 0.490 0.000 0.005
0.406 0.510 0.000 0.005
0.406 0.531 0.000 0.005
0.406 0.552 0.000 0.005
0.406 0.573 0.000 0.005
0.406 0.594 0.000 0.005
0.406 0.615 0.000 0.005
0.406 0.635 0.000 0.005
0.406 0.656 0.000 0.005
0.406 0.677 0.000 0.005
0.406 0.698 0.000 0.005
0.406 0.719 0.000 0.005
0.406 0.740 0.000 0.005
0.406 0.760 0.000 0.005
0.406 0.781 0.000 0.005
0.406 0.802 0.000 0.005
0.406 0.823 0.000 0.005
0.406 0.844 0.000 0.005
0.406 0.865 0.000 0.005
0.406 0.885 0.000 0.005
0.406 0.906 0.000 0.005
0.406 0.927 0.000 0.005
0.406 0.948 0.000 0.005
0.406 0.969 0.000 0.005
0.406 0.990 0.000 0.005
0.427 0.010 0.000 0.005
0.427 0.031 0.000 0.005
0.427 0.052 0.000 0.005
0.427 0.073 0.000 0.005
0.427 0.094 0.000 0.005
0.427 0.115 0.000 0.005
0.427 0.135 0.000 0.005
0.427 0.156 0.000 0.005
0.427 0.177 0.000 0.005
0.427 0.198 0.000 0.005
0.427 0.219 0.000 0.005
0.427 0.240 0.000 0.005
0.427 0.260 0.000 0.005
0.427 0.281 0.000 0.005
0.427 0.302 0.000 0.005
0.427 0.323 0.000 0.005
0.427 0.344 0.000 0.005
0.427 0.365 0.000 0.005
0.427 0.385 0.000 0.005
0.427 0.406 0.000 0.005
0.427 0.427 0.000 0.005
0.427 0.448 0.000 0.005
0.427 0.469 0.000 0.005
0.427 0.490 0.000 0.005
0.427 0.510 0.000 0.005
0.427 0.531 0.000 0.005
0.427 0.552 0.000 0.005
0.427 0.573 0.000 0.005
0.427 0.594 0.000 0.005
0.427 0.615 0.000 0.005
0.427 0.635 0.000 0.005
0.427 0.656 0.000 0.005
0.427 0.677 0.000 0.005
0.427 0.698 0.000 0.005
0.427 0.719 0.000 0.005
0.427 0.740 0.000 0.005
0.427 0.760 0.000 0.005
0.427 0.781 0.000 0.005
0.427 0.802 0.000 0.005
0.427 0.823 0.000 0.005
0.427 0.844 0.000 0.005
0.427 0.865 0.000 0.005
0.427 0.885 0.000 0.005
0.427 0.906 0.000 0.005
0.427 0.927 0.000 0.005
0.427 0.948 0.000 0.005
0.427 0.969 0.000 0.005
0.427 0.990 0.000 0.005
0.448 0.010 0.000 0.005
0.448 0.031 0.000 0.005
0.448 0.052 0.000 0.005
0.448 0.073 0.000 0.005
0.448 0.094 0.000 0.005
0.448 0.115 0.000 0.005
0.448 0.135 0.000 0.005
0.448 0.156 0.000 0.005
0.448 0.177 0.000 0.005
0.448 0.198 0.000 0.005
0.448 0.219 0.000 0.005
0.448 0.240 0.000 0.005
0.448 0.260 0.000 0.005
0.448 0.281 0.000 0.005
0.448 0.302 0.000 0.005
0.448 0.323 0.000 0.005
0.448 0.344 0.000 0.005
0.448 0.365 0.000 0.005
0.448 0.385 0.000 0.005
0.448 0.406 0.000 0.005
0.448 0.427 0.000 0.005
0.448 0.448 0.000 0.005
0.448 0.469 0.000 0.005
0.448 0.490 0.000 0.005
0.448 0.510 0.000 0.005
0.448 0.531 0.000 0.005
0.448 0.552 0.000 0.005
0.448 0.573 0.000 0.005
0.448 0.594 0.000 0.005
0.448 0.615 0.000 0.005
0.448 0.635 0.000 0.005
0.448 0.656 0.000 0.005
0.448 0.677 0.000 0.005
0.448 0.698 0.000 0.005
0.448 0.719 0.000 0.005
0.448 0.740 0.000 0.005
0.448 0.760 0.000 0.005
0.448 0.781 0.000 0.005
0.448 0.802 0.000 0.005
0.448 0.823 0.000 0.005
0.448 0.844 0.000 0.005
0.448 0.865 0.000 0.005
0.448 0.885 0.000 0.005
0.448 0.906 0.000 0.005
0.448 0.927 0.000 0.005
0.448 0.948 0.000 0.005
0.448 0.969 0.000 0.005
0.448 0.990 0.000 0.005
0.469 0.010 0.000 0.005
0.469 0.031 0.000 0.005
0.469 0.052 0.000 0.005
0.469 0.073 0.000 0.005
0.469 0.094 0.000 0.005
0.469 0.115 0.000 0.005
0.469 0.135 0.000 0.005
0.469 0.156 0.000 0.005
0.469 0.177 0.000 0.005
0.469 0.198 0.000 0.005
0.469 0.219 0.000 0.005
0.469 0.240 0.000 0.005
0.469 0.260 0.000 0.005
0.469 0.281 0.000 0.005
0.469 0.302 0.000 0.005
0.469 0.323 0.000 0.005
0.469 0.344 0.000 0.005
0.469 0.365 0.000 0.005
0.469 0.385 0.000 0.005
0.469 0.406 0.000 0.005
0.469 0.427 0.000 0.005
0.469 0.448 0.000 0.005
0.469 0.469 0.000 0.005
0.469 0.490 0.000 0.005
0.469 0.510 0.000 0.005
0.469 0.531 0.000 0.005
0.469 0.552 0.000 0.005
0.469 0.573 0.000 0.005
0.469 0.594 0.000 0.005
0.469 0.615 0.000 0.005
0.469 0.635 0.000 0.005
0.469 0.656 0.000 0.005
0.469 0.677 0.000 0.005
0.469 0.698 0.000 0.005
0.469 0.719 0.000 0.005
0.469 0.740 0.000 0.005
0.469 0.760 0.000 0.005
0.469 0.781 0.000 0.005
0.469 0.802 0.000 0.005
0.469 0.823 0.000 0.005
0.469 0.844 0.000 0.005
0.469 0.865 0.000 0.005
0.469 0.885 0.000 0.005
0.469 0.906 0.000 0.005
0.469 0.927 0.000 0.005
0.469 0.948 0.000 0.005
0.469 0.969 0.000 0.005
0.469 0.990 0.000 0.005
0.490 0.010 0.000 0.005
0.490 0.031 0.000 0.005
0.490 0.052 0.000 0.005
0.490 0.073 0.000 0.005
0.490 0.094 0.000 0.005
0.490 0.115 0.000 0.005
0.490 0.135 0.000 0.005
0.490 0.156 0.000 0.005
0.490 0.177 0.000 0.005
0.490 0.198 0.000 0.005
0.490 0.219 0.000 0.005
0.490 0.240 0.000 0.005
0.490 0.260 0.000 0.005
0.490 0.281 0.000 0.005
0.490 0.302 0.000 0.005
0.490 0.323 0.000 0.005
0.490 0.344 0.000 0.005
0.490 0.365 0.000 0.005
0.490 0.385 0.000 0.005
0.490 0.406 0.000 0.005
0.490 0.427 0.000 0.005
0.490 0.448 0.000 0.005
0.490 0.469 0.000 0.005
0.490 0.490 0.000 0.005
0.490 0.510 0.000 0.005
0.490 0.531 0.000 0.005
0.490 0.552 0.000 0.005
0.490 0.573 0.000 0.005
0.490 0.594 0.000 0.005
0.490 0.615 0.000 0.005
0.490 0.635 0.000 0.005
0.490 0.656 0.000 0.005
0.490 0.677 0.000 0.005
0.490 0.698 0.000 0.005
0.490 0.719 0.000 0.005
0.490 0.740 0.000 0.005
0.490 0.760 0.000 0.005
0.490 0.781 0.000 0.005
0.490 0.802 0.000 0.005
0.490 0.823 0.000 0.005
0.490 0.844 0.000 0.005
0.490 0.865 0.000 0.005
0.490 0.885 0.000 0.005
0.490 0.906 0.000 0.005
0.490 0.927 0.000 0.005
0.490 0.948 0.000 0.005
0.490 0.969 0.000 0.005
0.490 0.990 0.000 0.005
0.510 0.010 0.000 0.005
0.510 0.031 0.000 0.005
0.510 0.052 0.000 0.005
0.510 0.073 0.000 0.005
0.510 0.094 0.000 0.005
0.510 0.115 0.000 0.005
0.510 0.135 0.000 0.005
0.510 0.156 0.000 0.005
0.510 0.177 0.000 0.005
0.510 0.198 0.000 0.005
0.510 0.219 0.000 0.005
0.510 0.240 0.000 0.005
0.510 0.260 0.000 0.005
0.510 0.281 0.000 0.005
0.510 0.302 0.000 0.005
0.510 0.323 0.000 0.005
0.510 0.344 0.000 0.005
0.510 0.365 0.000 0.005
0.510 0.385 0.000 0.005
0.510 0.406 0.000 0.005
0.510 0.427 0.000 0.005
0.510 0.448 0.000 0.005
0.510 0.469 0.000 0.005
0.510 0.490 0.000 0.005
0.510 0.510 0.000 0.005
0.510 0.531 0.000 0.005
0.510 0.552 0.000 0.005
0.510 0.573 0.000 0.005
0.510 0.594 0.000 0.005
0.510 0.615 0.000 0.005
0.510 0.635 0.000 0.005
0.510 0.656 0.000 0.005
0.510 0.677 0.000 0.005
0.510 0.698 0.000 0.005
0.510 0.719 0.000 0.005
0.510 0.740 0.000 0.005
0.510 0.760 0.000 0.005
0.510 0.781 0.000 0.005
0.510 0.802 0.000 0.005
0.510 0.823 0.000 0.005
0.510 0.844 0.000 0.005
0.510 0.865 0.000 0.005
0.510 0.885 0.000 0.005
0.510 0.906 0.000 0.005
0.510 0.927 0.000 0.005
0.510 0.948 0.000 0.005
0.510 0.969 0.000 0.005
0.510 0.990 0.000 0.005
0.531 0.010 0.000 0.005
0.531 0.031 0.000 0.005
0.531 0.052 0.000 0.005
0.531 0.073 0.000 0.005
0.531 0.094 0.000 0.005
0.531 0.115 0.000 0.005
0.531 0.135 0.000 0.005
0.531 0.156 0.000 0.005
0.531 0.177 0.000 0.005
0.531 0.198 0.000 0.005
0.531 0.219 0.000 0.005
0.531 0.240 0.000 0.005
0.531 0.260 0.000 0.005
0.531 0.281 0.000 0.005
0.531 0.302 0.000 0.005
0.531 0.323 0.000 0.005
0.531 0.344 0.000 0.005
0.531 0.365 0.000 0.005
0.531 0.385 0.000 0.005
0.531 0.406 0.000 0.005
0.531 0.427 0.000 0.005
0.531 0.448 0.000 0.005
0.531 0.469 0.000 0.005
0.531 0.490 0.000 0.005
0.531 0.510 0.000 0.005
0.531 0.531 0.000 0.005
0.531 0.552 0.000 0.005
0.531 0.573 0.000 0.005
0.531 0.594 0.000 0.005
0.531 0.615 0.000 0.005
0.531 0.635 0.000 0.005
0.531 0.656 0.000 0.005
0.531 0.677 0.000 0.005
0.531 0.698 0.000 0.005
0.531 0.719 0.000 0.005
0.531 0.740 0.000 0.005
0.531 0.760 0.000 0.005
0.531 0.781 0.000 0.005
0.531 0.802 0.000 0.005
0.531 0.823 0.000 0.005
0.531 0.844 0.000 0.005
0.531 0.865 0.000 0.005
0.531 0.885 0.000 0.005
0.531 0.906 0.000 0.005
0.531 0.927 0.000 0.005
0.531 0.948 0.000 0.005
0.531 0.969 0.000 0.005
0.531 0.990 0.000 0.005
0.552 0.010 0.000 0.005
0.552 0.031 0.000 0.005
0.552 0.052 0.000 0.005
0.552 0.073 0.000 0.005
0.552 0.094 0.000 0.005
0.552 0.115 0.000 0.005
0.552 0.135 0.000 0.005
0.552 0.156 0.000 0.005
0.552 0.177 0.000 0.005
0.552 0.198 0.000 0.005
0.552 0.219 0.000 0.005
0.552 0.240 0.000 0.005
0.552 0.260 0.000 0.005
0.552 0.281 0.000 0.005
0.552 0.302 0.000 0.005
0.552 0.323 0.000 0.005
0.552 0.344 0.000 0.005
0.552 0.365 0.000 0.005
0.552 0.385 0.000 0.005
0.552 0.406 0.000 0.005
0.552 0.427 0.000 0.005
0.552 0.448 0.000 0.005
0.552 0.469 0.000 0.005
0.552 0.490 0.000 0.005
0.552 0.510 0.000 0.005
0.552 0.531 0.000 0.005
0.552 0.552 0.000 0.005
0.552 0.573 0.000 0.005
0.552 0.594 0.000 0.005
0.552 0.615 0.000 0.005
0.552 0.635 0.000 0.005
0.552 0.656 0.000 0.005
0.552 0.677 0.000 0.005
0.552 0.698 0.000 0.005
0.552 0.719 0.000 0.005
0.552 0.740 0.000 0.005
0.552 0.760 0.000 0.005
0.552 0.781 0.000 0.005
0.552 0.802 0.000 0.005
0.552 0.823 0.000 0.005
0.552 0.844 0.000 0.005
0.552 0.865 0.000 0.005
0.552 0.885 0.000 0.005
0.552 0.906 0.000 0.005
0.552 0.927 0.000 0.005
0.552 0.948 0.000 0.005
0.552 0.969 0.000 0.005
0.552 0.990 0.000 0.005
0.573 0.010 0.000 0.005
0.573 0.031 0.000 0.005
0.573 0.052 0.000 0.005
0.573 0.073 0.000 0.005
0.573 0.094 0.000 0.005
0.573 0.115 0.000 0.005
0.573 0.135 0.000 0.005
0.573 0.156 0.000 0.005
0.573 0.177 0.000 0.005
0.573 0.198 0.000 0.005
0.573 0.219 0.000 0.005
0.573 0.240 0.000 0.005
0.573 0.260 0.000 0.005
0.573 0.281 0.000 0.005
0.573 0.302 0.000 0.005
0.573 0.323 0.000 0.005
0.573 0.344 0.000 0.005
0.573 0.365 0.000 0.005
0.573 0.385 0.000 0.005
0.573 0.406 0.000 0.005
0.573 0.427 0.000 0.005
0.573 0.448 0.000 0.005
0.573 0.469 0.000 0.005
0.573 0.490 0.000 0.005
0.573 0.510 0.000 0.005
0.573 0.531 0.000 0.005
0.573 0.552 0.000 0.005
0.573 0.573 0.000 0.005
0.573 0.594 0.000 0.005
0.573 0.615 0.000 0.005
0.573 0.635 0.000 0.005
0.573 0.656 0.000 0.005
0.573 0.677 0.000 0.005
0.573 0.698 0.000 0.005
0.573 0.719 0.000 0.005
0.573 0.740 0.000 0.005
0.573 0.760 0.000 0.005
0.573 0.781 0.000 0.005
0.573 0.802 0.000 0.005
0.573 0.823 0.000 0.005
0.573 0.844 0.000 0.005
0.573 0.865 0.000 0.005
0.573 0.885 0.000 0.005
0.573 0.906 0.000 0.005
0.573 0.927 0.000 0.005
0.573 0.948 0.000 0.005
0.573 0.969 0.000 0.005
0.573 0.990 0.000 0.005
0.594 0.010 0.000 0.005
0.594 0.031 0.000 0.005
0.594 0.052 0.000 0.005
0.594 0.073 0.000 0.005
0.594 0.094 0.000 0.005
0.594 0.115 0.000 0.005
0.594 0.135 0.000 0.005
0.594 0.156 0.000 0.005
0.594 0.177 0.000 0.005
0.594 0.198 0.000 0.005
0.594 0.219 0.000 0.005
0.594 0.240 0.000 0.005
0.594 0.260 0.000 0.005
0.594 0.281 0.000 0.005
0.594 0.302 0.000 0.005
0.594 0.323 0.000 0.005
0.594 0.344 0.000 0.005
0.594 0.365 0.000 0.005
0.594 0.385 0.000 0.005
0.594 0.406 0.000 0.005
0.594 0.427 0.000 0.005
0.594 0.448 0.000 0.005
0.594 0.469 0.000 0.005
0.594 0.490 0.000 0.005
0.594 0.510 0.000 0.005
0.594 0.531 0.000 0.005
0.594 0.552 0.000 0.005
0.594 0.573 0.000 0.005
0.594 0.594 0.000 0.005
0.594 0.615 0.000 0.005
0.594 0.635 0.000 0.005
0.594 0.656 0.000 0.005
0.594 0.677 0.000 0.005
0.594 0.698 0.000 0.005
0.594 0.719 0.000 0.005
0.594 0.740 0.000 0.005
0.594 0.760 0.000 0.005
0.594 0.781 0.000 0.005
0.594 0.802 0.000 0.005
0.594 0.823 0.000 0.005
0.594 0.844 0.000 0.005
0.594 0.865 0.000 0.005
0.594 0.885 0.000 0.005
0.594 0.906 0.000 0.005
0.594 0.927 0.000 0.005
0.594 0.948 0.000 0.005
0.594 0.969 0.000 0.005
0.594 0.990 0.000 0.005
0.615 0.010 0.000 0.005
0.615 0.031 0.000 0.005
0.615 0.052 0.000 0.005
0.615 0.073 0.000 0.005
0.615 0.094 0.000 0.005
0.615 0.115 0.000 0.005
0.615 0.135 0.000 0.005
0.615 0.156 0.000 0.005
0.615 0.177 0.000 0.005
0.615 0.198 0.000 0.005
0.615 0.219 0.000 0.005
0.615 0.240 0.000 0.005
0.615 0.260 0.000 0.005
0.615 0.281 0.000 0.005
0.615 0.302 0.000 0.005
0.615 0.323 0.000 0.005
0.615 0.344 0.000 0.005
0.615 0.365 0.000 0.005
0.615 0.385 0.000 0.005
0.615 0.406 0.000 0.005
0.615 0.427 0.000 0.005
0.615 0.448 0.000 0.005
0.615 0.469 0.000 0.005
0.615 0.490 0.000 0.005
0.615 0.510 0.000 0.005
0.615 0.531 0.000 0.005
0.615 0.552 0.000 0.005
0.615 0.573 0.000 0.005
0.615 0.594 0.000 0.005
0.615 0.615 0.000 0.005
0.615 0.635 0.000 0.005
0.615 0.656 0.000 0.005
0.615 0.677 0.000 0.005
0.615 0.698 0.000 0.005
0.615 0.719 0.000 0.005
0.615 0.740 0.000 0.005
0.615 0.760 0.000 0.005
0.615 0.781 0.000 0.005
0.615 0.802 0.000 0.005
0.615 0.823 0.000 0.005
0.615 0.844 0.000 0.005
0.615 0.865 0.000 0.005
0.615 0.885 0.000 0.005
0.615 0.906 0.000 0.005
0.615 0.927 0.000 0.005
0.615 0.948 0.000 0.005
0.615 0.969 0.000 0.005
0.615 0.990 0.000 0.005
0.635 0.010 0.000 0.005
0.635 0.031 0.000 0.005
0.635 0.052 0.000 0.005
0.635 0.073 0.000 0.005
0.635 0.094 0.000 0.005
0.635 0.115 0.000 0.005
0.635 0.135 0.000 0.005
0.635 0.156 0.000 0.005
0.635 0.177 0.000 0.005
0.635 0.198 0.000 0.005
0.635 0.219 0.000 0.005
0.635 0.240 0.000 0.005
0.635 0.260 0.000 0.005
0.635 0.281 0.000 0.005
0.635 0.302 0.000 0.005
0.635 0.323 0.000 0.005
0.635 0.344 0.000 0.005
0.635 0.365 0.000 0.005
0.635 0.385 0.000 0.005
0.635 0.406 0.000 0.005
0.635 0.427 0.000 0.005
0.635 0.448 0.000 0.005
0.635 0.469 0.000 0.005
0.635 0.490 0.000 0.005
0.635 0.510 0.000 0.005
0.635 0.531 0.000 0.005
0.635 0.552 0.000 0.005
0.635 0.573 0.000 0.005
0.635 0.594 0.000 0.005
0.635 0.615 0.000 0.005
0.635 0.635 0.000 0.005
0.635 0.656 0.000 0.005
0.635 0.677 0.000 0.005
0.635 0.698 0.000 0.005
0.635 0.719 0.000 0.005
0.635 0.740 0.000 0.005
0.635 0.760 0.000 0.005
0.635 0.781 0.000 0.005
0.635 0.802 0.000 0.005
0.635 0.823 0.000 0.005
0.635 0.844 0.000 0.005
0.635 0.865 0.000 0.005
0.635 0.885 0.000 0.005
0.635 0.906 0.000 0.005
0.635 0.927 0.000 0.005
0.635 0.948 0.000 0.005
0.635 0.969 0.000 0.005
0.635 0.990 0.000 0.005
0.656 0.010 0.000 0.005
0.656 0.031 0.000 0.005
0.656 0.052 0.000 0.005
0.656 0.073 0.000 0.005
0.656 0.094 0.000 0.005
0.656 0.115 0.000 0.005
0.656 0.135 0.000 0.005
0.656 0.156 0.000 0.005
0.656 0.177 0.000 0.005
0.656 0.198 0.000 0.005
0.656 0.219 0.000 0.005
0.656 0.240 0.000 0.005
0.656 0.260 0.000 0.005
0.656 0.281 0.000 0.005
0.656 0.302 0.000 0.005
0.656 0.323 0.000 0.005
0.656 0.344 0.000 0.005
0.656 0.365 0.000 0.005
0.656 0.385 0.000 0.005
0.656 0.406 0.000 0.005
0.656 0.427 0.000 0.005
0.656 0.448 0.000 0.005
0.656 0.469 0.000 0.005
0.656 0.490 0.000 0.005
0.656 0.510 0.000 0.005
0.656 0.531 0.000 0.005
0.656 0.552 0.000 0.005
0.656 0.573 0.000 0.005
0.656 0.594 0.000 0.005
0.656 0.615 0.000 0.005
0.656 0.635 0.000 0.005
0.656 0.656 0.000 0.005
0.656 0.677 0.000 0.005
0.656 0.698 0.000 0.005
0.656 0.719 0.000 0.005
0.656 0.740 0.000 0.005
0.656 0.760 0.000 0.005
0.656 0.781 0.000 0.005
0.656 0.802 0.000 0.005
0.656 0.823 0.000 0.005
0.656 0.844 0.000 0.005
0.656 0.865 0.000 0.005
0.656 0.885 0.000 0.005
0.656 0.906 0.000 0.005
0.656 0.927 0.000 0.005
0.656 0.948 0.000 0.005
0.656 0.969 0.000 0.005
0.656 0.990 0.000 0.005
0.677 0.010 0.000 0.005
0.677 0.031 0.000 0.005
0.677 0.052 0.000 0.005
0.677 0.073 0.000 0.005
0.677 0.094 0.000 0.005
0.677 0.115 0.000 0.005
0.677 0.135 0.000 0.005
0.677 0.156 0.000 0.005
0.677 0.177 0.000 0.005
0.677 0.198 0.000 0.005
0.677 0.219 0.000 0.005
0.677 0.240 0.000 0.005
0.677 0.260 0.000 0.005
0.677 0.281 0.000 0.005
0.677 0.302 0.000 0.005
0.677 0.323 0.000 0.005
0.677 0.344 0.000 0.005
0.677 0.365 0.000 0.005
0.677 0.385 0.000 0.005
0.677 0.406 0.000 0.005
0.677 0.427 0.000 0.005
0.677 0.448 0.000 0.005
0.677 0.469 0.000 0.005
0.677 0.490 0.000 0.005
0.677 0.510 0.000 0.005
0.677 0.531 0.000 0.005
0.677 0.552 0.000 0.005
0.677 0.573 0.000 0.005
0.677 0.594 0.000 0.005
0.677 0.615 0.000 0.005
0.677 0.635 0.000 0.005
0.677 0.656 0.000 0.005
0.677 0.677 0.000 0.005
0.677 0.698 0.000 0.005
0.677 0.719 0.000 0.005
0.677 0.740 0.000 0.005
0.677 0.760 0.000 0.005
0.677 0.781 0.000 0.005
0.677 0.802 0.000 0.005
0.677 0.823 0.000 0.005
0.677 0.844 0.000 0.005
0.677 0.865 0.000 0.005
0.677 0.885 0.000 0.005
0.677 0.906 0.000 0.005
0.677 0.927 0.000 0.005
0.677 0.948 0.000 0.005
0.677 0.969 0.000 0.005
0.677 0.990 0.000 0.005
0.698 0.010 0.000 0.005
0.698 0.031 0.000 0.005
0.698 0.052 0.000 0.005
0.698 0.073 0.000 0.005
0.698 0.094 0.000 0.005
0.698 0.115 0.000 0.005
0.698 0.135 0.000 0.005
0.698 0.156 0.000 0.005
0.698 0.177 0.000 0.005
0.698 0.198 0.000 0.005
0.698 0.219 0.000 0.005
0.698 0.240 0.000 0.005
0.698 0.260 0.000 0.005
0.698 0.281 0.000 0.005
0.698 0.302 0.000 0.005
0.698 0.323 0.000 0.005
0.698 0.344 0.000 0.005
0.698 0.365 0.000 0.005
0.698 0.385 0.000 0.005
0.698 0.406 0.000 0.005
0.698 0.427 0.000 0.005
0.698 0.448 0.000 0.005
0.698 0.469 0.000 0.005
0.698 0.490 0.000 0.005
0.698 0.510 0.000 0.005
0.698 0.531 0.000 0.005
0.698 0.552 0.000 0.005
0.698 0.573 0.000 0.005
0.698 0.594 0.000 0.005
0.698 0.615 0.000 0.005
0.698 0.635 0.000 0.005
0.698 0.656 0.000 0.005
0.698 0.677 0.000 0.005
0.698 0.698 0.000 0.005
0.698 0.719 0.000 0.005
0.698 0.740 0.000 0.005
0.698 0.760 0.000 0.005
0.698 0.781 0.000 0.005
0.698 0.802 0.000 0.005
0.698 0.823 0.000 0.005
0.698 0.844 0.000 0.005
0.698 0.865 0.000 0.005
0.698 0.885 0.000 0.005
0.698 0.906 0.000 0.005
0.698 0.927 0.000 0.005
0.698 0.948 0.000 0.005
0.698 0.969 0.000 0.005
0.698 0.990 0.000 0.005
0.719 0.010 0.000 0.005
0.719 0.031 0.000 0.005
0.719 0.052 0.000 0.005
0.719 0.073 0.000 0.005
0.719 0.094 0.000 0.005
0.719 0.115 0.000 0.005
0.719 0.135 0.000 0.005
0.719 0.156 0.000 0.005
0.719 0.177 0.000 0.005
0.719 0.198 0.000 0.005
0.719 0.219 0.000 0.005
0.719 0.240 0.000 0.005
0.719 0.260 0.000 0.005
0.719 0.281 0.000 0.005
0.719 0.302 0.000 0.005
0.719 0.323 0.000 0.005
0.719 0.344 0.000 0.005
0.719 0.365 0.000 0.005
0.719 0.385 0.000 0.005
0.719 0.406 0.000 0.005
0.719 0.427 0.000 0.005
0.719 0.448 0.000 0.005
0.719 0.469 0.000 0.005
0.719 0.490 0.000 0.005
0.719 0.510 0.000 0.005
0.719 0.531 0.000 0.005
0.719 0.552 0.000 0.005
0.719 0.573 0.000 0.005
0.719 0.594 0.000 0.005
0.719 0.615 0.000 0.005
0.719 0.635 0.000 0.005
0.719 0.656 0.000 0.005
0.719 0.677 0.000 0.005
0.719 0.698 0.000 0.005
0.719 0.719 0.000 0.005
0.719 0.740 0.000 0.005
0.719 0.760 0.000 0.005
0.719 0.781 0.000 0.005
0.719 0.802 0.000 0.005
0.719 0.823 0.000 0.005
0.719 0.844 0.000 0.005
0.719 0.865 0.000 0.005
0.719 0.885 0.000 0.005
0.719 0.906 0.000 0.005
0.719 0.927 0.000 0.005
0.719 0.948 0.000 0.005
0.719 0.969 0.000 0.005
0.719 0.990 0.000 0.005
0.740 0.010 0.000 0.005
0.740 0.031 0.000 0.005
0.740 0.052 0.000 0.005
0.740 0.073 0.000 0.005
0.740 0.094 0.000 0.005
0.740 0.115 0.000 0.005
0.740 0.135 0.000 0.005
0.740 0.156 0.000 0.005
0.740 0.177 0.000 0.005
0.740 0.198 0.000 0.005
0.740 0.219 0.000 0.005
0.740 0.240 0.000 0.005
0.740 0.260 0.000 0.005
0.740 0.281 0.000 0.005
0.740 0.302 0.000 0.005
0.740 0.323 0.000 0.005
0.740 0.344 0.000 0.005
0.740 0.365 0.000 0.005
0.740 0.385 0.000 0.005
0.740 0.406 0.000 0.005
0.740 0.427 0.000 0.005
0.740 0.448 0.000 0.005
0.740 0.469 0.000 0.005
0.740 0.490 0.000 0.005
0.740 0.510 0.000 0.005
0.740 0.531 0.000 0.005
0.740 0.552 0.000 0.005
0.740 0.573 0.000 0.005
0.740 0.594 0.000 0.005
0.740 0.615 0.000 0.005
0.740 0.635 0.000 0.005
0.740 0.656 0.000 0.005
0.740 0.677 0.000 0.005
0.740 0.698 0.000 0.005
0.740 0.719 0.000 0.005
0.740 0.740 0.000 0.005
0.740 0.760 0.000 0.005
0.740 0.781 0.000 0.005
0.740 0.802 0.000 0.005
0.740 0.823 0.000 0.005
0.740 0.844 0.000 0.005
0.740 0.865 0.000 0.005
0.740 0.885 0.000 0.005
0.740 0.906 0.000 0.005
0.740 0.927 0.000 0.005
0.740 0.948 0.000 0.005
0.740 0.969 0.000 0.005
0.740 0.990 0.000 0.005
0.760 0.010 0.000 0.005
0.760 0.031 0.000 0.005
0.760 0.052 0.000 0.005
0.760 0.073 0.000 0.005
0.760 0.094 0.000 0.005
0.760 0.115 0.000 0.005
0.760 0.135 0.000 0.005
0.760 0.156 0.000 0.005
0.760 0.177 0.000 0.005
0.760 0.198 0.000 0.005
0.760 0.219 0.000 0.005
0.760 0.240 0.000 0.005
0.760 0.260 0.000 0.005
0.760 0.281 0.000 0.005
0.760 0.302 0.000 0.005
0.760 0.323 0.000 0.005
0.760 0.344 0.000 0.005
0.760 0.365 0.000 0.005
0.760 0.385 0.000 0.005
0.760 0.406 0.000 0.005
0.760 0.427 0.000 0.005
0.760 0.448 0.000 0.005
0.760 0.469 0.000 0.005
0.760 0.490 0.000 0.005
0.760 0.510 0.000 0.005
0.760 0.531 0.000 0.005
0.760 0.552 0.000 0.005
0.760 0.573 0.000 0.005
0.760 0.594 0.000 0.005
0.760 0.615 0.000 0.005
0.760 0.635 0.000 0.005
0.760 0.656 0.000 0.005
0.760 0.677 0.000 0.005
0.760 0.698 0.000 0.005
0.760 0.719 0.000 0.005
0.760 0.740 0.000 0.005
0.760 0.760 0.000 0.005
0.760 0.781 0.000 0.005
0.760 0.802 0.000 0.005
0.760 0.823 0.000 0.005
0.760 0.844 0.000 0.005
0.760 0.865 0.000 0.005
0.760 0.885 0.000 0.005
0.760 0.906 0.000 0.005
0.760 0.927 0.000 0.005
0.760 0.948 0.000 0.005
0.760 0.969 0.000 0.005
0.760 0.990 0.000 0.005
0.781 0.010 0.000 0.005
0.781 0.031 0.000 0.005
0.781 0.052 0.000 0.005
0.781 0.073 0.000 0.005
0.781 0.094 0.000 0.005
0.781 0.115 0.000 0.005
0.781 0.135 0.000 0.005
0.781 0.156 0.000 0.005
0.781 0.177 0.000 0.005
0.781 0.198 0.000 0.005
0.781 0.219 0.000 0.005
0.781 0.240 0.000 0.005
0.781 0.260 0.000 0.005
0.781 0.281 0.000 0.005
0.781 0.302 0.000 0.005
0.781 0.323 0.000 0.005
0.781 0.344 0.000 0.005
0.781 0.365 0.000 0.005
0.781 0.385 0.000 0.005
0.781 0.406 0.000 0.005
0.781 0.427 0.000 0.005
0.781 0.448 0.000 0.005
0.781 0.469 0.000 0.005
0.781 0.490 0.000 0.005
0.781 0.510 0.000 0.005
0.781 0.531 0.000 0.005
0.781 0.552 0.000 0.005
0.781 0.573 0.000 0.005
0.781 0.594 0.000 0.005
0.781 0.615 0.000 0.005
0.781 0.635 0.000 0.005
0.781 0.656 0.000 0.005
0.781 0.677 0.000 0.005
0.781 0.698 0.000 0.005
0.781 0.719 0.000 0.005
0.781 0.740 0.000 0.005
0.781 0.760 0.000 0.005
0.781 0.781 0.000 0.005
0.781 0.802 0.000 0.005
0.781 0.823 0.000 0.005
0.781 0.844 0.000 0.005
0.781 0.865 0.000 0.005
0.781 0.885 0.000 0.005
0.781 0.906 0.000 0.005
0.781 0.927 0.000 0.005
0.781 0.948 0.000 0.005
0.781 0.969 0.000 0.005
0.781 0.990 0.000 0.005
0.802 0.010 0.000 0.005
0.802 0.031 0.000 0.005
0.802 0.052 0.000 0.005
0.802 0.073 0.000 0.005
0.802 0.094 0.000 0.005
0.802 0.115 0.000 0.005
0.802 0.135 0.000 0.005
0.802 0.156 0.000 0.005
0.802 0.177 0.000 0.005
0.802 0.198 0.000 0.005
0.802 0.219 0.000 0.005
0.802 0.240 0.000 0.005
0.802 0.260 0.000 0.005
0.802 0.281 0.000 0.005
0.802 0.302 0.000 0.005
0.802 0.323 0.000 0.005
0.802 0.344 0.000 0.005
0.802 0.365 0.000 0.005
0.802 0.385 0.000 0.005
0.802 0.406 0.000 0.005
0.802 0.427 0.000 0.005
0.802 0.448 0.000 0.005
0.802 0.469 0.000 0.005
0.802 0.490 0.000 0.005
0.802 0.510 0.000 0.005
0.802 0.531 0.000 0.005
0.802 0.552 0.000 0.005
0.802 0.573 0.000 0.005
0.802 0.594 0.000 0.005
0.802 0.615 0.000 0.005
0.802 0.635 0.000 0.005
0.802 0.656 0.000 0.005
0.802 0.677 0.000 0.005
0.802 0.698 0.000 0.005
0.802 0.719 0.000 0.005
0.802 0.740 0.000 0.005
0.802 0.760 0.000 0.005
0.802 0.781 0.000 0.005
0.802 0.802 0.000 0.005
0.802 0.823 0.000 0.005
0.802 0.844 0.000 0.005
0.802 0.865 0.000 0.005
0.802 0.885 0.000 0.005
0.802 0.906 0.000 0.005
0.802 0.927 0.000 0.005
0.802 0.948 0.000 0.005
0.802 0.969 0.000 0.005
0.802 0.990 0.000 0.005
0.823 0.010 0.000 0.005
0.823 0.031 0.000 0.005
0.823 0.052 0.000 0.005
0.823 0.073 0.000 0.005
0.823 0.094 0.000 0.005
0.823 0.115 0.000 0.005
0.823 0.135 0.000 0.005
0.823 0.156 0.000 0.005
0.823 0.177 0.000 0.005
0.823 0.198 0.000 0.005
0.823 0.219 0.000 0.005
0.823 0.240 0.000 0.005
0.823 0.260 0.000 0.005
0.823 0.281 0.000 0.005
0.823 0.302 0.000 0.005
0.823 0.323 0.000 0.005
0.823 0.344 0.000 0.005
0.823 0.365 0.000 0.005
0.823 0.385 0.000 0.005
0.823 0.406 0.000 0.005
0.823 0.427 0.000 0.005
0.823 0.448 0.000 0.005
0.823 0.469 0.000 0.005
0.823 0.490 0.000 0.005
0.823 0.510 0.000 0.005
0.823 0.531 0.000 0.005
0.823 0.552 0.000 0.005
0.823 0.573 0.000 0.005
0.823 0.594 0.000 0.005
0.823 0.615 0.000 0.005
0.823 0.635 0.000 0.005
0.823 0.656 0.000 0.005
0.823 0.677 0.000 0.005
0.823 0.698 0.000 0.005
0.823 0.719 0.000 0.005
0.823 0.740 0.000 0.005
0.823 0.760 0.000 0.005
0.823 0.781 0.000 0.005
0.823 0.802 0.000 0.005
0.823 0.823 0.000 0.005
0.823 0.844 0.000 0.005
0.823 0.865 0.000 0.005
0.823 0.885 0.000 0.005
0.823 0.906 0.000 0.005
0.823 0.927 0.000 0.005
0.823 0.948 0.000 0.005
0.823 0.969 0.000 0.005
0.823 0.990 0.000 0.005
0.844 0.010 0.000 0.005
0.844 0.031 0.000 0.005
0.844 0.052 0.000 0.005
0.844 0.073 0.000 0.005
0.844 0.094 0.000 0.005
0.844 0.115 0.000 0.005
0.844 0.135 0.000 0.005
0.844 0.156 0.000 0.005
0.844 0.177 0.000 0.005
0.844 0.198 0.000 0.005
0.844 0.219 0.000 0.005
0.844 0.240 0.000 0.005
0.844 0.260 0.000 0.005
0.844 0.281 0.000 0.005
0.844 0.302 0.000 0.005
0.844 0.323 0.000 0.005
0.844 0.344 0.000 0.005
0.844 0.365 0.000 0.005
0.844 0.385 0.000 0.005
0.844 0.406 0.000 0.005
0.844 0.427 0.000 0.005
0.844 0.448 0.000 0.005
0.844 0.469 0.000 0.005
0.844 0.490 0.000 0.005
0.844 0.510 0.000 0.005
0.844 0.531 0.000 0.005
0.844 0.552 0.000 0.005
0.844 0.573 0.000 0.005
0.844 0.594 0.000 0.005
0.844 0.615 0.000 0.005
0.844 0.635 0.000 0.005
0.844 0.656 0.000 0.005
0.844 0.677 0.000 0.005
0.844 0.698 0.000 0.005
0.844 0.719 0.000 0.005
0.844 0.740 0.000 0.005
0.844 0.760 0.000 0.005
0.844 0.781 0.000 0.005
0.844 0.802 0.000 0.005
0.844 0.823 0.000 0.005
0.844 0.844 0.000 0.005
0.844 0.865 0.000 0.005
0.844 0.885 0.000 0.005
0.844 0.906 0.000 0.005
0.844 0.927 0.000 0.005
0.844 0.948 0.000 0.005
0.844 0.969 0.000 0.005
0.844 0.990 0.000 0.005
0.865 0.010 0.000 0.005
0.865 0.031 0.000 0.005
0.865 0.052 0.000 0.005
0.865 0.073 0.000 0.005
0.865 0.094 0.000 0.005
0.865 0.115 0.000 0.005
0.865 0.135 0.000 0.005
0.865 0.156 0.000 0.005
0.865 0.177 0.000 0.005
0.865 0.198 0.000 0.005
0.865 0.219 0.000 0.005
0.865 0.240 0.000 0.005
0.865 0.260 0.000 0.005
0.865 0.281 0.000 0.005
0.865 0.302 0.000 0.005
0.865 0.323 0.000 0.005
0.865 0.344 0.000 0.005
0.865 0.365 0.000 0.005
0.865 0.385 0.000 0.005
0.865 0.406 0.000 0.005
0.865 0.427 0.000 0.005
0.865 0.448 0.000 0.005
0.865 0.469 0.000 0.005
0.865 0.490 0.000 0.005
0.865 0.510 0.000 0.005
0.865 0.531 0.000 0.005
0.865 0.552 0.000 0.005
0.865 0.573 0.000 0.005
0.865 0.594 0.000 0.005
0.865 0.615 0.000 0.005
0.865 0.635 0.000 0.005
0.865 0.656 0.000 0.005
0.865 0.677 0.000 0.005
0.865 0.698 0.000 0.005
0.865 0.719 0.000 0.005
0.865 0.740 0.000 0.005
0.865 0.760 0.000 0.005
0.865 0.781 0.000 0.005
0.865 0.802 0.000 0.005
0.865 0.823 0.000 0.005
0.865 0.844 0.000 0.005
0.865 0.865 0.000 0.005
0.865 0.885 0.000 0.005
0.865 0.906 0.000 0.005
0.865 0.927 0.000 0.005
0.865 0.948 0.000 0.005
0.865 0.969 0.000 0.005
0.865 0.990 0.000 0.005
0.885 0.010 0.000 0.005
0.885 0.031 0.000 0.005
0.885 0.052 0.000 0.005
0.885 0.073 0.000 0.005
0.885 0.094 0.000 0.005
0.885 0.115 0.000 0.005
0.885 0.135 0.000 0.005
0.885 0.156 0.000 0.005
0.885 0.177 0.000 0.005
0.885 0.198 0.000 0.005
0.885 0.219 0.000 0.005
0.885 0.240 0.000 0.005
0.885 0.260 0.000 0.005
0.885 0.281 0.000 0.005
0.885 0.302 0.000 0.005
0.885 0.323 0.000 0.005
0.885 0.344 0.000 0.005
0.885 0.365 0.000 0.005
0.885 0.385 0.000 0.005
0.885 0.406 0.000 0.005
0.885 0.427 0.000 0.005
0.885 0.448 0.000 0.005
0.885 0.469 0.000 0.005
0.885 0.490 0.000 0.005
0.885 0.510 0.000 0.005
0.885 0.531 0.000 0.005
0.885 0.552 0.000 0.005
0.885 0.573 0.000 0.005
0.885 0.594 0.000 0.005
0.885 0.615 0.000 0.005
0.885 0.635 0.000 0.005
0.885 0.656 0.000 0.005
0.885 0.677 0.000 0.005
0.885 0.698 0.000 0.005
0.885 0.719 0.000 0.005
0.885 0.740 0.000 0.005
0.885 0.760 0.000 0.005
0.885 0.781 0.000 0.005
0.885 0.802 0.000 0.005
0.885 0.823 0.000 0.005
0.885 0.844 0.000 0.005
0.885 0.865 0.000 0.005
0.885 0.885 0.000 0.005
0.885 0.906 0.000 0.005
0.885 0.927 0.000 0.005
0.885 0.948 0.000 0.005
0.885 0.969 0.000 0.005
0.885 0.990 0.000 0.005
0.906 0.010 0.000 0.005
0.906 0.031 0.000 0.005
0.906 0.052 0.000 0.005
0.906 0.073 0.000 0.005
0.906 0.094 0.000 0.005
0.906 0.115 0.000 0.005
0.906 0.135 0.000 0.005
0.906 0.156 0.000 0.005
0.906 0.177 0.000 0.005
0.906 0.198 0.000 0.005
0.906 0.219 0.000 0.005
0.906 0.240 0.000 0.005
0.906 0.260 0.000 0.005
0.906 0.281 0.000 0.005
0.906 0.302 0.000 0.005
0.906 0.323 0.000 0.005
0.906 0.344 0.000 0.005
0.906 0.365 0.000 0.005
0.906 0.385 0.000 0.005
0.906 0.406 0.000 0.005
0.906 0.427 0.000 0.005
0.906 0.448 0.000 0.005
0.906 0.469 0.000 0.005
0.906 0.490 0.000 0.005
0.906 0.510 0.000 0.005
0.906 0.531 0.000 0.005
0.906 0.552 0.000 0.005
0.906 0.573 0.000 0.005
0.906 0.594 0.000 0.005
0.906 0.615 0.000 0.005
0.906 0.635 0.000 0.005
0.906 0.656 0.000 0.005
0.906 0.677 0.000 0.005
0.906 0.698 0.000 0.005
0.906 0.719 0.000 0.005
0.906 0.740 0.000 0.005
0.906 0.760 0.000 0.005
0.906 0.781 0.000 0.005
0.906 0.802 0.000 0.005
0.906 0.823 0.000 0.005
0.906 0.844 0.000 0.005
0.906 0.865 0.000 0.005
0.906 0.885 0.000 0.005
0.906 0.906 0.000 0.005
0.906 0.927 0.000 0.005
0.906 0.948 0.000 0.005
0.906 0.969 0.000 0.005
0.906 0.990 0.000 0.005
0.927 0.010 0.000 0.005
0.927 0.031 0.000 0.005
0.927 0.052 0.000 0.005
0.927 0.073 0.000 0.005
0.927 0.094 0.000 0.005
0.927 0.115 0.000 0.005
0.927 0.135 0.000 0.005
0.927 0.156 0.000 0.005
0.927 0.177 0.000 0.005
0.927 0.198 0.000 0.005
0.927 0.219 0.000 0.005
0.927 0.240 0.000 0.005
0.927 0.260 0.000 0.005
0.927 0.281 0.000 0.005
0.927 0.302 0.000 0.005
0.927 0.323 0.000 0.005
0.927 0.344 0.000 0.005
0.927 0.365 0.000 0.005
0.927 0.385 0.000 0.005
0.927 0.406 0.000 0.005
0.927 0.427 0.000 0.005
0.927 0.448 0.000 0.005
0.927 0.469 0.000 0.005
0.927 0.490 0.000 0.005
0.927 0.510 0.000 0.005
0.927 0.531 0.000 0.005
0.927 0.552 0.000 0.005
0.927 0.573 0.000 0.005
0.927 0.594 0.000 0.005
0.927 0.615 0.000 0.005
0.927 0.635 0.000 0.005
0.927 0.656 0.000 0.005
0.927 0.677 0.000 0.005
0.927 0.698 0.000 0.005
0.927 0.719 0.000 0.005
0.927 0.740 0.000 0.005
0.927 0.760 0.000 0.005
0.927 0.781 0.000 0.005
0.927 0.802 0.000 0.005
0.927 0.823 0.000 0.005
0.927 0.844 0.000 0.005
0.927 0.865 0.000 0.005
0.927 0.885 0.000 0.005
0.927 0.906 0.000 0.005
0.927 0.927 0.000 0.005
0.927 0.948 0.000 0.005
0.927 0.969 0.000 0.005
0.927 0.990 0.000 0.005
0.948 0.010 0.000 0.005
0.948 0.031 0.000 0.005
0.948 0.052 0.000 0.005
0.948 0.073 0.000 0.005
0.948 0.094 0.000 0.005
0.948 0.115 0.000 0.005
0.948 0.135 0.000 0.005
0.948 0.156 0.000 0.005
0.948 0.177 0.000 0.005
0.948 0.198 0.000 0.005
0.948 0.219 0.000 0.005
0.948 0.240 0.000 0.005
0.948 0.260 0.000 0.005
0.948 0.281 0.000 0.005
0.948 0.302 0.000 0.005
0.948 0.323 0.000 0.005
0.948 0.344 0.000 0.005
0.948 0.365 0.000 0.005
0.948 0.385 0.000 0.005
0.948 0.406 0.000 0.005
0.948 0.427 0.000 0.005
0.948 0.448 0.000 0.005
0.948 0.469 0.000 0.005
0.948 0.490 0.000 0.005
0.948 0.510 0.000 0.005
0.948 0.531 0.000 0.005
0.948 0.552 0.000 0.005
0.948 0.573 0.000 0.005
0.948 0.594 0.000 0.005
0.948 0.615 0.000 0.005
0.948 0.635 0.000 0.005
0.948 0.656 0.000 0.005
0.948 0.677 0.000 0.005
0.948 0.698 0.000 0.005
0.948 0.719 0.000 0.005
0.948 0.740 0.000 0.005
0.948 0.760 0.000 0.005
0.948 0.781 0.000 0.005
0.948 0.802 0.000 0.005
0.948 0.823 0.000 0.005
0.948 0.844 0.000 0.005
0.948 0.865 0.000 0.005
0.948 0.885 0.000 0.005
0.948 0.906 0.000 0.005
0.948 0.927 0.000 0.005
0.948 0.948 0.000 0.005
0.948 0.969 0.000 0.005
0.948 0.990 0.000 0.005
0.969 0.010 0.000 0.005
0.969 0.031 0.000 0.005
0.969 0.052 0.000 0.005
0.969 0.073 0.000 0.005
0.969 0.094 0.000 0.005
0.969 0.115 0.000 0.005
0.969 0.135 0.000 0.005
0.969 0.156 0.000 0.005
0.969 0.177 0.000 0.005
0.969 0.198 0.000 0.005
0.969 0.219 0.000 0.005
0.969 0.240 0.000 0.005
0.969 0.260 0.000 0.005
0.969 0.281 0.000 0.005
0.969 0.302 0.000 0.005
0.969 0.323 0.000 0.005
0.969 0.344 0.000 0.005
0.969 0.365 0.000 0.005
0.969 0.385 0.000 0.005
0.969 0.406 0.000 0.005
0.969 0.427 0.000 0.005
0.969 0.448 0.000 0.005
0.969 0.469 0.000 0.005
0.969 0.490 0.000 0.005
0.969 0.510 0.000 0.005
0.969 0.531 0.000 0.005
0.969 0.552 0.000 0.005
0.969 0.573 0.000 0.005
0.969 0.594 0.000 0.005
0.969 0.615 0.000 0.005
0.969 0.635 0.000 0.005
0.969 0.656 0.000 0.005
0.969 0.677 0.000 0.005
0.969 0.698 0.000 0.005
0.969 0.719 0.000 0.005
0.969 0.740 0.000 0.005
0.969 0.760 0.000 0.005
0.969 0.781 0.000 0.005
0.969 0.802 0.000 0.005
0.969 0.823 0.000 0.005
0.969 0.844 0.000 0.005
0.969 0.865 0.000 0.005
0.969 0.885 0.000 0.005
0.969 0.906 0.000 0.005
0.969 0.927 0.000 0.005
0.969 0.948 0.000 0.005
0.969 0.969 0.000 0.005
0.969 0.990 0.000 0.005
0.990 0.010 0.000 0.005
0.990 0.031 0.000 0.005
0.990 0.052 0.000 0.005
0.990 0.073 0.000 0.005
0.990 0.094 0.000 0.005
0.990 0.115 0.000 0.005
0.990 0.135 0.000 0.005
0.990 0.156 0.000 0.005
0.990 0.177 0.000 0.005
0.990 0.198 0.000 0.005
0.990 0.219 0.000 0.005
0.990 0.240 0.000 0.005
0.990 0.260 0.000 0.005
0.990 0.281 0.000 0.005
0.990 0.302 0.000 0.005
0.990 0.323 0.000 0.005
0.990 0.344 0.000 0.005
0.990 0.365 0.000 0.005
0.990 0.385 0.000 0.005
0.990 0.406 0.000 0.005
0.990 0.427 0.000 0.005
0.990 0.448 0.000 0.005
0.990 0.469 0.000 0.005
0.990 0.490 0.000 0.005
0.990 0.510 0.000 0.005
0.990 0.531 0.000 0.005
0.990 0.552 0.000 0.005
0.990 0.573 0.000 0.005
0.990 0.594 0.000 0.005
0.990 0.615 0.000 0.005
0.990 0.635 0.000 0.005
0.990 0.656 0.000 0.005
0.990 0.677 0.000 0.005
0.990 0.698 0.000 0.005
0.990 0.719 0.000 0.005
0.990 0.740 0.000 0.005
0.990 0.760 0.000 0.005
0.990 0.781 0.000 0.005
0.990 0.802 0.000 0.005
0.990 0.823 0.000 0.005
0.990 0.844 0.000 0.005
0.990 0.865 0.000 0.005
0.990 0.885 0.000 0.005
0.990 0.906 0.000 0.005
0.990 0.927 0.000 0.005
0.990 0.948 0.000 0.005
0.990 0.969 0.000 0.005
0.990 0.990 0.000 0.005
