0.008 0.008 0.000 0.005
0.008 0.024 0.000 0.005
0.008 0.040 0.000 0.005
0.008 0.056 0.000 0.005
0.008 0.073 0.000 0.005
0.008 0.089 0.000 0.005
0.008 0.105 0.000 0.005
0.008 0.121 0.000 0.005
0.008 0.137 0.000 0.005
0.008 0.153 0.000 0.005
0.008 0.169 0.000 0.005
0.008 0.185 0.000 0.005
0.008 0.202 0.000 0.005
0.008 0.218 0.000 0.005
0.008 0.234 0.000 0.005
0.008 0.250 0.000 0.005
0.008 0.266 0.000 0.005
0.008 0.282 0.000 0.005
0.008 0.298 0.000 0.005
0.008 0.315 0.000 0.005
0.008 0.331 0.000 0.005
0.008 0.347 0.000 0.005
0.008 0.363 0.000 0.005
0.008 0.379 0.000 0.005
0.008 0.395 0.000 0.005
0.008 0.411 0.000 0.005
0.008 0.427 0.000 0.005
0.008 0.444 0.000 0.005
0.008 0.460 0.000 0.005
0.008 0.476 0.000 0.005
0.008 0.492 0.000 0.005
0.008 0.508 0.000 0.005
0.008 0.524 0.000 0.005
0.008 0.540 0.000 0.005
0.008 0.556 0.000 0.005
0.008 0.573 0.000 0.005
0.008 0.589 0.000 0.005
0.008 0.605 0.000 0.005
0.008 0.621 0.000 0.005
0.008 0.637 0.000 0.005
0.008 0.653 0.000 0.005
0.008 0.669 0.000 0.005
0.008 0.685 0.000 0.005
0.008 0.702 0.000 0.005
0.008 0.718 0.000 0.005
0.008 0.734 0.000 0.005
0.008 0.750 0.000 0.005
0.008 0.766 0.000 0.005
0.008 0.782 0.000 0.005
0.008 0.798 0.000 0.005
0.008 0.815 0.000 0.005
0.008 0.831 0.000 0.005
0.008 0.847 0.000 0.005
0.008 0.863 0.000 0.005
0.008 0.879 0.000 0.005
0.008 0.895 0.000 0.005
0.008 0.911 0.000 0.005
0.008 0.927 0.000 0.005
0.008 0.944 0.000 0.005
0.008 0.960 0.000 0.005
0.008 0.976 0.000 0.005
0.008 0.992 0.000 0.005
0.024 0.008 0.000 0.005
0.024 0.024 0.000 0.005
0.024 0.040 0.000 0.005
0.024 0.056 0.000 0.005
0.024 0.073 0.000 0.005
0.024 0.089 0.000 0.005
0.024 0.105 0.000 0.005
0.024 0.121 0.000 0.005
0.024 0.137 0.000 0.005
0.024 0.153 0.000 0.005
0.024 0.169 0.000 0.005
0.024 0.185 0.000 0.005
0.024 0.202 0.000 0.005
0.024 0.218 0.000 0.005
0.024 0.234 0.000 0.005
0.024 0.250 0.000 0.005
0.024 0.266 0.000 0.005
0.024 0.282 0.000 0.005
0.024 0.298 0.000 0.005
0.024 0.315 0.000 0.005
0.024 0.331 0.000 0.005
0.024 0.347 0.000 0.005
0.024 0.363 0.000 0.005
0.024 0.379 0.000 0.005
0.024 0.395 0.000 0.005
0.024 0.411 0.000 0.005
0.024 0.427 0.000 0.005
0.024 0.444 0.000 0.005
0.024 0.460 0.000 0.005
0.024 0.476 0.000 0.005
0.024 0.492 0.000 0.005
0.024 0.508 0.000 0.005
0.024 0.524 0.000 0.005
0.024 0.540 0.000 0.005
0.024 0.556 0.000 0.005
0.024 0.573 0.000 0.005
0.024 0.589 0.000 0.005
0.024 0.605 0.000 0.005
0.024 0.621 0.000 0.005
0.024 0.637 0.000 0.005
0.024 0.653 0.000 0.005
0.024 0.669 0.000 0.005
0.024 0.685 0.000 0.005
0.024 0.702 0.000 0.005
0.024 0.718 0.000 0.005
0.024 0.734 0.000 0.005
0.024 0.750 0.000 0.005
0.024 0.766 0.000 0.005
0.024 0.782 0.000 0.005
0.024 0.798 0.000 0.005
0.024 0.815 0.000 0.005
0.024 0.831 0.000 0.005
0.024 0.847 0.000 0.005
0.024 0.863 0.000 0.005
0.024 0.879 0.000 0.005
0.024 0.895 0.000 0.005
0.024 0.911 0.000 0.005
0.024 0.927 0.000 0.005
0.024 0.944 0.000 0.005
0.024 0.960 0.000 0.005
0.024 0.976 0.000 0.005
0.024 0.992 0.000 0.005
0.040 0.008 0.000 0.005
0.040 0.024 0.000 0.005
0.040 0.040 0.000 0.005
0.040 0.056 0.000 0.005
0.040 0.073 0.000 0.005
0.040 0.089 0.000 0.005
0.040 0.105 0.000 0.005
0.040 0.121 0.000 0.005
0.040 0.137 0.000 0.005
0.040 0.153 0.000 0.005
0.040 0.169 0.000 0.005
0.040 0.185 0.000 0.005
0.040 0.202 0.000 0.005
0.040 0.218 0.000 0.005
0.040 0.234 0.000 0.005
0.040 0.250 0.000 0.005
0.040 0.266 0.000 0.005
0.040 0.282 0.000 0.005
0.040 0.298 0.000 0.005
0.040 0.315 0.000 0.005
0.040 0.331 0.000 0.005
0.040 0.347 0.000 0.005
0.040 0.363 0.000 0.005
0.040 0.379 0.000 0.005
0.040 0.395 0.000 0.005
0.040 0.411 0.000 0.005
0.040 0.427 0.000 0.005
0.040 0.444 0.000 0.005
0.040 0.460 0.000 0.005
0.040 0.476 0.000 0.005
0.040 0.492 0.000 0.005
0.040 0.508 0.000 0.005
0.040 0.524 0.000 0.005
0.040 0.540 0.000 0.005
0.040 0.556 0.000 0.005
0.040 0.573 0.000 0.005
0.040 0.589 0.000 0.005
0.040 0.605 0.000 0.005
0.040 0.621 0.000 0.005
0.040 0.637 0.000 0.005
0.040 0.653 0.000 0.005
0.040 0.669 0.000 0.005
0.040 0.685 0.000 0.005
0.040 0.702 0.000 0.005
0.040 0.718 0.000 0.005
0.040 0.734 0.000 0.005
0.040 0.750 0.000 0.005
0.040 0.766 0.000 0.005
0.040 0.782 0.000 0.005
0.040 0.798 0.000 0.005
0.040 0.815 0.000 0.005
0.040 0.831 0.000 0.005
0.040 0.847 0.000 0.005
0.040 0.863 0.000 0.005
0.040 0.879 0.000 0.005
0.040 0.895 0.000 0.005
0.040 0.911 0.000 0.005
0.040 0.927 0.000 0.005
0.040 0.944 0.000 0.005
0.040 0.960 0.000 0.005
0.040 0.976 0.000 0.005
0.040 0.992 0.000 0.005
0.056 0.008 0.000 0.005
0.056 0.024 0.000 0.005
0.056 0.040 0.000 0.005
0.056 0.056 0.000 0.005
0.056 0.073 0.000 0.005
0.056 0.089 0.000 0.005
0.056 0.105 0.000 0.005
0.056 0.121 0.000 0.005
0.056 0.137 0.000 0.005
0.056 0.153 0.000 0.005
0.056 0.169 0.000 0.005
0.056 0.185 0.000 0.005
0.056 0.202 0.000 0.005
0.056 0.218 0.000 0.005
0.056 0.234 0.000 0.005
0.056 0.250 0.000 0.005
0.056 0.266 0.000 0.005
0.056 0.282 0.000 0.005
0.056 0.298 0.000 0.005
0.056 0.315 0.000 0.005
0.056 0.331 0.000 0.005
0.056 0.347 0.000 0.005
0.056 0.363 0.000 0.005
0.056 0.379 0.000 0.005
0.056 0.395 0.000 0.005
0.056 0.411 0.000 0.005
0.056 0.427 0.000 0.005
0.056 0.444 0.000 0.005
0.056 0.460 0.000 0.005
0.056 0.476 0.000 0.005
0.056 0.492 0.000 0.005
0.056 0.508 0.000 0.005
0.056 0.524 0.000 0.005
0.056 0.540 0.000 0.005
0.056 0.556 0.000 0.005
0.056 0.573 0.000 0.005
0.056 0.589 0.000 0.005
0.056 0.605 0.000 0.005
0.056 0.621 0.000 0.005
0.056 0.637 0.000 0.005
0.056 0.653 0.000 0.005
0.056 0.669 0.000 0.005
0.056 0.685 0.000 0.005
0.056 0.702 0.000 0.005
0.056 0.718 0.000 0.005
0.056 0.734 0.000 0.005
0.056 0.750 0.000 0.005
0.056 0.766 0.000 0.005
0.056 0.782 0.000 0.005
0.056 0.798 0.000 0.005
0.056 0.815 0.000 0.005
0.056 0.831 0.000 0.005
0.056 0.847 0.000 0.005
0.056 0.863 0.000 0.005
0.056 0.879 0.000 0.005
0.056 0.895 0.000 0.005
0.056 0.911 0.000 0.005
0.056 0.927 0.000 0.005
0.056 0.944 0.000 0.005
0.056 0.960 0.000 0.005
0.056 0.976 0.000 0.005
0.056 0.992 0.000 0.005
0.073 0.008 0.000 0.005
0.073 0.024 0.000 0.005
0.073 0.040 0.000 0.005
0.073 0.056 0.000 0.005
0.073 0.073 0.000 0.005
0.073 0.089 0.000 0.005
0.073 0.105 0.000 0.005
0.073 0.121 0.000 0.005
0.073 0.137 0.000 0.005
0.073 0.153 0.000 0.005
0.073 0.169 0.000 0.005
0.073 0.185 0.000 0.005
0.073 0.202 0.000 0.005
0.073 0.218 0.000 0.005
0.073 0.234 0.000 0.005
0.073 0.250 0.000 0.005
0.073 0.266 0.000 0.005
0.073 0.282 0.000 0.005
0.073 0.298 0.000 0.005
0.073 0.315 0.000 0.005
0.073 0.331 0.000 0.005
0.073 0.347 0.000 0.005
0.073 0.363 0.000 0.005
0.073 0.379 0.000 0.005
0.073 0.395 0.000 0.005
0.073 0.411 0.000 0.005
0.073 0.427 0.000 0.005
0.073 0.444 0.000 0.005
0.073 0.460 0.000 0.005
0.073 0.476 0.000 0.005
0.073 0.492 0.000 0.005
0.073 0.508 0.000 0.005
0.073 0.524 0.000 0.005
0.073 0.540 0.000 0.005
0.073 0.556 0.000 0.005
0.073 0.573 0.000 0.005
0.073 0.589 0.000 0.005
0.073 0.605 0.000 0.005
0.073 0.621 0.000 0.005
0.073 0.637 0.000 0.005
0.073 0.653 0.000 0.005
0.073 0.669 0.000 0.005
0.073 0.685 0.000 0.005
0.073 0.702 0.000 0.005
0.073 0.718 0.000 0.005
0.073 0.734 0.000 0.005
0.073 0.750 0.000 0.005
0.073 0.766 0.000 0.005
0.073 0.782 0.000 0.005
0.073 0.798 0.000 0.005
0.073 0.815 0.000 0.005
0.073 0.831 0.000 0.005
0.073 0.847 0.000 0.005
0.073 0.863 0.000 0.005
0.073 0.879 0.000 0.005
0.073 0.895 0.000 0.005
0.073 0.911 0.000 0.005
0.073 0.927 0.000 0.005
0.073 0.944 0.000 0.005
0.073 0.960 0.000 0.005
0.073 0.976 0.000 0.005
0.073 0.992 0.000 0.005
0.089 0.008 0.000 0.005
0.089 0.024 0.000 0.005
0.089 0.040 0.000 0.005
0.089 0.056 0.000 0.005
0.089 0.073 0.000 0.005
0.089 0.089 0.000 0.005
0.089 0.105 0.000 0.005
0.089 0.121 0.000 0.005
0.089 0.137 0.000 0.005
0.089 0.153 0.000 0.005
0.089 0.169 0.000 0.005
0.089 0.185 0.000 0.005
0.089 0.202 0.000 0.005
0.089 0.218 0.000 0.005
0.089 0.234 0.000 0.005
0.089 0.250 0.000 0.005
0.089 0.266 0.000 0.005
0.089 0.282 0.000 0.005
0.089 0.298 0.000 0.005
0.089 0.315 0.000 0.005
0.089 0.331 0.000 0.005
0.089 0.347 0.000 0.005
0.089 0.363 0.000 0.005
0.089 0.379 0.000 0.005
0.089 0.395 0.000 0.005
0.089 0.411 0.000 0.005
0.089 0.427 0.000 0.005
0.089 0.444 0.000 0.005
0.089 0.460 0.000 0.005
0.089 0.476 0.000 0.005
0.089 0.492 0.000 0.005
0.089 0.508 0.000 0.005
0.089 0.524 0.000 0.005
0.089 0.540 0.000 0.005
0.089 0.556 0.000 0.005
0.089 0.573 0.000 0.005
0.089 0.589 0.000 0.005
0.089 0.605 0.000 0.005
0.089 0.621 0.000 0.005
0.089 0.637 0.000 0.005
0.089 0.653 0.000 0.005
0.089 0.669 0.000 0.005
0.089 0.685 0.000 0.005
0.089 0.702 0.000 0.005
0.089 0.718 0.000 0.005
0.089 0.734 0.000 0.005
0.089 0.750 0.000 0.005
0.089 0.766 0.000 0.005
0.089 0.782 0.000 0.005
0.089 0.798 0.000 0.005
0.089 0.815 0.000 0.005
0.089 0.831 0.000 0.005
0.089 0.847 0.000 0.005
0.089 0.863 0.000 0.005
0.089 0.879 0.000 0.005
0.089 0.895 0.000 0.005
0.089 0.911 0.000 0.005
0.089 0.927 0.000 0.005
0.089 0.944 0.000 0.005
0.089 0.960 0.000 0.005
0.089 0.976 0.000 0.005
0.089 0.992 0.000 0.005
0.105 0.008 0.000 0.005
0.105 0.024 0.000 0.005
0.105 0.040 0.000 0.005
0.105 0.056 0.000 0.005
0.105 0.073 0.000 0.005
0.105 0.089 0.000 0.005
0.105 0.105 0.000 0.005
0.105 0.121 0.000 0.005
0.105 0.137 0.000 0.005
0.105 0.153 0.000 0.005
0.105 0.169 0.000 0.005
0.105 0.185 0.000 0.005
0.105 0.202 0.000 0.005
0.105 0.218 0.000 0.005
0.105 0.234 0.000 0.005
0.105 0.250 0.000 0.005
0.105 0.266 0.000 0.005
0.105 0.282 0.000 0.005
0.105 0.298 0.000 0.005
0.105 0.315 0.000 0.005
0.105 0.331 0.000 0.005
0.105 0.347 0.000 0.005
0.105 0.363 0.000 0.005
0.105 0.379 0.000 0.005
0.105 0.395 0.000 0.005
0.105 0.411 0.000 0.005
0.105 0.427 0.000 0.005
0.105 0.444 0.000 0.005
0.105 0.460 0.000 0.005
0.105 0.476 0.000 0.005
0.105 0.492 0.000 0.005
0.105 0.508 0.000 0.005
0.105 0.524 0.000 0.005
0.105 0.540 0.000 0.005
0.105 0.556 0.000 0.005
0.105 0.573 0.000 0.005
0.105 0.589 0.000 0.005
0.105 0.605 0.000 0.005
0.105 0.621 0.000 0.005
0.105 0.637 0.000 0.005
0.105 0.653 0.000 0.005
0.105 0.669 0.000 0.005
0.105 0.685 0.000 0.005
0.105 0.702 0.000 0.005
0.105 0.718 0.000 0.005
0.105 0.734 0.000 0.005
0.105 0.750 0.000 0.005
0.105 0.766 0.000 0.005
0.105 0.782 0.000 0.005
0.105 0.798 0.000 0.005
0.105 0.815 0.000 0.005
0.105 0.831 0.000 0.005
0.105 0.847 0.000 0.005
0.105 0.863 0.000 0.005
0.105 0.879 0.000 0.005
0.105 0.895 0.000 0.005
0.105 0.911 0.000 0.005
0.105 0.927 0.000 0.005
0.105 0.944 0.000 0.005
0.105 0.960 0.000 0.005
0.105 0.976 0.000 0.005
0.105 0.992 0.000 0.005
0.121 0.008 0.000 0.005
0.121 0.024 0.000 0.005
0.121 0.040 0.000 0.005
0.121 0.056 0.000 0.005
0.121 0.073 0.000 0.005
0.121 0.089 0.000 0.005
0.121 0.105 0.000 0.005
0.121 0.121 0.000 0.005
0.121 0.137 0.000 0.005
0.121 0.153 0.000 0.005
0.121 0.169 0.000 0.005
0.121 0.185 0.000 0.005
0.121 0.202 0.000 0.005
0.121 0.218 0.000 0.005
0.121 0.234 0.000 0.005
0.121 0.250 0.000 0.005
0.121 0.266 0.000 0.005
0.121 0.282 0.000 0.005
0.121 0.298 0.000 0.005
0.121 0.315 0.000 0.005
0.121 0.331 0.000 0.005
0.121 0.347 0.000 0.005
0.121 0.363 0.000 0.005
0.121 0.379 0.000 0.005
0.121 0.395 0.000 0.005
0.121 0.411 0.000 0.005
0.121 0.427 0.000 0.005
0.121 0.444 0.000 0.005
0.121 0.460 0.000 0.005
0.121 0.476 0.000 0.005
0.121 0.492 0.000 0.005
0.121 0.508 0.000 0.005
0.121 0.524 0.000 0.005
0.121 0.540 0.000 0.005
0.121 0.556 0.000 0.005
0.121 0.573 0.000 0.005
0.121 0.589 0.000 0.005
0.121 0.605 0.000 0.005
0.121 0.621 0.000 0.005
0.121 0.637 0.000 0.005
0.121 0.653 0.000 0.005
0.121 0.669 0.000 0.005
0.121 0.685 0.000 0.005
0.121 0.702 0.000 0.005
0.121 0.718 0.000 0.005
0.121 0.734 0.000 0.005
0.121 0.750 0.000 0.005
0.121 0.766 0.000 0.005
0.121 0.782 0.000 0.005
0.121 0.798 0.000 0.005
0.121 0.815 0.000 0.005
0.121 0.831 0.000 0.005
0.121 0.847 0.000 0.005
0.121 0.863 0.000 0.005
0.121 0.879 0.000 0.005
0.121 0.895 0.000 0.005
0.121 0.911 0.000 0.005
0.121 0.927 0.000 0.005
0.121 0.944 0.000 0.005
0.121 0.960 0.000 0.005
0.121 0.976 0.000 0.005
0.121 0.992 0.000 0.005
0.137 0.008 0.000 0.005
0.137 0.024 0.000 0.005
0.137 0.040 0.000 0.005
0.137 0.056 0.000 0.005
0.137 0.073 0.000 0.005
0.137 0.089 0.000 0.005
0.137 0.105 0.000 0.005
0.137 0.121 0.000 0.005
0.137 0.137 0.000 0.005
0.137 0.153 0.000 0.005
0.137 0.169 0.000 0.005
0.137 0.185 0.000 0.005
0.137 0.202 0.000 0.005
0.137 0.218 0.000 0.005
0.137 0.234 0.000 0.005
0.137 0.250 0.000 0.005
0.137 0.266 0.000 0.005
0.137 0.282 0.000 0.005
0.137 0.298 0.000 0.005
0.137 0.315 0.000 0.005
0.137 0.331 0.000 0.005
0.137 0.347 0.000 0.005
0.137 0.363 0.000 0.005
0.137 0.379 0.000 0.005
0.137 0.395 0.000 0.005
0.137 0.411 0.000 0.005
0.137 0.427 0.000 0.005
0.137 0.444 0.000 0.005
0.137 0.460 0.000 0.005
0.137 0.476 0.000 0.005
0.137 0.492 0.000 0.005
0.137 0.508 0.000 0.005
0.137 0.524 0.000 0.005
0.137 0.540 0.000 0.005
0.137 0.556 0.000 0.005
0.137 0.573 0.000 0.005
0.137 0.589 0.000 0.005
0.137 0.605 0.000 0.005
0.137 0.621 0.000 0.005
0.137 0.637 0.000 0.005
0.137 0.653 0.000 0.005
0.137 0.669 0.000 0.005
0.137 0.685 0.000 0.005
0.137 0.702 0.000 0.005
0.137 0.718 0.000 0.005
0.137 0.734 0.000 0.005
0.137 0.750 0.000 0.005
0.137 0.766 0.000 0.005
0.137 0.782 0.000 0.005
0.137 0.798 0.000 0.005
0.137 0.815 0.000 0.005
0.137 0.831 0.000 0.005
0.137 0.847 0.000 0.005
0.137 0.863 0.000 0.005
0.137 0.879 0.000 0.005
0.137 0.895 0.000 0.005
0.137 0.911 0.000 0.005
0.137 0.927 0.000 0.005
0.137 0.944 0.000 0.005
0.137 0.960 0.000 0.005
0.137 0.976 0.000 0.005
0.137 0.992 0.000 0.005
0.153 0.008 0.000 0.005
0.153 0.024 0.000 0.005
0.153 0.040 0.000 0.005
0.153 0.056 0.000 0.005
0.153 0.073 0.000 0.005
0.153 0.089 0.000 0.005
0.153 0.105 0.000 0.005
0.153 0.121 0.000 0.005
0.153 0.137 0.000 0.005
0.153 0.153 0.000 0.005
0.153 0.169 0.000 0.005
0.153 0.185 0.000 0.005
0.153 0.202 0.000 0.005
0.153 0.218 0.000 0.005
0.153 0.234 0.000 0.005
0.153 0.250 0.000 0.005
0.153 0.266 0.000 0.005
0.153 0.282 0.000 0.005
0.153 0.298 0.000 0.005
0.153 0.315 0.000 0.005
0.153 0.331 0.000 0.005
0.153 0.347 0.000 0.005
0.153 0.363 0.000 0.005
0.153 0.379 0.000 0.005
0.153 0.395 0.000 0.005
0.153 0.411 0.000 0.005
0.153 0.427 0.000 0.005
0.153 0.444 0.000 0.005
0.153 0.460 0.000 0.005
0.153 0.476 0.000 0.005
0.153 0.492 0.000 0.005
0.153 0.508 0.000 0.005
0.153 0.524 0.000 0.005
0.153 0.540 0.000 0.005
0.153 0.556 0.000 0.005
0.153 0.573 0.000 0.005
0.153 0.589 0.000 0.005
0.153 0.605 0.000 0.005
0.153 0.621 0.000 0.005
0.153 0.637 0.000 0.005
0.153 0.653 0.000 0.005
0.153 0.669 0.000 0.005
0.153 0.685 0.000 0.005
0.153 0.702 0.000 0.005
0.153 0.718 0.000 0.005
0.153 0.734 0.000 0.005
0.153 0.750 0.000 0.005
0.153 0.766 0.000 0.005
0.153 0.782 0.000 0.005
0.153 0.798 0.000 0.005
0.153 0.815 0.000 0.005
0.153 0.831 0.000 0.005
0.153 0.847 0.000 0.005
0.153 0.863 0.000 0.005
0.153 0.879 0.000 0.005
0.153 0.895 0.000 0.005
0.153 0.911 0.000 0.005
0.153 0.927 0.000 0.005
0.153 0.944 0.000 0.005
0.153 0.960 0.000 0.005
0.153 0.976 0.000 0.005
0.153 0.992 0.000 0.005
0.169 0.008 0.000 0.005
0.169 0.024 0.000 0.005
0.169 0.040 0.000 0.005
0.169 0.056 0.000 0.005
0.169 0.073 0.000 0.005
0.169 0.089 0.000 0.005
0.169 0.105 0.000 0.005
0.169 0.121 0.000 0.005
0.169 0.137 0.000 0.005
0.169 0.153 0.000 0.005
0.169 0.169 0.000 0.005
0.169 0.185 0.000 0.005
0.169 0.202 0.000 0.005
0.169 0.218 0.000 0.005
0.169 0.234 0.000 0.005
0.169 0.250 0.000 0.005
0.169 0.266 0.000 0.005
0.169 0.282 0.000 0.005
0.169 0.298 0.000 0.005
0.169 0.315 0.000 0.005
0.169 0.331 0.000 0.005
0.169 0.347 0.000 0.005
0.169 0.363 0.000 0.005
0.169 0.379 0.000 0.005
0.169 0.395 0.000 0.005
0.169 0.411 0.000 0.005
0.169 0.427 0.000 0.005
0.169 0.444 0.000 0.005
0.169 0.460 0.000 0.005
0.169 0.476 0.000 0.005
0.169 0.492 0.000 0.005
0.169 0.508 0.000 0.005
0.169 0.524 0.000 0.005
0.169 0.540 0.000 0.005
0.169 0.556 0.000 0.005
0.169 0.573 0.000 0.005
0.169 0.589 0.000 0.005
0.169 0.605 0.000 0.005
0.169 0.621 0.000 0.005
0.169 0.637 0.000 0.005
0.169 0.653 0.000 0.005
0.169 0.669 0.000 0.005
0.169 0.685 0.000 0.005
0.169 0.702 0.000 0.005
0.169 0.718 0.000 0.005
0.169 0.734 0.000 0.005
0.169 0.750 0.000 0.005
0.169 0.766 0.000 0.005
0.169 0.782 0.000 0.005
0.169 0.798 0.000 0.005
0.169 0.815 0.000 0.005
0.169 0.831 0.000 0.005
0.169 0.847 0.000 0.005
0.169 0.863 0.000 0.005
0.169 0.879 0.000 0.005
0.169 0.895 0.000 0.005
0.169 0.911 0.000 0.005
0.169 0.927 0.000 0.005
0.169 0.944 0.000 0.005
0.169 0.960 0.000 0.005
0.169 0.976 0.000 0.005
0.169 0.992 0.000 0.005
0.185 0.008 0.000 0.005
0.185 0.024 0.000 0.005
0.185 0.040 0.000 0.005
0.185 0.056 0.000 0.005
0.185 0.073 0.000 0.005
0.185 0.089 0.000 0.005
0.185 0.105 0.000 0.005
0.185 0.121 0.000 0.005
0.185 0.137 0.000 0.005
0.185 0.153 0.000 0.005
0.185 0.169 0.000 0.005
0.185 0.185 0.000 0.005
0.185 0.202 0.000 0.005
0.185 0.218 0.000 0.005
0.185 0.234 0.000 0.005
0.185 0.250 0.000 0.005
0.185 0.266 0.000 0.005
0.185 0.282 0.000 0.005
0.185 0.298 0.000 0.005
0.185 0.315 0.000 0.005
0.185 0.331 0.000 0.005
0.185 0.347 0.000 0.005
0.185 0.363 0.000 0.005
0.185 0.379 0.000 0.005
0.185 0.395 0.000 0.005
0.185 0.411 0.000 0.005
0.185 0.427 0.000 0.005
0.185 0.444 0.000 0.005
0.185 0.460 0.000 0.005
0.185 0.476 0.000 0.005
0.185 0.492 0.000 0.005
0.185 0.508 0.000 0.005
0.185 0.524 0.000 0.005
0.185 0.540 0.000 0.005
0.185 0.556 0.000 0.005
0.185 0.573 0.000 0.005
0.185 0.589 0.000 0.005
0.185 0.605 0.000 0.005
0.185 0.621 0.000 0.005
0.185 0.637 0.000 0.005
0.185 0.653 0.000 0.005
0.185 0.669 0.000 0.005
0.185 0.685 0.000 0.005
0.185 0.702 0.000 0.005
0.185 0.718 0.000 0.005
0.185 0.734 0.000 0.005
0.185 0.750 0.000 0.005
0.185 0.766 0.000 0.005
0.185 0.782 0.000 0.005
0.185 0.798 0.000 0.005
0.185 0.815 0.000 0.005
0.185 0.831 0.000 0.005
0.185 0.847 0.000 0.005
0.185 0.863 0.000 0.005
0.185 0.879 0.000 0.005
0.185 0.895 0.000 0.005
0.185 0.911 0.000 0.005
0.185 0.927 0.000 0.005
0.185 0.944 0.000 0.005
0.185 0.960 0.000 0.005
0.185 0.976 0.000 0.005
0.185 0.992 0.000 0.005
0.202 0.008 0.000 0.005
0.202 0.024 0.000 0.005
0.202 0.040 0.000 0.005
0.202 0.056 0.000 0.005
0.202 0.073 0.000 0.005
0.202 0.089 0.000 0.005
0.202 0.105 0.000 0.005
0.202 0.121 0.000 0.005
0.202 0.137 0.000 0.005
0.202 0.153 0.000 0.005
0.202 0.169 0.000 0.005
0.202 0.185 0.000 0.005
0.202 0.202 0.000 0.005
0.202 0.218 0.000 0.005
0.202 0.234 0.000 0.005
0.202 0.250 0.000 0.005
0.202 0.266 0.000 0.005
0.202 0.282 0.000 0.005
0.202 0.298 0.000 0.005
0.202 0.315 0.000 0.005
0.202 0.331 0.000 0.005
0.202 0.347 0.000 0.005
0.202 0.363 0.000 0.005
0.202 0.379 0.000 0.005
0.202 0.395 0.000 0.005
0.202 0.411 0.000 0.005
0.202 0.427 0.000 0.005
0.202 0.444 0.000 0.005
0.202 0.460 0.000 0.005
0.202 0.476 0.000 0.005
0.202 0.492 0.000 0.005
0.202 0.508 0.000 0.005
0.202 0.524 0.000 0.005
0.202 0.540 0.000 0.005
0.202 0.556 0.000 0.005
0.202 0.573 0.000 0.005
0.202 0.589 0.000 0.005
0.202 0.605 0.000 0.005
0.202 0.621 0.000 0.005
0.202 0.637 0.000 0.005
0.202 0.653 0.000 0.005
0.202 0.669 0.000 0.005
0.202 0.685 0.000 0.005
0.202 0.702 0.000 0.005
0.202 0.718 0.000 0.005
0.202 0.734 0.000 0.005
0.202 0.750 0.000 0.005
0.202 0.766 0.000 0.005
0.202 0.782 0.000 0.005
0.202 0.798 0.000 0.005
0.202 0.815 0.000 0.005
0.202 0.831 0.000 0.005
0.202 0.847 0.000 0.005
0.202 0.863 0.000 0.005
0.202 0.879 0.000 0.005
0.202 0.895 0.000 0.005
0.202 0.911 0.000 0.005
0.202 0.927 0.000 0.005
0.202 0.944 0.000 0.005
0.202 0.960 0.000 0.005
0.202 0.976 0.000 0.005
0.202 0.992 0.000 0.005
0.218 0.008 0.000 0.005
0.218 0.024 0.000 0.005
0.218 0.040 0.000 0.005
0.218 0.056 0.000 0.005
0.218 0.073 0.000 0.005
0.218 0.089 0.000 0.005
0.218 0.105 0.000 0.005
0.218 0.121 0.000 0.005
0.218 0.137 0.000 0.005
0.218 0.153 0.000 0.005
0.218 0.169 0.000 0.005
0.218 0.185 0.000 0.005
0.218 0.202 0.000 0.005
0.218 0.218 0.000 0.005
0.218 0.234 0.000 0.005
0.218 0.250 0.000 0.005
0.218 0.266 0.000 0.005
0.218 0.282 0.000 0.005
0.218 0.298 0.000 0.005
0.218 0.315 0.000 0.005
0.218 0.331 0.000 0.005
0.218 0.347 0.000 0.005
0.218 0.363 0.000 0.005
0.218 0.379 0.000 0.005
0.218 0.395 0.000 0.005
0.218 0.411 0.000 0.005
0.218 0.427 0.000 0.005
0.218 0.444 0.000 0.005
0.218 0.460 0.000 0.005
0.218 0.476 0.000 0.005
0.218 0.492 0.000 0.005
0.218 0.508 0.000 0.005
0.218 0.524 0.000 0.005
0.218 0.540 0.000 0.005
0.218 0.556 0.000 0.005
0.218 0.573 0.000 0.005
0.218 0.589 0.000 0.005
0.218 0.605 0.000 0.005
0.218 0.621 0.000 0.005
0.218 0.637 0.000 0.005
0.218 0.653 0.000 0.005
0.218 0.669 0.000 0.005
0.218 0.685 0.000 0.005
0.218 0.702 0.000 0.005
0.218 0.718 0.000 0.005
0.218 0.734 0.000 0.005
0.218 0.750 0.000 0.005
0.218 0.766 0.000 0.005
0.218 0.782 0.000 0.005
0.218 0.798 0.000 0.005
0.218 0.815 0.000 0.005
0.218 0.831 0.000 0.005
0.218 0.847 0.000 0.005
0.218 0.863 0.000 0.005
0.218 0.879 0.000 0.005
0.218 0.895 0.000 0.005
0.218 0.911 0.000 0.005
0.218 0.927 0.000 0.005
0.218 0.944 0.000 0.005
0.218 0.960 0.000 0.005
0.218 0.976 0.000 0.005
0.218 0.992 0.000 0.005
0.234 0.008 0.000 0.005
0.234 0.024 0.000 0.005
0.234 0.040 0.000 0.005
0.234 0.056 0.000 0.005
0.234 0.073 0.000 0.005
0.234 0.089 0.000 0.005
0.234 0.105 0.000 0.005
0.234 0.121 0.000 0.005
0.234 0.137 0.000 0.005
0.234 0.153 0.000 0.005
0.234 0.169 0.000 0.005
0.234 0.185 0.000 0.005
0.234 0.202 0.000 0.005
0.234 0.218 0.000 0.005
0.234 0.234 0.000 0.005
0.234 0.250 0.000 0.005
0.234 0.266 0.000 0.005
0.234 0.282 0.000 0.005
0.234 0.298 0.000 0.005
0.234 0.315 0.000 0.005
0.234 0.331 0.000 0.005
0.234 0.347 0.000 0.005
0.234 0.363 0.000 0.005
0.234 0.379 0.000 0.005
0.234 0.395 0.000 0.005
0.234 0.411 0.000 0.005
0.234 0.427 0.000 0.005
0.234 0.444 0.000 0.005
0.234 0.460 0.000 0.005
0.234 0.476 0.000 0.005
0.234 0.492 0.000 0.005
0.234 0.508 0.000 0.005
0.234 0.524 0.000 0.005
0.234 0.540 0.000 0.005
0.234 0.556 0.000 0.005
0.234 0.573 0.000 0.005
0.234 0.589 0.000 0.005
0.234 0.605 0.000 0.005
0.234 0.621 0.000 0.005
0.234 0.637 0.000 0.005
0.234 0.653 0.000 0.005
0.234 0.669 0.000 0.005
0.234 0.685 0.000 0.005
0.234 0.702 0.000 0.005
0.234 0.718 0.000 0.005
0.234 0.734 0.000 0.005
0.234 0.750 0.000 0.005
0.234 0.766 0.000 0.005
0.234 0.782 0.000 0.005
0.234 0.798 0.000 0.005
0.234 0.815 0.000 0.005
0.234 0.831 0.000 0.005
0.234 0.847 0.000 0.005
0.234 0.863 0.000 0.005
0.234 0.879 0.000 0.005
0.234 0.895 0.000 0.005
0.234 0.911 0.000 0.005
0.234 0.927 0.000 0.005
0.234 0.944 0.000 0.005
0.234 0.960 0.000 0.005
0.234 0.976 0.000 0.005
0.234 0.992 0.000 0.005
0.250 0.008 0.000 0.005
0.250 0.024 0.000 0.005
0.250 0.040 0.000 0.005
0.250 0.056 0.000 0.005
0.250 0.073 0.000 0.005
0.250 0.089 0.000 0.005
0.250 0.105 0.000 0.005
0.250 0.121 0.000 0.005
0.250 0.137 0.000 0.005
0.250 0.153 0.000 0.005
0.250 0.169 0.000 0.005
0.250 0.185 0.000 0.005
0.250 0.202 0.000 0.005
0.250 0.218 0.000 0.005
0.250 0.234 0.000 0.005
0.250 0.250 0.000 0.005
0.250 0.266 0.000 0.005
0.250 0.282 0.000 0.005
0.250 0.298 0.000 0.005
0.250 0.315 0.000 0.005
0.250 0.331 0.000 0.005
0.250 0.347 0.000 0.005
0.250 0.363 0.000 0.005
0.250 0.379 0.000 0.005
0.250 0.395 0.000 0.005
0.250 0.411 0.000 0.005
0.250 0.427 0.000 0.005
0.250 0.444 0.000 0.005
0.250 0.460 0.000 0.005
0.250 0.476 0.000 0.005
0.250 0.492 0.000 0.005
0.250 0.508 0.000 0.005
0.250 0.524 0.000 0.005
0.250 0.540 0.000 0.005
0.250 0.556 0.000 0.005
0.250 0.573 0.000 0.005
0.250 0.589 0.000 0.005
0.250 0.605 0.000 0.005
0.250 0.621 0.000 0.005
0.250 0.637 0.000 0.005
0.250 0.653 0.000 0.005
0.250 0.669 0.000 0.005
0.250 0.685 0.000 0.005
0.250 0.702 0.000 0.005
0.250 0.718 0.000 0.005
0.250 0.734 0.000 0.005
0.250 0.750 0.000 0.005
0.250 0.766 0.000 0.005
0.250 0.782 0.000 0.005
0.250 0.798 0.000 0.005
0.250 0.815 0.000 0.005
0.250 0.831 0.000 0.005
0.250 0.847 0.000 0.005
0.250 0.863 0.000 0.005
0.250 0.879 0.000 0.005
0.250 0.895 0.000 0.005
0.250 0.911 0.000 0.005
0.250 0.927 0.000 0.005
0.250 0.944 0.000 0.005
0.250 0.960 0.000 0.005
0.250 0.976 0.000 0.005
0.250 0.992 0.000 0.005
0.266 0.008 0.000 0.005
0.266 0.024 0.000 0.005
0.266 0.040 0.000 0.005
0.266 0.056 0.000 0.005
0.266 0.073 0.000 0.005
0.266 0.089 0.000 0.005
0.266 0.105 0.000 0.005
0.266 0.121 0.000 0.005
0.266 0.137 0.000 0.005
0.266 0.153 0.000 0.005
0.266 0.169 0.000 0.005
0.266 0.185 0.000 0.005
0.266 0.202 0.000 0.005
0.266 0.218 0.000 0.005
0.266 0.234 0.000 0.005
0.266 0.250 0.000 0.005
0.266 0.266 0.000 0.005
0.266 0.282 0.000 0.005
0.266 0.298 0.000 0.005
0.266 0.315 0.000 0.005
0.266 0.331 0.000 0.005
0.266 0.347 0.000 0.005
0.266 0.363 0.000 0.005
0.266 0.379 0.000 0.005
0.266 0.395 0.000 0.005
0.266 0.411 0.000 0.005
0.266 0.427 0.000 0.005
0.266 0.444 0.000 0.005
0.266 0.460 0.000 0.005
0.266 0.476 0.000 0.005
0.266 0.492 0.000 0.005
0.266 0.508 0.000 0.005
0.266 0.524 0.000 0.005
0.266 0.540 0.000 0.005
0.266 0.556 0.000 0.005
0.266 0.573 0.000 0.005
0.266 0.589 0.000 0.005
0.266 0.605 0.000 0.005
0.266 0.621 0.000 0.005
0.266 0.637 0.000 0.005
0.266 0.653 0.000 0.005
0.266 0.669 0.000 0.005
0.266 0.685 0.000 0.005
0.266 0.702 0.000 0.005
0.266 0.718 0.000 0.005
0.266 0.734 0.000 0.005
0.266 0.750 0.000 0.005
0.266 0.766 0.000 0.005
0.266 0.782 0.000 0.005
0.266 0.798 0.000 0.005
0.266 0.815 0.000 0.005
0.266 0.831 0.000 0.005
0.266 0.847 0.000 0.005
0.266 0.863 0.000 0.005
0.266 0.879 0.000 0.005
0.266 0.895 0.000 0.005
0.266 0.911 0.000 0.005
0.266 0.927 0.000 0.005
0.266 0.944 0.000 0.005
0.266 0.960 0.000 0.005
0.266 0.976 0.000 0.005
0.266 0.992 0.000 0.005
0.282 0.008 0.000 0.005
0.282 0.024 0.000 0.005
0.282 0.040 0.000 0.005
0.282 0.056 0.000 0.005
0.282 0.073 0.000 0.005
0.282 0.089 0.000 0.005
0.282 0.105 0.000 0.005
0.282 0.121 0.000 0.005
0.282 0.137 0.000 0.005
0.282 0.153 0.000 0.005
0.282 0.169 0.000 0.005
0.282 0.185 0.000 0.005
0.282 0.202 0.000 0.005
0.282 0.218 0.000 0.005
0.282 0.234 0.000 0.005
0.282 0.250 0.000 0.005
0.282 0.266 0.000 0.005
0.282 0.282 0.000 0.005
0.282 0.298 0.000 0.005
0.282 0.315 0.000 0.005
0.282 0.331 0.000 0.005
0.282 0.347 0.000 0.005
0.282 0.363 0.000 0.005
0.282 0.379 0.000 0.005
0.282 0.395 0.000 0.005
0.282 0.411 0.000 0.005
0.282 0.427 0.000 0.005
0.282 0.444 0.000 0.005
0.282 0.460 0.000 0.005
0.282 0.476 0.000 0.005
0.282 0.492 0.000 0.005
0.282 0.508 0.000 0.005
0.282 0.524 0.000 0.005
0.282 0.540 0.000 0.005
0.282 0.556 0.000 0.005
0.282 0.573 0.000 0.005
0.282 0.589 0.000 0.005
0.282 0.605 0.000 0.005
0.282 0.621 0.000 0.005
0.282 0.637 0.000 0.005
0.282 0.653 0.000 0.005
0.282 0.669 0.000 0.005
0.282 0.685 0.000 0.005
0.282 0.702 0.000 0.005
0.282 0.718 0.000 0.005
0.282 0.734 0.000 0.005
0.282 0.750 0.000 0.005
0.282 0.766 0.000 0.005
0.282 0.782 0.000 0.005
0.282 0.798 0.000 0.005
0.282 0.815 0.000 0.005
0.282 0.831 0.000 0.005
0.282 0.847 0.000 0.005
0.282 0.863 0.000 0.005
0.282 0.879 0.000 0.005
0.282 0.895 0.000 0.005
0.282 0.911 0.000 0.005
0.282 0.927 0.000 0.005
0.282 0.944 0.000 0.005
0.282 0.960 0.000 0.005
0.282 0.976 0.000 0.005
0.282 0.992 0.000 0.005
0.298 0.008 0.000 0.005
0.298 0.024 0.000 0.005
0.298 0.040 0.000 0.005
0.298 0.056 0.000 0.005
0.298 0.073 0.000 0.005
0.298 0.089 0.000 0.005
0.298 0.105 0.000 0.005
0.298 0.121 0.000 0.005
0.298 0.137 0.000 0.005
0.298 0.153 0.000 0.005
0.298 0.169 0.000 0.005
0.298 0.185 0.000 0.005
0.298 0.202 0.000 0.005
0.298 0.218 0.000 0.005
0.298 0.234 0.000 0.005
0.298 0.250 0.000 0.005
0.298 0.266 0.000 0.005
0.298 0.282 0.000 0.005
0.298 0.298 0.000 0.005
0.298 0.315 0.000 0.005
0.298 0.331 0.000 0.005
0.298 0.347 0.000 0.005
0.298 0.363 0.000 0.005
0.298 0.379 0.000 0.005
0.298 0.395 0.000 0.005
0.298 0.411 0.000 0.005
0.298 0.427 0.000 0.005
0.298 0.444 0.000 0.005
0.298 0.460 0.000 0.005
0.298 0.476 0.000 0.005
0.298 0.492 0.000 0.005
0.298 0.508 0.000 0.005
0.298 0.524 0.000 0.005
0.298 0.540 0.000 0.005
0.298 0.556 0.000 0.005
0.298 0.573 0.000 0.005
0.298 0.589 0.000 0.005
0.298 0.605 0.000 0.005
0.298 0.621 0.000 0.005
0.298 0.637 0.000 0.005
0.298 0.653 0.000 0.005
0.298 0.669 0.000 0.005
0.298 0.685 0.000 0.005
0.298 0.702 0.000 0.005
0.298 0.718 0.000 0.005
0.298 0.734 0.000 0.005
0.298 0.750 0.000 0.005
0.298 0.766 0.000 0.005
0.298 0.782 0.000 0.005
0.298 0.798 0.000 0.005
0.298 0.815 0.000 0.005
0.298 0.831 0.000 0.005
0.298 0.847 0.000 0.005
0.298 0.863 0.000 0.005
0.298 0.879 0.000 0.005
0.298 0.895 0.000 0.005
0.298 0.911 0.000 0.005
0.298 0.927 0.000 0.005
0.298 0.944 0.000 0.005
0.298 0.960 0.000 0.005
0.298 0.976 0.000 0.005
0.298 0.992 0.000 0.005
0.315 0.008 0.000 0.005
0.315 0.024 0.000 0.005
0.315 0.040 0.000 0.005
0.315 0.056 0.000 0.005
0.315 0.073 0.000 0.005
0.315 0.089 0.000 0.005
0.315 0.105 0.000 0.005
0.315 0.121 0.000 0.005
0.315 0.137 0.000 0.005
0.315 0.153 0.000 0.005
0.315 0.169 0.000 0.005
0.315 0.185 0.000 0.005
0.315 0.202 0.000 0.005
0.315 0.218 0.000 0.005
0.315 0.234 0.000 0.005
0.315 0.250 0.000 0.005
0.315 0.266 0.000 0.005
0.315 0.282 0.000 0.005
0.315 0.298 0.000 0.005
0.315 0.315 0.000 0.005
0.315 0.331 0.000 0.005
0.315 0.347 0.000 0.005
0.315 0.363 0.000 0.005
0.315 0.379 0.000 0.005
0.315 0.395 0.000 0.005
0.315 0.411 0.000 0.005
0.315 0.427 0.000 0.005
0.315 0.444 0.000 0.005
0.315 0.460 0.000 0.005
0.315 0.476 0.000 0.005
0.315 0.492 0.000 0.005
0.315 0.508 0.000 0.005
0.315 0.524 0.000 0.005
0.315 0.540 0.000 0.005
0.315 0.556 0.000 0.005
0.315 0.573 0.000 0.005
0.315 0.589 0.000 0.005
0.315 0.605 0.000 0.005
0.315 0.621 0.000 0.005
0.315 0.637 0.000 0.005
0.315 0.653 0.000 0.005
0.315 0.669 0.000 0.005
0.315 0.685 0.000 0.005
0.315 0.702 0.000 0.005
0.315 0.718 0.000 0.005
0.315 0.734 0.000 0.005
0.315 0.750 0.000 0.005
0.315 0.766 0.000 0.005
0.315 0.782 0.000 0.005
0.315 0.798 0.000 0.005
0.315 0.815 0.000 0.005
0.315 0.831 0.000 0.005
0.315 0.847 0.000 0.005
0.315 0.863 0.000 0.005
0.315 0.879 0.000 0.005
0.315 0.895 0.000 0.005
0.315 0.911 0.000 0.005
0.315 0.927 0.000 0.005
0.315 0.944 0.000 0.005
0.315 0.960 0.000 0.005
0.315 0.976 0.000 0.005
0.315 0.992 0.000 0.005
0.331 0.008 0.000 0.005
0.331 0.024 0.000 0.005
0.331 0.040 0.000 0.005
0.331 0.056 0.000 0.005
0.331 0.073 0.000 0.005
0.331 0.089 0.000 0.005
0.331 0.105 0.000 0.005
0.331 0.121 0.000 0.005
0.331 0.137 0.000 0.005
0.331 0.153 0.000 0.005
0.331 0.169 0.000 0.005
0.331 0.185 0.000 0.005
0.331 0.202 0.000 0.005
0.331 0.218 0.000 0.005
0.331 0.234 0.000 0.005
0.331 0.250 0.000 0.005
0.331 0.266 0.000 0.005
0.331 0.282 0.000 0.005
0.331 0.298 0.000 0.005
0.331 0.315 0.000 0.005
0.331 0.331 0.000 0.005
0.331 0.347 0.000 0.005
0.331 0.363 0.000 0.005
0.331 0.379 0.000 0.005
0.331 0.395 0.000 0.005
0.331 0.411 0.000 0.005
0.331 0.427 0.000 0.005
0.331 0.444 0.000 0.005
0.331 0.460 0.000 0.005
0.331 0.476 0.000 0.005
0.331 0.492 0.000 0.005
0.331 0.508 0.000 0.005
0.331 0.524 0.000 0.005
0.331 0.540 0.000 0.005
0.331 0.556 0.000 0.005
0.331 0.573 0.000 0.005
0.331 0.589 0.000 0.005
0.331 0.605 0.000 0.005
0.331 0.621 0.000 0.005
0.331 0.637 0.000 0.005
0.331 0.653 0.000 0.005
0.331 0.669 0.000 0.005
0.331 0.685 0.000 0.005
0.331 0.702 0.000 0.005
0.331 0.718 0.000 0.005
0.331 0.734 0.000 0.005
0.331 0.750 0.000 0.005
0.331 0.766 0.000 0.005
0.331 0.782 0.000 0.005
0.331 0.798 0.000 0.005
0.331 0.815 0.000 0.005
0.331 0.831 0.000 0.005
0.331 0.847 0.000 0.005
0.331 0.863 0.000 0.005
0.331 0.879 0.000 0.005
0.331 0.895 0.000 0.005
0.331 0.911 0.000 0.005
0.331 0.927 0.000 0.005
0.331 0.944 0.000 0.005
0.331 0.960 0.000 0.005
0.331 0.976 0.000 0.005
0.331 0.992 0.000 0.005
0.347 0.008 0.000 0.005
0.347 0.024 0.000 0.005
0.347 0.040 0.000 0.005
0.347 0.056 0.000 0.005
0.347 0.073 0.000 0.005
0.347 0.089 0.000 0.005
0.347 0.105 0.000 0.005
0.347 0.121 0.000 0.005
0.347 0.137 0.000 0.005
0.347 0.153 0.000 0.005
0.347 0.169 0.000 0.005
0.347 0.185 0.000 0.005
0.347 0.202 0.000 0.005
0.347 0.218 0.000 0.005
0.347 0.234 0.000 0.005
0.347 0.250 0.000 0.005
0.347 0.266 0.000 0.005
0.347 0.282 0.000 0.005
0.347 0.298 0.000 0.005
0.347 0.315 0.000 0.005
0.347 0.331 0.000 0.005
0.347 0.347 0.000 0.005
0.347 0.363 0.000 0.005
0.347 0.379 0.000 0.005
0.347 0.395 0.000 0.005
0.347 0.411 0.000 0.005
0.347 0.427 0.000 0.005
0.347 0.444 0.000 0.005
0.347 0.460 0.000 0.005
0.347 0.476 0.000 0.005
0.347 0.492 0.000 0.005
0.347 0.508 0.000 0.005
0.347 0.524 0.000 0.005
0.347 0.540 0.000 0.005
0.347 0.556 0.000 0.005
0.347 0.573 0.000 0.005
0.347 0.589 0.000 0.005
0.347 0.605 0.000 0.005
0.347 0.621 0.000 0.005
0.347 0.637 0.000 0.005
0.347 0.653 0.000 0.005
0.347 0.669 0.000 0.005
0.347 0.685 0.000 0.005
0.347 0.702 0.000 0.005
0.347 0.718 0.000 0.005
0.347 0.734 0.000 0.005
0.347 0.750 0.000 0.005
0.347 0.766 0.000 0.005
0.347 0.782 0.000 0.005
0.347 0.798 0.000 0.005
0.347 0.815 0.000 0.005
0.347 0.831 0.000 0.005
0.347 0.847 0.000 0.005
0.347 0.863 0.000 0.005
0.347 0.879 0.000 0.005
0.347 0.895 0.000 0.005
0.347 0.911 0.000 0.005
0.347 0.927 0.000 0.005
0.347 0.944 0.000 0.005
0.347 0.960 0.000 0.005
0.347 0.976 0.000 0.005
0.347 0.992 0.000 0.005
0.363 0.008 0.000 0.005
0.363 0.024 0.000 0.005
0.363 0.040 0.000 0.005
0.363 0.056 0.000 0.005
0.363 0.073 0.000 0.005
0.363 0.089 0.000 0.005
0.363 0.105 0.000 0.005
0.363 0.121 0.000 0.005
0.363 0.137 0.000 0.005
0.363 0.153 0.000 0.005
0.363 0.169 0.000 0.005
0.363 0.185 0.000 0.005
0.363 0.202 0.000 0.005
0.363 0.218 0.000 0.005
0.363 0.234 0.000 0.005
0.363 0.250 0.000 0.005
0.363 0.266 0.000 0.005
0.363 0.282 0.000 0.005
0.363 0.298 0.000 0.005
0.363 0.315 0.000 0.005
0.363 0.331 0.000 0.005
0.363 0.347 0.000 0.005
0.363 0.363 0.000 0.005
0.363 0.379 0.000 0.005
0.363 0.395 0.000 0.005
0.363 0.411 0.000 0.005
0.363 0.427 0.000 0.005
0.363 0.444 0.000 0.005
0.363 0.460 0.000 0.005
0.363 0.476 0.000 0.005
0.363 0.492 0.000 0.005
0.363 0.508 0.000 0.005
0.363 0.524 0.000 0.005
0.363 0.540 0.000 0.005
0.363 0.556 0.000 0.005
0.363 0.573 0.000 0.005
0.363 0.589 0.000 0.005
0.363 0.605 0.000 0.005
0.363 0.621 0.000 0.005
0.363 0.637 0.000 0.005
0.363 0.653 0.000 0.005
0.363 0.669 0.000 0.005
0.363 0.685 0.000 0.005
0.363 0.702 0.000 0.005
0.363 0.718 0.000 0.005
0.363 0.734 0.000 0.005
0.363 0.750 0.000 0.005
0.363 0.766 0.000 0.005
0.363 0.782 0.000 0.005
0.363 0.798 0.000 0.005
0.363 0.815 0.000 0.005
0.363 0.831 0.000 0.005
0.363 0.847 0.000 0.005
0.363 0.863 0.000 0.005
0.363 0.879 0.000 0.005
0.363 0.895 0.000 0.005
0.363 0.911 0.000 0.005
0.363 0.927 0.000 0.005
0.363 0.944 0.000 0.005
0.363 0.960 0.000 0.005
0.363 0.976 0.000 0.005
0.363 0.992 0.000 0.005
0.379 0.008 0.000 0.005
0.379 0.024 0.000 0.005
0.379 0.040 0.000 0.005
0.379 0.056 0.000 0.005
0.379 0.073 0.000 0.005
0.379 0.089 0.000 0.005
0.379 0.105 0.000 0.005
0.379 0.121 0.000 0.005
0.379 0.137 0.000 0.005
0.379 0.153 0.000 0.005
0.379 0.169 0.000 0.005
0.379 0.185 0.000 0.005
0.379 0.202 0.000 0.005
0.379 0.218 0.000 0.005
0.379 0.234 0.000 0.005
0.379 0.250 0.000 0.005
0.379 0.266 0.000 0.005
0.379 0.282 0.000 0.005
0.379 0.298 0.000 0.005
0.379 0.315 0.000 0.005
0.379 0.331 0.000 0.005
0.379 0.347 0.000 0.005
0.379 0.363 0.000 0.005
0.379 0.379 0.000 0.005
0.379 0.395 0.000 0.005
0.379 0.411 0.000 0.005
0.379 0.427 0.000 0.005
0.379 0.444 0.000 0.005
0.379 0.460 0.000 0.005
0.379 0.476 0.000 0.005
0.379 0.492 0.000 0.005
0.379 0.508 0.000 0.005
0.379 0.524 0.000 0.005
0.379 0.540 0.000 0.005
0.379 0.556 0.000 0.005
0.379 0.573 0.000 0.005
0.379 0.589 0.000 0.005
0.379 0.605 0.000 0.005
0.379 0.621 0.000 0.005
0.379 0.637 0.000 0.005
0.379 0.653 0.000 0.005
0.379 0.669 0.000 0.005
0.379 0.685 0.000 0.005
0.379 0.702 0.000 0.005
0.379 0.718 0.000 0.005
0.379 0.734 0.000 0.005
0.379 0.750 0.000 0.005
0.379 0.766 0.000 0.005
0.379 0.782 0.000 0.005
0.379 0.798 0.000 0.005
0.379 0.815 0.000 0.005
0.379 0.831 0.000 0.005
0.379 0.847 0.000 0.005
0.379 0.863 0.000 0.005
0.379 0.879 0.000 0.005
0.379 0.895 0.000 0.005
0.379 0.911 0.000 0.005
0.379 0.927 0.000 0.005
0.379 0.944 0.000 0.005
0.379 0.960 0.000 0.005
0.379 0.976 0.000 0.005
0.379 0.992 0.000 0.005
0.395 0.008 0.000 0.005
0.395 0.024 0.000 0.005
0.395 0.040 0.000 0.005
0.395 0.056 0.000 0.005
0.395 0.073 0.000 0.005
0.395 0.089 0.000 0.005
0.395 0.105 0.000 0.005
0.395 0.121 0.000 0.005
0.395 0.137 0.000 0.005
0.395 0.153 0.000 0.005
0.395 0.169 0.000 0.005
0.395 0.185 0.000 0.005
0.395 0.202 0.000 0.005
0.395 0.218 0.000 0.005
0.395 0.234 0.000 0.005
0.395 0.250 0.000 0.005
0.395 0.266 0.000 0.005
0.395 0.282 0.000 0.005
0.395 0.298 0.000 0.005
0.395 0.315 0.000 0.005
0.395 0.331 0.000 0.005
0.395 0.347 0.000 0.005
0.395 0.363 0.000 0.005
0.395 0.379 0.000 0.005
0.395 0.395 0.000 0.005
0.395 0.411 0.000 0.005
0.395 0.427 0.000 0.005
0.395 0.444 0.000 0.005
0.395 0.460 0.000 0.005
0.395 0.476 0.000 0.005
0.395 0.492 0.000 0.005
0.395 0.508 0.000 0.005
0.395 0.524 0.000 0.005
0.395 0.540 0.000 0.005
0.395 0.556 0.000 0.005
0.395 0.573 0.000 0.005
0.395 0.589 0.000 0.005
0.395 0.605 0.000 0.005
0.395 0.621 0.000 0.005
0.395 0.637 0.000 0.005
0.395 0.653 0.000 0.005
0.395 0.669 0.000 0.005
0.395 0.685 0.000 0.005
0.395 0.702 0.000 0.005
0.395 0.718 0.000 0.005
0.395 0.734 0.000 0.005
0.395 0.750 0.000 0.005
0.395 0.766 0.000 0.005
0.395 0.782 0.000 0.005
0.395 0.798 0.000 0.005
0.395 0.815 0.000 0.005
0.395 0.831 0.000 0.005
0.395 0.847 0.000 0.005
0.395 0.863 0.000 0.005
0.395 0.879 0.000 0.005
0.395 0.895 0.000 0.005
0.395 0.911 0.000 0.005
0.395 0.927 0.000 0.005
0.395 0.944 0.000 0.005
0.395 0.960 0.000 0.005
0.395 0.976 0.000 0.005
0.395 0.992 0.000 0.005
0.411 0.008 0.000 0.005
0.411 0.024 0.000 0.005
0.411 0.040 0.000 0.005
0.411 0.056 0.000 0.005
0.411 0.073 0.000 0.005
0.411 0.089 0.000 0.005
0.411 0.105 0.000 0.005
0.411 0.121 0.000 0.005
0.411 0.137 0.000 0.005
0.411 0.153 0.000 0.005
0.411 0.169 0.000 0.005
0.411 0.185 0.000 0.005
0.411 0.202 0.000 0.005
0.411 0.218 0.000 0.005
0.411 0.234 0.000 0.005
0.411 0.250 0.000 0.005
0.411 0.266 0.000 0.005
0.411 0.282 0.000 0.005
0.411 0.298 0.000 0.005
0.411 0.315 0.000 0.005
0.411 0.331 0.000 0.005
0.411 0.347 0.000 0.005
0.411 0.363 0.000 0.005
0.411 0.379 0.000 0.005
0.411 0.395 0.000 0.005
0.411 0.411 0.000 0.005
0.411 0.427 0.000 0.005
0.411 0.444 0.000 0.005
0.411 0.460 0.000 0.005
0.411 0.476 0.000 0.005
0.411 0.492 0.000 0.005
0.411 0.508 0.000 0.005
0.411 0.524 0.000 0.005
0.411 0.540 0.000 0.005
0.411 0.556 0.000 0.005
0.411 0.573 0.000 0.005
0.411 0.589 0.000 0.005
0.411 0.605 0.000 0.005
0.411 0.621 0.000 0.005
0.411 0.637 0.000 0.005
0.411 0.653 0.000 0.005
0.411 0.669 0.000 0.005
0.411 0.685 0.000 0.005
0.411 0.702 0.000 0.005
0.411 0.718 0.000 0.005
0.411 0.734 0.000 0.005
0.411 0.750 0.000 0.005
0.411 0.766 0.000 0.005
0.411 0.782 0.000 0.005
0.411 0.798 0.000 0.005
0.411 0.815 0.000 0.005
0.411 0.831 0.000 0.005
0.411 0.847 0.000 0.005
0.411 0.863 0.000 0.005
0.411 0.879 0.000 0.005
0.411 0.895 0.000 0.005
0.411 0.911 0.000 0.005
0.411 0.927 0.000 0.005
0.411 0.944 0.000 0.005
0.411 0.960 0.000 0.005
0.411 0.976 0.000 0.005
0.411 0.992 0.000 0.005
0.427 0.008 0.000 0.005
0.427 0.024 0.000 0.005
0.427 0.040 0.000 0.005
0.427 0.056 0.000 0.005
0.427 0.073 0.000 0.005
0.427 0.089 0.000 0.005
0.427 0.105 0.000 0.005
0.427 0.121 0.000 0.005
0.427 0.137 0.000 0.005
0.427 0.153 0.000 0.005
0.427 0.169 0.000 0.005
0.427 0.185 0.000 0.005
0.427 0.202 0.000 0.005
0.427 0.218 0.000 0.005
0.427 0.234 0.000 0.005
0.427 0.250 0.000 0.005
0.427 0.266 0.000 0.005
0.427 0.282 0.000 0.005
0.427 0.298 0.000 0.005
0.427 0.315 0.000 0.005
0.427 0.331 0.000 0.005
0.427 0.347 0.000 0.005
0.427 0.363 0.000 0.005
0.427 0.379 0.000 0.005
0.427 0.395 0.000 0.005
0.427 0.411 0.000 0.005
0.427 0.427 0.000 0.005
0.427 0.444 0.000 0.005
0.427 0.460 0.000 0.005
0.427 0.476 0.000 0.005
0.427 0.492 0.000 0.005
0.427 0.508 0.000 0.005
0.427 0.524 0.000 0.005
0.427 0.540 0.000 0.005
0.427 0.556 0.000 0.005
0.427 0.573 0.000 0.005
0.427 0.589 0.000 0.005
0.427 0.605 0.000 0.005
0.427 0.621 0.000 0.005
0.427 0.637 0.000 0.005
0.427 0.653 0.000 0.005
0.427 0.669 0.000 0.005
0.427 0.685 0.000 0.005
0.427 0.702 0.000 0.005
0.427 0.718 0.000 0.005
0.427 0.734 0.000 0.005
0.427 0.750 0.000 0.005
0.427 0.766 0.000 0.005
0.427 0.782 0.000 0.005
0.427 0.798 0.000 0.005
0.427 0.815 0.000 0.005
0.427 0.831 0.000 0.005
0.427 0.847 0.000 0.005
0.427 0.863 0.000 0.005
0.427 0.879 0.000 0.005
0.427 0.895 0.000 0.005
0.427 0.911 0.000 0.005
0.427 0.927 0.000 0.005
0.427 0.944 0.000 0.005
0.427 0.960 0.000 0.005
0.427 0.976 0.000 0.005
0.427 0.992 0.000 0.005
0.444 0.008 0.000 0.005
0.444 0.024 0.000 0.005
0.444 0.040 0.000 0.005
0.444 0.056 0.000 0.005
0.444 0.073 0.000 0.005
0.444 0.089 0.000 0.005
0.444 0.105 0.000 0.005
0.444 0.121 0.000 0.005
0.444 0.137 0.000 0.005
0.444 0.153 0.000 0.005
0.444 0.169 0.000 0.005
0.444 0.185 0.000 0.005
0.444 0.202 0.000 0.005
0.444 0.218 0.000 0.005
0.444 0.234 0.000 0.005
0.444 0.250 0.000 0.005
0.444 0.266 0.000 0.005
0.444 0.282 0.000 0.005
0.444 0.298 0.000 0.005
0.444 0.315 0.000 0.005
0.444 0.331 0.000 0.005
0.444 0.347 0.000 0.005
0.444 0.363 0.000 0.005
0.444 0.379 0.000 0.005
0.444 0.395 0.000 0.005
0.444 0.411 0.000 0.005
0.444 0.427 0.000 0.005
0.444 0.444 0.000 0.005
0.444 0.460 0.000 0.005
0.444 0.476 0.000 0.005
0.444 0.492 0.000 0.005
0.444 0.508 0.000 0.005
0.444 0.524 0.000 0.005
0.444 0.540 0.000 0.005
0.444 0.556 0.000 0.005
0.444 0.573 0.000 0.005
0.444 0.589 0.000 0.005
0.444 0.605 0.000 0.005
0.444 0.621 0.000 0.005
0.444 0.637 0.000 0.005
0.444 0.653 0.000 0.005
0.444 0.669 0.000 0.005
0.444 0.685 0.000 0.005
0.444 0.702 0.000 0.005
0.444 0.718 0.000 0.005
0.444 0.734 0.000 0.005
0.444 0.750 0.000 0.005
0.444 0.766 0.000 0.005
0.444 0.782 0.000 0.005
0.444 0.798 0.000 0.005
0.444 0.815 0.000 0.005
0.444 0.831 0.000 0.005
0.444 0.847 0.000 0.005
0.444 0.863 0.000 0.005
0.444 0.879 0.000 0.005
0.444 0.895 0.000 0.005
0.444 0.911 0.000 0.005
0.444 0.927 0.000 0.005
0.444 0.944 0.000 0.005
0.444 0.960 0.000 0.005
0.444 0.976 0.000 0.005
0.444 0.992 0.000 0.005
0.460 0.008 0.000 0.005
0.460 0.024 0.000 0.005
0.460 0.040 0.000 0.005
0.460 0.056 0.000 0.005
0.460 0.073 0.000 0.005
0.460 0.089 0.000 0.005
0.460 0.105 0.000 0.005
0.460 0.121 0.000 0.005
0.460 0.137 0.000 0.005
0.460 0.153 0.000 0.005
0.460 0.169 0.000 0.005
0.460 0.185 0.000 0.005
0.460 0.202 0.000 0.005
0.460 0.218 0.000 0.005
0.460 0.234 0.000 0.005
0.460 0.250 0.000 0.005
0.460 0.266 0.000 0.005
0.460 0.282 0.000 0.005
0.460 0.298 0.000 0.005
0.460 0.315 0.000 0.005
0.460 0.331 0.000 0.005
0.460 0.347 0.000 0.005
0.460 0.363 0.000 0.005
0.460 0.379 0.000 0.005
0.460 0.395 0.000 0.005
0.460 0.411 0.000 0.005
0.460 0.427 0.000 0.005
0.460 0.444 0.000 0.005
0.460 0.460 0.000 0.005
0.460 0.476 0.000 0.005
0.460 0.492 0.000 0.005
0.460 0.508 0.000 0.005
0.460 0.524 0.000 0.005
0.460 0.540 0.000 0.005
0.460 0.556 0.000 0.005
0.460 0.573 0.000 0.005
0.460 0.589 0.000 0.005
0.460 0.605 0.000 0.005
0.460 0.621 0.000 0.005
0.460 0.637 0.000 0.005
0.460 0.653 0.000 0.005
0.460 0.669 0.000 0.005
0.460 0.685 0.000 0.005
0.460 0.702 0.000 0.005
0.460 0.718 0.000 0.005
0.460 0.734 0.000 0.005
0.460 0.750 0.000 0.005
0.460 0.766 0.000 0.005
0.460 0.782 0.000 0.005
0.460 0.798 0.000 0.005
0.460 0.815 0.000 0.005
0.460 0.831 0.000 0.005
0.460 0.847 0.000 0.005
0.460 0.863 0.000 0.005
0.460 0.879 0.000 0.005
0.460 0.895 0.000 0.005
0.460 0.911 0.000 0.005
0.460 0.927 0.000 0.005
0.460 0.944 0.000 0.005
0.460 0.960 0.000 0.005
0.460 0.976 0.000 0.005
0.460 0.992 0.000 0.005
0.476 0.008 0.000 0.005
0.476 0.024 0.000 0.005
0.476 0.040 0.000 0.005
0.476 0.056 0.000 0.005
0.476 0.073 0.000 0.005
0.476 0.089 0.000 0.005
0.476 0.105 0.000 0.005
0.476 0.121 0.000 0.005
0.476 0.137 0.000 0.005
0.476 0.153 0.000 0.005
0.476 0.169 0.000 0.005
0.476 0.185 0.000 0.005
0.476 0.202 0.000 0.005
0.476 0.218 0.000 0.005
0.476 0.234 0.000 0.005
0.476 0.250 0.000 0.005
0.476 0.266 0.000 0.005
0.476 0.282 0.000 0.005
0.476 0.298 0.000 0.005
0.476 0.315 0.000 0.005
0.476 0.331 0.000 0.005
0.476 0.347 0.000 0.005
0.476 0.363 0.000 0.005
0.476 0.379 0.000 0.005
0.476 0.395 0.000 0.005
0.476 0.411 0.000 0.005
0.476 0.427 0.000 0.005
0.476 0.444 0.000 0.005
0.476 0.460 0.000 0.005
0.476 0.476 0.000 0.005
0.476 0.492 0.000 0.005
0.476 0.508 0.000 0.005
0.476 0.524 0.000 0.005
0.476 0.540 0.000 0.005
0.476 0.556 0.000 0.005
0.476 0.573 0.000 0.005
0.476 0.589 0.000 0.005
0.476 0.605 0.000 0.005
0.476 0.621 0.000 0.005
0.476 0.637 0.000 0.005
0.476 0.653 0.000 0.005
0.476 0.669 0.000 0.005
0.476 0.685 0.000 0.005
0.476 0.702 0.000 0.005
0.476 0.718 0.000 0.005
0.476 0.734 0.000 0.005
0.476 0.750 0.000 0.005
0.476 0.766 0.000 0.005
0.476 0.782 0.000 0.005
0.476 0.798 0.000 0.005
0.476 0.815 0.000 0.005
0.476 0.831 0.000 0.005
0.476 0.847 0.000 0.005
0.476 0.863 0.000 0.005
0.476 0.879 0.000 0.005
0.476 0.895 0.000 0.005
0.476 0.911 0.000 0.005
0.476 0.927 0.000 0.005
0.476 0.944 0.000 0.005
0.476 0.960 0.000 0.005
0.476 0.976 0.000 0.005
0.476 0.992 0.000 0.005
0.492 0.008 0.000 0.005
0.492 0.024 0.000 0.005
0.492 0.040 0.000 0.005
0.492 0.056 0.000 0.005
0.492 0.073 0.000 0.005
0.492 0.089 0.000 0.005
0.492 0.105 0.000 0.005
0.492 0.121 0.000 0.005
0.492 0.137 0.000 0.005
0.492 0.153 0.000 0.005
0.492 0.169 0.000 0.005
0.492 0.185 0.000 0.005
0.492 0.202 0.000 0.005
0.492 0.218 0.000 0.005
0.492 0.234 0.000 0.005
0.492 0.250 0.000 0.005
0.492 0.266 0.000 0.005
0.492 0.282 0.000 0.005
0.492 0.298 0.000 0.005
0.492 0.315 0.000 0.005
0.492 0.331 0.000 0.005
0.492 0.347 0.000 0.005
0.492 0.363 0.000 0.005
0.492 0.379 0.000 0.005
0.492 0.395 0.000 0.005
0.492 0.411 0.000 0.005
0.492 0.427 0.000 0.005
0.492 0.444 0.000 0.005
0.492 0.460 0.000 0.005
0.492 0.476 0.000 0.005
0.492 0.492 0.000 0.005
0.492 0.508 0.000 0.005
0.492 0.524 0.000 0.005
0.492 0.540 0.000 0.005
0.492 0.556 0.000 0.005
0.492 0.573 0.000 0.005
0.492 0.589 0.000 0.005
0.492 0.605 0.000 0.005
0.492 0.621 0.000 0.005
0.492 0.637 0.000 0.005
0.492 0.653 0.000 0.005
0.492 0.669 0.000 0.005
0.492 0.685 0.000 0.005
0.492 0.702 0.000 0.005
0.492 0.718 0.000 0.005
0.492 0.734 0.000 0.005
0.492 0.750 0.000 0.005
0.492 0.766 0.000 0.005
0.492 0.782 0.000 0.005
0.492 0.798 0.000 0.005
0.492 0.815 0.000 0.005
0.492 0.831 0.000 0.005
0.492 0.847 0.000 0.005
0.492 0.863 0.000 0.005
0.492 0.879 0.000 0.005
0.492 0.895 0.000 0.005
0.492 0.911 0.000 0.005
0.492 0.927 0.000 0.005
0.492 0.944 0.000 0.005
0.492 0.960 0.000 0.005
0.492 0.976 0.000 0.005
0.492 0.992 0.000 0.005
0.508 0.008 0.000 0.005
0.508 0.024 0.000 0.005
0.508 0.040 0.000 0.005
0.508 0.056 0.000 0.005
0.508 0.073 0.000 0.005
0.508 0.089 0.000 0.005
0.508 0.105 0.000 0.005
0.508 0.121 0.000 0.005
0.508 0.137 0.000 0.005
0.508 0.153 0.000 0.005
0.508 0.169 0.000 0.005
0.508 0.185 0.000 0.005
0.508 0.202 0.000 0.005
0.508 0.218 0.000 0.005
0.508 0.234 0.000 0.005
0.508 0.250 0.000 0.005
0.508 0.266 0.000 0.005
0.508 0.282 0.000 0.005
0.508 0.298 0.000 0.005
0.508 0.315 0.000 0.005
0.508 0.331 0.000 0.005
0.508 0.347 0.000 0.005
0.508 0.363 0.000 0.005
0.508 0.379 0.000 0.005
0.508 0.395 0.000 0.005
0.508 0.411 0.000 0.005
0.508 0.427 0.000 0.005
0.508 0.444 0.000 0.005
0.508 0.460 0.000 0.005
0.508 0.476 0.000 0.005
0.508 0.492 0.000 0.005
0.508 0.508 0.000 0.005
0.508 0.524 0.000 0.005
0.508 0.540 0.000 0.005
0.508 0.556 0.000 0.005
0.508 0.573 0.000 0.005
0.508 0.589 0.000 0.005
0.508 0.605 0.000 0.005
0.508 0.621 0.000 0.005
0.508 0.637 0.000 0.005
0.508 0.653 0.000 0.005
0.508 0.669 0.000 0.005
0.508 0.685 0.000 0.005
0.508 0.702 0.000 0.005
0.508 0.718 0.000 0.005
0.508 0.734 0.000 0.005
0.508 0.750 0.000 0.005
0.508 0.766 0.000 0.005
0.508 0.782 0.000 0.005
0.508 0.798 0.000 0.005
0.508 0.815 0.000 0.005
0.508 0.831 0.000 0.005
0.508 0.847 0.000 0.005
0.508 0.863 0.000 0.005
0.508 0.879 0.000 0.005
0.508 0.895 0.000 0.005
0.508 0.911 0.000 0.005
0.508 0.927 0.000 0.005
0.508 0.944 0.000 0.005
0.508 0.960 0.000 0.005
0.508 0.976 0.000 0.005
0.508 0.992 0.000 0.005
0.524 0.008 0.000 0.005
0.524 0.024 0.000 0.005
0.524 0.040 0.000 0.005
0.524 0.056 0.000 0.005
0.524 0.073 0.000 0.005
0.524 0.089 0.000 0.005
0.524 0.105 0.000 0.005
0.524 0.121 0.000 0.005
0.524 0.137 0.000 0.005
0.524 0.153 0.000 0.005
0.524 0.169 0.000 0.005
0.524 0.185 0.000 0.005
0.524 0.202 0.000 0.005
0.524 0.218 0.000 0.005
0.524 0.234 0.000 0.005
0.524 0.250 0.000 0.005
0.524 0.266 0.000 0.005
0.524 0.282 0.000 0.005
0.524 0.298 0.000 0.005
0.524 0.315 0.000 0.005
0.524 0.331 0.000 0.005
0.524 0.347 0.000 0.005
0.524 0.363 0.000 0.005
0.524 0.379 0.000 0.005
0.524 0.395 0.000 0.005
0.524 0.411 0.000 0.005
0.524 0.427 0.000 0.005
0.524 0.444 0.000 0.005
0.524 0.460 0.000 0.005
0.524 0.476 0.000 0.005
0.524 0.492 0.000 0.005
0.524 0.508 0.000 0.005
0.524 0.524 0.000 0.005
0.524 0.540 0.000 0.005
0.524 0.556 0.000 0.005
0.524 0.573 0.000 0.005
0.524 0.589 0.000 0.005
0.524 0.605 0.000 0.005
0.524 0.621 0.000 0.005
0.524 0.637 0.000 0.005
0.524 0.653 0.000 0.005
0.524 0.669 0.000 0.005
0.524 0.685 0.000 0.005
0.524 0.702 0.000 0.005
0.524 0.718 0.000 0.005
0.524 0.734 0.000 0.005
0.524 0.750 0.000 0.005
0.524 0.766 0.000 0.005
0.524 0.782 0.000 0.005
0.524 0.798 0.000 0.005
0.524 0.815 0.000 0.005
0.524 0.831 0.000 0.005
0.524 0.847 0.000 0.005
0.524 0.863 0.000 0.005
0.524 0.879 0.000 0.005
0.524 0.895 0.000 0.005
0.524 0.911 0.000 0.005
0.524 0.927 0.000 0.005
0.524 0.944 0.000 0.005
0.524 0.960 0.000 0.005
0.524 0.976 0.000 0.005
0.524 0.992 0.000 0.005
0.540 0.008 0.000 0.005
0.540 0.024 0.000 0.005
0.540 0.040 0.000 0.005
0.540 0.056 0.000 0.005
0.540 0.073 0.000 0.005
0.540 0.089 0.000 0.005
0.540 0.105 0.000 0.005
0.540 0.121 0.000 0.005
0.540 0.137 0.000 0.005
0.540 0.153 0.000 0.005
0.540 0.169 0.000 0.005
0.540 0.185 0.000 0.005
0.540 0.202 0.000 0.005
0.540 0.218 0.000 0.005
0.540 0.234 0.000 0.005
0.540 0.250 0.000 0.005
0.540 0.266 0.000 0.005
0.540 0.282 0.000 0.005
0.540 0.298 0.000 0.005
0.540 0.315 0.000 0.005
0.540 0.331 0.000 0.005
0.540 0.347 0.000 0.005
0.540 0.363 0.000 0.005
0.540 0.379 0.000 0.005
0.540 0.395 0.000 0.005
0.540 0.411 0.000 0.005
0.540 0.427 0.000 0.005
0.540 0.444 0.000 0.005
0.540 0.460 0.000 0.005
0.540 0.476 0.000 0.005
0.540 0.492 0.000 0.005
0.540 0.508 0.000 0.005
0.540 0.524 0.000 0.005
0.540 0.540 0.000 0.005
0.540 0.556 0.000 0.005
0.540 0.573 0.000 0.005
0.540 0.589 0.000 0.005
0.540 0.605 0.000 0.005
0.540 0.621 0.000 0.005
0.540 0.637 0.000 0.005
0.540 0.653 0.000 0.005
0.540 0.669 0.000 0.005
0.540 0.685 0.000 0.005
0.540 0.702 0.000 0.005
0.540 0.718 0.000 0.005
0.540 0.734 0.000 0.005
0.540 0.750 0.000 0.005
0.540 0.766 0.000 0.005
0.540 0.782 0.000 0.005
0.540 0.798 0.000 0.005
0.540 0.815 0.000 0.005
0.540 0.831 0.000 0.005
0.540 0.847 0.000 0.005
0.540 0.863 0.000 0.005
0.540 0.879 0.000 0.005
0.540 0.895 0.000 0.005
0.540 0.911 0.000 0.005
0.540 0.927 0.000 0.005
0.540 0.944 0.000 0.005
0.540 0.960 0.000 0.005
0.540 0.976 0.000 0.005
0.540 0.992 0.000 0.005
0.556 0.008 0.000 0.005
0.556 0.024 0.000 0.005
0.556 0.040 0.000 0.005
0.556 0.056 0.000 0.005
0.556 0.073 0.000 0.005
0.556 0.089 0.000 0.005
0.556 0.105 0.000 0.005
0.556 0.121 0.000 0.005
0.556 0.137 0.000 0.005
0.556 0.153 0.000 0.005
0.556 0.169 0.000 0.005
0.556 0.185 0.000 0.005
0.556 0.202 0.000 0.005
0.556 0.218 0.000 0.005
0.556 0.234 0.000 0.005
0.556 0.250 0.000 0.005
0.556 0.266 0.000 0.005
0.556 0.282 0.000 0.005
0.556 0.298 0.000 0.005
0.556 0.315 0.000 0.005
0.556 0.331 0.000 0.005
0.556 0.347 0.000 0.005
0.556 0.363 0.000 0.005
0.556 0.379 0.000 0.005
0.556 0.395 0.000 0.005
0.556 0.411 0.000 0.005
0.556 0.427 0.000 0.005
0.556 0.444 0.000 0.005
0.556 0.460 0.000 0.005
0.556 0.476 0.000 0.005
0.556 0.492 0.000 0.005
0.556 0.508 0.000 0.005
0.556 0.524 0.000 0.005
0.556 0.540 0.000 0.005
0.556 0.556 0.000 0.005
0.556 0.573 0.000 0.005
0.556 0.589 0.000 0.005
0.556 0.605 0.000 0.005
0.556 0.621 0.000 0.005
0.556 0.637 0.000 0.005
0.556 0.653 0.000 0.005
0.556 0.669 0.000 0.005
0.556 0.685 0.000 0.005
0.556 0.702 0.000 0.005
0.556 0.718 0.000 0.005
0.556 0.734 0.000 0.005
0.556 0.750 0.000 0.005
0.556 0.766 0.000 0.005
0.556 0.782 0.000 0.005
0.556 0.798 0.000 0.005
0.556 0.815 0.000 0.005
0.556 0.831 0.000 0.005
0.556 0.847 0.000 0.005
0.556 0.863 0.000 0.005
0.556 0.879 0.000 0.005
0.556 0.895 0.000 0.005
0.556 0.911 0.000 0.005
0.556 0.927 0.000 0.005
0.556 0.944 0.000 0.005
0.556 0.960 0.000 0.005
0.556 0.976 0.000 0.005
0.556 0.992 0.000 0.005
0.573 0.008 0.000 0.005
0.573 0.024 0.000 0.005
0.573 0.040 0.000 0.005
0.573 0.056 0.000 0.005
0.573 0.073 0.000 0.005
0.573 0.089 0.000 0.005
0.573 0.105 0.000 0.005
0.573 0.121 0.000 0.005
0.573 0.137 0.000 0.005
0.573 0.153 0.000 0.005
0.573 0.169 0.000 0.005
0.573 0.185 0.000 0.005
0.573 0.202 0.000 0.005
0.573 0.218 0.000 0.005
0.573 0.234 0.000 0.005
0.573 0.250 0.000 0.005
0.573 0.266 0.000 0.005
0.573 0.282 0.000 0.005
0.573 0.298 0.000 0.005
0.573 0.315 0.000 0.005
0.573 0.331 0.000 0.005
0.573 0.347 0.000 0.005
0.573 0.363 0.000 0.005
0.573 0.379 0.000 0.005
0.573 0.395 0.000 0.005
0.573 0.411 0.000 0.005
0.573 0.427 0.000 0.005
0.573 0.444 0.000 0.005
0.573 0.460 0.000 0.005
0.573 0.476 0.000 0.005
0.573 0.492 0.000 0.005
0.573 0.508 0.000 0.005
0.573 0.524 0.000 0.005
0.573 0.540 0.000 0.005
0.573 0.556 0.000 0.005
0.573 0.573 0.000 0.005
0.573 0.589 0.000 0.005
0.573 0.605 0.000 0.005
0.573 0.621 0.000 0.005
0.573 0.637 0.000 0.005
0.573 0.653 0.000 0.005
0.573 0.669 0.000 0.005
0.573 0.685 0.000 0.005
0.573 0.702 0.000 0.005
0.573 0.718 0.000 0.005
0.573 0.734 0.000 0.005
0.573 0.750 0.000 0.005
0.573 0.766 0.000 0.005
0.573 0.782 0.000 0.005
0.573 0.798 0.000 0.005
0.573 0.815 0.000 0.005
0.573 0.831 0.000 0.005
0.573 0.847 0.000 0.005
0.573 0.863 0.000 0.005
0.573 0.879 0.000 0.005
0.573 0.895 0.000 0.005
0.573 0.911 0.000 0.005
0.573 0.927 0.000 0.005
0.573 0.944 0.000 0.005
0.573 0.960 0.000 0.005
0.573 0.976 0.000 0.005
0.573 0.992 0.000 0.005
0.589 0.008 0.000 0.005
0.589 0.024 0.000 0.005
0.589 0.040 0.000 0.005
0.589 0.056 0.000 0.005
0.589 0.073 0.000 0.005
0.589 0.089 0.000 0.005
0.589 0.105 0.000 0.005
0.589 0.121 0.000 0.005
0.589 0.137 0.000 0.005
0.589 0.153 0.000 0.005
0.589 0.169 0.000 0.005
0.589 0.185 0.000 0.005
0.589 0.202 0.000 0.005
0.589 0.218 0.000 0.005
0.589 0.234 0.000 0.005
0.589 0.250 0.000 0.005
0.589 0.266 0.000 0.005
0.589 0.282 0.000 0.005
0.589 0.298 0.000 0.005
0.589 0.315 0.000 0.005
0.589 0.331 0.000 0.005
0.589 0.347 0.000 0.005
0.589 0.363 0.000 0.005
0.589 0.379 0.000 0.005
0.589 0.395 0.000 0.005
0.589 0.411 0.000 0.005
0.589 0.427 0.000 0.005
0.589 0.444 0.000 0.005
0.589 0.460 0.000 0.005
0.589 0.476 0.000 0.005
0.589 0.492 0.000 0.005
0.589 0.508 0.000 0.005
0.589 0.524 0.000 0.005
0.589 0.540 0.000 0.005
0.589 0.556 0.000 0.005
0.589 0.573 0.000 0.005
0.589 0.589 0.000 0.005
0.589 0.605 0.000 0.005
0.589 0.621 0.000 0.005
0.589 0.637 0.000 0.005
0.589 0.653 0.000 0.005
0.589 0.669 0.000 0.005
0.589 0.685 0.000 0.005
0.589 0.702 0.000 0.005
0.589 0.718 0.000 0.005
0.589 0.734 0.000 0.005
0.589 0.750 0.000 0.005
0.589 0.766 0.000 0.005
0.589 0.782 0.000 0.005
0.589 0.798 0.000 0.005
0.589 0.815 0.000 0.005
0.589 0.831 0.000 0.005
0.589 0.847 0.000 0.005
0.589 0.863 0.000 0.005
0.589 0.879 0.000 0.005
0.589 0.895 0.000 0.005
0.589 0.911 0.000 0.005
0.589 0.927 0.000 0.005
0.589 0.944 0.000 0.005
0.589 0.960 0.000 0.005
0.589 0.976 0.000 0.005
0.589 0.992 0.000 0.005
0.605 0.008 0.000 0.005
0.605 0.024 0.000 0.005
0.605 0.040 0.000 0.005
0.605 0.056 0.000 0.005
0.605 0.073 0.000 0.005
0.605 0.089 0.000 0.005
0.605 0.105 0.000 0.005
0.605 0.121 0.000 0.005
0.605 0.137 0.000 0.005
0.605 0.153 0.000 0.005
0.605 0.169 0.000 0.005
0.605 0.185 0.000 0.005
0.605 0.202 0.000 0.005
0.605 0.218 0.000 0.005
0.605 0.234 0.000 0.005
0.605 0.250 0.000 0.005
0.605 0.266 0.000 0.005
0.605 0.282 0.000 0.005
0.605 0.298 0.000 0.005
0.605 0.315 0.000 0.005
0.605 0.331 0.000 0.005
0.605 0.347 0.000 0.005
0.605 0.363 0.000 0.005
0.605 0.379 0.000 0.005
0.605 0.395 0.000 0.005
0.605 0.411 0.000 0.005
0.605 0.427 0.000 0.005
0.605 0.444 0.000 0.005
0.605 0.460 0.000 0.005
0.605 0.476 0.000 0.005
0.605 0.492 0.000 0.005
0.605 0.508 0.000 0.005
0.605 0.524 0.000 0.005
0.605 0.540 0.000 0.005
0.605 0.556 0.000 0.005
0.605 0.573 0.000 0.005
0.605 0.589 0.000 0.005
0.605 0.605 0.000 0.005
0.605 0.621 0.000 0.005
0.605 0.637 0.000 0.005
0.605 0.653 0.000 0.005
0.605 0.669 0.000 0.005
0.605 0.685 0.000 0.005
0.605 0.702 0.000 0.005
0.605 0.718 0.000 0.005
0.605 0.734 0.000 0.005
0.605 0.750 0.000 0.005
0.605 0.766 0.000 0.005
0.605 0.782 0.000 0.005
0.605 0.798 0.000 0.005
0.605 0.815 0.000 0.005
0.605 0.831 0.000 0.005
0.605 0.847 0.000 0.005
0.605 0.863 0.000 0.005
0.605 0.879 0.000 0.005
0.605 0.895 0.000 0.005
0.605 0.911 0.000 0.005
0.605 0.927 0.000 0.005
0.605 0.944 0.000 0.005
0.605 0.960 0.000 0.005
0.605 0.976 0.000 0.005
0.605 0.992 0.000 0.005
0.621 0.008 0.000 0.005
0.621 0.024 0.000 0.005
0.621 0.040 0.000 0.005
0.621 0.056 0.000 0.005
0.621 0.073 0.000 0.005
0.621 0.089 0.000 0.005
0.621 0.105 0.000 0.005
0.621 0.121 0.000 0.005
0.621 0.137 0.000 0.005
0.621 0.153 0.000 0.005
0.621 0.169 0.000 0.005
0.621 0.185 0.000 0.005
0.621 0.202 0.000 0.005
0.621 0.218 0.000 0.005
0.621 0.234 0.000 0.005
0.621 0.250 0.000 0.005
0.621 0.266 0.000 0.005
0.621 0.282 0.000 0.005
0.621 0.298 0.000 0.005
0.621 0.315 0.000 0.005
0.621 0.331 0.000 0.005
0.621 0.347 0.000 0.005
0.621 0.363 0.000 0.005
0.621 0.379 0.000 0.005
0.621 0.395 0.000 0.005
0.621 0.411 0.000 0.005
0.621 0.427 0.000 0.005
0.621 0.444 0.000 0.005
0.621 0.460 0.000 0.005
0.621 0.476 0.000 0.005
0.621 0.492 0.000 0.005
0.621 0.508 0.000 0.005
0.621 0.524 0.000 0.005
0.621 0.540 0.000 0.005
0.621 0.556 0.000 0.005
0.621 0.573 0.000 0.005
0.621 0.589 0.000 0.005
0.621 0.605 0.000 0.005
0.621 0.621 0.000 0.005
0.621 0.637 0.000 0.005
0.621 0.653 0.000 0.005
0.621 0.669 0.000 0.005
0.621 0.685 0.000 0.005
0.621 0.702 0.000 0.005
0.621 0.718 0.000 0.005
0.621 0.734 0.000 0.005
0.621 0.750 0.000 0.005
0.621 0.766 0.000 0.005
0.621 0.782 0.000 0.005
0.621 0.798 0.000 0.005
0.621 0.815 0.000 0.005
0.621 0.831 0.000 0.005
0.621 0.847 0.000 0.005
0.621 0.863 0.000 0.005
0.621 0.879 0.000 0.005
0.621 0.895 0.000 0.005
0.621 0.911 0.000 0.005
0.621 0.927 0.000 0.005
0.621 0.944 0.000 0.005
0.621 0.960 0.000 0.005
0.621 0.976 0.000 0.005
0.621 0.992 0.000 0.005
0.637 0.008 0.000 0.005
0.637 0.024 0.000 0.005
0.637 0.040 0.000 0.005
0.637 0.056 0.000 0.005
0.637 0.073 0.000 0.005
0.637 0.089 0.000 0.005
0.637 0.105 0.000 0.005
0.637 0.121 0.000 0.005
0.637 0.137 0.000 0.005
0.637 0.153 0.000 0.005
0.637 0.169 0.000 0.005
0.637 0.185 0.000 0.005
0.637 0.202 0.000 0.005
0.637 0.218 0.000 0.005
0.637 0.234 0.000 0.005
0.637 0.250 0.000 0.005
0.637 0.266 0.000 0.005
0.637 0.282 0.000 0.005
0.637 0.298 0.000 0.005
0.637 0.315 0.000 0.005
0.637 0.331 0.000 0.005
0.637 0.347 0.000 0.005
0.637 0.363 0.000 0.005
0.637 0.379 0.000 0.005
0.637 0.395 0.000 0.005
0.637 0.411 0.000 0.005
0.637 0.427 0.000 0.005
0.637 0.444 0.000 0.005
0.637 0.460 0.000 0.005
0.637 0.476 0.000 0.005
0.637 0.492 0.000 0.005
0.637 0.508 0.000 0.005
0.637 0.524 0.000 0.005
0.637 0.540 0.000 0.005
0.637 0.556 0.000 0.005
0.637 0.573 0.000 0.005
0.637 0.589 0.000 0.005
0.637 0.605 0.000 0.005
0.637 0.621 0.000 0.005
0.637 0.637 0.000 0.005
0.637 0.653 0.000 0.005
0.637 0.669 0.000 0.005
0.637 0.685 0.000 0.005
0.637 0.702 0.000 0.005
0.637 0.718 0.000 0.005
0.637 0.734 0.000 0.005
0.637 0.750 0.000 0.005
0.637 0.766 0.000 0.005
0.637 0.782 0.000 0.005
0.637 0.798 0.000 0.005
0.637 0.815 0.000 0.005
0.637 0.831 0.000 0.005
0.637 0.847 0.000 0.005
0.637 0.863 0.000 0.005
0.637 0.879 0.000 0.005
0.637 0.895 0.000 0.005
0.637 0.911 0.000 0.005
0.637 0.927 0.000 0.005
0.637 0.944 0.000 0.005
0.637 0.960 0.000 0.005
0.637 0.976 0.000 0.005
0.637 0.992 0.000 0.005
0.653 0.008 0.000 0.005
0.653 0.024 0.000 0.005
0.653 0.040 0.000 0.005
0.653 0.056 0.000 0.005
0.653 0.073 0.000 0.005
0.653 0.089 0.000 0.005
0.653 0.105 0.000 0.005
0.653 0.121 0.000 0.005
0.653 0.137 0.000 0.005
0.653 0.153 0.000 0.005
0.653 0.169 0.000 0.005
0.653 0.185 0.000 0.005
0.653 0.202 0.000 0.005
0.653 0.218 0.000 0.005
0.653 0.234 0.000 0.005
0.653 0.250 0.000 0.005
0.653 0.266 0.000 0.005
0.653 0.282 0.000 0.005
0.653 0.298 0.000 0.005
0.653 0.315 0.000 0.005
0.653 0.331 0.000 0.005
0.653 0.347 0.000 0.005
0.653 0.363 0.000 0.005
0.653 0.379 0.000 0.005
0.653 0.395 0.000 0.005
0.653 0.411 0.000 0.005
0.653 0.427 0.000 0.005
0.653 0.444 0.000 0.005
0.653 0.460 0.000 0.005
0.653 0.476 0.000 0.005
0.653 0.492 0.000 0.005
0.653 0.508 0.000 0.005
0.653 0.524 0.000 0.005
0.653 0.540 0.000 0.005
0.653 0.556 0.000 0.005
0.653 0.573 0.000 0.005
0.653 0.589 0.000 0.005
0.653 0.605 0.000 0.005
0.653 0.621 0.000 0.005
0.653 0.637 0.000 0.005
0.653 0.653 0.000 0.005
0.653 0.669 0.000 0.005
0.653 0.685 0.000 0.005
0.653 0.702 0.000 0.005
0.653 0.718 0.000 0.005
0.653 0.734 0.000 0.005
0.653 0.750 0.000 0.005
0.653 0.766 0.000 0.005
0.653 0.782 0.000 0.005
0.653 0.798 0.000 0.005
0.653 0.815 0.000 0.005
0.653 0.831 0.000 0.005
0.653 0.847 0.000 0.005
0.653 0.863 0.000 0.005
0.653 0.879 0.000 0.005
0.653 0.895 0.000 0.005
0.653 0.911 0.000 0.005
0.653 0.927 0.000 0.005
0.653 0.944 0.000 0.005
0.653 0.960 0.000 0.005
0.653 0.976 0.000 0.005
0.653 0.992 0.000 0.005
0.669 0.008 0.000 0.005
0.669 0.024 0.000 0.005
0.669 0.040 0.000 0.005
0.669 0.056 0.000 0.005
0.669 0.073 0.000 0.005
0.669 0.089 0.000 0.005
0.669 0.105 0.000 0.005
0.669 0.121 0.000 0.005
0.669 0.137 0.000 0.005
0.669 0.153 0.000 0.005
0.669 0.169 0.000 0.005
0.669 0.185 0.000 0.005
0.669 0.202 0.000 0.005
0.669 0.218 0.000 0.005
0.669 0.234 0.000 0.005
0.669 0.250 0.000 0.005
0.669 0.266 0.000 0.005
0.669 0.282 0.000 0.005
0.669 0.298 0.000 0.005
0.669 0.315 0.000 0.005
0.669 0.331 0.000 0.005
0.669 0.347 0.000 0.005
0.669 0.363 0.000 0.005
0.669 0.379 0.000 0.005
0.669 0.395 0.000 0.005
0.669 0.411 0.000 0.005
0.669 0.427 0.000 0.005
0.669 0.444 0.000 0.005
0.669 0.460 0.000 0.005
0.669 0.476 0.000 0.005
0.669 0.492 0.000 0.005
0.669 0.508 0.000 0.005
0.669 0.524 0.000 0.005
0.669 0.540 0.000 0.005
0.669 0.556 0.000 0.005
0.669 0.573 0.000 0.005
0.669 0.589 0.000 0.005
0.669 0.605 0.000 0.005
0.669 0.621 0.000 0.005
0.669 0.637 0.000 0.005
0.669 0.653 0.000 0.005
0.669 0.669 0.000 0.005
0.669 0.685 0.000 0.005
0.669 0.702 0.000 0.005
0.669 0.718 0.000 0.005
0.669 0.734 0.000 0.005
0.669 0.750 0.000 0.005
0.669 0.766 0.000 0.005
0.669 0.782 0.000 0.005
0.669 0.798 0.000 0.005
0.669 0.815 0.000 0.005
0.669 0.831 0.000 0.005
0.669 0.847 0.000 0.005
0.669 0.863 0.000 0.005
0.669 0.879 0.000 0.005
0.669 0.895 0.000 0.005
0.669 0.911 0.000 0.005
0.669 0.927 0.000 0.005
0.669 0.944 0.000 0.005
0.669 0.960 0.000 0.005
0.669 0.976 0.000 0.005
0.669 0.992 0.000 0.005
0.685 0.008 0.000 0.005
0.685 0.024 0.000 0.005
0.685 0.040 0.000 0.005
0.685 0.056 0.000 0.005
0.685 0.073 0.000 0.005
0.685 0.089 0.000 0.005
0.685 0.105 0.000 0.005
0.685 0.121 0.000 0.005
0.685 0.137 0.000 0.005
0.685 0.153 0.000 0.005
0.685 0.169 0.000 0.005
0.685 0.185 0.000 0.005
0.685 0.202 0.000 0.005
0.685 0.218 0.000 0.005
0.685 0.234 0.000 0.005
0.685 0.250 0.000 0.005
0.685 0.266 0.000 0.005
0.685 0.282 0.000 0.005
0.685 0.298 0.000 0.005
0.685 0.315 0.000 0.005
0.685 0.331 0.000 0.005
0.685 0.347 0.000 0.005
0.685 0.363 0.000 0.005
0.685 0.379 0.000 0.005
0.685 0.395 0.000 0.005
0.685 0.411 0.000 0.005
0.685 0.427 0.000 0.005
0.685 0.444 0.000 0.005
0.685 0.460 0.000 0.005
0.685 0.476 0.000 0.005
0.685 0.492 0.000 0.005
0.685 0.508 0.000 0.005
0.685 0.524 0.000 0.005
0.685 0.540 0.000 0.005
0.685 0.556 0.000 0.005
0.685 0.573 0.000 0.005
0.685 0.589 0.000 0.005
0.685 0.605 0.000 0.005
0.685 0.621 0.000 0.005
0.685 0.637 0.000 0.005
0.685 0.653 0.000 0.005
0.685 0.669 0.000 0.005
0.685 0.685 0.000 0.005
0.685 0.702 0.000 0.005
0.685 0.718 0.000 0.005
0.685 0.734 0.000 0.005
0.685 0.750 0.000 0.005
0.685 0.766 0.000 0.005
0.685 0.782 0.000 0.005
0.685 0.798 0.000 0.005
0.685 0.815 0.000 0.005
0.685 0.831 0.000 0.005
0.685 0.847 0.000 0.005
0.685 0.863 0.000 0.005
0.685 0.879 0.000 0.005
0.685 0.895 0.000 0.005
0.685 0.911 0.000 0.005
0.685 0.927 0.000 0.005
0.685 0.944 0.000 0.005
0.685 0.960 0.000 0.005
0.685 0.976 0.000 0.005
0.685 0.992 0.000 0.005
0.702 0.008 0.000 0.005
0.702 0.024 0.000 0.005
0.702 0.040 0.000 0.005
0.702 0.056 0.000 0.005
0.702 0.073 0.000 0.005
0.702 0.089 0.000 0.005
0.702 0.105 0.000 0.005
0.702 0.121 0.000 0.005
0.702 0.137 0.000 0.005
0.702 0.153 0.000 0.005
0.702 0.169 0.000 0.005
0.702 0.185 0.000 0.005
0.702 0.202 0.000 0.005
0.702 0.218 0.000 0.005
0.702 0.234 0.000 0.005
0.702 0.250 0.000 0.005
0.702 0.266 0.000 0.005
0.702 0.282 0.000 0.005
0.702 0.298 0.000 0.005
0.702 0.315 0.000 0.005
0.702 0.331 0.000 0.005
0.702 0.347 0.000 0.005
0.702 0.363 0.000 0.005
0.702 0.379 0.000 0.005
0.702 0.395 0.000 0.005
0.702 0.411 0.000 0.005
0.702 0.427 0.000 0.005
0.702 0.444 0.000 0.005
0.702 0.460 0.000 0.005
0.702 0.476 0.000 0.005
0.702 0.492 0.000 0.005
0.702 0.508 0.000 0.005
0.702 0.524 0.000 0.005
0.702 0.540 0.000 0.005
0.702 0.556 0.000 0.005
0.702 0.573 0.000 0.005
0.702 0.589 0.000 0.005
0.702 0.605 0.000 0.005
0.702 0.621 0.000 0.005
0.702 0.637 0.000 0.005
0.702 0.653 0.000 0.005
0.702 0.669 0.000 0.005
0.702 0.685 0.000 0.005
0.702 0.702 0.000 0.005
0.702 0.718 0.000 0.005
0.702 0.734 0.000 0.005
0.702 0.750 0.000 0.005
0.702 0.766 0.000 0.005
0.702 0.782 0.000 0.005
0.702 0.798 0.000 0.005
0.702 0.815 0.000 0.005
0.702 0.831 0.000 0.005
0.702 0.847 0.000 0.005
0.702 0.863 0.000 0.005
0.702 0.879 0.000 0.005
0.702 0.895 0.000 0.005
0.702 0.911 0.000 0.005
0.702 0.927 0.000 0.005
0.702 0.944 0.000 0.005
0.702 0.960 0.000 0.005
0.702 0.976 0.000 0.005
0.702 0.992 0.000 0.005
0.718 0.008 0.000 0.005
0.718 0.024 0.000 0.005
0.718 0.040 0.000 0.005
0.718 0.056 0.000 0.005
0.718 0.073 0.000 0.005
0.718 0.089 0.000 0.005
0.718 0.105 0.000 0.005
0.718 0.121 0.000 0.005
0.718 0.137 0.000 0.005
0.718 0.153 0.000 0.005
0.718 0.169 0.000 0.005
0.718 0.185 0.000 0.005
0.718 0.202 0.000 0.005
0.718 0.218 0.000 0.005
0.718 0.234 0.000 0.005
0.718 0.250 0.000 0.005
0.718 0.266 0.000 0.005
0.718 0.282 0.000 0.005
0.718 0.298 0.000 0.005
0.718 0.315 0.000 0.005
0.718 0.331 0.000 0.005
0.718 0.347 0.000 0.005
0.718 0.363 0.000 0.005
0.718 0.379 0.000 0.005
0.718 0.395 0.000 0.005
0.718 0.411 0.000 0.005
0.718 0.427 0.000 0.005
0.718 0.444 0.000 0.005
0.718 0.460 0.000 0.005
0.718 0.476 0.000 0.005
0.718 0.492 0.000 0.005
0.718 0.508 0.000 0.005
0.718 0.524 0.000 0.005
0.718 0.540 0.000 0.005
0.718 0.556 0.000 0.005
0.718 0.573 0.000 0.005
0.718 0.589 0.000 0.005
0.718 0.605 0.000 0.005
0.718 0.621 0.000 0.005
0.718 0.637 0.000 0.005
0.718 0.653 0.000 0.005
0.718 0.669 0.000 0.005
0.718 0.685 0.000 0.005
0.718 0.702 0.000 0.005
0.718 0.718 0.000 0.005
0.718 0.734 0.000 0.005
0.718 0.750 0.000 0.005
0.718 0.766 0.000 0.005
0.718 0.782 0.000 0.005
0.718 0.798 0.000 0.005
0.718 0.815 0.000 0.005
0.718 0.831 0.000 0.005
0.718 0.847 0.000 0.005
0.718 0.863 0.000 0.005
0.718 0.879 0.000 0.005
0.718 0.895 0.000 0.005
0.718 0.911 0.000 0.005
0.718 0.927 0.000 0.005
0.718 0.944 0.000 0.005
0.718 0.960 0.000 0.005
0.718 0.976 0.000 0.005
0.718 0.992 0.000 0.005
0.734 0.008 0.000 0.005
0.734 0.024 0.000 0.005
0.734 0.040 0.000 0.005
0.734 0.056 0.000 0.005
0.734 0.073 0.000 0.005
0.734 0.089 0.000 0.005
0.734 0.105 0.000 0.005
0.734 0.121 0.000 0.005
0.734 0.137 0.000 0.005
0.734 0.153 0.000 0.005
0.734 0.169 0.000 0.005
0.734 0.185 0.000 0.005
0.734 0.202 0.000 0.005
0.734 0.218 0.000 0.005
0.734 0.234 0.000 0.005
0.734 0.250 0.000 0.005
0.734 0.266 0.000 0.005
0.734 0.282 0.000 0.005
0.734 0.298 0.000 0.005
0.734 0.315 0.000 0.005
0.734 0.331 0.000 0.005
0.734 0.347 0.000 0.005
0.734 0.363 0.000 0.005
0.734 0.379 0.000 0.005
0.734 0.395 0.000 0.005
0.734 0.411 0.000 0.005
0.734 0.427 0.000 0.005
0.734 0.444 0.000 0.005
0.734 0.460 0.000 0.005
0.734 0.476 0.000 0.005
0.734 0.492 0.000 0.005
0.734 0.508 0.000 0.005
0.734 0.524 0.000 0.005
0.734 0.540 0.000 0.005
0.734 0.556 0.000 0.005
0.734 0.573 0.000 0.005
0.734 0.589 0.000 0.005
0.734 0.605 0.000 0.005
0.734 0.621 0.000 0.005
0.734 0.637 0.000 0.005
0.734 0.653 0.000 0.005
0.734 0.669 0.000 0.005
0.734 0.685 0.000 0.005
0.734 0.702 0.000 0.005
0.734 0.718 0.000 0.005
0.734 0.734 0.000 0.005
0.734 0.750 0.000 0.005
0.734 0.766 0.000 0.005
0.734 0.782 0.000 0.005
0.734 0.798 0.000 0.005
0.734 0.815 0.000 0.005
0.734 0.831 0.000 0.005
0.734 0.847 0.000 0.005
0.734 0.863 0.000 0.005
0.734 0.879 0.000 0.005
0.734 0.895 0.000 0.005
0.734 0.911 0.000 0.005
0.734 0.927 0.000 0.005
0.734 0.944 0.000 0.005
0.734 0.960 0.000 0.005
0.734 0.976 0.000 0.005
0.734 0.992 0.000 0.005
0.750 0.008 0.000 0.005
0.750 0.024 0.000 0.005
0.750 0.040 0.000 0.005
0.750 0.056 0.000 0.005
0.750 0.073 0.000 0.005
0.750 0.089 0.000 0.005
0.750 0.105 0.000 0.005
0.750 0.121 0.000 0.005
0.750 0.137 0.000 0.005
0.750 0.153 0.000 0.005
0.750 0.169 0.000 0.005
0.750 0.185 0.000 0.005
0.750 0.202 0.000 0.005
0.750 0.218 0.000 0.005
0.750 0.234 0.000 0.005
0.750 0.250 0.000 0.005
0.750 0.266 0.000 0.005
0.750 0.282 0.000 0.005
0.750 0.298 0.000 0.005
0.750 0.315 0.000 0.005
0.750 0.331 0.000 0.005
0.750 0.347 0.000 0.005
0.750 0.363 0.000 0.005
0.750 0.379 0.000 0.005
0.750 0.395 0.000 0.005
0.750 0.411 0.000 0.005
0.750 0.427 0.000 0.005
0.750 0.444 0.000 0.005
0.750 0.460 0.000 0.005
0.750 0.476 0.000 0.005
0.750 0.492 0.000 0.005
0.750 0.508 0.000 0.005
0.750 0.524 0.000 0.005
0.750 0.540 0.000 0.005
0.750 0.556 0.000 0.005
0.750 0.573 0.000 0.005
0.750 0.589 0.000 0.005
0.750 0.605 0.000 0.005
0.750 0.621 0.000 0.005
0.750 0.637 0.000 0.005
0.750 0.653 0.000 0.005
0.750 0.669 0.000 0.005
0.750 0.685 0.000 0.005
0.750 0.702 0.000 0.005
0.750 0.718 0.000 0.005
0.750 0.734 0.000 0.005
0.750 0.750 0.000 0.005
0.750 0.766 0.000 0.005
0.750 0.782 0.000 0.005
0.750 0.798 0.000 0.005
0.750 0.815 0.000 0.005
0.750 0.831 0.000 0.005
0.750 0.847 0.000 0.005
0.750 0.863 0.000 0.005
0.750 0.879 0.000 0.005
0.750 0.895 0.000 0.005
0.750 0.911 0.000 0.005
0.750 0.927 0.000 0.005
0.750 0.944 0.000 0.005
0.750 0.960 0.000 0.005
0.750 0.976 0.000 0.005
0.750 0.992 0.000 0.005
0.766 0.008 0.000 0.005
0.766 0.024 0.000 0.005
0.766 0.040 0.000 0.005
0.766 0.056 0.000 0.005
0.766 0.073 0.000 0.005
0.766 0.089 0.000 0.005
0.766 0.105 0.000 0.005
0.766 0.121 0.000 0.005
0.766 0.137 0.000 0.005
0.766 0.153 0.000 0.005
0.766 0.169 0.000 0.005
0.766 0.185 0.000 0.005
0.766 0.202 0.000 0.005
0.766 0.218 0.000 0.005
0.766 0.234 0.000 0.005
0.766 0.250 0.000 0.005
0.766 0.266 0.000 0.005
0.766 0.282 0.000 0.005
0.766 0.298 0.000 0.005
0.766 0.315 0.000 0.005
0.766 0.331 0.000 0.005
0.766 0.347 0.000 0.005
0.766 0.363 0.000 0.005
0.766 0.379 0.000 0.005
0.766 0.395 0.000 0.005
0.766 0.411 0.000 0.005
0.766 0.427 0.000 0.005
0.766 0.444 0.000 0.005
0.766 0.460 0.000 0.005
0.766 0.476 0.000 0.005
0.766 0.492 0.000 0.005
0.766 0.508 0.000 0.005
0.766 0.524 0.000 0.005
0.766 0.540 0.000 0.005
0.766 0.556 0.000 0.005
0.766 0.573 0.000 0.005
0.766 0.589 0.000 0.005
0.766 0.605 0.000 0.005
0.766 0.621 0.000 0.005
0.766 0.637 0.000 0.005
0.766 0.653 0.000 0.005
0.766 0.669 0.000 0.005
0.766 0.685 0.000 0.005
0.766 0.702 0.000 0.005
0.766 0.718 0.000 0.005
0.766 0.734 0.000 0.005
0.766 0.750 0.000 0.005
0.766 0.766 0.000 0.005
0.766 0.782 0.000 0.005
0.766 0.798 0.000 0.005
0.766 0.815 0.000 0.005
0.766 0.831 0.000 0.005
0.766 0.847 0.000 0.005
0.766 0.863 0.000 0.005
0.766 0.879 0.000 0.005
0.766 0.895 0.000 0.005
0.766 0.911 0.000 0.005
0.766 0.927 0.000 0.005
0.766 0.944 0.000 0.005
0.766 0.960 0.000 0.005
0.766 0.976 0.000 0.005
0.766 0.992 0.000 0.005
0.782 0.008 0.000 0.005
0.782 0.024 0.000 0.005
0.782 0.040 0.000 0.005
0.782 0.056 0.000 0.005
0.782 0.073 0.000 0.005
0.782 0.089 0.000 0.005
0.782 0.105 0.000 0.005
0.782 0.121 0.000 0.005
0.782 0.137 0.000 0.005
0.782 0.153 0.000 0.005
0.782 0.169 0.000 0.005
0.782 0.185 0.000 0.005
0.782 0.202 0.000 0.005
0.782 0.218 0.000 0.005
0.782 0.234 0.000 0.005
0.782 0.250 0.000 0.005
0.782 0.266 0.000 0.005
0.782 0.282 0.000 0.005
0.782 0.298 0.000 0.005
0.782 0.315 0.000 0.005
0.782 0.331 0.000 0.005
0.782 0.347 0.000 0.005
0.782 0.363 0.000 0.005
0.782 0.379 0.000 0.005
0.782 0.395 0.000 0.005
0.782 0.411 0.000 0.005
0.782 0.427 0.000 0.005
0.782 0.444 0.000 0.005
0.782 0.460 0.000 0.005
0.782 0.476 0.000 0.005
0.782 0.492 0.000 0.005
0.782 0.508 0.000 0.005
0.782 0.524 0.000 0.005
0.782 0.540 0.000 0.005
0.782 0.556 0.000 0.005
0.782 0.573 0.000 0.005
0.782 0.589 0.000 0.005
0.782 0.605 0.000 0.005
0.782 0.621 0.000 0.005
0.782 0.637 0.000 0.005
0.782 0.653 0.000 0.005
0.782 0.669 0.000 0.005
0.782 0.685 0.000 0.005
0.782 0.702 0.000 0.005
0.782 0.718 0.000 0.005
0.782 0.734 0.000 0.005
0.782 0.750 0.000 0.005
0.782 0.766 0.000 0.005
0.782 0.782 0.000 0.005
0.782 0.798 0.000 0.005
0.782 0.815 0.000 0.005
0.782 0.831 0.000 0.005
0.782 0.847 0.000 0.005
0.782 0.863 0.000 0.005
0.782 0.879 0.000 0.005
0.782 0.895 0.000 0.005
0.782 0.911 0.000 0.005
0.782 0.927 0.000 0.005
0.782 0.944 0.000 0.005
0.782 0.960 0.000 0.005
0.782 0.976 0.000 0.005
0.782 0.992 0.000 0.005
0.798 0.008 0.000 0.005
0.798 0.024 0.000 0.005
0.798 0.040 0.000 0.005
0.798 0.056 0.000 0.005
0.798 0.073 0.000 0.005
0.798 0.089 0.000 0.005
0.798 0.105 0.000 0.005
0.798 0.121 0.000 0.005
0.798 0.137 0.000 0.005
0.798 0.153 0.000 0.005
0.798 0.169 0.000 0.005
0.798 0.185 0.000 0.005
0.798 0.202 0.000 0.005
0.798 0.218 0.000 0.005
0.798 0.234 0.000 0.005
0.798 0.250 0.000 0.005
0.798 0.266 0.000 0.005
0.798 0.282 0.000 0.005
0.798 0.298 0.000 0.005
0.798 0.315 0.000 0.005
0.798 0.331 0.000 0.005
0.798 0.347 0.000 0.005
0.798 0.363 0.000 0.005
0.798 0.379 0.000 0.005
0.798 0.395 0.000 0.005
0.798 0.411 0.000 0.005
0.798 0.427 0.000 0.005
0.798 0.444 0.000 0.005
0.798 0.460 0.000 0.005
0.798 0.476 0.000 0.005
0.798 0.492 0.000 0.005
0.798 0.508 0.000 0.005
0.798 0.524 0.000 0.005
0.798 0.540 0.000 0.005
0.798 0.556 0.000 0.005
0.798 0.573 0.000 0.005
0.798 0.589 0.000 0.005
0.798 0.605 0.000 0.005
0.798 0.621 0.000 0.005
0.798 0.637 0.000 0.005
0.798 0.653 0.000 0.005
0.798 0.669 0.000 0.005
0.798 0.685 0.000 0.005
0.798 0.702 0.000 0.005
0.798 0.718 0.000 0.005
0.798 0.734 0.000 0.005
0.798 0.750 0.000 0.005
0.798 0.766 0.000 0.005
0.798 0.782 0.000 0.005
0.798 0.798 0.000 0.005
0.798 0.815 0.000 0.005
0.798 0.831 0.000 0.005
0.798 0.847 0.000 0.005
0.798 0.863 0.000 0.005
0.798 0.879 0.000 0.005
0.798 0.895 0.000 0.005
0.798 0.911 0.000 0.005
0.798 0.927 0.000 0.005
0.798 0.944 0.000 0.005
0.798 0.960 0.000 0.005
0.798 0.976 0.000 0.005
0.798 0.992 0.000 0.005
0.815 0.008 0.000 0.005
0.815 0.024 0.000 0.005
0.815 0.040 0.000 0.005
0.815 0.056 0.000 0.005
0.815 0.073 0.000 0.005
0.815 0.089 0.000 0.005
0.815 0.105 0.000 0.005
0.815 0.121 0.000 0.005
0.815 0.137 0.000 0.005
0.815 0.153 0.000 0.005
0.815 0.169 0.000 0.005
0.815 0.185 0.000 0.005
0.815 0.202 0.000 0.005
0.815 0.218 0.000 0.005
0.815 0.234 0.000 0.005
0.815 0.250 0.000 0.005
0.815 0.266 0.000 0.005
0.815 0.282 0.000 0.005
0.815 0.298 0.000 0.005
0.815 0.315 0.000 0.005
0.815 0.331 0.000 0.005
0.815 0.347 0.000 0.005
0.815 0.363 0.000 0.005
0.815 0.379 0.000 0.005
0.815 0.395 0.000 0.005
0.815 0.411 0.000 0.005
0.815 0.427 0.000 0.005
0.815 0.444 0.000 0.005
0.815 0.460 0.000 0.005
0.815 0.476 0.000 0.005
0.815 0.492 0.000 0.005
0.815 0.508 0.000 0.005
0.815 0.524 0.000 0.005
0.815 0.540 0.000 0.005
0.815 0.556 0.000 0.005
0.815 0.573 0.000 0.005
0.815 0.589 0.000 0.005
0.815 0.605 0.000 0.005
0.815 0.621 0.000 0.005
0.815 0.637 0.000 0.005
0.815 0.653 0.000 0.005
0.815 0.669 0.000 0.005
0.815 0.685 0.000 0.005
0.815 0.702 0.000 0.005
0.815 0.718 0.000 0.005
0.815 0.734 0.000 0.005
0.815 0.750 0.000 0.005
0.815 0.766 0.000 0.005
0.815 0.782 0.000 0.005
0.815 0.798 0.000 0.005
0.815 0.815 0.000 0.005
0.815 0.831 0.000 0.005
0.815 0.847 0.000 0.005
0.815 0.863 0.000 0.005
0.815 0.879 0.000 0.005
0.815 0.895 0.000 0.005
0.815 0.911 0.000 0.005
0.815 0.927 0.000 0.005
0.815 0.944 0.000 0.005
0.815 0.960 0.000 0.005
0.815 0.976 0.000 0.005
0.815 0.992 0.000 0.005
0.831 0.008 0.000 0.005
0.831 0.024 0.000 0.005
0.831 0.040 0.000 0.005
0.831 0.056 0.000 0.005
0.831 0.073 0.000 0.005
0.831 0.089 0.000 0.005
0.831 0.105 0.000 0.005
0.831 0.121 0.000 0.005
0.831 0.137 0.000 0.005
0.831 0.153 0.000 0.005
0.831 0.169 0.000 0.005
0.831 0.185 0.000 0.005
0.831 0.202 0.000 0.005
0.831 0.218 0.000 0.005
0.831 0.234 0.000 0.005
0.831 0.250 0.000 0.005
0.831 0.266 0.000 0.005
0.831 0.282 0.000 0.005
0.831 0.298 0.000 0.005
0.831 0.315 0.000 0.005
0.831 0.331 0.000 0.005
0.831 0.347 0.000 0.005
0.831 0.363 0.000 0.005
0.831 0.379 0.000 0.005
0.831 0.395 0.000 0.005
0.831 0.411 0.000 0.005
0.831 0.427 0.000 0.005
0.831 0.444 0.000 0.005
0.831 0.460 0.000 0.005
0.831 0.476 0.000 0.005
0.831 0.492 0.000 0.005
0.831 0.508 0.000 0.005
0.831 0.524 0.000 0.005
0.831 0.540 0.000 0.005
0.831 0.556 0.000 0.005
0.831 0.573 0.000 0.005
0.831 0.589 0.000 0.005
0.831 0.605 0.000 0.005
0.831 0.621 0.000 0.005
0.831 0.637 0.000 0.005
0.831 0.653 0.000 0.005
0.831 0.669 0.000 0.005
0.831 0.685 0.000 0.005
0.831 0.702 0.000 0.005
0.831 0.718 0.000 0.005
0.831 0.734 0.000 0.005
0.831 0.750 0.000 0.005
0.831 0.766 0.000 0.005
0.831 0.782 0.000 0.005
0.831 0.798 0.000 0.005
0.831 0.815 0.000 0.005
0.831 0.831 0.000 0.005
0.831 0.847 0.000 0.005
0.831 0.863 0.000 0.005
0.831 0.879 0.000 0.005
0.831 0.895 0.000 0.005
0.831 0.911 0.000 0.005
0.831 0.927 0.000 0.005
0.831 0.944 0.000 0.005
0.831 0.960 0.000 0.005
0.831 0.976 0.000 0.005
0.831 0.992 0.000 0.005
0.847 0.008 0.000 0.005
0.847 0.024 0.000 0.005
0.847 0.040 0.000 0.005
0.847 0.056 0.000 0.005
0.847 0.073 0.000 0.005
0.847 0.089 0.000 0.005
0.847 0.105 0.000 0.005
0.847 0.121 0.000 0.005
0.847 0.137 0.000 0.005
0.847 0.153 0.000 0.005
0.847 0.169 0.000 0.005
0.847 0.185 0.000 0.005
0.847 0.202 0.000 0.005
0.847 0.218 0.000 0.005
0.847 0.234 0.000 0.005
0.847 0.250 0.000 0.005
0.847 0.266 0.000 0.005
0.847 0.282 0.000 0.005
0.847 0.298 0.000 0.005
0.847 0.315 0.000 0.005
0.847 0.331 0.000 0.005
0.847 0.347 0.000 0.005
0.847 0.363 0.000 0.005
0.847 0.379 0.000 0.005
0.847 0.395 0.000 0.005
0.847 0.411 0.000 0.005
0.847 0.427 0.000 0.005
0.847 0.444 0.000 0.005
0.847 0.460 0.000 0.005
0.847 0.476 0.000 0.005
0.847 0.492 0.000 0.005
0.847 0.508 0.000 0.005
0.847 0.524 0.000 0.005
0.847 0.540 0.000 0.005
0.847 0.556 0.000 0.005
0.847 0.573 0.000 0.005
0.847 0.589 0.000 0.005
0.847 0.605 0.000 0.005
0.847 0.621 0.000 0.005
0.847 0.637 0.000 0.005
0.847 0.653 0.000 0.005
0.847 0.669 0.000 0.005
0.847 0.685 0.000 0.005
0.847 0.702 0.000 0.005
0.847 0.718 0.000 0.005
0.847 0.734 0.000 0.005
0.847 0.750 0.000 0.005
0.847 0.766 0.000 0.005
0.847 0.782 0.000 0.005
0.847 0.798 0.000 0.005
0.847 0.815 0.000 0.005
0.847 0.831 0.000 0.005
0.847 0.847 0.000 0.005
0.847 0.863 0.000 0.005
0.847 0.879 0.000 0.005
0.847 0.895 0.000 0.005
0.847 0.911 0.000 0.005
0.847 0.927 0.000 0.005
0.847 0.944 0.000 0.005
0.847 0.960 0.000 0.005
0.847 0.976 0.000 0.005
0.847 0.992 0.000 0.005
0.863 0.008 0.000 0.005
0.863 0.024 0.000 0.005
0.863 0.040 0.000 0.005
0.863 0.056 0.000 0.005
0.863 0.073 0.000 0.005
0.863 0.089 0.000 0.005
0.863 0.105 0.000 0.005
0.863 0.121 0.000 0.005
0.863 0.137 0.000 0.005
0.863 0.153 0.000 0.005
0.863 0.169 0.000 0.005
0.863 0.185 0.000 0.005
0.863 0.202 0.000 0.005
0.863 0.218 0.000 0.005
0.863 0.234 0.000 0.005
0.863 0.250 0.000 0.005
0.863 0.266 0.000 0.005
0.863 0.282 0.000 0.005
0.863 0.298 0.000 0.005
0.863 0.315 0.000 0.005
0.863 0.331 0.000 0.005
0.863 0.347 0.000 0.005
0.863 0.363 0.000 0.005
0.863 0.379 0.000 0.005
0.863 0.395 0.000 0.005
0.863 0.411 0.000 0.005
0.863 0.427 0.000 0.005
0.863 0.444 0.000 0.005
0.863 0.460 0.000 0.005
0.863 0.476 0.000 0.005
0.863 0.492 0.000 0.005
0.863 0.508 0.000 0.005
0.863 0.524 0.000 0.005
0.863 0.540 0.000 0.005
0.863 0.556 0.000 0.005
0.863 0.573 0.000 0.005
0.863 0.589 0.000 0.005
0.863 0.605 0.000 0.005
0.863 0.621 0.000 0.005
0.863 0.637 0.000 0.005
0.863 0.653 0.000 0.005
0.863 0.669 0.000 0.005
0.863 0.685 0.000 0.005
0.863 0.702 0.000 0.005
0.863 0.718 0.000 0.005
0.863 0.734 0.000 0.005
0.863 0.750 0.000 0.005
0.863 0.766 0.000 0.005
0.863 0.782 0.000 0.005
0.863 0.798 0.000 0.005
0.863 0.815 0.000 0.005
0.863 0.831 0.000 0.005
0.863 0.847 0.000 0.005
0.863 0.863 0.000 0.005
0.863 0.879 0.000 0.005
0.863 0.895 0.000 0.005
0.863 0.911 0.000 0.005
0.863 0.927 0.000 0.005
0.863 0.944 0.000 0.005
0.863 0.960 0.000 0.005
0.863 0.976 0.000 0.005
0.863 0.992 0.000 0.005
0.879 0.008 0.000 0.005
0.879 0.024 0.000 0.005
0.879 0.040 0.000 0.005
0.879 0.056 0.000 0.005
0.879 0.073 0.000 0.005
0.879 0.089 0.000 0.005
0.879 0.105 0.000 0.005
0.879 0.121 0.000 0.005
0.879 0.137 0.000 0.005
0.879 0.153 0.000 0.005
0.879 0.169 0.000 0.005
0.879 0.185 0.000 0.005
0.879 0.202 0.000 0.005
0.879 0.218 0.000 0.005
0.879 0.234 0.000 0.005
0.879 0.250 0.000 0.005
0.879 0.266 0.000 0.005
0.879 0.282 0.000 0.005
0.879 0.298 0.000 0.005
0.879 0.315 0.000 0.005
0.879 0.331 0.000 0.005
0.879 0.347 0.000 0.005
0.879 0.363 0.000 0.005
0.879 0.379 0.000 0.005
0.879 0.395 0.000 0.005
0.879 0.411 0.000 0.005
0.879 0.427 0.000 0.005
0.879 0.444 0.000 0.005
0.879 0.460 0.000 0.005
0.879 0.476 0.000 0.005
0.879 0.492 0.000 0.005
0.879 0.508 0.000 0.005
0.879 0.524 0.000 0.005
0.879 0.540 0.000 0.005
0.879 0.556 0.000 0.005
0.879 0.573 0.000 0.005
0.879 0.589 0.000 0.005
0.879 0.605 0.000 0.005
0.879 0.621 0.000 0.005
0.879 0.637 0.000 0.005
0.879 0.653 0.000 0.005
0.879 0.669 0.000 0.005
0.879 0.685 0.000 0.005
0.879 0.702 0.000 0.005
0.879 0.718 0.000 0.005
0.879 0.734 0.000 0.005
0.879 0.750 0.000 0.005
0.879 0.766 0.000 0.005
0.879 0.782 0.000 0.005
0.879 0.798 0.000 0.005
0.879 0.815 0.000 0.005
0.879 0.831 0.000 0.005
0.879 0.847 0.000 0.005
0.879 0.863 0.000 0.005
0.879 0.879 0.000 0.005
0.879 0.895 0.000 0.005
0.879 0.911 0.000 0.005
0.879 0.927 0.000 0.005
0.879 0.944 0.000 0.005
0.879 0.960 0.000 0.005
0.879 0.976 0.000 0.005
0.879 0.992 0.000 0.005
0.895 0.008 0.000 0.005
0.895 0.024 0.000 0.005
0.895 0.040 0.000 0.005
0.895 0.056 0.000 0.005
0.895 0.073 0.000 0.005
0.895 0.089 0.000 0.005
0.895 0.105 0.000 0.005
0.895 0.121 0.000 0.005
0.895 0.137 0.000 0.005
0.895 0.153 0.000 0.005
0.895 0.169 0.000 0.005
0.895 0.185 0.000 0.005
0.895 0.202 0.000 0.005
0.895 0.218 0.000 0.005
0.895 0.234 0.000 0.005
0.895 0.250 0.000 0.005
0.895 0.266 0.000 0.005
0.895 0.282 0.000 0.005
0.895 0.298 0.000 0.005
0.895 0.315 0.000 0.005
0.895 0.331 0.000 0.005
0.895 0.347 0.000 0.005
0.895 0.363 0.000 0.005
0.895 0.379 0.000 0.005
0.895 0.395 0.000 0.005
0.895 0.411 0.000 0.005
0.895 0.427 0.000 0.005
0.895 0.444 0.000 0.005
0.895 0.460 0.000 0.005
0.895 0.476 0.000 0.005
0.895 0.492 0.000 0.005
0.895 0.508 0.000 0.005
0.895 0.524 0.000 0.005
0.895 0.540 0.000 0.005
0.895 0.556 0.000 0.005
0.895 0.573 0.000 0.005
0.895 0.589 0.000 0.005
0.895 0.605 0.000 0.005
0.895 0.621 0.000 0.005
0.895 0.637 0.000 0.005
0.895 0.653 0.000 0.005
0.895 0.669 0.000 0.005
0.895 0.685 0.000 0.005
0.895 0.702 0.000 0.005
0.895 0.718 0.000 0.005
0.895 0.734 0.000 0.005
0.895 0.750 0.000 0.005
0.895 0.766 0.000 0.005
0.895 0.782 0.000 0.005
0.895 0.798 0.000 0.005
0.895 0.815 0.000 0.005
0.895 0.831 0.000 0.005
0.895 0.847 0.000 0.005
0.895 0.863 0.000 0.005
0.895 0.879 0.000 0.005
0.895 0.895 0.000 0.005
0.895 0.911 0.000 0.005
0.895 0.927 0.000 0.005
0.895 0.944 0.000 0.005
0.895 0.960 0.000 0.005
0.895 0.976 0.000 0.005
0.895 0.992 0.000 0.005
0.911 0.008 0.000 0.005
0.911 0.024 0.000 0.005
0.911 0.040 0.000 0.005
0.911 0.056 0.000 0.005
0.911 0.073 0.000 0.005
0.911 0.089 0.000 0.005
0.911 0.105 0.000 0.005
0.911 0.121 0.000 0.005
0.911 0.137 0.000 0.005
0.911 0.153 0.000 0.005
0.911 0.169 0.000 0.005
0.911 0.185 0.000 0.005
0.911 0.202 0.000 0.005
0.911 0.218 0.000 0.005
0.911 0.234 0.000 0.005
0.911 0.250 0.000 0.005
0.911 0.266 0.000 0.005
0.911 0.282 0.000 0.005
0.911 0.298 0.000 0.005
0.911 0.315 0.000 0.005
0.911 0.331 0.000 0.005
0.911 0.347 0.000 0.005
0.911 0.363 0.000 0.005
0.911 0.379 0.000 0.005
0.911 0.395 0.000 0.005
0.911 0.411 0.000 0.005
0.911 0.427 0.000 0.005
0.911 0.444 0.000 0.005
0.911 0.460 0.000 0.005
0.911 0.476 0.000 0.005
0.911 0.492 0.000 0.005
0.911 0.508 0.000 0.005
0.911 0.524 0.000 0.005
0.911 0.540 0.000 0.005
0.911 0.556 0.000 0.005
0.911 0.573 0.000 0.005
0.911 0.589 0.000 0.005
0.911 0.605 0.000 0.005
0.911 0.621 0.000 0.005
0.911 0.637 0.000 0.005
0.911 0.653 0.000 0.005
0.911 0.669 0.000 0.005
0.911 0.685 0.000 0.005
0.911 0.702 0.000 0.005
0.911 0.718 0.000 0.005
0.911 0.734 0.000 0.005
0.911 0.750 0.000 0.005
0.911 0.766 0.000 0.005
0.911 0.782 0.000 0.005
0.911 0.798 0.000 0.005
0.911 0.815 0.000 0.005
0.911 0.831 0.000 0.005
0.911 0.847 0.000 0.005
0.911 0.863 0.000 0.005
0.911 0.879 0.000 0.005
0.911 0.895 0.000 0.005
0.911 0.911 0.000 0.005
0.911 0.927 0.000 0.005
0.911 0.944 0.000 0.005
0.911 0.960 0.000 0.005
0.911 0.976 0.000 0.005
0.911 0.992 0.000 0.005
0.927 0.008 0.000 0.005
0.927 0.024 0.000 0.005
0.927 0.040 0.000 0.005
0.927 0.056 0.000 0.005
0.927 0.073 0.000 0.005
0.927 0.089 0.000 0.005
0.927 0.105 0.000 0.005
0.927 0.121 0.000 0.005
0.927 0.137 0.000 0.005
0.927 0.153 0.000 0.005
0.927 0.169 0.000 0.005
0.927 0.185 0.000 0.005
0.927 0.202 0.000 0.005
0.927 0.218 0.000 0.005
0.927 0.234 0.000 0.005
0.927 0.250 0.000 0.005
0.927 0.266 0.000 0.005
0.927 0.282 0.000 0.005
0.927 0.298 0.000 0.005
0.927 0.315 0.000 0.005
0.927 0.331 0.000 0.005
0.927 0.347 0.000 0.005
0.927 0.363 0.000 0.005
0.927 0.379 0.000 0.005
0.927 0.395 0.000 0.005
0.927 0.411 0.000 0.005
0.927 0.427 0.000 0.005
0.927 0.444 0.000 0.005
0.927 0.460 0.000 0.005
0.927 0.476 0.000 0.005
0.927 0.492 0.000 0.005
0.927 0.508 0.000 0.005
0.927 0.524 0.000 0.005
0.927 0.540 0.000 0.005
0.927 0.556 0.000 0.005
0.927 0.573 0.000 0.005
0.927 0.589 0.000 0.005
0.927 0.605 0.000 0.005
0.927 0.621 0.000 0.005
0.927 0.637 0.000 0.005
0.927 0.653 0.000 0.005
0.927 0.669 0.000 0.005
0.927 0.685 0.000 0.005
0.927 0.702 0.000 0.005
0.927 0.718 0.000 0.005
0.927 0.734 0.000 0.005
0.927 0.750 0.000 0.005
0.927 0.766 0.000 0.005
0.927 0.782 0.000 0.005
0.927 0.798 0.000 0.005
0.927 0.815 0.000 0.005
0.927 0.831 0.000 0.005
0.927 0.847 0.000 0.005
0.927 0.863 0.000 0.005
0.927 0.879 0.000 0.005
0.927 0.895 0.000 0.005
0.927 0.911 0.000 0.005
0.927 0.927 0.000 0.005
0.927 0.944 0.000 0.005
0.927 0.960 0.000 0.005
0.927 0.976 0.000 0.005
0.927 0.992 0.000 0.005
0.944 0.008 0.000 0.005
0.944 0.024 0.000 0.005
0.944 0.040 0.000 0.005
0.944 0.056 0.000 0.005
0.944 0.073 0.000 0.005
0.944 0.089 0.000 0.005
0.944 0.105 0.000 0.005
0.944 0.121 0.000 0.005
0.944 0.137 0.000 0.005
0.944 0.153 0.000 0.005
0.944 0.169 0.000 0.005
0.944 0.185 0.000 0.005
0.944 0.202 0.000 0.005
0.944 0.218 0.000 0.005
0.944 0.234 0.000 0.005
0.944 0.250 0.000 0.005
0.944 0.266 0.000 0.005
0.944 0.282 0.000 0.005
0.944 0.298 0.000 0.005
0.944 0.315 0.000 0.005
0.944 0.331 0.000 0.005
0.944 0.347 0.000 0.005
0.944 0.363 0.000 0.005
0.944 0.379 0.000 0.005
0.944 0.395 0.000 0.005
0.944 0.411 0.000 0.005
0.944 0.427 0.000 0.005
0.944 0.444 0.000 0.005
0.944 0.460 0.000 0.005
0.944 0.476 0.000 0.005
0.944 0.492 0.000 0.005
0.944 0.508 0.000 0.005
0.944 0.524 0.000 0.005
0.944 0.540 0.000 0.005
0.944 0.556 0.000 0.005
0.944 0.573 0.000 0.005
0.944 0.589 0.000 0.005
0.944 0.605 0.000 0.005
0.944 0.621 0.000 0.005
0.944 0.637 0.000 0.005
0.944 0.653 0.000 0.005
0.944 0.669 0.000 0.005
0.944 0.685 0.000 0.005
0.944 0.702 0.000 0.005
0.944 0.718 0.000 0.005
0.944 0.734 0.000 0.005
0.944 0.750 0.000 0.005
0.944 0.766 0.000 0.005
0.944 0.782 0.000 0.005
0.944 0.798 0.000 0.005
0.944 0.815 0.000 0.005
0.944 0.831 0.000 0.005
0.944 0.847 0.000 0.005
0.944 0.863 0.000 0.005
0.944 0.879 0.000 0.005
0.944 0.895 0.000 0.005
0.944 0.911 0.000 0.005
0.944 0.927 0.000 0.005
0.944 0.944 0.000 0.005
0.944 0.960 0.000 0.005
0.944 0.976 0.000 0.005
0.944 0.992 0.000 0.005
0.960 0.008 0.000 0.005
0.960 0.024 0.000 0.005
0.960 0.040 0.000 0.005
0.960 0.056 0.000 0.005
0.960 0.073 0.000 0.005
0.960 0.089 0.000 0.005
0.960 0.105 0.000 0.005
0.960 0.121 0.000 0.005
0.960 0.137 0.000 0.005
0.960 0.153 0.000 0.005
0.960 0.169 0.000 0.005
0.960 0.185 0.000 0.005
0.960 0.202 0.000 0.005
0.960 0.218 0.000 0.005
0.960 0.234 0.000 0.005
0.960 0.250 0.000 0.005
0.960 0.266 0.000 0.005
0.960 0.282 0.000 0.005
0.960 0.298 0.000 0.005
0.960 0.315 0.000 0.005
0.960 0.331 0.000 0.005
0.960 0.347 0.000 0.005
0.960 0.363 0.000 0.005
0.960 0.379 0.000 0.005
0.960 0.395 0.000 0.005
0.960 0.411 0.000 0.005
0.960 0.427 0.000 0.005
0.960 0.444 0.000 0.005
0.960 0.460 0.000 0.005
0.960 0.476 0.000 0.005
0.960 0.492 0.000 0.005
0.960 0.508 0.000 0.005
0.960 0.524 0.000 0.005
0.960 0.540 0.000 0.005
0.960 0.556 0.000 0.005
0.960 0.573 0.000 0.005
0.960 0.589 0.000 0.005
0.960 0.605 0.000 0.005
0.960 0.621 0.000 0.005
0.960 0.637 0.000 0.005
0.960 0.653 0.000 0.005
0.960 0.669 0.000 0.005
0.960 0.685 0.000 0.005
0.960 0.702 0.000 0.005
0.960 0.718 0.000 0.005
0.960 0.734 0.000 0.005
0.960 0.750 0.000 0.005
0.960 0.766 0.000 0.005
0.960 0.782 0.000 0.005
0.960 0.798 0.000 0.005
0.960 0.815 0.000 0.005
0.960 0.831 0.000 0.005
0.960 0.847 0.000 0.005
0.960 0.863 0.000 0.005
0.960 0.879 0.000 0.005
0.960 0.895 0.000 0.005
0.960 0.911 0.000 0.005
0.960 0.927 0.000 0.005
0.960 0.944 0.000 0.005
0.960 0.960 0.000 0.005
0.960 0.976 0.000 0.005
0.960 0.992 0.000 0.005
0.976 0.008 0.000 0.005
0.976 0.024 0.000 0.005
0.976 0.040 0.000 0.005
0.976 0.056 0.000 0.005
0.976 0.073 0.000 0.005
0.976 0.089 0.000 0.005
0.976 0.105 0.000 0.005
0.976 0.121 0.000 0.005
0.976 0.137 0.000 0.005
0.976 0.153 0.000 0.005
0.976 0.169 0.000 0.005
0.976 0.185 0.000 0.005
0.976 0.202 0.000 0.005
0.976 0.218 0.000 0.005
0.976 0.234 0.000 0.005
0.976 0.250 0.000 0.005
0.976 0.266 0.000 0.005
0.976 0.282 0.000 0.005
0.976 0.298 0.000 0.005
0.976 0.315 0.000 0.005
0.976 0.331 0.000 0.005
0.976 0.347 0.000 0.005
0.976 0.363 0.000 0.005
0.976 0.379 0.000 0.005
0.976 0.395 0.000 0.005
0.976 0.411 0.000 0.005
0.976 0.427 0.000 0.005
0.976 0.444 0.000 0.005
0.976 0.460 0.000 0.005
0.976 0.476 0.000 0.005
0.976 0.492 0.000 0.005
0.976 0.508 0.000 0.005
0.976 0.524 0.000 0.005
0.976 0.540 0.000 0.005
0.976 0.556 0.000 0.005
0.976 0.573 0.000 0.005
0.976 0.589 0.000 0.005
0.976 0.605 0.000 0.005
0.976 0.621 0.000 0.005
0.976 0.637 0.000 0.005
0.976 0.653 0.000 0.005
0.976 0.669 0.000 0.005
0.976 0.685 0.000 0.005
0.976 0.702 0.000 0.005
0.976 0.718 0.000 0.005
0.976 0.734 0.000 0.005
0.976 0.750 0.000 0.005
0.976 0.766 0.000 0.005
0.976 0.782 0.000 0.005
0.976 0.798 0.000 0.005
0.976 0.815 0.000 0.005
0.976 0.831 0.000 0.005
0.976 0.847 0.000 0.005
0.976 0.863 0.000 0.005
0.976 0.879 0.000 0.005
0.976 0.895 0.000 0.005
0.976 0.911 0.000 0.005
0.976 0.927 0.000 0.005
0.976 0.944 0.000 0.005
0.976 0.960 0.000 0.005
0.976 0.976 0.000 0.005
0.976 0.992 0.000 0.005
0.992 0.008 0.000 0.005
0.992 0.024 0.000 0.005
0.992 0.040 0.000 0.005
0.992 0.056 0.000 0.005
0.992 0.073 0.000 0.005
0.992 0.089 0.000 0.005
0.992 0.105 0.000 0.005
0.992 0.121 0.000 0.005
0.992 0.137 0.000 0.005
0.992 0.153 0.000 0.005
0.992 0.169 0.000 0.005
0.992 0.185 0.000 0.005
0.992 0.202 0.000 0.005
0.992 0.218 0.000 0.005
0.992 0.234 0.000 0.005
0.992 0.250 0.000 0.005
0.992 0.266 0.000 0.005
0.992 0.282 0.000 0.005
0.992 0.298 0.000 0.005
0.992 0.315 0.000 0.005
0.992 0.331 0.000 0.005
0.992 0.347 0.000 0.005
0.992 0.363 0.000 0.005
0.992 0.379 0.000 0.005
0.992 0.395 0.000 0.005
0.992 0.411 0.000 0.005
0.992 0.427 0.000 0.005
0.992 0.444 0.000 0.005
0.992 0.460 0.000 0.005
0.992 0.476 0.000 0.005
0.992 0.492 0.000 0.005
0.992 0.508 0.000 0.005
0.992 0.524 0.000 0.005
0.992 0.540 0.000 0.005
0.992 0.556 0.000 0.005
0.992 0.573 0.000 0.005
0.992 0.589 0.000 0.005
0.992 0.605 0.000 0.005
0.992 0.621 0.000 0.005
0.992 0.637 0.000 0.005
0.992 0.653 0.000 0.005
0.992 0.669 0.000 0.005
0.992 0.685 0.000 0.005
0.992 0.702 0.000 0.005
0.992 0.718 0.000 0.005
0.992 0.734 0.000 0.005
0.992 0.750 0.000 0.005
0.992 0.766 0.000 0.005
0.992 0.782 0.000 0.005
0.992 0.798 0.000 0.005
0.992 0.815 0.000 0.005
0.992 0.831 0.000 0.005
0.992 0.847 0.000 0.005
0.992 0.863 0.000 0.005
0.992 0.879 0.000 0.005
0.992 0.895 0.000 0.005
0.992 0.911 0.000 0.005
0.992 0.927 0.000 0.005
0.992 0.944 0.000 0.005
0.992 0.960 0.000 0.005
0.992 0.976 0.000 0.005
0.992 0.992 0.000 0.005
