0.009 0.009 0.000 0.005
0.009 0.028 0.000 0.005
0.009 0.047 0.000 0.005
0.009 0.066 0.000 0.005
0.009 0.085 0.000 0.005
0.009 0.104 0.000 0.005
0.009 0.123 0.000 0.005
0.009 0.142 0.000 0.005
0.009 0.160 0.000 0.005
0.009 0.179 0.000 0.005
0.009 0.198 0.000 0.005
0.009 0.217 0.000 0.005
0.009 0.236 0.000 0.005
0.009 0.255 0.000 0.005
0.009 0.274 0.000 0.005
0.009 0.292 0.000 0.005
0.009 0.311 0.000 0.005
0.009 0.330 0.000 0.005
0.009 0.349 0.000 0.005
0.009 0.368 0.000 0.005
0.009 0.387 0.000 0.005
0.009 0.406 0.000 0.005
0.009 0.425 0.000 0.005
0.009 0.443 0.000 0.005
0.009 0.462 0.000 0.005
0.009 0.481 0.000 0.005
0.009 0.500 0.000 0.005
0.009 0.519 0.000 0.005
0.009 0.538 0.000 0.005
0.009 0.557 0.000 0.005
0.009 0.575 0.000 0.005
0.009 0.594 0.000 0.005
0.009 0.613 0.000 0.005
0.009 0.632 0.000 0.005
0.009 0.651 0.000 0.005
0.009 0.670 0.000 0.005
0.009 0.689 0.000 0.005
0.009 0.708 0.000 0.005
0.009 0.726 0.000 0.005
0.009 0.745 0.000 0.005
0.009 0.764 0.000 0.005
0.009 0.783 0.000 0.005
0.009 0.802 0.000 0.005
0.009 0.821 0.000 0.005
0.009 0.840 0.000 0.005
0.009 0.858 0.000 0.005
0.009 0.877 0.000 0.005
0.009 0.896 0.000 0.005
0.009 0.915 0.000 0.005
0.009 0.934 0.000 0.005
0.009 0.953 0.000 0.005
0.009 0.972 0.000 0.005
0.009 0.991 0.000 0.005
0.028 0.009 0.000 0.005
0.028 0.028 0.000 0.005
0.028 0.047 0.000 0.005
0.028 0.066 0.000 0.005
0.028 0.085 0.000 0.005
0.028 0.104 0.000 0.005
0.028 0.123 0.000 0.005
0.028 0.142 0.000 0.005
0.028 0.160 0.000 0.005
0.028 0.179 0.000 0.005
0.028 0.198 0.000 0.005
0.028 0.217 0.000 0.005
0.028 0.236 0.000 0.005
0.028 0.255 0.000 0.005
0.028 0.274 0.000 0.005
0.028 0.292 0.000 0.005
0.028 0.311 0.000 0.005
0.028 0.330 0.000 0.005
0.028 0.349 0.000 0.005
0.028 0.368 0.000 0.005
0.028 0.387 0.000 0.005
0.028 0.406 0.000 0.005
0.028 0.425 0.000 0.005
0.028 0.443 0.000 0.005
0.028 0.462 0.000 0.005
0.028 0.481 0.000 0.005
0.028 0.500 0.000 0.005
0.028 0.519 0.000 0.005
0.028 0.538 0.000 0.005
0.028 0.557 0.000 0.005
0.028 0.575 0.000 0.005
0.028 0.594 0.000 0.005
0.028 0.613 0.000 0.005
0.028 0.632 0.000 0.005
0.028 0.651 0.000 0.005
0.028 0.670 0.000 0.005
0.028 0.689 0.000 0.005
0.028 0.708 0.000 0.005
0.028 0.726 0.000 0.005
0.028 0.745 0.000 0.005
0.028 0.764 0.000 0.005
0.028 0.783 0.000 0.005
0.028 0.802 0.000 0.005
0.028 0.821 0.000 0.005
0.028 0.840 0.000 0.005
0.028 0.858 0.000 0.005
0.028 0.877 0.000 0.005
0.028 0.896 0.000 0.005
0.028 0.915 0.000 0.005
0.028 0.934 0.000 0.005
0.028 0.953 0.000 0.005
0.028 0.972 0.000 0.005
0.028 0.991 0.000 0.005
0.047 0.009 0.000 0.005
0.047 0.028 0.000 0.005
0.047 0.047 0.000 0.005
0.047 0.066 0.000 0.005
0.047 0.085 0.000 0.005
0.047 0.104 0.000 0.005
0.047 0.123 0.000 0.005
0.047 0.142 0.000 0.005
0.047 0.160 0.000 0.005
0.047 0.179 0.000 0.005
0.047 0.198 0.000 0.005
0.047 0.217 0.000 0.005
0.047 0.236 0.000 0.005
0.047 0.255 0.000 0.005
0.047 0.274 0.000 0.005
0.047 0.292 0.000 0.005
0.047 0.311 0.000 0.005
0.047 0.330 0.000 0.005
0.047 0.349 0.000 0.005
0.047 0.368 0.000 0.005
0.047 0.387 0.000 0.005
0.047 0.406 0.000 0.005
0.047 0.425 0.000 0.005
0.047 0.443 0.000 0.005
0.047 0.462 0.000 0.005
0.047 0.481 0.000 0.005
0.047 0.500 0.000 0.005
0.047 0.519 0.000 0.005
0.047 0.538 0.000 0.005
0.047 0.557 0.000 0.005
0.047 0.575 0.000 0.005
0.047 0.594 0.000 0.005
0.047 0.613 0.000 0.005
0.047 0.632 0.000 0.005
0.047 0.651 0.000 0.005
0.047 0.670 0.000 0.005
0.047 0.689 0.000 0.005
0.047 0.708 0.000 0.005
0.047 0.726 0.000 0.005
0.047 0.745 0.000 0.005
0.047 0.764 0.000 0.005
0.047 0.783 0.000 0.005
0.047 0.802 0.000 0.005
0.047 0.821 0.000 0.005
0.047 0.840 0.000 0.005
0.047 0.858 0.000 0.005
0.047 0.877 0.000 0.005
0.047 0.896 0.000 0.005
0.047 0.915 0.000 0.005
0.047 0.934 0.000 0.005
0.047 0.953 0.000 0.005
0.047 0.972 0.000 0.005
0.047 0.991 0.000 0.005
0.066 0.009 0.000 0.005
0.066 0.028 0.000 0.005
0.066 0.047 0.000 0.005
0.066 0.066 0.000 0.005
0.066 0.085 0.000 0.005
0.066 0.104 0.000 0.005
0.066 0.123 0.000 0.005
0.066 0.142 0.000 0.005
0.066 0.160 0.000 0.005
0.066 0.179 0.000 0.005
0.066 0.198 0.000 0.005
0.066 0.217 0.000 0.005
0.066 0.236 0.000 0.005
0.066 0.255 0.000 0.005
0.066 0.274 0.000 0.005
0.066 0.292 0.000 0.005
0.066 0.311 0.000 0.005
0.066 0.330 0.000 0.005
0.066 0.349 0.000 0.005
0.066 0.368 0.000 0.005
0.066 0.387 0.000 0.005
0.066 0.406 0.000 0.005
0.066 0.425 0.000 0.005
0.066 0.443 0.000 0.005
0.066 0.462 0.000 0.005
0.066 0.481 0.000 0.005
0.066 0.500 0.000 0.005
0.066 0.519 0.000 0.005
0.066 0.538 0.000 0.005
0.066 0.557 0.000 0.005
0.066 0.575 0.000 0.005
0.066 0.594 0.000 0.005
0.066 0.613 0.000 0.005
0.066 0.632 0.000 0.005
0.066 0.651 0.000 0.005
0.066 0.670 0.000 0.005
0.066 0.689 0.000 0.005
0.066 0.708 0.000 0.005
0.066 0.726 0.000 0.005
0.066 0.745 0.000 0.005
0.066 0.764 0.000 0.005
0.066 0.783 0.000 0.005
0.066 0.802 0.000 0.005
0.066 0.821 0.000 0.005
0.066 0.840 0.000 0.005
0.066 0.858 0.000 0.005
0.066 0.877 0.000 0.005
0.066 0.896 0.000 0.005
0.066 0.915 0.000 0.005
0.066 0.934 0.000 0.005
0.066 0.953 0.000 0.005
0.066 0.972 0.000 0.005
0.066 0.991 0.000 0.005
0.085 0.009 0.000 0.005
0.085 0.028 0.000 0.005
0.085 0.047 0.000 0.005
0.085 0.066 0.000 0.005
0.085 0.085 0.000 0.005
0.085 0.104 0.000 0.005
0.085 0.123 0.000 0.005
0.085 0.142 0.000 0.005
0.085 0.160 0.000 0.005
0.085 0.179 0.000 0.005
0.085 0.198 0.000 0.005
0.085 0.217 0.000 0.005
0.085 0.236 0.000 0.005
0.085 0.255 0.000 0.005
0.085 0.274 0.000 0.005
0.085 0.292 0.000 0.005
0.085 0.311 0.000 0.005
0.085 0.330 0.000 0.005
0.085 0.349 0.000 0.005
0.085 0.368 0.000 0.005
0.085 0.387 0.000 0.005
0.085 0.406 0.000 0.005
0.085 0.425 0.000 0.005
0.085 0.443 0.000 0.005
0.085 0.462 0.000 0.005
0.085 0.481 0.000 0.005
0.085 0.500 0.000 0.005
0.085 0.519 0.000 0.005
0.085 0.538 0.000 0.005
0.085 0.557 0.000 0.005
0.085 0.575 0.000 0.005
0.085 0.594 0.000 0.005
0.085 0.613 0.000 0.005
0.085 0.632 0.000 0.005
0.085 0.651 0.000 0.005
0.085 0.670 0.000 0.005
0.085 0.689 0.000 0.005
0.085 0.708 0.000 0.005
0.085 0.726 0.000 0.005
0.085 0.745 0.000 0.005
0.085 0.764 0.000 0.005
0.085 0.783 0.000 0.005
0.085 0.802 0.000 0.005
0.085 0.821 0.000 0.005
0.085 0.840 0.000 0.005
0.085 0.858 0.000 0.005
0.085 0.877 0.000 0.005
0.085 0.896 0.000 0.005
0.085 0.915 0.000 0.005
0.085 0.934 0.000 0.005
0.085 0.953 0.000 0.005
0.085 0.972 0.000 0.005
0.085 0.991 0.000 0.005
0.104 0.009 0.000 0.005
0.104 0.028 0.000 0.005
0.104 0.047 0.000 0.005
0.104 0.066 0.000 0.005
0.104 0.085 0.000 0.005
0.104 0.104 0.000 0.005
0.104 0.123 0.000 0.005
0.104 0.142 0.000 0.005
0.104 0.160 0.000 0.005
0.104 0.179 0.000 0.005
0.104 0.198 0.000 0.005
0.104 0.217 0.000 0.005
0.104 0.236 0.000 0.005
0.104 0.255 0.000 0.005
0.104 0.274 0.000 0.005
0.104 0.292 0.000 0.005
0.104 0.311 0.000 0.005
0.104 0.330 0.000 0.005
0.104 0.349 0.000 0.005
0.104 0.368 0.000 0.005
0.104 0.387 0.000 0.005
0.104 0.406 0.000 0.005
0.104 0.425 0.000 0.005
0.104 0.443 0.000 0.005
0.104 0.462 0.000 0.005
0.104 0.481 0.000 0.005
0.104 0.500 0.000 0.005
0.104 0.519 0.000 0.005
0.104 0.538 0.000 0.005
0.104 0.557 0.000 0.005
0.104 0.575 0.000 0.005
0.104 0.594 0.000 0.005
0.104 0.613 0.000 0.005
0.104 0.632 0.000 0.005
0.104 0.651 0.000 0.005
0.104 0.670 0.000 0.005
0.104 0.689 0.000 0.005
0.104 0.708 0.000 0.005
0.104 0.726 0.000 0.005
0.104 0.745 0.000 0.005
0.104 0.764 0.000 0.005
0.104 0.783 0.000 0.005
0.104 0.802 0.000 0.005
0.104 0.821 0.000 0.005
0.104 0.840 0.000 0.005
0.104 0.858 0.000 0.005
0.104 0.877 0.000 0.005
0.104 0.896 0.000 0.005
0.104 0.915 0.000 0.005
0.104 0.934 0.000 0.005
0.104 0.953 0.000 0.005
0.104 0.972 0.000 0.005
0.104 0.991 0.000 0.005
0.123 0.009 0.000 0.005
0.123 0.028 0.000 0.005
0.123 0.047 0.000 0.005
0.123 0.066 0.000 0.005
0.123 0.085 0.000 0.005
0.123 0.104 0.000 0.005
0.123 0.123 0.000 0.005
0.123 0.142 0.000 0.005
0.123 0.160 0.000 0.005
0.123 0.179 0.000 0.005
0.123 0.198 0.000 0.005
0.123 0.217 0.000 0.005
0.123 0.236 0.000 0.005
0.123 0.255 0.000 0.005
0.123 0.274 0.000 0.005
0.123 0.292 0.000 0.005
0.123 0.311 0.000 0.005
0.123 0.330 0.000 0.005
0.123 0.349 0.000 0.005
0.123 0.368 0.000 0.005
0.123 0.387 0.000 0.005
0.123 0.406 0.000 0.005
0.123 0.425 0.000 0.005
0.123 0.443 0.000 0.005
0.123 0.462 0.000 0.005
0.123 0.481 0.000 0.005
0.123 0.500 0.000 0.005
0.123 0.519 0.000 0.005
0.123 0.538 0.000 0.005
0.123 0.557 0.000 0.005
0.123 0.575 0.000 0.005
0.123 0.594 0.000 0.005
0.123 0.613 0.000 0.005
0.123 0.632 0.000 0.005
0.123 0.651 0.000 0.005
0.123 0.670 0.000 0.005
0.123 0.689 0.000 0.005
0.123 0.708 0.000 0.005
0.123 0.726 0.000 0.005
0.123 0.745 0.000 0.005
0.123 0.764 0.000 0.005
0.123 0.783 0.000 0.005
0.123 0.802 0.000 0.005
0.123 0.821 0.000 0.005
0.123 0.840 0.000 0.005
0.123 0.858 0.000 0.005
0.123 0.877 0.000 0.005
0.123 0.896 0.000 0.005
0.123 0.915 0.000 0.005
0.123 0.934 0.000 0.005
0.123 0.953 0.000 0.005
0.123 0.972 0.000 0.005
0.123 0.991 0.000 0.005
0.142 0.009 0.000 0.005
0.142 0.028 0.000 0.005
0.142 0.047 0.000 0.005
0.142 0.066 0.000 0.005
0.142 0.085 0.000 0.005
0.142 0.104 0.000 0.005
0.142 0.123 0.000 0.005
0.142 0.142 0.000 0.005
0.142 0.160 0.000 0.005
0.142 0.179 0.000 0.005
0.142 0.198 0.000 0.005
0.142 0.217 0.000 0.005
0.142 0.236 0.000 0.005
0.142 0.255 0.000 0.005
0.142 0.274 0.000 0.005
0.142 0.292 0.000 0.005
0.142 0.311 0.000 0.005
0.142 0.330 0.000 0.005
0.142 0.349 0.000 0.005
0.142 0.368 0.000 0.005
0.142 0.387 0.000 0.005
0.142 0.406 0.000 0.005
0.142 0.425 0.000 0.005
0.142 0.443 0.000 0.005
0.142 0.462 0.000 0.005
0.142 0.481 0.000 0.005
0.142 0.500 0.000 0.005
0.142 0.519 0.000 0.005
0.142 0.538 0.000 0.005
0.142 0.557 0.000 0.005
0.142 0.575 0.000 0.005
0.142 0.594 0.000 0.005
0.142 0.613 0.000 0.005
0.142 0.632 0.000 0.005
0.142 0.651 0.000 0.005
0.142 0.670 0.000 0.005
0.142 0.689 0.000 0.005
0.142 0.708 0.000 0.005
0.142 0.726 0.000 0.005
0.142 0.745 0.000 0.005
0.142 0.764 0.000 0.005
0.142 0.783 0.000 0.005
0.142 0.802 0.000 0.005
0.142 0.821 0.000 0.005
0.142 0.840 0.000 0.005
0.142 0.858 0.000 0.005
0.142 0.877 0.000 0.005
0.142 0.896 0.000 0.005
0.142 0.915 0.000 0.005
0.142 0.934 0.000 0.005
0.142 0.953 0.000 0.005
0.142 0.972 0.000 0.005
0.142 0.991 0.000 0.005
0.160 0.009 0.000 0.005
0.160 0.028 0.000 0.005
0.160 0.047 0.000 0.005
0.160 0.066 0.000 0.005
0.160 0.085 0.000 0.005
0.160 0.104 0.000 0.005
0.160 0.123 0.000 0.005
0.160 0.142 0.000 0.005
0.160 0.160 0.000 0.005
0.160 0.179 0.000 0.005
0.160 0.198 0.000 0.005
0.160 0.217 0.000 0.005
0.160 0.236 0.000 0.005
0.160 0.255 0.000 0.005
0.160 0.274 0.000 0.005
0.160 0.292 0.000 0.005
0.160 0.311 0.000 0.005
0.160 0.330 0.000 0.005
0.160 0.349 0.000 0.005
0.160 0.368 0.000 0.005
0.160 0.387 0.000 0.005
0.160 0.406 0.000 0.005
0.160 0.425 0.000 0.005
0.160 0.443 0.000 0.005
0.160 0.462 0.000 0.005
0.160 0.481 0.000 0.005
0.160 0.500 0.000 0.005
0.160 0.519 0.000 0.005
0.160 0.538 0.000 0.005
0.160 0.557 0.000 0.005
0.160 0.575 0.000 0.005
0.160 0.594 0.000 0.005
0.160 0.613 0.000 0.005
0.160 0.632 0.000 0.005
0.160 0.651 0.000 0.005
0.160 0.670 0.000 0.005
0.160 0.689 0.000 0.005
0.160 0.708 0.000 0.005
0.160 0.726 0.000 0.005
0.160 0.745 0.000 0.005
0.160 0.764 0.000 0.005
0.160 0.783 0.000 0.005
0.160 0.802 0.000 0.005
0.160 0.821 0.000 0.005
0.160 0.840 0.000 0.005
0.160 0.858 0.000 0.005
0.160 0.877 0.000 0.005
0.160 0.896 0.000 0.005
0.160 0.915 0.000 0.005
0.160 0.934 0.000 0.005
0.160 0.953 0.000 0.005
0.160 0.972 0.000 0.005
0.160 0.991 0.000 0.005
0.179 0.009 0.000 0.005
0.179 0.028 0.000 0.005
0.179 0.047 0.000 0.005
0.179 0.066 0.000 0.005
0.179 0.085 0.000 0.005
0.179 0.104 0.000 0.005
0.179 0.123 0.000 0.005
0.179 0.142 0.000 0.005
0.179 0.160 0.000 0.005
0.179 0.179 0.000 0.005
0.179 0.198 0.000 0.005
0.179 0.217 0.000 0.005
0.179 0.236 0.000 0.005
0.179 0.255 0.000 0.005
0.179 0.274 0.000 0.005
0.179 0.292 0.000 0.005
0.179 0.311 0.000 0.005
0.179 0.330 0.000 0.005
0.179 0.349 0.000 0.005
0.179 0.368 0.000 0.005
0.179 0.387 0.000 0.005
0.179 0.406 0.000 0.005
0.179 0.425 0.000 0.005
0.179 0.443 0.000 0.005
0.179 0.462 0.000 0.005
0.179 0.481 0.000 0.005
0.179 0.500 0.000 0.005
0.179 0.519 0.000 0.005
0.179 0.538 0.000 0.005
0.179 0.557 0.000 0.005
0.179 0.575 0.000 0.005
0.179 0.594 0.000 0.005
0.179 0.613 0.000 0.005
0.179 0.632 0.000 0.005
0.179 0.651 0.000 0.005
0.179 0.670 0.000 0.005
0.179 0.689 0.000 0.005
0.179 0.708 0.000 0.005
0.179 0.726 0.000 0.005
0.179 0.745 0.000 0.005
0.179 0.764 0.000 0.005
0.179 0.783 0.000 0.005
0.179 0.802 0.000 0.005
0.179 0.821 0.000 0.005
0.179 0.840 0.000 0.005
0.179 0.858 0.000 0.005
0.179 0.877 0.000 0.005
0.179 0.896 0.000 0.005
0.179 0.915 0.000 0.005
0.179 0.934 0.000 0.005
0.179 0.953 0.000 0.005
0.179 0.972 0.000 0.005
0.179 0.991 0.000 0.005
0.198 0.009 0.000 0.005
0.198 0.028 0.000 0.005
0.198 0.047 0.000 0.005
0.198 0.066 0.000 0.005
0.198 0.085 0.000 0.005
0.198 0.104 0.000 0.005
0.198 0.123 0.000 0.005
0.198 0.142 0.000 0.005
0.198 0.160 0.000 0.005
0.198 0.179 0.000 0.005
0.198 0.198 0.000 0.005
0.198 0.217 0.000 0.005
0.198 0.236 0.000 0.005
0.198 0.255 0.000 0.005
0.198 0.274 0.000 0.005
0.198 0.292 0.000 0.005
0.198 0.311 0.000 0.005
0.198 0.330 0.000 0.005
0.198 0.349 0.000 0.005
0.198 0.368 0.000 0.005
0.198 0.387 0.000 0.005
0.198 0.406 0.000 0.005
0.198 0.425 0.000 0.005
0.198 0.443 0.000 0.005
0.198 0.462 0.000 0.005
0.198 0.481 0.000 0.005
0.198 0.500 0.000 0.005
0.198 0.519 0.000 0.005
0.198 0.538 0.000 0.005
0.198 0.557 0.000 0.005
0.198 0.575 0.000 0.005
0.198 0.594 0.000 0.005
0.198 0.613 0.000 0.005
0.198 0.632 0.000 0.005
0.198 0.651 0.000 0.005
0.198 0.670 0.000 0.005
0.198 0.689 0.000 0.005
0.198 0.708 0.000 0.005
0.198 0.726 0.000 0.005
0.198 0.745 0.000 0.005
0.198 0.764 0.000 0.005
0.198 0.783 0.000 0.005
0.198 0.802 0.000 0.005
0.198 0.821 0.000 0.005
0.198 0.840 0.000 0.005
0.198 0.858 0.000 0.005
0.198 0.877 0.000 0.005
0.198 0.896 0.000 0.005
0.198 0.915 0.000 0.005
0.198 0.934 0.000 0.005
0.198 0.953 0.000 0.005
0.198 0.972 0.000 0.005
0.198 0.991 0.000 0.005
0.217 0.009 0.000 0.005
0.217 0.028 0.000 0.005
0.217 0.047 0.000 0.005
0.217 0.066 0.000 0.005
0.217 0.085 0.000 0.005
0.217 0.104 0.000 0.005
0.217 0.123 0.000 0.005
0.217 0.142 0.000 0.005
0.217 0.160 0.000 0.005
0.217 0.179 0.000 0.005
0.217 0.198 0.000 0.005
0.217 0.217 0.000 0.005
0.217 0.236 0.000 0.005
0.217 0.255 0.000 0.005
0.217 0.274 0.000 0.005
0.217 0.292 0.000 0.005
0.217 0.311 0.000 0.005
0.217 0.330 0.000 0.005
0.217 0.349 0.000 0.005
0.217 0.368 0.000 0.005
0.217 0.387 0.000 0.005
0.217 0.406 0.000 0.005
0.217 0.425 0.000 0.005
0.217 0.443 0.000 0.005
0.217 0.462 0.000 0.005
0.217 0.481 0.000 0.005
0.217 0.500 0.000 0.005
0.217 0.519 0.000 0.005
0.217 0.538 0.000 0.005
0.217 0.557 0.000 0.005
0.217 0.575 0.000 0.005
0.217 0.594 0.000 0.005
0.217 0.613 0.000 0.005
0.217 0.632 0.000 0.005
0.217 0.651 0.000 0.005
0.217 0.670 0.000 0.005
0.217 0.689 0.000 0.005
0.217 0.708 0.000 0.005
0.217 0.726 0.000 0.005
0.217 0.745 0.000 0.005
0.217 0.764 0.000 0.005
0.217 0.783 0.000 0.005
0.217 0.802 0.000 0.005
0.217 0.821 0.000 0.005
0.217 0.840 0.000 0.005
0.217 0.858 0.000 0.005
0.217 0.877 0.000 0.005
0.217 0.896 0.000 0.005
0.217 0.915 0.000 0.005
0.217 0.934 0.000 0.005
0.217 0.953 0.000 0.005
0.217 0.972 0.000 0.005
0.217 0.991 0.000 0.005
0.236 0.009 0.000 0.005
0.236 0.028 0.000 0.005
0.236 0.047 0.000 0.005
0.236 0.066 0.000 0.005
0.236 0.085 0.000 0.005
0.236 0.104 0.000 0.005
0.236 0.123 0.000 0.005
0.236 0.142 0.000 0.005
0.236 0.160 0.000 0.005
0.236 0.179 0.000 0.005
0.236 0.198 0.000 0.005
0.236 0.217 0.000 0.005
0.236 0.236 0.000 0.005
0.236 0.255 0.000 0.005
0.236 0.274 0.000 0.005
0.236 0.292 0.000 0.005
0.236 0.311 0.000 0.005
0.236 0.330 0.000 0.005
0.236 0.349 0.000 0.005
0.236 0.368 0.000 0.005
0.236 0.387 0.000 0.005
0.236 0.406 0.000 0.005
0.236 0.425 0.000 0.005
0.236 0.443 0.000 0.005
0.236 0.462 0.000 0.005
0.236 0.481 0.000 0.005
0.236 0.500 0.000 0.005
0.236 0.519 0.000 0.005
0.236 0.538 0.000 0.005
0.236 0.557 0.000 0.005
0.236 0.575 0.000 0.005
0.236 0.594 0.000 0.005
0.236 0.613 0.000 0.005
0.236 0.632 0.000 0.005
0.236 0.651 0.000 0.005
0.236 0.670 0.000 0.005
0.236 0.689 0.000 0.005
0.236 0.708 0.000 0.005
0.236 0.726 0.000 0.005
0.236 0.745 0.000 0.005
0.236 0.764 0.000 0.005
0.236 0.783 0.000 0.005
0.236 0.802 0.000 0.005
0.236 0.821 0.000 0.005
0.236 0.840 0.000 0.005
0.236 0.858 0.000 0.005
0.236 0.877 0.000 0.005
0.236 0.896 0.000 0.005
0.236 0.915 0.000 0.005
0.236 0.934 0.000 0.005
0.236 0.953 0.000 0.005
0.236 0.972 0.000 0.005
0.236 0.991 0.000 0.005
0.255 0.009 0.000 0.005
0.255 0.028 0.000 0.005
0.255 0.047 0.000 0.005
0.255 0.066 0.000 0.005
0.255 0.085 0.000 0.005
0.255 0.104 0.000 0.005
0.255 0.123 0.000 0.005
0.255 0.142 0.000 0.005
0.255 0.160 0.000 0.005
0.255 0.179 0.000 0.005
0.255 0.198 0.000 0.005
0.255 0.217 0.000 0.005
0.255 0.236 0.000 0.005
0.255 0.255 0.000 0.005
0.255 0.274 0.000 0.005
0.255 0.292 0.000 0.005
0.255 0.311 0.000 0.005
0.255 0.330 0.000 0.005
0.255 0.349 0.000 0.005
0.255 0.368 0.000 0.005
0.255 0.387 0.000 0.005
0.255 0.406 0.000 0.005
0.255 0.425 0.000 0.005
0.255 0.443 0.000 0.005
0.255 0.462 0.000 0.005
0.255 0.481 0.000 0.005
0.255 0.500 0.000 0.005
0.255 0.519 0.000 0.005
0.255 0.538 0.000 0.005
0.255 0.557 0.000 0.005
0.255 0.575 0.000 0.005
0.255 0.594 0.000 0.005
0.255 0.613 0.000 0.005
0.255 0.632 0.000 0.005
0.255 0.651 0.000 0.005
0.255 0.670 0.000 0.005
0.255 0.689 0.000 0.005
0.255 0.708 0.000 0.005
0.255 0.726 0.000 0.005
0.255 0.745 0.000 0.005
0.255 0.764 0.000 0.005
0.255 0.783 0.000 0.005
0.255 0.802 0.000 0.005
0.255 0.821 0.000 0.005
0.255 0.840 0.000 0.005
0.255 0.858 0.000 0.005
0.255 0.877 0.000 0.005
0.255 0.896 0.000 0.005
0.255 0.915 0.000 0.005
0.255 0.934 0.000 0.005
0.255 0.953 0.000 0.005
0.255 0.972 0.000 0.005
0.255 0.991 0.000 0.005
0.274 0.009 0.000 0.005
0.274 0.028 0.000 0.005
0.274 0.047 0.000 0.005
0.274 0.066 0.000 0.005
0.274 0.085 0.000 0.005
0.274 0.104 0.000 0.005
0.274 0.123 0.000 0.005
0.274 0.142 0.000 0.005
0.274 0.160 0.000 0.005
0.274 0.179 0.000 0.005
0.274 0.198 0.000 0.005
0.274 0.217 0.000 0.005
0.274 0.236 0.000 0.005
0.274 0.255 0.000 0.005
0.274 0.274 0.000 0.005
0.274 0.292 0.000 0.005
0.274 0.311 0.000 0.005
0.274 0.330 0.000 0.005
0.274 0.349 0.000 0.005
0.274 0.368 0.000 0.005
0.274 0.387 0.000 0.005
0.274 0.406 0.000 0.005
0.274 0.425 0.000 0.005
0.274 0.443 0.000 0.005
0.274 0.462 0.000 0.005
0.274 0.481 0.000 0.005
0.274 0.500 0.000 0.005
0.274 0.519 0.000 0.005
0.274 0.538 0.000 0.005
0.274 0.557 0.000 0.005
0.274 0.575 0.000 0.005
0.274 0.594 0.000 0.005
0.274 0.613 0.000 0.005
0.274 0.632 0.000 0.005
0.274 0.651 0.000 0.005
0.274 0.670 0.000 0.005
0.274 0.689 0.000 0.005
0.274 0.708 0.000 0.005
0.274 0.726 0.000 0.005
0.274 0.745 0.000 0.005
0.274 0.764 0.000 0.005
0.274 0.783 0.000 0.005
0.274 0.802 0.000 0.005
0.274 0.821 0.000 0.005
0.274 0.840 0.000 0.005
0.274 0.858 0.000 0.005
0.274 0.877 0.000 0.005
0.274 0.896 0.000 0.005
0.274 0.915 0.000 0.005
0.274 0.934 0.000 0.005
0.274 0.953 0.000 0.005
0.274 0.972 0.000 0.005
0.274 0.991 0.000 0.005
0.292 0.009 0.000 0.005
0.292 0.028 0.000 0.005
0.292 0.047 0.000 0.005
0.292 0.066 0.000 0.005
0.292 0.085 0.000 0.005
0.292 0.104 0.000 0.005
0.292 0.123 0.000 0.005
0.292 0.142 0.000 0.005
0.292 0.160 0.000 0.005
0.292 0.179 0.000 0.005
0.292 0.198 0.000 0.005
0.292 0.217 0.000 0.005
0.292 0.236 0.000 0.005
0.292 0.255 0.000 0.005
0.292 0.274 0.000 0.005
0.292 0.292 0.000 0.005
0.292 0.311 0.000 0.005
0.292 0.330 0.000 0.005
0.292 0.349 0.000 0.005
0.292 0.368 0.000 0.005
0.292 0.387 0.000 0.005
0.292 0.406 0.000 0.005
0.292 0.425 0.000 0.005
0.292 0.443 0.000 0.005
0.292 0.462 0.000 0.005
0.292 0.481 0.000 0.005
0.292 0.500 0.000 0.005
0.292 0.519 0.000 0.005
0.292 0.538 0.000 0.005
0.292 0.557 0.000 0.005
0.292 0.575 0.000 0.005
0.292 0.594 0.000 0.005
0.292 0.613 0.000 0.005
0.292 0.632 0.000 0.005
0.292 0.651 0.000 0.005
0.292 0.670 0.000 0.005
0.292 0.689 0.000 0.005
0.292 0.708 0.000 0.005
0.292 0.726 0.000 0.005
0.292 0.745 0.000 0.005
0.292 0.764 0.000 0.005
0.292 0.783 0.000 0.005
0.292 0.802 0.000 0.005
0.292 0.821 0.000 0.005
0.292 0.840 0.000 0.005
0.292 0.858 0.000 0.005
0.292 0.877 0.000 0.005
0.292 0.896 0.000 0.005
0.292 0.915 0.000 0.005
0.292 0.934 0.000 0.005
0.292 0.953 0.000 0.005
0.292 0.972 0.000 0.005
0.292 0.991 0.000 0.005
0.311 0.009 0.000 0.005
0.311 0.028 0.000 0.005
0.311 0.047 0.000 0.005
0.311 0.066 0.000 0.005
0.311 0.085 0.000 0.005
0.311 0.104 0.000 0.005
0.311 0.123 0.000 0.005
0.311 0.142 0.000 0.005
0.311 0.160 0.000 0.005
0.311 0.179 0.000 0.005
0.311 0.198 0.000 0.005
0.311 0.217 0.000 0.005
0.311 0.236 0.000 0.005
0.311 0.255 0.000 0.005
0.311 0.274 0.000 0.005
0.311 0.292 0.000 0.005
0.311 0.311 0.000 0.005
0.311 0.330 0.000 0.005
0.311 0.349 0.000 0.005
0.311 0.368 0.000 0.005
0.311 0.387 0.000 0.005
0.311 0.406 0.000 0.005
0.311 0.425 0.000 0.005
0.311 0.443 0.000 0.005
0.311 0.462 0.000 0.005
0.311 0.481 0.000 0.005
0.311 0.500 0.000 0.005
0.311 0.519 0.000 0.005
0.311 0.538 0.000 0.005
0.311 0.557 0.000 0.005
0.311 0.575 0.000 0.005
0.311 0.594 0.000 0.005
0.311 0.613 0.000 0.005
0.311 0.632 0.000 0.005
0.311 0.651 0.000 0.005
0.311 0.670 0.000 0.005
0.311 0.689 0.000 0.005
0.311 0.708 0.000 0.005
0.311 0.726 0.000 0.005
0.311 0.745 0.000 0.005
0.311 0.764 0.000 0.005
0.311 0.783 0.000 0.005
0.311 0.802 0.000 0.005
0.311 0.821 0.000 0.005
0.311 0.840 0.000 0.005
0.311 0.858 0.000 0.005
0.311 0.877 0.000 0.005
0.311 0.896 0.000 0.005
0.311 0.915 0.000 0.005
0.311 0.934 0.000 0.005
0.311 0.953 0.000 0.005
0.311 0.972 0.000 0.005
0.311 0.991 0.000 0.005
0.330 0.009 0.000 0.005
0.330 0.028 0.000 0.005
0.330 0.047 0.000 0.005
0.330 0.066 0.000 0.005
0.330 0.085 0.000 0.005
0.330 0.104 0.000 0.005
0.330 0.123 0.000 0.005
0.330 0.142 0.000 0.005
0.330 0.160 0.000 0.005
0.330 0.179 0.000 0.005
0.330 0.198 0.000 0.005
0.330 0.217 0.000 0.005
0.330 0.236 0.000 0.005
0.330 0.255 0.000 0.005
0.330 0.274 0.000 0.005
0.330 0.292 0.000 0.005
0.330 0.311 0.000 0.005
0.330 0.330 0.000 0.005
0.330 0.349 0.000 0.005
0.330 0.368 0.000 0.005
0.330 0.387 0.000 0.005
0.330 0.406 0.000 0.005
0.330 0.425 0.000 0.005
0.330 0.443 0.000 0.005
0.330 0.462 0.000 0.005
0.330 0.481 0.000 0.005
0.330 0.500 0.000 0.005
0.330 0.519 0.000 0.005
0.330 0.538 0.000 0.005
0.330 0.557 0.000 0.005
0.330 0.575 0.000 0.005
0.330 0.594 0.000 0.005
0.330 0.613 0.000 0.005
0.330 0.632 0.000 0.005
0.330 0.651 0.000 0.005
0.330 0.670 0.000 0.005
0.330 0.689 0.000 0.005
0.330 0.708 0.000 0.005
0.330 0.726 0.000 0.005
0.330 0.745 0.000 0.005
0.330 0.764 0.000 0.005
0.330 0.783 0.000 0.005
0.330 0.802 0.000 0.005
0.330 0.821 0.000 0.005
0.330 0.840 0.000 0.005
0.330 0.858 0.000 0.005
0.330 0.877 0.000 0.005
0.330 0.896 0.000 0.005
0.330 0.915 0.000 0.005
0.330 0.934 0.000 0.005
0.330 0.953 0.000 0.005
0.330 0.972 0.000 0.005
0.330 0.991 0.000 0.005
0.349 0.009 0.000 0.005
0.349 0.028 0.000 0.005
0.349 0.047 0.000 0.005
0.349 0.066 0.000 0.005
0.349 0.085 0.000 0.005
0.349 0.104 0.000 0.005
0.349 0.123 0.000 0.005
0.349 0.142 0.000 0.005
0.349 0.160 0.000 0.005
0.349 0.179 0.000 0.005
0.349 0.198 0.000 0.005
0.349 0.217 0.000 0.005
0.349 0.236 0.000 0.005
0.349 0.255 0.000 0.005
0.349 0.274 0.000 0.005
0.349 0.292 0.000 0.005
0.349 0.311 0.000 0.005
0.349 0.330 0.000 0.005
0.349 0.349 0.000 0.005
0.349 0.368 0.000 0.005
0.349 0.387 0.000 0.005
0.349 0.406 0.000 0.005
0.349 0.425 0.000 0.005
0.349 0.443 0.000 0.005
0.349 0.462 0.000 0.005
0.349 0.481 0.000 0.005
0.349 0.500 0.000 0.005
0.349 0.519 0.000 0.005
0.349 0.538 0.000 0.005
0.349 0.557 0.000 0.005
0.349 0.575 0.000 0.005
0.349 0.594 0.000 0.005
0.349 0.613 0.000 0.005
0.349 0.632 0.000 0.005
0.349 0.651 0.000 0.005
0.349 0.670 0.000 0.005
0.349 0.689 0.000 0.005
0.349 0.708 0.000 0.005
0.349 0.726 0.000 0.005
0.349 0.745 0.000 0.005
0.349 0.764 0.000 0.005
0.349 0.783 0.000 0.005
0.349 0.802 0.000 0.005
0.349 0.821 0.000 0.005
0.349 0.840 0.000 0.005
0.349 0.858 0.000 0.005
0.349 0.877 0.000 0.005
0.349 0.896 0.000 0.005
0.349 0.915 0.000 0.005
0.349 0.934 0.000 0.005
0.349 0.953 0.000 0.005
0.349 0.972 0.000 0.005
0.349 0.991 0.000 0.005
0.368 0.009 0.000 0.005
0.368 0.028 0.000 0.005
0.368 0.047 0.000 0.005
0.368 0.066 0.000 0.005
0.368 0.085 0.000 0.005
0.368 0.104 0.000 0.005
0.368 0.123 0.000 0.005
0.368 0.142 0.000 0.005
0.368 0.160 0.000 0.005
0.368 0.179 0.000 0.005
0.368 0.198 0.000 0.005
0.368 0.217 0.000 0.005
0.368 0.236 0.000 0.005
0.368 0.255 0.000 0.005
0.368 0.274 0.000 0.005
0.368 0.292 0.000 0.005
0.368 0.311 0.000 0.005
0.368 0.330 0.000 0.005
0.368 0.349 0.000 0.005
0.368 0.368 0.000 0.005
0.368 0.387 0.000 0.005
0.368 0.406 0.000 0.005
0.368 0.425 0.000 0.005
0.368 0.443 0.000 0.005
0.368 0.462 0.000 0.005
0.368 0.481 0.000 0.005
0.368 0.500 0.000 0.005
0.368 0.519 0.000 0.005
0.368 0.538 0.000 0.005
0.368 0.557 0.000 0.005
0.368 0.575 0.000 0.005
0.368 0.594 0.000 0.005
0.368 0.613 0.000 0.005
0.368 0.632 0.000 0.005
0.368 0.651 0.000 0.005
0.368 0.670 0.000 0.005
0.368 0.689 0.000 0.005
0.368 0.708 0.000 0.005
0.368 0.726 0.000 0.005
0.368 0.745 0.000 0.005
0.368 0.764 0.000 0.005
0.368 0.783 0.000 0.005
0.368 0.802 0.000 0.005
0.368 0.821 0.000 0.005
0.368 0.840 0.000 0.005
0.368 0.858 0.000 0.005
0.368 0.877 0.000 0.005
0.368 0.896 0.000 0.005
0.368 0.915 0.000 0.005
0.368 0.934 0.000 0.005
0.368 0.953 0.000 0.005
0.368 0.972 0.000 0.005
0.368 0.991 0.000 0.005
0.387 0.009 0.000 0.005
0.387 0.028 0.000 0.005
0.387 0.047 0.000 0.005
0.387 0.066 0.000 0.005
0.387 0.085 0.000 0.005
0.387 0.104 0.000 0.005
0.387 0.123 0.000 0.005
0.387 0.142 0.000 0.005
0.387 0.160 0.000 0.005
0.387 0.179 0.000 0.005
0.387 0.198 0.000 0.005
0.387 0.217 0.000 0.005
0.387 0.236 0.000 0.005
0.387 0.255 0.000 0.005
0.387 0.274 0.000 0.005
0.387 0.292 0.000 0.005
0.387 0.311 0.000 0.005
0.387 0.330 0.000 0.005
0.387 0.349 0.000 0.005
0.387 0.368 0.000 0.005
0.387 0.387 0.000 0.005
0.387 0.406 0.000 0.005
0.387 0.425 0.000 0.005
0.387 0.443 0.000 0.005
0.387 0.462 0.000 0.005
0.387 0.481 0.000 0.005
0.387 0.500 0.000 0.005
0.387 0.519 0.000 0.005
0.387 0.538 0.000 0.005
0.387 0.557 0.000 0.005
0.387 0.575 0.000 0.005
0.387 0.594 0.000 0.005
0.387 0.613 0.000 0.005
0.387 0.632 0.000 0.005
0.387 0.651 0.000 0.005
0.387 0.670 0.000 0.005
0.387 0.689 0.000 0.005
0.387 0.708 0.000 0.005
0.387 0.726 0.000 0.005
0.387 0.745 0.000 0.005
0.387 0.764 0.000 0.005
0.387 0.783 0.000 0.005
0.387 0.802 0.000 0.005
0.387 0.821 0.000 0.005
0.387 0.840 0.000 0.005
0.387 0.858 0.000 0.005
0.387 0.877 0.000 0.005
0.387 0.896 0.000 0.005
0.387 0.915 0.000 0.005
0.387 0.934 0.000 0.005
0.387 0.953 0.000 0.005
0.387 0.972 0.000 0.005
0.387 0.991 0.000 0.005
0.406 0.009 0.000 0.005
0.406 0.028 0.000 0.005
0.406 0.047 0.000 0.005
0.406 0.066 0.000 0.005
0.406 0.085 0.000 0.005
0.406 0.104 0.000 0.005
0.406 0.123 0.000 0.005
0.406 0.142 0.000 0.005
0.406 0.160 0.000 0.005
0.406 0.179 0.000 0.005
0.406 0.198 0.000 0.005
0.406 0.217 0.000 0.005
0.406 0.236 0.000 0.005
0.406 0.255 0.000 0.005
0.406 0.274 0.000 0.005
0.406 0.292 0.000 0.005
0.406 0.311 0.000 0.005
0.406 0.330 0.000 0.005
0.406 0.349 0.000 0.005
0.406 0.368 0.000 0.005
0.406 0.387 0.000 0.005
0.406 0.406 0.000 0.005
0.406 0.425 0.000 0.005
0.406 0.443 0.000 0.005
0.406 0.462 0.000 0.005
0.406 0.481 0.000 0.005
0.406 0.500 0.000 0.005
0.406 0.519 0.000 0.005
0.406 0.538 0.000 0.005
0.406 0.557 0.000 0.005
0.406 0.575 0.000 0.005
0.406 0.594 0.000 0.005
0.406 0.613 0.000 0.005
0.406 0.632 0.000 0.005
0.406 0.651 0.000 0.005
0.406 0.670 0.000 0.005
0.406 0.689 0.000 0.005
0.406 0.708 0.000 0.005
0.406 0.726 0.000 0.005
0.406 0.745 0.000 0.005
0.406 0.764 0.000 0.005
0.406 0.783 0.000 0.005
0.406 0.802 0.000 0.005
0.406 0.821 0.000 0.005
0.406 0.840 0.000 0.005
0.406 0.858 0.000 0.005
0.406 0.877 0.000 0.005
0.406 0.896 0.000 0.005
0.406 0.915 0.000 0.005
0.406 0.934 0.000 0.005
0.406 0.953 0.000 0.005
0.406 0.972 0.000 0.005
0.406 0.991 0.000 0.005
0.425 0.009 0.000 0.005
0.425 0.028 0.000 0.005
0.425 0.047 0.000 0.005
0.425 0.066 0.000 0.005
0.425 0.085 0.000 0.005
0.425 0.104 0.000 0.005
0.425 0.123 0.000 0.005
0.425 0.142 0.000 0.005
0.425 0.160 0.000 0.005
0.425 0.179 0.000 0.005
0.425 0.198 0.000 0.005
0.425 0.217 0.000 0.005
0.425 0.236 0.000 0.005
0.425 0.255 0.000 0.005
0.425 0.274 0.000 0.005
0.425 0.292 0.000 0.005
0.425 0.311 0.000 0.005
0.425 0.330 0.000 0.005
0.425 0.349 0.000 0.005
0.425 0.368 0.000 0.005
0.425 0.387 0.000 0.005
0.425 0.406 0.000 0.005
0.425 0.425 0.000 0.005
0.425 0.443 0.000 0.005
0.425 0.462 0.000 0.005
0.425 0.481 0.000 0.005
0.425 0.500 0.000 0.005
0.425 0.519 0.000 0.005
0.425 0.538 0.000 0.005
0.425 0.557 0.000 0.005
0.425 0.575 0.000 0.005
0.425 0.594 0.000 0.005
0.425 0.613 0.000 0.005
0.425 0.632 0.000 0.005
0.425 0.651 0.000 0.005
0.425 0.670 0.000 0.005
0.425 0.689 0.000 0.005
0.425 0.708 0.000 0.005
0.425 0.726 0.000 0.005
0.425 0.745 0.000 0.005
0.425 0.764 0.000 0.005
0.425 0.783 0.000 0.005
0.425 0.802 0.000 0.005
0.425 0.821 0.000 0.005
0.425 0.840 0.000 0.005
0.425 0.858 0.000 0.005
0.425 0.877 0.000 0.005
0.425 0.896 0.000 0.005
0.425 0.915 0.000 0.005
0.425 0.934 0.000 0.005
0.425 0.953 0.000 0.005
0.425 0.972 0.000 0.005
0.425 0.991 0.000 0.005
0.443 0.009 0.000 0.005
0.443 0.028 0.000 0.005
0.443 0.047 0.000 0.005
0.443 0.066 0.000 0.005
0.443 0.085 0.000 0.005
0.443 0.104 0.000 0.005
0.443 0.123 0.000 0.005
0.443 0.142 0.000 0.005
0.443 0.160 0.000 0.005
0.443 0.179 0.000 0.005
0.443 0.198 0.000 0.005
0.443 0.217 0.000 0.005
0.443 0.236 0.000 0.005
0.443 0.255 0.000 0.005
0.443 0.274 0.000 0.005
0.443 0.292 0.000 0.005
0.443 0.311 0.000 0.005
0.443 0.330 0.000 0.005
0.443 0.349 0.000 0.005
0.443 0.368 0.000 0.005
0.443 0.387 0.000 0.005
0.443 0.406 0.000 0.005
0.443 0.425 0.000 0.005
0.443 0.443 0.000 0.005
0.443 0.462 0.000 0.005
0.443 0.481 0.000 0.005
0.443 0.500 0.000 0.005
0.443 0.519 0.000 0.005
0.443 0.538 0.000 0.005
0.443 0.557 0.000 0.005
0.443 0.575 0.000 0.005
0.443 0.594 0.000 0.005
0.443 0.613 0.000 0.005
0.443 0.632 0.000 0.005
0.443 0.651 0.000 0.005
0.443 0.670 0.000 0.005
0.443 0.689 0.000 0.005
0.443 0.708 0.000 0.005
0.443 0.726 0.000 0.005
0.443 0.745 0.000 0.005
0.443 0.764 0.000 0.005
0.443 0.783 0.000 0.005
0.443 0.802 0.000 0.005
0.443 0.821 0.000 0.005
0.443 0.840 0.000 0.005
0.443 0.858 0.000 0.005
0.443 0.877 0.000 0.005
0.443 0.896 0.000 0.005
0.443 0.915 0.000 0.005
0.443 0.934 0.000 0.005
0.443 0.953 0.000 0.005
0.443 0.972 0.000 0.005
0.443 0.991 0.000 0.005
0.462 0.009 0.000 0.005
0.462 0.028 0.000 0.005
0.462 0.047 0.000 0.005
0.462 0.066 0.000 0.005
0.462 0.085 0.000 0.005
0.462 0.104 0.000 0.005
0.462 0.123 0.000 0.005
0.462 0.142 0.000 0.005
0.462 0.160 0.000 0.005
0.462 0.179 0.000 0.005
0.462 0.198 0.000 0.005
0.462 0.217 0.000 0.005
0.462 0.236 0.000 0.005
0.462 0.255 0.000 0.005
0.462 0.274 0.000 0.005
0.462 0.292 0.000 0.005
0.462 0.311 0.000 0.005
0.462 0.330 0.000 0.005
0.462 0.349 0.000 0.005
0.462 0.368 0.000 0.005
0.462 0.387 0.000 0.005
0.462 0.406 0.000 0.005
0.462 0.425 0.000 0.005
0.462 0.443 0.000 0.005
0.462 0.462 0.000 0.005
0.462 0.481 0.000 0.005
0.462 0.500 0.000 0.005
0.462 0.519 0.000 0.005
0.462 0.538 0.000 0.005
0.462 0.557 0.000 0.005
0.462 0.575 0.000 0.005
0.462 0.594 0.000 0.005
0.462 0.613 0.000 0.005
0.462 0.632 0.000 0.005
0.462 0.651 0.000 0.005
0.462 0.670 0.000 0.005
0.462 0.689 0.000 0.005
0.462 0.708 0.000 0.005
0.462 0.726 0.000 0.005
0.462 0.745 0.000 0.005
0.462 0.764 0.000 0.005
0.462 0.783 0.000 0.005
0.462 0.802 0.000 0.005
0.462 0.821 0.000 0.005
0.462 0.840 0.000 0.005
0.462 0.858 0.000 0.005
0.462 0.877 0.000 0.005
0.462 0.896 0.000 0.005
0.462 0.915 0.000 0.005
0.462 0.934 0.000 0.005
0.462 0.953 0.000 0.005
0.462 0.972 0.000 0.005
0.462 0.991 0.000 0.005
0.481 0.009 0.000 0.005
0.481 0.028 0.000 0.005
0.481 0.047 0.000 0.005
0.481 0.066 0.000 0.005
0.481 0.085 0.000 0.005
0.481 0.104 0.000 0.005
0.481 0.123 0.000 0.005
0.481 0.142 0.000 0.005
0.481 0.160 0.000 0.005
0.481 0.179 0.000 0.005
0.481 0.198 0.000 0.005
0.481 0.217 0.000 0.005
0.481 0.236 0.000 0.005
0.481 0.255 0.000 0.005
0.481 0.274 0.000 0.005
0.481 0.292 0.000 0.005
0.481 0.311 0.000 0.005
0.481 0.330 0.000 0.005
0.481 0.349 0.000 0.005
0.481 0.368 0.000 0.005
0.481 0.387 0.000 0.005
0.481 0.406 0.000 0.005
0.481 0.425 0.000 0.005
0.481 0.443 0.000 0.005
0.481 0.462 0.000 0.005
0.481 0.481 0.000 0.005
0.481 0.500 0.000 0.005
0.481 0.519 0.000 0.005
0.481 0.538 0.000 0.005
0.481 0.557 0.000 0.005
0.481 0.575 0.000 0.005
0.481 0.594 0.000 0.005
0.481 0.613 0.000 0.005
0.481 0.632 0.000 0.005
0.481 0.651 0.000 0.005
0.481 0.670 0.000 0.005
0.481 0.689 0.000 0.005
0.481 0.708 0.000 0.005
0.481 0.726 0.000 0.005
0.481 0.745 0.000 0.005
0.481 0.764 0.000 0.005
0.481 0.783 0.000 0.005
0.481 0.802 0.000 0.005
0.481 0.821 0.000 0.005
0.481 0.840 0.000 0.005
0.481 0.858 0.000 0.005
0.481 0.877 0.000 0.005
0.481 0.896 0.000 0.005
0.481 0.915 0.000 0.005
0.481 0.934 0.000 0.005
0.481 0.953 0.000 0.005
0.481 0.972 0.000 0.005
0.481 0.991 0.000 0.005
0.500 0.009 0.000 0.005
0.500 0.028 0.000 0.005
0.500 0.047 0.000 0.005
0.500 0.066 0.000 0.005
0.500 0.085 0.000 0.005
0.500 0.104 0.000 0.005
0.500 0.123 0.000 0.005
0.500 0.142 0.000 0.005
0.500 0.160 0.000 0.005
0.500 0.179 0.000 0.005
0.500 0.198 0.000 0.005
0.500 0.217 0.000 0.005
0.500 0.236 0.000 0.005
0.500 0.255 0.000 0.005
0.500 0.274 0.000 0.005
0.500 0.292 0.000 0.005
0.500 0.311 0.000 0.005
0.500 0.330 0.000 0.005
0.500 0.349 0.000 0.005
0.500 0.368 0.000 0.005
0.500 0.387 0.000 0.005
0.500 0.406 0.000 0.005
0.500 0.425 0.000 0.005
0.500 0.443 0.000 0.005
0.500 0.462 0.000 0.005
0.500 0.481 0.000 0.005
0.500 0.500 0.000 0.005
0.500 0.519 0.000 0.005
0.500 0.538 0.000 0.005
0.500 0.557 0.000 0.005
0.500 0.575 0.000 0.005
0.500 0.594 0.000 0.005
0.500 0.613 0.000 0.005
0.500 0.632 0.000 0.005
0.500 0.651 0.000 0.005
0.500 0.670 0.000 0.005
0.500 0.689 0.000 0.005
0.500 0.708 0.000 0.005
0.500 0.726 0.000 0.005
0.500 0.745 0.000 0.005
0.500 0.764 0.000 0.005
0.500 0.783 0.000 0.005
0.500 0.802 0.000 0.005
0.500 0.821 0.000 0.005
0.500 0.840 0.000 0.005
0.500 0.858 0.000 0.005
0.500 0.877 0.000 0.005
0.500 0.896 0.000 0.005
0.500 0.915 0.000 0.005
0.500 0.934 0.000 0.005
0.500 0.953 0.000 0.005
0.500 0.972 0.000 0.005
0.500 0.991 0.000 0.005
0.519 0.009 0.000 0.005
0.519 0.028 0.000 0.005
0.519 0.047 0.000 0.005
0.519 0.066 0.000 0.005
0.519 0.085 0.000 0.005
0.519 0.104 0.000 0.005
0.519 0.123 0.000 0.005
0.519 0.142 0.000 0.005
0.519 0.160 0.000 0.005
0.519 0.179 0.000 0.005
0.519 0.198 0.000 0.005
0.519 0.217 0.000 0.005
0.519 0.236 0.000 0.005
0.519 0.255 0.000 0.005
0.519 0.274 0.000 0.005
0.519 0.292 0.000 0.005
0.519 0.311 0.000 0.005
0.519 0.330 0.000 0.005
0.519 0.349 0.000 0.005
0.519 0.368 0.000 0.005
0.519 0.387 0.000 0.005
0.519 0.406 0.000 0.005
0.519 0.425 0.000 0.005
0.519 0.443 0.000 0.005
0.519 0.462 0.000 0.005
0.519 0.481 0.000 0.005
0.519 0.500 0.000 0.005
0.519 0.519 0.000 0.005
0.519 0.538 0.000 0.005
0.519 0.557 0.000 0.005
0.519 0.575 0.000 0.005
0.519 0.594 0.000 0.005
0.519 0.613 0.000 0.005
0.519 0.632 0.000 0.005
0.519 0.651 0.000 0.005
0.519 0.670 0.000 0.005
0.519 0.689 0.000 0.005
0.519 0.708 0.000 0.005
0.519 0.726 0.000 0.005
0.519 0.745 0.000 0.005
0.519 0.764 0.000 0.005
0.519 0.783 0.000 0.005
0.519 0.802 0.000 0.005
0.519 0.821 0.000 0.005
0.519 0.840 0.000 0.005
0.519 0.858 0.000 0.005
0.519 0.877 0.000 0.005
0.519 0.896 0.000 0.005
0.519 0.915 0.000 0.005
0.519 0.934 0.000 0.005
0.519 0.953 0.000 0.005
0.519 0.972 0.000 0.005
0.519 0.991 0.000 0.005
0.538 0.009 0.000 0.005
0.538 0.028 0.000 0.005
0.538 0.047 0.000 0.005
0.538 0.066 0.000 0.005
0.538 0.085 0.000 0.005
0.538 0.104 0.000 0.005
0.538 0.123 0.000 0.005
0.538 0.142 0.000 0.005
0.538 0.160 0.000 0.005
0.538 0.179 0.000 0.005
0.538 0.198 0.000 0.005
0.538 0.217 0.000 0.005
0.538 0.236 0.000 0.005
0.538 0.255 0.000 0.005
0.538 0.274 0.000 0.005
0.538 0.292 0.000 0.005
0.538 0.311 0.000 0.005
0.538 0.330 0.000 0.005
0.538 0.349 0.000 0.005
0.538 0.368 0.000 0.005
0.538 0.387 0.000 0.005
0.538 0.406 0.000 0.005
0.538 0.425 0.000 0.005
0.538 0.443 0.000 0.005
0.538 0.462 0.000 0.005
0.538 0.481 0.000 0.005
0.538 0.500 0.000 0.005
0.538 0.519 0.000 0.005
0.538 0.538 0.000 0.005
0.538 0.557 0.000 0.005
0.538 0.575 0.000 0.005
0.538 0.594 0.000 0.005
0.538 0.613 0.000 0.005
0.538 0.632 0.000 0.005
0.538 0.651 0.000 0.005
0.538 0.670 0.000 0.005
0.538 0.689 0.000 0.005
0.538 0.708 0.000 0.005
0.538 0.726 0.000 0.005
0.538 0.745 0.000 0.005
0.538 0.764 0.000 0.005
0.538 0.783 0.000 0.005
0.538 0.802 0.000 0.005
0.538 0.821 0.000 0.005
0.538 0.840 0.000 0.005
0.538 0.858 0.000 0.005
0.538 0.877 0.000 0.005
0.538 0.896 0.000 0.005
0.538 0.915 0.000 0.005
0.538 0.934 0.000 0.005
0.538 0.953 0.000 0.005
0.538 0.972 0.000 0.005
0.538 0.991 0.000 0.005
0.557 0.009 0.000 0.005
0.557 0.028 0.000 0.005
0.557 0.047 0.000 0.005
0.557 0.066 0.000 0.005
0.557 0.085 0.000 0.005
0.557 0.104 0.000 0.005
0.557 0.123 0.000 0.005
0.557 0.142 0.000 0.005
0.557 0.160 0.000 0.005
0.557 0.179 0.000 0.005
0.557 0.198 0.000 0.005
0.557 0.217 0.000 0.005
0.557 0.236 0.000 0.005
0.557 0.255 0.000 0.005
0.557 0.274 0.000 0.005
0.557 0.292 0.000 0.005
0.557 0.311 0.000 0.005
0.557 0.330 0.000 0.005
0.557 0.349 0.000 0.005
0.557 0.368 0.000 0.005
0.557 0.387 0.000 0.005
0.557 0.406 0.000 0.005
0.557 0.425 0.000 0.005
0.557 0.443 0.000 0.005
0.557 0.462 0.000 0.005
0.557 0.481 0.000 0.005
0.557 0.500 0.000 0.005
0.557 0.519 0.000 0.005
0.557 0.538 0.000 0.005
0.557 0.557 0.000 0.005
0.557 0.575 0.000 0.005
0.557 0.594 0.000 0.005
0.557 0.613 0.000 0.005
0.557 0.632 0.000 0.005
0.557 0.651 0.000 0.005
0.557 0.670 0.000 0.005
0.557 0.689 0.000 0.005
0.557 0.708 0.000 0.005
0.557 0.726 0.000 0.005
0.557 0.745 0.000 0.005
0.557 0.764 0.000 0.005
0.557 0.783 0.000 0.005
0.557 0.802 0.000 0.005
0.557 0.821 0.000 0.005
0.557 0.840 0.000 0.005
0.557 0.858 0.000 0.005
0.557 0.877 0.000 0.005
0.557 0.896 0.000 0.005
0.557 0.915 0.000 0.005
0.557 0.934 0.000 0.005
0.557 0.953 0.000 0.005
0.557 0.972 0.000 0.005
0.557 0.991 0.000 0.005
0.575 0.009 0.000 0.005
0.575 0.028 0.000 0.005
0.575 0.047 0.000 0.005
0.575 0.066 0.000 0.005
0.575 0.085 0.000 0.005
0.575 0.104 0.000 0.005
0.575 0.123 0.000 0.005
0.575 0.142 0.000 0.005
0.575 0.160 0.000 0.005
0.575 0.179 0.000 0.005
0.575 0.198 0.000 0.005
0.575 0.217 0.000 0.005
0.575 0.236 0.000 0.005
0.575 0.255 0.000 0.005
0.575 0.274 0.000 0.005
0.575 0.292 0.000 0.005
0.575 0.311 0.000 0.005
0.575 0.330 0.000 0.005
0.575 0.349 0.000 0.005
0.575 0.368 0.000 0.005
0.575 0.387 0.000 0.005
0.575 0.406 0.000 0.005
0.575 0.425 0.000 0.005
0.575 0.443 0.000 0.005
0.575 0.462 0.000 0.005
0.575 0.481 0.000 0.005
0.575 0.500 0.000 0.005
0.575 0.519 0.000 0.005
0.575 0.538 0.000 0.005
0.575 0.557 0.000 0.005
0.575 0.575 0.000 0.005
0.575 0.594 0.000 0.005
0.575 0.613 0.000 0.005
0.575 0.632 0.000 0.005
0.575 0.651 0.000 0.005
0.575 0.670 0.000 0.005
0.575 0.689 0.000 0.005
0.575 0.708 0.000 0.005
0.575 0.726 0.000 0.005
0.575 0.745 0.000 0.005
0.575 0.764 0.000 0.005
0.575 0.783 0.000 0.005
0.575 0.802 0.000 0.005
0.575 0.821 0.000 0.005
0.575 0.840 0.000 0.005
0.575 0.858 0.000 0.005
0.575 0.877 0.000 0.005
0.575 0.896 0.000 0.005
0.575 0.915 0.000 0.005
0.575 0.934 0.000 0.005
0.575 0.953 0.000 0.005
0.575 0.972 0.000 0.005
0.575 0.991 0.000 0.005
0.594 0.009 0.000 0.005
0.594 0.028 0.000 0.005
0.594 0.047 0.000 0.005
0.594 0.066 0.000 0.005
0.594 0.085 0.000 0.005
0.594 0.104 0.000 0.005
0.594 0.123 0.000 0.005
0.594 0.142 0.000 0.005
0.594 0.160 0.000 0.005
0.594 0.179 0.000 0.005
0.594 0.198 0.000 0.005
0.594 0.217 0.000 0.005
0.594 0.236 0.000 0.005
0.594 0.255 0.000 0.005
0.594 0.274 0.000 0.005
0.594 0.292 0.000 0.005
0.594 0.311 0.000 0.005
0.594 0.330 0.000 0.005
0.594 0.349 0.000 0.005
0.594 0.368 0.000 0.005
0.594 0.387 0.000 0.005
0.594 0.406 0.000 0.005
0.594 0.425 0.000 0.005
0.594 0.443 0.000 0.005
0.594 0.462 0.000 0.005
0.594 0.481 0.000 0.005
0.594 0.500 0.000 0.005
0.594 0.519 0.000 0.005
0.594 0.538 0.000 0.005
0.594 0.557 0.000 0.005
0.594 0.575 0.000 0.005
0.594 0.594 0.000 0.005
0.594 0.613 0.000 0.005
0.594 0.632 0.000 0.005
0.594 0.651 0.000 0.005
0.594 0.670 0.000 0.005
0.594 0.689 0.000 0.005
0.594 0.708 0.000 0.005
0.594 0.726 0.000 0.005
0.594 0.745 0.000 0.005
0.594 0.764 0.000 0.005
0.594 0.783 0.000 0.005
0.594 0.802 0.000 0.005
0.594 0.821 0.000 0.005
0.594 0.840 0.000 0.005
0.594 0.858 0.000 0.005
0.594 0.877 0.000 0.005
0.594 0.896 0.000 0.005
0.594 0.915 0.000 0.005
0.594 0.934 0.000 0.005
0.594 0.953 0.000 0.005
0.594 0.972 0.000 0.005
0.594 0.991 0.000 0.005
0.613 0.009 0.000 0.005
0.613 0.028 0.000 0.005
0.613 0.047 0.000 0.005
0.613 0.066 0.000 0.005
0.613 0.085 0.000 0.005
0.613 0.104 0.000 0.005
0.613 0.123 0.000 0.005
0.613 0.142 0.000 0.005
0.613 0.160 0.000 0.005
0.613 0.179 0.000 0.005
0.613 0.198 0.000 0.005
0.613 0.217 0.000 0.005
0.613 0.236 0.000 0.005
0.613 0.255 0.000 0.005
0.613 0.274 0.000 0.005
0.613 0.292 0.000 0.005
0.613 0.311 0.000 0.005
0.613 0.330 0.000 0.005
0.613 0.349 0.000 0.005
0.613 0.368 0.000 0.005
0.613 0.387 0.000 0.005
0.613 0.406 0.000 0.005
0.613 0.425 0.000 0.005
0.613 0.443 0.000 0.005
0.613 0.462 0.000 0.005
0.613 0.481 0.000 0.005
0.613 0.500 0.000 0.005
0.613 0.519 0.000 0.005
0.613 0.538 0.000 0.005
0.613 0.557 0.000 0.005
0.613 0.575 0.000 0.005
0.613 0.594 0.000 0.005
0.613 0.613 0.000 0.005
0.613 0.632 0.000 0.005
0.613 0.651 0.000 0.005
0.613 0.670 0.000 0.005
0.613 0.689 0.000 0.005
0.613 0.708 0.000 0.005
0.613 0.726 0.000 0.005
0.613 0.745 0.000 0.005
0.613 0.764 0.000 0.005
0.613 0.783 0.000 0.005
0.613 0.802 0.000 0.005
0.613 0.821 0.000 0.005
0.613 0.840 0.000 0.005
0.613 0.858 0.000 0.005
0.613 0.877 0.000 0.005
0.613 0.896 0.000 0.005
0.613 0.915 0.000 0.005
0.613 0.934 0.000 0.005
0.613 0.953 0.000 0.005
0.613 0.972 0.000 0.005
0.613 0.991 0.000 0.005
0.632 0.009 0.000 0.005
0.632 0.028 0.000 0.005
0.632 0.047 0.000 0.005
0.632 0.066 0.000 0.005
0.632 0.085 0.000 0.005
0.632 0.104 0.000 0.005
0.632 0.123 0.000 0.005
0.632 0.142 0.000 0.005
0.632 0.160 0.000 0.005
0.632 0.179 0.000 0.005
0.632 0.198 0.000 0.005
0.632 0.217 0.000 0.005
0.632 0.236 0.000 0.005
0.632 0.255 0.000 0.005
0.632 0.274 0.000 0.005
0.632 0.292 0.000 0.005
0.632 0.311 0.000 0.005
0.632 0.330 0.000 0.005
0.632 0.349 0.000 0.005
0.632 0.368 0.000 0.005
0.632 0.387 0.000 0.005
0.632 0.406 0.000 0.005
0.632 0.425 0.000 0.005
0.632 0.443 0.000 0.005
0.632 0.462 0.000 0.005
0.632 0.481 0.000 0.005
0.632 0.500 0.000 0.005
0.632 0.519 0.000 0.005
0.632 0.538 0.000 0.005
0.632 0.557 0.000 0.005
0.632 0.575 0.000 0.005
0.632 0.594 0.000 0.005
0.632 0.613 0.000 0.005
0.632 0.632 0.000 0.005
0.632 0.651 0.000 0.005
0.632 0.670 0.000 0.005
0.632 0.689 0.000 0.005
0.632 0.708 0.000 0.005
0.632 0.726 0.000 0.005
0.632 0.745 0.000 0.005
0.632 0.764 0.000 0.005
0.632 0.783 0.000 0.005
0.632 0.802 0.000 0.005
0.632 0.821 0.000 0.005
0.632 0.840 0.000 0.005
0.632 0.858 0.000 0.005
0.632 0.877 0.000 0.005
0.632 0.896 0.000 0.005
0.632 0.915 0.000 0.005
0.632 0.934 0.000 0.005
0.632 0.953 0.000 0.005
0.632 0.972 0.000 0.005
0.632 0.991 0.000 0.005
0.651 0.009 0.000 0.005
0.651 0.028 0.000 0.005
0.651 0.047 0.000 0.005
0.651 0.066 0.000 0.005
0.651 0.085 0.000 0.005
0.651 0.104 0.000 0.005
0.651 0.123 0.000 0.005
0.651 0.142 0.000 0.005
0.651 0.160 0.000 0.005
0.651 0.179 0.000 0.005
0.651 0.198 0.000 0.005
0.651 0.217 0.000 0.005
0.651 0.236 0.000 0.005
0.651 0.255 0.000 0.005
0.651 0.274 0.000 0.005
0.651 0.292 0.000 0.005
0.651 0.311 0.000 0.005
0.651 0.330 0.000 0.005
0.651 0.349 0.000 0.005
0.651 0.368 0.000 0.005
0.651 0.387 0.000 0.005
0.651 0.406 0.000 0.005
0.651 0.425 0.000 0.005
0.651 0.443 0.000 0.005
0.651 0.462 0.000 0.005
0.651 0.481 0.000 0.005
0.651 0.500 0.000 0.005
0.651 0.519 0.000 0.005
0.651 0.538 0.000 0.005
0.651 0.557 0.000 0.005
0.651 0.575 0.000 0.005
0.651 0.594 0.000 0.005
0.651 0.613 0.000 0.005
0.651 0.632 0.000 0.005
0.651 0.651 0.000 0.005
0.651 0.670 0.000 0.005
0.651 0.689 0.000 0.005
0.651 0.708 0.000 0.005
0.651 0.726 0.000 0.005
0.651 0.745 0.000 0.005
0.651 0.764 0.000 0.005
0.651 0.783 0.000 0.005
0.651 0.802 0.000 0.005
0.651 0.821 0.000 0.005
0.651 0.840 0.000 0.005
0.651 0.858 0.000 0.005
0.651 0.877 0.000 0.005
0.651 0.896 0.000 0.005
0.651 0.915 0.000 0.005
0.651 0.934 0.000 0.005
0.651 0.953 0.000 0.005
0.651 0.972 0.000 0.005
0.651 0.991 0.000 0.005
0.670 0.009 0.000 0.005
0.670 0.028 0.000 0.005
0.670 0.047 0.000 0.005
0.670 0.066 0.000 0.005
0.670 0.085 0.000 0.005
0.670 0.104 0.000 0.005
0.670 0.123 0.000 0.005
0.670 0.142 0.000 0.005
0.670 0.160 0.000 0.005
0.670 0.179 0.000 0.005
0.670 0.198 0.000 0.005
0.670 0.217 0.000 0.005
0.670 0.236 0.000 0.005
0.670 0.255 0.000 0.005
0.670 0.274 0.000 0.005
0.670 0.292 0.000 0.005
0.670 0.311 0.000 0.005
0.670 0.330 0.000 0.005
0.670 0.349 0.000 0.005
0.670 0.368 0.000 0.005
0.670 0.387 0.000 0.005
0.670 0.406 0.000 0.005
0.670 0.425 0.000 0.005
0.670 0.443 0.000 0.005
0.670 0.462 0.000 0.005
0.670 0.481 0.000 0.005
0.670 0.500 0.000 0.005
0.670 0.519 0.000 0.005
0.670 0.538 0.000 0.005
0.670 0.557 0.000 0.005
0.670 0.575 0.000 0.005
0.670 0.594 0.000 0.005
0.670 0.613 0.000 0.005
0.670 0.632 0.000 0.005
0.670 0.651 0.000 0.005
0.670 0.670 0.000 0.005
0.670 0.689 0.000 0.005
0.670 0.708 0.000 0.005
0.670 0.726 0.000 0.005
0.670 0.745 0.000 0.005
0.670 0.764 0.000 0.005
0.670 0.783 0.000 0.005
0.670 0.802 0.000 0.005
0.670 0.821 0.000 0.005
0.670 0.840 0.000 0.005
0.670 0.858 0.000 0.005
0.670 0.877 0.000 0.005
0.670 0.896 0.000 0.005
0.670 0.915 0.000 0.005
0.670 0.934 0.000 0.005
0.670 0.953 0.000 0.005
0.670 0.972 0.000 0.005
0.670 0.991 0.000 0.005
0.689 0.009 0.000 0.005
0.689 0.028 0.000 0.005
0.689 0.047 0.000 0.005
0.689 0.066 0.000 0.005
0.689 0.085 0.000 0.005
0.689 0.104 0.000 0.005
0.689 0.123 0.000 0.005
0.689 0.142 0.000 0.005
0.689 0.160 0.000 0.005
0.689 0.179 0.000 0.005
0.689 0.198 0.000 0.005
0.689 0.217 0.000 0.005
0.689 0.236 0.000 0.005
0.689 0.255 0.000 0.005
0.689 0.274 0.000 0.005
0.689 0.292 0.000 0.005
0.689 0.311 0.000 0.005
0.689 0.330 0.000 0.005
0.689 0.349 0.000 0.005
0.689 0.368 0.000 0.005
0.689 0.387 0.000 0.005
0.689 0.406 0.000 0.005
0.689 0.425 0.000 0.005
0.689 0.443 0.000 0.005
0.689 0.462 0.000 0.005
0.689 0.481 0.000 0.005
0.689 0.500 0.000 0.005
0.689 0.519 0.000 0.005
0.689 0.538 0.000 0.005
0.689 0.557 0.000 0.005
0.689 0.575 0.000 0.005
0.689 0.594 0.000 0.005
0.689 0.613 0.000 0.005
0.689 0.632 0.000 0.005
0.689 0.651 0.000 0.005
0.689 0.670 0.000 0.005
0.689 0.689 0.000 0.005
0.689 0.708 0.000 0.005
0.689 0.726 0.000 0.005
0.689 0.745 0.000 0.005
0.689 0.764 0.000 0.005
0.689 0.783 0.000 0.005
0.689 0.802 0.000 0.005
0.689 0.821 0.000 0.005
0.689 0.840 0.000 0.005
0.689 0.858 0.000 0.005
0.689 0.877 0.000 0.005
0.689 0.896 0.000 0.005
0.689 0.915 0.000 0.005
0.689 0.934 0.000 0.005
0.689 0.953 0.000 0.005
0.689 0.972 0.000 0.005
0.689 0.991 0.000 0.005
0.708 0.009 0.000 0.005
0.708 0.028 0.000 0.005
0.708 0.047 0.000 0.005
0.708 0.066 0.000 0.005
0.708 0.085 0.000 0.005
0.708 0.104 0.000 0.005
0.708 0.123 0.000 0.005
0.708 0.142 0.000 0.005
0.708 0.160 0.000 0.005
0.708 0.179 0.000 0.005
0.708 0.198 0.000 0.005
0.708 0.217 0.000 0.005
0.708 0.236 0.000 0.005
0.708 0.255 0.000 0.005
0.708 0.274 0.000 0.005
0.708 0.292 0.000 0.005
0.708 0.311 0.000 0.005
0.708 0.330 0.000 0.005
0.708 0.349 0.000 0.005
0.708 0.368 0.000 0.005
0.708 0.387 0.000 0.005
0.708 0.406 0.000 0.005
0.708 0.425 0.000 0.005
0.708 0.443 0.000 0.005
0.708 0.462 0.000 0.005
0.708 0.481 0.000 0.005
0.708 0.500 0.000 0.005
0.708 0.519 0.000 0.005
0.708 0.538 0.000 0.005
0.708 0.557 0.000 0.005
0.708 0.575 0.000 0.005
0.708 0.594 0.000 0.005
0.708 0.613 0.000 0.005
0.708 0.632 0.000 0.005
0.708 0.651 0.000 0.005
0.708 0.670 0.000 0.005
0.708 0.689 0.000 0.005
0.708 0.708 0.000 0.005
0.708 0.726 0.000 0.005
0.708 0.745 0.000 0.005
0.708 0.764 0.000 0.005
0.708 0.783 0.000 0.005
0.708 0.802 0.000 0.005
0.708 0.821 0.000 0.005
0.708 0.840 0.000 0.005
0.708 0.858 0.000 0.005
0.708 0.877 0.000 0.005
0.708 0.896 0.000 0.005
0.708 0.915 0.000 0.005
0.708 0.934 0.000 0.005
0.708 0.953 0.000 0.005
0.708 0.972 0.000 0.005
0.708 0.991 0.000 0.005
0.726 0.009 0.000 0.005
0.726 0.028 0.000 0.005
0.726 0.047 0.000 0.005
0.726 0.066 0.000 0.005
0.726 0.085 0.000 0.005
0.726 0.104 0.000 0.005
0.726 0.123 0.000 0.005
0.726 0.142 0.000 0.005
0.726 0.160 0.000 0.005
0.726 0.179 0.000 0.005
0.726 0.198 0.000 0.005
0.726 0.217 0.000 0.005
0.726 0.236 0.000 0.005
0.726 0.255 0.000 0.005
0.726 0.274 0.000 0.005
0.726 0.292 0.000 0.005
0.726 0.311 0.000 0.005
0.726 0.330 0.000 0.005
0.726 0.349 0.000 0.005
0.726 0.368 0.000 0.005
0.726 0.387 0.000 0.005
0.726 0.406 0.000 0.005
0.726 0.425 0.000 0.005
0.726 0.443 0.000 0.005
0.726 0.462 0.000 0.005
0.726 0.481 0.000 0.005
0.726 0.500 0.000 0.005
0.726 0.519 0.000 0.005
0.726 0.538 0.000 0.005
0.726 0.557 0.000 0.005
0.726 0.575 0.000 0.005
0.726 0.594 0.000 0.005
0.726 0.613 0.000 0.005
0.726 0.632 0.000 0.005
0.726 0.651 0.000 0.005
0.726 0.670 0.000 0.005
0.726 0.689 0.000 0.005
0.726 0.708 0.000 0.005
0.726 0.726 0.000 0.005
0.726 0.745 0.000 0.005
0.726 0.764 0.000 0.005
0.726 0.783 0.000 0.005
0.726 0.802 0.000 0.005
0.726 0.821 0.000 0.005
0.726 0.840 0.000 0.005
0.726 0.858 0.000 0.005
0.726 0.877 0.000 0.005
0.726 0.896 0.000 0.005
0.726 0.915 0.000 0.005
0.726 0.934 0.000 0.005
0.726 0.953 0.000 0.005
0.726 0.972 0.000 0.005
0.726 0.991 0.000 0.005
0.745 0.009 0.000 0.005
0.745 0.028 0.000 0.005
0.745 0.047 0.000 0.005
0.745 0.066 0.000 0.005
0.745 0.085 0.000 0.005
0.745 0.104 0.000 0.005
0.745 0.123 0.000 0.005
0.745 0.142 0.000 0.005
0.745 0.160 0.000 0.005
0.745 0.179 0.000 0.005
0.745 0.198 0.000 0.005
0.745 0.217 0.000 0.005
0.745 0.236 0.000 0.005
0.745 0.255 0.000 0.005
0.745 0.274 0.000 0.005
0.745 0.292 0.000 0.005
0.745 0.311 0.000 0.005
0.745 0.330 0.000 0.005
0.745 0.349 0.000 0.005
0.745 0.368 0.000 0.005
0.745 0.387 0.000 0.005
0.745 0.406 0.000 0.005
0.745 0.425 0.000 0.005
0.745 0.443 0.000 0.005
0.745 0.462 0.000 0.005
0.745 0.481 0.000 0.005
0.745 0.500 0.000 0.005
0.745 0.519 0.000 0.005
0.745 0.538 0.000 0.005
0.745 0.557 0.000 0.005
0.745 0.575 0.000 0.005
0.745 0.594 0.000 0.005
0.745 0.613 0.000 0.005
0.745 0.632 0.000 0.005
0.745 0.651 0.000 0.005
0.745 0.670 0.000 0.005
0.745 0.689 0.000 0.005
0.745 0.708 0.000 0.005
0.745 0.726 0.000 0.005
0.745 0.745 0.000 0.005
0.745 0.764 0.000 0.005
0.745 0.783 0.000 0.005
0.745 0.802 0.000 0.005
0.745 0.821 0.000 0.005
0.745 0.840 0.000 0.005
0.745 0.858 0.000 0.005
0.745 0.877 0.000 0.005
0.745 0.896 0.000 0.005
0.745 0.915 0.000 0.005
0.745 0.934 0.000 0.005
0.745 0.953 0.000 0.005
0.745 0.972 0.000 0.005
0.745 0.991 0.000 0.005
0.764 0.009 0.000 0.005
0.764 0.028 0.000 0.005
0.764 0.047 0.000 0.005
0.764 0.066 0.000 0.005
0.764 0.085 0.000 0.005
0.764 0.104 0.000 0.005
0.764 0.123 0.000 0.005
0.764 0.142 0.000 0.005
0.764 0.160 0.000 0.005
0.764 0.179 0.000 0.005
0.764 0.198 0.000 0.005
0.764 0.217 0.000 0.005
0.764 0.236 0.000 0.005
0.764 0.255 0.000 0.005
0.764 0.274 0.000 0.005
0.764 0.292 0.000 0.005
0.764 0.311 0.000 0.005
0.764 0.330 0.000 0.005
0.764 0.349 0.000 0.005
0.764 0.368 0.000 0.005
0.764 0.387 0.000 0.005
0.764 0.406 0.000 0.005
0.764 0.425 0.000 0.005
0.764 0.443 0.000 0.005
0.764 0.462 0.000 0.005
0.764 0.481 0.000 0.005
0.764 0.500 0.000 0.005
0.764 0.519 0.000 0.005
0.764 0.538 0.000 0.005
0.764 0.557 0.000 0.005
0.764 0.575 0.000 0.005
0.764 0.594 0.000 0.005
0.764 0.613 0.000 0.005
0.764 0.632 0.000 0.005
0.764 0.651 0.000 0.005
0.764 0.670 0.000 0.005
0.764 0.689 0.000 0.005
0.764 0.708 0.000 0.005
0.764 0.726 0.000 0.005
0.764 0.745 0.000 0.005
0.764 0.764 0.000 0.005
0.764 0.783 0.000 0.005
0.764 0.802 0.000 0.005
0.764 0.821 0.000 0.005
0.764 0.840 0.000 0.005
0.764 0.858 0.000 0.005
0.764 0.877 0.000 0.005
0.764 0.896 0.000 0.005
0.764 0.915 0.000 0.005
0.764 0.934 0.000 0.005
0.764 0.953 0.000 0.005
0.764 0.972 0.000 0.005
0.764 0.991 0.000 0.005
0.783 0.009 0.000 0.005
0.783 0.028 0.000 0.005
0.783 0.047 0.000 0.005
0.783 0.066 0.000 0.005
0.783 0.085 0.000 0.005
0.783 0.104 0.000 0.005
0.783 0.123 0.000 0.005
0.783 0.142 0.000 0.005
0.783 0.160 0.000 0.005
0.783 0.179 0.000 0.005
0.783 0.198 0.000 0.005
0.783 0.217 0.000 0.005
0.783 0.236 0.000 0.005
0.783 0.255 0.000 0.005
0.783 0.274 0.000 0.005
0.783 0.292 0.000 0.005
0.783 0.311 0.000 0.005
0.783 0.330 0.000 0.005
0.783 0.349 0.000 0.005
0.783 0.368 0.000 0.005
0.783 0.387 0.000 0.005
0.783 0.406 0.000 0.005
0.783 0.425 0.000 0.005
0.783 0.443 0.000 0.005
0.783 0.462 0.000 0.005
0.783 0.481 0.000 0.005
0.783 0.500 0.000 0.005
0.783 0.519 0.000 0.005
0.783 0.538 0.000 0.005
0.783 0.557 0.000 0.005
0.783 0.575 0.000 0.005
0.783 0.594 0.000 0.005
0.783 0.613 0.000 0.005
0.783 0.632 0.000 0.005
0.783 0.651 0.000 0.005
0.783 0.670 0.000 0.005
0.783 0.689 0.000 0.005
0.783 0.708 0.000 0.005
0.783 0.726 0.000 0.005
0.783 0.745 0.000 0.005
0.783 0.764 0.000 0.005
0.783 0.783 0.000 0.005
0.783 0.802 0.000 0.005
0.783 0.821 0.000 0.005
0.783 0.840 0.000 0.005
0.783 0.858 0.000 0.005
0.783 0.877 0.000 0.005
0.783 0.896 0.000 0.005
0.783 0.915 0.000 0.005
0.783 0.934 0.000 0.005
0.783 0.953 0.000 0.005
0.783 0.972 0.000 0.005
0.783 0.991 0.000 0.005
0.802 0.009 0.000 0.005
0.802 0.028 0.000 0.005
0.802 0.047 0.000 0.005
0.802 0.066 0.000 0.005
0.802 0.085 0.000 0.005
0.802 0.104 0.000 0.005
0.802 0.123 0.000 0.005
0.802 0.142 0.000 0.005
0.802 0.160 0.000 0.005
0.802 0.179 0.000 0.005
0.802 0.198 0.000 0.005
0.802 0.217 0.000 0.005
0.802 0.236 0.000 0.005
0.802 0.255 0.000 0.005
0.802 0.274 0.000 0.005
0.802 0.292 0.000 0.005
0.802 0.311 0.000 0.005
0.802 0.330 0.000 0.005
0.802 0.349 0.000 0.005
0.802 0.368 0.000 0.005
0.802 0.387 0.000 0.005
0.802 0.406 0.000 0.005
0.802 0.425 0.000 0.005
0.802 0.443 0.000 0.005
0.802 0.462 0.000 0.005
0.802 0.481 0.000 0.005
0.802 0.500 0.000 0.005
0.802 0.519 0.000 0.005
0.802 0.538 0.000 0.005
0.802 0.557 0.000 0.005
0.802 0.575 0.000 0.005
0.802 0.594 0.000 0.005
0.802 0.613 0.000 0.005
0.802 0.632 0.000 0.005
0.802 0.651 0.000 0.005
0.802 0.670 0.000 0.005
0.802 0.689 0.000 0.005
0.802 0.708 0.000 0.005
0.802 0.726 0.000 0.005
0.802 0.745 0.000 0.005
0.802 0.764 0.000 0.005
0.802 0.783 0.000 0.005
0.802 0.802 0.000 0.005
0.802 0.821 0.000 0.005
0.802 0.840 0.000 0.005
0.802 0.858 0.000 0.005
0.802 0.877 0.000 0.005
0.802 0.896 0.000 0.005
0.802 0.915 0.000 0.005
0.802 0.934 0.000 0.005
0.802 0.953 0.000 0.005
0.802 0.972 0.000 0.005
0.802 0.991 0.000 0.005
0.821 0.009 0.000 0.005
0.821 0.028 0.000 0.005
0.821 0.047 0.000 0.005
0.821 0.066 0.000 0.005
0.821 0.085 0.000 0.005
0.821 0.104 0.000 0.005
0.821 0.123 0.000 0.005
0.821 0.142 0.000 0.005
0.821 0.160 0.000 0.005
0.821 0.179 0.000 0.005
0.821 0.198 0.000 0.005
0.821 0.217 0.000 0.005
0.821 0.236 0.000 0.005
0.821 0.255 0.000 0.005
0.821 0.274 0.000 0.005
0.821 0.292 0.000 0.005
0.821 0.311 0.000 0.005
0.821 0.330 0.000 0.005
0.821 0.349 0.000 0.005
0.821 0.368 0.000 0.005
0.821 0.387 0.000 0.005
0.821 0.406 0.000 0.005
0.821 0.425 0.000 0.005
0.821 0.443 0.000 0.005
0.821 0.462 0.000 0.005
0.821 0.481 0.000 0.005
0.821 0.500 0.000 0.005
0.821 0.519 0.000 0.005
0.821 0.538 0.000 0.005
0.821 0.557 0.000 0.005
0.821 0.575 0.000 0.005
0.821 0.594 0.000 0.005
0.821 0.613 0.000 0.005
0.821 0.632 0.000 0.005
0.821 0.651 0.000 0.005
0.821 0.670 0.000 0.005
0.821 0.689 0.000 0.005
0.821 0.708 0.000 0.005
0.821 0.726 0.000 0.005
0.821 0.745 0.000 0.005
0.821 0.764 0.000 0.005
0.821 0.783 0.000 0.005
0.821 0.802 0.000 0.005
0.821 0.821 0.000 0.005
0.821 0.840 0.000 0.005
0.821 0.858 0.000 0.005
0.821 0.877 0.000 0.005
0.821 0.896 0.000 0.005
0.821 0.915 0.000 0.005
0.821 0.934 0.000 0.005
0.821 0.953 0.000 0.005
0.821 0.972 0.000 0.005
0.821 0.991 0.000 0.005
0.840 0.009 0.000 0.005
0.840 0.028 0.000 0.005
0.840 0.047 0.000 0.005
0.840 0.066 0.000 0.005
0.840 0.085 0.000 0.005
0.840 0.104 0.000 0.005
0.840 0.123 0.000 0.005
0.840 0.142 0.000 0.005
0.840 0.160 0.000 0.005
0.840 0.179 0.000 0.005
0.840 0.198 0.000 0.005
0.840 0.217 0.000 0.005
0.840 0.236 0.000 0.005
0.840 0.255 0.000 0.005
0.840 0.274 0.000 0.005
0.840 0.292 0.000 0.005
0.840 0.311 0.000 0.005
0.840 0.330 0.000 0.005
0.840 0.349 0.000 0.005
0.840 0.368 0.000 0.005
0.840 0.387 0.000 0.005
0.840 0.406 0.000 0.005
0.840 0.425 0.000 0.005
0.840 0.443 0.000 0.005
0.840 0.462 0.000 0.005
0.840 0.481 0.000 0.005
0.840 0.500 0.000 0.005
0.840 0.519 0.000 0.005
0.840 0.538 0.000 0.005
0.840 0.557 0.000 0.005
0.840 0.575 0.000 0.005
0.840 0.594 0.000 0.005
0.840 0.613 0.000 0.005
0.840 0.632 0.000 0.005
0.840 0.651 0.000 0.005
0.840 0.670 0.000 0.005
0.840 0.689 0.000 0.005
0.840 0.708 0.000 0.005
0.840 0.726 0.000 0.005
0.840 0.745 0.000 0.005
0.840 0.764 0.000 0.005
0.840 0.783 0.000 0.005
0.840 0.802 0.000 0.005
0.840 0.821 0.000 0.005
0.840 0.840 0.000 0.005
0.840 0.858 0.000 0.005
0.840 0.877 0.000 0.005
0.840 0.896 0.000 0.005
0.840 0.915 0.000 0.005
0.840 0.934 0.000 0.005
0.840 0.953 0.000 0.005
0.840 0.972 0.000 0.005
0.840 0.991 0.000 0.005
0.858 0.009 0.000 0.005
0.858 0.028 0.000 0.005
0.858 0.047 0.000 0.005
0.858 0.066 0.000 0.005
0.858 0.085 0.000 0.005
0.858 0.104 0.000 0.005
0.858 0.123 0.000 0.005
0.858 0.142 0.000 0.005
0.858 0.160 0.000 0.005
0.858 0.179 0.000 0.005
0.858 0.198 0.000 0.005
0.858 0.217 0.000 0.005
0.858 0.236 0.000 0.005
0.858 0.255 0.000 0.005
0.858 0.274 0.000 0.005
0.858 0.292 0.000 0.005
0.858 0.311 0.000 0.005
0.858 0.330 0.000 0.005
0.858 0.349 0.000 0.005
0.858 0.368 0.000 0.005
0.858 0.387 0.000 0.005
0.858 0.406 0.000 0.005
0.858 0.425 0.000 0.005
0.858 0.443 0.000 0.005
0.858 0.462 0.000 0.005
0.858 0.481 0.000 0.005
0.858 0.500 0.000 0.005
0.858 0.519 0.000 0.005
0.858 0.538 0.000 0.005
0.858 0.557 0.000 0.005
0.858 0.575 0.000 0.005
0.858 0.594 0.000 0.005
0.858 0.613 0.000 0.005
0.858 0.632 0.000 0.005
0.858 0.651 0.000 0.005
0.858 0.670 0.000 0.005
0.858 0.689 0.000 0.005
0.858 0.708 0.000 0.005
0.858 0.726 0.000 0.005
0.858 0.745 0.000 0.005
0.858 0.764 0.000 0.005
0.858 0.783 0.000 0.005
0.858 0.802 0.000 0.005
0.858 0.821 0.000 0.005
0.858 0.840 0.000 0.005
0.858 0.858 0.000 0.005
0.858 0.877 0.000 0.005
0.858 0.896 0.000 0.005
0.858 0.915 0.000 0.005
0.858 0.934 0.000 0.005
0.858 0.953 0.000 0.005
0.858 0.972 0.000 0.005
0.858 0.991 0.000 0.005
0.877 0.009 0.000 0.005
0.877 0.028 0.000 0.005
0.877 0.047 0.000 0.005
0.877 0.066 0.000 0.005
0.877 0.085 0.000 0.005
0.877 0.104 0.000 0.005
0.877 0.123 0.000 0.005
0.877 0.142 0.000 0.005
0.877 0.160 0.000 0.005
0.877 0.179 0.000 0.005
0.877 0.198 0.000 0.005
0.877 0.217 0.000 0.005
0.877 0.236 0.000 0.005
0.877 0.255 0.000 0.005
0.877 0.274 0.000 0.005
0.877 0.292 0.000 0.005
0.877 0.311 0.000 0.005
0.877 0.330 0.000 0.005
0.877 0.349 0.000 0.005
0.877 0.368 0.000 0.005
0.877 0.387 0.000 0.005
0.877 0.406 0.000 0.005
0.877 0.425 0.000 0.005
0.877 0.443 0.000 0.005
0.877 0.462 0.000 0.005
0.877 0.481 0.000 0.005
0.877 0.500 0.000 0.005
0.877 0.519 0.000 0.005
0.877 0.538 0.000 0.005
0.877 0.557 0.000 0.005
0.877 0.575 0.000 0.005
0.877 0.594 0.000 0.005
0.877 0.613 0.000 0.005
0.877 0.632 0.000 0.005
0.877 0.651 0.000 0.005
0.877 0.670 0.000 0.005
0.877 0.689 0.000 0.005
0.877 0.708 0.000 0.005
0.877 0.726 0.000 0.005
0.877 0.745 0.000 0.005
0.877 0.764 0.000 0.005
0.877 0.783 0.000 0.005
0.877 0.802 0.000 0.005
0.877 0.821 0.000 0.005
0.877 0.840 0.000 0.005
0.877 0.858 0.000 0.005
0.877 0.877 0.000 0.005
0.877 0.896 0.000 0.005
0.877 0.915 0.000 0.005
0.877 0.934 0.000 0.005
0.877 0.953 0.000 0.005
0.877 0.972 0.000 0.005
0.877 0.991 0.000 0.005
0.896 0.009 0.000 0.005
0.896 0.028 0.000 0.005
0.896 0.047 0.000 0.005
0.896 0.066 0.000 0.005
0.896 0.085 0.000 0.005
0.896 0.104 0.000 0.005
0.896 0.123 0.000 0.005
0.896 0.142 0.000 0.005
0.896 0.160 0.000 0.005
0.896 0.179 0.000 0.005
0.896 0.198 0.000 0.005
0.896 0.217 0.000 0.005
0.896 0.236 0.000 0.005
0.896 0.255 0.000 0.005
0.896 0.274 0.000 0.005
0.896 0.292 0.000 0.005
0.896 0.311 0.000 0.005
0.896 0.330 0.000 0.005
0.896 0.349 0.000 0.005
0.896 0.368 0.000 0.005
0.896 0.387 0.000 0.005
0.896 0.406 0.000 0.005
0.896 0.425 0.000 0.005
0.896 0.443 0.000 0.005
0.896 0.462 0.000 0.005
0.896 0.481 0.000 0.005
0.896 0.500 0.000 0.005
0.896 0.519 0.000 0.005
0.896 0.538 0.000 0.005
0.896 0.557 0.000 0.005
0.896 0.575 0.000 0.005
0.896 0.594 0.000 0.005
0.896 0.613 0.000 0.005
0.896 0.632 0.000 0.005
0.896 0.651 0.000 0.005
0.896 0.670 0.000 0.005
0.896 0.689 0.000 0.005
0.896 0.708 0.000 0.005
0.896 0.726 0.000 0.005
0.896 0.745 0.000 0.005
0.896 0.764 0.000 0.005
0.896 0.783 0.000 0.005
0.896 0.802 0.000 0.005
0.896 0.821 0.000 0.005
0.896 0.840 0.000 0.005
0.896 0.858 0.000 0.005
0.896 0.877 0.000 0.005
0.896 0.896 0.000 0.005
0.896 0.915 0.000 0.005
0.896 0.934 0.000 0.005
0.896 0.953 0.000 0.005
0.896 0.972 0.000 0.005
0.896 0.991 0.000 0.005
0.915 0.009 0.000 0.005
0.915 0.028 0.000 0.005
0.915 0.047 0.000 0.005
0.915 0.066 0.000 0.005
0.915 0.085 0.000 0.005
0.915 0.104 0.000 0.005
0.915 0.123 0.000 0.005
0.915 0.142 0.000 0.005
0.915 0.160 0.000 0.005
0.915 0.179 0.000 0.005
0.915 0.198 0.000 0.005
0.915 0.217 0.000 0.005
0.915 0.236 0.000 0.005
0.915 0.255 0.000 0.005
0.915 0.274 0.000 0.005
0.915 0.292 0.000 0.005
0.915 0.311 0.000 0.005
0.915 0.330 0.000 0.005
0.915 0.349 0.000 0.005
0.915 0.368 0.000 0.005
0.915 0.387 0.000 0.005
0.915 0.406 0.000 0.005
0.915 0.425 0.000 0.005
0.915 0.443 0.000 0.005
0.915 0.462 0.000 0.005
0.915 0.481 0.000 0.005
0.915 0.500 0.000 0.005
0.915 0.519 0.000 0.005
0.915 0.538 0.000 0.005
0.915 0.557 0.000 0.005
0.915 0.575 0.000 0.005
0.915 0.594 0.000 0.005
0.915 0.613 0.000 0.005
0.915 0.632 0.000 0.005
0.915 0.651 0.000 0.005
0.915 0.670 0.000 0.005
0.915 0.689 0.000 0.005
0.915 0.708 0.000 0.005
0.915 0.726 0.000 0.005
0.915 0.745 0.000 0.005
0.915 0.764 0.000 0.005
0.915 0.783 0.000 0.005
0.915 0.802 0.000 0.005
0.915 0.821 0.000 0.005
0.915 0.840 0.000 0.005
0.915 0.858 0.000 0.005
0.915 0.877 0.000 0.005
0.915 0.896 0.000 0.005
0.915 0.915 0.000 0.005
0.915 0.934 0.000 0.005
0.915 0.953 0.000 0.005
0.915 0.972 0.000 0.005
0.915 0.991 0.000 0.005
0.934 0.009 0.000 0.005
0.934 0.028 0.000 0.005
0.934 0.047 0.000 0.005
0.934 0.066 0.000 0.005
0.934 0.085 0.000 0.005
0.934 0.104 0.000 0.005
0.934 0.123 0.000 0.005
0.934 0.142 0.000 0.005
0.934 0.160 0.000 0.005
0.934 0.179 0.000 0.005
0.934 0.198 0.000 0.005
0.934 0.217 0.000 0.005
0.934 0.236 0.000 0.005
0.934 0.255 0.000 0.005
0.934 0.274 0.000 0.005
0.934 0.292 0.000 0.005
0.934 0.311 0.000 0.005
0.934 0.330 0.000 0.005
0.934 0.349 0.000 0.005
0.934 0.368 0.000 0.005
0.934 0.387 0.000 0.005
0.934 0.406 0.000 0.005
0.934 0.425 0.000 0.005
0.934 0.443 0.000 0.005
0.934 0.462 0.000 0.005
0.934 0.481 0.000 0.005
0.934 0.500 0.000 0.005
0.934 0.519 0.000 0.005
0.934 0.538 0.000 0.005
0.934 0.557 0.000 0.005
0.934 0.575 0.000 0.005
0.934 0.594 0.000 0.005
0.934 0.613 0.000 0.005
0.934 0.632 0.000 0.005
0.934 0.651 0.000 0.005
0.934 0.670 0.000 0.005
0.934 0.689 0.000 0.005
0.934 0.708 0.000 0.005
0.934 0.726 0.000 0.005
0.934 0.745 0.000 0.005
0.934 0.764 0.000 0.005
0.934 0.783 0.000 0.005
0.934 0.802 0.000 0.005
0.934 0.821 0.000 0.005
0.934 0.840 0.000 0.005
0.934 0.858 0.000 0.005
0.934 0.877 0.000 0.005
0.934 0.896 0.000 0.005
0.934 0.915 0.000 0.005
0.934 0.934 0.000 0.005
0.934 0.953 0.000 0.005
0.934 0.972 0.000 0.005
0.934 0.991 0.000 0.005
0.953 0.009 0.000 0.005
0.953 0.028 0.000 0.005
0.953 0.047 0.000 0.005
0.953 0.066 0.000 0.005
0.953 0.085 0.000 0.005
0.953 0.104 0.000 0.005
0.953 0.123 0.000 0.005
0.953 0.142 0.000 0.005
0.953 0.160 0.000 0.005
0.953 0.179 0.000 0.005
0.953 0.198 0.000 0.005
0.953 0.217 0.000 0.005
0.953 0.236 0.000 0.005
0.953 0.255 0.000 0.005
0.953 0.274 0.000 0.005
0.953 0.292 0.000 0.005
0.953 0.311 0.000 0.005
0.953 0.330 0.000 0.005
0.953 0.349 0.000 0.005
0.953 0.368 0.000 0.005
0.953 0.387 0.000 0.005
0.953 0.406 0.000 0.005
0.953 0.425 0.000 0.005
0.953 0.443 0.000 0.005
0.953 0.462 0.000 0.005
0.953 0.481 0.000 0.005
0.953 0.500 0.000 0.005
0.953 0.519 0.000 0.005
0.953 0.538 0.000 0.005
0.953 0.557 0.000 0.005
0.953 0.575 0.000 0.005
0.953 0.594 0.000 0.005
0.953 0.613 0.000 0.005
0.953 0.632 0.000 0.005
0.953 0.651 0.000 0.005
0.953 0.670 0.000 0.005
0.953 0.689 0.000 0.005
0.953 0.708 0.000 0.005
0.953 0.726 0.000 0.005
0.953 0.745 0.000 0.005
0.953 0.764 0.000 0.005
0.953 0.783 0.000 0.005
0.953 0.802 0.000 0.005
0.953 0.821 0.000 0.005
0.953 0.840 0.000 0.005
0.953 0.858 0.000 0.005
0.953 0.877 0.000 0.005
0.953 0.896 0.000 0.005
0.953 0.915 0.000 0.005
0.953 0.934 0.000 0.005
0.953 0.953 0.000 0.005
0.953 0.972 0.000 0.005
0.953 0.991 0.000 0.005
0.972 0.009 0.000 0.005
0.972 0.028 0.000 0.005
0.972 0.047 0.000 0.005
0.972 0.066 0.000 0.005
0.972 0.085 0.000 0.005
0.972 0.104 0.000 0.005
0.972 0.123 0.000 0.005
0.972 0.142 0.000 0.005
0.972 0.160 0.000 0.005
0.972 0.179 0.000 0.005
0.972 0.198 0.000 0.005
0.972 0.217 0.000 0.005
0.972 0.236 0.000 0.005
0.972 0.255 0.000 0.005
0.972 0.274 0.000 0.005
0.972 0.292 0.000 0.005
0.972 0.311 0.000 0.005
0.972 0.330 0.000 0.005
0.972 0.349 0.000 0.005
0.972 0.368 0.000 0.005
0.972 0.387 0.000 0.005
0.972 0.406 0.000 0.005
0.972 0.425 0.000 0.005
0.972 0.443 0.000 0.005
0.972 0.462 0.000 0.005
0.972 0.481 0.000 0.005
0.972 0.500 0.000 0.005
0.972 0.519 0.000 0.005
0.972 0.538 0.000 0.005
0.972 0.557 0.000 0.005
0.972 0.575 0.000 0.005
0.972 0.594 0.000 0.005
0.972 0.613 0.000 0.005
0.972 0.632 0.000 0.005
0.972 0.651 0.000 0.005
0.972 0.670 0.000 0.005
0.972 0.689 0.000 0.005
0.972 0.708 0.000 0.005
0.972 0.726 0.000 0.005
0.972 0.745 0.000 0.005
0.972 0.764 0.000 0.005
0.972 0.783 0.000 0.005
0.972 0.802 0.000 0.005
0.972 0.821 0.000 0.005
0.972 0.840 0.000 0.005
0.972 0.858 0.000 0.005
0.972 0.877 0.000 0.005
0.972 0.896 0.000 0.005
0.972 0.915 0.000 0.005
0.972 0.934 0.000 0.005
0.972 0.953 0.000 0.005
0.972 0.972 0.000 0.005
0.972 0.991 0.000 0.005
0.991 0.009 0.000 0.005
0.991 0.028 0.000 0.005
0.991 0.047 0.000 0.005
0.991 0.066 0.000 0.005
0.991 0.085 0.000 0.005
0.991 0.104 0.000 0.005
0.991 0.123 0.000 0.005
0.991 0.142 0.000 0.005
0.991 0.160 0.000 0.005
0.991 0.179 0.000 0.005
0.991 0.198 0.000 0.005
0.991 0.217 0.000 0.005
0.991 0.236 0.000 0.005
0.991 0.255 0.000 0.005
0.991 0.274 0.000 0.005
0.991 0.292 0.000 0.005
0.991 0.311 0.000 0.005
0.991 0.330 0.000 0.005
0.991 0.349 0.000 0.005
0.991 0.368 0.000 0.005
0.991 0.387 0.000 0.005
0.991 0.406 0.000 0.005
0.991 0.425 0.000 0.005
0.991 0.443 0.000 0.005
0.991 0.462 0.000 0.005
0.991 0.481 0.000 0.005
0.991 0.500 0.000 0.005
0.991 0.519 0.000 0.005
0.991 0.538 0.000 0.005
0.991 0.557 0.000 0.005
0.991 0.575 0.000 0.005
0.991 0.594 0.000 0.005
0.991 0.613 0.000 0.005
0.991 0.632 0.000 0.005
0.991 0.651 0.000 0.005
0.991 0.670 0.000 0.005
0.991 0.689 0.000 0.005
0.991 0.708 0.000 0.005
0.991 0.726 0.000 0.005
0.991 0.745 0.000 0.005
0.991 0.764 0.000 0.005
0.991 0.783 0.000 0.005
0.991 0.802 0.000 0.005
0.991 0.821 0.000 0.005
0.991 0.840 0.000 0.005
0.991 0.858 0.000 0.005
0.991 0.877 0.000 0.005
0.991 0.896 0.000 0.005
0.991 0.915 0.000 0.005
0.991 0.934 0.000 0.005
0.991 0.953 0.000 0.005
0.991 0.972 0.000 0.005
0.991 0.991 0.000 0.005
