0.022 0.022 0.000 0.005
0.022 0.065 0.000 0.005
0.022 0.109 0.000 0.005
0.022 0.152 0.000 0.005
0.022 0.196 0.000 0.005
0.022 0.239 0.000 0.005
0.022 0.283 0.000 0.005
0.022 0.326 0.000 0.005
0.022 0.370 0.000 0.005
0.022 0.413 0.000 0.005
0.022 0.457 0.000 0.005
0.022 0.500 0.000 0.005
0.022 0.543 0.000 0.005
0.022 0.587 0.000 0.005
0.022 0.630 0.000 0.005
0.022 0.674 0.000 0.005
0.022 0.717 0.000 0.005
0.022 0.761 0.000 0.005
0.022 0.804 0.000 0.005
0.022 0.848 0.000 0.005
0.022 0.891 0.000 0.005
0.022 0.935 0.000 0.005
0.022 0.978 0.000 0.005
0.065 0.022 0.000 0.005
0.065 0.065 0.000 0.005
0.065 0.109 0.000 0.005
0.065 0.152 0.000 0.005
0.065 0.196 0.000 0.005
0.065 0.239 0.000 0.005
0.065 0.283 0.000 0.005
0.065 0.326 0.000 0.005
0.065 0.370 0.000 0.005
0.065 0.413 0.000 0.005
0.065 0.457 0.000 0.005
0.065 0.500 0.000 0.005
0.065 0.543 0.000 0.005
0.065 0.587 0.000 0.005
0.065 0.630 0.000 0.005
0.065 0.674 0.000 0.005
0.065 0.717 0.000 0.005
0.065 0.761 0.000 0.005
0.065 0.804 0.000 0.005
0.065 0.848 0.000 0.005
0.065 0.891 0.000 0.005
0.065 0.935 0.000 0.005
0.065 0.978 0.000 0.005
0.109 0.022 0.000 0.005
0.109 0.065 0.000 0.005
0.109 0.109 0.000 0.005
0.109 0.152 0.000 0.005
0.109 0.196 0.000 0.005
0.109 0.239 0.000 0.005
0.109 0.283 0.000 0.005
0.109 0.326 0.000 0.005
0.109 0.370 0.000 0.005
0.109 0.413 0.000 0.005
0.109 0.457 0.000 0.005
0.109 0.500 0.000 0.005
0.109 0.543 0.000 0.005
0.109 0.587 0.000 0.005
0.109 0.630 0.000 0.005
0.109 0.674 0.000 0.005
0.109 0.717 0.000 0.005
0.109 0.761 0.000 0.005
0.109 0.804 0.000 0.005
0.109 0.848 0.000 0.005
0.109 0.891 0.000 0.005
0.109 0.935 0.000 0.005
0.109 0.978 0.000 0.005
0.152 0.022 0.000 0.005
0.152 0.065 0.000 0.005
0.152 0.109 0.000 0.005
0.152 0.152 0.000 0.005
0.152 0.196 0.000 0.005
0.152 0.239 0.000 0.005
0.152 0.283 0.000 0.005
0.152 0.326 0.000 0.005
0.152 0.370 0.000 0.005
0.152 0.413 0.000 0.005
0.152 0.457 0.000 0.005
0.152 0.500 0.000 0.005
0.152 0.543 0.000 0.005
0.152 0.587 0.000 0.005
0.152 0.630 0.000 0.005
0.152 0.674 0.000 0.005
0.152 0.717 0.000 0.005
0.152 0.761 0.000 0.005
0.152 0.804 0.000 0.005
0.152 0.848 0.000 0.005
0.152 0.891 0.000 0.005
0.152 0.935 0.000 0.005
0.152 0.978 0.000 0.005
0.196 0.022 0.000 0.005
0.196 0.065 0.000 0.005
0.196 0.109 0.000 0.005
0.196 0.152 0.000 0.005
0.196 0.196 0.000 0.005
0.196 0.239 0.000 0.005
0.196 0.283 0.000 0.005
0.196 0.326 0.000 0.005
0.196 0.370 0.000 0.005
0.196 0.413 0.000 0.005
0.196 0.457 0.000 0.005
0.196 0.500 0.000 0.005
0.196 0.543 0.000 0.005
0.196 0.587 0.000 0.005
0.196 0.630 0.000 0.005
0.196 0.674 0.000 0.005
0.196 0.717 0.000 0.005
0.196 0.761 0.000 0.005
0.196 0.804 0.000 0.005
0.196 0.848 0.000 0.005
0.196 0.891 0.000 0.005
0.196 0.935 0.000 0.005
0.196 0.978 0.000 0.005
0.239 0.022 0.000 0.005
0.239 0.065 0.000 0.005
0.239 0.109 0.000 0.005
0.239 0.152 0.000 0.005
0.239 0.196 0.000 0.005
0.239 0.239 0.000 0.005
0.239 0.283 0.000 0.005
0.239 0.326 0.000 0.005
0.239 0.370 0.000 0.005
0.239 0.413 0.000 0.005
0.239 0.457 0.000 0.005
0.239 0.500 0.000 0.005
0.239 0.543 0.000 0.005
0.239 0.587 0.000 0.005
0.239 0.630 0.000 0.005
0.239 0.674 0.000 0.005
0.239 0.717 0.000 0.005
0.239 0.761 0.000 0.005
0.239 0.804 0.000 0.005
0.239 0.848 0.000 0.005
0.239 0.891 0.000 0.005
0.239 0.935 0.000 0.005
0.239 0.978 0.000 0.005
0.283 0.022 0.000 0.005
0.283 0.065 0.000 0.005
0.283 0.109 0.000 0.005
0.283 0.152 0.000 0.005
0.283 0.196 0.000 0.005
0.283 0.239 0.000 0.005
0.283 0.283 0.000 0.005
0.283 0.326 0.000 0.005
0.283 0.370 0.000 0.005
0.283 0.413 0.000 0.005
0.283 0.457 0.000 0.005
0.283 0.500 0.000 0.005
0.283 0.543 0.000 0.005
0.283 0.587 0.000 0.005
0.283 0.630 0.000 0.005
0.283 0.674 0.000 0.005
0.283 0.717 0.000 0.005
0.283 0.761 0.000 0.005
0.283 0.804 0.000 0.005
0.283 0.848 0.000 0.005
0.283 0.891 0.000 0.005
0.283 0.935 0.000 0.005
0.283 0.978 0.000 0.005
0.326 0.022 0.000 0.005
0.326 0.065 0.000 0.005
0.326 0.109 0.000 0.005
0.326 0.152 0.000 0.005
0.326 0.196 0.000 0.005
0.326 0.239 0.000 0.005
0.326 0.283 0.000 0.005
0.326 0.326 0.000 0.005
0.326 0.370 0.000 0.005
0.326 0.413 0.000 0.005
0.326 0.457 0.000 0.005
0.326 0.500 0.000 0.005
0.326 0.543 0.000 0.005
0.326 0.587 0.000 0.005
0.326 0.630 0.000 0.005
0.326 0.674 0.000 0.005
0.326 0.717 0.000 0.005
0.326 0.761 0.000 0.005
0.326 0.804 0.000 0.005
0.326 0.848 0.000 0.005
0.326 0.891 0.000 0.005
0.326 0.935 0.000 0.005
0.326 0.978 0.000 0.005
0.370 0.022 0.000 0.005
0.370 0.065 0.000 0.005
0.370 0.109 0.000 0.005
0.370 0.152 0.000 0.005
0.370 0.196 0.000 0.005
0.370 0.239 0.000 0.005
0.370 0.283 0.000 0.005
0.370 0.326 0.000 0.005
0.370 0.370 0.000 0.005
0.370 0.413 0.000 0.005
0.370 0.457 0.000 0.005
0.370 0.500 0.000 0.005
0.370 0.543 0.000 0.005
0.370 0.587 0.000 0.005
0.370 0.630 0.000 0.005
0.370 0.674 0.000 0.005
0.370 0.717 0.000 0.005
0.370 0.761 0.000 0.005
0.370 0.804 0.000 0.005
0.370 0.848 0.000 0.005
0.370 0.891 0.000 0.005
0.370 0.935 0.000 0.005
0.370 0.978 0.000 0.005
0.413 0.022 0.000 0.005
0.413 0.065 0.000 0.005
0.413 0.109 0.000 0.005
0.413 0.152 0.000 0.005
0.413 0.196 0.000 0.005
0.413 0.239 0.000 0.005
0.413 0.283 0.000 0.005
0.413 0.326 0.000 0.005
0.413 0.370 0.000 0.005
0.413 0.413 0.000 0.005
0.413 0.457 0.000 0.005
0.413 0.500 0.000 0.005
0.413 0.543 0.000 0.005
0.413 0.587 0.000 0.005
0.413 0.630 0.000 0.005
0.413 0.674 0.000 0.005
0.413 0.717 0.000 0.005
0.413 0.761 0.000 0.005
0.413 0.804 0.000 0.005
0.413 0.848 0.000 0.005
0.413 0.891 0.000 0.005
0.413 0.935 0.000 0.005
0.413 0.978 0.000 0.005
0.457 0.022 0.000 0.005
0.457 0.065 0.000 0.005
0.457 0.109 0.000 0.005
0.457 0.152 0.000 0.005
0.457 0.196 0.000 0.005
0.457 0.239 0.000 0.005
0.457 0.283 0.000 0.005
0.457 0.326 0.000 0.005
0.457 0.370 0.000 0.005
0.457 0.413 0.000 0.005
0.457 0.457 0.000 0.005
0.457 0.500 0.000 0.005
0.457 0.543 0.000 0.005
0.457 0.587 0.000 0.005
0.457 0.630 0.000 0.005
0.457 0.674 0.000 0.005
0.457 0.717 0.000 0.005
0.457 0.761 0.000 0.005
0.457 0.804 0.000 0.005
0.457 0.848 0.000 0.005
0.457 0.891 0.000 0.005
0.457 0.935 0.000 0.005
0.457 0.978 0.000 0.005
0.500 0.022 0.000 0.005
0.500 0.065 0.000 0.005
0.500 0.109 0.000 0.005
0.500 0.152 0.000 0.005
0.500 0.196 0.000 0.005
0.500 0.239 0.000 0.005
0.500 0.283 0.000 0.005
0.500 0.326 0.000 0.005
0.500 0.370 0.000 0.005
0.500 0.413 0.000 0.005
0.500 0.457 0.000 0.005
0.500 0.500 0.000 0.005
0.500 0.543 0.000 0.005
0.500 0.587 0.000 0.005
0.500 0.630 0.000 0.005
0.500 0.674 0.000 0.005
0.500 0.717 0.000 0.005
0.500 0.761 0.000 0.005
0.500 0.804 0.000 0.005
0.500 0.848 0.000 0.005
0.500 0.891 0.000 0.005
0.500 0.935 0.000 0.005
0.500 0.978 0.000 0.005
0.543 0.022 0.000 0.005
0.543 0.065 0.000 0.005
0.543 0.109 0.000 0.005
0.543 0.152 0.000 0.005
0.543 0.196 0.000 0.005
0.543 0.239 0.000 0.005
0.543 0.283 0.000 0.005
0.543 0.326 0.000 0.005
0.543 0.370 0.000 0.005
0.543 0.413 0.000 0.005
0.543 0.457 0.000 0.005
0.543 0.500 0.000 0.005
0.543 0.543 0.000 0.005
0.543 0.587 0.000 0.005
0.543 0.630 0.000 0.005
0.543 0.674 0.000 0.005
0.543 0.717 0.000 0.005
0.543 0.761 0.000 0.005
0.543 0.804 0.000 0.005
0.543 0.848 0.000 0.005
0.543 0.891 0.000 0.005
0.543 0.935 0.000 0.005
0.543 0.978 0.000 0.005
0.587 0.022 0.000 0.005
0.587 0.065 0.000 0.005
0.587 0.109 0.000 0.005
0.587 0.152 0.000 0.005
0.587 0.196 0.000 0.005
0.587 0.239 0.000 0.005
0.587 0.283 0.000 0.005
0.587 0.326 0.000 0.005
0.587 0.370 0.000 0.005
0.587 0.413 0.000 0.005
0.587 0.457 0.000 0.005
0.587 0.500 0.000 0.005
0.587 0.543 0.000 0.005
0.587 0.587 0.000 0.005
0.587 0.630 0.000 0.005
0.587 0.674 0.000 0.005
0.587 0.717 0.000 0.005
0.587 0.761 0.000 0.005
0.587 0.804 0.000 0.005
0.587 0.848 0.000 0.005
0.587 0.891 0.000 0.005
0.587 0.935 0.000 0.005
0.587 0.978 0.000 0.005
0.630 0.022 0.000 0.005
0.630 0.065 0.000 0.005
0.630 0.109 0.000 0.005
0.630 0.152 0.000 0.005
0.630 0.196 0.000 0.005
0.630 0.239 0.000 0.005
0.630 0.283 0.000 0.005
0.630 0.326 0.000 0.005
0.630 0.370 0.000 0.005
0.630 0.413 0.000 0.005
0.630 0.457 0.000 0.005
0.630 0.500 0.000 0.005
0.630 0.543 0.000 0.005
0.630 0.587 0.000 0.005
0.630 0.630 0.000 0.005
0.630 0.674 0.000 0.005
0.630 0.717 0.000 0.005
0.630 0.761 0.000 0.005
0.630 0.804 0.000 0.005
0.630 0.848 0.000 0.005
0.630 0.891 0.000 0.005
0.630 0.935 0.000 0.005
0.630 0.978 0.000 0.005
0.674 0.022 0.000 0.005
0.674 0.065 0.000 0.005
0.674 0.109 0.000 0.005
0.674 0.152 0.000 0.005
0.674 0.196 0.000 0.005
0.674 0.239 0.000 0.005
0.674 0.283 0.000 0.005
0.674 0.326 0.000 0.005
0.674 0.370 0.000 0.005
0.674 0.413 0.000 0.005
0.674 0.457 0.000 0.005
0.674 0.500 0.000 0.005
0.674 0.543 0.000 0.005
0.674 0.587 0.000 0.005
0.674 0.630 0.000 0.005
0.674 0.674 0.000 0.005
0.674 0.717 0.000 0.005
0.674 0.761 0.000 0.005
0.674 0.804 0.000 0.005
0.674 0.848 0.000 0.005
0.674 0.891 0.000 0.005
0.674 0.935 0.000 0.005
0.674 0.978 0.000 0.005
0.717 0.022 0.000 0.005
0.717 0.065 0.000 0.005
0.717 0.109 0.000 0.005
0.717 0.152 0.000 0.005
0.717 0.196 0.000 0.005
0.717 0.239 0.000 0.005
0.717 0.283 0.000 0.005
0.717 0.326 0.000 0.005
0.717 0.370 0.000 0.005
0.717 0.413 0.000 0.005
0.717 0.457 0.000 0.005
0.717 0.500 0.000 0.005
0.717 0.543 0.000 0.005
0.717 0.587 0.000 0.005
0.717 0.630 0.000 0.005
0.717 0.674 0.000 0.005
0.717 0.717 0.000 0.005
0.717 0.761 0.000 0.005
0.717 0.804 0.000 0.005
0.717 0.848 0.000 0.005
0.717 0.891 0.000 0.005
0.717 0.935 0.000 0.005
0.717 0.978 0.000 0.005
0.761 0.022 0.000 0.005
0.761 0.065 0.000 0.005
0.761 0.109 0.000 0.005
0.761 0.152 0.000 0.005
0.761 0.196 0.000 0.005
0.761 0.239 0.000 0.005
0.761 0.283 0.000 0.005
0.761 0.326 0.000 0.005
0.761 0.370 0.000 0.005
0.761 0.413 0.000 0.005
0.761 0.457 0.000 0.005
0.761 0.500 0.000 0.005
0.761 0.543 0.000 0.005
0.761 0.587 0.000 0.005
0.761 0.630 0.000 0.005
0.761 0.674 0.000 0.005
0.761 0.717 0.000 0.005
0.761 0.761 0.000 0.005
0.761 0.804 0.000 0.005
0.761 0.848 0.000 0.005
0.761 0.891 0.000 0.005
0.761 0.935 0.000 0.005
0.761 0.978 0.000 0.005
0.804 0.022 0.000 0.005
0.804 0.065 0.000 0.005
0.804 0.109 0.000 0.005
0.804 0.152 0.000 0.005
0.804 0.196 0.000 0.005
0.804 0.239 0.000 0.005
0.804 0.283 0.000 0.005
0.804 0.326 0.000 0.005
0.804 0.370 0.000 0.005
0.804 0.413 0.000 0.005
0.804 0.457 0.000 0.005
0.804 0.500 0.000 0.005
0.804 0.543 0.000 0.005
0.804 0.587 0.000 0.005
0.804 0.630 0.000 0.005
0.804 0.674 0.000 0.005
0.804 0.717 0.000 0.005
0.804 0.761 0.000 0.005
0.804 0.804 0.000 0.005
0.804 0.848 0.000 0.005
0.804 0.891 0.000 0.005
0.804 0.935 0.000 0.005
0.804 0.978 0.000 0.005
0.848 0.022 0.000 0.005
0.848 0.065 0.000 0.005
0.848 0.109 0.000 0.005
0.848 0.152 0.000 0.005
0.848 0.196 0.000 0.005
0.848 0.239 0.000 0.005
0.848 0.283 0.000 0.005
0.848 0.326 0.000 0.005
0.848 0.370 0.000 0.005
0.848 0.413 0.000 0.005
0.848 0.457 0.000 0.005
0.848 0.500 0.000 0.005
0.848 0.543 0.000 0.005
0.848 0.587 0.000 0.005
0.848 0.630 0.000 0.005
0.848 0.674 0.000 0.005
0.848 0.717 0.000 0.005
0.848 0.761 0.000 0.005
0.848 0.804 0.000 0.005
0.848 0.848 0.000 0.005
0.848 0.891 0.000 0.005
0.848 0.935 0.000 0.005
0.848 0.978 0.000 0.005
0.891 0.022 0.000 0.005
0.891 0.065 0.000 0.005
0.891 0.109 0.000 0.005
0.891 0.152 0.000 0.005
0.891 0.196 0.000 0.005
0.891 0.239 0.000 0.005
0.891 0.283 0.000 0.005
0.891 0.326 0.000 0.005
0.891 0.370 0.000 0.005
0.891 0.413 0.000 0.005
0.891 0.457 0.000 0.005
0.891 0.500 0.000 0.005
0.891 0.543 0.000 0.005
0.891 0.587 0.000 0.005
0.891 0.630 0.000 0.005
0.891 0.674 0.000 0.005
0.891 0.717 0.000 0.005
0.891 0.761 0.000 0.005
0.891 0.804 0.000 0.005
0.891 0.848 0.000 0.005
0.891 0.891 0.000 0.005
0.891 0.935 0.000 0.005
0.891 0.978 0.000 0.005
0.935 0.022 0.000 0.005
0.935 0.065 0.000 0.005
0.935 0.109 0.000 0.005
0.935 0.152 0.000 0.005
0.935 0.196 0.000 0.005
0.935 0.239 0.000 0.005
0.935 0.283 0.000 0.005
0.935 0.326 0.000 0.005
0.935 0.370 0.000 0.005
0.935 0.413 0.000 0.005
0.935 0.457 0.000 0.005
0.935 0.500 0.000 0.005
0.935 0.543 0.000 0.005
0.935 0.587 0.000 0.005
0.935 0.630 0.000 0.005
0.935 0.674 0.000 0.005
0.935 0.717 0.000 0.005
0.935 0.761 0.000 0.005
0.935 0.804 0.000 0.005
0.935 0.848 0.000 0.005
0.935 0.891 0.000 0.005
0.935 0.935 0.000 0.005
0.935 0.978 0.000 0.005
0.978 0.022 0.000 0.005
0.978 0.065 0.000 0.005
0.978 0.109 0.000 0.005
0.978 0.152 0.000 0.005
0.978 0.196 0.000 0.005
0.978 0.239 0.000 0.005
0.978 0.283 0.000 0.005
0.978 0.326 0.000 0.005
0.978 0.370 0.000 0.005
0.978 0.413 0.000 0.005
0.978 0.457 0.000 0.005
0.978 0.500 0.000 0.005
0.978 0.543 0.000 0.005
0.978 0.587 0.000 0.005
0.978 0.630 0.000 0.005
0.978 0.674 0.000 0.005
0.978 0.717 0.000 0.005
0.978 0.761 0.000 0.005
0.978 0.804 0.000 0.005
0.978 0.848 0.000 0.005
0.978 0.891 0.000 0.005
0.978 0.935 0.000 0.005
0.978 0.978 0.000 0.005
