0.014 0.014 0.000 0.005
0.014 0.042 0.000 0.005
0.014 0.069 0.000 0.005
0.014 0.097 0.000 0.005
0.014 0.125 0.000 0.005
0.014 0.153 0.000 0.005
0.014 0.181 0.000 0.005
0.014 0.208 0.000 0.005
0.014 0.236 0.000 0.005
0.014 0.264 0.000 0.005
0.014 0.292 0.000 0.005
0.014 0.319 0.000 0.005
0.014 0.347 0.000 0.005
0.014 0.375 0.000 0.005
0.014 0.403 0.000 0.005
0.014 0.431 0.000 0.005
0.014 0.458 0.000 0.005
0.014 0.486 0.000 0.005
0.014 0.514 0.000 0.005
0.014 0.542 0.000 0.005
0.014 0.569 0.000 0.005
0.014 0.597 0.000 0.005
0.014 0.625 0.000 0.005
0.014 0.653 0.000 0.005
0.014 0.681 0.000 0.005
0.014 0.708 0.000 0.005
0.014 0.736 0.000 0.005
0.014 0.764 0.000 0.005
0.014 0.792 0.000 0.005
0.014 0.819 0.000 0.005
0.014 0.847 0.000 0.005
0.014 0.875 0.000 0.005
0.014 0.903 0.000 0.005
0.014 0.931 0.000 0.005
0.014 0.958 0.000 0.005
0.014 0.986 0.000 0.005
0.042 0.014 0.000 0.005
0.042 0.042 0.000 0.005
0.042 0.069 0.000 0.005
0.042 0.097 0.000 0.005
0.042 0.125 0.000 0.005
0.042 0.153 0.000 0.005
0.042 0.181 0.000 0.005
0.042 0.208 0.000 0.005
0.042 0.236 0.000 0.005
0.042 0.264 0.000 0.005
0.042 0.292 0.000 0.005
0.042 0.319 0.000 0.005
0.042 0.347 0.000 0.005
0.042 0.375 0.000 0.005
0.042 0.403 0.000 0.005
0.042 0.431 0.000 0.005
0.042 0.458 0.000 0.005
0.042 0.486 0.000 0.005
0.042 0.514 0.000 0.005
0.042 0.542 0.000 0.005
0.042 0.569 0.000 0.005
0.042 0.597 0.000 0.005
0.042 0.625 0.000 0.005
0.042 0.653 0.000 0.005
0.042 0.681 0.000 0.005
0.042 0.708 0.000 0.005
0.042 0.736 0.000 0.005
0.042 0.764 0.000 0.005
0.042 0.792 0.000 0.005
0.042 0.819 0.000 0.005
0.042 0.847 0.000 0.005
0.042 0.875 0.000 0.005
0.042 0.903 0.000 0.005
0.042 0.931 0.000 0.005
0.042 0.958 0.000 0.005
0.042 0.986 0.000 0.005
0.069 0.014 0.000 0.005
0.069 0.042 0.000 0.005
0.069 0.069 0.000 0.005
0.069 0.097 0.000 0.005
0.069 0.125 0.000 0.005
0.069 0.153 0.000 0.005
0.069 0.181 0.000 0.005
0.069 0.208 0.000 0.005
0.069 0.236 0.000 0.005
0.069 0.264 0.000 0.005
0.069 0.292 0.000 0.005
0.069 0.319 0.000 0.005
0.069 0.347 0.000 0.005
0.069 0.375 0.000 0.005
0.069 0.403 0.000 0.005
0.069 0.431 0.000 0.005
0.069 0.458 0.000 0.005
0.069 0.486 0.000 0.005
0.069 0.514 0.000 0.005
0.069 0.542 0.000 0.005
0.069 0.569 0.000 0.005
0.069 0.597 0.000 0.005
0.069 0.625 0.000 0.005
0.069 0.653 0.000 0.005
0.069 0.681 0.000 0.005
0.069 0.708 0.000 0.005
0.069 0.736 0.000 0.005
0.069 0.764 0.000 0.005
0.069 0.792 0.000 0.005
0.069 0.819 0.000 0.005
0.069 0.847 0.000 0.005
0.069 0.875 0.000 0.005
0.069 0.903 0.000 0.005
0.069 0.931 0.000 0.005
0.069 0.958 0.000 0.005
0.069 0.986 0.000 0.005
0.097 0.014 0.000 0.005
0.097 0.042 0.000 0.005
0.097 0.069 0.000 0.005
0.097 0.097 0.000 0.005
0.097 0.125 0.000 0.005
0.097 0.153 0.000 0.005
0.097 0.181 0.000 0.005
0.097 0.208 0.000 0.005
0.097 0.236 0.000 0.005
0.097 0.264 0.000 0.005
0.097 0.292 0.000 0.005
0.097 0.319 0.000 0.005
0.097 0.347 0.000 0.005
0.097 0.375 0.000 0.005
0.097 0.403 0.000 0.005
0.097 0.431 0.000 0.005
0.097 0.458 0.000 0.005
0.097 0.486 0.000 0.005
0.097 0.514 0.000 0.005
0.097 0.542 0.000 0.005
0.097 0.569 0.000 0.005
0.097 0.597 0.000 0.005
0.097 0.625 0.000 0.005
0.097 0.653 0.000 0.005
0.097 0.681 0.000 0.005
0.097 0.708 0.000 0.005
0.097 0.736 0.000 0.005
0.097 0.764 0.000 0.005
0.097 0.792 0.000 0.005
0.097 0.819 0.000 0.005
0.097 0.847 0.000 0.005
0.097 0.875 0.000 0.005
0.097 0.903 0.000 0.005
0.097 0.931 0.000 0.005
0.097 0.958 0.000 0.005
0.097 0.986 0.000 0.005
0.125 0.014 0.000 0.005
0.125 0.042 0.000 0.005
0.125 0.069 0.000 0.005
0.125 0.097 0.000 0.005
0.125 0.125 0.000 0.005
0.125 0.153 0.000 0.005
0.125 0.181 0.000 0.005
0.125 0.208 0.000 0.005
0.125 0.236 0.000 0.005
0.125 0.264 0.000 0.005
0.125 0.292 0.000 0.005
0.125 0.319 0.000 0.005
0.125 0.347 0.000 0.005
0.125 0.375 0.000 0.005
0.125 0.403 0.000 0.005
0.125 0.431 0.000 0.005
0.125 0.458 0.000 0.005
0.125 0.486 0.000 0.005
0.125 0.514 0.000 0.005
0.125 0.542 0.000 0.005
0.125 0.569 0.000 0.005
0.125 0.597 0.000 0.005
0.125 0.625 0.000 0.005
0.125 0.653 0.000 0.005
0.125 0.681 0.000 0.005
0.125 0.708 0.000 0.005
0.125 0.736 0.000 0.005
0.125 0.764 0.000 0.005
0.125 0.792 0.000 0.005
0.125 0.819 0.000 0.005
0.125 0.847 0.000 0.005
0.125 0.875 0.000 0.005
0.125 0.903 0.000 0.005
0.125 0.931 0.000 0.005
0.125 0.958 0.000 0.005
0.125 0.986 0.000 0.005
0.153 0.014 0.000 0.005
0.153 0.042 0.000 0.005
0.153 0.069 0.000 0.005
0.153 0.097 0.000 0.005
0.153 0.125 0.000 0.005
0.153 0.153 0.000 0.005
0.153 0.181 0.000 0.005
0.153 0.208 0.000 0.005
0.153 0.236 0.000 0.005
0.153 0.264 0.000 0.005
0.153 0.292 0.000 0.005
0.153 0.319 0.000 0.005
0.153 0.347 0.000 0.005
0.153 0.375 0.000 0.005
0.153 0.403 0.000 0.005
0.153 0.431 0.000 0.005
0.153 0.458 0.000 0.005
0.153 0.486 0.000 0.005
0.153 0.514 0.000 0.005
0.153 0.542 0.000 0.005
0.153 0.569 0.000 0.005
0.153 0.597 0.000 0.005
0.153 0.625 0.000 0.005
0.153 0.653 0.000 0.005
0.153 0.681 0.000 0.005
0.153 0.708 0.000 0.005
0.153 0.736 0.000 0.005
0.153 0.764 0.000 0.005
0.153 0.792 0.000 0.005
0.153 0.819 0.000 0.005
0.153 0.847 0.000 0.005
0.153 0.875 0.000 0.005
0.153 0.903 0.000 0.005
0.153 0.931 0.000 0.005
0.153 0.958 0.000 0.005
0.153 0.986 0.000 0.005
0.181 0.014 0.000 0.005
0.181 0.042 0.000 0.005
0.181 0.069 0.000 0.005
0.181 0.097 0.000 0.005
0.181 0.125 0.000 0.005
0.181 0.153 0.000 0.005
0.181 0.181 0.000 0.005
0.181 0.208 0.000 0.005
0.181 0.236 0.000 0.005
0.181 0.264 0.000 0.005
0.181 0.292 0.000 0.005
0.181 0.319 0.000 0.005
0.181 0.347 0.000 0.005
0.181 0.375 0.000 0.005
0.181 0.403 0.000 0.005
0.181 0.431 0.000 0.005
0.181 0.458 0.000 0.005
0.181 0.486 0.000 0.005
0.181 0.514 0.000 0.005
0.181 0.542 0.000 0.005
0.181 0.569 0.000 0.005
0.181 0.597 0.000 0.005
0.181 0.625 0.000 0.005
0.181 0.653 0.000 0.005
0.181 0.681 0.000 0.005
0.181 0.708 0.000 0.005
0.181 0.736 0.000 0.005
0.181 0.764 0.000 0.005
0.181 0.792 0.000 0.005
0.181 0.819 0.000 0.005
0.181 0.847 0.000 0.005
0.181 0.875 0.000 0.005
0.181 0.903 0.000 0.005
0.181 0.931 0.000 0.005
0.181 0.958 0.000 0.005
0.181 0.986 0.000 0.005
0.208 0.014 0.000 0.005
0.208 0.042 0.000 0.005
0.208 0.069 0.000 0.005
0.208 0.097 0.000 0.005
0.208 0.125 0.000 0.005
0.208 0.153 0.000 0.005
0.208 0.181 0.000 0.005
0.208 0.208 0.000 0.005
0.208 0.236 0.000 0.005
0.208 0.264 0.000 0.005
0.208 0.292 0.000 0.005
0.208 0.319 0.000 0.005
0.208 0.347 0.000 0.005
0.208 0.375 0.000 0.005
0.208 0.403 0.000 0.005
0.208 0.431 0.000 0.005
0.208 0.458 0.000 0.005
0.208 0.486 0.000 0.005
0.208 0.514 0.000 0.005
0.208 0.542 0.000 0.005
0.208 0.569 0.000 0.005
0.208 0.597 0.000 0.005
0.208 0.625 0.000 0.005
0.208 0.653 0.000 0.005
0.208 0.681 0.000 0.005
0.208 0.708 0.000 0.005
0.208 0.736 0.000 0.005
0.208 0.764 0.000 0.005
0.208 0.792 0.000 0.005
0.208 0.819 0.000 0.005
0.208 0.847 0.000 0.005
0.208 0.875 0.000 0.005
0.208 0.903 0.000 0.005
0.208 0.931 0.000 0.005
0.208 0.958 0.000 0.005
0.208 0.986 0.000 0.005
0.236 0.014 0.000 0.005
0.236 0.042 0.000 0.005
0.236 0.069 0.000 0.005
0.236 0.097 0.000 0.005
0.236 0.125 0.000 0.005
0.236 0.153 0.000 0.005
0.236 0.181 0.000 0.005
0.236 0.208 0.000 0.005
0.236 0.236 0.000 0.005
0.236 0.264 0.000 0.005
0.236 0.292 0.000 0.005
0.236 0.319 0.000 0.005
0.236 0.347 0.000 0.005
0.236 0.375 0.000 0.005
0.236 0.403 0.000 0.005
0.236 0.431 0.000 0.005
0.236 0.458 0.000 0.005
0.236 0.486 0.000 0.005
0.236 0.514 0.000 0.005
0.236 0.542 0.000 0.005
0.236 0.569 0.000 0.005
0.236 0.597 0.000 0.005
0.236 0.625 0.000 0.005
0.236 0.653 0.000 0.005
0.236 0.681 0.000 0.005
0.236 0.708 0.000 0.005
0.236 0.736 0.000 0.005
0.236 0.764 0.000 0.005
0.236 0.792 0.000 0.005
0.236 0.819 0.000 0.005
0.236 0.847 0.000 0.005
0.236 0.875 0.000 0.005
0.236 0.903 0.000 0.005
0.236 0.931 0.000 0.005
0.236 0.958 0.000 0.005
0.236 0.986 0.000 0.005
0.264 0.014 0.000 0.005
0.264 0.042 0.000 0.005
0.264 0.069 0.000 0.005
0.264 0.097 0.000 0.005
0.264 0.125 0.000 0.005
0.264 0.153 0.000 0.005
0.264 0.181 0.000 0.005
0.264 0.208 0.000 0.005
0.264 0.236 0.000 0.005
0.264 0.264 0.000 0.005
0.264 0.292 0.000 0.005
0.264 0.319 0.000 0.005
0.264 0.347 0.000 0.005
0.264 0.375 0.000 0.005
0.264 0.403 0.000 0.005
0.264 0.431 0.000 0.005
0.264 0.458 0.000 0.005
0.264 0.486 0.000 0.005
0.264 0.514 0.000 0.005
0.264 0.542 0.000 0.005
0.264 0.569 0.000 0.005
0.264 0.597 0.000 0.005
0.264 0.625 0.000 0.005
0.264 0.653 0.000 0.005
0.264 0.681 0.000 0.005
0.264 0.708 0.000 0.005
0.264 0.736 0.000 0.005
0.264 0.764 0.000 0.005
0.264 0.792 0.000 0.005
0.264 0.819 0.000 0.005
0.264 0.847 0.000 0.005
0.264 0.875 0.000 0.005
0.264 0.903 0.000 0.005
0.264 0.931 0.000 0.005
0.264 0.958 0.000 0.005
0.264 0.986 0.000 0.005
0.292 0.014 0.000 0.005
0.292 0.042 0.000 0.005
0.292 0.069 0.000 0.005
0.292 0.097 0.000 0.005
0.292 0.125 0.000 0.005
0.292 0.153 0.000 0.005
0.292 0.181 0.000 0.005
0.292 0.208 0.000 0.005
0.292 0.236 0.000 0.005
0.292 0.264 0.000 0.005
0.292 0.292 0.000 0.005
0.292 0.319 0.000 0.005
0.292 0.347 0.000 0.005
0.292 0.375 0.000 0.005
0.292 0.403 0.000 0.005
0.292 0.431 0.000 0.005
0.292 0.458 0.000 0.005
0.292 0.486 0.000 0.005
0.292 0.514 0.000 0.005
0.292 0.542 0.000 0.005
0.292 0.569 0.000 0.005
0.292 0.597 0.000 0.005
0.292 0.625 0.000 0.005
0.292 0.653 0.000 0.005
0.292 0.681 0.000 0.005
0.292 0.708 0.000 0.005
0.292 0.736 0.000 0.005
0.292 0.764 0.000 0.005
0.292 0.792 0.000 0.005
0.292 0.819 0.000 0.005
0.292 0.847 0.000 0.005
0.292 0.875 0.000 0.005
0.292 0.903 0.000 0.005
0.292 0.931 0.000 0.005
0.292 0.958 0.000 0.005
0.292 0.986 0.000 0.005
0.319 0.014 0.000 0.005
0.319 0.042 0.000 0.005
0.319 0.069 0.000 0.005
0.319 0.097 0.000 0.005
0.319 0.125 0.000 0.005
0.319 0.153 0.000 0.005
0.319 0.181 0.000 0.005
0.319 0.208 0.000 0.005
0.319 0.236 0.000 0.005
0.319 0.264 0.000 0.005
0.319 0.292 0.000 0.005
0.319 0.319 0.000 0.005
0.319 0.347 0.000 0.005
0.319 0.375 0.000 0.005
0.319 0.403 0.000 0.005
0.319 0.431 0.000 0.005
0.319 0.458 0.000 0.005
0.319 0.486 0.000 0.005
0.319 0.514 0.000 0.005
0.319 0.542 0.000 0.005
0.319 0.569 0.000 0.005
0.319 0.597 0.000 0.005
0.319 0.625 0.000 0.005
0.319 0.653 0.000 0.005
0.319 0.681 0.000 0.005
0.319 0.708 0.000 0.005
0.319 0.736 0.000 0.005
0.319 0.764 0.000 0.005
0.319 0.792 0.000 0.005
0.319 0.819 0.000 0.005
0.319 0.847 0.000 0.005
0.319 0.875 0.000 0.005
0.319 0.903 0.000 0.005
0.319 0.931 0.000 0.005
0.319 0.958 0.000 0.005
0.319 0.986 0.000 0.005
0.347 0.014 0.000 0.005
0.347 0.042 0.000 0.005
0.347 0.069 0.000 0.005
0.347 0.097 0.000 0.005
0.347 0.125 0.000 0.005
0.347 0.153 0.000 0.005
0.347 0.181 0.000 0.005
0.347 0.208 0.000 0.005
0.347 0.236 0.000 0.005
0.347 0.264 0.000 0.005
0.347 0.292 0.000 0.005
0.347 0.319 0.000 0.005
0.347 0.347 0.000 0.005
0.347 0.375 0.000 0.005
0.347 0.403 0.000 0.005
0.347 0.431 0.000 0.005
0.347 0.458 0.000 0.005
0.347 0.486 0.000 0.005
0.347 0.514 0.000 0.005
0.347 0.542 0.000 0.005
0.347 0.569 0.000 0.005
0.347 0.597 0.000 0.005
0.347 0.625 0.000 0.005
0.347 0.653 0.000 0.005
0.347 0.681 0.000 0.005
0.347 0.708 0.000 0.005
0.347 0.736 0.000 0.005
0.347 0.764 0.000 0.005
0.347 0.792 0.000 0.005
0.347 0.819 0.000 0.005
0.347 0.847 0.000 0.005
0.347 0.875 0.000 0.005
0.347 0.903 0.000 0.005
0.347 0.931 0.000 0.005
0.347 0.958 0.000 0.005
0.347 0.986 0.000 0.005
0.375 0.014 0.000 0.005
0.375 0.042 0.000 0.005
0.375 0.069 0.000 0.005
0.375 0.097 0.000 0.005
0.375 0.125 0.000 0.005
0.375 0.153 0.000 0.005
0.375 0.181 0.000 0.005
0.375 0.208 0.000 0.005
0.375 0.236 0.000 0.005
0.375 0.264 0.000 0.005
0.375 0.292 0.000 0.005
0.375 0.319 0.000 0.005
0.375 0.347 0.000 0.005
0.375 0.375 0.000 0.005
0.375 0.403 0.000 0.005
0.375 0.431 0.000 0.005
0.375 0.458 0.000 0.005
0.375 0.486 0.000 0.005
0.375 0.514 0.000 0.005
0.375 0.542 0.000 0.005
0.375 0.569 0.000 0.005
0.375 0.597 0.000 0.005
0.375 0.625 0.000 0.005
0.375 0.653 0.000 0.005
0.375 0.681 0.000 0.005
0.375 0.708 0.000 0.005
0.375 0.736 0.000 0.005
0.375 0.764 0.000 0.005
0.375 0.792 0.000 0.005
0.375 0.819 0.000 0.005
0.375 0.847 0.000 0.005
0.375 0.875 0.000 0.005
0.375 0.903 0.000 0.005
0.375 0.931 0.000 0.005
0.375 0.958 0.000 0.005
0.375 0.986 0.000 0.005
0.403 0.014 0.000 0.005
0.403 0.042 0.000 0.005
0.403 0.069 0.000 0.005
0.403 0.097 0.000 0.005
0.403 0.125 0.000 0.005
0.403 0.153 0.000 0.005
0.403 0.181 0.000 0.005
0.403 0.208 0.000 0.005
0.403 0.236 0.000 0.005
0.403 0.264 0.000 0.005
0.403 0.292 0.000 0.005
0.403 0.319 0.000 0.005
0.403 0.347 0.000 0.005
0.403 0.375 0.000 0.005
0.403 0.403 0.000 0.005
0.403 0.431 0.000 0.005
0.403 0.458 0.000 0.005
0.403 0.486 0.000 0.005
0.403 0.514 0.000 0.005
0.403 0.542 0.000 0.005
0.403 0.569 0.000 0.005
0.403 0.597 0.000 0.005
0.403 0.625 0.000 0.005
0.403 0.653 0.000 0.005
0.403 0.681 0.000 0.005
0.403 0.708 0.000 0.005
0.403 0.736 0.000 0.005
0.403 0.764 0.000 0.005
0.403 0.792 0.000 0.005
0.403 0.819 0.000 0.005
0.403 0.847 0.000 0.005
0.403 0.875 0.000 0.005
0.403 0.903 0.000 0.005
0.403 0.931 0.000 0.005
0.403 0.958 0.000 0.005
0.403 0.986 0.000 0.005
0.431 0.014 0.000 0.005
0.431 0.042 0.000 0.005
0.431 0.069 0.000 0.005
0.431 0.097 0.000 0.005
0.431 0.125 0.000 0.005
0.431 0.153 0.000 0.005
0.431 0.181 0.000 0.005
0.431 0.208 0.000 0.005
0.431 0.236 0.000 0.005
0.431 0.264 0.000 0.005
0.431 0.292 0.000 0.005
0.431 0.319 0.000 0.005
0.431 0.347 0.000 0.005
0.431 0.375 0.000 0.005
0.431 0.403 0.000 0.005
0.431 0.431 0.000 0.005
0.431 0.458 0.000 0.005
0.431 0.486 0.000 0.005
0.431 0.514 0.000 0.005
0.431 0.542 0.000 0.005
0.431 0.569 0.000 0.005
0.431 0.597 0.000 0.005
0.431 0.625 0.000 0.005
0.431 0.653 0.000 0.005
0.431 0.681 0.000 0.005
0.431 0.708 0.000 0.005
0.431 0.736 0.000 0.005
0.431 0.764 0.000 0.005
0.431 0.792 0.000 0.005
0.431 0.819 0.000 0.005
0.431 0.847 0.000 0.005
0.431 0.875 0.000 0.005
0.431 0.903 0.000 0.005
0.431 0.931 0.000 0.005
0.431 0.958 0.000 0.005
0.431 0.986 0.000 0.005
0.458 0.014 0.000 0.005
0.458 0.042 0.000 0.005
0.458 0.069 0.000 0.005
0.458 0.097 0.000 0.005
0.458 0.125 0.000 0.005
0.458 0.153 0.000 0.005
0.458 0.181 0.000 0.005
0.458 0.208 0.000 0.005
0.458 0.236 0.000 0.005
0.458 0.264 0.000 0.005
0.458 0.292 0.000 0.005
0.458 0.319 0.000 0.005
0.458 0.347 0.000 0.005
0.458 0.375 0.000 0.005
0.458 0.403 0.000 0.005
0.458 0.431 0.000 0.005
0.458 0.458 0.000 0.005
0.458 0.486 0.000 0.005
0.458 0.514 0.000 0.005
0.458 0.542 0.000 0.005
0.458 0.569 0.000 0.005
0.458 0.597 0.000 0.005
0.458 0.625 0.000 0.005
0.458 0.653 0.000 0.005
0.458 0.681 0.000 0.005
0.458 0.708 0.000 0.005
0.458 0.736 0.000 0.005
0.458 0.764 0.000 0.005
0.458 0.792 0.000 0.005
0.458 0.819 0.000 0.005
0.458 0.847 0.000 0.005
0.458 0.875 0.000 0.005
0.458 0.903 0.000 0.005
0.458 0.931 0.000 0.005
0.458 0.958 0.000 0.005
0.458 0.986 0.000 0.005
0.486 0.014 0.000 0.005
0.486 0.042 0.000 0.005
0.486 0.069 0.000 0.005
0.486 0.097 0.000 0.005
0.486 0.125 0.000 0.005
0.486 0.153 0.000 0.005
0.486 0.181 0.000 0.005
0.486 0.208 0.000 0.005
0.486 0.236 0.000 0.005
0.486 0.264 0.000 0.005
0.486 0.292 0.000 0.005
0.486 0.319 0.000 0.005
0.486 0.347 0.000 0.005
0.486 0.375 0.000 0.005
0.486 0.403 0.000 0.005
0.486 0.431 0.000 0.005
0.486 0.458 0.000 0.005
0.486 0.486 0.000 0.005
0.486 0.514 0.000 0.005
0.486 0.542 0.000 0.005
0.486 0.569 0.000 0.005
0.486 0.597 0.000 0.005
0.486 0.625 0.000 0.005
0.486 0.653 0.000 0.005
0.486 0.681 0.000 0.005
0.486 0.708 0.000 0.005
0.486 0.736 0.000 0.005
0.486 0.764 0.000 0.005
0.486 0.792 0.000 0.005
0.486 0.819 0.000 0.005
0.486 0.847 0.000 0.005
0.486 0.875 0.000 0.005
0.486 0.903 0.000 0.005
0.486 0.931 0.000 0.005
0.486 0.958 0.000 0.005
0.486 0.986 0.000 0.005
0.514 0.014 0.000 0.005
0.514 0.042 0.000 0.005
0.514 0.069 0.000 0.005
0.514 0.097 0.000 0.005
0.514 0.125 0.000 0.005
0.514 0.153 0.000 0.005
0.514 0.181 0.000 0.005
0.514 0.208 0.000 0.005
0.514 0.236 0.000 0.005
0.514 0.264 0.000 0.005
0.514 0.292 0.000 0.005
0.514 0.319 0.000 0.005
0.514 0.347 0.000 0.005
0.514 0.375 0.000 0.005
0.514 0.403 0.000 0.005
0.514 0.431 0.000 0.005
0.514 0.458 0.000 0.005
0.514 0.486 0.000 0.005
0.514 0.514 0.000 0.005
0.514 0.542 0.000 0.005
0.514 0.569 0.000 0.005
0.514 0.597 0.000 0.005
0.514 0.625 0.000 0.005
0.514 0.653 0.000 0.005
0.514 0.681 0.000 0.005
0.514 0.708 0.000 0.005
0.514 0.736 0.000 0.005
0.514 0.764 0.000 0.005
0.514 0.792 0.000 0.005
0.514 0.819 0.000 0.005
0.514 0.847 0.000 0.005
0.514 0.875 0.000 0.005
0.514 0.903 0.000 0.005
0.514 0.931 0.000 0.005
0.514 0.958 0.000 0.005
0.514 0.986 0.000 0.005
0.542 0.014 0.000 0.005
0.542 0.042 0.000 0.005
0.542 0.069 0.000 0.005
0.542 0.097 0.000 0.005
0.542 0.125 0.000 0.005
0.542 0.153 0.000 0.005
0.542 0.181 0.000 0.005
0.542 0.208 0.000 0.005
0.542 0.236 0.000 0.005
0.542 0.264 0.000 0.005
0.542 0.292 0.000 0.005
0.542 0.319 0.000 0.005
0.542 0.347 0.000 0.005
0.542 0.375 0.000 0.005
0.542 0.403 0.000 0.005
0.542 0.431 0.000 0.005
0.542 0.458 0.000 0.005
0.542 0.486 0.000 0.005
0.542 0.514 0.000 0.005
0.542 0.542 0.000 0.005
0.542 0.569 0.000 0.005
0.542 0.597 0.000 0.005
0.542 0.625 0.000 0.005
0.542 0.653 0.000 0.005
0.542 0.681 0.000 0.005
0.542 0.708 0.000 0.005
0.542 0.736 0.000 0.005
0.542 0.764 0.000 0.005
0.542 0.792 0.000 0.005
0.542 0.819 0.000 0.005
0.542 0.847 0.000 0.005
0.542 0.875 0.000 0.005
0.542 0.903 0.000 0.005
0.542 0.931 0.000 0.005
0.542 0.958 0.000 0.005
0.542 0.986 0.000 0.005
0.569 0.014 0.000 0.005
0.569 0.042 0.000 0.005
0.569 0.069 0.000 0.005
0.569 0.097 0.000 0.005
0.569 0.125 0.000 0.005
0.569 0.153 0.000 0.005
0.569 0.181 0.000 0.005
0.569 0.208 0.000 0.005
0.569 0.236 0.000 0.005
0.569 0.264 0.000 0.005
0.569 0.292 0.000 0.005
0.569 0.319 0.000 0.005
0.569 0.347 0.000 0.005
0.569 0.375 0.000 0.005
0.569 0.403 0.000 0.005
0.569 0.431 0.000 0.005
0.569 0.458 0.000 0.005
0.569 0.486 0.000 0.005
0.569 0.514 0.000 0.005
0.569 0.542 0.000 0.005
0.569 0.569 0.000 0.005
0.569 0.597 0.000 0.005
0.569 0.625 0.000 0.005
0.569 0.653 0.000 0.005
0.569 0.681 0.000 0.005
0.569 0.708 0.000 0.005
0.569 0.736 0.000 0.005
0.569 0.764 0.000 0.005
0.569 0.792 0.000 0.005
0.569 0.819 0.000 0.005
0.569 0.847 0.000 0.005
0.569 0.875 0.000 0.005
0.569 0.903 0.000 0.005
0.569 0.931 0.000 0.005
0.569 0.958 0.000 0.005
0.569 0.986 0.000 0.005
0.597 0.014 0.000 0.005
0.597 0.042 0.000 0.005
0.597 0.069 0.000 0.005
0.597 0.097 0.000 0.005
0.597 0.125 0.000 0.005
0.597 0.153 0.000 0.005
0.597 0.181 0.000 0.005
0.597 0.208 0.000 0.005
0.597 0.236 0.000 0.005
0.597 0.264 0.000 0.005
0.597 0.292 0.000 0.005
0.597 0.319 0.000 0.005
0.597 0.347 0.000 0.005
0.597 0.375 0.000 0.005
0.597 0.403 0.000 0.005
0.597 0.431 0.000 0.005
0.597 0.458 0.000 0.005
0.597 0.486 0.000 0.005
0.597 0.514 0.000 0.005
0.597 0.542 0.000 0.005
0.597 0.569 0.000 0.005
0.597 0.597 0.000 0.005
0.597 0.625 0.000 0.005
0.597 0.653 0.000 0.005
0.597 0.681 0.000 0.005
0.597 0.708 0.000 0.005
0.597 0.736 0.000 0.005
0.597 0.764 0.000 0.005
0.597 0.792 0.000 0.005
0.597 0.819 0.000 0.005
0.597 0.847 0.000 0.005
0.597 0.875 0.000 0.005
0.597 0.903 0.000 0.005
0.597 0.931 0.000 0.005
0.597 0.958 0.000 0.005
0.597 0.986 0.000 0.005
0.625 0.014 0.000 0.005
0.625 0.042 0.000 0.005
0.625 0.069 0.000 0.005
0.625 0.097 0.000 0.005
0.625 0.125 0.000 0.005
0.625 0.153 0.000 0.005
0.625 0.181 0.000 0.005
0.625 0.208 0.000 0.005
0.625 0.236 0.000 0.005
0.625 0.264 0.000 0.005
0.625 0.292 0.000 0.005
0.625 0.319 0.000 0.005
0.625 0.347 0.000 0.005
0.625 0.375 0.000 0.005
0.625 0.403 0.000 0.005
0.625 0.431 0.000 0.005
0.625 0.458 0.000 0.005
0.625 0.486 0.000 0.005
0.625 0.514 0.000 0.005
0.625 0.542 0.000 0.005
0.625 0.569 0.000 0.005
0.625 0.597 0.000 0.005
0.625 0.625 0.000 0.005
0.625 0.653 0.000 0.005
0.625 0.681 0.000 0.005
0.625 0.708 0.000 0.005
0.625 0.736 0.000 0.005
0.625 0.764 0.000 0.005
0.625 0.792 0.000 0.005
0.625 0.819 0.000 0.005
0.625 0.847 0.000 0.005
0.625 0.875 0.000 0.005
0.625 0.903 0.000 0.005
0.625 0.931 0.000 0.005
0.625 0.958 0.000 0.005
0.625 0.986 0.000 0.005
0.653 0.014 0.000 0.005
0.653 0.042 0.000 0.005
0.653 0.069 0.000 0.005
0.653 0.097 0.000 0.005
0.653 0.125 0.000 0.005
0.653 0.153 0.000 0.005
0.653 0.181 0.000 0.005
0.653 0.208 0.000 0.005
0.653 0.236 0.000 0.005
0.653 0.264 0.000 0.005
0.653 0.292 0.000 0.005
0.653 0.319 0.000 0.005
0.653 0.347 0.000 0.005
0.653 0.375 0.000 0.005
0.653 0.403 0.000 0.005
0.653 0.431 0.000 0.005
0.653 0.458 0.000 0.005
0.653 0.486 0.000 0.005
0.653 0.514 0.000 0.005
0.653 0.542 0.000 0.005
0.653 0.569 0.000 0.005
0.653 0.597 0.000 0.005
0.653 0.625 0.000 0.005
0.653 0.653 0.000 0.005
0.653 0.681 0.000 0.005
0.653 0.708 0.000 0.005
0.653 0.736 0.000 0.005
0.653 0.764 0.000 0.005
0.653 0.792 0.000 0.005
0.653 0.819 0.000 0.005
0.653 0.847 0.000 0.005
0.653 0.875 0.000 0.005
0.653 0.903 0.000 0.005
0.653 0.931 0.000 0.005
0.653 0.958 0.000 0.005
0.653 0.986 0.000 0.005
0.681 0.014 0.000 0.005
0.681 0.042 0.000 0.005
0.681 0.069 0.000 0.005
0.681 0.097 0.000 0.005
0.681 0.125 0.000 0.005
0.681 0.153 0.000 0.005
0.681 0.181 0.000 0.005
0.681 0.208 0.000 0.005
0.681 0.236 0.000 0.005
0.681 0.264 0.000 0.005
0.681 0.292 0.000 0.005
0.681 0.319 0.000 0.005
0.681 0.347 0.000 0.005
0.681 0.375 0.000 0.005
0.681 0.403 0.000 0.005
0.681 0.431 0.000 0.005
0.681 0.458 0.000 0.005
0.681 0.486 0.000 0.005
0.681 0.514 0.000 0.005
0.681 0.542 0.000 0.005
0.681 0.569 0.000 0.005
0.681 0.597 0.000 0.005
0.681 0.625 0.000 0.005
0.681 0.653 0.000 0.005
0.681 0.681 0.000 0.005
0.681 0.708 0.000 0.005
0.681 0.736 0.000 0.005
0.681 0.764 0.000 0.005
0.681 0.792 0.000 0.005
0.681 0.819 0.000 0.005
0.681 0.847 0.000 0.005
0.681 0.875 0.000 0.005
0.681 0.903 0.000 0.005
0.681 0.931 0.000 0.005
0.681 0.958 0.000 0.005
0.681 0.986 0.000 0.005
0.708 0.014 0.000 0.005
0.708 0.042 0.000 0.005
0.708 0.069 0.000 0.005
0.708 0.097 0.000 0.005
0.708 0.125 0.000 0.005
0.708 0.153 0.000 0.005
0.708 0.181 0.000 0.005
0.708 0.208 0.000 0.005
0.708 0.236 0.000 0.005
0.708 0.264 0.000 0.005
0.708 0.292 0.000 0.005
0.708 0.319 0.000 0.005
0.708 0.347 0.000 0.005
0.708 0.375 0.000 0.005
0.708 0.403 0.000 0.005
0.708 0.431 0.000 0.005
0.708 0.458 0.000 0.005
0.708 0.486 0.000 0.005
0.708 0.514 0.000 0.005
0.708 0.542 0.000 0.005
0.708 0.569 0.000 0.005
0.708 0.597 0.000 0.005
0.708 0.625 0.000 0.005
0.708 0.653 0.000 0.005
0.708 0.681 0.000 0.005
0.708 0.708 0.000 0.005
0.708 0.736 0.000 0.005
0.708 0.764 0.000 0.005
0.708 0.792 0.000 0.005
0.708 0.819 0.000 0.005
0.708 0.847 0.000 0.005
0.708 0.875 0.000 0.005
0.708 0.903 0.000 0.005
0.708 0.931 0.000 0.005
0.708 0.958 0.000 0.005
0.708 0.986 0.000 0.005
0.736 0.014 0.000 0.005
0.736 0.042 0.000 0.005
0.736 0.069 0.000 0.005
0.736 0.097 0.000 0.005
0.736 0.125 0.000 0.005
0.736 0.153 0.000 0.005
0.736 0.181 0.000 0.005
0.736 0.208 0.000 0.005
0.736 0.236 0.000 0.005
0.736 0.264 0.000 0.005
0.736 0.292 0.000 0.005
0.736 0.319 0.000 0.005
0.736 0.347 0.000 0.005
0.736 0.375 0.000 0.005
0.736 0.403 0.000 0.005
0.736 0.431 0.000 0.005
0.736 0.458 0.000 0.005
0.736 0.486 0.000 0.005
0.736 0.514 0.000 0.005
0.736 0.542 0.000 0.005
0.736 0.569 0.000 0.005
0.736 0.597 0.000 0.005
0.736 0.625 0.000 0.005
0.736 0.653 0.000 0.005
0.736 0.681 0.000 0.005
0.736 0.708 0.000 0.005
0.736 0.736 0.000 0.005
0.736 0.764 0.000 0.005
0.736 0.792 0.000 0.005
0.736 0.819 0.000 0.005
0.736 0.847 0.000 0.005
0.736 0.875 0.000 0.005
0.736 0.903 0.000 0.005
0.736 0.931 0.000 0.005
0.736 0.958 0.000 0.005
0.736 0.986 0.000 0.005
0.764 0.014 0.000 0.005
0.764 0.042 0.000 0.005
0.764 0.069 0.000 0.005
0.764 0.097 0.000 0.005
0.764 0.125 0.000 0.005
0.764 0.153 0.000 0.005
0.764 0.181 0.000 0.005
0.764 0.208 0.000 0.005
0.764 0.236 0.000 0.005
0.764 0.264 0.000 0.005
0.764 0.292 0.000 0.005
0.764 0.319 0.000 0.005
0.764 0.347 0.000 0.005
0.764 0.375 0.000 0.005
0.764 0.403 0.000 0.005
0.764 0.431 0.000 0.005
0.764 0.458 0.000 0.005
0.764 0.486 0.000 0.005
0.764 0.514 0.000 0.005
0.764 0.542 0.000 0.005
0.764 0.569 0.000 0.005
0.764 0.597 0.000 0.005
0.764 0.625 0.000 0.005
0.764 0.653 0.000 0.005
0.764 0.681 0.000 0.005
0.764 0.708 0.000 0.005
0.764 0.736 0.000 0.005
0.764 0.764 0.000 0.005
0.764 0.792 0.000 0.005
0.764 0.819 0.000 0.005
0.764 0.847 0.000 0.005
0.764 0.875 0.000 0.005
0.764 0.903 0.000 0.005
0.764 0.931 0.000 0.005
0.764 0.958 0.000 0.005
0.764 0.986 0.000 0.005
0.792 0.014 0.000 0.005
0.792 0.042 0.000 0.005
0.792 0.069 0.000 0.005
0.792 0.097 0.000 0.005
0.792 0.125 0.000 0.005
0.792 0.153 0.000 0.005
0.792 0.181 0.000 0.005
0.792 0.208 0.000 0.005
0.792 0.236 0.000 0.005
0.792 0.264 0.000 0.005
0.792 0.292 0.000 0.005
0.792 0.319 0.000 0.005
0.792 0.347 0.000 0.005
0.792 0.375 0.000 0.005
0.792 0.403 0.000 0.005
0.792 0.431 0.000 0.005
0.792 0.458 0.000 0.005
0.792 0.486 0.000 0.005
0.792 0.514 0.000 0.005
0.792 0.542 0.000 0.005
0.792 0.569 0.000 0.005
0.792 0.597 0.000 0.005
0.792 0.625 0.000 0.005
0.792 0.653 0.000 0.005
0.792 0.681 0.000 0.005
0.792 0.708 0.000 0.005
0.792 0.736 0.000 0.005
0.792 0.764 0.000 0.005
0.792 0.792 0.000 0.005
0.792 0.819 0.000 0.005
0.792 0.847 0.000 0.005
0.792 0.875 0.000 0.005
0.792 0.903 0.000 0.005
0.792 0.931 0.000 0.005
0.792 0.958 0.000 0.005
0.792 0.986 0.000 0.005
0.819 0.014 0.000 0.005
0.819 0.042 0.000 0.005
0.819 0.069 0.000 0.005
0.819 0.097 0.000 0.005
0.819 0.125 0.000 0.005
0.819 0.153 0.000 0.005
0.819 0.181 0.000 0.005
0.819 0.208 0.000 0.005
0.819 0.236 0.000 0.005
0.819 0.264 0.000 0.005
0.819 0.292 0.000 0.005
0.819 0.319 0.000 0.005
0.819 0.347 0.000 0.005
0.819 0.375 0.000 0.005
0.819 0.403 0.000 0.005
0.819 0.431 0.000 0.005
0.819 0.458 0.000 0.005
0.819 0.486 0.000 0.005
0.819 0.514 0.000 0.005
0.819 0.542 0.000 0.005
0.819 0.569 0.000 0.005
0.819 0.597 0.000 0.005
0.819 0.625 0.000 0.005
0.819 0.653 0.000 0.005
0.819 0.681 0.000 0.005
0.819 0.708 0.000 0.005
0.819 0.736 0.000 0.005
0.819 0.764 0.000 0.005
0.819 0.792 0.000 0.005
0.819 0.819 0.000 0.005
0.819 0.847 0.000 0.005
0.819 0.875 0.000 0.005
0.819 0.903 0.000 0.005
0.819 0.931 0.000 0.005
0.819 0.958 0.000 0.005
0.819 0.986 0.000 0.005
0.847 0.014 0.000 0.005
0.847 0.042 0.000 0.005
0.847 0.069 0.000 0.005
0.847 0.097 0.000 0.005
0.847 0.125 0.000 0.005
0.847 0.153 0.000 0.005
0.847 0.181 0.000 0.005
0.847 0.208 0.000 0.005
0.847 0.236 0.000 0.005
0.847 0.264 0.000 0.005
0.847 0.292 0.000 0.005
0.847 0.319 0.000 0.005
0.847 0.347 0.000 0.005
0.847 0.375 0.000 0.005
0.847 0.403 0.000 0.005
0.847 0.431 0.000 0.005
0.847 0.458 0.000 0.005
0.847 0.486 0.000 0.005
0.847 0.514 0.000 0.005
0.847 0.542 0.000 0.005
0.847 0.569 0.000 0.005
0.847 0.597 0.000 0.005
0.847 0.625 0.000 0.005
0.847 0.653 0.000 0.005
0.847 0.681 0.000 0.005
0.847 0.708 0.000 0.005
0.847 0.736 0.000 0.005
0.847 0.764 0.000 0.005
0.847 0.792 0.000 0.005
0.847 0.819 0.000 0.005
0.847 0.847 0.000 0.005
0.847 0.875 0.000 0.005
0.847 0.903 0.000 0.005
0.847 0.931 0.000 0.005
0.847 0.958 0.000 0.005
0.847 0.986 0.000 0.005
0.875 0.014 0.000 0.005
0.875 0.042 0.000 0.005
0.875 0.069 0.000 0.005
0.875 0.097 0.000 0.005
0.875 0.125 0.000 0.005
0.875 0.153 0.000 0.005
0.875 0.181 0.000 0.005
0.875 0.208 0.000 0.005
0.875 0.236 0.000 0.005
0.875 0.264 0.000 0.005
0.875 0.292 0.000 0.005
0.875 0.319 0.000 0.005
0.875 0.347 0.000 0.005
0.875 0.375 0.000 0.005
0.875 0.403 0.000 0.005
0.875 0.431 0.000 0.005
0.875 0.458 0.000 0.005
0.875 0.486 0.000 0.005
0.875 0.514 0.000 0.005
0.875 0.542 0.000 0.005
0.875 0.569 0.000 0.005
0.875 0.597 0.000 0.005
0.875 0.625 0.000 0.005
0.875 0.653 0.000 0.005
0.875 0.681 0.000 0.005
0.875 0.708 0.000 0.005
0.875 0.736 0.000 0.005
0.875 0.764 0.000 0.005
0.875 0.792 0.000 0.005
0.875 0.819 0.000 0.005
0.875 0.847 0.000 0.005
0.875 0.875 0.000 0.005
0.875 0.903 0.000 0.005
0.875 0.931 0.000 0.005
0.875 0.958 0.000 0.005
0.875 0.986 0.000 0.005
0.903 0.014 0.000 0.005
0.903 0.042 0.000 0.005
0.903 0.069 0.000 0.005
0.903 0.097 0.000 0.005
0.903 0.125 0.000 0.005
0.903 0.153 0.000 0.005
0.903 0.181 0.000 0.005
0.903 0.208 0.000 0.005
0.903 0.236 0.000 0.005
0.903 0.264 0.000 0.005
0.903 0.292 0.000 0.005
0.903 0.319 0.000 0.005
0.903 0.347 0.000 0.005
0.903 0.375 0.000 0.005
0.903 0.403 0.000 0.005
0.903 0.431 0.000 0.005
0.903 0.458 0.000 0.005
0.903 0.486 0.000 0.005
0.903 0.514 0.000 0.005
0.903 0.542 0.000 0.005
0.903 0.569 0.000 0.005
0.903 0.597 0.000 0.005
0.903 0.625 0.000 0.005
0.903 0.653 0.000 0.005
0.903 0.681 0.000 0.005
0.903 0.708 0.000 0.005
0.903 0.736 0.000 0.005
0.903 0.764 0.000 0.005
0.903 0.792 0.000 0.005
0.903 0.819 0.000 0.005
0.903 0.847 0.000 0.005
0.903 0.875 0.000 0.005
0.903 0.903 0.000 0.005
0.903 0.931 0.000 0.005
0.903 0.958 0.000 0.005
0.903 0.986 0.000 0.005
0.931 0.014 0.000 0.005
0.931 0.042 0.000 0.005
0.931 0.069 0.000 0.005
0.931 0.097 0.000 0.005
0.931 0.125 0.000 0.005
0.931 0.153 0.000 0.005
0.931 0.181 0.000 0.005
0.931 0.208 0.000 0.005
0.931 0.236 0.000 0.005
0.931 0.264 0.000 0.005
0.931 0.292 0.000 0.005
0.931 0.319 0.000 0.005
0.931 0.347 0.000 0.005
0.931 0.375 0.000 0.005
0.931 0.403 0.000 0.005
0.931 0.431 0.000 0.005
0.931 0.458 0.000 0.005
0.931 0.486 0.000 0.005
0.931 0.514 0.000 0.005
0.931 0.542 0.000 0.005
0.931 0.569 0.000 0.005
0.931 0.597 0.000 0.005
0.931 0.625 0.000 0.005
0.931 0.653 0.000 0.005
0.931 0.681 0.000 0.005
0.931 0.708 0.000 0.005
0.931 0.736 0.000 0.005
0.931 0.764 0.000 0.005
0.931 0.792 0.000 0.005
0.931 0.819 0.000 0.005
0.931 0.847 0.000 0.005
0.931 0.875 0.000 0.005
0.931 0.903 0.000 0.005
0.931 0.931 0.000 0.005
0.931 0.958 0.000 0.005
0.931 0.986 0.000 0.005
0.958 0.014 0.000 0.005
0.958 0.042 0.000 0.005
0.958 0.069 0.000 0.005
0.958 0.097 0.000 0.005
0.958 0.125 0.000 0.005
0.958 0.153 0.000 0.005
0.958 0.181 0.000 0.005
0.958 0.208 0.000 0.005
0.958 0.236 0.000 0.005
0.958 0.264 0.000 0.005
0.958 0.292 0.000 0.005
0.958 0.319 0.000 0.005
0.958 0.347 0.000 0.005
0.958 0.375 0.000 0.005
0.958 0.403 0.000 0.005
0.958 0.431 0.000 0.005
0.958 0.458 0.000 0.005
0.958 0.486 0.000 0.005
0.958 0.514 0.000 0.005
0.958 0.542 0.000 0.005
0.958 0.569 0.000 0.005
0.958 0.597 0.000 0.005
0.958 0.625 0.000 0.005
0.958 0.653 0.000 0.005
0.958 0.681 0.000 0.005
0.958 0.708 0.000 0.005
0.958 0.736 0.000 0.005
0.958 0.764 0.000 0.005
0.958 0.792 0.000 0.005
0.958 0.819 0.000 0.005
0.958 0.847 0.000 0.005
0.958 0.875 0.000 0.005
0.958 0.903 0.000 0.005
0.958 0.931 0.000 0.005
0.958 0.958 0.000 0.005
0.958 0.986 0.000 0.005
0.986 0.014 0.000 0.005
0.986 0.042 0.000 0.005
0.986 0.069 0.000 0.005
0.986 0.097 0.000 0.005
0.986 0.125 0.000 0.005
0.986 0.153 0.000 0.005
0.986 0.181 0.000 0.005
0.986 0.208 0.000 0.005
0.986 0.236 0.000 0.005
0.986 0.264 0.000 0.005
0.986 0.292 0.000 0.005
0.986 0.319 0.000 0.005
0.986 0.347 0.000 0.005
0.986 0.375 0.000 0.005
0.986 0.403 0.000 0.005
0.986 0.431 0.000 0.005
0.986 0.458 0.000 0.005
0.986 0.486 0.000 0.005
0.986 0.514 0.000 0.005
0.986 0.542 0.000 0.005
0.986 0.569 0.000 0.005
0.986 0.597 0.000 0.005
0.986 0.625 0.000 0.005
0.986 0.653 0.000 0.005
0.986 0.681 0.000 0.005
0.986 0.708 0.000 0.005
0.986 0.736 0.000 0.005
0.986 0.764 0.000 0.005
0.986 0.792 0.000 0.005
0.986 0.819 0.000 0.005
0.986 0.847 0.000 0.005
0.986 0.875 0.000 0.005
0.986 0.903 0.000 0.005
0.986 0.931 0.000 0.005
0.986 0.958 0.000 0.005
0.986 0.986 0.000 0.005
