0.008 0.008 0.000 0.005
0.008 0.024 0.000 0.005
0.008 0.040 0.000 0.005
0.008 0.056 0.000 0.005
0.008 0.071 0.000 0.005
0.008 0.087 0.000 0.005
0.008 0.103 0.000 0.005
0.008 0.119 0.000 0.005
0.008 0.135 0.000 0.005
0.008 0.151 0.000 0.005
0.008 0.167 0.000 0.005
0.008 0.183 0.000 0.005
0.008 0.198 0.000 0.005
0.008 0.214 0.000 0.005
0.008 0.230 0.000 0.005
0.008 0.246 0.000 0.005
0.008 0.262 0.000 0.005
0.008 0.278 0.000 0.005
0.008 0.294 0.000 0.005
0.008 0.310 0.000 0.005
0.008 0.325 0.000 0.005
0.008 0.341 0.000 0.005
0.008 0.357 0.000 0.005
0.008 0.373 0.000 0.005
0.008 0.389 0.000 0.005
0.008 0.405 0.000 0.005
0.008 0.421 0.000 0.005
0.008 0.437 0.000 0.005
0.008 0.452 0.000 0.005
0.008 0.468 0.000 0.005
0.008 0.484 0.000 0.005
0.008 0.500 0.000 0.005
0.008 0.516 0.000 0.005
0.008 0.532 0.000 0.005
0.008 0.548 0.000 0.005
0.008 0.563 0.000 0.005
0.008 0.579 0.000 0.005
0.008 0.595 0.000 0.005
0.008 0.611 0.000 0.005
0.008 0.627 0.000 0.005
0.008 0.643 0.000 0.005
0.008 0.659 0.000 0.005
0.008 0.675 0.000 0.005
0.008 0.690 0.000 0.005
0.008 0.706 0.000 0.005
0.008 0.722 0.000 0.005
0.008 0.738 0.000 0.005
0.008 0.754 0.000 0.005
0.008 0.770 0.000 0.005
0.008 0.786 0.000 0.005
0.008 0.802 0.000 0.005
0.008 0.817 0.000 0.005
0.008 0.833 0.000 0.005
0.008 0.849 0.000 0.005
0.008 0.865 0.000 0.005
0.008 0.881 0.000 0.005
0.008 0.897 0.000 0.005
0.008 0.913 0.000 0.005
0.008 0.929 0.000 0.005
0.008 0.944 0.000 0.005
0.008 0.960 0.000 0.005
0.008 0.976 0.000 0.005
0.008 0.992 0.000 0.005
0.024 0.008 0.000 0.005
0.024 0.024 0.000 0.005
0.024 0.040 0.000 0.005
0.024 0.056 0.000 0.005
0.024 0.071 0.000 0.005
0.024 0.087 0.000 0.005
0.024 0.103 0.000 0.005
0.024 0.119 0.000 0.005
0.024 0.135 0.000 0.005
0.024 0.151 0.000 0.005
0.024 0.167 0.000 0.005
0.024 0.183 0.000 0.005
0.024 0.198 0.000 0.005
0.024 0.214 0.000 0.005
0.024 0.230 0.000 0.005
0.024 0.246 0.000 0.005
0.024 0.262 0.000 0.005
0.024 0.278 0.000 0.005
0.024 0.294 0.000 0.005
0.024 0.310 0.000 0.005
0.024 0.325 0.000 0.005
0.024 0.341 0.000 0.005
0.024 0.357 0.000 0.005
0.024 0.373 0.000 0.005
0.024 0.389 0.000 0.005
0.024 0.405 0.000 0.005
0.024 0.421 0.000 0.005
0.024 0.437 0.000 0.005
0.024 0.452 0.000 0.005
0.024 0.468 0.000 0.005
0.024 0.484 0.000 0.005
0.024 0.500 0.000 0.005
0.024 0.516 0.000 0.005
0.024 0.532 0.000 0.005
0.024 0.548 0.000 0.005
0.024 0.563 0.000 0.005
0.024 0.579 0.000 0.005
0.024 0.595 0.000 0.005
0.024 0.611 0.000 0.005
0.024 0.627 0.000 0.005
0.024 0.643 0.000 0.005
0.024 0.659 0.000 0.005
0.024 0.675 0.000 0.005
0.024 0.690 0.000 0.005
0.024 0.706 0.000 0.005
0.024 0.722 0.000 0.005
0.024 0.738 0.000 0.005
0.024 0.754 0.000 0.005
0.024 0.770 0.000 0.005
0.024 0.786 0.000 0.005
0.024 0.802 0.000 0.005
0.024 0.817 0.000 0.005
0.024 0.833 0.000 0.005
0.024 0.849 0.000 0.005
0.024 0.865 0.000 0.005
0.024 0.881 0.000 0.005
0.024 0.897 0.000 0.005
0.024 0.913 0.000 0.005
0.024 0.929 0.000 0.005
0.024 0.944 0.000 0.005
0.024 0.960 0.000 0.005
0.024 0.976 0.000 0.005
0.024 0.992 0.000 0.005
0.040 0.008 0.000 0.005
0.040 0.024 0.000 0.005
0.040 0.040 0.000 0.005
0.040 0.056 0.000 0.005
0.040 0.071 0.000 0.005
0.040 0.087 0.000 0.005
0.040 0.103 0.000 0.005
0.040 0.119 0.000 0.005
0.040 0.135 0.000 0.005
0.040 0.151 0.000 0.005
0.040 0.167 0.000 0.005
0.040 0.183 0.000 0.005
0.040 0.198 0.000 0.005
0.040 0.214 0.000 0.005
0.040 0.230 0.000 0.005
0.040 0.246 0.000 0.005
0.040 0.262 0.000 0.005
0.040 0.278 0.000 0.005
0.040 0.294 0.000 0.005
0.040 0.310 0.000 0.005
0.040 0.325 0.000 0.005
0.040 0.341 0.000 0.005
0.040 0.357 0.000 0.005
0.040 0.373 0.000 0.005
0.040 0.389 0.000 0.005
0.040 0.405 0.000 0.005
0.040 0.421 0.000 0.005
0.040 0.437 0.000 0.005
0.040 0.452 0.000 0.005
0.040 0.468 0.000 0.005
0.040 0.484 0.000 0.005
0.040 0.500 0.000 0.005
0.040 0.516 0.000 0.005
0.040 0.532 0.000 0.005
0.040 0.548 0.000 0.005
0.040 0.563 0.000 0.005
0.040 0.579 0.000 0.005
0.040 0.595 0.000 0.005
0.040 0.611 0.000 0.005
0.040 0.627 0.000 0.005
0.040 0.643 0.000 0.005
0.040 0.659 0.000 0.005
0.040 0.675 0.000 0.005
0.040 0.690 0.000 0.005
0.040 0.706 0.000 0.005
0.040 0.722 0.000 0.005
0.040 0.738 0.000 0.005
0.040 0.754 0.000 0.005
0.040 0.770 0.000 0.005
0.040 0.786 0.000 0.005
0.040 0.802 0.000 0.005
0.040 0.817 0.000 0.005
0.040 0.833 0.000 0.005
0.040 0.849 0.000 0.005
0.040 0.865 0.000 0.005
0.040 0.881 0.000 0.005
0.040 0.897 0.000 0.005
0.040 0.913 0.000 0.005
0.040 0.929 0.000 0.005
0.040 0.944 0.000 0.005
0.040 0.960 0.000 0.005
0.040 0.976 0.000 0.005
0.040 0.992 0.000 0.005
0.056 0.008 0.000 0.005
0.056 0.024 0.000 0.005
0.056 0.040 0.000 0.005
0.056 0.056 0.000 0.005
0.056 0.071 0.000 0.005
0.056 0.087 0.000 0.005
0.056 0.103 0.000 0.005
0.056 0.119 0.000 0.005
0.056 0.135 0.000 0.005
0.056 0.151 0.000 0.005
0.056 0.167 0.000 0.005
0.056 0.183 0.000 0.005
0.056 0.198 0.000 0.005
0.056 0.214 0.000 0.005
0.056 0.230 0.000 0.005
0.056 0.246 0.000 0.005
0.056 0.262 0.000 0.005
0.056 0.278 0.000 0.005
0.056 0.294 0.000 0.005
0.056 0.310 0.000 0.005
0.056 0.325 0.000 0.005
0.056 0.341 0.000 0.005
0.056 0.357 0.000 0.005
0.056 0.373 0.000 0.005
0.056 0.389 0.000 0.005
0.056 0.405 0.000 0.005
0.056 0.421 0.000 0.005
0.056 0.437 0.000 0.005
0.056 0.452 0.000 0.005
0.056 0.468 0.000 0.005
0.056 0.484 0.000 0.005
0.056 0.500 0.000 0.005
0.056 0.516 0.000 0.005
0.056 0.532 0.000 0.005
0.056 0.548 0.000 0.005
0.056 0.563 0.000 0.005
0.056 0.579 0.000 0.005
0.056 0.595 0.000 0.005
0.056 0.611 0.000 0.005
0.056 0.627 0.000 0.005
0.056 0.643 0.000 0.005
0.056 0.659 0.000 0.005
0.056 0.675 0.000 0.005
0.056 0.690 0.000 0.005
0.056 0.706 0.000 0.005
0.056 0.722 0.000 0.005
0.056 0.738 0.000 0.005
0.056 0.754 0.000 0.005
0.056 0.770 0.000 0.005
0.056 0.786 0.000 0.005
0.056 0.802 0.000 0.005
0.056 0.817 0.000 0.005
0.056 0.833 0.000 0.005
0.056 0.849 0.000 0.005
0.056 0.865 0.000 0.005
0.056 0.881 0.000 0.005
0.056 0.897 0.000 0.005
0.056 0.913 0.000 0.005
0.056 0.929 0.000 0.005
0.056 0.944 0.000 0.005
0.056 0.960 0.000 0.005
0.056 0.976 0.000 0.005
0.056 0.992 0.000 0.005
0.071 0.008 0.000 0.005
0.071 0.024 0.000 0.005
0.071 0.040 0.000 0.005
0.071 0.056 0.000 0.005
0.071 0.071 0.000 0.005
0.071 0.087 0.000 0.005
0.071 0.103 0.000 0.005
0.071 0.119 0.000 0.005
0.071 0.135 0.000 0.005
0.071 0.151 0.000 0.005
0.071 0.167 0.000 0.005
0.071 0.183 0.000 0.005
0.071 0.198 0.000 0.005
0.071 0.214 0.000 0.005
0.071 0.230 0.000 0.005
0.071 0.246 0.000 0.005
0.071 0.262 0.000 0.005
0.071 0.278 0.000 0.005
0.071 0.294 0.000 0.005
0.071 0.310 0.000 0.005
0.071 0.325 0.000 0.005
0.071 0.341 0.000 0.005
0.071 0.357 0.000 0.005
0.071 0.373 0.000 0.005
0.071 0.389 0.000 0.005
0.071 0.405 0.000 0.005
0.071 0.421 0.000 0.005
0.071 0.437 0.000 0.005
0.071 0.452 0.000 0.005
0.071 0.468 0.000 0.005
0.071 0.484 0.000 0.005
0.071 0.500 0.000 0.005
0.071 0.516 0.000 0.005
0.071 0.532 0.000 0.005
0.071 0.548 0.000 0.005
0.071 0.563 0.000 0.005
0.071 0.579 0.000 0.005
0.071 0.595 0.000 0.005
0.071 0.611 0.000 0.005
0.071 0.627 0.000 0.005
0.071 0.643 0.000 0.005
0.071 0.659 0.000 0.005
0.071 0.675 0.000 0.005
0.071 0.690 0.000 0.005
0.071 0.706 0.000 0.005
0.071 0.722 0.000 0.005
0.071 0.738 0.000 0.005
0.071 0.754 0.000 0.005
0.071 0.770 0.000 0.005
0.071 0.786 0.000 0.005
0.071 0.802 0.000 0.005
0.071 0.817 0.000 0.005
0.071 0.833 0.000 0.005
0.071 0.849 0.000 0.005
0.071 0.865 0.000 0.005
0.071 0.881 0.000 0.005
0.071 0.897 0.000 0.005
0.071 0.913 0.000 0.005
0.071 0.929 0.000 0.005
0.071 0.944 0.000 0.005
0.071 0.960 0.000 0.005
0.071 0.976 0.000 0.005
0.071 0.992 0.000 0.005
0.087 0.008 0.000 0.005
0.087 0.024 0.000 0.005
0.087 0.040 0.000 0.005
0.087 0.056 0.000 0.005
0.087 0.071 0.000 0.005
0.087 0.087 0.000 0.005
0.087 0.103 0.000 0.005
0.087 0.119 0.000 0.005
0.087 0.135 0.000 0.005
0.087 0.151 0.000 0.005
0.087 0.167 0.000 0.005
0.087 0.183 0.000 0.005
0.087 0.198 0.000 0.005
0.087 0.214 0.000 0.005
0.087 0.230 0.000 0.005
0.087 0.246 0.000 0.005
0.087 0.262 0.000 0.005
0.087 0.278 0.000 0.005
0.087 0.294 0.000 0.005
0.087 0.310 0.000 0.005
0.087 0.325 0.000 0.005
0.087 0.341 0.000 0.005
0.087 0.357 0.000 0.005
0.087 0.373 0.000 0.005
0.087 0.389 0.000 0.005
0.087 0.405 0.000 0.005
0.087 0.421 0.000 0.005
0.087 0.437 0.000 0.005
0.087 0.452 0.000 0.005
0.087 0.468 0.000 0.005
0.087 0.484 0.000 0.005
0.087 0.500 0.000 0.005
0.087 0.516 0.000 0.005
0.087 0.532 0.000 0.005
0.087 0.548 0.000 0.005
0.087 0.563 0.000 0.005
0.087 0.579 0.000 0.005
0.087 0.595 0.000 0.005
0.087 0.611 0.000 0.005
0.087 0.627 0.000 0.005
0.087 0.643 0.000 0.005
0.087 0.659 0.000 0.005
0.087 0.675 0.000 0.005
0.087 0.690 0.000 0.005
0.087 0.706 0.000 0.005
0.087 0.722 0.000 0.005
0.087 0.738 0.000 0.005
0.087 0.754 0.000 0.005
0.087 0.770 0.000 0.005
0.087 0.786 0.000 0.005
0.087 0.802 0.000 0.005
0.087 0.817 0.000 0.005
0.087 0.833 0.000 0.005
0.087 0.849 0.000 0.005
0.087 0.865 0.000 0.005
0.087 0.881 0.000 0.005
0.087 0.897 0.000 0.005
0.087 0.913 0.000 0.005
0.087 0.929 0.000 0.005
0.087 0.944 0.000 0.005
0.087 0.960 0.000 0.005
0.087 0.976 0.000 0.005
0.087 0.992 0.000 0.005
0.103 0.008 0.000 0.005
0.103 0.024 0.000 0.005
0.103 0.040 0.000 0.005
0.103 0.056 0.000 0.005
0.103 0.071 0.000 0.005
0.103 0.087 0.000 0.005
0.103 0.103 0.000 0.005
0.103 0.119 0.000 0.005
0.103 0.135 0.000 0.005
0.103 0.151 0.000 0.005
0.103 0.167 0.000 0.005
0.103 0.183 0.000 0.005
0.103 0.198 0.000 0.005
0.103 0.214 0.000 0.005
0.103 0.230 0.000 0.005
0.103 0.246 0.000 0.005
0.103 0.262 0.000 0.005
0.103 0.278 0.000 0.005
0.103 0.294 0.000 0.005
0.103 0.310 0.000 0.005
0.103 0.325 0.000 0.005
0.103 0.341 0.000 0.005
0.103 0.357 0.000 0.005
0.103 0.373 0.000 0.005
0.103 0.389 0.000 0.005
0.103 0.405 0.000 0.005
0.103 0.421 0.000 0.005
0.103 0.437 0.000 0.005
0.103 0.452 0.000 0.005
0.103 0.468 0.000 0.005
0.103 0.484 0.000 0.005
0.103 0.500 0.000 0.005
0.103 0.516 0.000 0.005
0.103 0.532 0.000 0.005
0.103 0.548 0.000 0.005
0.103 0.563 0.000 0.005
0.103 0.579 0.000 0.005
0.103 0.595 0.000 0.005
0.103 0.611 0.000 0.005
0.103 0.627 0.000 0.005
0.103 0.643 0.000 0.005
0.103 0.659 0.000 0.005
0.103 0.675 0.000 0.005
0.103 0.690 0.000 0.005
0.103 0.706 0.000 0.005
0.103 0.722 0.000 0.005
0.103 0.738 0.000 0.005
0.103 0.754 0.000 0.005
0.103 0.770 0.000 0.005
0.103 0.786 0.000 0.005
0.103 0.802 0.000 0.005
0.103 0.817 0.000 0.005
0.103 0.833 0.000 0.005
0.103 0.849 0.000 0.005
0.103 0.865 0.000 0.005
0.103 0.881 0.000 0.005
0.103 0.897 0.000 0.005
0.103 0.913 0.000 0.005
0.103 0.929 0.000 0.005
0.103 0.944 0.000 0.005
0.103 0.960 0.000 0.005
0.103 0.976 0.000 0.005
0.103 0.992 0.000 0.005
0.119 0.008 0.000 0.005
0.119 0.024 0.000 0.005
0.119 0.040 0.000 0.005
0.119 0.056 0.000 0.005
0.119 0.071 0.000 0.005
0.119 0.087 0.000 0.005
0.119 0.103 0.000 0.005
0.119 0.119 0.000 0.005
0.119 0.135 0.000 0.005
0.119 0.151 0.000 0.005
0.119 0.167 0.000 0.005
0.119 0.183 0.000 0.005
0.119 0.198 0.000 0.005
0.119 0.214 0.000 0.005
0.119 0.230 0.000 0.005
0.119 0.246 0.000 0.005
0.119 0.262 0.000 0.005
0.119 0.278 0.000 0.005
0.119 0.294 0.000 0.005
0.119 0.310 0.000 0.005
0.119 0.325 0.000 0.005
0.119 0.341 0.000 0.005
0.119 0.357 0.000 0.005
0.119 0.373 0.000 0.005
0.119 0.389 0.000 0.005
0.119 0.405 0.000 0.005
0.119 0.421 0.000 0.005
0.119 0.437 0.000 0.005
0.119 0.452 0.000 0.005
0.119 0.468 0.000 0.005
0.119 0.484 0.000 0.005
0.119 0.500 0.000 0.005
0.119 0.516 0.000 0.005
0.119 0.532 0.000 0.005
0.119 0.548 0.000 0.005
0.119 0.563 0.000 0.005
0.119 0.579 0.000 0.005
0.119 0.595 0.000 0.005
0.119 0.611 0.000 0.005
0.119 0.627 0.000 0.005
0.119 0.643 0.000 0.005
0.119 0.659 0.000 0.005
0.119 0.675 0.000 0.005
0.119 0.690 0.000 0.005
0.119 0.706 0.000 0.005
0.119 0.722 0.000 0.005
0.119 0.738 0.000 0.005
0.119 0.754 0.000 0.005
0.119 0.770 0.000 0.005
0.119 0.786 0.000 0.005
0.119 0.802 0.000 0.005
0.119 0.817 0.000 0.005
0.119 0.833 0.000 0.005
0.119 0.849 0.000 0.005
0.119 0.865 0.000 0.005
0.119 0.881 0.000 0.005
0.119 0.897 0.000 0.005
0.119 0.913 0.000 0.005
0.119 0.929 0.000 0.005
0.119 0.944 0.000 0.005
0.119 0.960 0.000 0.005
0.119 0.976 0.000 0.005
0.119 0.992 0.000 0.005
0.135 0.008 0.000 0.005
0.135 0.024 0.000 0.005
0.135 0.040 0.000 0.005
0.135 0.056 0.000 0.005
0.135 0.071 0.000 0.005
0.135 0.087 0.000 0.005
0.135 0.103 0.000 0.005
0.135 0.119 0.000 0.005
0.135 0.135 0.000 0.005
0.135 0.151 0.000 0.005
0.135 0.167 0.000 0.005
0.135 0.183 0.000 0.005
0.135 0.198 0.000 0.005
0.135 0.214 0.000 0.005
0.135 0.230 0.000 0.005
0.135 0.246 0.000 0.005
0.135 0.262 0.000 0.005
0.135 0.278 0.000 0.005
0.135 0.294 0.000 0.005
0.135 0.310 0.000 0.005
0.135 0.325 0.000 0.005
0.135 0.341 0.000 0.005
0.135 0.357 0.000 0.005
0.135 0.373 0.000 0.005
0.135 0.389 0.000 0.005
0.135 0.405 0.000 0.005
0.135 0.421 0.000 0.005
0.135 0.437 0.000 0.005
0.135 0.452 0.000 0.005
0.135 0.468 0.000 0.005
0.135 0.484 0.000 0.005
0.135 0.500 0.000 0.005
0.135 0.516 0.000 0.005
0.135 0.532 0.000 0.005
0.135 0.548 0.000 0.005
0.135 0.563 0.000 0.005
0.135 0.579 0.000 0.005
0.135 0.595 0.000 0.005
0.135 0.611 0.000 0.005
0.135 0.627 0.000 0.005
0.135 0.643 0.000 0.005
0.135 0.659 0.000 0.005
0.135 0.675 0.000 0.005
0.135 0.690 0.000 0.005
0.135 0.706 0.000 0.005
0.135 0.722 0.000 0.005
0.135 0.738 0.000 0.005
0.135 0.754 0.000 0.005
0.135 0.770 0.000 0.005
0.135 0.786 0.000 0.005
0.135 0.802 0.000 0.005
0.135 0.817 0.000 0.005
0.135 0.833 0.000 0.005
0.135 0.849 0.000 0.005
0.135 0.865 0.000 0.005
0.135 0.881 0.000 0.005
0.135 0.897 0.000 0.005
0.135 0.913 0.000 0.005
0.135 0.929 0.000 0.005
0.135 0.944 0.000 0.005
0.135 0.960 0.000 0.005
0.135 0.976 0.000 0.005
0.135 0.992 0.000 0.005
0.151 0.008 0.000 0.005
0.151 0.024 0.000 0.005
0.151 0.040 0.000 0.005
0.151 0.056 0.000 0.005
0.151 0.071 0.000 0.005
0.151 0.087 0.000 0.005
0.151 0.103 0.000 0.005
0.151 0.119 0.000 0.005
0.151 0.135 0.000 0.005
0.151 0.151 0.000 0.005
0.151 0.167 0.000 0.005
0.151 0.183 0.000 0.005
0.151 0.198 0.000 0.005
0.151 0.214 0.000 0.005
0.151 0.230 0.000 0.005
0.151 0.246 0.000 0.005
0.151 0.262 0.000 0.005
0.151 0.278 0.000 0.005
0.151 0.294 0.000 0.005
0.151 0.310 0.000 0.005
0.151 0.325 0.000 0.005
0.151 0.341 0.000 0.005
0.151 0.357 0.000 0.005
0.151 0.373 0.000 0.005
0.151 0.389 0.000 0.005
0.151 0.405 0.000 0.005
0.151 0.421 0.000 0.005
0.151 0.437 0.000 0.005
0.151 0.452 0.000 0.005
0.151 0.468 0.000 0.005
0.151 0.484 0.000 0.005
0.151 0.500 0.000 0.005
0.151 0.516 0.000 0.005
0.151 0.532 0.000 0.005
0.151 0.548 0.000 0.005
0.151 0.563 0.000 0.005
0.151 0.579 0.000 0.005
0.151 0.595 0.000 0.005
0.151 0.611 0.000 0.005
0.151 0.627 0.000 0.005
0.151 0.643 0.000 0.005
0.151 0.659 0.000 0.005
0.151 0.675 0.000 0.005
0.151 0.690 0.000 0.005
0.151 0.706 0.000 0.005
0.151 0.722 0.000 0.005
0.151 0.738 0.000 0.005
0.151 0.754 0.000 0.005
0.151 0.770 0.000 0.005
0.151 0.786 0.000 0.005
0.151 0.802 0.000 0.005
0.151 0.817 0.000 0.005
0.151 0.833 0.000 0.005
0.151 0.849 0.000 0.005
0.151 0.865 0.000 0.005
0.151 0.881 0.000 0.005
0.151 0.897 0.000 0.005
0.151 0.913 0.000 0.005
0.151 0.929 0.000 0.005
0.151 0.944 0.000 0.005
0.151 0.960 0.000 0.005
0.151 0.976 0.000 0.005
0.151 0.992 0.000 0.005
0.167 0.008 0.000 0.005
0.167 0.024 0.000 0.005
0.167 0.040 0.000 0.005
0.167 0.056 0.000 0.005
0.167 0.071 0.000 0.005
0.167 0.087 0.000 0.005
0.167 0.103 0.000 0.005
0.167 0.119 0.000 0.005
0.167 0.135 0.000 0.005
0.167 0.151 0.000 0.005
0.167 0.167 0.000 0.005
0.167 0.183 0.000 0.005
0.167 0.198 0.000 0.005
0.167 0.214 0.000 0.005
0.167 0.230 0.000 0.005
0.167 0.246 0.000 0.005
0.167 0.262 0.000 0.005
0.167 0.278 0.000 0.005
0.167 0.294 0.000 0.005
0.167 0.310 0.000 0.005
0.167 0.325 0.000 0.005
0.167 0.341 0.000 0.005
0.167 0.357 0.000 0.005
0.167 0.373 0.000 0.005
0.167 0.389 0.000 0.005
0.167 0.405 0.000 0.005
0.167 0.421 0.000 0.005
0.167 0.437 0.000 0.005
0.167 0.452 0.000 0.005
0.167 0.468 0.000 0.005
0.167 0.484 0.000 0.005
0.167 0.500 0.000 0.005
0.167 0.516 0.000 0.005
0.167 0.532 0.000 0.005
0.167 0.548 0.000 0.005
0.167 0.563 0.000 0.005
0.167 0.579 0.000 0.005
0.167 0.595 0.000 0.005
0.167 0.611 0.000 0.005
0.167 0.627 0.000 0.005
0.167 0.643 0.000 0.005
0.167 0.659 0.000 0.005
0.167 0.675 0.000 0.005
0.167 0.690 0.000 0.005
0.167 0.706 0.000 0.005
0.167 0.722 0.000 0.005
0.167 0.738 0.000 0.005
0.167 0.754 0.000 0.005
0.167 0.770 0.000 0.005
0.167 0.786 0.000 0.005
0.167 0.802 0.000 0.005
0.167 0.817 0.000 0.005
0.167 0.833 0.000 0.005
0.167 0.849 0.000 0.005
0.167 0.865 0.000 0.005
0.167 0.881 0.000 0.005
0.167 0.897 0.000 0.005
0.167 0.913 0.000 0.005
0.167 0.929 0.000 0.005
0.167 0.944 0.000 0.005
0.167 0.960 0.000 0.005
0.167 0.976 0.000 0.005
0.167 0.992 0.000 0.005
0.183 0.008 0.000 0.005
0.183 0.024 0.000 0.005
0.183 0.040 0.000 0.005
0.183 0.056 0.000 0.005
0.183 0.071 0.000 0.005
0.183 0.087 0.000 0.005
0.183 0.103 0.000 0.005
0.183 0.119 0.000 0.005
0.183 0.135 0.000 0.005
0.183 0.151 0.000 0.005
0.183 0.167 0.000 0.005
0.183 0.183 0.000 0.005
0.183 0.198 0.000 0.005
0.183 0.214 0.000 0.005
0.183 0.230 0.000 0.005
0.183 0.246 0.000 0.005
0.183 0.262 0.000 0.005
0.183 0.278 0.000 0.005
0.183 0.294 0.000 0.005
0.183 0.310 0.000 0.005
0.183 0.325 0.000 0.005
0.183 0.341 0.000 0.005
0.183 0.357 0.000 0.005
0.183 0.373 0.000 0.005
0.183 0.389 0.000 0.005
0.183 0.405 0.000 0.005
0.183 0.421 0.000 0.005
0.183 0.437 0.000 0.005
0.183 0.452 0.000 0.005
0.183 0.468 0.000 0.005
0.183 0.484 0.000 0.005
0.183 0.500 0.000 0.005
0.183 0.516 0.000 0.005
0.183 0.532 0.000 0.005
0.183 0.548 0.000 0.005
0.183 0.563 0.000 0.005
0.183 0.579 0.000 0.005
0.183 0.595 0.000 0.005
0.183 0.611 0.000 0.005
0.183 0.627 0.000 0.005
0.183 0.643 0.000 0.005
0.183 0.659 0.000 0.005
0.183 0.675 0.000 0.005
0.183 0.690 0.000 0.005
0.183 0.706 0.000 0.005
0.183 0.722 0.000 0.005
0.183 0.738 0.000 0.005
0.183 0.754 0.000 0.005
0.183 0.770 0.000 0.005
0.183 0.786 0.000 0.005
0.183 0.802 0.000 0.005
0.183 0.817 0.000 0.005
0.183 0.833 0.000 0.005
0.183 0.849 0.000 0.005
0.183 0.865 0.000 0.005
0.183 0.881 0.000 0.005
0.183 0.897 0.000 0.005
0.183 0.913 0.000 0.005
0.183 0.929 0.000 0.005
0.183 0.944 0.000 0.005
0.183 0.960 0.000 0.005
0.183 0.976 0.000 0.005
0.183 0.992 0.000 0.005
0.198 0.008 0.000 0.005
0.198 0.024 0.000 0.005
0.198 0.040 0.000 0.005
0.198 0.056 0.000 0.005
0.198 0.071 0.000 0.005
0.198 0.087 0.000 0.005
0.198 0.103 0.000 0.005
0.198 0.119 0.000 0.005
0.198 0.135 0.000 0.005
0.198 0.151 0.000 0.005
0.198 0.167 0.000 0.005
0.198 0.183 0.000 0.005
0.198 0.198 0.000 0.005
0.198 0.214 0.000 0.005
0.198 0.230 0.000 0.005
0.198 0.246 0.000 0.005
0.198 0.262 0.000 0.005
0.198 0.278 0.000 0.005
0.198 0.294 0.000 0.005
0.198 0.310 0.000 0.005
0.198 0.325 0.000 0.005
0.198 0.341 0.000 0.005
0.198 0.357 0.000 0.005
0.198 0.373 0.000 0.005
0.198 0.389 0.000 0.005
0.198 0.405 0.000 0.005
0.198 0.421 0.000 0.005
0.198 0.437 0.000 0.005
0.198 0.452 0.000 0.005
0.198 0.468 0.000 0.005
0.198 0.484 0.000 0.005
0.198 0.500 0.000 0.005
0.198 0.516 0.000 0.005
0.198 0.532 0.000 0.005
0.198 0.548 0.000 0.005
0.198 0.563 0.000 0.005
0.198 0.579 0.000 0.005
0.198 0.595 0.000 0.005
0.198 0.611 0.000 0.005
0.198 0.627 0.000 0.005
0.198 0.643 0.000 0.005
0.198 0.659 0.000 0.005
0.198 0.675 0.000 0.005
0.198 0.690 0.000 0.005
0.198 0.706 0.000 0.005
0.198 0.722 0.000 0.005
0.198 0.738 0.000 0.005
0.198 0.754 0.000 0.005
0.198 0.770 0.000 0.005
0.198 0.786 0.000 0.005
0.198 0.802 0.000 0.005
0.198 0.817 0.000 0.005
0.198 0.833 0.000 0.005
0.198 0.849 0.000 0.005
0.198 0.865 0.000 0.005
0.198 0.881 0.000 0.005
0.198 0.897 0.000 0.005
0.198 0.913 0.000 0.005
0.198 0.929 0.000 0.005
0.198 0.944 0.000 0.005
0.198 0.960 0.000 0.005
0.198 0.976 0.000 0.005
0.198 0.992 0.000 0.005
0.214 0.008 0.000 0.005
0.214 0.024 0.000 0.005
0.214 0.040 0.000 0.005
0.214 0.056 0.000 0.005
0.214 0.071 0.000 0.005
0.214 0.087 0.000 0.005
0.214 0.103 0.000 0.005
0.214 0.119 0.000 0.005
0.214 0.135 0.000 0.005
0.214 0.151 0.000 0.005
0.214 0.167 0.000 0.005
0.214 0.183 0.000 0.005
0.214 0.198 0.000 0.005
0.214 0.214 0.000 0.005
0.214 0.230 0.000 0.005
0.214 0.246 0.000 0.005
0.214 0.262 0.000 0.005
0.214 0.278 0.000 0.005
0.214 0.294 0.000 0.005
0.214 0.310 0.000 0.005
0.214 0.325 0.000 0.005
0.214 0.341 0.000 0.005
0.214 0.357 0.000 0.005
0.214 0.373 0.000 0.005
0.214 0.389 0.000 0.005
0.214 0.405 0.000 0.005
0.214 0.421 0.000 0.005
0.214 0.437 0.000 0.005
0.214 0.452 0.000 0.005
0.214 0.468 0.000 0.005
0.214 0.484 0.000 0.005
0.214 0.500 0.000 0.005
0.214 0.516 0.000 0.005
0.214 0.532 0.000 0.005
0.214 0.548 0.000 0.005
0.214 0.563 0.000 0.005
0.214 0.579 0.000 0.005
0.214 0.595 0.000 0.005
0.214 0.611 0.000 0.005
0.214 0.627 0.000 0.005
0.214 0.643 0.000 0.005
0.214 0.659 0.000 0.005
0.214 0.675 0.000 0.005
0.214 0.690 0.000 0.005
0.214 0.706 0.000 0.005
0.214 0.722 0.000 0.005
0.214 0.738 0.000 0.005
0.214 0.754 0.000 0.005
0.214 0.770 0.000 0.005
0.214 0.786 0.000 0.005
0.214 0.802 0.000 0.005
0.214 0.817 0.000 0.005
0.214 0.833 0.000 0.005
0.214 0.849 0.000 0.005
0.214 0.865 0.000 0.005
0.214 0.881 0.000 0.005
0.214 0.897 0.000 0.005
0.214 0.913 0.000 0.005
0.214 0.929 0.000 0.005
0.214 0.944 0.000 0.005
0.214 0.960 0.000 0.005
0.214 0.976 0.000 0.005
0.214 0.992 0.000 0.005
0.230 0.008 0.000 0.005
0.230 0.024 0.000 0.005
0.230 0.040 0.000 0.005
0.230 0.056 0.000 0.005
0.230 0.071 0.000 0.005
0.230 0.087 0.000 0.005
0.230 0.103 0.000 0.005
0.230 0.119 0.000 0.005
0.230 0.135 0.000 0.005
0.230 0.151 0.000 0.005
0.230 0.167 0.000 0.005
0.230 0.183 0.000 0.005
0.230 0.198 0.000 0.005
0.230 0.214 0.000 0.005
0.230 0.230 0.000 0.005
0.230 0.246 0.000 0.005
0.230 0.262 0.000 0.005
0.230 0.278 0.000 0.005
0.230 0.294 0.000 0.005
0.230 0.310 0.000 0.005
0.230 0.325 0.000 0.005
0.230 0.341 0.000 0.005
0.230 0.357 0.000 0.005
0.230 0.373 0.000 0.005
0.230 0.389 0.000 0.005
0.230 0.405 0.000 0.005
0.230 0.421 0.000 0.005
0.230 0.437 0.000 0.005
0.230 0.452 0.000 0.005
0.230 0.468 0.000 0.005
0.230 0.484 0.000 0.005
0.230 0.500 0.000 0.005
0.230 0.516 0.000 0.005
0.230 0.532 0.000 0.005
0.230 0.548 0.000 0.005
0.230 0.563 0.000 0.005
0.230 0.579 0.000 0.005
0.230 0.595 0.000 0.005
0.230 0.611 0.000 0.005
0.230 0.627 0.000 0.005
0.230 0.643 0.000 0.005
0.230 0.659 0.000 0.005
0.230 0.675 0.000 0.005
0.230 0.690 0.000 0.005
0.230 0.706 0.000 0.005
0.230 0.722 0.000 0.005
0.230 0.738 0.000 0.005
0.230 0.754 0.000 0.005
0.230 0.770 0.000 0.005
0.230 0.786 0.000 0.005
0.230 0.802 0.000 0.005
0.230 0.817 0.000 0.005
0.230 0.833 0.000 0.005
0.230 0.849 0.000 0.005
0.230 0.865 0.000 0.005
0.230 0.881 0.000 0.005
0.230 0.897 0.000 0.005
0.230 0.913 0.000 0.005
0.230 0.929 0.000 0.005
0.230 0.944 0.000 0.005
0.230 0.960 0.000 0.005
0.230 0.976 0.000 0.005
0.230 0.992 0.000 0.005
0.246 0.008 0.000 0.005
0.246 0.024 0.000 0.005
0.246 0.040 0.000 0.005
0.246 0.056 0.000 0.005
0.246 0.071 0.000 0.005
0.246 0.087 0.000 0.005
0.246 0.103 0.000 0.005
0.246 0.119 0.000 0.005
0.246 0.135 0.000 0.005
0.246 0.151 0.000 0.005
0.246 0.167 0.000 0.005
0.246 0.183 0.000 0.005
0.246 0.198 0.000 0.005
0.246 0.214 0.000 0.005
0.246 0.230 0.000 0.005
0.246 0.246 0.000 0.005
0.246 0.262 0.000 0.005
0.246 0.278 0.000 0.005
0.246 0.294 0.000 0.005
0.246 0.310 0.000 0.005
0.246 0.325 0.000 0.005
0.246 0.341 0.000 0.005
0.246 0.357 0.000 0.005
0.246 0.373 0.000 0.005
0.246 0.389 0.000 0.005
0.246 0.405 0.000 0.005
0.246 0.421 0.000 0.005
0.246 0.437 0.000 0.005
0.246 0.452 0.000 0.005
0.246 0.468 0.000 0.005
0.246 0.484 0.000 0.005
0.246 0.500 0.000 0.005
0.246 0.516 0.000 0.005
0.246 0.532 0.000 0.005
0.246 0.548 0.000 0.005
0.246 0.563 0.000 0.005
0.246 0.579 0.000 0.005
0.246 0.595 0.000 0.005
0.246 0.611 0.000 0.005
0.246 0.627 0.000 0.005
0.246 0.643 0.000 0.005
0.246 0.659 0.000 0.005
0.246 0.675 0.000 0.005
0.246 0.690 0.000 0.005
0.246 0.706 0.000 0.005
0.246 0.722 0.000 0.005
0.246 0.738 0.000 0.005
0.246 0.754 0.000 0.005
0.246 0.770 0.000 0.005
0.246 0.786 0.000 0.005
0.246 0.802 0.000 0.005
0.246 0.817 0.000 0.005
0.246 0.833 0.000 0.005
0.246 0.849 0.000 0.005
0.246 0.865 0.000 0.005
0.246 0.881 0.000 0.005
0.246 0.897 0.000 0.005
0.246 0.913 0.000 0.005
0.246 0.929 0.000 0.005
0.246 0.944 0.000 0.005
0.246 0.960 0.000 0.005
0.246 0.976 0.000 0.005
0.246 0.992 0.000 0.005
0.262 0.008 0.000 0.005
0.262 0.024 0.000 0.005
0.262 0.040 0.000 0.005
0.262 0.056 0.000 0.005
0.262 0.071 0.000 0.005
0.262 0.087 0.000 0.005
0.262 0.103 0.000 0.005
0.262 0.119 0.000 0.005
0.262 0.135 0.000 0.005
0.262 0.151 0.000 0.005
0.262 0.167 0.000 0.005
0.262 0.183 0.000 0.005
0.262 0.198 0.000 0.005
0.262 0.214 0.000 0.005
0.262 0.230 0.000 0.005
0.262 0.246 0.000 0.005
0.262 0.262 0.000 0.005
0.262 0.278 0.000 0.005
0.262 0.294 0.000 0.005
0.262 0.310 0.000 0.005
0.262 0.325 0.000 0.005
0.262 0.341 0.000 0.005
0.262 0.357 0.000 0.005
0.262 0.373 0.000 0.005
0.262 0.389 0.000 0.005
0.262 0.405 0.000 0.005
0.262 0.421 0.000 0.005
0.262 0.437 0.000 0.005
0.262 0.452 0.000 0.005
0.262 0.468 0.000 0.005
0.262 0.484 0.000 0.005
0.262 0.500 0.000 0.005
0.262 0.516 0.000 0.005
0.262 0.532 0.000 0.005
0.262 0.548 0.000 0.005
0.262 0.563 0.000 0.005
0.262 0.579 0.000 0.005
0.262 0.595 0.000 0.005
0.262 0.611 0.000 0.005
0.262 0.627 0.000 0.005
0.262 0.643 0.000 0.005
0.262 0.659 0.000 0.005
0.262 0.675 0.000 0.005
0.262 0.690 0.000 0.005
0.262 0.706 0.000 0.005
0.262 0.722 0.000 0.005
0.262 0.738 0.000 0.005
0.262 0.754 0.000 0.005
0.262 0.770 0.000 0.005
0.262 0.786 0.000 0.005
0.262 0.802 0.000 0.005
0.262 0.817 0.000 0.005
0.262 0.833 0.000 0.005
0.262 0.849 0.000 0.005
0.262 0.865 0.000 0.005
0.262 0.881 0.000 0.005
0.262 0.897 0.000 0.005
0.262 0.913 0.000 0.005
0.262 0.929 0.000 0.005
0.262 0.944 0.000 0.005
0.262 0.960 0.000 0.005
0.262 0.976 0.000 0.005
0.262 0.992 0.000 0.005
0.278 0.008 0.000 0.005
0.278 0.024 0.000 0.005
0.278 0.040 0.000 0.005
0.278 0.056 0.000 0.005
0.278 0.071 0.000 0.005
0.278 0.087 0.000 0.005
0.278 0.103 0.000 0.005
0.278 0.119 0.000 0.005
0.278 0.135 0.000 0.005
0.278 0.151 0.000 0.005
0.278 0.167 0.000 0.005
0.278 0.183 0.000 0.005
0.278 0.198 0.000 0.005
0.278 0.214 0.000 0.005
0.278 0.230 0.000 0.005
0.278 0.246 0.000 0.005
0.278 0.262 0.000 0.005
0.278 0.278 0.000 0.005
0.278 0.294 0.000 0.005
0.278 0.310 0.000 0.005
0.278 0.325 0.000 0.005
0.278 0.341 0.000 0.005
0.278 0.357 0.000 0.005
0.278 0.373 0.000 0.005
0.278 0.389 0.000 0.005
0.278 0.405 0.000 0.005
0.278 0.421 0.000 0.005
0.278 0.437 0.000 0.005
0.278 0.452 0.000 0.005
0.278 0.468 0.000 0.005
0.278 0.484 0.000 0.005
0.278 0.500 0.000 0.005
0.278 0.516 0.000 0.005
0.278 0.532 0.000 0.005
0.278 0.548 0.000 0.005
0.278 0.563 0.000 0.005
0.278 0.579 0.000 0.005
0.278 0.595 0.000 0.005
0.278 0.611 0.000 0.005
0.278 0.627 0.000 0.005
0.278 0.643 0.000 0.005
0.278 0.659 0.000 0.005
0.278 0.675 0.000 0.005
0.278 0.690 0.000 0.005
0.278 0.706 0.000 0.005
0.278 0.722 0.000 0.005
0.278 0.738 0.000 0.005
0.278 0.754 0.000 0.005
0.278 0.770 0.000 0.005
0.278 0.786 0.000 0.005
0.278 0.802 0.000 0.005
0.278 0.817 0.000 0.005
0.278 0.833 0.000 0.005
0.278 0.849 0.000 0.005
0.278 0.865 0.000 0.005
0.278 0.881 0.000 0.005
0.278 0.897 0.000 0.005
0.278 0.913 0.000 0.005
0.278 0.929 0.000 0.005
0.278 0.944 0.000 0.005
0.278 0.960 0.000 0.005
0.278 0.976 0.000 0.005
0.278 0.992 0.000 0.005
0.294 0.008 0.000 0.005
0.294 0.024 0.000 0.005
0.294 0.040 0.000 0.005
0.294 0.056 0.000 0.005
0.294 0.071 0.000 0.005
0.294 0.087 0.000 0.005
0.294 0.103 0.000 0.005
0.294 0.119 0.000 0.005
0.294 0.135 0.000 0.005
0.294 0.151 0.000 0.005
0.294 0.167 0.000 0.005
0.294 0.183 0.000 0.005
0.294 0.198 0.000 0.005
0.294 0.214 0.000 0.005
0.294 0.230 0.000 0.005
0.294 0.246 0.000 0.005
0.294 0.262 0.000 0.005
0.294 0.278 0.000 0.005
0.294 0.294 0.000 0.005
0.294 0.310 0.000 0.005
0.294 0.325 0.000 0.005
0.294 0.341 0.000 0.005
0.294 0.357 0.000 0.005
0.294 0.373 0.000 0.005
0.294 0.389 0.000 0.005
0.294 0.405 0.000 0.005
0.294 0.421 0.000 0.005
0.294 0.437 0.000 0.005
0.294 0.452 0.000 0.005
0.294 0.468 0.000 0.005
0.294 0.484 0.000 0.005
0.294 0.500 0.000 0.005
0.294 0.516 0.000 0.005
0.294 0.532 0.000 0.005
0.294 0.548 0.000 0.005
0.294 0.563 0.000 0.005
0.294 0.579 0.000 0.005
0.294 0.595 0.000 0.005
0.294 0.611 0.000 0.005
0.294 0.627 0.000 0.005
0.294 0.643 0.000 0.005
0.294 0.659 0.000 0.005
0.294 0.675 0.000 0.005
0.294 0.690 0.000 0.005
0.294 0.706 0.000 0.005
0.294 0.722 0.000 0.005
0.294 0.738 0.000 0.005
0.294 0.754 0.000 0.005
0.294 0.770 0.000 0.005
0.294 0.786 0.000 0.005
0.294 0.802 0.000 0.005
0.294 0.817 0.000 0.005
0.294 0.833 0.000 0.005
0.294 0.849 0.000 0.005
0.294 0.865 0.000 0.005
0.294 0.881 0.000 0.005
0.294 0.897 0.000 0.005
0.294 0.913 0.000 0.005
0.294 0.929 0.000 0.005
0.294 0.944 0.000 0.005
0.294 0.960 0.000 0.005
0.294 0.976 0.000 0.005
0.294 0.992 0.000 0.005
0.310 0.008 0.000 0.005
0.310 0.024 0.000 0.005
0.310 0.040 0.000 0.005
0.310 0.056 0.000 0.005
0.310 0.071 0.000 0.005
0.310 0.087 0.000 0.005
0.310 0.103 0.000 0.005
0.310 0.119 0.000 0.005
0.310 0.135 0.000 0.005
0.310 0.151 0.000 0.005
0.310 0.167 0.000 0.005
0.310 0.183 0.000 0.005
0.310 0.198 0.000 0.005
0.310 0.214 0.000 0.005
0.310 0.230 0.000 0.005
0.310 0.246 0.000 0.005
0.310 0.262 0.000 0.005
0.310 0.278 0.000 0.005
0.310 0.294 0.000 0.005
0.310 0.310 0.000 0.005
0.310 0.325 0.000 0.005
0.310 0.341 0.000 0.005
0.310 0.357 0.000 0.005
0.310 0.373 0.000 0.005
0.310 0.389 0.000 0.005
0.310 0.405 0.000 0.005
0.310 0.421 0.000 0.005
0.310 0.437 0.000 0.005
0.310 0.452 0.000 0.005
0.310 0.468 0.000 0.005
0.310 0.484 0.000 0.005
0.310 0.500 0.000 0.005
0.310 0.516 0.000 0.005
0.310 0.532 0.000 0.005
0.310 0.548 0.000 0.005
0.310 0.563 0.000 0.005
0.310 0.579 0.000 0.005
0.310 0.595 0.000 0.005
0.310 0.611 0.000 0.005
0.310 0.627 0.000 0.005
0.310 0.643 0.000 0.005
0.310 0.659 0.000 0.005
0.310 0.675 0.000 0.005
0.310 0.690 0.000 0.005
0.310 0.706 0.000 0.005
0.310 0.722 0.000 0.005
0.310 0.738 0.000 0.005
0.310 0.754 0.000 0.005
0.310 0.770 0.000 0.005
0.310 0.786 0.000 0.005
0.310 0.802 0.000 0.005
0.310 0.817 0.000 0.005
0.310 0.833 0.000 0.005
0.310 0.849 0.000 0.005
0.310 0.865 0.000 0.005
0.310 0.881 0.000 0.005
0.310 0.897 0.000 0.005
0.310 0.913 0.000 0.005
0.310 0.929 0.000 0.005
0.310 0.944 0.000 0.005
0.310 0.960 0.000 0.005
0.310 0.976 0.000 0.005
0.310 0.992 0.000 0.005
0.325 0.008 0.000 0.005
0.325 0.024 0.000 0.005
0.325 0.040 0.000 0.005
0.325 0.056 0.000 0.005
0.325 0.071 0.000 0.005
0.325 0.087 0.000 0.005
0.325 0.103 0.000 0.005
0.325 0.119 0.000 0.005
0.325 0.135 0.000 0.005
0.325 0.151 0.000 0.005
0.325 0.167 0.000 0.005
0.325 0.183 0.000 0.005
0.325 0.198 0.000 0.005
0.325 0.214 0.000 0.005
0.325 0.230 0.000 0.005
0.325 0.246 0.000 0.005
0.325 0.262 0.000 0.005
0.325 0.278 0.000 0.005
0.325 0.294 0.000 0.005
0.325 0.310 0.000 0.005
0.325 0.325 0.000 0.005
0.325 0.341 0.000 0.005
0.325 0.357 0.000 0.005
0.325 0.373 0.000 0.005
0.325 0.389 0.000 0.005
0.325 0.405 0.000 0.005
0.325 0.421 0.000 0.005
0.325 0.437 0.000 0.005
0.325 0.452 0.000 0.005
0.325 0.468 0.000 0.005
0.325 0.484 0.000 0.005
0.325 0.500 0.000 0.005
0.325 0.516 0.000 0.005
0.325 0.532 0.000 0.005
0.325 0.548 0.000 0.005
0.325 0.563 0.000 0.005
0.325 0.579 0.000 0.005
0.325 0.595 0.000 0.005
0.325 0.611 0.000 0.005
0.325 0.627 0.000 0.005
0.325 0.643 0.000 0.005
0.325 0.659 0.000 0.005
0.325 0.675 0.000 0.005
0.325 0.690 0.000 0.005
0.325 0.706 0.000 0.005
0.325 0.722 0.000 0.005
0.325 0.738 0.000 0.005
0.325 0.754 0.000 0.005
0.325 0.770 0.000 0.005
0.325 0.786 0.000 0.005
0.325 0.802 0.000 0.005
0.325 0.817 0.000 0.005
0.325 0.833 0.000 0.005
0.325 0.849 0.000 0.005
0.325 0.865 0.000 0.005
0.325 0.881 0.000 0.005
0.325 0.897 0.000 0.005
0.325 0.913 0.000 0.005
0.325 0.929 0.000 0.005
0.325 0.944 0.000 0.005
0.325 0.960 0.000 0.005
0.325 0.976 0.000 0.005
0.325 0.992 0.000 0.005
0.341 0.008 0.000 0.005
0.341 0.024 0.000 0.005
0.341 0.040 0.000 0.005
0.341 0.056 0.000 0.005
0.341 0.071 0.000 0.005
0.341 0.087 0.000 0.005
0.341 0.103 0.000 0.005
0.341 0.119 0.000 0.005
0.341 0.135 0.000 0.005
0.341 0.151 0.000 0.005
0.341 0.167 0.000 0.005
0.341 0.183 0.000 0.005
0.341 0.198 0.000 0.005
0.341 0.214 0.000 0.005
0.341 0.230 0.000 0.005
0.341 0.246 0.000 0.005
0.341 0.262 0.000 0.005
0.341 0.278 0.000 0.005
0.341 0.294 0.000 0.005
0.341 0.310 0.000 0.005
0.341 0.325 0.000 0.005
0.341 0.341 0.000 0.005
0.341 0.357 0.000 0.005
0.341 0.373 0.000 0.005
0.341 0.389 0.000 0.005
0.341 0.405 0.000 0.005
0.341 0.421 0.000 0.005
0.341 0.437 0.000 0.005
0.341 0.452 0.000 0.005
0.341 0.468 0.000 0.005
0.341 0.484 0.000 0.005
0.341 0.500 0.000 0.005
0.341 0.516 0.000 0.005
0.341 0.532 0.000 0.005
0.341 0.548 0.000 0.005
0.341 0.563 0.000 0.005
0.341 0.579 0.000 0.005
0.341 0.595 0.000 0.005
0.341 0.611 0.000 0.005
0.341 0.627 0.000 0.005
0.341 0.643 0.000 0.005
0.341 0.659 0.000 0.005
0.341 0.675 0.000 0.005
0.341 0.690 0.000 0.005
0.341 0.706 0.000 0.005
0.341 0.722 0.000 0.005
0.341 0.738 0.000 0.005
0.341 0.754 0.000 0.005
0.341 0.770 0.000 0.005
0.341 0.786 0.000 0.005
0.341 0.802 0.000 0.005
0.341 0.817 0.000 0.005
0.341 0.833 0.000 0.005
0.341 0.849 0.000 0.005
0.341 0.865 0.000 0.005
0.341 0.881 0.000 0.005
0.341 0.897 0.000 0.005
0.341 0.913 0.000 0.005
0.341 0.929 0.000 0.005
0.341 0.944 0.000 0.005
0.341 0.960 0.000 0.005
0.341 0.976 0.000 0.005
0.341 0.992 0.000 0.005
0.357 0.008 0.000 0.005
0.357 0.024 0.000 0.005
0.357 0.040 0.000 0.005
0.357 0.056 0.000 0.005
0.357 0.071 0.000 0.005
0.357 0.087 0.000 0.005
0.357 0.103 0.000 0.005
0.357 0.119 0.000 0.005
0.357 0.135 0.000 0.005
0.357 0.151 0.000 0.005
0.357 0.167 0.000 0.005
0.357 0.183 0.000 0.005
0.357 0.198 0.000 0.005
0.357 0.214 0.000 0.005
0.357 0.230 0.000 0.005
0.357 0.246 0.000 0.005
0.357 0.262 0.000 0.005
0.357 0.278 0.000 0.005
0.357 0.294 0.000 0.005
0.357 0.310 0.000 0.005
0.357 0.325 0.000 0.005
0.357 0.341 0.000 0.005
0.357 0.357 0.000 0.005
0.357 0.373 0.000 0.005
0.357 0.389 0.000 0.005
0.357 0.405 0.000 0.005
0.357 0.421 0.000 0.005
0.357 0.437 0.000 0.005
0.357 0.452 0.000 0.005
0.357 0.468 0.000 0.005
0.357 0.484 0.000 0.005
0.357 0.500 0.000 0.005
0.357 0.516 0.000 0.005
0.357 0.532 0.000 0.005
0.357 0.548 0.000 0.005
0.357 0.563 0.000 0.005
0.357 0.579 0.000 0.005
0.357 0.595 0.000 0.005
0.357 0.611 0.000 0.005
0.357 0.627 0.000 0.005
0.357 0.643 0.000 0.005
0.357 0.659 0.000 0.005
0.357 0.675 0.000 0.005
0.357 0.690 0.000 0.005
0.357 0.706 0.000 0.005
0.357 0.722 0.000 0.005
0.357 0.738 0.000 0.005
0.357 0.754 0.000 0.005
0.357 0.770 0.000 0.005
0.357 0.786 0.000 0.005
0.357 0.802 0.000 0.005
0.357 0.817 0.000 0.005
0.357 0.833 0.000 0.005
0.357 0.849 0.000 0.005
0.357 0.865 0.000 0.005
0.357 0.881 0.000 0.005
0.357 0.897 0.000 0.005
0.357 0.913 0.000 0.005
0.357 0.929 0.000 0.005
0.357 0.944 0.000 0.005
0.357 0.960 0.000 0.005
0.357 0.976 0.000 0.005
0.357 0.992 0.000 0.005
0.373 0.008 0.000 0.005
0.373 0.024 0.000 0.005
0.373 0.040 0.000 0.005
0.373 0.056 0.000 0.005
0.373 0.071 0.000 0.005
0.373 0.087 0.000 0.005
0.373 0.103 0.000 0.005
0.373 0.119 0.000 0.005
0.373 0.135 0.000 0.005
0.373 0.151 0.000 0.005
0.373 0.167 0.000 0.005
0.373 0.183 0.000 0.005
0.373 0.198 0.000 0.005
0.373 0.214 0.000 0.005
0.373 0.230 0.000 0.005
0.373 0.246 0.000 0.005
0.373 0.262 0.000 0.005
0.373 0.278 0.000 0.005
0.373 0.294 0.000 0.005
0.373 0.310 0.000 0.005
0.373 0.325 0.000 0.005
0.373 0.341 0.000 0.005
0.373 0.357 0.000 0.005
0.373 0.373 0.000 0.005
0.373 0.389 0.000 0.005
0.373 0.405 0.000 0.005
0.373 0.421 0.000 0.005
0.373 0.437 0.000 0.005
0.373 0.452 0.000 0.005
0.373 0.468 0.000 0.005
0.373 0.484 0.000 0.005
0.373 0.500 0.000 0.005
0.373 0.516 0.000 0.005
0.373 0.532 0.000 0.005
0.373 0.548 0.000 0.005
0.373 0.563 0.000 0.005
0.373 0.579 0.000 0.005
0.373 0.595 0.000 0.005
0.373 0.611 0.000 0.005
0.373 0.627 0.000 0.005
0.373 0.643 0.000 0.005
0.373 0.659 0.000 0.005
0.373 0.675 0.000 0.005
0.373 0.690 0.000 0.005
0.373 0.706 0.000 0.005
0.373 0.722 0.000 0.005
0.373 0.738 0.000 0.005
0.373 0.754 0.000 0.005
0.373 0.770 0.000 0.005
0.373 0.786 0.000 0.005
0.373 0.802 0.000 0.005
0.373 0.817 0.000 0.005
0.373 0.833 0.000 0.005
0.373 0.849 0.000 0.005
0.373 0.865 0.000 0.005
0.373 0.881 0.000 0.005
0.373 0.897 0.000 0.005
0.373 0.913 0.000 0.005
0.373 0.929 0.000 0.005
0.373 0.944 0.000 0.005
0.373 0.960 0.000 0.005
0.373 0.976 0.000 0.005
0.373 0.992 0.000 0.005
0.389 0.008 0.000 0.005
0.389 0.024 0.000 0.005
0.389 0.040 0.000 0.005
0.389 0.056 0.000 0.005
0.389 0.071 0.000 0.005
0.389 0.087 0.000 0.005
0.389 0.103 0.000 0.005
0.389 0.119 0.000 0.005
0.389 0.135 0.000 0.005
0.389 0.151 0.000 0.005
0.389 0.167 0.000 0.005
0.389 0.183 0.000 0.005
0.389 0.198 0.000 0.005
0.389 0.214 0.000 0.005
0.389 0.230 0.000 0.005
0.389 0.246 0.000 0.005
0.389 0.262 0.000 0.005
0.389 0.278 0.000 0.005
0.389 0.294 0.000 0.005
0.389 0.310 0.000 0.005
0.389 0.325 0.000 0.005
0.389 0.341 0.000 0.005
0.389 0.357 0.000 0.005
0.389 0.373 0.000 0.005
0.389 0.389 0.000 0.005
0.389 0.405 0.000 0.005
0.389 0.421 0.000 0.005
0.389 0.437 0.000 0.005
0.389 0.452 0.000 0.005
0.389 0.468 0.000 0.005
0.389 0.484 0.000 0.005
0.389 0.500 0.000 0.005
0.389 0.516 0.000 0.005
0.389 0.532 0.000 0.005
0.389 0.548 0.000 0.005
0.389 0.563 0.000 0.005
0.389 0.579 0.000 0.005
0.389 0.595 0.000 0.005
0.389 0.611 0.000 0.005
0.389 0.627 0.000 0.005
0.389 0.643 0.000 0.005
0.389 0.659 0.000 0.005
0.389 0.675 0.000 0.005
0.389 0.690 0.000 0.005
0.389 0.706 0.000 0.005
0.389 0.722 0.000 0.005
0.389 0.738 0.000 0.005
0.389 0.754 0.000 0.005
0.389 0.770 0.000 0.005
0.389 0.786 0.000 0.005
0.389 0.802 0.000 0.005
0.389 0.817 0.000 0.005
0.389 0.833 0.000 0.005
0.389 0.849 0.000 0.005
0.389 0.865 0.000 0.005
0.389 0.881 0.000 0.005
0.389 0.897 0.000 0.005
0.389 0.913 0.000 0.005
0.389 0.929 0.000 0.005
0.389 0.944 0.000 0.005
0.389 0.960 0.000 0.005
0.389 0.976 0.000 0.005
0.389 0.992 0.000 0.005
0.405 0.008 0.000 0.005
0.405 0.024 0.000 0.005
0.405 0.040 0.000 0.005
0.405 0.056 0.000 0.005
0.405 0.071 0.000 0.005
0.405 0.087 0.000 0.005
0.405 0.103 0.000 0.005
0.405 0.119 0.000 0.005
0.405 0.135 0.000 0.005
0.405 0.151 0.000 0.005
0.405 0.167 0.000 0.005
0.405 0.183 0.000 0.005
0.405 0.198 0.000 0.005
0.405 0.214 0.000 0.005
0.405 0.230 0.000 0.005
0.405 0.246 0.000 0.005
0.405 0.262 0.000 0.005
0.405 0.278 0.000 0.005
0.405 0.294 0.000 0.005
0.405 0.310 0.000 0.005
0.405 0.325 0.000 0.005
0.405 0.341 0.000 0.005
0.405 0.357 0.000 0.005
0.405 0.373 0.000 0.005
0.405 0.389 0.000 0.005
0.405 0.405 0.000 0.005
0.405 0.421 0.000 0.005
0.405 0.437 0.000 0.005
0.405 0.452 0.000 0.005
0.405 0.468 0.000 0.005
0.405 0.484 0.000 0.005
0.405 0.500 0.000 0.005
0.405 0.516 0.000 0.005
0.405 0.532 0.000 0.005
0.405 0.548 0.000 0.005
0.405 0.563 0.000 0.005
0.405 0.579 0.000 0.005
0.405 0.595 0.000 0.005
0.405 0.611 0.000 0.005
0.405 0.627 0.000 0.005
0.405 0.643 0.000 0.005
0.405 0.659 0.000 0.005
0.405 0.675 0.000 0.005
0.405 0.690 0.000 0.005
0.405 0.706 0.000 0.005
0.405 0.722 0.000 0.005
0.405 0.738 0.000 0.005
0.405 0.754 0.000 0.005
0.405 0.770 0.000 0.005
0.405 0.786 0.000 0.005
0.405 0.802 0.000 0.005
0.405 0.817 0.000 0.005
0.405 0.833 0.000 0.005
0.405 0.849 0.000 0.005
0.405 0.865 0.000 0.005
0.405 0.881 0.000 0.005
0.405 0.897 0.000 0.005
0.405 0.913 0.000 0.005
0.405 0.929 0.000 0.005
0.405 0.944 0.000 0.005
0.405 0.960 0.000 0.005
0.405 0.976 0.000 0.005
0.405 0.992 0.000 0.005
0.421 0.008 0.000 0.005
0.421 0.024 0.000 0.005
0.421 0.040 0.000 0.005
0.421 0.056 0.000 0.005
0.421 0.071 0.000 0.005
0.421 0.087 0.000 0.005
0.421 0.103 0.000 0.005
0.421 0.119 0.000 0.005
0.421 0.135 0.000 0.005
0.421 0.151 0.000 0.005
0.421 0.167 0.000 0.005
0.421 0.183 0.000 0.005
0.421 0.198 0.000 0.005
0.421 0.214 0.000 0.005
0.421 0.230 0.000 0.005
0.421 0.246 0.000 0.005
0.421 0.262 0.000 0.005
0.421 0.278 0.000 0.005
0.421 0.294 0.000 0.005
0.421 0.310 0.000 0.005
0.421 0.325 0.000 0.005
0.421 0.341 0.000 0.005
0.421 0.357 0.000 0.005
0.421 0.373 0.000 0.005
0.421 0.389 0.000 0.005
0.421 0.405 0.000 0.005
0.421 0.421 0.000 0.005
0.421 0.437 0.000 0.005
0.421 0.452 0.000 0.005
0.421 0.468 0.000 0.005
0.421 0.484 0.000 0.005
0.421 0.500 0.000 0.005
0.421 0.516 0.000 0.005
0.421 0.532 0.000 0.005
0.421 0.548 0.000 0.005
0.421 0.563 0.000 0.005
0.421 0.579 0.000 0.005
0.421 0.595 0.000 0.005
0.421 0.611 0.000 0.005
0.421 0.627 0.000 0.005
0.421 0.643 0.000 0.005
0.421 0.659 0.000 0.005
0.421 0.675 0.000 0.005
0.421 0.690 0.000 0.005
0.421 0.706 0.000 0.005
0.421 0.722 0.000 0.005
0.421 0.738 0.000 0.005
0.421 0.754 0.000 0.005
0.421 0.770 0.000 0.005
0.421 0.786 0.000 0.005
0.421 0.802 0.000 0.005
0.421 0.817 0.000 0.005
0.421 0.833 0.000 0.005
0.421 0.849 0.000 0.005
0.421 0.865 0.000 0.005
0.421 0.881 0.000 0.005
0.421 0.897 0.000 0.005
0.421 0.913 0.000 0.005
0.421 0.929 0.000 0.005
0.421 0.944 0.000 0.005
0.421 0.960 0.000 0.005
0.421 0.976 0.000 0.005
0.421 0.992 0.000 0.005
0.437 0.008 0.000 0.005
0.437 0.024 0.000 0.005
0.437 0.040 0.000 0.005
0.437 0.056 0.000 0.005
0.437 0.071 0.000 0.005
0.437 0.087 0.000 0.005
0.437 0.103 0.000 0.005
0.437 0.119 0.000 0.005
0.437 0.135 0.000 0.005
0.437 0.151 0.000 0.005
0.437 0.167 0.000 0.005
0.437 0.183 0.000 0.005
0.437 0.198 0.000 0.005
0.437 0.214 0.000 0.005
0.437 0.230 0.000 0.005
0.437 0.246 0.000 0.005
0.437 0.262 0.000 0.005
0.437 0.278 0.000 0.005
0.437 0.294 0.000 0.005
0.437 0.310 0.000 0.005
0.437 0.325 0.000 0.005
0.437 0.341 0.000 0.005
0.437 0.357 0.000 0.005
0.437 0.373 0.000 0.005
0.437 0.389 0.000 0.005
0.437 0.405 0.000 0.005
0.437 0.421 0.000 0.005
0.437 0.437 0.000 0.005
0.437 0.452 0.000 0.005
0.437 0.468 0.000 0.005
0.437 0.484 0.000 0.005
0.437 0.500 0.000 0.005
0.437 0.516 0.000 0.005
0.437 0.532 0.000 0.005
0.437 0.548 0.000 0.005
0.437 0.563 0.000 0.005
0.437 0.579 0.000 0.005
0.437 0.595 0.000 0.005
0.437 0.611 0.000 0.005
0.437 0.627 0.000 0.005
0.437 0.643 0.000 0.005
0.437 0.659 0.000 0.005
0.437 0.675 0.000 0.005
0.437 0.690 0.000 0.005
0.437 0.706 0.000 0.005
0.437 0.722 0.000 0.005
0.437 0.738 0.000 0.005
0.437 0.754 0.000 0.005
0.437 0.770 0.000 0.005
0.437 0.786 0.000 0.005
0.437 0.802 0.000 0.005
0.437 0.817 0.000 0.005
0.437 0.833 0.000 0.005
0.437 0.849 0.000 0.005
0.437 0.865 0.000 0.005
0.437 0.881 0.000 0.005
0.437 0.897 0.000 0.005
0.437 0.913 0.000 0.005
0.437 0.929 0.000 0.005
0.437 0.944 0.000 0.005
0.437 0.960 0.000 0.005
0.437 0.976 0.000 0.005
0.437 0.992 0.000 0.005
0.452 0.008 0.000 0.005
0.452 0.024 0.000 0.005
0.452 0.040 0.000 0.005
0.452 0.056 0.000 0.005
0.452 0.071 0.000 0.005
0.452 0.087 0.000 0.005
0.452 0.103 0.000 0.005
0.452 0.119 0.000 0.005
0.452 0.135 0.000 0.005
0.452 0.151 0.000 0.005
0.452 0.167 0.000 0.005
0.452 0.183 0.000 0.005
0.452 0.198 0.000 0.005
0.452 0.214 0.000 0.005
0.452 0.230 0.000 0.005
0.452 0.246 0.000 0.005
0.452 0.262 0.000 0.005
0.452 0.278 0.000 0.005
0.452 0.294 0.000 0.005
0.452 0.310 0.000 0.005
0.452 0.325 0.000 0.005
0.452 0.341 0.000 0.005
0.452 0.357 0.000 0.005
0.452 0.373 0.000 0.005
0.452 0.389 0.000 0.005
0.452 0.405 0.000 0.005
0.452 0.421 0.000 0.005
0.452 0.437 0.000 0.005
0.452 0.452 0.000 0.005
0.452 0.468 0.000 0.005
0.452 0.484 0.000 0.005
0.452 0.500 0.000 0.005
0.452 0.516 0.000 0.005
0.452 0.532 0.000 0.005
0.452 0.548 0.000 0.005
0.452 0.563 0.000 0.005
0.452 0.579 0.000 0.005
0.452 0.595 0.000 0.005
0.452 0.611 0.000 0.005
0.452 0.627 0.000 0.005
0.452 0.643 0.000 0.005
0.452 0.659 0.000 0.005
0.452 0.675 0.000 0.005
0.452 0.690 0.000 0.005
0.452 0.706 0.000 0.005
0.452 0.722 0.000 0.005
0.452 0.738 0.000 0.005
0.452 0.754 0.000 0.005
0.452 0.770 0.000 0.005
0.452 0.786 0.000 0.005
0.452 0.802 0.000 0.005
0.452 0.817 0.000 0.005
0.452 0.833 0.000 0.005
0.452 0.849 0.000 0.005
0.452 0.865 0.000 0.005
0.452 0.881 0.000 0.005
0.452 0.897 0.000 0.005
0.452 0.913 0.000 0.005
0.452 0.929 0.000 0.005
0.452 0.944 0.000 0.005
0.452 0.960 0.000 0.005
0.452 0.976 0.000 0.005
0.452 0.992 0.000 0.005
0.468 0.008 0.000 0.005
0.468 0.024 0.000 0.005
0.468 0.040 0.000 0.005
0.468 0.056 0.000 0.005
0.468 0.071 0.000 0.005
0.468 0.087 0.000 0.005
0.468 0.103 0.000 0.005
0.468 0.119 0.000 0.005
0.468 0.135 0.000 0.005
0.468 0.151 0.000 0.005
0.468 0.167 0.000 0.005
0.468 0.183 0.000 0.005
0.468 0.198 0.000 0.005
0.468 0.214 0.000 0.005
0.468 0.230 0.000 0.005
0.468 0.246 0.000 0.005
0.468 0.262 0.000 0.005
0.468 0.278 0.000 0.005
0.468 0.294 0.000 0.005
0.468 0.310 0.000 0.005
0.468 0.325 0.000 0.005
0.468 0.341 0.000 0.005
0.468 0.357 0.000 0.005
0.468 0.373 0.000 0.005
0.468 0.389 0.000 0.005
0.468 0.405 0.000 0.005
0.468 0.421 0.000 0.005
0.468 0.437 0.000 0.005
0.468 0.452 0.000 0.005
0.468 0.468 0.000 0.005
0.468 0.484 0.000 0.005
0.468 0.500 0.000 0.005
0.468 0.516 0.000 0.005
0.468 0.532 0.000 0.005
0.468 0.548 0.000 0.005
0.468 0.563 0.000 0.005
0.468 0.579 0.000 0.005
0.468 0.595 0.000 0.005
0.468 0.611 0.000 0.005
0.468 0.627 0.000 0.005
0.468 0.643 0.000 0.005
0.468 0.659 0.000 0.005
0.468 0.675 0.000 0.005
0.468 0.690 0.000 0.005
0.468 0.706 0.000 0.005
0.468 0.722 0.000 0.005
0.468 0.738 0.000 0.005
0.468 0.754 0.000 0.005
0.468 0.770 0.000 0.005
0.468 0.786 0.000 0.005
0.468 0.802 0.000 0.005
0.468 0.817 0.000 0.005
0.468 0.833 0.000 0.005
0.468 0.849 0.000 0.005
0.468 0.865 0.000 0.005
0.468 0.881 0.000 0.005
0.468 0.897 0.000 0.005
0.468 0.913 0.000 0.005
0.468 0.929 0.000 0.005
0.468 0.944 0.000 0.005
0.468 0.960 0.000 0.005
0.468 0.976 0.000 0.005
0.468 0.992 0.000 0.005
0.484 0.008 0.000 0.005
0.484 0.024 0.000 0.005
0.484 0.040 0.000 0.005
0.484 0.056 0.000 0.005
0.484 0.071 0.000 0.005
0.484 0.087 0.000 0.005
0.484 0.103 0.000 0.005
0.484 0.119 0.000 0.005
0.484 0.135 0.000 0.005
0.484 0.151 0.000 0.005
0.484 0.167 0.000 0.005
0.484 0.183 0.000 0.005
0.484 0.198 0.000 0.005
0.484 0.214 0.000 0.005
0.484 0.230 0.000 0.005
0.484 0.246 0.000 0.005
0.484 0.262 0.000 0.005
0.484 0.278 0.000 0.005
0.484 0.294 0.000 0.005
0.484 0.310 0.000 0.005
0.484 0.325 0.000 0.005
0.484 0.341 0.000 0.005
0.484 0.357 0.000 0.005
0.484 0.373 0.000 0.005
0.484 0.389 0.000 0.005
0.484 0.405 0.000 0.005
0.484 0.421 0.000 0.005
0.484 0.437 0.000 0.005
0.484 0.452 0.000 0.005
0.484 0.468 0.000 0.005
0.484 0.484 0.000 0.005
0.484 0.500 0.000 0.005
0.484 0.516 0.000 0.005
0.484 0.532 0.000 0.005
0.484 0.548 0.000 0.005
0.484 0.563 0.000 0.005
0.484 0.579 0.000 0.005
0.484 0.595 0.000 0.005
0.484 0.611 0.000 0.005
0.484 0.627 0.000 0.005
0.484 0.643 0.000 0.005
0.484 0.659 0.000 0.005
0.484 0.675 0.000 0.005
0.484 0.690 0.000 0.005
0.484 0.706 0.000 0.005
0.484 0.722 0.000 0.005
0.484 0.738 0.000 0.005
0.484 0.754 0.000 0.005
0.484 0.770 0.000 0.005
0.484 0.786 0.000 0.005
0.484 0.802 0.000 0.005
0.484 0.817 0.000 0.005
0.484 0.833 0.000 0.005
0.484 0.849 0.000 0.005
0.484 0.865 0.000 0.005
0.484 0.881 0.000 0.005
0.484 0.897 0.000 0.005
0.484 0.913 0.000 0.005
0.484 0.929 0.000 0.005
0.484 0.944 0.000 0.005
0.484 0.960 0.000 0.005
0.484 0.976 0.000 0.005
0.484 0.992 0.000 0.005
0.500 0.008 0.000 0.005
0.500 0.024 0.000 0.005
0.500 0.040 0.000 0.005
0.500 0.056 0.000 0.005
0.500 0.071 0.000 0.005
0.500 0.087 0.000 0.005
0.500 0.103 0.000 0.005
0.500 0.119 0.000 0.005
0.500 0.135 0.000 0.005
0.500 0.151 0.000 0.005
0.500 0.167 0.000 0.005
0.500 0.183 0.000 0.005
0.500 0.198 0.000 0.005
0.500 0.214 0.000 0.005
0.500 0.230 0.000 0.005
0.500 0.246 0.000 0.005
0.500 0.262 0.000 0.005
0.500 0.278 0.000 0.005
0.500 0.294 0.000 0.005
0.500 0.310 0.000 0.005
0.500 0.325 0.000 0.005
0.500 0.341 0.000 0.005
0.500 0.357 0.000 0.005
0.500 0.373 0.000 0.005
0.500 0.389 0.000 0.005
0.500 0.405 0.000 0.005
0.500 0.421 0.000 0.005
0.500 0.437 0.000 0.005
0.500 0.452 0.000 0.005
0.500 0.468 0.000 0.005
0.500 0.484 0.000 0.005
0.500 0.500 0.000 0.005
0.500 0.516 0.000 0.005
0.500 0.532 0.000 0.005
0.500 0.548 0.000 0.005
0.500 0.563 0.000 0.005
0.500 0.579 0.000 0.005
0.500 0.595 0.000 0.005
0.500 0.611 0.000 0.005
0.500 0.627 0.000 0.005
0.500 0.643 0.000 0.005
0.500 0.659 0.000 0.005
0.500 0.675 0.000 0.005
0.500 0.690 0.000 0.005
0.500 0.706 0.000 0.005
0.500 0.722 0.000 0.005
0.500 0.738 0.000 0.005
0.500 0.754 0.000 0.005
0.500 0.770 0.000 0.005
0.500 0.786 0.000 0.005
0.500 0.802 0.000 0.005
0.500 0.817 0.000 0.005
0.500 0.833 0.000 0.005
0.500 0.849 0.000 0.005
0.500 0.865 0.000 0.005
0.500 0.881 0.000 0.005
0.500 0.897 0.000 0.005
0.500 0.913 0.000 0.005
0.500 0.929 0.000 0.005
0.500 0.944 0.000 0.005
0.500 0.960 0.000 0.005
0.500 0.976 0.000 0.005
0.500 0.992 0.000 0.005
0.516 0.008 0.000 0.005
0.516 0.024 0.000 0.005
0.516 0.040 0.000 0.005
0.516 0.056 0.000 0.005
0.516 0.071 0.000 0.005
0.516 0.087 0.000 0.005
0.516 0.103 0.000 0.005
0.516 0.119 0.000 0.005
0.516 0.135 0.000 0.005
0.516 0.151 0.000 0.005
0.516 0.167 0.000 0.005
0.516 0.183 0.000 0.005
0.516 0.198 0.000 0.005
0.516 0.214 0.000 0.005
0.516 0.230 0.000 0.005
0.516 0.246 0.000 0.005
0.516 0.262 0.000 0.005
0.516 0.278 0.000 0.005
0.516 0.294 0.000 0.005
0.516 0.310 0.000 0.005
0.516 0.325 0.000 0.005
0.516 0.341 0.000 0.005
0.516 0.357 0.000 0.005
0.516 0.373 0.000 0.005
0.516 0.389 0.000 0.005
0.516 0.405 0.000 0.005
0.516 0.421 0.000 0.005
0.516 0.437 0.000 0.005
0.516 0.452 0.000 0.005
0.516 0.468 0.000 0.005
0.516 0.484 0.000 0.005
0.516 0.500 0.000 0.005
0.516 0.516 0.000 0.005
0.516 0.532 0.000 0.005
0.516 0.548 0.000 0.005
0.516 0.563 0.000 0.005
0.516 0.579 0.000 0.005
0.516 0.595 0.000 0.005
0.516 0.611 0.000 0.005
0.516 0.627 0.000 0.005
0.516 0.643 0.000 0.005
0.516 0.659 0.000 0.005
0.516 0.675 0.000 0.005
0.516 0.690 0.000 0.005
0.516 0.706 0.000 0.005
0.516 0.722 0.000 0.005
0.516 0.738 0.000 0.005
0.516 0.754 0.000 0.005
0.516 0.770 0.000 0.005
0.516 0.786 0.000 0.005
0.516 0.802 0.000 0.005
0.516 0.817 0.000 0.005
0.516 0.833 0.000 0.005
0.516 0.849 0.000 0.005
0.516 0.865 0.000 0.005
0.516 0.881 0.000 0.005
0.516 0.897 0.000 0.005
0.516 0.913 0.000 0.005
0.516 0.929 0.000 0.005
0.516 0.944 0.000 0.005
0.516 0.960 0.000 0.005
0.516 0.976 0.000 0.005
0.516 0.992 0.000 0.005
0.532 0.008 0.000 0.005
0.532 0.024 0.000 0.005
0.532 0.040 0.000 0.005
0.532 0.056 0.000 0.005
0.532 0.071 0.000 0.005
0.532 0.087 0.000 0.005
0.532 0.103 0.000 0.005
0.532 0.119 0.000 0.005
0.532 0.135 0.000 0.005
0.532 0.151 0.000 0.005
0.532 0.167 0.000 0.005
0.532 0.183 0.000 0.005
0.532 0.198 0.000 0.005
0.532 0.214 0.000 0.005
0.532 0.230 0.000 0.005
0.532 0.246 0.000 0.005
0.532 0.262 0.000 0.005
0.532 0.278 0.000 0.005
0.532 0.294 0.000 0.005
0.532 0.310 0.000 0.005
0.532 0.325 0.000 0.005
0.532 0.341 0.000 0.005
0.532 0.357 0.000 0.005
0.532 0.373 0.000 0.005
0.532 0.389 0.000 0.005
0.532 0.405 0.000 0.005
0.532 0.421 0.000 0.005
0.532 0.437 0.000 0.005
0.532 0.452 0.000 0.005
0.532 0.468 0.000 0.005
0.532 0.484 0.000 0.005
0.532 0.500 0.000 0.005
0.532 0.516 0.000 0.005
0.532 0.532 0.000 0.005
0.532 0.548 0.000 0.005
0.532 0.563 0.000 0.005
0.532 0.579 0.000 0.005
0.532 0.595 0.000 0.005
0.532 0.611 0.000 0.005
0.532 0.627 0.000 0.005
0.532 0.643 0.000 0.005
0.532 0.659 0.000 0.005
0.532 0.675 0.000 0.005
0.532 0.690 0.000 0.005
0.532 0.706 0.000 0.005
0.532 0.722 0.000 0.005
0.532 0.738 0.000 0.005
0.532 0.754 0.000 0.005
0.532 0.770 0.000 0.005
0.532 0.786 0.000 0.005
0.532 0.802 0.000 0.005
0.532 0.817 0.000 0.005
0.532 0.833 0.000 0.005
0.532 0.849 0.000 0.005
0.532 0.865 0.000 0.005
0.532 0.881 0.000 0.005
0.532 0.897 0.000 0.005
0.532 0.913 0.000 0.005
0.532 0.929 0.000 0.005
0.532 0.944 0.000 0.005
0.532 0.960 0.000 0.005
0.532 0.976 0.000 0.005
0.532 0.992 0.000 0.005
0.548 0.008 0.000 0.005
0.548 0.024 0.000 0.005
0.548 0.040 0.000 0.005
0.548 0.056 0.000 0.005
0.548 0.071 0.000 0.005
0.548 0.087 0.000 0.005
0.548 0.103 0.000 0.005
0.548 0.119 0.000 0.005
0.548 0.135 0.000 0.005
0.548 0.151 0.000 0.005
0.548 0.167 0.000 0.005
0.548 0.183 0.000 0.005
0.548 0.198 0.000 0.005
0.548 0.214 0.000 0.005
0.548 0.230 0.000 0.005
0.548 0.246 0.000 0.005
0.548 0.262 0.000 0.005
0.548 0.278 0.000 0.005
0.548 0.294 0.000 0.005
0.548 0.310 0.000 0.005
0.548 0.325 0.000 0.005
0.548 0.341 0.000 0.005
0.548 0.357 0.000 0.005
0.548 0.373 0.000 0.005
0.548 0.389 0.000 0.005
0.548 0.405 0.000 0.005
0.548 0.421 0.000 0.005
0.548 0.437 0.000 0.005
0.548 0.452 0.000 0.005
0.548 0.468 0.000 0.005
0.548 0.484 0.000 0.005
0.548 0.500 0.000 0.005
0.548 0.516 0.000 0.005
0.548 0.532 0.000 0.005
0.548 0.548 0.000 0.005
0.548 0.563 0.000 0.005
0.548 0.579 0.000 0.005
0.548 0.595 0.000 0.005
0.548 0.611 0.000 0.005
0.548 0.627 0.000 0.005
0.548 0.643 0.000 0.005
0.548 0.659 0.000 0.005
0.548 0.675 0.000 0.005
0.548 0.690 0.000 0.005
0.548 0.706 0.000 0.005
0.548 0.722 0.000 0.005
0.548 0.738 0.000 0.005
0.548 0.754 0.000 0.005
0.548 0.770 0.000 0.005
0.548 0.786 0.000 0.005
0.548 0.802 0.000 0.005
0.548 0.817 0.000 0.005
0.548 0.833 0.000 0.005
0.548 0.849 0.000 0.005
0.548 0.865 0.000 0.005
0.548 0.881 0.000 0.005
0.548 0.897 0.000 0.005
0.548 0.913 0.000 0.005
0.548 0.929 0.000 0.005
0.548 0.944 0.000 0.005
0.548 0.960 0.000 0.005
0.548 0.976 0.000 0.005
0.548 0.992 0.000 0.005
0.563 0.008 0.000 0.005
0.563 0.024 0.000 0.005
0.563 0.040 0.000 0.005
0.563 0.056 0.000 0.005
0.563 0.071 0.000 0.005
0.563 0.087 0.000 0.005
0.563 0.103 0.000 0.005
0.563 0.119 0.000 0.005
0.563 0.135 0.000 0.005
0.563 0.151 0.000 0.005
0.563 0.167 0.000 0.005
0.563 0.183 0.000 0.005
0.563 0.198 0.000 0.005
0.563 0.214 0.000 0.005
0.563 0.230 0.000 0.005
0.563 0.246 0.000 0.005
0.563 0.262 0.000 0.005
0.563 0.278 0.000 0.005
0.563 0.294 0.000 0.005
0.563 0.310 0.000 0.005
0.563 0.325 0.000 0.005
0.563 0.341 0.000 0.005
0.563 0.357 0.000 0.005
0.563 0.373 0.000 0.005
0.563 0.389 0.000 0.005
0.563 0.405 0.000 0.005
0.563 0.421 0.000 0.005
0.563 0.437 0.000 0.005
0.563 0.452 0.000 0.005
0.563 0.468 0.000 0.005
0.563 0.484 0.000 0.005
0.563 0.500 0.000 0.005
0.563 0.516 0.000 0.005
0.563 0.532 0.000 0.005
0.563 0.548 0.000 0.005
0.563 0.563 0.000 0.005
0.563 0.579 0.000 0.005
0.563 0.595 0.000 0.005
0.563 0.611 0.000 0.005
0.563 0.627 0.000 0.005
0.563 0.643 0.000 0.005
0.563 0.659 0.000 0.005
0.563 0.675 0.000 0.005
0.563 0.690 0.000 0.005
0.563 0.706 0.000 0.005
0.563 0.722 0.000 0.005
0.563 0.738 0.000 0.005
0.563 0.754 0.000 0.005
0.563 0.770 0.000 0.005
0.563 0.786 0.000 0.005
0.563 0.802 0.000 0.005
0.563 0.817 0.000 0.005
0.563 0.833 0.000 0.005
0.563 0.849 0.000 0.005
0.563 0.865 0.000 0.005
0.563 0.881 0.000 0.005
0.563 0.897 0.000 0.005
0.563 0.913 0.000 0.005
0.563 0.929 0.000 0.005
0.563 0.944 0.000 0.005
0.563 0.960 0.000 0.005
0.563 0.976 0.000 0.005
0.563 0.992 0.000 0.005
0.579 0.008 0.000 0.005
0.579 0.024 0.000 0.005
0.579 0.040 0.000 0.005
0.579 0.056 0.000 0.005
0.579 0.071 0.000 0.005
0.579 0.087 0.000 0.005
0.579 0.103 0.000 0.005
0.579 0.119 0.000 0.005
0.579 0.135 0.000 0.005
0.579 0.151 0.000 0.005
0.579 0.167 0.000 0.005
0.579 0.183 0.000 0.005
0.579 0.198 0.000 0.005
0.579 0.214 0.000 0.005
0.579 0.230 0.000 0.005
0.579 0.246 0.000 0.005
0.579 0.262 0.000 0.005
0.579 0.278 0.000 0.005
0.579 0.294 0.000 0.005
0.579 0.310 0.000 0.005
0.579 0.325 0.000 0.005
0.579 0.341 0.000 0.005
0.579 0.357 0.000 0.005
0.579 0.373 0.000 0.005
0.579 0.389 0.000 0.005
0.579 0.405 0.000 0.005
0.579 0.421 0.000 0.005
0.579 0.437 0.000 0.005
0.579 0.452 0.000 0.005
0.579 0.468 0.000 0.005
0.579 0.484 0.000 0.005
0.579 0.500 0.000 0.005
0.579 0.516 0.000 0.005
0.579 0.532 0.000 0.005
0.579 0.548 0.000 0.005
0.579 0.563 0.000 0.005
0.579 0.579 0.000 0.005
0.579 0.595 0.000 0.005
0.579 0.611 0.000 0.005
0.579 0.627 0.000 0.005
0.579 0.643 0.000 0.005
0.579 0.659 0.000 0.005
0.579 0.675 0.000 0.005
0.579 0.690 0.000 0.005
0.579 0.706 0.000 0.005
0.579 0.722 0.000 0.005
0.579 0.738 0.000 0.005
0.579 0.754 0.000 0.005
0.579 0.770 0.000 0.005
0.579 0.786 0.000 0.005
0.579 0.802 0.000 0.005
0.579 0.817 0.000 0.005
0.579 0.833 0.000 0.005
0.579 0.849 0.000 0.005
0.579 0.865 0.000 0.005
0.579 0.881 0.000 0.005
0.579 0.897 0.000 0.005
0.579 0.913 0.000 0.005
0.579 0.929 0.000 0.005
0.579 0.944 0.000 0.005
0.579 0.960 0.000 0.005
0.579 0.976 0.000 0.005
0.579 0.992 0.000 0.005
0.595 0.008 0.000 0.005
0.595 0.024 0.000 0.005
0.595 0.040 0.000 0.005
0.595 0.056 0.000 0.005
0.595 0.071 0.000 0.005
0.595 0.087 0.000 0.005
0.595 0.103 0.000 0.005
0.595 0.119 0.000 0.005
0.595 0.135 0.000 0.005
0.595 0.151 0.000 0.005
0.595 0.167 0.000 0.005
0.595 0.183 0.000 0.005
0.595 0.198 0.000 0.005
0.595 0.214 0.000 0.005
0.595 0.230 0.000 0.005
0.595 0.246 0.000 0.005
0.595 0.262 0.000 0.005
0.595 0.278 0.000 0.005
0.595 0.294 0.000 0.005
0.595 0.310 0.000 0.005
0.595 0.325 0.000 0.005
0.595 0.341 0.000 0.005
0.595 0.357 0.000 0.005
0.595 0.373 0.000 0.005
0.595 0.389 0.000 0.005
0.595 0.405 0.000 0.005
0.595 0.421 0.000 0.005
0.595 0.437 0.000 0.005
0.595 0.452 0.000 0.005
0.595 0.468 0.000 0.005
0.595 0.484 0.000 0.005
0.595 0.500 0.000 0.005
0.595 0.516 0.000 0.005
0.595 0.532 0.000 0.005
0.595 0.548 0.000 0.005
0.595 0.563 0.000 0.005
0.595 0.579 0.000 0.005
0.595 0.595 0.000 0.005
0.595 0.611 0.000 0.005
0.595 0.627 0.000 0.005
0.595 0.643 0.000 0.005
0.595 0.659 0.000 0.005
0.595 0.675 0.000 0.005
0.595 0.690 0.000 0.005
0.595 0.706 0.000 0.005
0.595 0.722 0.000 0.005
0.595 0.738 0.000 0.005
0.595 0.754 0.000 0.005
0.595 0.770 0.000 0.005
0.595 0.786 0.000 0.005
0.595 0.802 0.000 0.005
0.595 0.817 0.000 0.005
0.595 0.833 0.000 0.005
0.595 0.849 0.000 0.005
0.595 0.865 0.000 0.005
0.595 0.881 0.000 0.005
0.595 0.897 0.000 0.005
0.595 0.913 0.000 0.005
0.595 0.929 0.000 0.005
0.595 0.944 0.000 0.005
0.595 0.960 0.000 0.005
0.595 0.976 0.000 0.005
0.595 0.992 0.000 0.005
0.611 0.008 0.000 0.005
0.611 0.024 0.000 0.005
0.611 0.040 0.000 0.005
0.611 0.056 0.000 0.005
0.611 0.071 0.000 0.005
0.611 0.087 0.000 0.005
0.611 0.103 0.000 0.005
0.611 0.119 0.000 0.005
0.611 0.135 0.000 0.005
0.611 0.151 0.000 0.005
0.611 0.167 0.000 0.005
0.611 0.183 0.000 0.005
0.611 0.198 0.000 0.005
0.611 0.214 0.000 0.005
0.611 0.230 0.000 0.005
0.611 0.246 0.000 0.005
0.611 0.262 0.000 0.005
0.611 0.278 0.000 0.005
0.611 0.294 0.000 0.005
0.611 0.310 0.000 0.005
0.611 0.325 0.000 0.005
0.611 0.341 0.000 0.005
0.611 0.357 0.000 0.005
0.611 0.373 0.000 0.005
0.611 0.389 0.000 0.005
0.611 0.405 0.000 0.005
0.611 0.421 0.000 0.005
0.611 0.437 0.000 0.005
0.611 0.452 0.000 0.005
0.611 0.468 0.000 0.005
0.611 0.484 0.000 0.005
0.611 0.500 0.000 0.005
0.611 0.516 0.000 0.005
0.611 0.532 0.000 0.005
0.611 0.548 0.000 0.005
0.611 0.563 0.000 0.005
0.611 0.579 0.000 0.005
0.611 0.595 0.000 0.005
0.611 0.611 0.000 0.005
0.611 0.627 0.000 0.005
0.611 0.643 0.000 0.005
0.611 0.659 0.000 0.005
0.611 0.675 0.000 0.005
0.611 0.690 0.000 0.005
0.611 0.706 0.000 0.005
0.611 0.722 0.000 0.005
0.611 0.738 0.000 0.005
0.611 0.754 0.000 0.005
0.611 0.770 0.000 0.005
0.611 0.786 0.000 0.005
0.611 0.802 0.000 0.005
0.611 0.817 0.000 0.005
0.611 0.833 0.000 0.005
0.611 0.849 0.000 0.005
0.611 0.865 0.000 0.005
0.611 0.881 0.000 0.005
0.611 0.897 0.000 0.005
0.611 0.913 0.000 0.005
0.611 0.929 0.000 0.005
0.611 0.944 0.000 0.005
0.611 0.960 0.000 0.005
0.611 0.976 0.000 0.005
0.611 0.992 0.000 0.005
0.627 0.008 0.000 0.005
0.627 0.024 0.000 0.005
0.627 0.040 0.000 0.005
0.627 0.056 0.000 0.005
0.627 0.071 0.000 0.005
0.627 0.087 0.000 0.005
0.627 0.103 0.000 0.005
0.627 0.119 0.000 0.005
0.627 0.135 0.000 0.005
0.627 0.151 0.000 0.005
0.627 0.167 0.000 0.005
0.627 0.183 0.000 0.005
0.627 0.198 0.000 0.005
0.627 0.214 0.000 0.005
0.627 0.230 0.000 0.005
0.627 0.246 0.000 0.005
0.627 0.262 0.000 0.005
0.627 0.278 0.000 0.005
0.627 0.294 0.000 0.005
0.627 0.310 0.000 0.005
0.627 0.325 0.000 0.005
0.627 0.341 0.000 0.005
0.627 0.357 0.000 0.005
0.627 0.373 0.000 0.005
0.627 0.389 0.000 0.005
0.627 0.405 0.000 0.005
0.627 0.421 0.000 0.005
0.627 0.437 0.000 0.005
0.627 0.452 0.000 0.005
0.627 0.468 0.000 0.005
0.627 0.484 0.000 0.005
0.627 0.500 0.000 0.005
0.627 0.516 0.000 0.005
0.627 0.532 0.000 0.005
0.627 0.548 0.000 0.005
0.627 0.563 0.000 0.005
0.627 0.579 0.000 0.005
0.627 0.595 0.000 0.005
0.627 0.611 0.000 0.005
0.627 0.627 0.000 0.005
0.627 0.643 0.000 0.005
0.627 0.659 0.000 0.005
0.627 0.675 0.000 0.005
0.627 0.690 0.000 0.005
0.627 0.706 0.000 0.005
0.627 0.722 0.000 0.005
0.627 0.738 0.000 0.005
0.627 0.754 0.000 0.005
0.627 0.770 0.000 0.005
0.627 0.786 0.000 0.005
0.627 0.802 0.000 0.005
0.627 0.817 0.000 0.005
0.627 0.833 0.000 0.005
0.627 0.849 0.000 0.005
0.627 0.865 0.000 0.005
0.627 0.881 0.000 0.005
0.627 0.897 0.000 0.005
0.627 0.913 0.000 0.005
0.627 0.929 0.000 0.005
0.627 0.944 0.000 0.005
0.627 0.960 0.000 0.005
0.627 0.976 0.000 0.005
0.627 0.992 0.000 0.005
0.643 0.008 0.000 0.005
0.643 0.024 0.000 0.005
0.643 0.040 0.000 0.005
0.643 0.056 0.000 0.005
0.643 0.071 0.000 0.005
0.643 0.087 0.000 0.005
0.643 0.103 0.000 0.005
0.643 0.119 0.000 0.005
0.643 0.135 0.000 0.005
0.643 0.151 0.000 0.005
0.643 0.167 0.000 0.005
0.643 0.183 0.000 0.005
0.643 0.198 0.000 0.005
0.643 0.214 0.000 0.005
0.643 0.230 0.000 0.005
0.643 0.246 0.000 0.005
0.643 0.262 0.000 0.005
0.643 0.278 0.000 0.005
0.643 0.294 0.000 0.005
0.643 0.310 0.000 0.005
0.643 0.325 0.000 0.005
0.643 0.341 0.000 0.005
0.643 0.357 0.000 0.005
0.643 0.373 0.000 0.005
0.643 0.389 0.000 0.005
0.643 0.405 0.000 0.005
0.643 0.421 0.000 0.005
0.643 0.437 0.000 0.005
0.643 0.452 0.000 0.005
0.643 0.468 0.000 0.005
0.643 0.484 0.000 0.005
0.643 0.500 0.000 0.005
0.643 0.516 0.000 0.005
0.643 0.532 0.000 0.005
0.643 0.548 0.000 0.005
0.643 0.563 0.000 0.005
0.643 0.579 0.000 0.005
0.643 0.595 0.000 0.005
0.643 0.611 0.000 0.005
0.643 0.627 0.000 0.005
0.643 0.643 0.000 0.005
0.643 0.659 0.000 0.005
0.643 0.675 0.000 0.005
0.643 0.690 0.000 0.005
0.643 0.706 0.000 0.005
0.643 0.722 0.000 0.005
0.643 0.738 0.000 0.005
0.643 0.754 0.000 0.005
0.643 0.770 0.000 0.005
0.643 0.786 0.000 0.005
0.643 0.802 0.000 0.005
0.643 0.817 0.000 0.005
0.643 0.833 0.000 0.005
0.643 0.849 0.000 0.005
0.643 0.865 0.000 0.005
0.643 0.881 0.000 0.005
0.643 0.897 0.000 0.005
0.643 0.913 0.000 0.005
0.643 0.929 0.000 0.005
0.643 0.944 0.000 0.005
0.643 0.960 0.000 0.005
0.643 0.976 0.000 0.005
0.643 0.992 0.000 0.005
0.659 0.008 0.000 0.005
0.659 0.024 0.000 0.005
0.659 0.040 0.000 0.005
0.659 0.056 0.000 0.005
0.659 0.071 0.000 0.005
0.659 0.087 0.000 0.005
0.659 0.103 0.000 0.005
0.659 0.119 0.000 0.005
0.659 0.135 0.000 0.005
0.659 0.151 0.000 0.005
0.659 0.167 0.000 0.005
0.659 0.183 0.000 0.005
0.659 0.198 0.000 0.005
0.659 0.214 0.000 0.005
0.659 0.230 0.000 0.005
0.659 0.246 0.000 0.005
0.659 0.262 0.000 0.005
0.659 0.278 0.000 0.005
0.659 0.294 0.000 0.005
0.659 0.310 0.000 0.005
0.659 0.325 0.000 0.005
0.659 0.341 0.000 0.005
0.659 0.357 0.000 0.005
0.659 0.373 0.000 0.005
0.659 0.389 0.000 0.005
0.659 0.405 0.000 0.005
0.659 0.421 0.000 0.005
0.659 0.437 0.000 0.005
0.659 0.452 0.000 0.005
0.659 0.468 0.000 0.005
0.659 0.484 0.000 0.005
0.659 0.500 0.000 0.005
0.659 0.516 0.000 0.005
0.659 0.532 0.000 0.005
0.659 0.548 0.000 0.005
0.659 0.563 0.000 0.005
0.659 0.579 0.000 0.005
0.659 0.595 0.000 0.005
0.659 0.611 0.000 0.005
0.659 0.627 0.000 0.005
0.659 0.643 0.000 0.005
0.659 0.659 0.000 0.005
0.659 0.675 0.000 0.005
0.659 0.690 0.000 0.005
0.659 0.706 0.000 0.005
0.659 0.722 0.000 0.005
0.659 0.738 0.000 0.005
0.659 0.754 0.000 0.005
0.659 0.770 0.000 0.005
0.659 0.786 0.000 0.005
0.659 0.802 0.000 0.005
0.659 0.817 0.000 0.005
0.659 0.833 0.000 0.005
0.659 0.849 0.000 0.005
0.659 0.865 0.000 0.005
0.659 0.881 0.000 0.005
0.659 0.897 0.000 0.005
0.659 0.913 0.000 0.005
0.659 0.929 0.000 0.005
0.659 0.944 0.000 0.005
0.659 0.960 0.000 0.005
0.659 0.976 0.000 0.005
0.659 0.992 0.000 0.005
0.675 0.008 0.000 0.005
0.675 0.024 0.000 0.005
0.675 0.040 0.000 0.005
0.675 0.056 0.000 0.005
0.675 0.071 0.000 0.005
0.675 0.087 0.000 0.005
0.675 0.103 0.000 0.005
0.675 0.119 0.000 0.005
0.675 0.135 0.000 0.005
0.675 0.151 0.000 0.005
0.675 0.167 0.000 0.005
0.675 0.183 0.000 0.005
0.675 0.198 0.000 0.005
0.675 0.214 0.000 0.005
0.675 0.230 0.000 0.005
0.675 0.246 0.000 0.005
0.675 0.262 0.000 0.005
0.675 0.278 0.000 0.005
0.675 0.294 0.000 0.005
0.675 0.310 0.000 0.005
0.675 0.325 0.000 0.005
0.675 0.341 0.000 0.005
0.675 0.357 0.000 0.005
0.675 0.373 0.000 0.005
0.675 0.389 0.000 0.005
0.675 0.405 0.000 0.005
0.675 0.421 0.000 0.005
0.675 0.437 0.000 0.005
0.675 0.452 0.000 0.005
0.675 0.468 0.000 0.005
0.675 0.484 0.000 0.005
0.675 0.500 0.000 0.005
0.675 0.516 0.000 0.005
0.675 0.532 0.000 0.005
0.675 0.548 0.000 0.005
0.675 0.563 0.000 0.005
0.675 0.579 0.000 0.005
0.675 0.595 0.000 0.005
0.675 0.611 0.000 0.005
0.675 0.627 0.000 0.005
0.675 0.643 0.000 0.005
0.675 0.659 0.000 0.005
0.675 0.675 0.000 0.005
0.675 0.690 0.000 0.005
0.675 0.706 0.000 0.005
0.675 0.722 0.000 0.005
0.675 0.738 0.000 0.005
0.675 0.754 0.000 0.005
0.675 0.770 0.000 0.005
0.675 0.786 0.000 0.005
0.675 0.802 0.000 0.005
0.675 0.817 0.000 0.005
0.675 0.833 0.000 0.005
0.675 0.849 0.000 0.005
0.675 0.865 0.000 0.005
0.675 0.881 0.000 0.005
0.675 0.897 0.000 0.005
0.675 0.913 0.000 0.005
0.675 0.929 0.000 0.005
0.675 0.944 0.000 0.005
0.675 0.960 0.000 0.005
0.675 0.976 0.000 0.005
0.675 0.992 0.000 0.005
0.690 0.008 0.000 0.005
0.690 0.024 0.000 0.005
0.690 0.040 0.000 0.005
0.690 0.056 0.000 0.005
0.690 0.071 0.000 0.005
0.690 0.087 0.000 0.005
0.690 0.103 0.000 0.005
0.690 0.119 0.000 0.005
0.690 0.135 0.000 0.005
0.690 0.151 0.000 0.005
0.690 0.167 0.000 0.005
0.690 0.183 0.000 0.005
0.690 0.198 0.000 0.005
0.690 0.214 0.000 0.005
0.690 0.230 0.000 0.005
0.690 0.246 0.000 0.005
0.690 0.262 0.000 0.005
0.690 0.278 0.000 0.005
0.690 0.294 0.000 0.005
0.690 0.310 0.000 0.005
0.690 0.325 0.000 0.005
0.690 0.341 0.000 0.005
0.690 0.357 0.000 0.005
0.690 0.373 0.000 0.005
0.690 0.389 0.000 0.005
0.690 0.405 0.000 0.005
0.690 0.421 0.000 0.005
0.690 0.437 0.000 0.005
0.690 0.452 0.000 0.005
0.690 0.468 0.000 0.005
0.690 0.484 0.000 0.005
0.690 0.500 0.000 0.005
0.690 0.516 0.000 0.005
0.690 0.532 0.000 0.005
0.690 0.548 0.000 0.005
0.690 0.563 0.000 0.005
0.690 0.579 0.000 0.005
0.690 0.595 0.000 0.005
0.690 0.611 0.000 0.005
0.690 0.627 0.000 0.005
0.690 0.643 0.000 0.005
0.690 0.659 0.000 0.005
0.690 0.675 0.000 0.005
0.690 0.690 0.000 0.005
0.690 0.706 0.000 0.005
0.690 0.722 0.000 0.005
0.690 0.738 0.000 0.005
0.690 0.754 0.000 0.005
0.690 0.770 0.000 0.005
0.690 0.786 0.000 0.005
0.690 0.802 0.000 0.005
0.690 0.817 0.000 0.005
0.690 0.833 0.000 0.005
0.690 0.849 0.000 0.005
0.690 0.865 0.000 0.005
0.690 0.881 0.000 0.005
0.690 0.897 0.000 0.005
0.690 0.913 0.000 0.005
0.690 0.929 0.000 0.005
0.690 0.944 0.000 0.005
0.690 0.960 0.000 0.005
0.690 0.976 0.000 0.005
0.690 0.992 0.000 0.005
0.706 0.008 0.000 0.005
0.706 0.024 0.000 0.005
0.706 0.040 0.000 0.005
0.706 0.056 0.000 0.005
0.706 0.071 0.000 0.005
0.706 0.087 0.000 0.005
0.706 0.103 0.000 0.005
0.706 0.119 0.000 0.005
0.706 0.135 0.000 0.005
0.706 0.151 0.000 0.005
0.706 0.167 0.000 0.005
0.706 0.183 0.000 0.005
0.706 0.198 0.000 0.005
0.706 0.214 0.000 0.005
0.706 0.230 0.000 0.005
0.706 0.246 0.000 0.005
0.706 0.262 0.000 0.005
0.706 0.278 0.000 0.005
0.706 0.294 0.000 0.005
0.706 0.310 0.000 0.005
0.706 0.325 0.000 0.005
0.706 0.341 0.000 0.005
0.706 0.357 0.000 0.005
0.706 0.373 0.000 0.005
0.706 0.389 0.000 0.005
0.706 0.405 0.000 0.005
0.706 0.421 0.000 0.005
0.706 0.437 0.000 0.005
0.706 0.452 0.000 0.005
0.706 0.468 0.000 0.005
0.706 0.484 0.000 0.005
0.706 0.500 0.000 0.005
0.706 0.516 0.000 0.005
0.706 0.532 0.000 0.005
0.706 0.548 0.000 0.005
0.706 0.563 0.000 0.005
0.706 0.579 0.000 0.005
0.706 0.595 0.000 0.005
0.706 0.611 0.000 0.005
0.706 0.627 0.000 0.005
0.706 0.643 0.000 0.005
0.706 0.659 0.000 0.005
0.706 0.675 0.000 0.005
0.706 0.690 0.000 0.005
0.706 0.706 0.000 0.005
0.706 0.722 0.000 0.005
0.706 0.738 0.000 0.005
0.706 0.754 0.000 0.005
0.706 0.770 0.000 0.005
0.706 0.786 0.000 0.005
0.706 0.802 0.000 0.005
0.706 0.817 0.000 0.005
0.706 0.833 0.000 0.005
0.706 0.849 0.000 0.005
0.706 0.865 0.000 0.005
0.706 0.881 0.000 0.005
0.706 0.897 0.000 0.005
0.706 0.913 0.000 0.005
0.706 0.929 0.000 0.005
0.706 0.944 0.000 0.005
0.706 0.960 0.000 0.005
0.706 0.976 0.000 0.005
0.706 0.992 0.000 0.005
0.722 0.008 0.000 0.005
0.722 0.024 0.000 0.005
0.722 0.040 0.000 0.005
0.722 0.056 0.000 0.005
0.722 0.071 0.000 0.005
0.722 0.087 0.000 0.005
0.722 0.103 0.000 0.005
0.722 0.119 0.000 0.005
0.722 0.135 0.000 0.005
0.722 0.151 0.000 0.005
0.722 0.167 0.000 0.005
0.722 0.183 0.000 0.005
0.722 0.198 0.000 0.005
0.722 0.214 0.000 0.005
0.722 0.230 0.000 0.005
0.722 0.246 0.000 0.005
0.722 0.262 0.000 0.005
0.722 0.278 0.000 0.005
0.722 0.294 0.000 0.005
0.722 0.310 0.000 0.005
0.722 0.325 0.000 0.005
0.722 0.341 0.000 0.005
0.722 0.357 0.000 0.005
0.722 0.373 0.000 0.005
0.722 0.389 0.000 0.005
0.722 0.405 0.000 0.005
0.722 0.421 0.000 0.005
0.722 0.437 0.000 0.005
0.722 0.452 0.000 0.005
0.722 0.468 0.000 0.005
0.722 0.484 0.000 0.005
0.722 0.500 0.000 0.005
0.722 0.516 0.000 0.005
0.722 0.532 0.000 0.005
0.722 0.548 0.000 0.005
0.722 0.563 0.000 0.005
0.722 0.579 0.000 0.005
0.722 0.595 0.000 0.005
0.722 0.611 0.000 0.005
0.722 0.627 0.000 0.005
0.722 0.643 0.000 0.005
0.722 0.659 0.000 0.005
0.722 0.675 0.000 0.005
0.722 0.690 0.000 0.005
0.722 0.706 0.000 0.005
0.722 0.722 0.000 0.005
0.722 0.738 0.000 0.005
0.722 0.754 0.000 0.005
0.722 0.770 0.000 0.005
0.722 0.786 0.000 0.005
0.722 0.802 0.000 0.005
0.722 0.817 0.000 0.005
0.722 0.833 0.000 0.005
0.722 0.849 0.000 0.005
0.722 0.865 0.000 0.005
0.722 0.881 0.000 0.005
0.722 0.897 0.000 0.005
0.722 0.913 0.000 0.005
0.722 0.929 0.000 0.005
0.722 0.944 0.000 0.005
0.722 0.960 0.000 0.005
0.722 0.976 0.000 0.005
0.722 0.992 0.000 0.005
0.738 0.008 0.000 0.005
0.738 0.024 0.000 0.005
0.738 0.040 0.000 0.005
0.738 0.056 0.000 0.005
0.738 0.071 0.000 0.005
0.738 0.087 0.000 0.005
0.738 0.103 0.000 0.005
0.738 0.119 0.000 0.005
0.738 0.135 0.000 0.005
0.738 0.151 0.000 0.005
0.738 0.167 0.000 0.005
0.738 0.183 0.000 0.005
0.738 0.198 0.000 0.005
0.738 0.214 0.000 0.005
0.738 0.230 0.000 0.005
0.738 0.246 0.000 0.005
0.738 0.262 0.000 0.005
0.738 0.278 0.000 0.005
0.738 0.294 0.000 0.005
0.738 0.310 0.000 0.005
0.738 0.325 0.000 0.005
0.738 0.341 0.000 0.005
0.738 0.357 0.000 0.005
0.738 0.373 0.000 0.005
0.738 0.389 0.000 0.005
0.738 0.405 0.000 0.005
0.738 0.421 0.000 0.005
0.738 0.437 0.000 0.005
0.738 0.452 0.000 0.005
0.738 0.468 0.000 0.005
0.738 0.484 0.000 0.005
0.738 0.500 0.000 0.005
0.738 0.516 0.000 0.005
0.738 0.532 0.000 0.005
0.738 0.548 0.000 0.005
0.738 0.563 0.000 0.005
0.738 0.579 0.000 0.005
0.738 0.595 0.000 0.005
0.738 0.611 0.000 0.005
0.738 0.627 0.000 0.005
0.738 0.643 0.000 0.005
0.738 0.659 0.000 0.005
0.738 0.675 0.000 0.005
0.738 0.690 0.000 0.005
0.738 0.706 0.000 0.005
0.738 0.722 0.000 0.005
0.738 0.738 0.000 0.005
0.738 0.754 0.000 0.005
0.738 0.770 0.000 0.005
0.738 0.786 0.000 0.005
0.738 0.802 0.000 0.005
0.738 0.817 0.000 0.005
0.738 0.833 0.000 0.005
0.738 0.849 0.000 0.005
0.738 0.865 0.000 0.005
0.738 0.881 0.000 0.005
0.738 0.897 0.000 0.005
0.738 0.913 0.000 0.005
0.738 0.929 0.000 0.005
0.738 0.944 0.000 0.005
0.738 0.960 0.000 0.005
0.738 0.976 0.000 0.005
0.738 0.992 0.000 0.005
0.754 0.008 0.000 0.005
0.754 0.024 0.000 0.005
0.754 0.040 0.000 0.005
0.754 0.056 0.000 0.005
0.754 0.071 0.000 0.005
0.754 0.087 0.000 0.005
0.754 0.103 0.000 0.005
0.754 0.119 0.000 0.005
0.754 0.135 0.000 0.005
0.754 0.151 0.000 0.005
0.754 0.167 0.000 0.005
0.754 0.183 0.000 0.005
0.754 0.198 0.000 0.005
0.754 0.214 0.000 0.005
0.754 0.230 0.000 0.005
0.754 0.246 0.000 0.005
0.754 0.262 0.000 0.005
0.754 0.278 0.000 0.005
0.754 0.294 0.000 0.005
0.754 0.310 0.000 0.005
0.754 0.325 0.000 0.005
0.754 0.341 0.000 0.005
0.754 0.357 0.000 0.005
0.754 0.373 0.000 0.005
0.754 0.389 0.000 0.005
0.754 0.405 0.000 0.005
0.754 0.421 0.000 0.005
0.754 0.437 0.000 0.005
0.754 0.452 0.000 0.005
0.754 0.468 0.000 0.005
0.754 0.484 0.000 0.005
0.754 0.500 0.000 0.005
0.754 0.516 0.000 0.005
0.754 0.532 0.000 0.005
0.754 0.548 0.000 0.005
0.754 0.563 0.000 0.005
0.754 0.579 0.000 0.005
0.754 0.595 0.000 0.005
0.754 0.611 0.000 0.005
0.754 0.627 0.000 0.005
0.754 0.643 0.000 0.005
0.754 0.659 0.000 0.005
0.754 0.675 0.000 0.005
0.754 0.690 0.000 0.005
0.754 0.706 0.000 0.005
0.754 0.722 0.000 0.005
0.754 0.738 0.000 0.005
0.754 0.754 0.000 0.005
0.754 0.770 0.000 0.005
0.754 0.786 0.000 0.005
0.754 0.802 0.000 0.005
0.754 0.817 0.000 0.005
0.754 0.833 0.000 0.005
0.754 0.849 0.000 0.005
0.754 0.865 0.000 0.005
0.754 0.881 0.000 0.005
0.754 0.897 0.000 0.005
0.754 0.913 0.000 0.005
0.754 0.929 0.000 0.005
0.754 0.944 0.000 0.005
0.754 0.960 0.000 0.005
0.754 0.976 0.000 0.005
0.754 0.992 0.000 0.005
0.770 0.008 0.000 0.005
0.770 0.024 0.000 0.005
0.770 0.040 0.000 0.005
0.770 0.056 0.000 0.005
0.770 0.071 0.000 0.005
0.770 0.087 0.000 0.005
0.770 0.103 0.000 0.005
0.770 0.119 0.000 0.005
0.770 0.135 0.000 0.005
0.770 0.151 0.000 0.005
0.770 0.167 0.000 0.005
0.770 0.183 0.000 0.005
0.770 0.198 0.000 0.005
0.770 0.214 0.000 0.005
0.770 0.230 0.000 0.005
0.770 0.246 0.000 0.005
0.770 0.262 0.000 0.005
0.770 0.278 0.000 0.005
0.770 0.294 0.000 0.005
0.770 0.310 0.000 0.005
0.770 0.325 0.000 0.005
0.770 0.341 0.000 0.005
0.770 0.357 0.000 0.005
0.770 0.373 0.000 0.005
0.770 0.389 0.000 0.005
0.770 0.405 0.000 0.005
0.770 0.421 0.000 0.005
0.770 0.437 0.000 0.005
0.770 0.452 0.000 0.005
0.770 0.468 0.000 0.005
0.770 0.484 0.000 0.005
0.770 0.500 0.000 0.005
0.770 0.516 0.000 0.005
0.770 0.532 0.000 0.005
0.770 0.548 0.000 0.005
0.770 0.563 0.000 0.005
0.770 0.579 0.000 0.005
0.770 0.595 0.000 0.005
0.770 0.611 0.000 0.005
0.770 0.627 0.000 0.005
0.770 0.643 0.000 0.005
0.770 0.659 0.000 0.005
0.770 0.675 0.000 0.005
0.770 0.690 0.000 0.005
0.770 0.706 0.000 0.005
0.770 0.722 0.000 0.005
0.770 0.738 0.000 0.005
0.770 0.754 0.000 0.005
0.770 0.770 0.000 0.005
0.770 0.786 0.000 0.005
0.770 0.802 0.000 0.005
0.770 0.817 0.000 0.005
0.770 0.833 0.000 0.005
0.770 0.849 0.000 0.005
0.770 0.865 0.000 0.005
0.770 0.881 0.000 0.005
0.770 0.897 0.000 0.005
0.770 0.913 0.000 0.005
0.770 0.929 0.000 0.005
0.770 0.944 0.000 0.005
0.770 0.960 0.000 0.005
0.770 0.976 0.000 0.005
0.770 0.992 0.000 0.005
0.786 0.008 0.000 0.005
0.786 0.024 0.000 0.005
0.786 0.040 0.000 0.005
0.786 0.056 0.000 0.005
0.786 0.071 0.000 0.005
0.786 0.087 0.000 0.005
0.786 0.103 0.000 0.005
0.786 0.119 0.000 0.005
0.786 0.135 0.000 0.005
0.786 0.151 0.000 0.005
0.786 0.167 0.000 0.005
0.786 0.183 0.000 0.005
0.786 0.198 0.000 0.005
0.786 0.214 0.000 0.005
0.786 0.230 0.000 0.005
0.786 0.246 0.000 0.005
0.786 0.262 0.000 0.005
0.786 0.278 0.000 0.005
0.786 0.294 0.000 0.005
0.786 0.310 0.000 0.005
0.786 0.325 0.000 0.005
0.786 0.341 0.000 0.005
0.786 0.357 0.000 0.005
0.786 0.373 0.000 0.005
0.786 0.389 0.000 0.005
0.786 0.405 0.000 0.005
0.786 0.421 0.000 0.005
0.786 0.437 0.000 0.005
0.786 0.452 0.000 0.005
0.786 0.468 0.000 0.005
0.786 0.484 0.000 0.005
0.786 0.500 0.000 0.005
0.786 0.516 0.000 0.005
0.786 0.532 0.000 0.005
0.786 0.548 0.000 0.005
0.786 0.563 0.000 0.005
0.786 0.579 0.000 0.005
0.786 0.595 0.000 0.005
0.786 0.611 0.000 0.005
0.786 0.627 0.000 0.005
0.786 0.643 0.000 0.005
0.786 0.659 0.000 0.005
0.786 0.675 0.000 0.005
0.786 0.690 0.000 0.005
0.786 0.706 0.000 0.005
0.786 0.722 0.000 0.005
0.786 0.738 0.000 0.005
0.786 0.754 0.000 0.005
0.786 0.770 0.000 0.005
0.786 0.786 0.000 0.005
0.786 0.802 0.000 0.005
0.786 0.817 0.000 0.005
0.786 0.833 0.000 0.005
0.786 0.849 0.000 0.005
0.786 0.865 0.000 0.005
0.786 0.881 0.000 0.005
0.786 0.897 0.000 0.005
0.786 0.913 0.000 0.005
0.786 0.929 0.000 0.005
0.786 0.944 0.000 0.005
0.786 0.960 0.000 0.005
0.786 0.976 0.000 0.005
0.786 0.992 0.000 0.005
0.802 0.008 0.000 0.005
0.802 0.024 0.000 0.005
0.802 0.040 0.000 0.005
0.802 0.056 0.000 0.005
0.802 0.071 0.000 0.005
0.802 0.087 0.000 0.005
0.802 0.103 0.000 0.005
0.802 0.119 0.000 0.005
0.802 0.135 0.000 0.005
0.802 0.151 0.000 0.005
0.802 0.167 0.000 0.005
0.802 0.183 0.000 0.005
0.802 0.198 0.000 0.005
0.802 0.214 0.000 0.005
0.802 0.230 0.000 0.005
0.802 0.246 0.000 0.005
0.802 0.262 0.000 0.005
0.802 0.278 0.000 0.005
0.802 0.294 0.000 0.005
0.802 0.310 0.000 0.005
0.802 0.325 0.000 0.005
0.802 0.341 0.000 0.005
0.802 0.357 0.000 0.005
0.802 0.373 0.000 0.005
0.802 0.389 0.000 0.005
0.802 0.405 0.000 0.005
0.802 0.421 0.000 0.005
0.802 0.437 0.000 0.005
0.802 0.452 0.000 0.005
0.802 0.468 0.000 0.005
0.802 0.484 0.000 0.005
0.802 0.500 0.000 0.005
0.802 0.516 0.000 0.005
0.802 0.532 0.000 0.005
0.802 0.548 0.000 0.005
0.802 0.563 0.000 0.005
0.802 0.579 0.000 0.005
0.802 0.595 0.000 0.005
0.802 0.611 0.000 0.005
0.802 0.627 0.000 0.005
0.802 0.643 0.000 0.005
0.802 0.659 0.000 0.005
0.802 0.675 0.000 0.005
0.802 0.690 0.000 0.005
0.802 0.706 0.000 0.005
0.802 0.722 0.000 0.005
0.802 0.738 0.000 0.005
0.802 0.754 0.000 0.005
0.802 0.770 0.000 0.005
0.802 0.786 0.000 0.005
0.802 0.802 0.000 0.005
0.802 0.817 0.000 0.005
0.802 0.833 0.000 0.005
0.802 0.849 0.000 0.005
0.802 0.865 0.000 0.005
0.802 0.881 0.000 0.005
0.802 0.897 0.000 0.005
0.802 0.913 0.000 0.005
0.802 0.929 0.000 0.005
0.802 0.944 0.000 0.005
0.802 0.960 0.000 0.005
0.802 0.976 0.000 0.005
0.802 0.992 0.000 0.005
0.817 0.008 0.000 0.005
0.817 0.024 0.000 0.005
0.817 0.040 0.000 0.005
0.817 0.056 0.000 0.005
0.817 0.071 0.000 0.005
0.817 0.087 0.000 0.005
0.817 0.103 0.000 0.005
0.817 0.119 0.000 0.005
0.817 0.135 0.000 0.005
0.817 0.151 0.000 0.005
0.817 0.167 0.000 0.005
0.817 0.183 0.000 0.005
0.817 0.198 0.000 0.005
0.817 0.214 0.000 0.005
0.817 0.230 0.000 0.005
0.817 0.246 0.000 0.005
0.817 0.262 0.000 0.005
0.817 0.278 0.000 0.005
0.817 0.294 0.000 0.005
0.817 0.310 0.000 0.005
0.817 0.325 0.000 0.005
0.817 0.341 0.000 0.005
0.817 0.357 0.000 0.005
0.817 0.373 0.000 0.005
0.817 0.389 0.000 0.005
0.817 0.405 0.000 0.005
0.817 0.421 0.000 0.005
0.817 0.437 0.000 0.005
0.817 0.452 0.000 0.005
0.817 0.468 0.000 0.005
0.817 0.484 0.000 0.005
0.817 0.500 0.000 0.005
0.817 0.516 0.000 0.005
0.817 0.532 0.000 0.005
0.817 0.548 0.000 0.005
0.817 0.563 0.000 0.005
0.817 0.579 0.000 0.005
0.817 0.595 0.000 0.005
0.817 0.611 0.000 0.005
0.817 0.627 0.000 0.005
0.817 0.643 0.000 0.005
0.817 0.659 0.000 0.005
0.817 0.675 0.000 0.005
0.817 0.690 0.000 0.005
0.817 0.706 0.000 0.005
0.817 0.722 0.000 0.005
0.817 0.738 0.000 0.005
0.817 0.754 0.000 0.005
0.817 0.770 0.000 0.005
0.817 0.786 0.000 0.005
0.817 0.802 0.000 0.005
0.817 0.817 0.000 0.005
0.817 0.833 0.000 0.005
0.817 0.849 0.000 0.005
0.817 0.865 0.000 0.005
0.817 0.881 0.000 0.005
0.817 0.897 0.000 0.005
0.817 0.913 0.000 0.005
0.817 0.929 0.000 0.005
0.817 0.944 0.000 0.005
0.817 0.960 0.000 0.005
0.817 0.976 0.000 0.005
0.817 0.992 0.000 0.005
0.833 0.008 0.000 0.005
0.833 0.024 0.000 0.005
0.833 0.040 0.000 0.005
0.833 0.056 0.000 0.005
0.833 0.071 0.000 0.005
0.833 0.087 0.000 0.005
0.833 0.103 0.000 0.005
0.833 0.119 0.000 0.005
0.833 0.135 0.000 0.005
0.833 0.151 0.000 0.005
0.833 0.167 0.000 0.005
0.833 0.183 0.000 0.005
0.833 0.198 0.000 0.005
0.833 0.214 0.000 0.005
0.833 0.230 0.000 0.005
0.833 0.246 0.000 0.005
0.833 0.262 0.000 0.005
0.833 0.278 0.000 0.005
0.833 0.294 0.000 0.005
0.833 0.310 0.000 0.005
0.833 0.325 0.000 0.005
0.833 0.341 0.000 0.005
0.833 0.357 0.000 0.005
0.833 0.373 0.000 0.005
0.833 0.389 0.000 0.005
0.833 0.405 0.000 0.005
0.833 0.421 0.000 0.005
0.833 0.437 0.000 0.005
0.833 0.452 0.000 0.005
0.833 0.468 0.000 0.005
0.833 0.484 0.000 0.005
0.833 0.500 0.000 0.005
0.833 0.516 0.000 0.005
0.833 0.532 0.000 0.005
0.833 0.548 0.000 0.005
0.833 0.563 0.000 0.005
0.833 0.579 0.000 0.005
0.833 0.595 0.000 0.005
0.833 0.611 0.000 0.005
0.833 0.627 0.000 0.005
0.833 0.643 0.000 0.005
0.833 0.659 0.000 0.005
0.833 0.675 0.000 0.005
0.833 0.690 0.000 0.005
0.833 0.706 0.000 0.005
0.833 0.722 0.000 0.005
0.833 0.738 0.000 0.005
0.833 0.754 0.000 0.005
0.833 0.770 0.000 0.005
0.833 0.786 0.000 0.005
0.833 0.802 0.000 0.005
0.833 0.817 0.000 0.005
0.833 0.833 0.000 0.005
0.833 0.849 0.000 0.005
0.833 0.865 0.000 0.005
0.833 0.881 0.000 0.005
0.833 0.897 0.000 0.005
0.833 0.913 0.000 0.005
0.833 0.929 0.000 0.005
0.833 0.944 0.000 0.005
0.833 0.960 0.000 0.005
0.833 0.976 0.000 0.005
0.833 0.992 0.000 0.005
0.849 0.008 0.000 0.005
0.849 0.024 0.000 0.005
0.849 0.040 0.000 0.005
0.849 0.056 0.000 0.005
0.849 0.071 0.000 0.005
0.849 0.087 0.000 0.005
0.849 0.103 0.000 0.005
0.849 0.119 0.000 0.005
0.849 0.135 0.000 0.005
0.849 0.151 0.000 0.005
0.849 0.167 0.000 0.005
0.849 0.183 0.000 0.005
0.849 0.198 0.000 0.005
0.849 0.214 0.000 0.005
0.849 0.230 0.000 0.005
0.849 0.246 0.000 0.005
0.849 0.262 0.000 0.005
0.849 0.278 0.000 0.005
0.849 0.294 0.000 0.005
0.849 0.310 0.000 0.005
0.849 0.325 0.000 0.005
0.849 0.341 0.000 0.005
0.849 0.357 0.000 0.005
0.849 0.373 0.000 0.005
0.849 0.389 0.000 0.005
0.849 0.405 0.000 0.005
0.849 0.421 0.000 0.005
0.849 0.437 0.000 0.005
0.849 0.452 0.000 0.005
0.849 0.468 0.000 0.005
0.849 0.484 0.000 0.005
0.849 0.500 0.000 0.005
0.849 0.516 0.000 0.005
0.849 0.532 0.000 0.005
0.849 0.548 0.000 0.005
0.849 0.563 0.000 0.005
0.849 0.579 0.000 0.005
0.849 0.595 0.000 0.005
0.849 0.611 0.000 0.005
0.849 0.627 0.000 0.005
0.849 0.643 0.000 0.005
0.849 0.659 0.000 0.005
0.849 0.675 0.000 0.005
0.849 0.690 0.000 0.005
0.849 0.706 0.000 0.005
0.849 0.722 0.000 0.005
0.849 0.738 0.000 0.005
0.849 0.754 0.000 0.005
0.849 0.770 0.000 0.005
0.849 0.786 0.000 0.005
0.849 0.802 0.000 0.005
0.849 0.817 0.000 0.005
0.849 0.833 0.000 0.005
0.849 0.849 0.000 0.005
0.849 0.865 0.000 0.005
0.849 0.881 0.000 0.005
0.849 0.897 0.000 0.005
0.849 0.913 0.000 0.005
0.849 0.929 0.000 0.005
0.849 0.944 0.000 0.005
0.849 0.960 0.000 0.005
0.849 0.976 0.000 0.005
0.849 0.992 0.000 0.005
0.865 0.008 0.000 0.005
0.865 0.024 0.000 0.005
0.865 0.040 0.000 0.005
0.865 0.056 0.000 0.005
0.865 0.071 0.000 0.005
0.865 0.087 0.000 0.005
0.865 0.103 0.000 0.005
0.865 0.119 0.000 0.005
0.865 0.135 0.000 0.005
0.865 0.151 0.000 0.005
0.865 0.167 0.000 0.005
0.865 0.183 0.000 0.005
0.865 0.198 0.000 0.005
0.865 0.214 0.000 0.005
0.865 0.230 0.000 0.005
0.865 0.246 0.000 0.005
0.865 0.262 0.000 0.005
0.865 0.278 0.000 0.005
0.865 0.294 0.000 0.005
0.865 0.310 0.000 0.005
0.865 0.325 0.000 0.005
0.865 0.341 0.000 0.005
0.865 0.357 0.000 0.005
0.865 0.373 0.000 0.005
0.865 0.389 0.000 0.005
0.865 0.405 0.000 0.005
0.865 0.421 0.000 0.005
0.865 0.437 0.000 0.005
0.865 0.452 0.000 0.005
0.865 0.468 0.000 0.005
0.865 0.484 0.000 0.005
0.865 0.500 0.000 0.005
0.865 0.516 0.000 0.005
0.865 0.532 0.000 0.005
0.865 0.548 0.000 0.005
0.865 0.563 0.000 0.005
0.865 0.579 0.000 0.005
0.865 0.595 0.000 0.005
0.865 0.611 0.000 0.005
0.865 0.627 0.000 0.005
0.865 0.643 0.000 0.005
0.865 0.659 0.000 0.005
0.865 0.675 0.000 0.005
0.865 0.690 0.000 0.005
0.865 0.706 0.000 0.005
0.865 0.722 0.000 0.005
0.865 0.738 0.000 0.005
0.865 0.754 0.000 0.005
0.865 0.770 0.000 0.005
0.865 0.786 0.000 0.005
0.865 0.802 0.000 0.005
0.865 0.817 0.000 0.005
0.865 0.833 0.000 0.005
0.865 0.849 0.000 0.005
0.865 0.865 0.000 0.005
0.865 0.881 0.000 0.005
0.865 0.897 0.000 0.005
0.865 0.913 0.000 0.005
0.865 0.929 0.000 0.005
0.865 0.944 0.000 0.005
0.865 0.960 0.000 0.005
0.865 0.976 0.000 0.005
0.865 0.992 0.000 0.005
0.881 0.008 0.000 0.005
0.881 0.024 0.000 0.005
0.881 0.040 0.000 0.005
0.881 0.056 0.000 0.005
0.881 0.071 0.000 0.005
0.881 0.087 0.000 0.005
0.881 0.103 0.000 0.005
0.881 0.119 0.000 0.005
0.881 0.135 0.000 0.005
0.881 0.151 0.000 0.005
0.881 0.167 0.000 0.005
0.881 0.183 0.000 0.005
0.881 0.198 0.000 0.005
0.881 0.214 0.000 0.005
0.881 0.230 0.000 0.005
0.881 0.246 0.000 0.005
0.881 0.262 0.000 0.005
0.881 0.278 0.000 0.005
0.881 0.294 0.000 0.005
0.881 0.310 0.000 0.005
0.881 0.325 0.000 0.005
0.881 0.341 0.000 0.005
0.881 0.357 0.000 0.005
0.881 0.373 0.000 0.005
0.881 0.389 0.000 0.005
0.881 0.405 0.000 0.005
0.881 0.421 0.000 0.005
0.881 0.437 0.000 0.005
0.881 0.452 0.000 0.005
0.881 0.468 0.000 0.005
0.881 0.484 0.000 0.005
0.881 0.500 0.000 0.005
0.881 0.516 0.000 0.005
0.881 0.532 0.000 0.005
0.881 0.548 0.000 0.005
0.881 0.563 0.000 0.005
0.881 0.579 0.000 0.005
0.881 0.595 0.000 0.005
0.881 0.611 0.000 0.005
0.881 0.627 0.000 0.005
0.881 0.643 0.000 0.005
0.881 0.659 0.000 0.005
0.881 0.675 0.000 0.005
0.881 0.690 0.000 0.005
0.881 0.706 0.000 0.005
0.881 0.722 0.000 0.005
0.881 0.738 0.000 0.005
0.881 0.754 0.000 0.005
0.881 0.770 0.000 0.005
0.881 0.786 0.000 0.005
0.881 0.802 0.000 0.005
0.881 0.817 0.000 0.005
0.881 0.833 0.000 0.005
0.881 0.849 0.000 0.005
0.881 0.865 0.000 0.005
0.881 0.881 0.000 0.005
0.881 0.897 0.000 0.005
0.881 0.913 0.000 0.005
0.881 0.929 0.000 0.005
0.881 0.944 0.000 0.005
0.881 0.960 0.000 0.005
0.881 0.976 0.000 0.005
0.881 0.992 0.000 0.005
0.897 0.008 0.000 0.005
0.897 0.024 0.000 0.005
0.897 0.040 0.000 0.005
0.897 0.056 0.000 0.005
0.897 0.071 0.000 0.005
0.897 0.087 0.000 0.005
0.897 0.103 0.000 0.005
0.897 0.119 0.000 0.005
0.897 0.135 0.000 0.005
0.897 0.151 0.000 0.005
0.897 0.167 0.000 0.005
0.897 0.183 0.000 0.005
0.897 0.198 0.000 0.005
0.897 0.214 0.000 0.005
0.897 0.230 0.000 0.005
0.897 0.246 0.000 0.005
0.897 0.262 0.000 0.005
0.897 0.278 0.000 0.005
0.897 0.294 0.000 0.005
0.897 0.310 0.000 0.005
0.897 0.325 0.000 0.005
0.897 0.341 0.000 0.005
0.897 0.357 0.000 0.005
0.897 0.373 0.000 0.005
0.897 0.389 0.000 0.005
0.897 0.405 0.000 0.005
0.897 0.421 0.000 0.005
0.897 0.437 0.000 0.005
0.897 0.452 0.000 0.005
0.897 0.468 0.000 0.005
0.897 0.484 0.000 0.005
0.897 0.500 0.000 0.005
0.897 0.516 0.000 0.005
0.897 0.532 0.000 0.005
0.897 0.548 0.000 0.005
0.897 0.563 0.000 0.005
0.897 0.579 0.000 0.005
0.897 0.595 0.000 0.005
0.897 0.611 0.000 0.005
0.897 0.627 0.000 0.005
0.897 0.643 0.000 0.005
0.897 0.659 0.000 0.005
0.897 0.675 0.000 0.005
0.897 0.690 0.000 0.005
0.897 0.706 0.000 0.005
0.897 0.722 0.000 0.005
0.897 0.738 0.000 0.005
0.897 0.754 0.000 0.005
0.897 0.770 0.000 0.005
0.897 0.786 0.000 0.005
0.897 0.802 0.000 0.005
0.897 0.817 0.000 0.005
0.897 0.833 0.000 0.005
0.897 0.849 0.000 0.005
0.897 0.865 0.000 0.005
0.897 0.881 0.000 0.005
0.897 0.897 0.000 0.005
0.897 0.913 0.000 0.005
0.897 0.929 0.000 0.005
0.897 0.944 0.000 0.005
0.897 0.960 0.000 0.005
0.897 0.976 0.000 0.005
0.897 0.992 0.000 0.005
0.913 0.008 0.000 0.005
0.913 0.024 0.000 0.005
0.913 0.040 0.000 0.005
0.913 0.056 0.000 0.005
0.913 0.071 0.000 0.005
0.913 0.087 0.000 0.005
0.913 0.103 0.000 0.005
0.913 0.119 0.000 0.005
0.913 0.135 0.000 0.005
0.913 0.151 0.000 0.005
0.913 0.167 0.000 0.005
0.913 0.183 0.000 0.005
0.913 0.198 0.000 0.005
0.913 0.214 0.000 0.005
0.913 0.230 0.000 0.005
0.913 0.246 0.000 0.005
0.913 0.262 0.000 0.005
0.913 0.278 0.000 0.005
0.913 0.294 0.000 0.005
0.913 0.310 0.000 0.005
0.913 0.325 0.000 0.005
0.913 0.341 0.000 0.005
0.913 0.357 0.000 0.005
0.913 0.373 0.000 0.005
0.913 0.389 0.000 0.005
0.913 0.405 0.000 0.005
0.913 0.421 0.000 0.005
0.913 0.437 0.000 0.005
0.913 0.452 0.000 0.005
0.913 0.468 0.000 0.005
0.913 0.484 0.000 0.005
0.913 0.500 0.000 0.005
0.913 0.516 0.000 0.005
0.913 0.532 0.000 0.005
0.913 0.548 0.000 0.005
0.913 0.563 0.000 0.005
0.913 0.579 0.000 0.005
0.913 0.595 0.000 0.005
0.913 0.611 0.000 0.005
0.913 0.627 0.000 0.005
0.913 0.643 0.000 0.005
0.913 0.659 0.000 0.005
0.913 0.675 0.000 0.005
0.913 0.690 0.000 0.005
0.913 0.706 0.000 0.005
0.913 0.722 0.000 0.005
0.913 0.738 0.000 0.005
0.913 0.754 0.000 0.005
0.913 0.770 0.000 0.005
0.913 0.786 0.000 0.005
0.913 0.802 0.000 0.005
0.913 0.817 0.000 0.005
0.913 0.833 0.000 0.005
0.913 0.849 0.000 0.005
0.913 0.865 0.000 0.005
0.913 0.881 0.000 0.005
0.913 0.897 0.000 0.005
0.913 0.913 0.000 0.005
0.913 0.929 0.000 0.005
0.913 0.944 0.000 0.005
0.913 0.960 0.000 0.005
0.913 0.976 0.000 0.005
0.913 0.992 0.000 0.005
0.929 0.008 0.000 0.005
0.929 0.024 0.000 0.005
0.929 0.040 0.000 0.005
0.929 0.056 0.000 0.005
0.929 0.071 0.000 0.005
0.929 0.087 0.000 0.005
0.929 0.103 0.000 0.005
0.929 0.119 0.000 0.005
0.929 0.135 0.000 0.005
0.929 0.151 0.000 0.005
0.929 0.167 0.000 0.005
0.929 0.183 0.000 0.005
0.929 0.198 0.000 0.005
0.929 0.214 0.000 0.005
0.929 0.230 0.000 0.005
0.929 0.246 0.000 0.005
0.929 0.262 0.000 0.005
0.929 0.278 0.000 0.005
0.929 0.294 0.000 0.005
0.929 0.310 0.000 0.005
0.929 0.325 0.000 0.005
0.929 0.341 0.000 0.005
0.929 0.357 0.000 0.005
0.929 0.373 0.000 0.005
0.929 0.389 0.000 0.005
0.929 0.405 0.000 0.005
0.929 0.421 0.000 0.005
0.929 0.437 0.000 0.005
0.929 0.452 0.000 0.005
0.929 0.468 0.000 0.005
0.929 0.484 0.000 0.005
0.929 0.500 0.000 0.005
0.929 0.516 0.000 0.005
0.929 0.532 0.000 0.005
0.929 0.548 0.000 0.005
0.929 0.563 0.000 0.005
0.929 0.579 0.000 0.005
0.929 0.595 0.000 0.005
0.929 0.611 0.000 0.005
0.929 0.627 0.000 0.005
0.929 0.643 0.000 0.005
0.929 0.659 0.000 0.005
0.929 0.675 0.000 0.005
0.929 0.690 0.000 0.005
0.929 0.706 0.000 0.005
0.929 0.722 0.000 0.005
0.929 0.738 0.000 0.005
0.929 0.754 0.000 0.005
0.929 0.770 0.000 0.005
0.929 0.786 0.000 0.005
0.929 0.802 0.000 0.005
0.929 0.817 0.000 0.005
0.929 0.833 0.000 0.005
0.929 0.849 0.000 0.005
0.929 0.865 0.000 0.005
0.929 0.881 0.000 0.005
0.929 0.897 0.000 0.005
0.929 0.913 0.000 0.005
0.929 0.929 0.000 0.005
0.929 0.944 0.000 0.005
0.929 0.960 0.000 0.005
0.929 0.976 0.000 0.005
0.929 0.992 0.000 0.005
0.944 0.008 0.000 0.005
0.944 0.024 0.000 0.005
0.944 0.040 0.000 0.005
0.944 0.056 0.000 0.005
0.944 0.071 0.000 0.005
0.944 0.087 0.000 0.005
0.944 0.103 0.000 0.005
0.944 0.119 0.000 0.005
0.944 0.135 0.000 0.005
0.944 0.151 0.000 0.005
0.944 0.167 0.000 0.005
0.944 0.183 0.000 0.005
0.944 0.198 0.000 0.005
0.944 0.214 0.000 0.005
0.944 0.230 0.000 0.005
0.944 0.246 0.000 0.005
0.944 0.262 0.000 0.005
0.944 0.278 0.000 0.005
0.944 0.294 0.000 0.005
0.944 0.310 0.000 0.005
0.944 0.325 0.000 0.005
0.944 0.341 0.000 0.005
0.944 0.357 0.000 0.005
0.944 0.373 0.000 0.005
0.944 0.389 0.000 0.005
0.944 0.405 0.000 0.005
0.944 0.421 0.000 0.005
0.944 0.437 0.000 0.005
0.944 0.452 0.000 0.005
0.944 0.468 0.000 0.005
0.944 0.484 0.000 0.005
0.944 0.500 0.000 0.005
0.944 0.516 0.000 0.005
0.944 0.532 0.000 0.005
0.944 0.548 0.000 0.005
0.944 0.563 0.000 0.005
0.944 0.579 0.000 0.005
0.944 0.595 0.000 0.005
0.944 0.611 0.000 0.005
0.944 0.627 0.000 0.005
0.944 0.643 0.000 0.005
0.944 0.659 0.000 0.005
0.944 0.675 0.000 0.005
0.944 0.690 0.000 0.005
0.944 0.706 0.000 0.005
0.944 0.722 0.000 0.005
0.944 0.738 0.000 0.005
0.944 0.754 0.000 0.005
0.944 0.770 0.000 0.005
0.944 0.786 0.000 0.005
0.944 0.802 0.000 0.005
0.944 0.817 0.000 0.005
0.944 0.833 0.000 0.005
0.944 0.849 0.000 0.005
0.944 0.865 0.000 0.005
0.944 0.881 0.000 0.005
0.944 0.897 0.000 0.005
0.944 0.913 0.000 0.005
0.944 0.929 0.000 0.005
0.944 0.944 0.000 0.005
0.944 0.960 0.000 0.005
0.944 0.976 0.000 0.005
0.944 0.992 0.000 0.005
0.960 0.008 0.000 0.005
0.960 0.024 0.000 0.005
0.960 0.040 0.000 0.005
0.960 0.056 0.000 0.005
0.960 0.071 0.000 0.005
0.960 0.087 0.000 0.005
0.960 0.103 0.000 0.005
0.960 0.119 0.000 0.005
0.960 0.135 0.000 0.005
0.960 0.151 0.000 0.005
0.960 0.167 0.000 0.005
0.960 0.183 0.000 0.005
0.960 0.198 0.000 0.005
0.960 0.214 0.000 0.005
0.960 0.230 0.000 0.005
0.960 0.246 0.000 0.005
0.960 0.262 0.000 0.005
0.960 0.278 0.000 0.005
0.960 0.294 0.000 0.005
0.960 0.310 0.000 0.005
0.960 0.325 0.000 0.005
0.960 0.341 0.000 0.005
0.960 0.357 0.000 0.005
0.960 0.373 0.000 0.005
0.960 0.389 0.000 0.005
0.960 0.405 0.000 0.005
0.960 0.421 0.000 0.005
0.960 0.437 0.000 0.005
0.960 0.452 0.000 0.005
0.960 0.468 0.000 0.005
0.960 0.484 0.000 0.005
0.960 0.500 0.000 0.005
0.960 0.516 0.000 0.005
0.960 0.532 0.000 0.005
0.960 0.548 0.000 0.005
0.960 0.563 0.000 0.005
0.960 0.579 0.000 0.005
0.960 0.595 0.000 0.005
0.960 0.611 0.000 0.005
0.960 0.627 0.000 0.005
0.960 0.643 0.000 0.005
0.960 0.659 0.000 0.005
0.960 0.675 0.000 0.005
0.960 0.690 0.000 0.005
0.960 0.706 0.000 0.005
0.960 0.722 0.000 0.005
0.960 0.738 0.000 0.005
0.960 0.754 0.000 0.005
0.960 0.770 0.000 0.005
0.960 0.786 0.000 0.005
0.960 0.802 0.000 0.005
0.960 0.817 0.000 0.005
0.960 0.833 0.000 0.005
0.960 0.849 0.000 0.005
0.960 0.865 0.000 0.005
0.960 0.881 0.000 0.005
0.960 0.897 0.000 0.005
0.960 0.913 0.000 0.005
0.960 0.929 0.000 0.005
0.960 0.944 0.000 0.005
0.960 0.960 0.000 0.005
0.960 0.976 0.000 0.005
0.960 0.992 0.000 0.005
0.976 0.008 0.000 0.005
0.976 0.024 0.000 0.005
0.976 0.040 0.000 0.005
0.976 0.056 0.000 0.005
0.976 0.071 0.000 0.005
0.976 0.087 0.000 0.005
0.976 0.103 0.000 0.005
0.976 0.119 0.000 0.005
0.976 0.135 0.000 0.005
0.976 0.151 0.000 0.005
0.976 0.167 0.000 0.005
0.976 0.183 0.000 0.005
0.976 0.198 0.000 0.005
0.976 0.214 0.000 0.005
0.976 0.230 0.000 0.005
0.976 0.246 0.000 0.005
0.976 0.262 0.000 0.005
0.976 0.278 0.000 0.005
0.976 0.294 0.000 0.005
0.976 0.310 0.000 0.005
0.976 0.325 0.000 0.005
0.976 0.341 0.000 0.005
0.976 0.357 0.000 0.005
0.976 0.373 0.000 0.005
0.976 0.389 0.000 0.005
0.976 0.405 0.000 0.005
0.976 0.421 0.000 0.005
0.976 0.437 0.000 0.005
0.976 0.452 0.000 0.005
0.976 0.468 0.000 0.005
0.976 0.484 0.000 0.005
0.976 0.500 0.000 0.005
0.976 0.516 0.000 0.005
0.976 0.532 0.000 0.005
0.976 0.548 0.000 0.005
0.976 0.563 0.000 0.005
0.976 0.579 0.000 0.005
0.976 0.595 0.000 0.005
0.976 0.611 0.000 0.005
0.976 0.627 0.000 0.005
0.976 0.643 0.000 0.005
0.976 0.659 0.000 0.005
0.976 0.675 0.000 0.005
0.976 0.690 0.000 0.005
0.976 0.706 0.000 0.005
0.976 0.722 0.000 0.005
0.976 0.738 0.000 0.005
0.976 0.754 0.000 0.005
0.976 0.770 0.000 0.005
0.976 0.786 0.000 0.005
0.976 0.802 0.000 0.005
0.976 0.817 0.000 0.005
0.976 0.833 0.000 0.005
0.976 0.849 0.000 0.005
0.976 0.865 0.000 0.005
0.976 0.881 0.000 0.005
0.976 0.897 0.000 0.005
0.976 0.913 0.000 0.005
0.976 0.929 0.000 0.005
0.976 0.944 0.000 0.005
0.976 0.960 0.000 0.005
0.976 0.976 0.000 0.005
0.976 0.992 0.000 0.005
0.992 0.008 0.000 0.005
0.992 0.024 0.000 0.005
0.992 0.040 0.000 0.005
0.992 0.056 0.000 0.005
0.992 0.071 0.000 0.005
0.992 0.087 0.000 0.005
0.992 0.103 0.000 0.005
0.992 0.119 0.000 0.005
0.992 0.135 0.000 0.005
0.992 0.151 0.000 0.005
0.992 0.167 0.000 0.005
0.992 0.183 0.000 0.005
0.992 0.198 0.000 0.005
0.992 0.214 0.000 0.005
0.992 0.230 0.000 0.005
0.992 0.246 0.000 0.005
0.992 0.262 0.000 0.005
0.992 0.278 0.000 0.005
0.992 0.294 0.000 0.005
0.992 0.310 0.000 0.005
0.992 0.325 0.000 0.005
0.992 0.341 0.000 0.005
0.992 0.357 0.000 0.005
0.992 0.373 0.000 0.005
0.992 0.389 0.000 0.005
0.992 0.405 0.000 0.005
0.992 0.421 0.000 0.005
0.992 0.437 0.000 0.005
0.992 0.452 0.000 0.005
0.992 0.468 0.000 0.005
0.992 0.484 0.000 0.005
0.992 0.500 0.000 0.005
0.992 0.516 0.000 0.005
0.992 0.532 0.000 0.005
0.992 0.548 0.000 0.005
0.992 0.563 0.000 0.005
0.992 0.579 0.000 0.005
0.992 0.595 0.000 0.005
0.992 0.611 0.000 0.005
0.992 0.627 0.000 0.005
0.992 0.643 0.000 0.005
0.992 0.659 0.000 0.005
0.992 0.675 0.000 0.005
0.992 0.690 0.000 0.005
0.992 0.706 0.000 0.005
0.992 0.722 0.000 0.005
0.992 0.738 0.000 0.005
0.992 0.754 0.000 0.005
0.992 0.770 0.000 0.005
0.992 0.786 0.000 0.005
0.992 0.802 0.000 0.005
0.992 0.817 0.000 0.005
0.992 0.833 0.000 0.005
0.992 0.849 0.000 0.005
0.992 0.865 0.000 0.005
0.992 0.881 0.000 0.005
0.992 0.897 0.000 0.005
0.992 0.913 0.000 0.005
0.992 0.929 0.000 0.005
0.992 0.944 0.000 0.005
0.992 0.960 0.000 0.005
0.992 0.976 0.000 0.005
0.992 0.992 0.000 0.005
