0.020 0.020 0.000 0.005
0.020 0.060 0.000 0.005
0.020 0.100 0.000 0.005
0.020 0.140 0.000 0.005
0.020 0.180 0.000 0.005
0.020 0.220 0.000 0.005
0.020 0.260 0.000 0.005
0.020 0.300 0.000 0.005
0.020 0.340 0.000 0.005
0.020 0.380 0.000 0.005
0.020 0.420 0.000 0.005
0.020 0.460 0.000 0.005
0.020 0.500 0.000 0.005
0.020 0.540 0.000 0.005
0.020 0.580 0.000 0.005
0.020 0.620 0.000 0.005
0.020 0.660 0.000 0.005
0.020 0.700 0.000 0.005
0.020 0.740 0.000 0.005
0.020 0.780 0.000 0.005
0.020 0.820 0.000 0.005
0.020 0.860 0.000 0.005
0.020 0.900 0.000 0.005
0.020 0.940 0.000 0.005
0.020 0.980 0.000 0.005
0.060 0.020 0.000 0.005
0.060 0.060 0.000 0.005
0.060 0.100 0.000 0.005
0.060 0.140 0.000 0.005
0.060 0.180 0.000 0.005
0.060 0.220 0.000 0.005
0.060 0.260 0.000 0.005
0.060 0.300 0.000 0.005
0.060 0.340 0.000 0.005
0.060 0.380 0.000 0.005
0.060 0.420 0.000 0.005
0.060 0.460 0.000 0.005
0.060 0.500 0.000 0.005
0.060 0.540 0.000 0.005
0.060 0.580 0.000 0.005
0.060 0.620 0.000 0.005
0.060 0.660 0.000 0.005
0.060 0.700 0.000 0.005
0.060 0.740 0.000 0.005
0.060 0.780 0.000 0.005
0.060 0.820 0.000 0.005
0.060 0.860 0.000 0.005
0.060 0.900 0.000 0.005
0.060 0.940 0.000 0.005
0.060 0.980 0.000 0.005
0.100 0.020 0.000 0.005
0.100 0.060 0.000 0.005
0.100 0.100 0.000 0.005
0.100 0.140 0.000 0.005
0.100 0.180 0.000 0.005
0.100 0.220 0.000 0.005
0.100 0.260 0.000 0.005
0.100 0.300 0.000 0.005
0.100 0.340 0.000 0.005
0.100 0.380 0.000 0.005
0.100 0.420 0.000 0.005
0.100 0.460 0.000 0.005
0.100 0.500 0.000 0.005
0.100 0.540 0.000 0.005
0.100 0.580 0.000 0.005
0.100 0.620 0.000 0.005
0.100 0.660 0.000 0.005
0.100 0.700 0.000 0.005
0.100 0.740 0.000 0.005
0.100 0.780 0.000 0.005
0.100 0.820 0.000 0.005
0.100 0.860 0.000 0.005
0.100 0.900 0.000 0.005
0.100 0.940 0.000 0.005
0.100 0.980 0.000 0.005
0.140 0.020 0.000 0.005
0.140 0.060 0.000 0.005
0.140 0.100 0.000 0.005
0.140 0.140 0.000 0.005
0.140 0.180 0.000 0.005
0.140 0.220 0.000 0.005
0.140 0.260 0.000 0.005
0.140 0.300 0.000 0.005
0.140 0.340 0.000 0.005
0.140 0.380 0.000 0.005
0.140 0.420 0.000 0.005
0.140 0.460 0.000 0.005
0.140 0.500 0.000 0.005
0.140 0.540 0.000 0.005
0.140 0.580 0.000 0.005
0.140 0.620 0.000 0.005
0.140 0.660 0.000 0.005
0.140 0.700 0.000 0.005
0.140 0.740 0.000 0.005
0.140 0.780 0.000 0.005
0.140 0.820 0.000 0.005
0.140 0.860 0.000 0.005
0.140 0.900 0.000 0.005
0.140 0.940 0.000 0.005
0.140 0.980 0.000 0.005
0.180 0.020 0.000 0.005
0.180 0.060 0.000 0.005
0.180 0.100 0.000 0.005
0.180 0.140 0.000 0.005
0.180 0.180 0.000 0.005
0.180 0.220 0.000 0.005
0.180 0.260 0.000 0.005
0.180 0.300 0.000 0.005
0.180 0.340 0.000 0.005
0.180 0.380 0.000 0.005
0.180 0.420 0.000 0.005
0.180 0.460 0.000 0.005
0.180 0.500 0.000 0.005
0.180 0.540 0.000 0.005
0.180 0.580 0.000 0.005
0.180 0.620 0.000 0.005
0.180 0.660 0.000 0.005
0.180 0.700 0.000 0.005
0.180 0.740 0.000 0.005
0.180 0.780 0.000 0.005
0.180 0.820 0.000 0.005
0.180 0.860 0.000 0.005
0.180 0.900 0.000 0.005
0.180 0.940 0.000 0.005
0.180 0.980 0.000 0.005
0.220 0.020 0.000 0.005
0.220 0.060 0.000 0.005
0.220 0.100 0.000 0.005
0.220 0.140 0.000 0.005
0.220 0.180 0.000 0.005
0.220 0.220 0.000 0.005
0.220 0.260 0.000 0.005
0.220 0.300 0.000 0.005
0.220 0.340 0.000 0.005
0.220 0.380 0.000 0.005
0.220 0.420 0.000 0.005
0.220 0.460 0.000 0.005
0.220 0.500 0.000 0.005
0.220 0.540 0.000 0.005
0.220 0.580 0.000 0.005
0.220 0.620 0.000 0.005
0.220 0.660 0.000 0.005
0.220 0.700 0.000 0.005
0.220 0.740 0.000 0.005
0.220 0.780 0.000 0.005
0.220 0.820 0.000 0.005
0.220 0.860 0.000 0.005
0.220 0.900 0.000 0.005
0.220 0.940 0.000 0.005
0.220 0.980 0.000 0.005
0.260 0.020 0.000 0.005
0.260 0.060 0.000 0.005
0.260 0.100 0.000 0.005
0.260 0.140 0.000 0.005
0.260 0.180 0.000 0.005
0.260 0.220 0.000 0.005
0.260 0.260 0.000 0.005
0.260 0.300 0.000 0.005
0.260 0.340 0.000 0.005
0.260 0.380 0.000 0.005
0.260 0.420 0.000 0.005
0.260 0.460 0.000 0.005
0.260 0.500 0.000 0.005
0.260 0.540 0.000 0.005
0.260 0.580 0.000 0.005
0.260 0.620 0.000 0.005
0.260 0.660 0.000 0.005
0.260 0.700 0.000 0.005
0.260 0.740 0.000 0.005
0.260 0.780 0.000 0.005
0.260 0.820 0.000 0.005
0.260 0.860 0.000 0.005
0.260 0.900 0.000 0.005
0.260 0.940 0.000 0.005
0.260 0.980 0.000 0.005
0.300 0.020 0.000 0.005
0.300 0.060 0.000 0.005
0.300 0.100 0.000 0.005
0.300 0.140 0.000 0.005
0.300 0.180 0.000 0.005
0.300 0.220 0.000 0.005
0.300 0.260 0.000 0.005
0.300 0.300 0.000 0.005
0.300 0.340 0.000 0.005
0.300 0.380 0.000 0.005
0.300 0.420 0.000 0.005
0.300 0.460 0.000 0.005
0.300 0.500 0.000 0.005
0.300 0.540 0.000 0.005
0.300 0.580 0.000 0.005
0.300 0.620 0.000 0.005
0.300 0.660 0.000 0.005
0.300 0.700 0.000 0.005
0.300 0.740 0.000 0.005
0.300 0.780 0.000 0.005
0.300 0.820 0.000 0.005
0.300 0.860 0.000 0.005
0.300 0.900 0.000 0.005
0.300 0.940 0.000 0.005
0.300 0.980 0.000 0.005
0.340 0.020 0.000 0.005
0.340 0.060 0.000 0.005
0.340 0.100 0.000 0.005
0.340 0.140 0.000 0.005
0.340 0.180 0.000 0.005
0.340 0.220 0.000 0.005
0.340 0.260 0.000 0.005
0.340 0.300 0.000 0.005
0.340 0.340 0.000 0.005
0.340 0.380 0.000 0.005
0.340 0.420 0.000 0.005
0.340 0.460 0.000 0.005
0.340 0.500 0.000 0.005
0.340 0.540 0.000 0.005
0.340 0.580 0.000 0.005
0.340 0.620 0.000 0.005
0.340 0.660 0.000 0.005
0.340 0.700 0.000 0.005
0.340 0.740 0.000 0.005
0.340 0.780 0.000 0.005
0.340 0.820 0.000 0.005
0.340 0.860 0.000 0.005
0.340 0.900 0.000 0.005
0.340 0.940 0.000 0.005
0.340 0.980 0.000 0.005
0.380 0.020 0.000 0.005
0.380 0.060 0.000 0.005
0.380 0.100 0.000 0.005
0.380 0.140 0.000 0.005
0.380 0.180 0.000 0.005
0.380 0.220 0.000 0.005
0.380 0.260 0.000 0.005
0.380 0.300 0.000 0.005
0.380 0.340 0.000 0.005
0.380 0.380 0.000 0.005
0.380 0.420 0.000 0.005
0.380 0.460 0.000 0.005
0.380 0.500 0.000 0.005
0.380 0.540 0.000 0.005
0.380 0.580 0.000 0.005
0.380 0.620 0.000 0.005
0.380 0.660 0.000 0.005
0.380 0.700 0.000 0.005
0.380 0.740 0.000 0.005
0.380 0.780 0.000 0.005
0.380 0.820 0.000 0.005
0.380 0.860 0.000 0.005
0.380 0.900 0.000 0.005
0.380 0.940 0.000 0.005
0.380 0.980 0.000 0.005
0.420 0.020 0.000 0.005
0.420 0.060 0.000 0.005
0.420 0.100 0.000 0.005
0.420 0.140 0.000 0.005
0.420 0.180 0.000 0.005
0.420 0.220 0.000 0.005
0.420 0.260 0.000 0.005
0.420 0.300 0.000 0.005
0.420 0.340 0.000 0.005
0.420 0.380 0.000 0.005
0.420 0.420 0.000 0.005
0.420 0.460 0.000 0.005
0.420 0.500 0.000 0.005
0.420 0.540 0.000 0.005
0.420 0.580 0.000 0.005
0.420 0.620 0.000 0.005
0.420 0.660 0.000 0.005
0.420 0.700 0.000 0.005
0.420 0.740 0.000 0.005
0.420 0.780 0.000 0.005
0.420 0.820 0.000 0.005
0.420 0.860 0.000 0.005
0.420 0.900 0.000 0.005
0.420 0.940 0.000 0.005
0.420 0.980 0.000 0.005
0.460 0.020 0.000 0.005
0.460 0.060 0.000 0.005
0.460 0.100 0.000 0.005
0.460 0.140 0.000 0.005
0.460 0.180 0.000 0.005
0.460 0.220 0.000 0.005
0.460 0.260 0.000 0.005
0.460 0.300 0.000 0.005
0.460 0.340 0.000 0.005
0.460 0.380 0.000 0.005
0.460 0.420 0.000 0.005
0.460 0.460 0.000 0.005
0.460 0.500 0.000 0.005
0.460 0.540 0.000 0.005
0.460 0.580 0.000 0.005
0.460 0.620 0.000 0.005
0.460 0.660 0.000 0.005
0.460 0.700 0.000 0.005
0.460 0.740 0.000 0.005
0.460 0.780 0.000 0.005
0.460 0.820 0.000 0.005
0.460 0.860 0.000 0.005
0.460 0.900 0.000 0.005
0.460 0.940 0.000 0.005
0.460 0.980 0.000 0.005
0.500 0.020 0.000 0.005
0.500 0.060 0.000 0.005
0.500 0.100 0.000 0.005
0.500 0.140 0.000 0.005
0.500 0.180 0.000 0.005
0.500 0.220 0.000 0.005
0.500 0.260 0.000 0.005
0.500 0.300 0.000 0.005
0.500 0.340 0.000 0.005
0.500 0.380 0.000 0.005
0.500 0.420 0.000 0.005
0.500 0.460 0.000 0.005
0.500 0.500 0.000 0.005
0.500 0.540 0.000 0.005
0.500 0.580 0.000 0.005
0.500 0.620 0.000 0.005
0.500 0.660 0.000 0.005
0.500 0.700 0.000 0.005
0.500 0.740 0.000 0.005
0.500 0.780 0.000 0.005
0.500 0.820 0.000 0.005
0.500 0.860 0.000 0.005
0.500 0.900 0.000 0.005
0.500 0.940 0.000 0.005
0.500 0.980 0.000 0.005
0.540 0.020 0.000 0.005
0.540 0.060 0.000 0.005
0.540 0.100 0.000 0.005
0.540 0.140 0.000 0.005
0.540 0.180 0.000 0.005
0.540 0.220 0.000 0.005
0.540 0.260 0.000 0.005
0.540 0.300 0.000 0.005
0.540 0.340 0.000 0.005
0.540 0.380 0.000 0.005
0.540 0.420 0.000 0.005
0.540 0.460 0.000 0.005
0.540 0.500 0.000 0.005
0.540 0.540 0.000 0.005
0.540 0.580 0.000 0.005
0.540 0.620 0.000 0.005
0.540 0.660 0.000 0.005
0.540 0.700 0.000 0.005
0.540 0.740 0.000 0.005
0.540 0.780 0.000 0.005
0.540 0.820 0.000 0.005
0.540 0.860 0.000 0.005
0.540 0.900 0.000 0.005
0.540 0.940 0.000 0.005
0.540 0.980 0.000 0.005
0.580 0.020 0.000 0.005
0.580 0.060 0.000 0.005
0.580 0.100 0.000 0.005
0.580 0.140 0.000 0.005
0.580 0.180 0.000 0.005
0.580 0.220 0.000 0.005
0.580 0.260 0.000 0.005
0.580 0.300 0.000 0.005
0.580 0.340 0.000 0.005
0.580 0.380 0.000 0.005
0.580 0.420 0.000 0.005
0.580 0.460 0.000 0.005
0.580 0.500 0.000 0.005
0.580 0.540 0.000 0.005
0.580 0.580 0.000 0.005
0.580 0.620 0.000 0.005
0.580 0.660 0.000 0.005
0.580 0.700 0.000 0.005
0.580 0.740 0.000 0.005
0.580 0.780 0.000 0.005
0.580 0.820 0.000 0.005
0.580 0.860 0.000 0.005
0.580 0.900 0.000 0.005
0.580 0.940 0.000 0.005
0.580 0.980 0.000 0.005
0.620 0.020 0.000 0.005
0.620 0.060 0.000 0.005
0.620 0.100 0.000 0.005
0.620 0.140 0.000 0.005
0.620 0.180 0.000 0.005
0.620 0.220 0.000 0.005
0.620 0.260 0.000 0.005
0.620 0.300 0.000 0.005
0.620 0.340 0.000 0.005
0.620 0.380 0.000 0.005
0.620 0.420 0.000 0.005
0.620 0.460 0.000 0.005
0.620 0.500 0.000 0.005
0.620 0.540 0.000 0.005
0.620 0.580 0.000 0.005
0.620 0.620 0.000 0.005
0.620 0.660 0.000 0.005
0.620 0.700 0.000 0.005
0.620 0.740 0.000 0.005
0.620 0.780 0.000 0.005
0.620 0.820 0.000 0.005
0.620 0.860 0.000 0.005
0.620 0.900 0.000 0.005
0.620 0.940 0.000 0.005
0.620 0.980 0.000 0.005
0.660 0.020 0.000 0.005
0.660 0.060 0.000 0.005
0.660 0.100 0.000 0.005
0.660 0.140 0.000 0.005
0.660 0.180 0.000 0.005
0.660 0.220 0.000 0.005
0.660 0.260 0.000 0.005
0.660 0.300 0.000 0.005
0.660 0.340 0.000 0.005
0.660 0.380 0.000 0.005
0.660 0.420 0.000 0.005
0.660 0.460 0.000 0.005
0.660 0.500 0.000 0.005
0.660 0.540 0.000 0.005
0.660 0.580 0.000 0.005
0.660 0.620 0.000 0.005
0.660 0.660 0.000 0.005
0.660 0.700 0.000 0.005
0.660 0.740 0.000 0.005
0.660 0.780 0.000 0.005
0.660 0.820 0.000 0.005
0.660 0.860 0.000 0.005
0.660 0.900 0.000 0.005
0.660 0.940 0.000 0.005
0.660 0.980 0.000 0.005
0.700 0.020 0.000 0.005
0.700 0.060 0.000 0.005
0.700 0.100 0.000 0.005
0.700 0.140 0.000 0.005
0.700 0.180 0.000 0.005
0.700 0.220 0.000 0.005
0.700 0.260 0.000 0.005
0.700 0.300 0.000 0.005
0.700 0.340 0.000 0.005
0.700 0.380 0.000 0.005
0.700 0.420 0.000 0.005
0.700 0.460 0.000 0.005
0.700 0.500 0.000 0.005
0.700 0.540 0.000 0.005
0.700 0.580 0.000 0.005
0.700 0.620 0.000 0.005
0.700 0.660 0.000 0.005
0.700 0.700 0.000 0.005
0.700 0.740 0.000 0.005
0.700 0.780 0.000 0.005
0.700 0.820 0.000 0.005
0.700 0.860 0.000 0.005
0.700 0.900 0.000 0.005
0.700 0.940 0.000 0.005
0.700 0.980 0.000 0.005
0.740 0.020 0.000 0.005
0.740 0.060 0.000 0.005
0.740 0.100 0.000 0.005
0.740 0.140 0.000 0.005
0.740 0.180 0.000 0.005
0.740 0.220 0.000 0.005
0.740 0.260 0.000 0.005
0.740 0.300 0.000 0.005
0.740 0.340 0.000 0.005
0.740 0.380 0.000 0.005
0.740 0.420 0.000 0.005
0.740 0.460 0.000 0.005
0.740 0.500 0.000 0.005
0.740 0.540 0.000 0.005
0.740 0.580 0.000 0.005
0.740 0.620 0.000 0.005
0.740 0.660 0.000 0.005
0.740 0.700 0.000 0.005
0.740 0.740 0.000 0.005
0.740 0.780 0.000 0.005
0.740 0.820 0.000 0.005
0.740 0.860 0.000 0.005
0.740 0.900 0.000 0.005
0.740 0.940 0.000 0.005
0.740 0.980 0.000 0.005
0.780 0.020 0.000 0.005
0.780 0.060 0.000 0.005
0.780 0.100 0.000 0.005
0.780 0.140 0.000 0.005
0.780 0.180 0.000 0.005
0.780 0.220 0.000 0.005
0.780 0.260 0.000 0.005
0.780 0.300 0.000 0.005
0.780 0.340 0.000 0.005
0.780 0.380 0.000 0.005
0.780 0.420 0.000 0.005
0.780 0.460 0.000 0.005
0.780 0.500 0.000 0.005
0.780 0.540 0.000 0.005
0.780 0.580 0.000 0.005
0.780 0.620 0.000 0.005
0.780 0.660 0.000 0.005
0.780 0.700 0.000 0.005
0.780 0.740 0.000 0.005
0.780 0.780 0.000 0.005
0.780 0.820 0.000 0.005
0.780 0.860 0.000 0.005
0.780 0.900 0.000 0.005
0.780 0.940 0.000 0.005
0.780 0.980 0.000 0.005
0.820 0.020 0.000 0.005
0.820 0.060 0.000 0.005
0.820 0.100 0.000 0.005
0.820 0.140 0.000 0.005
0.820 0.180 0.000 0.005
0.820 0.220 0.000 0.005
0.820 0.260 0.000 0.005
0.820 0.300 0.000 0.005
0.820 0.340 0.000 0.005
0.820 0.380 0.000 0.005
0.820 0.420 0.000 0.005
0.820 0.460 0.000 0.005
0.820 0.500 0.000 0.005
0.820 0.540 0.000 0.005
0.820 0.580 0.000 0.005
0.820 0.620 0.000 0.005
0.820 0.660 0.000 0.005
0.820 0.700 0.000 0.005
0.820 0.740 0.000 0.005
0.820 0.780 0.000 0.005
0.820 0.820 0.000 0.005
0.820 0.860 0.000 0.005
0.820 0.900 0.000 0.005
0.820 0.940 0.000 0.005
0.820 0.980 0.000 0.005
0.860 0.020 0.000 0.005
0.860 0.060 0.000 0.005
0.860 0.100 0.000 0.005
0.860 0.140 0.000 0.005
0.860 0.180 0.000 0.005
0.860 0.220 0.000 0.005
0.860 0.260 0.000 0.005
0.860 0.300 0.000 0.005
0.860 0.340 0.000 0.005
0.860 0.380 0.000 0.005
0.860 0.420 0.000 0.005
0.860 0.460 0.000 0.005
0.860 0.500 0.000 0.005
0.860 0.540 0.000 0.005
0.860 0.580 0.000 0.005
0.860 0.620 0.000 0.005
0.860 0.660 0.000 0.005
0.860 0.700 0.000 0.005
0.860 0.740 0.000 0.005
0.860 0.780 0.000 0.005
0.860 0.820 0.000 0.005
0.860 0.860 0.000 0.005
0.860 0.900 0.000 0.005
0.860 0.940 0.000 0.005
0.860 0.980 0.000 0.005
0.900 0.020 0.000 0.005
0.900 0.060 0.000 0.005
0.900 0.100 0.000 0.005
0.900 0.140 0.000 0.005
0.900 0.180 0.000 0.005
0.900 0.220 0.000 0.005
0.900 0.260 0.000 0.005
0.900 0.300 0.000 0.005
0.900 0.340 0.000 0.005
0.900 0.380 0.000 0.005
0.900 0.420 0.000 0.005
0.900 0.460 0.000 0.005
0.900 0.500 0.000 0.005
0.900 0.540 0.000 0.005
0.900 0.580 0.000 0.005
0.900 0.620 0.000 0.005
0.900 0.660 0.000 0.005
0.900 0.700 0.000 0.005
0.900 0.740 0.000 0.005
0.900 0.780 0.000 0.005
0.900 0.820 0.000 0.005
0.900 0.860 0.000 0.005
0.900 0.900 0.000 0.005
0.900 0.940 0.000 0.005
0.900 0.980 0.000 0.005
0.940 0.020 0.000 0.005
0.940 0.060 0.000 0.005
0.940 0.100 0.000 0.005
0.940 0.140 0.000 0.005
0.940 0.180 0.000 0.005
0.940 0.220 0.000 0.005
0.940 0.260 0.000 0.005
0.940 0.300 0.000 0.005
0.940 0.340 0.000 0.005
0.940 0.380 0.000 0.005
0.940 0.420 0.000 0.005
0.940 0.460 0.000 0.005
0.940 0.500 0.000 0.005
0.940 0.540 0.000 0.005
0.940 0.580 0.000 0.005
0.940 0.620 0.000 0.005
0.940 0.660 0.000 0.005
0.940 0.700 0.000 0.005
0.940 0.740 0.000 0.005
0.940 0.780 0.000 0.005
0.940 0.820 0.000 0.005
0.940 0.860 0.000 0.005
0.940 0.900 0.000 0.005
0.940 0.940 0.000 0.005
0.940 0.980 0.000 0.005
0.980 0.020 0.000 0.005
0.980 0.060 0.000 0.005
0.980 0.100 0.000 0.005
0.980 0.140 0.000 0.005
0.980 0.180 0.000 0.005
0.980 0.220 0.000 0.005
0.980 0.260 0.000 0.005
0.980 0.300 0.000 0.005
0.980 0.340 0.000 0.005
0.980 0.380 0.000 0.005
0.980 0.420 0.000 0.005
0.980 0.460 0.000 0.005
0.980 0.500 0.000 0.005
0.980 0.540 0.000 0.005
0.980 0.580 0.000 0.005
0.980 0.620 0.000 0.005
0.980 0.660 0.000 0.005
0.980 0.700 0.000 0.005
0.980 0.740 0.000 0.005
0.980 0.780 0.000 0.005
0.980 0.820 0.000 0.005
0.980 0.860 0.000 0.005
0.980 0.900 0.000 0.005
0.980 0.940 0.000 0.005
0.980 0.980 0.000 0.005
