0.009 0.009 0.000 0.005
0.009 0.027 0.000 0.005
0.009 0.045 0.000 0.005
0.009 0.064 0.000 0.005
0.009 0.082 0.000 0.005
0.009 0.100 0.000 0.005
0.009 0.118 0.000 0.005
0.009 0.136 0.000 0.005
0.009 0.155 0.000 0.005
0.009 0.173 0.000 0.005
0.009 0.191 0.000 0.005
0.009 0.209 0.000 0.005
0.009 0.227 0.000 0.005
0.009 0.245 0.000 0.005
0.009 0.264 0.000 0.005
0.009 0.282 0.000 0.005
0.009 0.300 0.000 0.005
0.009 0.318 0.000 0.005
0.009 0.336 0.000 0.005
0.009 0.355 0.000 0.005
0.009 0.373 0.000 0.005
0.009 0.391 0.000 0.005
0.009 0.409 0.000 0.005
0.009 0.427 0.000 0.005
0.009 0.445 0.000 0.005
0.009 0.464 0.000 0.005
0.009 0.482 0.000 0.005
0.009 0.500 0.000 0.005
0.009 0.518 0.000 0.005
0.009 0.536 0.000 0.005
0.009 0.555 0.000 0.005
0.009 0.573 0.000 0.005
0.009 0.591 0.000 0.005
0.009 0.609 0.000 0.005
0.009 0.627 0.000 0.005
0.009 0.645 0.000 0.005
0.009 0.664 0.000 0.005
0.009 0.682 0.000 0.005
0.009 0.700 0.000 0.005
0.009 0.718 0.000 0.005
0.009 0.736 0.000 0.005
0.009 0.755 0.000 0.005
0.009 0.773 0.000 0.005
0.009 0.791 0.000 0.005
0.009 0.809 0.000 0.005
0.009 0.827 0.000 0.005
0.009 0.845 0.000 0.005
0.009 0.864 0.000 0.005
0.009 0.882 0.000 0.005
0.009 0.900 0.000 0.005
0.009 0.918 0.000 0.005
0.009 0.936 0.000 0.005
0.009 0.955 0.000 0.005
0.009 0.973 0.000 0.005
0.009 0.991 0.000 0.005
0.027 0.009 0.000 0.005
0.027 0.027 0.000 0.005
0.027 0.045 0.000 0.005
0.027 0.064 0.000 0.005
0.027 0.082 0.000 0.005
0.027 0.100 0.000 0.005
0.027 0.118 0.000 0.005
0.027 0.136 0.000 0.005
0.027 0.155 0.000 0.005
0.027 0.173 0.000 0.005
0.027 0.191 0.000 0.005
0.027 0.209 0.000 0.005
0.027 0.227 0.000 0.005
0.027 0.245 0.000 0.005
0.027 0.264 0.000 0.005
0.027 0.282 0.000 0.005
0.027 0.300 0.000 0.005
0.027 0.318 0.000 0.005
0.027 0.336 0.000 0.005
0.027 0.355 0.000 0.005
0.027 0.373 0.000 0.005
0.027 0.391 0.000 0.005
0.027 0.409 0.000 0.005
0.027 0.427 0.000 0.005
0.027 0.445 0.000 0.005
0.027 0.464 0.000 0.005
0.027 0.482 0.000 0.005
0.027 0.500 0.000 0.005
0.027 0.518 0.000 0.005
0.027 0.536 0.000 0.005
0.027 0.555 0.000 0.005
0.027 0.573 0.000 0.005
0.027 0.591 0.000 0.005
0.027 0.609 0.000 0.005
0.027 0.627 0.000 0.005
0.027 0.645 0.000 0.005
0.027 0.664 0.000 0.005
0.027 0.682 0.000 0.005
0.027 0.700 0.000 0.005
0.027 0.718 0.000 0.005
0.027 0.736 0.000 0.005
0.027 0.755 0.000 0.005
0.027 0.773 0.000 0.005
0.027 0.791 0.000 0.005
0.027 0.809 0.000 0.005
0.027 0.827 0.000 0.005
0.027 0.845 0.000 0.005
0.027 0.864 0.000 0.005
0.027 0.882 0.000 0.005
0.027 0.900 0.000 0.005
0.027 0.918 0.000 0.005
0.027 0.936 0.000 0.005
0.027 0.955 0.000 0.005
0.027 0.973 0.000 0.005
0.027 0.991 0.000 0.005
0.045 0.009 0.000 0.005
0.045 0.027 0.000 0.005
0.045 0.045 0.000 0.005
0.045 0.064 0.000 0.005
0.045 0.082 0.000 0.005
0.045 0.100 0.000 0.005
0.045 0.118 0.000 0.005
0.045 0.136 0.000 0.005
0.045 0.155 0.000 0.005
0.045 0.173 0.000 0.005
0.045 0.191 0.000 0.005
0.045 0.209 0.000 0.005
0.045 0.227 0.000 0.005
0.045 0.245 0.000 0.005
0.045 0.264 0.000 0.005
0.045 0.282 0.000 0.005
0.045 0.300 0.000 0.005
0.045 0.318 0.000 0.005
0.045 0.336 0.000 0.005
0.045 0.355 0.000 0.005
0.045 0.373 0.000 0.005
0.045 0.391 0.000 0.005
0.045 0.409 0.000 0.005
0.045 0.427 0.000 0.005
0.045 0.445 0.000 0.005
0.045 0.464 0.000 0.005
0.045 0.482 0.000 0.005
0.045 0.500 0.000 0.005
0.045 0.518 0.000 0.005
0.045 0.536 0.000 0.005
0.045 0.555 0.000 0.005
0.045 0.573 0.000 0.005
0.045 0.591 0.000 0.005
0.045 0.609 0.000 0.005
0.045 0.627 0.000 0.005
0.045 0.645 0.000 0.005
0.045 0.664 0.000 0.005
0.045 0.682 0.000 0.005
0.045 0.700 0.000 0.005
0.045 0.718 0.000 0.005
0.045 0.736 0.000 0.005
0.045 0.755 0.000 0.005
0.045 0.773 0.000 0.005
0.045 0.791 0.000 0.005
0.045 0.809 0.000 0.005
0.045 0.827 0.000 0.005
0.045 0.845 0.000 0.005
0.045 0.864 0.000 0.005
0.045 0.882 0.000 0.005
0.045 0.900 0.000 0.005
0.045 0.918 0.000 0.005
0.045 0.936 0.000 0.005
0.045 0.955 0.000 0.005
0.045 0.973 0.000 0.005
0.045 0.991 0.000 0.005
0.064 0.009 0.000 0.005
0.064 0.027 0.000 0.005
0.064 0.045 0.000 0.005
0.064 0.064 0.000 0.005
0.064 0.082 0.000 0.005
0.064 0.100 0.000 0.005
0.064 0.118 0.000 0.005
0.064 0.136 0.000 0.005
0.064 0.155 0.000 0.005
0.064 0.173 0.000 0.005
0.064 0.191 0.000 0.005
0.064 0.209 0.000 0.005
0.064 0.227 0.000 0.005
0.064 0.245 0.000 0.005
0.064 0.264 0.000 0.005
0.064 0.282 0.000 0.005
0.064 0.300 0.000 0.005
0.064 0.318 0.000 0.005
0.064 0.336 0.000 0.005
0.064 0.355 0.000 0.005
0.064 0.373 0.000 0.005
0.064 0.391 0.000 0.005
0.064 0.409 0.000 0.005
0.064 0.427 0.000 0.005
0.064 0.445 0.000 0.005
0.064 0.464 0.000 0.005
0.064 0.482 0.000 0.005
0.064 0.500 0.000 0.005
0.064 0.518 0.000 0.005
0.064 0.536 0.000 0.005
0.064 0.555 0.000 0.005
0.064 0.573 0.000 0.005
0.064 0.591 0.000 0.005
0.064 0.609 0.000 0.005
0.064 0.627 0.000 0.005
0.064 0.645 0.000 0.005
0.064 0.664 0.000 0.005
0.064 0.682 0.000 0.005
0.064 0.700 0.000 0.005
0.064 0.718 0.000 0.005
0.064 0.736 0.000 0.005
0.064 0.755 0.000 0.005
0.064 0.773 0.000 0.005
0.064 0.791 0.000 0.005
0.064 0.809 0.000 0.005
0.064 0.827 0.000 0.005
0.064 0.845 0.000 0.005
0.064 0.864 0.000 0.005
0.064 0.882 0.000 0.005
0.064 0.900 0.000 0.005
0.064 0.918 0.000 0.005
0.064 0.936 0.000 0.005
0.064 0.955 0.000 0.005
0.064 0.973 0.000 0.005
0.064 0.991 0.000 0.005
0.082 0.009 0.000 0.005
0.082 0.027 0.000 0.005
0.082 0.045 0.000 0.005
0.082 0.064 0.000 0.005
0.082 0.082 0.000 0.005
0.082 0.100 0.000 0.005
0.082 0.118 0.000 0.005
0.082 0.136 0.000 0.005
0.082 0.155 0.000 0.005
0.082 0.173 0.000 0.005
0.082 0.191 0.000 0.005
0.082 0.209 0.000 0.005
0.082 0.227 0.000 0.005
0.082 0.245 0.000 0.005
0.082 0.264 0.000 0.005
0.082 0.282 0.000 0.005
0.082 0.300 0.000 0.005
0.082 0.318 0.000 0.005
0.082 0.336 0.000 0.005
0.082 0.355 0.000 0.005
0.082 0.373 0.000 0.005
0.082 0.391 0.000 0.005
0.082 0.409 0.000 0.005
0.082 0.427 0.000 0.005
0.082 0.445 0.000 0.005
0.082 0.464 0.000 0.005
0.082 0.482 0.000 0.005
0.082 0.500 0.000 0.005
0.082 0.518 0.000 0.005
0.082 0.536 0.000 0.005
0.082 0.555 0.000 0.005
0.082 0.573 0.000 0.005
0.082 0.591 0.000 0.005
0.082 0.609 0.000 0.005
0.082 0.627 0.000 0.005
0.082 0.645 0.000 0.005
0.082 0.664 0.000 0.005
0.082 0.682 0.000 0.005
0.082 0.700 0.000 0.005
0.082 0.718 0.000 0.005
0.082 0.736 0.000 0.005
0.082 0.755 0.000 0.005
0.082 0.773 0.000 0.005
0.082 0.791 0.000 0.005
0.082 0.809 0.000 0.005
0.082 0.827 0.000 0.005
0.082 0.845 0.000 0.005
0.082 0.864 0.000 0.005
0.082 0.882 0.000 0.005
0.082 0.900 0.000 0.005
0.082 0.918 0.000 0.005
0.082 0.936 0.000 0.005
0.082 0.955 0.000 0.005
0.082 0.973 0.000 0.005
0.082 0.991 0.000 0.005
0.100 0.009 0.000 0.005
0.100 0.027 0.000 0.005
0.100 0.045 0.000 0.005
0.100 0.064 0.000 0.005
0.100 0.082 0.000 0.005
0.100 0.100 0.000 0.005
0.100 0.118 0.000 0.005
0.100 0.136 0.000 0.005
0.100 0.155 0.000 0.005
0.100 0.173 0.000 0.005
0.100 0.191 0.000 0.005
0.100 0.209 0.000 0.005
0.100 0.227 0.000 0.005
0.100 0.245 0.000 0.005
0.100 0.264 0.000 0.005
0.100 0.282 0.000 0.005
0.100 0.300 0.000 0.005
0.100 0.318 0.000 0.005
0.100 0.336 0.000 0.005
0.100 0.355 0.000 0.005
0.100 0.373 0.000 0.005
0.100 0.391 0.000 0.005
0.100 0.409 0.000 0.005
0.100 0.427 0.000 0.005
0.100 0.445 0.000 0.005
0.100 0.464 0.000 0.005
0.100 0.482 0.000 0.005
0.100 0.500 0.000 0.005
0.100 0.518 0.000 0.005
0.100 0.536 0.000 0.005
0.100 0.555 0.000 0.005
0.100 0.573 0.000 0.005
0.100 0.591 0.000 0.005
0.100 0.609 0.000 0.005
0.100 0.627 0.000 0.005
0.100 0.645 0.000 0.005
0.100 0.664 0.000 0.005
0.100 0.682 0.000 0.005
0.100 0.700 0.000 0.005
0.100 0.718 0.000 0.005
0.100 0.736 0.000 0.005
0.100 0.755 0.000 0.005
0.100 0.773 0.000 0.005
0.100 0.791 0.000 0.005
0.100 0.809 0.000 0.005
0.100 0.827 0.000 0.005
0.100 0.845 0.000 0.005
0.100 0.864 0.000 0.005
0.100 0.882 0.000 0.005
0.100 0.900 0.000 0.005
0.100 0.918 0.000 0.005
0.100 0.936 0.000 0.005
0.100 0.955 0.000 0.005
0.100 0.973 0.000 0.005
0.100 0.991 0.000 0.005
0.118 0.009 0.000 0.005
0.118 0.027 0.000 0.005
0.118 0.045 0.000 0.005
0.118 0.064 0.000 0.005
0.118 0.082 0.000 0.005
0.118 0.100 0.000 0.005
0.118 0.118 0.000 0.005
0.118 0.136 0.000 0.005
0.118 0.155 0.000 0.005
0.118 0.173 0.000 0.005
0.118 0.191 0.000 0.005
0.118 0.209 0.000 0.005
0.118 0.227 0.000 0.005
0.118 0.245 0.000 0.005
0.118 0.264 0.000 0.005
0.118 0.282 0.000 0.005
0.118 0.300 0.000 0.005
0.118 0.318 0.000 0.005
0.118 0.336 0.000 0.005
0.118 0.355 0.000 0.005
0.118 0.373 0.000 0.005
0.118 0.391 0.000 0.005
0.118 0.409 0.000 0.005
0.118 0.427 0.000 0.005
0.118 0.445 0.000 0.005
0.118 0.464 0.000 0.005
0.118 0.482 0.000 0.005
0.118 0.500 0.000 0.005
0.118 0.518 0.000 0.005
0.118 0.536 0.000 0.005
0.118 0.555 0.000 0.005
0.118 0.573 0.000 0.005
0.118 0.591 0.000 0.005
0.118 0.609 0.000 0.005
0.118 0.627 0.000 0.005
0.118 0.645 0.000 0.005
0.118 0.664 0.000 0.005
0.118 0.682 0.000 0.005
0.118 0.700 0.000 0.005
0.118 0.718 0.000 0.005
0.118 0.736 0.000 0.005
0.118 0.755 0.000 0.005
0.118 0.773 0.000 0.005
0.118 0.791 0.000 0.005
0.118 0.809 0.000 0.005
0.118 0.827 0.000 0.005
0.118 0.845 0.000 0.005
0.118 0.864 0.000 0.005
0.118 0.882 0.000 0.005
0.118 0.900 0.000 0.005
0.118 0.918 0.000 0.005
0.118 0.936 0.000 0.005
0.118 0.955 0.000 0.005
0.118 0.973 0.000 0.005
0.118 0.991 0.000 0.005
0.136 0.009 0.000 0.005
0.136 0.027 0.000 0.005
0.136 0.045 0.000 0.005
0.136 0.064 0.000 0.005
0.136 0.082 0.000 0.005
0.136 0.100 0.000 0.005
0.136 0.118 0.000 0.005
0.136 0.136 0.000 0.005
0.136 0.155 0.000 0.005
0.136 0.173 0.000 0.005
0.136 0.191 0.000 0.005
0.136 0.209 0.000 0.005
0.136 0.227 0.000 0.005
0.136 0.245 0.000 0.005
0.136 0.264 0.000 0.005
0.136 0.282 0.000 0.005
0.136 0.300 0.000 0.005
0.136 0.318 0.000 0.005
0.136 0.336 0.000 0.005
0.136 0.355 0.000 0.005
0.136 0.373 0.000 0.005
0.136 0.391 0.000 0.005
0.136 0.409 0.000 0.005
0.136 0.427 0.000 0.005
0.136 0.445 0.000 0.005
0.136 0.464 0.000 0.005
0.136 0.482 0.000 0.005
0.136 0.500 0.000 0.005
0.136 0.518 0.000 0.005
0.136 0.536 0.000 0.005
0.136 0.555 0.000 0.005
0.136 0.573 0.000 0.005
0.136 0.591 0.000 0.005
0.136 0.609 0.000 0.005
0.136 0.627 0.000 0.005
0.136 0.645 0.000 0.005
0.136 0.664 0.000 0.005
0.136 0.682 0.000 0.005
0.136 0.700 0.000 0.005
0.136 0.718 0.000 0.005
0.136 0.736 0.000 0.005
0.136 0.755 0.000 0.005
0.136 0.773 0.000 0.005
0.136 0.791 0.000 0.005
0.136 0.809 0.000 0.005
0.136 0.827 0.000 0.005
0.136 0.845 0.000 0.005
0.136 0.864 0.000 0.005
0.136 0.882 0.000 0.005
0.136 0.900 0.000 0.005
0.136 0.918 0.000 0.005
0.136 0.936 0.000 0.005
0.136 0.955 0.000 0.005
0.136 0.973 0.000 0.005
0.136 0.991 0.000 0.005
0.155 0.009 0.000 0.005
0.155 0.027 0.000 0.005
0.155 0.045 0.000 0.005
0.155 0.064 0.000 0.005
0.155 0.082 0.000 0.005
0.155 0.100 0.000 0.005
0.155 0.118 0.000 0.005
0.155 0.136 0.000 0.005
0.155 0.155 0.000 0.005
0.155 0.173 0.000 0.005
0.155 0.191 0.000 0.005
0.155 0.209 0.000 0.005
0.155 0.227 0.000 0.005
0.155 0.245 0.000 0.005
0.155 0.264 0.000 0.005
0.155 0.282 0.000 0.005
0.155 0.300 0.000 0.005
0.155 0.318 0.000 0.005
0.155 0.336 0.000 0.005
0.155 0.355 0.000 0.005
0.155 0.373 0.000 0.005
0.155 0.391 0.000 0.005
0.155 0.409 0.000 0.005
0.155 0.427 0.000 0.005
0.155 0.445 0.000 0.005
0.155 0.464 0.000 0.005
0.155 0.482 0.000 0.005
0.155 0.500 0.000 0.005
0.155 0.518 0.000 0.005
0.155 0.536 0.000 0.005
0.155 0.555 0.000 0.005
0.155 0.573 0.000 0.005
0.155 0.591 0.000 0.005
0.155 0.609 0.000 0.005
0.155 0.627 0.000 0.005
0.155 0.645 0.000 0.005
0.155 0.664 0.000 0.005
0.155 0.682 0.000 0.005
0.155 0.700 0.000 0.005
0.155 0.718 0.000 0.005
0.155 0.736 0.000 0.005
0.155 0.755 0.000 0.005
0.155 0.773 0.000 0.005
0.155 0.791 0.000 0.005
0.155 0.809 0.000 0.005
0.155 0.827 0.000 0.005
0.155 0.845 0.000 0.005
0.155 0.864 0.000 0.005
0.155 0.882 0.000 0.005
0.155 0.900 0.000 0.005
0.155 0.918 0.000 0.005
0.155 0.936 0.000 0.005
0.155 0.955 0.000 0.005
0.155 0.973 0.000 0.005
0.155 0.991 0.000 0.005
0.173 0.009 0.000 0.005
0.173 0.027 0.000 0.005
0.173 0.045 0.000 0.005
0.173 0.064 0.000 0.005
0.173 0.082 0.000 0.005
0.173 0.100 0.000 0.005
0.173 0.118 0.000 0.005
0.173 0.136 0.000 0.005
0.173 0.155 0.000 0.005
0.173 0.173 0.000 0.005
0.173 0.191 0.000 0.005
0.173 0.209 0.000 0.005
0.173 0.227 0.000 0.005
0.173 0.245 0.000 0.005
0.173 0.264 0.000 0.005
0.173 0.282 0.000 0.005
0.173 0.300 0.000 0.005
0.173 0.318 0.000 0.005
0.173 0.336 0.000 0.005
0.173 0.355 0.000 0.005
0.173 0.373 0.000 0.005
0.173 0.391 0.000 0.005
0.173 0.409 0.000 0.005
0.173 0.427 0.000 0.005
0.173 0.445 0.000 0.005
0.173 0.464 0.000 0.005
0.173 0.482 0.000 0.005
0.173 0.500 0.000 0.005
0.173 0.518 0.000 0.005
0.173 0.536 0.000 0.005
0.173 0.555 0.000 0.005
0.173 0.573 0.000 0.005
0.173 0.591 0.000 0.005
0.173 0.609 0.000 0.005
0.173 0.627 0.000 0.005
0.173 0.645 0.000 0.005
0.173 0.664 0.000 0.005
0.173 0.682 0.000 0.005
0.173 0.700 0.000 0.005
0.173 0.718 0.000 0.005
0.173 0.736 0.000 0.005
0.173 0.755 0.000 0.005
0.173 0.773 0.000 0.005
0.173 0.791 0.000 0.005
0.173 0.809 0.000 0.005
0.173 0.827 0.000 0.005
0.173 0.845 0.000 0.005
0.173 0.864 0.000 0.005
0.173 0.882 0.000 0.005
0.173 0.900 0.000 0.005
0.173 0.918 0.000 0.005
0.173 0.936 0.000 0.005
0.173 0.955 0.000 0.005
0.173 0.973 0.000 0.005
0.173 0.991 0.000 0.005
0.191 0.009 0.000 0.005
0.191 0.027 0.000 0.005
0.191 0.045 0.000 0.005
0.191 0.064 0.000 0.005
0.191 0.082 0.000 0.005
0.191 0.100 0.000 0.005
0.191 0.118 0.000 0.005
0.191 0.136 0.000 0.005
0.191 0.155 0.000 0.005
0.191 0.173 0.000 0.005
0.191 0.191 0.000 0.005
0.191 0.209 0.000 0.005
0.191 0.227 0.000 0.005
0.191 0.245 0.000 0.005
0.191 0.264 0.000 0.005
0.191 0.282 0.000 0.005
0.191 0.300 0.000 0.005
0.191 0.318 0.000 0.005
0.191 0.336 0.000 0.005
0.191 0.355 0.000 0.005
0.191 0.373 0.000 0.005
0.191 0.391 0.000 0.005
0.191 0.409 0.000 0.005
0.191 0.427 0.000 0.005
0.191 0.445 0.000 0.005
0.191 0.464 0.000 0.005
0.191 0.482 0.000 0.005
0.191 0.500 0.000 0.005
0.191 0.518 0.000 0.005
0.191 0.536 0.000 0.005
0.191 0.555 0.000 0.005
0.191 0.573 0.000 0.005
0.191 0.591 0.000 0.005
0.191 0.609 0.000 0.005
0.191 0.627 0.000 0.005
0.191 0.645 0.000 0.005
0.191 0.664 0.000 0.005
0.191 0.682 0.000 0.005
0.191 0.700 0.000 0.005
0.191 0.718 0.000 0.005
0.191 0.736 0.000 0.005
0.191 0.755 0.000 0.005
0.191 0.773 0.000 0.005
0.191 0.791 0.000 0.005
0.191 0.809 0.000 0.005
0.191 0.827 0.000 0.005
0.191 0.845 0.000 0.005
0.191 0.864 0.000 0.005
0.191 0.882 0.000 0.005
0.191 0.900 0.000 0.005
0.191 0.918 0.000 0.005
0.191 0.936 0.000 0.005
0.191 0.955 0.000 0.005
0.191 0.973 0.000 0.005
0.191 0.991 0.000 0.005
0.209 0.009 0.000 0.005
0.209 0.027 0.000 0.005
0.209 0.045 0.000 0.005
0.209 0.064 0.000 0.005
0.209 0.082 0.000 0.005
0.209 0.100 0.000 0.005
0.209 0.118 0.000 0.005
0.209 0.136 0.000 0.005
0.209 0.155 0.000 0.005
0.209 0.173 0.000 0.005
0.209 0.191 0.000 0.005
0.209 0.209 0.000 0.005
0.209 0.227 0.000 0.005
0.209 0.245 0.000 0.005
0.209 0.264 0.000 0.005
0.209 0.282 0.000 0.005
0.209 0.300 0.000 0.005
0.209 0.318 0.000 0.005
0.209 0.336 0.000 0.005
0.209 0.355 0.000 0.005
0.209 0.373 0.000 0.005
0.209 0.391 0.000 0.005
0.209 0.409 0.000 0.005
0.209 0.427 0.000 0.005
0.209 0.445 0.000 0.005
0.209 0.464 0.000 0.005
0.209 0.482 0.000 0.005
0.209 0.500 0.000 0.005
0.209 0.518 0.000 0.005
0.209 0.536 0.000 0.005
0.209 0.555 0.000 0.005
0.209 0.573 0.000 0.005
0.209 0.591 0.000 0.005
0.209 0.609 0.000 0.005
0.209 0.627 0.000 0.005
0.209 0.645 0.000 0.005
0.209 0.664 0.000 0.005
0.209 0.682 0.000 0.005
0.209 0.700 0.000 0.005
0.209 0.718 0.000 0.005
0.209 0.736 0.000 0.005
0.209 0.755 0.000 0.005
0.209 0.773 0.000 0.005
0.209 0.791 0.000 0.005
0.209 0.809 0.000 0.005
0.209 0.827 0.000 0.005
0.209 0.845 0.000 0.005
0.209 0.864 0.000 0.005
0.209 0.882 0.000 0.005
0.209 0.900 0.000 0.005
0.209 0.918 0.000 0.005
0.209 0.936 0.000 0.005
0.209 0.955 0.000 0.005
0.209 0.973 0.000 0.005
0.209 0.991 0.000 0.005
0.227 0.009 0.000 0.005
0.227 0.027 0.000 0.005
0.227 0.045 0.000 0.005
0.227 0.064 0.000 0.005
0.227 0.082 0.000 0.005
0.227 0.100 0.000 0.005
0.227 0.118 0.000 0.005
0.227 0.136 0.000 0.005
0.227 0.155 0.000 0.005
0.227 0.173 0.000 0.005
0.227 0.191 0.000 0.005
0.227 0.209 0.000 0.005
0.227 0.227 0.000 0.005
0.227 0.245 0.000 0.005
0.227 0.264 0.000 0.005
0.227 0.282 0.000 0.005
0.227 0.300 0.000 0.005
0.227 0.318 0.000 0.005
0.227 0.336 0.000 0.005
0.227 0.355 0.000 0.005
0.227 0.373 0.000 0.005
0.227 0.391 0.000 0.005
0.227 0.409 0.000 0.005
0.227 0.427 0.000 0.005
0.227 0.445 0.000 0.005
0.227 0.464 0.000 0.005
0.227 0.482 0.000 0.005
0.227 0.500 0.000 0.005
0.227 0.518 0.000 0.005
0.227 0.536 0.000 0.005
0.227 0.555 0.000 0.005
0.227 0.573 0.000 0.005
0.227 0.591 0.000 0.005
0.227 0.609 0.000 0.005
0.227 0.627 0.000 0.005
0.227 0.645 0.000 0.005
0.227 0.664 0.000 0.005
0.227 0.682 0.000 0.005
0.227 0.700 0.000 0.005
0.227 0.718 0.000 0.005
0.227 0.736 0.000 0.005
0.227 0.755 0.000 0.005
0.227 0.773 0.000 0.005
0.227 0.791 0.000 0.005
0.227 0.809 0.000 0.005
0.227 0.827 0.000 0.005
0.227 0.845 0.000 0.005
0.227 0.864 0.000 0.005
0.227 0.882 0.000 0.005
0.227 0.900 0.000 0.005
0.227 0.918 0.000 0.005
0.227 0.936 0.000 0.005
0.227 0.955 0.000 0.005
0.227 0.973 0.000 0.005
0.227 0.991 0.000 0.005
0.245 0.009 0.000 0.005
0.245 0.027 0.000 0.005
0.245 0.045 0.000 0.005
0.245 0.064 0.000 0.005
0.245 0.082 0.000 0.005
0.245 0.100 0.000 0.005
0.245 0.118 0.000 0.005
0.245 0.136 0.000 0.005
0.245 0.155 0.000 0.005
0.245 0.173 0.000 0.005
0.245 0.191 0.000 0.005
0.245 0.209 0.000 0.005
0.245 0.227 0.000 0.005
0.245 0.245 0.000 0.005
0.245 0.264 0.000 0.005
0.245 0.282 0.000 0.005
0.245 0.300 0.000 0.005
0.245 0.318 0.000 0.005
0.245 0.336 0.000 0.005
0.245 0.355 0.000 0.005
0.245 0.373 0.000 0.005
0.245 0.391 0.000 0.005
0.245 0.409 0.000 0.005
0.245 0.427 0.000 0.005
0.245 0.445 0.000 0.005
0.245 0.464 0.000 0.005
0.245 0.482 0.000 0.005
0.245 0.500 0.000 0.005
0.245 0.518 0.000 0.005
0.245 0.536 0.000 0.005
0.245 0.555 0.000 0.005
0.245 0.573 0.000 0.005
0.245 0.591 0.000 0.005
0.245 0.609 0.000 0.005
0.245 0.627 0.000 0.005
0.245 0.645 0.000 0.005
0.245 0.664 0.000 0.005
0.245 0.682 0.000 0.005
0.245 0.700 0.000 0.005
0.245 0.718 0.000 0.005
0.245 0.736 0.000 0.005
0.245 0.755 0.000 0.005
0.245 0.773 0.000 0.005
0.245 0.791 0.000 0.005
0.245 0.809 0.000 0.005
0.245 0.827 0.000 0.005
0.245 0.845 0.000 0.005
0.245 0.864 0.000 0.005
0.245 0.882 0.000 0.005
0.245 0.900 0.000 0.005
0.245 0.918 0.000 0.005
0.245 0.936 0.000 0.005
0.245 0.955 0.000 0.005
0.245 0.973 0.000 0.005
0.245 0.991 0.000 0.005
0.264 0.009 0.000 0.005
0.264 0.027 0.000 0.005
0.264 0.045 0.000 0.005
0.264 0.064 0.000 0.005
0.264 0.082 0.000 0.005
0.264 0.100 0.000 0.005
0.264 0.118 0.000 0.005
0.264 0.136 0.000 0.005
0.264 0.155 0.000 0.005
0.264 0.173 0.000 0.005
0.264 0.191 0.000 0.005
0.264 0.209 0.000 0.005
0.264 0.227 0.000 0.005
0.264 0.245 0.000 0.005
0.264 0.264 0.000 0.005
0.264 0.282 0.000 0.005
0.264 0.300 0.000 0.005
0.264 0.318 0.000 0.005
0.264 0.336 0.000 0.005
0.264 0.355 0.000 0.005
0.264 0.373 0.000 0.005
0.264 0.391 0.000 0.005
0.264 0.409 0.000 0.005
0.264 0.427 0.000 0.005
0.264 0.445 0.000 0.005
0.264 0.464 0.000 0.005
0.264 0.482 0.000 0.005
0.264 0.500 0.000 0.005
0.264 0.518 0.000 0.005
0.264 0.536 0.000 0.005
0.264 0.555 0.000 0.005
0.264 0.573 0.000 0.005
0.264 0.591 0.000 0.005
0.264 0.609 0.000 0.005
0.264 0.627 0.000 0.005
0.264 0.645 0.000 0.005
0.264 0.664 0.000 0.005
0.264 0.682 0.000 0.005
0.264 0.700 0.000 0.005
0.264 0.718 0.000 0.005
0.264 0.736 0.000 0.005
0.264 0.755 0.000 0.005
0.264 0.773 0.000 0.005
0.264 0.791 0.000 0.005
0.264 0.809 0.000 0.005
0.264 0.827 0.000 0.005
0.264 0.845 0.000 0.005
0.264 0.864 0.000 0.005
0.264 0.882 0.000 0.005
0.264 0.900 0.000 0.005
0.264 0.918 0.000 0.005
0.264 0.936 0.000 0.005
0.264 0.955 0.000 0.005
0.264 0.973 0.000 0.005
0.264 0.991 0.000 0.005
0.282 0.009 0.000 0.005
0.282 0.027 0.000 0.005
0.282 0.045 0.000 0.005
0.282 0.064 0.000 0.005
0.282 0.082 0.000 0.005
0.282 0.100 0.000 0.005
0.282 0.118 0.000 0.005
0.282 0.136 0.000 0.005
0.282 0.155 0.000 0.005
0.282 0.173 0.000 0.005
0.282 0.191 0.000 0.005
0.282 0.209 0.000 0.005
0.282 0.227 0.000 0.005
0.282 0.245 0.000 0.005
0.282 0.264 0.000 0.005
0.282 0.282 0.000 0.005
0.282 0.300 0.000 0.005
0.282 0.318 0.000 0.005
0.282 0.336 0.000 0.005
0.282 0.355 0.000 0.005
0.282 0.373 0.000 0.005
0.282 0.391 0.000 0.005
0.282 0.409 0.000 0.005
0.282 0.427 0.000 0.005
0.282 0.445 0.000 0.005
0.282 0.464 0.000 0.005
0.282 0.482 0.000 0.005
0.282 0.500 0.000 0.005
0.282 0.518 0.000 0.005
0.282 0.536 0.000 0.005
0.282 0.555 0.000 0.005
0.282 0.573 0.000 0.005
0.282 0.591 0.000 0.005
0.282 0.609 0.000 0.005
0.282 0.627 0.000 0.005
0.282 0.645 0.000 0.005
0.282 0.664 0.000 0.005
0.282 0.682 0.000 0.005
0.282 0.700 0.000 0.005
0.282 0.718 0.000 0.005
0.282 0.736 0.000 0.005
0.282 0.755 0.000 0.005
0.282 0.773 0.000 0.005
0.282 0.791 0.000 0.005
0.282 0.809 0.000 0.005
0.282 0.827 0.000 0.005
0.282 0.845 0.000 0.005
0.282 0.864 0.000 0.005
0.282 0.882 0.000 0.005
0.282 0.900 0.000 0.005
0.282 0.918 0.000 0.005
0.282 0.936 0.000 0.005
0.282 0.955 0.000 0.005
0.282 0.973 0.000 0.005
0.282 0.991 0.000 0.005
0.300 0.009 0.000 0.005
0.300 0.027 0.000 0.005
0.300 0.045 0.000 0.005
0.300 0.064 0.000 0.005
0.300 0.082 0.000 0.005
0.300 0.100 0.000 0.005
0.300 0.118 0.000 0.005
0.300 0.136 0.000 0.005
0.300 0.155 0.000 0.005
0.300 0.173 0.000 0.005
0.300 0.191 0.000 0.005
0.300 0.209 0.000 0.005
0.300 0.227 0.000 0.005
0.300 0.245 0.000 0.005
0.300 0.264 0.000 0.005
0.300 0.282 0.000 0.005
0.300 0.300 0.000 0.005
0.300 0.318 0.000 0.005
0.300 0.336 0.000 0.005
0.300 0.355 0.000 0.005
0.300 0.373 0.000 0.005
0.300 0.391 0.000 0.005
0.300 0.409 0.000 0.005
0.300 0.427 0.000 0.005
0.300 0.445 0.000 0.005
0.300 0.464 0.000 0.005
0.300 0.482 0.000 0.005
0.300 0.500 0.000 0.005
0.300 0.518 0.000 0.005
0.300 0.536 0.000 0.005
0.300 0.555 0.000 0.005
0.300 0.573 0.000 0.005
0.300 0.591 0.000 0.005
0.300 0.609 0.000 0.005
0.300 0.627 0.000 0.005
0.300 0.645 0.000 0.005
0.300 0.664 0.000 0.005
0.300 0.682 0.000 0.005
0.300 0.700 0.000 0.005
0.300 0.718 0.000 0.005
0.300 0.736 0.000 0.005
0.300 0.755 0.000 0.005
0.300 0.773 0.000 0.005
0.300 0.791 0.000 0.005
0.300 0.809 0.000 0.005
0.300 0.827 0.000 0.005
0.300 0.845 0.000 0.005
0.300 0.864 0.000 0.005
0.300 0.882 0.000 0.005
0.300 0.900 0.000 0.005
0.300 0.918 0.000 0.005
0.300 0.936 0.000 0.005
0.300 0.955 0.000 0.005
0.300 0.973 0.000 0.005
0.300 0.991 0.000 0.005
0.318 0.009 0.000 0.005
0.318 0.027 0.000 0.005
0.318 0.045 0.000 0.005
0.318 0.064 0.000 0.005
0.318 0.082 0.000 0.005
0.318 0.100 0.000 0.005
0.318 0.118 0.000 0.005
0.318 0.136 0.000 0.005
0.318 0.155 0.000 0.005
0.318 0.173 0.000 0.005
0.318 0.191 0.000 0.005
0.318 0.209 0.000 0.005
0.318 0.227 0.000 0.005
0.318 0.245 0.000 0.005
0.318 0.264 0.000 0.005
0.318 0.282 0.000 0.005
0.318 0.300 0.000 0.005
0.318 0.318 0.000 0.005
0.318 0.336 0.000 0.005
0.318 0.355 0.000 0.005
0.318 0.373 0.000 0.005
0.318 0.391 0.000 0.005
0.318 0.409 0.000 0.005
0.318 0.427 0.000 0.005
0.318 0.445 0.000 0.005
0.318 0.464 0.000 0.005
0.318 0.482 0.000 0.005
0.318 0.500 0.000 0.005
0.318 0.518 0.000 0.005
0.318 0.536 0.000 0.005
0.318 0.555 0.000 0.005
0.318 0.573 0.000 0.005
0.318 0.591 0.000 0.005
0.318 0.609 0.000 0.005
0.318 0.627 0.000 0.005
0.318 0.645 0.000 0.005
0.318 0.664 0.000 0.005
0.318 0.682 0.000 0.005
0.318 0.700 0.000 0.005
0.318 0.718 0.000 0.005
0.318 0.736 0.000 0.005
0.318 0.755 0.000 0.005
0.318 0.773 0.000 0.005
0.318 0.791 0.000 0.005
0.318 0.809 0.000 0.005
0.318 0.827 0.000 0.005
0.318 0.845 0.000 0.005
0.318 0.864 0.000 0.005
0.318 0.882 0.000 0.005
0.318 0.900 0.000 0.005
0.318 0.918 0.000 0.005
0.318 0.936 0.000 0.005
0.318 0.955 0.000 0.005
0.318 0.973 0.000 0.005
0.318 0.991 0.000 0.005
0.336 0.009 0.000 0.005
0.336 0.027 0.000 0.005
0.336 0.045 0.000 0.005
0.336 0.064 0.000 0.005
0.336 0.082 0.000 0.005
0.336 0.100 0.000 0.005
0.336 0.118 0.000 0.005
0.336 0.136 0.000 0.005
0.336 0.155 0.000 0.005
0.336 0.173 0.000 0.005
0.336 0.191 0.000 0.005
0.336 0.209 0.000 0.005
0.336 0.227 0.000 0.005
0.336 0.245 0.000 0.005
0.336 0.264 0.000 0.005
0.336 0.282 0.000 0.005
0.336 0.300 0.000 0.005
0.336 0.318 0.000 0.005
0.336 0.336 0.000 0.005
0.336 0.355 0.000 0.005
0.336 0.373 0.000 0.005
0.336 0.391 0.000 0.005
0.336 0.409 0.000 0.005
0.336 0.427 0.000 0.005
0.336 0.445 0.000 0.005
0.336 0.464 0.000 0.005
0.336 0.482 0.000 0.005
0.336 0.500 0.000 0.005
0.336 0.518 0.000 0.005
0.336 0.536 0.000 0.005
0.336 0.555 0.000 0.005
0.336 0.573 0.000 0.005
0.336 0.591 0.000 0.005
0.336 0.609 0.000 0.005
0.336 0.627 0.000 0.005
0.336 0.645 0.000 0.005
0.336 0.664 0.000 0.005
0.336 0.682 0.000 0.005
0.336 0.700 0.000 0.005
0.336 0.718 0.000 0.005
0.336 0.736 0.000 0.005
0.336 0.755 0.000 0.005
0.336 0.773 0.000 0.005
0.336 0.791 0.000 0.005
0.336 0.809 0.000 0.005
0.336 0.827 0.000 0.005
0.336 0.845 0.000 0.005
0.336 0.864 0.000 0.005
0.336 0.882 0.000 0.005
0.336 0.900 0.000 0.005
0.336 0.918 0.000 0.005
0.336 0.936 0.000 0.005
0.336 0.955 0.000 0.005
0.336 0.973 0.000 0.005
0.336 0.991 0.000 0.005
0.355 0.009 0.000 0.005
0.355 0.027 0.000 0.005
0.355 0.045 0.000 0.005
0.355 0.064 0.000 0.005
0.355 0.082 0.000 0.005
0.355 0.100 0.000 0.005
0.355 0.118 0.000 0.005
0.355 0.136 0.000 0.005
0.355 0.155 0.000 0.005
0.355 0.173 0.000 0.005
0.355 0.191 0.000 0.005
0.355 0.209 0.000 0.005
0.355 0.227 0.000 0.005
0.355 0.245 0.000 0.005
0.355 0.264 0.000 0.005
0.355 0.282 0.000 0.005
0.355 0.300 0.000 0.005
0.355 0.318 0.000 0.005
0.355 0.336 0.000 0.005
0.355 0.355 0.000 0.005
0.355 0.373 0.000 0.005
0.355 0.391 0.000 0.005
0.355 0.409 0.000 0.005
0.355 0.427 0.000 0.005
0.355 0.445 0.000 0.005
0.355 0.464 0.000 0.005
0.355 0.482 0.000 0.005
0.355 0.500 0.000 0.005
0.355 0.518 0.000 0.005
0.355 0.536 0.000 0.005
0.355 0.555 0.000 0.005
0.355 0.573 0.000 0.005
0.355 0.591 0.000 0.005
0.355 0.609 0.000 0.005
0.355 0.627 0.000 0.005
0.355 0.645 0.000 0.005
0.355 0.664 0.000 0.005
0.355 0.682 0.000 0.005
0.355 0.700 0.000 0.005
0.355 0.718 0.000 0.005
0.355 0.736 0.000 0.005
0.355 0.755 0.000 0.005
0.355 0.773 0.000 0.005
0.355 0.791 0.000 0.005
0.355 0.809 0.000 0.005
0.355 0.827 0.000 0.005
0.355 0.845 0.000 0.005
0.355 0.864 0.000 0.005
0.355 0.882 0.000 0.005
0.355 0.900 0.000 0.005
0.355 0.918 0.000 0.005
0.355 0.936 0.000 0.005
0.355 0.955 0.000 0.005
0.355 0.973 0.000 0.005
0.355 0.991 0.000 0.005
0.373 0.009 0.000 0.005
0.373 0.027 0.000 0.005
0.373 0.045 0.000 0.005
0.373 0.064 0.000 0.005
0.373 0.082 0.000 0.005
0.373 0.100 0.000 0.005
0.373 0.118 0.000 0.005
0.373 0.136 0.000 0.005
0.373 0.155 0.000 0.005
0.373 0.173 0.000 0.005
0.373 0.191 0.000 0.005
0.373 0.209 0.000 0.005
0.373 0.227 0.000 0.005
0.373 0.245 0.000 0.005
0.373 0.264 0.000 0.005
0.373 0.282 0.000 0.005
0.373 0.300 0.000 0.005
0.373 0.318 0.000 0.005
0.373 0.336 0.000 0.005
0.373 0.355 0.000 0.005
0.373 0.373 0.000 0.005
0.373 0.391 0.000 0.005
0.373 0.409 0.000 0.005
0.373 0.427 0.000 0.005
0.373 0.445 0.000 0.005
0.373 0.464 0.000 0.005
0.373 0.482 0.000 0.005
0.373 0.500 0.000 0.005
0.373 0.518 0.000 0.005
0.373 0.536 0.000 0.005
0.373 0.555 0.000 0.005
0.373 0.573 0.000 0.005
0.373 0.591 0.000 0.005
0.373 0.609 0.000 0.005
0.373 0.627 0.000 0.005
0.373 0.645 0.000 0.005
0.373 0.664 0.000 0.005
0.373 0.682 0.000 0.005
0.373 0.700 0.000 0.005
0.373 0.718 0.000 0.005
0.373 0.736 0.000 0.005
0.373 0.755 0.000 0.005
0.373 0.773 0.000 0.005
0.373 0.791 0.000 0.005
0.373 0.809 0.000 0.005
0.373 0.827 0.000 0.005
0.373 0.845 0.000 0.005
0.373 0.864 0.000 0.005
0.373 0.882 0.000 0.005
0.373 0.900 0.000 0.005
0.373 0.918 0.000 0.005
0.373 0.936 0.000 0.005
0.373 0.955 0.000 0.005
0.373 0.973 0.000 0.005
0.373 0.991 0.000 0.005
0.391 0.009 0.000 0.005
0.391 0.027 0.000 0.005
0.391 0.045 0.000 0.005
0.391 0.064 0.000 0.005
0.391 0.082 0.000 0.005
0.391 0.100 0.000 0.005
0.391 0.118 0.000 0.005
0.391 0.136 0.000 0.005
0.391 0.155 0.000 0.005
0.391 0.173 0.000 0.005
0.391 0.191 0.000 0.005
0.391 0.209 0.000 0.005
0.391 0.227 0.000 0.005
0.391 0.245 0.000 0.005
0.391 0.264 0.000 0.005
0.391 0.282 0.000 0.005
0.391 0.300 0.000 0.005
0.391 0.318 0.000 0.005
0.391 0.336 0.000 0.005
0.391 0.355 0.000 0.005
0.391 0.373 0.000 0.005
0.391 0.391 0.000 0.005
0.391 0.409 0.000 0.005
0.391 0.427 0.000 0.005
0.391 0.445 0.000 0.005
0.391 0.464 0.000 0.005
0.391 0.482 0.000 0.005
0.391 0.500 0.000 0.005
0.391 0.518 0.000 0.005
0.391 0.536 0.000 0.005
0.391 0.555 0.000 0.005
0.391 0.573 0.000 0.005
0.391 0.591 0.000 0.005
0.391 0.609 0.000 0.005
0.391 0.627 0.000 0.005
0.391 0.645 0.000 0.005
0.391 0.664 0.000 0.005
0.391 0.682 0.000 0.005
0.391 0.700 0.000 0.005
0.391 0.718 0.000 0.005
0.391 0.736 0.000 0.005
0.391 0.755 0.000 0.005
0.391 0.773 0.000 0.005
0.391 0.791 0.000 0.005
0.391 0.809 0.000 0.005
0.391 0.827 0.000 0.005
0.391 0.845 0.000 0.005
0.391 0.864 0.000 0.005
0.391 0.882 0.000 0.005
0.391 0.900 0.000 0.005
0.391 0.918 0.000 0.005
0.391 0.936 0.000 0.005
0.391 0.955 0.000 0.005
0.391 0.973 0.000 0.005
0.391 0.991 0.000 0.005
0.409 0.009 0.000 0.005
0.409 0.027 0.000 0.005
0.409 0.045 0.000 0.005
0.409 0.064 0.000 0.005
0.409 0.082 0.000 0.005
0.409 0.100 0.000 0.005
0.409 0.118 0.000 0.005
0.409 0.136 0.000 0.005
0.409 0.155 0.000 0.005
0.409 0.173 0.000 0.005
0.409 0.191 0.000 0.005
0.409 0.209 0.000 0.005
0.409 0.227 0.000 0.005
0.409 0.245 0.000 0.005
0.409 0.264 0.000 0.005
0.409 0.282 0.000 0.005
0.409 0.300 0.000 0.005
0.409 0.318 0.000 0.005
0.409 0.336 0.000 0.005
0.409 0.355 0.000 0.005
0.409 0.373 0.000 0.005
0.409 0.391 0.000 0.005
0.409 0.409 0.000 0.005
0.409 0.427 0.000 0.005
0.409 0.445 0.000 0.005
0.409 0.464 0.000 0.005
0.409 0.482 0.000 0.005
0.409 0.500 0.000 0.005
0.409 0.518 0.000 0.005
0.409 0.536 0.000 0.005
0.409 0.555 0.000 0.005
0.409 0.573 0.000 0.005
0.409 0.591 0.000 0.005
0.409 0.609 0.000 0.005
0.409 0.627 0.000 0.005
0.409 0.645 0.000 0.005
0.409 0.664 0.000 0.005
0.409 0.682 0.000 0.005
0.409 0.700 0.000 0.005
0.409 0.718 0.000 0.005
0.409 0.736 0.000 0.005
0.409 0.755 0.000 0.005
0.409 0.773 0.000 0.005
0.409 0.791 0.000 0.005
0.409 0.809 0.000 0.005
0.409 0.827 0.000 0.005
0.409 0.845 0.000 0.005
0.409 0.864 0.000 0.005
0.409 0.882 0.000 0.005
0.409 0.900 0.000 0.005
0.409 0.918 0.000 0.005
0.409 0.936 0.000 0.005
0.409 0.955 0.000 0.005
0.409 0.973 0.000 0.005
0.409 0.991 0.000 0.005
0.427 0.009 0.000 0.005
0.427 0.027 0.000 0.005
0.427 0.045 0.000 0.005
0.427 0.064 0.000 0.005
0.427 0.082 0.000 0.005
0.427 0.100 0.000 0.005
0.427 0.118 0.000 0.005
0.427 0.136 0.000 0.005
0.427 0.155 0.000 0.005
0.427 0.173 0.000 0.005
0.427 0.191 0.000 0.005
0.427 0.209 0.000 0.005
0.427 0.227 0.000 0.005
0.427 0.245 0.000 0.005
0.427 0.264 0.000 0.005
0.427 0.282 0.000 0.005
0.427 0.300 0.000 0.005
0.427 0.318 0.000 0.005
0.427 0.336 0.000 0.005
0.427 0.355 0.000 0.005
0.427 0.373 0.000 0.005
0.427 0.391 0.000 0.005
0.427 0.409 0.000 0.005
0.427 0.427 0.000 0.005
0.427 0.445 0.000 0.005
0.427 0.464 0.000 0.005
0.427 0.482 0.000 0.005
0.427 0.500 0.000 0.005
0.427 0.518 0.000 0.005
0.427 0.536 0.000 0.005
0.427 0.555 0.000 0.005
0.427 0.573 0.000 0.005
0.427 0.591 0.000 0.005
0.427 0.609 0.000 0.005
0.427 0.627 0.000 0.005
0.427 0.645 0.000 0.005
0.427 0.664 0.000 0.005
0.427 0.682 0.000 0.005
0.427 0.700 0.000 0.005
0.427 0.718 0.000 0.005
0.427 0.736 0.000 0.005
0.427 0.755 0.000 0.005
0.427 0.773 0.000 0.005
0.427 0.791 0.000 0.005
0.427 0.809 0.000 0.005
0.427 0.827 0.000 0.005
0.427 0.845 0.000 0.005
0.427 0.864 0.000 0.005
0.427 0.882 0.000 0.005
0.427 0.900 0.000 0.005
0.427 0.918 0.000 0.005
0.427 0.936 0.000 0.005
0.427 0.955 0.000 0.005
0.427 0.973 0.000 0.005
0.427 0.991 0.000 0.005
0.445 0.009 0.000 0.005
0.445 0.027 0.000 0.005
0.445 0.045 0.000 0.005
0.445 0.064 0.000 0.005
0.445 0.082 0.000 0.005
0.445 0.100 0.000 0.005
0.445 0.118 0.000 0.005
0.445 0.136 0.000 0.005
0.445 0.155 0.000 0.005
0.445 0.173 0.000 0.005
0.445 0.191 0.000 0.005
0.445 0.209 0.000 0.005
0.445 0.227 0.000 0.005
0.445 0.245 0.000 0.005
0.445 0.264 0.000 0.005
0.445 0.282 0.000 0.005
0.445 0.300 0.000 0.005
0.445 0.318 0.000 0.005
0.445 0.336 0.000 0.005
0.445 0.355 0.000 0.005
0.445 0.373 0.000 0.005
0.445 0.391 0.000 0.005
0.445 0.409 0.000 0.005
0.445 0.427 0.000 0.005
0.445 0.445 0.000 0.005
0.445 0.464 0.000 0.005
0.445 0.482 0.000 0.005
0.445 0.500 0.000 0.005
0.445 0.518 0.000 0.005
0.445 0.536 0.000 0.005
0.445 0.555 0.000 0.005
0.445 0.573 0.000 0.005
0.445 0.591 0.000 0.005
0.445 0.609 0.000 0.005
0.445 0.627 0.000 0.005
0.445 0.645 0.000 0.005
0.445 0.664 0.000 0.005
0.445 0.682 0.000 0.005
0.445 0.700 0.000 0.005
0.445 0.718 0.000 0.005
0.445 0.736 0.000 0.005
0.445 0.755 0.000 0.005
0.445 0.773 0.000 0.005
0.445 0.791 0.000 0.005
0.445 0.809 0.000 0.005
0.445 0.827 0.000 0.005
0.445 0.845 0.000 0.005
0.445 0.864 0.000 0.005
0.445 0.882 0.000 0.005
0.445 0.900 0.000 0.005
0.445 0.918 0.000 0.005
0.445 0.936 0.000 0.005
0.445 0.955 0.000 0.005
0.445 0.973 0.000 0.005
0.445 0.991 0.000 0.005
0.464 0.009 0.000 0.005
0.464 0.027 0.000 0.005
0.464 0.045 0.000 0.005
0.464 0.064 0.000 0.005
0.464 0.082 0.000 0.005
0.464 0.100 0.000 0.005
0.464 0.118 0.000 0.005
0.464 0.136 0.000 0.005
0.464 0.155 0.000 0.005
0.464 0.173 0.000 0.005
0.464 0.191 0.000 0.005
0.464 0.209 0.000 0.005
0.464 0.227 0.000 0.005
0.464 0.245 0.000 0.005
0.464 0.264 0.000 0.005
0.464 0.282 0.000 0.005
0.464 0.300 0.000 0.005
0.464 0.318 0.000 0.005
0.464 0.336 0.000 0.005
0.464 0.355 0.000 0.005
0.464 0.373 0.000 0.005
0.464 0.391 0.000 0.005
0.464 0.409 0.000 0.005
0.464 0.427 0.000 0.005
0.464 0.445 0.000 0.005
0.464 0.464 0.000 0.005
0.464 0.482 0.000 0.005
0.464 0.500 0.000 0.005
0.464 0.518 0.000 0.005
0.464 0.536 0.000 0.005
0.464 0.555 0.000 0.005
0.464 0.573 0.000 0.005
0.464 0.591 0.000 0.005
0.464 0.609 0.000 0.005
0.464 0.627 0.000 0.005
0.464 0.645 0.000 0.005
0.464 0.664 0.000 0.005
0.464 0.682 0.000 0.005
0.464 0.700 0.000 0.005
0.464 0.718 0.000 0.005
0.464 0.736 0.000 0.005
0.464 0.755 0.000 0.005
0.464 0.773 0.000 0.005
0.464 0.791 0.000 0.005
0.464 0.809 0.000 0.005
0.464 0.827 0.000 0.005
0.464 0.845 0.000 0.005
0.464 0.864 0.000 0.005
0.464 0.882 0.000 0.005
0.464 0.900 0.000 0.005
0.464 0.918 0.000 0.005
0.464 0.936 0.000 0.005
0.464 0.955 0.000 0.005
0.464 0.973 0.000 0.005
0.464 0.991 0.000 0.005
0.482 0.009 0.000 0.005
0.482 0.027 0.000 0.005
0.482 0.045 0.000 0.005
0.482 0.064 0.000 0.005
0.482 0.082 0.000 0.005
0.482 0.100 0.000 0.005
0.482 0.118 0.000 0.005
0.482 0.136 0.000 0.005
0.482 0.155 0.000 0.005
0.482 0.173 0.000 0.005
0.482 0.191 0.000 0.005
0.482 0.209 0.000 0.005
0.482 0.227 0.000 0.005
0.482 0.245 0.000 0.005
0.482 0.264 0.000 0.005
0.482 0.282 0.000 0.005
0.482 0.300 0.000 0.005
0.482 0.318 0.000 0.005
0.482 0.336 0.000 0.005
0.482 0.355 0.000 0.005
0.482 0.373 0.000 0.005
0.482 0.391 0.000 0.005
0.482 0.409 0.000 0.005
0.482 0.427 0.000 0.005
0.482 0.445 0.000 0.005
0.482 0.464 0.000 0.005
0.482 0.482 0.000 0.005
0.482 0.500 0.000 0.005
0.482 0.518 0.000 0.005
0.482 0.536 0.000 0.005
0.482 0.555 0.000 0.005
0.482 0.573 0.000 0.005
0.482 0.591 0.000 0.005
0.482 0.609 0.000 0.005
0.482 0.627 0.000 0.005
0.482 0.645 0.000 0.005
0.482 0.664 0.000 0.005
0.482 0.682 0.000 0.005
0.482 0.700 0.000 0.005
0.482 0.718 0.000 0.005
0.482 0.736 0.000 0.005
0.482 0.755 0.000 0.005
0.482 0.773 0.000 0.005
0.482 0.791 0.000 0.005
0.482 0.809 0.000 0.005
0.482 0.827 0.000 0.005
0.482 0.845 0.000 0.005
0.482 0.864 0.000 0.005
0.482 0.882 0.000 0.005
0.482 0.900 0.000 0.005
0.482 0.918 0.000 0.005
0.482 0.936 0.000 0.005
0.482 0.955 0.000 0.005
0.482 0.973 0.000 0.005
0.482 0.991 0.000 0.005
0.500 0.009 0.000 0.005
0.500 0.027 0.000 0.005
0.500 0.045 0.000 0.005
0.500 0.064 0.000 0.005
0.500 0.082 0.000 0.005
0.500 0.100 0.000 0.005
0.500 0.118 0.000 0.005
0.500 0.136 0.000 0.005
0.500 0.155 0.000 0.005
0.500 0.173 0.000 0.005
0.500 0.191 0.000 0.005
0.500 0.209 0.000 0.005
0.500 0.227 0.000 0.005
0.500 0.245 0.000 0.005
0.500 0.264 0.000 0.005
0.500 0.282 0.000 0.005
0.500 0.300 0.000 0.005
0.500 0.318 0.000 0.005
0.500 0.336 0.000 0.005
0.500 0.355 0.000 0.005
0.500 0.373 0.000 0.005
0.500 0.391 0.000 0.005
0.500 0.409 0.000 0.005
0.500 0.427 0.000 0.005
0.500 0.445 0.000 0.005
0.500 0.464 0.000 0.005
0.500 0.482 0.000 0.005
0.500 0.500 0.000 0.005
0.500 0.518 0.000 0.005
0.500 0.536 0.000 0.005
0.500 0.555 0.000 0.005
0.500 0.573 0.000 0.005
0.500 0.591 0.000 0.005
0.500 0.609 0.000 0.005
0.500 0.627 0.000 0.005
0.500 0.645 0.000 0.005
0.500 0.664 0.000 0.005
0.500 0.682 0.000 0.005
0.500 0.700 0.000 0.005
0.500 0.718 0.000 0.005
0.500 0.736 0.000 0.005
0.500 0.755 0.000 0.005
0.500 0.773 0.000 0.005
0.500 0.791 0.000 0.005
0.500 0.809 0.000 0.005
0.500 0.827 0.000 0.005
0.500 0.845 0.000 0.005
0.500 0.864 0.000 0.005
0.500 0.882 0.000 0.005
0.500 0.900 0.000 0.005
0.500 0.918 0.000 0.005
0.500 0.936 0.000 0.005
0.500 0.955 0.000 0.005
0.500 0.973 0.000 0.005
0.500 0.991 0.000 0.005
0.518 0.009 0.000 0.005
0.518 0.027 0.000 0.005
0.518 0.045 0.000 0.005
0.518 0.064 0.000 0.005
0.518 0.082 0.000 0.005
0.518 0.100 0.000 0.005
0.518 0.118 0.000 0.005
0.518 0.136 0.000 0.005
0.518 0.155 0.000 0.005
0.518 0.173 0.000 0.005
0.518 0.191 0.000 0.005
0.518 0.209 0.000 0.005
0.518 0.227 0.000 0.005
0.518 0.245 0.000 0.005
0.518 0.264 0.000 0.005
0.518 0.282 0.000 0.005
0.518 0.300 0.000 0.005
0.518 0.318 0.000 0.005
0.518 0.336 0.000 0.005
0.518 0.355 0.000 0.005
0.518 0.373 0.000 0.005
0.518 0.391 0.000 0.005
0.518 0.409 0.000 0.005
0.518 0.427 0.000 0.005
0.518 0.445 0.000 0.005
0.518 0.464 0.000 0.005
0.518 0.482 0.000 0.005
0.518 0.500 0.000 0.005
0.518 0.518 0.000 0.005
0.518 0.536 0.000 0.005
0.518 0.555 0.000 0.005
0.518 0.573 0.000 0.005
0.518 0.591 0.000 0.005
0.518 0.609 0.000 0.005
0.518 0.627 0.000 0.005
0.518 0.645 0.000 0.005
0.518 0.664 0.000 0.005
0.518 0.682 0.000 0.005
0.518 0.700 0.000 0.005
0.518 0.718 0.000 0.005
0.518 0.736 0.000 0.005
0.518 0.755 0.000 0.005
0.518 0.773 0.000 0.005
0.518 0.791 0.000 0.005
0.518 0.809 0.000 0.005
0.518 0.827 0.000 0.005
0.518 0.845 0.000 0.005
0.518 0.864 0.000 0.005
0.518 0.882 0.000 0.005
0.518 0.900 0.000 0.005
0.518 0.918 0.000 0.005
0.518 0.936 0.000 0.005
0.518 0.955 0.000 0.005
0.518 0.973 0.000 0.005
0.518 0.991 0.000 0.005
0.536 0.009 0.000 0.005
0.536 0.027 0.000 0.005
0.536 0.045 0.000 0.005
0.536 0.064 0.000 0.005
0.536 0.082 0.000 0.005
0.536 0.100 0.000 0.005
0.536 0.118 0.000 0.005
0.536 0.136 0.000 0.005
0.536 0.155 0.000 0.005
0.536 0.173 0.000 0.005
0.536 0.191 0.000 0.005
0.536 0.209 0.000 0.005
0.536 0.227 0.000 0.005
0.536 0.245 0.000 0.005
0.536 0.264 0.000 0.005
0.536 0.282 0.000 0.005
0.536 0.300 0.000 0.005
0.536 0.318 0.000 0.005
0.536 0.336 0.000 0.005
0.536 0.355 0.000 0.005
0.536 0.373 0.000 0.005
0.536 0.391 0.000 0.005
0.536 0.409 0.000 0.005
0.536 0.427 0.000 0.005
0.536 0.445 0.000 0.005
0.536 0.464 0.000 0.005
0.536 0.482 0.000 0.005
0.536 0.500 0.000 0.005
0.536 0.518 0.000 0.005
0.536 0.536 0.000 0.005
0.536 0.555 0.000 0.005
0.536 0.573 0.000 0.005
0.536 0.591 0.000 0.005
0.536 0.609 0.000 0.005
0.536 0.627 0.000 0.005
0.536 0.645 0.000 0.005
0.536 0.664 0.000 0.005
0.536 0.682 0.000 0.005
0.536 0.700 0.000 0.005
0.536 0.718 0.000 0.005
0.536 0.736 0.000 0.005
0.536 0.755 0.000 0.005
0.536 0.773 0.000 0.005
0.536 0.791 0.000 0.005
0.536 0.809 0.000 0.005
0.536 0.827 0.000 0.005
0.536 0.845 0.000 0.005
0.536 0.864 0.000 0.005
0.536 0.882 0.000 0.005
0.536 0.900 0.000 0.005
0.536 0.918 0.000 0.005
0.536 0.936 0.000 0.005
0.536 0.955 0.000 0.005
0.536 0.973 0.000 0.005
0.536 0.991 0.000 0.005
0.555 0.009 0.000 0.005
0.555 0.027 0.000 0.005
0.555 0.045 0.000 0.005
0.555 0.064 0.000 0.005
0.555 0.082 0.000 0.005
0.555 0.100 0.000 0.005
0.555 0.118 0.000 0.005
0.555 0.136 0.000 0.005
0.555 0.155 0.000 0.005
0.555 0.173 0.000 0.005
0.555 0.191 0.000 0.005
0.555 0.209 0.000 0.005
0.555 0.227 0.000 0.005
0.555 0.245 0.000 0.005
0.555 0.264 0.000 0.005
0.555 0.282 0.000 0.005
0.555 0.300 0.000 0.005
0.555 0.318 0.000 0.005
0.555 0.336 0.000 0.005
0.555 0.355 0.000 0.005
0.555 0.373 0.000 0.005
0.555 0.391 0.000 0.005
0.555 0.409 0.000 0.005
0.555 0.427 0.000 0.005
0.555 0.445 0.000 0.005
0.555 0.464 0.000 0.005
0.555 0.482 0.000 0.005
0.555 0.500 0.000 0.005
0.555 0.518 0.000 0.005
0.555 0.536 0.000 0.005
0.555 0.555 0.000 0.005
0.555 0.573 0.000 0.005
0.555 0.591 0.000 0.005
0.555 0.609 0.000 0.005
0.555 0.627 0.000 0.005
0.555 0.645 0.000 0.005
0.555 0.664 0.000 0.005
0.555 0.682 0.000 0.005
0.555 0.700 0.000 0.005
0.555 0.718 0.000 0.005
0.555 0.736 0.000 0.005
0.555 0.755 0.000 0.005
0.555 0.773 0.000 0.005
0.555 0.791 0.000 0.005
0.555 0.809 0.000 0.005
0.555 0.827 0.000 0.005
0.555 0.845 0.000 0.005
0.555 0.864 0.000 0.005
0.555 0.882 0.000 0.005
0.555 0.900 0.000 0.005
0.555 0.918 0.000 0.005
0.555 0.936 0.000 0.005
0.555 0.955 0.000 0.005
0.555 0.973 0.000 0.005
0.555 0.991 0.000 0.005
0.573 0.009 0.000 0.005
0.573 0.027 0.000 0.005
0.573 0.045 0.000 0.005
0.573 0.064 0.000 0.005
0.573 0.082 0.000 0.005
0.573 0.100 0.000 0.005
0.573 0.118 0.000 0.005
0.573 0.136 0.000 0.005
0.573 0.155 0.000 0.005
0.573 0.173 0.000 0.005
0.573 0.191 0.000 0.005
0.573 0.209 0.000 0.005
0.573 0.227 0.000 0.005
0.573 0.245 0.000 0.005
0.573 0.264 0.000 0.005
0.573 0.282 0.000 0.005
0.573 0.300 0.000 0.005
0.573 0.318 0.000 0.005
0.573 0.336 0.000 0.005
0.573 0.355 0.000 0.005
0.573 0.373 0.000 0.005
0.573 0.391 0.000 0.005
0.573 0.409 0.000 0.005
0.573 0.427 0.000 0.005
0.573 0.445 0.000 0.005
0.573 0.464 0.000 0.005
0.573 0.482 0.000 0.005
0.573 0.500 0.000 0.005
0.573 0.518 0.000 0.005
0.573 0.536 0.000 0.005
0.573 0.555 0.000 0.005
0.573 0.573 0.000 0.005
0.573 0.591 0.000 0.005
0.573 0.609 0.000 0.005
0.573 0.627 0.000 0.005
0.573 0.645 0.000 0.005
0.573 0.664 0.000 0.005
0.573 0.682 0.000 0.005
0.573 0.700 0.000 0.005
0.573 0.718 0.000 0.005
0.573 0.736 0.000 0.005
0.573 0.755 0.000 0.005
0.573 0.773 0.000 0.005
0.573 0.791 0.000 0.005
0.573 0.809 0.000 0.005
0.573 0.827 0.000 0.005
0.573 0.845 0.000 0.005
0.573 0.864 0.000 0.005
0.573 0.882 0.000 0.005
0.573 0.900 0.000 0.005
0.573 0.918 0.000 0.005
0.573 0.936 0.000 0.005
0.573 0.955 0.000 0.005
0.573 0.973 0.000 0.005
0.573 0.991 0.000 0.005
0.591 0.009 0.000 0.005
0.591 0.027 0.000 0.005
0.591 0.045 0.000 0.005
0.591 0.064 0.000 0.005
0.591 0.082 0.000 0.005
0.591 0.100 0.000 0.005
0.591 0.118 0.000 0.005
0.591 0.136 0.000 0.005
0.591 0.155 0.000 0.005
0.591 0.173 0.000 0.005
0.591 0.191 0.000 0.005
0.591 0.209 0.000 0.005
0.591 0.227 0.000 0.005
0.591 0.245 0.000 0.005
0.591 0.264 0.000 0.005
0.591 0.282 0.000 0.005
0.591 0.300 0.000 0.005
0.591 0.318 0.000 0.005
0.591 0.336 0.000 0.005
0.591 0.355 0.000 0.005
0.591 0.373 0.000 0.005
0.591 0.391 0.000 0.005
0.591 0.409 0.000 0.005
0.591 0.427 0.000 0.005
0.591 0.445 0.000 0.005
0.591 0.464 0.000 0.005
0.591 0.482 0.000 0.005
0.591 0.500 0.000 0.005
0.591 0.518 0.000 0.005
0.591 0.536 0.000 0.005
0.591 0.555 0.000 0.005
0.591 0.573 0.000 0.005
0.591 0.591 0.000 0.005
0.591 0.609 0.000 0.005
0.591 0.627 0.000 0.005
0.591 0.645 0.000 0.005
0.591 0.664 0.000 0.005
0.591 0.682 0.000 0.005
0.591 0.700 0.000 0.005
0.591 0.718 0.000 0.005
0.591 0.736 0.000 0.005
0.591 0.755 0.000 0.005
0.591 0.773 0.000 0.005
0.591 0.791 0.000 0.005
0.591 0.809 0.000 0.005
0.591 0.827 0.000 0.005
0.591 0.845 0.000 0.005
0.591 0.864 0.000 0.005
0.591 0.882 0.000 0.005
0.591 0.900 0.000 0.005
0.591 0.918 0.000 0.005
0.591 0.936 0.000 0.005
0.591 0.955 0.000 0.005
0.591 0.973 0.000 0.005
0.591 0.991 0.000 0.005
0.609 0.009 0.000 0.005
0.609 0.027 0.000 0.005
0.609 0.045 0.000 0.005
0.609 0.064 0.000 0.005
0.609 0.082 0.000 0.005
0.609 0.100 0.000 0.005
0.609 0.118 0.000 0.005
0.609 0.136 0.000 0.005
0.609 0.155 0.000 0.005
0.609 0.173 0.000 0.005
0.609 0.191 0.000 0.005
0.609 0.209 0.000 0.005
0.609 0.227 0.000 0.005
0.609 0.245 0.000 0.005
0.609 0.264 0.000 0.005
0.609 0.282 0.000 0.005
0.609 0.300 0.000 0.005
0.609 0.318 0.000 0.005
0.609 0.336 0.000 0.005
0.609 0.355 0.000 0.005
0.609 0.373 0.000 0.005
0.609 0.391 0.000 0.005
0.609 0.409 0.000 0.005
0.609 0.427 0.000 0.005
0.609 0.445 0.000 0.005
0.609 0.464 0.000 0.005
0.609 0.482 0.000 0.005
0.609 0.500 0.000 0.005
0.609 0.518 0.000 0.005
0.609 0.536 0.000 0.005
0.609 0.555 0.000 0.005
0.609 0.573 0.000 0.005
0.609 0.591 0.000 0.005
0.609 0.609 0.000 0.005
0.609 0.627 0.000 0.005
0.609 0.645 0.000 0.005
0.609 0.664 0.000 0.005
0.609 0.682 0.000 0.005
0.609 0.700 0.000 0.005
0.609 0.718 0.000 0.005
0.609 0.736 0.000 0.005
0.609 0.755 0.000 0.005
0.609 0.773 0.000 0.005
0.609 0.791 0.000 0.005
0.609 0.809 0.000 0.005
0.609 0.827 0.000 0.005
0.609 0.845 0.000 0.005
0.609 0.864 0.000 0.005
0.609 0.882 0.000 0.005
0.609 0.900 0.000 0.005
0.609 0.918 0.000 0.005
0.609 0.936 0.000 0.005
0.609 0.955 0.000 0.005
0.609 0.973 0.000 0.005
0.609 0.991 0.000 0.005
0.627 0.009 0.000 0.005
0.627 0.027 0.000 0.005
0.627 0.045 0.000 0.005
0.627 0.064 0.000 0.005
0.627 0.082 0.000 0.005
0.627 0.100 0.000 0.005
0.627 0.118 0.000 0.005
0.627 0.136 0.000 0.005
0.627 0.155 0.000 0.005
0.627 0.173 0.000 0.005
0.627 0.191 0.000 0.005
0.627 0.209 0.000 0.005
0.627 0.227 0.000 0.005
0.627 0.245 0.000 0.005
0.627 0.264 0.000 0.005
0.627 0.282 0.000 0.005
0.627 0.300 0.000 0.005
0.627 0.318 0.000 0.005
0.627 0.336 0.000 0.005
0.627 0.355 0.000 0.005
0.627 0.373 0.000 0.005
0.627 0.391 0.000 0.005
0.627 0.409 0.000 0.005
0.627 0.427 0.000 0.005
0.627 0.445 0.000 0.005
0.627 0.464 0.000 0.005
0.627 0.482 0.000 0.005
0.627 0.500 0.000 0.005
0.627 0.518 0.000 0.005
0.627 0.536 0.000 0.005
0.627 0.555 0.000 0.005
0.627 0.573 0.000 0.005
0.627 0.591 0.000 0.005
0.627 0.609 0.000 0.005
0.627 0.627 0.000 0.005
0.627 0.645 0.000 0.005
0.627 0.664 0.000 0.005
0.627 0.682 0.000 0.005
0.627 0.700 0.000 0.005
0.627 0.718 0.000 0.005
0.627 0.736 0.000 0.005
0.627 0.755 0.000 0.005
0.627 0.773 0.000 0.005
0.627 0.791 0.000 0.005
0.627 0.809 0.000 0.005
0.627 0.827 0.000 0.005
0.627 0.845 0.000 0.005
0.627 0.864 0.000 0.005
0.627 0.882 0.000 0.005
0.627 0.900 0.000 0.005
0.627 0.918 0.000 0.005
0.627 0.936 0.000 0.005
0.627 0.955 0.000 0.005
0.627 0.973 0.000 0.005
0.627 0.991 0.000 0.005
0.645 0.009 0.000 0.005
0.645 0.027 0.000 0.005
0.645 0.045 0.000 0.005
0.645 0.064 0.000 0.005
0.645 0.082 0.000 0.005
0.645 0.100 0.000 0.005
0.645 0.118 0.000 0.005
0.645 0.136 0.000 0.005
0.645 0.155 0.000 0.005
0.645 0.173 0.000 0.005
0.645 0.191 0.000 0.005
0.645 0.209 0.000 0.005
0.645 0.227 0.000 0.005
0.645 0.245 0.000 0.005
0.645 0.264 0.000 0.005
0.645 0.282 0.000 0.005
0.645 0.300 0.000 0.005
0.645 0.318 0.000 0.005
0.645 0.336 0.000 0.005
0.645 0.355 0.000 0.005
0.645 0.373 0.000 0.005
0.645 0.391 0.000 0.005
0.645 0.409 0.000 0.005
0.645 0.427 0.000 0.005
0.645 0.445 0.000 0.005
0.645 0.464 0.000 0.005
0.645 0.482 0.000 0.005
0.645 0.500 0.000 0.005
0.645 0.518 0.000 0.005
0.645 0.536 0.000 0.005
0.645 0.555 0.000 0.005
0.645 0.573 0.000 0.005
0.645 0.591 0.000 0.005
0.645 0.609 0.000 0.005
0.645 0.627 0.000 0.005
0.645 0.645 0.000 0.005
0.645 0.664 0.000 0.005
0.645 0.682 0.000 0.005
0.645 0.700 0.000 0.005
0.645 0.718 0.000 0.005
0.645 0.736 0.000 0.005
0.645 0.755 0.000 0.005
0.645 0.773 0.000 0.005
0.645 0.791 0.000 0.005
0.645 0.809 0.000 0.005
0.645 0.827 0.000 0.005
0.645 0.845 0.000 0.005
0.645 0.864 0.000 0.005
0.645 0.882 0.000 0.005
0.645 0.900 0.000 0.005
0.645 0.918 0.000 0.005
0.645 0.936 0.000 0.005
0.645 0.955 0.000 0.005
0.645 0.973 0.000 0.005
0.645 0.991 0.000 0.005
0.664 0.009 0.000 0.005
0.664 0.027 0.000 0.005
0.664 0.045 0.000 0.005
0.664 0.064 0.000 0.005
0.664 0.082 0.000 0.005
0.664 0.100 0.000 0.005
0.664 0.118 0.000 0.005
0.664 0.136 0.000 0.005
0.664 0.155 0.000 0.005
0.664 0.173 0.000 0.005
0.664 0.191 0.000 0.005
0.664 0.209 0.000 0.005
0.664 0.227 0.000 0.005
0.664 0.245 0.000 0.005
0.664 0.264 0.000 0.005
0.664 0.282 0.000 0.005
0.664 0.300 0.000 0.005
0.664 0.318 0.000 0.005
0.664 0.336 0.000 0.005
0.664 0.355 0.000 0.005
0.664 0.373 0.000 0.005
0.664 0.391 0.000 0.005
0.664 0.409 0.000 0.005
0.664 0.427 0.000 0.005
0.664 0.445 0.000 0.005
0.664 0.464 0.000 0.005
0.664 0.482 0.000 0.005
0.664 0.500 0.000 0.005
0.664 0.518 0.000 0.005
0.664 0.536 0.000 0.005
0.664 0.555 0.000 0.005
0.664 0.573 0.000 0.005
0.664 0.591 0.000 0.005
0.664 0.609 0.000 0.005
0.664 0.627 0.000 0.005
0.664 0.645 0.000 0.005
0.664 0.664 0.000 0.005
0.664 0.682 0.000 0.005
0.664 0.700 0.000 0.005
0.664 0.718 0.000 0.005
0.664 0.736 0.000 0.005
0.664 0.755 0.000 0.005
0.664 0.773 0.000 0.005
0.664 0.791 0.000 0.005
0.664 0.809 0.000 0.005
0.664 0.827 0.000 0.005
0.664 0.845 0.000 0.005
0.664 0.864 0.000 0.005
0.664 0.882 0.000 0.005
0.664 0.900 0.000 0.005
0.664 0.918 0.000 0.005
0.664 0.936 0.000 0.005
0.664 0.955 0.000 0.005
0.664 0.973 0.000 0.005
0.664 0.991 0.000 0.005
0.682 0.009 0.000 0.005
0.682 0.027 0.000 0.005
0.682 0.045 0.000 0.005
0.682 0.064 0.000 0.005
0.682 0.082 0.000 0.005
0.682 0.100 0.000 0.005
0.682 0.118 0.000 0.005
0.682 0.136 0.000 0.005
0.682 0.155 0.000 0.005
0.682 0.173 0.000 0.005
0.682 0.191 0.000 0.005
0.682 0.209 0.000 0.005
0.682 0.227 0.000 0.005
0.682 0.245 0.000 0.005
0.682 0.264 0.000 0.005
0.682 0.282 0.000 0.005
0.682 0.300 0.000 0.005
0.682 0.318 0.000 0.005
0.682 0.336 0.000 0.005
0.682 0.355 0.000 0.005
0.682 0.373 0.000 0.005
0.682 0.391 0.000 0.005
0.682 0.409 0.000 0.005
0.682 0.427 0.000 0.005
0.682 0.445 0.000 0.005
0.682 0.464 0.000 0.005
0.682 0.482 0.000 0.005
0.682 0.500 0.000 0.005
0.682 0.518 0.000 0.005
0.682 0.536 0.000 0.005
0.682 0.555 0.000 0.005
0.682 0.573 0.000 0.005
0.682 0.591 0.000 0.005
0.682 0.609 0.000 0.005
0.682 0.627 0.000 0.005
0.682 0.645 0.000 0.005
0.682 0.664 0.000 0.005
0.682 0.682 0.000 0.005
0.682 0.700 0.000 0.005
0.682 0.718 0.000 0.005
0.682 0.736 0.000 0.005
0.682 0.755 0.000 0.005
0.682 0.773 0.000 0.005
0.682 0.791 0.000 0.005
0.682 0.809 0.000 0.005
0.682 0.827 0.000 0.005
0.682 0.845 0.000 0.005
0.682 0.864 0.000 0.005
0.682 0.882 0.000 0.005
0.682 0.900 0.000 0.005
0.682 0.918 0.000 0.005
0.682 0.936 0.000 0.005
0.682 0.955 0.000 0.005
0.682 0.973 0.000 0.005
0.682 0.991 0.000 0.005
0.700 0.009 0.000 0.005
0.700 0.027 0.000 0.005
0.700 0.045 0.000 0.005
0.700 0.064 0.000 0.005
0.700 0.082 0.000 0.005
0.700 0.100 0.000 0.005
0.700 0.118 0.000 0.005
0.700 0.136 0.000 0.005
0.700 0.155 0.000 0.005
0.700 0.173 0.000 0.005
0.700 0.191 0.000 0.005
0.700 0.209 0.000 0.005
0.700 0.227 0.000 0.005
0.700 0.245 0.000 0.005
0.700 0.264 0.000 0.005
0.700 0.282 0.000 0.005
0.700 0.300 0.000 0.005
0.700 0.318 0.000 0.005
0.700 0.336 0.000 0.005
0.700 0.355 0.000 0.005
0.700 0.373 0.000 0.005
0.700 0.391 0.000 0.005
0.700 0.409 0.000 0.005
0.700 0.427 0.000 0.005
0.700 0.445 0.000 0.005
0.700 0.464 0.000 0.005
0.700 0.482 0.000 0.005
0.700 0.500 0.000 0.005
0.700 0.518 0.000 0.005
0.700 0.536 0.000 0.005
0.700 0.555 0.000 0.005
0.700 0.573 0.000 0.005
0.700 0.591 0.000 0.005
0.700 0.609 0.000 0.005
0.700 0.627 0.000 0.005
0.700 0.645 0.000 0.005
0.700 0.664 0.000 0.005
0.700 0.682 0.000 0.005
0.700 0.700 0.000 0.005
0.700 0.718 0.000 0.005
0.700 0.736 0.000 0.005
0.700 0.755 0.000 0.005
0.700 0.773 0.000 0.005
0.700 0.791 0.000 0.005
0.700 0.809 0.000 0.005
0.700 0.827 0.000 0.005
0.700 0.845 0.000 0.005
0.700 0.864 0.000 0.005
0.700 0.882 0.000 0.005
0.700 0.900 0.000 0.005
0.700 0.918 0.000 0.005
0.700 0.936 0.000 0.005
0.700 0.955 0.000 0.005
0.700 0.973 0.000 0.005
0.700 0.991 0.000 0.005
0.718 0.009 0.000 0.005
0.718 0.027 0.000 0.005
0.718 0.045 0.000 0.005
0.718 0.064 0.000 0.005
0.718 0.082 0.000 0.005
0.718 0.100 0.000 0.005
0.718 0.118 0.000 0.005
0.718 0.136 0.000 0.005
0.718 0.155 0.000 0.005
0.718 0.173 0.000 0.005
0.718 0.191 0.000 0.005
0.718 0.209 0.000 0.005
0.718 0.227 0.000 0.005
0.718 0.245 0.000 0.005
0.718 0.264 0.000 0.005
0.718 0.282 0.000 0.005
0.718 0.300 0.000 0.005
0.718 0.318 0.000 0.005
0.718 0.336 0.000 0.005
0.718 0.355 0.000 0.005
0.718 0.373 0.000 0.005
0.718 0.391 0.000 0.005
0.718 0.409 0.000 0.005
0.718 0.427 0.000 0.005
0.718 0.445 0.000 0.005
0.718 0.464 0.000 0.005
0.718 0.482 0.000 0.005
0.718 0.500 0.000 0.005
0.718 0.518 0.000 0.005
0.718 0.536 0.000 0.005
0.718 0.555 0.000 0.005
0.718 0.573 0.000 0.005
0.718 0.591 0.000 0.005
0.718 0.609 0.000 0.005
0.718 0.627 0.000 0.005
0.718 0.645 0.000 0.005
0.718 0.664 0.000 0.005
0.718 0.682 0.000 0.005
0.718 0.700 0.000 0.005
0.718 0.718 0.000 0.005
0.718 0.736 0.000 0.005
0.718 0.755 0.000 0.005
0.718 0.773 0.000 0.005
0.718 0.791 0.000 0.005
0.718 0.809 0.000 0.005
0.718 0.827 0.000 0.005
0.718 0.845 0.000 0.005
0.718 0.864 0.000 0.005
0.718 0.882 0.000 0.005
0.718 0.900 0.000 0.005
0.718 0.918 0.000 0.005
0.718 0.936 0.000 0.005
0.718 0.955 0.000 0.005
0.718 0.973 0.000 0.005
0.718 0.991 0.000 0.005
0.736 0.009 0.000 0.005
0.736 0.027 0.000 0.005
0.736 0.045 0.000 0.005
0.736 0.064 0.000 0.005
0.736 0.082 0.000 0.005
0.736 0.100 0.000 0.005
0.736 0.118 0.000 0.005
0.736 0.136 0.000 0.005
0.736 0.155 0.000 0.005
0.736 0.173 0.000 0.005
0.736 0.191 0.000 0.005
0.736 0.209 0.000 0.005
0.736 0.227 0.000 0.005
0.736 0.245 0.000 0.005
0.736 0.264 0.000 0.005
0.736 0.282 0.000 0.005
0.736 0.300 0.000 0.005
0.736 0.318 0.000 0.005
0.736 0.336 0.000 0.005
0.736 0.355 0.000 0.005
0.736 0.373 0.000 0.005
0.736 0.391 0.000 0.005
0.736 0.409 0.000 0.005
0.736 0.427 0.000 0.005
0.736 0.445 0.000 0.005
0.736 0.464 0.000 0.005
0.736 0.482 0.000 0.005
0.736 0.500 0.000 0.005
0.736 0.518 0.000 0.005
0.736 0.536 0.000 0.005
0.736 0.555 0.000 0.005
0.736 0.573 0.000 0.005
0.736 0.591 0.000 0.005
0.736 0.609 0.000 0.005
0.736 0.627 0.000 0.005
0.736 0.645 0.000 0.005
0.736 0.664 0.000 0.005
0.736 0.682 0.000 0.005
0.736 0.700 0.000 0.005
0.736 0.718 0.000 0.005
0.736 0.736 0.000 0.005
0.736 0.755 0.000 0.005
0.736 0.773 0.000 0.005
0.736 0.791 0.000 0.005
0.736 0.809 0.000 0.005
0.736 0.827 0.000 0.005
0.736 0.845 0.000 0.005
0.736 0.864 0.000 0.005
0.736 0.882 0.000 0.005
0.736 0.900 0.000 0.005
0.736 0.918 0.000 0.005
0.736 0.936 0.000 0.005
0.736 0.955 0.000 0.005
0.736 0.973 0.000 0.005
0.736 0.991 0.000 0.005
0.755 0.009 0.000 0.005
0.755 0.027 0.000 0.005
0.755 0.045 0.000 0.005
0.755 0.064 0.000 0.005
0.755 0.082 0.000 0.005
0.755 0.100 0.000 0.005
0.755 0.118 0.000 0.005
0.755 0.136 0.000 0.005
0.755 0.155 0.000 0.005
0.755 0.173 0.000 0.005
0.755 0.191 0.000 0.005
0.755 0.209 0.000 0.005
0.755 0.227 0.000 0.005
0.755 0.245 0.000 0.005
0.755 0.264 0.000 0.005
0.755 0.282 0.000 0.005
0.755 0.300 0.000 0.005
0.755 0.318 0.000 0.005
0.755 0.336 0.000 0.005
0.755 0.355 0.000 0.005
0.755 0.373 0.000 0.005
0.755 0.391 0.000 0.005
0.755 0.409 0.000 0.005
0.755 0.427 0.000 0.005
0.755 0.445 0.000 0.005
0.755 0.464 0.000 0.005
0.755 0.482 0.000 0.005
0.755 0.500 0.000 0.005
0.755 0.518 0.000 0.005
0.755 0.536 0.000 0.005
0.755 0.555 0.000 0.005
0.755 0.573 0.000 0.005
0.755 0.591 0.000 0.005
0.755 0.609 0.000 0.005
0.755 0.627 0.000 0.005
0.755 0.645 0.000 0.005
0.755 0.664 0.000 0.005
0.755 0.682 0.000 0.005
0.755 0.700 0.000 0.005
0.755 0.718 0.000 0.005
0.755 0.736 0.000 0.005
0.755 0.755 0.000 0.005
0.755 0.773 0.000 0.005
0.755 0.791 0.000 0.005
0.755 0.809 0.000 0.005
0.755 0.827 0.000 0.005
0.755 0.845 0.000 0.005
0.755 0.864 0.000 0.005
0.755 0.882 0.000 0.005
0.755 0.900 0.000 0.005
0.755 0.918 0.000 0.005
0.755 0.936 0.000 0.005
0.755 0.955 0.000 0.005
0.755 0.973 0.000 0.005
0.755 0.991 0.000 0.005
0.773 0.009 0.000 0.005
0.773 0.027 0.000 0.005
0.773 0.045 0.000 0.005
0.773 0.064 0.000 0.005
0.773 0.082 0.000 0.005
0.773 0.100 0.000 0.005
0.773 0.118 0.000 0.005
0.773 0.136 0.000 0.005
0.773 0.155 0.000 0.005
0.773 0.173 0.000 0.005
0.773 0.191 0.000 0.005
0.773 0.209 0.000 0.005
0.773 0.227 0.000 0.005
0.773 0.245 0.000 0.005
0.773 0.264 0.000 0.005
0.773 0.282 0.000 0.005
0.773 0.300 0.000 0.005
0.773 0.318 0.000 0.005
0.773 0.336 0.000 0.005
0.773 0.355 0.000 0.005
0.773 0.373 0.000 0.005
0.773 0.391 0.000 0.005
0.773 0.409 0.000 0.005
0.773 0.427 0.000 0.005
0.773 0.445 0.000 0.005
0.773 0.464 0.000 0.005
0.773 0.482 0.000 0.005
0.773 0.500 0.000 0.005
0.773 0.518 0.000 0.005
0.773 0.536 0.000 0.005
0.773 0.555 0.000 0.005
0.773 0.573 0.000 0.005
0.773 0.591 0.000 0.005
0.773 0.609 0.000 0.005
0.773 0.627 0.000 0.005
0.773 0.645 0.000 0.005
0.773 0.664 0.000 0.005
0.773 0.682 0.000 0.005
0.773 0.700 0.000 0.005
0.773 0.718 0.000 0.005
0.773 0.736 0.000 0.005
0.773 0.755 0.000 0.005
0.773 0.773 0.000 0.005
0.773 0.791 0.000 0.005
0.773 0.809 0.000 0.005
0.773 0.827 0.000 0.005
0.773 0.845 0.000 0.005
0.773 0.864 0.000 0.005
0.773 0.882 0.000 0.005
0.773 0.900 0.000 0.005
0.773 0.918 0.000 0.005
0.773 0.936 0.000 0.005
0.773 0.955 0.000 0.005
0.773 0.973 0.000 0.005
0.773 0.991 0.000 0.005
0.791 0.009 0.000 0.005
0.791 0.027 0.000 0.005
0.791 0.045 0.000 0.005
0.791 0.064 0.000 0.005
0.791 0.082 0.000 0.005
0.791 0.100 0.000 0.005
0.791 0.118 0.000 0.005
0.791 0.136 0.000 0.005
0.791 0.155 0.000 0.005
0.791 0.173 0.000 0.005
0.791 0.191 0.000 0.005
0.791 0.209 0.000 0.005
0.791 0.227 0.000 0.005
0.791 0.245 0.000 0.005
0.791 0.264 0.000 0.005
0.791 0.282 0.000 0.005
0.791 0.300 0.000 0.005
0.791 0.318 0.000 0.005
0.791 0.336 0.000 0.005
0.791 0.355 0.000 0.005
0.791 0.373 0.000 0.005
0.791 0.391 0.000 0.005
0.791 0.409 0.000 0.005
0.791 0.427 0.000 0.005
0.791 0.445 0.000 0.005
0.791 0.464 0.000 0.005
0.791 0.482 0.000 0.005
0.791 0.500 0.000 0.005
0.791 0.518 0.000 0.005
0.791 0.536 0.000 0.005
0.791 0.555 0.000 0.005
0.791 0.573 0.000 0.005
0.791 0.591 0.000 0.005
0.791 0.609 0.000 0.005
0.791 0.627 0.000 0.005
0.791 0.645 0.000 0.005
0.791 0.664 0.000 0.005
0.791 0.682 0.000 0.005
0.791 0.700 0.000 0.005
0.791 0.718 0.000 0.005
0.791 0.736 0.000 0.005
0.791 0.755 0.000 0.005
0.791 0.773 0.000 0.005
0.791 0.791 0.000 0.005
0.791 0.809 0.000 0.005
0.791 0.827 0.000 0.005
0.791 0.845 0.000 0.005
0.791 0.864 0.000 0.005
0.791 0.882 0.000 0.005
0.791 0.900 0.000 0.005
0.791 0.918 0.000 0.005
0.791 0.936 0.000 0.005
0.791 0.955 0.000 0.005
0.791 0.973 0.000 0.005
0.791 0.991 0.000 0.005
0.809 0.009 0.000 0.005
0.809 0.027 0.000 0.005
0.809 0.045 0.000 0.005
0.809 0.064 0.000 0.005
0.809 0.082 0.000 0.005
0.809 0.100 0.000 0.005
0.809 0.118 0.000 0.005
0.809 0.136 0.000 0.005
0.809 0.155 0.000 0.005
0.809 0.173 0.000 0.005
0.809 0.191 0.000 0.005
0.809 0.209 0.000 0.005
0.809 0.227 0.000 0.005
0.809 0.245 0.000 0.005
0.809 0.264 0.000 0.005
0.809 0.282 0.000 0.005
0.809 0.300 0.000 0.005
0.809 0.318 0.000 0.005
0.809 0.336 0.000 0.005
0.809 0.355 0.000 0.005
0.809 0.373 0.000 0.005
0.809 0.391 0.000 0.005
0.809 0.409 0.000 0.005
0.809 0.427 0.000 0.005
0.809 0.445 0.000 0.005
0.809 0.464 0.000 0.005
0.809 0.482 0.000 0.005
0.809 0.500 0.000 0.005
0.809 0.518 0.000 0.005
0.809 0.536 0.000 0.005
0.809 0.555 0.000 0.005
0.809 0.573 0.000 0.005
0.809 0.591 0.000 0.005
0.809 0.609 0.000 0.005
0.809 0.627 0.000 0.005
0.809 0.645 0.000 0.005
0.809 0.664 0.000 0.005
0.809 0.682 0.000 0.005
0.809 0.700 0.000 0.005
0.809 0.718 0.000 0.005
0.809 0.736 0.000 0.005
0.809 0.755 0.000 0.005
0.809 0.773 0.000 0.005
0.809 0.791 0.000 0.005
0.809 0.809 0.000 0.005
0.809 0.827 0.000 0.005
0.809 0.845 0.000 0.005
0.809 0.864 0.000 0.005
0.809 0.882 0.000 0.005
0.809 0.900 0.000 0.005
0.809 0.918 0.000 0.005
0.809 0.936 0.000 0.005
0.809 0.955 0.000 0.005
0.809 0.973 0.000 0.005
0.809 0.991 0.000 0.005
0.827 0.009 0.000 0.005
0.827 0.027 0.000 0.005
0.827 0.045 0.000 0.005
0.827 0.064 0.000 0.005
0.827 0.082 0.000 0.005
0.827 0.100 0.000 0.005
0.827 0.118 0.000 0.005
0.827 0.136 0.000 0.005
0.827 0.155 0.000 0.005
0.827 0.173 0.000 0.005
0.827 0.191 0.000 0.005
0.827 0.209 0.000 0.005
0.827 0.227 0.000 0.005
0.827 0.245 0.000 0.005
0.827 0.264 0.000 0.005
0.827 0.282 0.000 0.005
0.827 0.300 0.000 0.005
0.827 0.318 0.000 0.005
0.827 0.336 0.000 0.005
0.827 0.355 0.000 0.005
0.827 0.373 0.000 0.005
0.827 0.391 0.000 0.005
0.827 0.409 0.000 0.005
0.827 0.427 0.000 0.005
0.827 0.445 0.000 0.005
0.827 0.464 0.000 0.005
0.827 0.482 0.000 0.005
0.827 0.500 0.000 0.005
0.827 0.518 0.000 0.005
0.827 0.536 0.000 0.005
0.827 0.555 0.000 0.005
0.827 0.573 0.000 0.005
0.827 0.591 0.000 0.005
0.827 0.609 0.000 0.005
0.827 0.627 0.000 0.005
0.827 0.645 0.000 0.005
0.827 0.664 0.000 0.005
0.827 0.682 0.000 0.005
0.827 0.700 0.000 0.005
0.827 0.718 0.000 0.005
0.827 0.736 0.000 0.005
0.827 0.755 0.000 0.005
0.827 0.773 0.000 0.005
0.827 0.791 0.000 0.005
0.827 0.809 0.000 0.005
0.827 0.827 0.000 0.005
0.827 0.845 0.000 0.005
0.827 0.864 0.000 0.005
0.827 0.882 0.000 0.005
0.827 0.900 0.000 0.005
0.827 0.918 0.000 0.005
0.827 0.936 0.000 0.005
0.827 0.955 0.000 0.005
0.827 0.973 0.000 0.005
0.827 0.991 0.000 0.005
0.845 0.009 0.000 0.005
0.845 0.027 0.000 0.005
0.845 0.045 0.000 0.005
0.845 0.064 0.000 0.005
0.845 0.082 0.000 0.005
0.845 0.100 0.000 0.005
0.845 0.118 0.000 0.005
0.845 0.136 0.000 0.005
0.845 0.155 0.000 0.005
0.845 0.173 0.000 0.005
0.845 0.191 0.000 0.005
0.845 0.209 0.000 0.005
0.845 0.227 0.000 0.005
0.845 0.245 0.000 0.005
0.845 0.264 0.000 0.005
0.845 0.282 0.000 0.005
0.845 0.300 0.000 0.005
0.845 0.318 0.000 0.005
0.845 0.336 0.000 0.005
0.845 0.355 0.000 0.005
0.845 0.373 0.000 0.005
0.845 0.391 0.000 0.005
0.845 0.409 0.000 0.005
0.845 0.427 0.000 0.005
0.845 0.445 0.000 0.005
0.845 0.464 0.000 0.005
0.845 0.482 0.000 0.005
0.845 0.500 0.000 0.005
0.845 0.518 0.000 0.005
0.845 0.536 0.000 0.005
0.845 0.555 0.000 0.005
0.845 0.573 0.000 0.005
0.845 0.591 0.000 0.005
0.845 0.609 0.000 0.005
0.845 0.627 0.000 0.005
0.845 0.645 0.000 0.005
0.845 0.664 0.000 0.005
0.845 0.682 0.000 0.005
0.845 0.700 0.000 0.005
0.845 0.718 0.000 0.005
0.845 0.736 0.000 0.005
0.845 0.755 0.000 0.005
0.845 0.773 0.000 0.005
0.845 0.791 0.000 0.005
0.845 0.809 0.000 0.005
0.845 0.827 0.000 0.005
0.845 0.845 0.000 0.005
0.845 0.864 0.000 0.005
0.845 0.882 0.000 0.005
0.845 0.900 0.000 0.005
0.845 0.918 0.000 0.005
0.845 0.936 0.000 0.005
0.845 0.955 0.000 0.005
0.845 0.973 0.000 0.005
0.845 0.991 0.000 0.005
0.864 0.009 0.000 0.005
0.864 0.027 0.000 0.005
0.864 0.045 0.000 0.005
0.864 0.064 0.000 0.005
0.864 0.082 0.000 0.005
0.864 0.100 0.000 0.005
0.864 0.118 0.000 0.005
0.864 0.136 0.000 0.005
0.864 0.155 0.000 0.005
0.864 0.173 0.000 0.005
0.864 0.191 0.000 0.005
0.864 0.209 0.000 0.005
0.864 0.227 0.000 0.005
0.864 0.245 0.000 0.005
0.864 0.264 0.000 0.005
0.864 0.282 0.000 0.005
0.864 0.300 0.000 0.005
0.864 0.318 0.000 0.005
0.864 0.336 0.000 0.005
0.864 0.355 0.000 0.005
0.864 0.373 0.000 0.005
0.864 0.391 0.000 0.005
0.864 0.409 0.000 0.005
0.864 0.427 0.000 0.005
0.864 0.445 0.000 0.005
0.864 0.464 0.000 0.005
0.864 0.482 0.000 0.005
0.864 0.500 0.000 0.005
0.864 0.518 0.000 0.005
0.864 0.536 0.000 0.005
0.864 0.555 0.000 0.005
0.864 0.573 0.000 0.005
0.864 0.591 0.000 0.005
0.864 0.609 0.000 0.005
0.864 0.627 0.000 0.005
0.864 0.645 0.000 0.005
0.864 0.664 0.000 0.005
0.864 0.682 0.000 0.005
0.864 0.700 0.000 0.005
0.864 0.718 0.000 0.005
0.864 0.736 0.000 0.005
0.864 0.755 0.000 0.005
0.864 0.773 0.000 0.005
0.864 0.791 0.000 0.005
0.864 0.809 0.000 0.005
0.864 0.827 0.000 0.005
0.864 0.845 0.000 0.005
0.864 0.864 0.000 0.005
0.864 0.882 0.000 0.005
0.864 0.900 0.000 0.005
0.864 0.918 0.000 0.005
0.864 0.936 0.000 0.005
0.864 0.955 0.000 0.005
0.864 0.973 0.000 0.005
0.864 0.991 0.000 0.005
0.882 0.009 0.000 0.005
0.882 0.027 0.000 0.005
0.882 0.045 0.000 0.005
0.882 0.064 0.000 0.005
0.882 0.082 0.000 0.005
0.882 0.100 0.000 0.005
0.882 0.118 0.000 0.005
0.882 0.136 0.000 0.005
0.882 0.155 0.000 0.005
0.882 0.173 0.000 0.005
0.882 0.191 0.000 0.005
0.882 0.209 0.000 0.005
0.882 0.227 0.000 0.005
0.882 0.245 0.000 0.005
0.882 0.264 0.000 0.005
0.882 0.282 0.000 0.005
0.882 0.300 0.000 0.005
0.882 0.318 0.000 0.005
0.882 0.336 0.000 0.005
0.882 0.355 0.000 0.005
0.882 0.373 0.000 0.005
0.882 0.391 0.000 0.005
0.882 0.409 0.000 0.005
0.882 0.427 0.000 0.005
0.882 0.445 0.000 0.005
0.882 0.464 0.000 0.005
0.882 0.482 0.000 0.005
0.882 0.500 0.000 0.005
0.882 0.518 0.000 0.005
0.882 0.536 0.000 0.005
0.882 0.555 0.000 0.005
0.882 0.573 0.000 0.005
0.882 0.591 0.000 0.005
0.882 0.609 0.000 0.005
0.882 0.627 0.000 0.005
0.882 0.645 0.000 0.005
0.882 0.664 0.000 0.005
0.882 0.682 0.000 0.005
0.882 0.700 0.000 0.005
0.882 0.718 0.000 0.005
0.882 0.736 0.000 0.005
0.882 0.755 0.000 0.005
0.882 0.773 0.000 0.005
0.882 0.791 0.000 0.005
0.882 0.809 0.000 0.005
0.882 0.827 0.000 0.005
0.882 0.845 0.000 0.005
0.882 0.864 0.000 0.005
0.882 0.882 0.000 0.005
0.882 0.900 0.000 0.005
0.882 0.918 0.000 0.005
0.882 0.936 0.000 0.005
0.882 0.955 0.000 0.005
0.882 0.973 0.000 0.005
0.882 0.991 0.000 0.005
0.900 0.009 0.000 0.005
0.900 0.027 0.000 0.005
0.900 0.045 0.000 0.005
0.900 0.064 0.000 0.005
0.900 0.082 0.000 0.005
0.900 0.100 0.000 0.005
0.900 0.118 0.000 0.005
0.900 0.136 0.000 0.005
0.900 0.155 0.000 0.005
0.900 0.173 0.000 0.005
0.900 0.191 0.000 0.005
0.900 0.209 0.000 0.005
0.900 0.227 0.000 0.005
0.900 0.245 0.000 0.005
0.900 0.264 0.000 0.005
0.900 0.282 0.000 0.005
0.900 0.300 0.000 0.005
0.900 0.318 0.000 0.005
0.900 0.336 0.000 0.005
0.900 0.355 0.000 0.005
0.900 0.373 0.000 0.005
0.900 0.391 0.000 0.005
0.900 0.409 0.000 0.005
0.900 0.427 0.000 0.005
0.900 0.445 0.000 0.005
0.900 0.464 0.000 0.005
0.900 0.482 0.000 0.005
0.900 0.500 0.000 0.005
0.900 0.518 0.000 0.005
0.900 0.536 0.000 0.005
0.900 0.555 0.000 0.005
0.900 0.573 0.000 0.005
0.900 0.591 0.000 0.005
0.900 0.609 0.000 0.005
0.900 0.627 0.000 0.005
0.900 0.645 0.000 0.005
0.900 0.664 0.000 0.005
0.900 0.682 0.000 0.005
0.900 0.700 0.000 0.005
0.900 0.718 0.000 0.005
0.900 0.736 0.000 0.005
0.900 0.755 0.000 0.005
0.900 0.773 0.000 0.005
0.900 0.791 0.000 0.005
0.900 0.809 0.000 0.005
0.900 0.827 0.000 0.005
0.900 0.845 0.000 0.005
0.900 0.864 0.000 0.005
0.900 0.882 0.000 0.005
0.900 0.900 0.000 0.005
0.900 0.918 0.000 0.005
0.900 0.936 0.000 0.005
0.900 0.955 0.000 0.005
0.900 0.973 0.000 0.005
0.900 0.991 0.000 0.005
0.918 0.009 0.000 0.005
0.918 0.027 0.000 0.005
0.918 0.045 0.000 0.005
0.918 0.064 0.000 0.005
0.918 0.082 0.000 0.005
0.918 0.100 0.000 0.005
0.918 0.118 0.000 0.005
0.918 0.136 0.000 0.005
0.918 0.155 0.000 0.005
0.918 0.173 0.000 0.005
0.918 0.191 0.000 0.005
0.918 0.209 0.000 0.005
0.918 0.227 0.000 0.005
0.918 0.245 0.000 0.005
0.918 0.264 0.000 0.005
0.918 0.282 0.000 0.005
0.918 0.300 0.000 0.005
0.918 0.318 0.000 0.005
0.918 0.336 0.000 0.005
0.918 0.355 0.000 0.005
0.918 0.373 0.000 0.005
0.918 0.391 0.000 0.005
0.918 0.409 0.000 0.005
0.918 0.427 0.000 0.005
0.918 0.445 0.000 0.005
0.918 0.464 0.000 0.005
0.918 0.482 0.000 0.005
0.918 0.500 0.000 0.005
0.918 0.518 0.000 0.005
0.918 0.536 0.000 0.005
0.918 0.555 0.000 0.005
0.918 0.573 0.000 0.005
0.918 0.591 0.000 0.005
0.918 0.609 0.000 0.005
0.918 0.627 0.000 0.005
0.918 0.645 0.000 0.005
0.918 0.664 0.000 0.005
0.918 0.682 0.000 0.005
0.918 0.700 0.000 0.005
0.918 0.718 0.000 0.005
0.918 0.736 0.000 0.005
0.918 0.755 0.000 0.005
0.918 0.773 0.000 0.005
0.918 0.791 0.000 0.005
0.918 0.809 0.000 0.005
0.918 0.827 0.000 0.005
0.918 0.845 0.000 0.005
0.918 0.864 0.000 0.005
0.918 0.882 0.000 0.005
0.918 0.900 0.000 0.005
0.918 0.918 0.000 0.005
0.918 0.936 0.000 0.005
0.918 0.955 0.000 0.005
0.918 0.973 0.000 0.005
0.918 0.991 0.000 0.005
0.936 0.009 0.000 0.005
0.936 0.027 0.000 0.005
0.936 0.045 0.000 0.005
0.936 0.064 0.000 0.005
0.936 0.082 0.000 0.005
0.936 0.100 0.000 0.005
0.936 0.118 0.000 0.005
0.936 0.136 0.000 0.005
0.936 0.155 0.000 0.005
0.936 0.173 0.000 0.005
0.936 0.191 0.000 0.005
0.936 0.209 0.000 0.005
0.936 0.227 0.000 0.005
0.936 0.245 0.000 0.005
0.936 0.264 0.000 0.005
0.936 0.282 0.000 0.005
0.936 0.300 0.000 0.005
0.936 0.318 0.000 0.005
0.936 0.336 0.000 0.005
0.936 0.355 0.000 0.005
0.936 0.373 0.000 0.005
0.936 0.391 0.000 0.005
0.936 0.409 0.000 0.005
0.936 0.427 0.000 0.005
0.936 0.445 0.000 0.005
0.936 0.464 0.000 0.005
0.936 0.482 0.000 0.005
0.936 0.500 0.000 0.005
0.936 0.518 0.000 0.005
0.936 0.536 0.000 0.005
0.936 0.555 0.000 0.005
0.936 0.573 0.000 0.005
0.936 0.591 0.000 0.005
0.936 0.609 0.000 0.005
0.936 0.627 0.000 0.005
0.936 0.645 0.000 0.005
0.936 0.664 0.000 0.005
0.936 0.682 0.000 0.005
0.936 0.700 0.000 0.005
0.936 0.718 0.000 0.005
0.936 0.736 0.000 0.005
0.936 0.755 0.000 0.005
0.936 0.773 0.000 0.005
0.936 0.791 0.000 0.005
0.936 0.809 0.000 0.005
0.936 0.827 0.000 0.005
0.936 0.845 0.000 0.005
0.936 0.864 0.000 0.005
0.936 0.882 0.000 0.005
0.936 0.900 0.000 0.005
0.936 0.918 0.000 0.005
0.936 0.936 0.000 0.005
0.936 0.955 0.000 0.005
0.936 0.973 0.000 0.005
0.936 0.991 0.000 0.005
0.955 0.009 0.000 0.005
0.955 0.027 0.000 0.005
0.955 0.045 0.000 0.005
0.955 0.064 0.000 0.005
0.955 0.082 0.000 0.005
0.955 0.100 0.000 0.005
0.955 0.118 0.000 0.005
0.955 0.136 0.000 0.005
0.955 0.155 0.000 0.005
0.955 0.173 0.000 0.005
0.955 0.191 0.000 0.005
0.955 0.209 0.000 0.005
0.955 0.227 0.000 0.005
0.955 0.245 0.000 0.005
0.955 0.264 0.000 0.005
0.955 0.282 0.000 0.005
0.955 0.300 0.000 0.005
0.955 0.318 0.000 0.005
0.955 0.336 0.000 0.005
0.955 0.355 0.000 0.005
0.955 0.373 0.000 0.005
0.955 0.391 0.000 0.005
0.955 0.409 0.000 0.005
0.955 0.427 0.000 0.005
0.955 0.445 0.000 0.005
0.955 0.464 0.000 0.005
0.955 0.482 0.000 0.005
0.955 0.500 0.000 0.005
0.955 0.518 0.000 0.005
0.955 0.536 0.000 0.005
0.955 0.555 0.000 0.005
0.955 0.573 0.000 0.005
0.955 0.591 0.000 0.005
0.955 0.609 0.000 0.005
0.955 0.627 0.000 0.005
0.955 0.645 0.000 0.005
0.955 0.664 0.000 0.005
0.955 0.682 0.000 0.005
0.955 0.700 0.000 0.005
0.955 0.718 0.000 0.005
0.955 0.736 0.000 0.005
0.955 0.755 0.000 0.005
0.955 0.773 0.000 0.005
0.955 0.791 0.000 0.005
0.955 0.809 0.000 0.005
0.955 0.827 0.000 0.005
0.955 0.845 0.000 0.005
0.955 0.864 0.000 0.005
0.955 0.882 0.000 0.005
0.955 0.900 0.000 0.005
0.955 0.918 0.000 0.005
0.955 0.936 0.000 0.005
0.955 0.955 0.000 0.005
0.955 0.973 0.000 0.005
0.955 0.991 0.000 0.005
0.973 0.009 0.000 0.005
0.973 0.027 0.000 0.005
0.973 0.045 0.000 0.005
0.973 0.064 0.000 0.005
0.973 0.082 0.000 0.005
0.973 0.100 0.000 0.005
0.973 0.118 0.000 0.005
0.973 0.136 0.000 0.005
0.973 0.155 0.000 0.005
0.973 0.173 0.000 0.005
0.973 0.191 0.000 0.005
0.973 0.209 0.000 0.005
0.973 0.227 0.000 0.005
0.973 0.245 0.000 0.005
0.973 0.264 0.000 0.005
0.973 0.282 0.000 0.005
0.973 0.300 0.000 0.005
0.973 0.318 0.000 0.005
0.973 0.336 0.000 0.005
0.973 0.355 0.000 0.005
0.973 0.373 0.000 0.005
0.973 0.391 0.000 0.005
0.973 0.409 0.000 0.005
0.973 0.427 0.000 0.005
0.973 0.445 0.000 0.005
0.973 0.464 0.000 0.005
0.973 0.482 0.000 0.005
0.973 0.500 0.000 0.005
0.973 0.518 0.000 0.005
0.973 0.536 0.000 0.005
0.973 0.555 0.000 0.005
0.973 0.573 0.000 0.005
0.973 0.591 0.000 0.005
0.973 0.609 0.000 0.005
0.973 0.627 0.000 0.005
0.973 0.645 0.000 0.005
0.973 0.664 0.000 0.005
0.973 0.682 0.000 0.005
0.973 0.700 0.000 0.005
0.973 0.718 0.000 0.005
0.973 0.736 0.000 0.005
0.973 0.755 0.000 0.005
0.973 0.773 0.000 0.005
0.973 0.791 0.000 0.005
0.973 0.809 0.000 0.005
0.973 0.827 0.000 0.005
0.973 0.845 0.000 0.005
0.973 0.864 0.000 0.005
0.973 0.882 0.000 0.005
0.973 0.900 0.000 0.005
0.973 0.918 0.000 0.005
0.973 0.936 0.000 0.005
0.973 0.955 0.000 0.005
0.973 0.973 0.000 0.005
0.973 0.991 0.000 0.005
0.991 0.009 0.000 0.005
0.991 0.027 0.000 0.005
0.991 0.045 0.000 0.005
0.991 0.064 0.000 0.005
0.991 0.082 0.000 0.005
0.991 0.100 0.000 0.005
0.991 0.118 0.000 0.005
0.991 0.136 0.000 0.005
0.991 0.155 0.000 0.005
0.991 0.173 0.000 0.005
0.991 0.191 0.000 0.005
0.991 0.209 0.000 0.005
0.991 0.227 0.000 0.005
0.991 0.245 0.000 0.005
0.991 0.264 0.000 0.005
0.991 0.282 0.000 0.005
0.991 0.300 0.000 0.005
0.991 0.318 0.000 0.005
0.991 0.336 0.000 0.005
0.991 0.355 0.000 0.005
0.991 0.373 0.000 0.005
0.991 0.391 0.000 0.005
0.991 0.409 0.000 0.005
0.991 0.427 0.000 0.005
0.991 0.445 0.000 0.005
0.991 0.464 0.000 0.005
0.991 0.482 0.000 0.005
0.991 0.500 0.000 0.005
0.991 0.518 0.000 0.005
0.991 0.536 0.000 0.005
0.991 0.555 0.000 0.005
0.991 0.573 0.000 0.005
0.991 0.591 0.000 0.005
0.991 0.609 0.000 0.005
0.991 0.627 0.000 0.005
0.991 0.645 0.000 0.005
0.991 0.664 0.000 0.005
0.991 0.682 0.000 0.005
0.991 0.700 0.000 0.005
0.991 0.718 0.000 0.005
0.991 0.736 0.000 0.005
0.991 0.755 0.000 0.005
0.991 0.773 0.000 0.005
0.991 0.791 0.000 0.005
0.991 0.809 0.000 0.005
0.991 0.827 0.000 0.005
0.991 0.845 0.000 0.005
0.991 0.864 0.000 0.005
0.991 0.882 0.000 0.005
0.991 0.900 0.000 0.005
0.991 0.918 0.000 0.005
0.991 0.936 0.000 0.005
0.991 0.955 0.000 0.005
0.991 0.973 0.000 0.005
0.991 0.991 0.000 0.005
