0.011 0.011 0.000 0.005
0.011 0.034 0.000 0.005
0.011 0.057 0.000 0.005
0.011 0.080 0.000 0.005
0.011 0.102 0.000 0.005
0.011 0.125 0.000 0.005
0.011 0.148 0.000 0.005
0.011 0.170 0.000 0.005
0.011 0.193 0.000 0.005
0.011 0.216 0.000 0.005
0.011 0.239 0.000 0.005
0.011 0.261 0.000 0.005
0.011 0.284 0.000 0.005
0.011 0.307 0.000 0.005
0.011 0.330 0.000 0.005
0.011 0.352 0.000 0.005
0.011 0.375 0.000 0.005
0.011 0.398 0.000 0.005
0.011 0.420 0.000 0.005
0.011 0.443 0.000 0.005
0.011 0.466 0.000 0.005
0.011 0.489 0.000 0.005
0.011 0.511 0.000 0.005
0.011 0.534 0.000 0.005
0.011 0.557 0.000 0.005
0.011 0.580 0.000 0.005
0.011 0.602 0.000 0.005
0.011 0.625 0.000 0.005
0.011 0.648 0.000 0.005
0.011 0.670 0.000 0.005
0.011 0.693 0.000 0.005
0.011 0.716 0.000 0.005
0.011 0.739 0.000 0.005
0.011 0.761 0.000 0.005
0.011 0.784 0.000 0.005
0.011 0.807 0.000 0.005
0.011 0.830 0.000 0.005
0.011 0.852 0.000 0.005
0.011 0.875 0.000 0.005
0.011 0.898 0.000 0.005
0.011 0.920 0.000 0.005
0.011 0.943 0.000 0.005
0.011 0.966 0.000 0.005
0.011 0.989 0.000 0.005
0.034 0.011 0.000 0.005
0.034 0.034 0.000 0.005
0.034 0.057 0.000 0.005
0.034 0.080 0.000 0.005
0.034 0.102 0.000 0.005
0.034 0.125 0.000 0.005
0.034 0.148 0.000 0.005
0.034 0.170 0.000 0.005
0.034 0.193 0.000 0.005
0.034 0.216 0.000 0.005
0.034 0.239 0.000 0.005
0.034 0.261 0.000 0.005
0.034 0.284 0.000 0.005
0.034 0.307 0.000 0.005
0.034 0.330 0.000 0.005
0.034 0.352 0.000 0.005
0.034 0.375 0.000 0.005
0.034 0.398 0.000 0.005
0.034 0.420 0.000 0.005
0.034 0.443 0.000 0.005
0.034 0.466 0.000 0.005
0.034 0.489 0.000 0.005
0.034 0.511 0.000 0.005
0.034 0.534 0.000 0.005
0.034 0.557 0.000 0.005
0.034 0.580 0.000 0.005
0.034 0.602 0.000 0.005
0.034 0.625 0.000 0.005
0.034 0.648 0.000 0.005
0.034 0.670 0.000 0.005
0.034 0.693 0.000 0.005
0.034 0.716 0.000 0.005
0.034 0.739 0.000 0.005
0.034 0.761 0.000 0.005
0.034 0.784 0.000 0.005
0.034 0.807 0.000 0.005
0.034 0.830 0.000 0.005
0.034 0.852 0.000 0.005
0.034 0.875 0.000 0.005
0.034 0.898 0.000 0.005
0.034 0.920 0.000 0.005
0.034 0.943 0.000 0.005
0.034 0.966 0.000 0.005
0.034 0.989 0.000 0.005
0.057 0.011 0.000 0.005
0.057 0.034 0.000 0.005
0.057 0.057 0.000 0.005
0.057 0.080 0.000 0.005
0.057 0.102 0.000 0.005
0.057 0.125 0.000 0.005
0.057 0.148 0.000 0.005
0.057 0.170 0.000 0.005
0.057 0.193 0.000 0.005
0.057 0.216 0.000 0.005
0.057 0.239 0.000 0.005
0.057 0.261 0.000 0.005
0.057 0.284 0.000 0.005
0.057 0.307 0.000 0.005
0.057 0.330 0.000 0.005
0.057 0.352 0.000 0.005
0.057 0.375 0.000 0.005
0.057 0.398 0.000 0.005
0.057 0.420 0.000 0.005
0.057 0.443 0.000 0.005
0.057 0.466 0.000 0.005
0.057 0.489 0.000 0.005
0.057 0.511 0.000 0.005
0.057 0.534 0.000 0.005
0.057 0.557 0.000 0.005
0.057 0.580 0.000 0.005
0.057 0.602 0.000 0.005
0.057 0.625 0.000 0.005
0.057 0.648 0.000 0.005
0.057 0.670 0.000 0.005
0.057 0.693 0.000 0.005
0.057 0.716 0.000 0.005
0.057 0.739 0.000 0.005
0.057 0.761 0.000 0.005
0.057 0.784 0.000 0.005
0.057 0.807 0.000 0.005
0.057 0.830 0.000 0.005
0.057 0.852 0.000 0.005
0.057 0.875 0.000 0.005
0.057 0.898 0.000 0.005
0.057 0.920 0.000 0.005
0.057 0.943 0.000 0.005
0.057 0.966 0.000 0.005
0.057 0.989 0.000 0.005
0.080 0.011 0.000 0.005
0.080 0.034 0.000 0.005
0.080 0.057 0.000 0.005
0.080 0.080 0.000 0.005
0.080 0.102 0.000 0.005
0.080 0.125 0.000 0.005
0.080 0.148 0.000 0.005
0.080 0.170 0.000 0.005
0.080 0.193 0.000 0.005
0.080 0.216 0.000 0.005
0.080 0.239 0.000 0.005
0.080 0.261 0.000 0.005
0.080 0.284 0.000 0.005
0.080 0.307 0.000 0.005
0.080 0.330 0.000 0.005
0.080 0.352 0.000 0.005
0.080 0.375 0.000 0.005
0.080 0.398 0.000 0.005
0.080 0.420 0.000 0.005
0.080 0.443 0.000 0.005
0.080 0.466 0.000 0.005
0.080 0.489 0.000 0.005
0.080 0.511 0.000 0.005
0.080 0.534 0.000 0.005
0.080 0.557 0.000 0.005
0.080 0.580 0.000 0.005
0.080 0.602 0.000 0.005
0.080 0.625 0.000 0.005
0.080 0.648 0.000 0.005
0.080 0.670 0.000 0.005
0.080 0.693 0.000 0.005
0.080 0.716 0.000 0.005
0.080 0.739 0.000 0.005
0.080 0.761 0.000 0.005
0.080 0.784 0.000 0.005
0.080 0.807 0.000 0.005
0.080 0.830 0.000 0.005
0.080 0.852 0.000 0.005
0.080 0.875 0.000 0.005
0.080 0.898 0.000 0.005
0.080 0.920 0.000 0.005
0.080 0.943 0.000 0.005
0.080 0.966 0.000 0.005
0.080 0.989 0.000 0.005
0.102 0.011 0.000 0.005
0.102 0.034 0.000 0.005
0.102 0.057 0.000 0.005
0.102 0.080 0.000 0.005
0.102 0.102 0.000 0.005
0.102 0.125 0.000 0.005
0.102 0.148 0.000 0.005
0.102 0.170 0.000 0.005
0.102 0.193 0.000 0.005
0.102 0.216 0.000 0.005
0.102 0.239 0.000 0.005
0.102 0.261 0.000 0.005
0.102 0.284 0.000 0.005
0.102 0.307 0.000 0.005
0.102 0.330 0.000 0.005
0.102 0.352 0.000 0.005
0.102 0.375 0.000 0.005
0.102 0.398 0.000 0.005
0.102 0.420 0.000 0.005
0.102 0.443 0.000 0.005
0.102 0.466 0.000 0.005
0.102 0.489 0.000 0.005
0.102 0.511 0.000 0.005
0.102 0.534 0.000 0.005
0.102 0.557 0.000 0.005
0.102 0.580 0.000 0.005
0.102 0.602 0.000 0.005
0.102 0.625 0.000 0.005
0.102 0.648 0.000 0.005
0.102 0.670 0.000 0.005
0.102 0.693 0.000 0.005
0.102 0.716 0.000 0.005
0.102 0.739 0.000 0.005
0.102 0.761 0.000 0.005
0.102 0.784 0.000 0.005
0.102 0.807 0.000 0.005
0.102 0.830 0.000 0.005
0.102 0.852 0.000 0.005
0.102 0.875 0.000 0.005
0.102 0.898 0.000 0.005
0.102 0.920 0.000 0.005
0.102 0.943 0.000 0.005
0.102 0.966 0.000 0.005
0.102 0.989 0.000 0.005
0.125 0.011 0.000 0.005
0.125 0.034 0.000 0.005
0.125 0.057 0.000 0.005
0.125 0.080 0.000 0.005
0.125 0.102 0.000 0.005
0.125 0.125 0.000 0.005
0.125 0.148 0.000 0.005
0.125 0.170 0.000 0.005
0.125 0.193 0.000 0.005
0.125 0.216 0.000 0.005
0.125 0.239 0.000 0.005
0.125 0.261 0.000 0.005
0.125 0.284 0.000 0.005
0.125 0.307 0.000 0.005
0.125 0.330 0.000 0.005
0.125 0.352 0.000 0.005
0.125 0.375 0.000 0.005
0.125 0.398 0.000 0.005
0.125 0.420 0.000 0.005
0.125 0.443 0.000 0.005
0.125 0.466 0.000 0.005
0.125 0.489 0.000 0.005
0.125 0.511 0.000 0.005
0.125 0.534 0.000 0.005
0.125 0.557 0.000 0.005
0.125 0.580 0.000 0.005
0.125 0.602 0.000 0.005
0.125 0.625 0.000 0.005
0.125 0.648 0.000 0.005
0.125 0.670 0.000 0.005
0.125 0.693 0.000 0.005
0.125 0.716 0.000 0.005
0.125 0.739 0.000 0.005
0.125 0.761 0.000 0.005
0.125 0.784 0.000 0.005
0.125 0.807 0.000 0.005
0.125 0.830 0.000 0.005
0.125 0.852 0.000 0.005
0.125 0.875 0.000 0.005
0.125 0.898 0.000 0.005
0.125 0.920 0.000 0.005
0.125 0.943 0.000 0.005
0.125 0.966 0.000 0.005
0.125 0.989 0.000 0.005
0.148 0.011 0.000 0.005
0.148 0.034 0.000 0.005
0.148 0.057 0.000 0.005
0.148 0.080 0.000 0.005
0.148 0.102 0.000 0.005
0.148 0.125 0.000 0.005
0.148 0.148 0.000 0.005
0.148 0.170 0.000 0.005
0.148 0.193 0.000 0.005
0.148 0.216 0.000 0.005
0.148 0.239 0.000 0.005
0.148 0.261 0.000 0.005
0.148 0.284 0.000 0.005
0.148 0.307 0.000 0.005
0.148 0.330 0.000 0.005
0.148 0.352 0.000 0.005
0.148 0.375 0.000 0.005
0.148 0.398 0.000 0.005
0.148 0.420 0.000 0.005
0.148 0.443 0.000 0.005
0.148 0.466 0.000 0.005
0.148 0.489 0.000 0.005
0.148 0.511 0.000 0.005
0.148 0.534 0.000 0.005
0.148 0.557 0.000 0.005
0.148 0.580 0.000 0.005
0.148 0.602 0.000 0.005
0.148 0.625 0.000 0.005
0.148 0.648 0.000 0.005
0.148 0.670 0.000 0.005
0.148 0.693 0.000 0.005
0.148 0.716 0.000 0.005
0.148 0.739 0.000 0.005
0.148 0.761 0.000 0.005
0.148 0.784 0.000 0.005
0.148 0.807 0.000 0.005
0.148 0.830 0.000 0.005
0.148 0.852 0.000 0.005
0.148 0.875 0.000 0.005
0.148 0.898 0.000 0.005
0.148 0.920 0.000 0.005
0.148 0.943 0.000 0.005
0.148 0.966 0.000 0.005
0.148 0.989 0.000 0.005
0.170 0.011 0.000 0.005
0.170 0.034 0.000 0.005
0.170 0.057 0.000 0.005
0.170 0.080 0.000 0.005
0.170 0.102 0.000 0.005
0.170 0.125 0.000 0.005
0.170 0.148 0.000 0.005
0.170 0.170 0.000 0.005
0.170 0.193 0.000 0.005
0.170 0.216 0.000 0.005
0.170 0.239 0.000 0.005
0.170 0.261 0.000 0.005
0.170 0.284 0.000 0.005
0.170 0.307 0.000 0.005
0.170 0.330 0.000 0.005
0.170 0.352 0.000 0.005
0.170 0.375 0.000 0.005
0.170 0.398 0.000 0.005
0.170 0.420 0.000 0.005
0.170 0.443 0.000 0.005
0.170 0.466 0.000 0.005
0.170 0.489 0.000 0.005
0.170 0.511 0.000 0.005
0.170 0.534 0.000 0.005
0.170 0.557 0.000 0.005
0.170 0.580 0.000 0.005
0.170 0.602 0.000 0.005
0.170 0.625 0.000 0.005
0.170 0.648 0.000 0.005
0.170 0.670 0.000 0.005
0.170 0.693 0.000 0.005
0.170 0.716 0.000 0.005
0.170 0.739 0.000 0.005
0.170 0.761 0.000 0.005
0.170 0.784 0.000 0.005
0.170 0.807 0.000 0.005
0.170 0.830 0.000 0.005
0.170 0.852 0.000 0.005
0.170 0.875 0.000 0.005
0.170 0.898 0.000 0.005
0.170 0.920 0.000 0.005
0.170 0.943 0.000 0.005
0.170 0.966 0.000 0.005
0.170 0.989 0.000 0.005
0.193 0.011 0.000 0.005
0.193 0.034 0.000 0.005
0.193 0.057 0.000 0.005
0.193 0.080 0.000 0.005
0.193 0.102 0.000 0.005
0.193 0.125 0.000 0.005
0.193 0.148 0.000 0.005
0.193 0.170 0.000 0.005
0.193 0.193 0.000 0.005
0.193 0.216 0.000 0.005
0.193 0.239 0.000 0.005
0.193 0.261 0.000 0.005
0.193 0.284 0.000 0.005
0.193 0.307 0.000 0.005
0.193 0.330 0.000 0.005
0.193 0.352 0.000 0.005
0.193 0.375 0.000 0.005
0.193 0.398 0.000 0.005
0.193 0.420 0.000 0.005
0.193 0.443 0.000 0.005
0.193 0.466 0.000 0.005
0.193 0.489 0.000 0.005
0.193 0.511 0.000 0.005
0.193 0.534 0.000 0.005
0.193 0.557 0.000 0.005
0.193 0.580 0.000 0.005
0.193 0.602 0.000 0.005
0.193 0.625 0.000 0.005
0.193 0.648 0.000 0.005
0.193 0.670 0.000 0.005
0.193 0.693 0.000 0.005
0.193 0.716 0.000 0.005
0.193 0.739 0.000 0.005
0.193 0.761 0.000 0.005
0.193 0.784 0.000 0.005
0.193 0.807 0.000 0.005
0.193 0.830 0.000 0.005
0.193 0.852 0.000 0.005
0.193 0.875 0.000 0.005
0.193 0.898 0.000 0.005
0.193 0.920 0.000 0.005
0.193 0.943 0.000 0.005
0.193 0.966 0.000 0.005
0.193 0.989 0.000 0.005
0.216 0.011 0.000 0.005
0.216 0.034 0.000 0.005
0.216 0.057 0.000 0.005
0.216 0.080 0.000 0.005
0.216 0.102 0.000 0.005
0.216 0.125 0.000 0.005
0.216 0.148 0.000 0.005
0.216 0.170 0.000 0.005
0.216 0.193 0.000 0.005
0.216 0.216 0.000 0.005
0.216 0.239 0.000 0.005
0.216 0.261 0.000 0.005
0.216 0.284 0.000 0.005
0.216 0.307 0.000 0.005
0.216 0.330 0.000 0.005
0.216 0.352 0.000 0.005
0.216 0.375 0.000 0.005
0.216 0.398 0.000 0.005
0.216 0.420 0.000 0.005
0.216 0.443 0.000 0.005
0.216 0.466 0.000 0.005
0.216 0.489 0.000 0.005
0.216 0.511 0.000 0.005
0.216 0.534 0.000 0.005
0.216 0.557 0.000 0.005
0.216 0.580 0.000 0.005
0.216 0.602 0.000 0.005
0.216 0.625 0.000 0.005
0.216 0.648 0.000 0.005
0.216 0.670 0.000 0.005
0.216 0.693 0.000 0.005
0.216 0.716 0.000 0.005
0.216 0.739 0.000 0.005
0.216 0.761 0.000 0.005
0.216 0.784 0.000 0.005
0.216 0.807 0.000 0.005
0.216 0.830 0.000 0.005
0.216 0.852 0.000 0.005
0.216 0.875 0.000 0.005
0.216 0.898 0.000 0.005
0.216 0.920 0.000 0.005
0.216 0.943 0.000 0.005
0.216 0.966 0.000 0.005
0.216 0.989 0.000 0.005
0.239 0.011 0.000 0.005
0.239 0.034 0.000 0.005
0.239 0.057 0.000 0.005
0.239 0.080 0.000 0.005
0.239 0.102 0.000 0.005
0.239 0.125 0.000 0.005
0.239 0.148 0.000 0.005
0.239 0.170 0.000 0.005
0.239 0.193 0.000 0.005
0.239 0.216 0.000 0.005
0.239 0.239 0.000 0.005
0.239 0.261 0.000 0.005
0.239 0.284 0.000 0.005
0.239 0.307 0.000 0.005
0.239 0.330 0.000 0.005
0.239 0.352 0.000 0.005
0.239 0.375 0.000 0.005
0.239 0.398 0.000 0.005
0.239 0.420 0.000 0.005
0.239 0.443 0.000 0.005
0.239 0.466 0.000 0.005
0.239 0.489 0.000 0.005
0.239 0.511 0.000 0.005
0.239 0.534 0.000 0.005
0.239 0.557 0.000 0.005
0.239 0.580 0.000 0.005
0.239 0.602 0.000 0.005
0.239 0.625 0.000 0.005
0.239 0.648 0.000 0.005
0.239 0.670 0.000 0.005
0.239 0.693 0.000 0.005
0.239 0.716 0.000 0.005
0.239 0.739 0.000 0.005
0.239 0.761 0.000 0.005
0.239 0.784 0.000 0.005
0.239 0.807 0.000 0.005
0.239 0.830 0.000 0.005
0.239 0.852 0.000 0.005
0.239 0.875 0.000 0.005
0.239 0.898 0.000 0.005
0.239 0.920 0.000 0.005
0.239 0.943 0.000 0.005
0.239 0.966 0.000 0.005
0.239 0.989 0.000 0.005
0.261 0.011 0.000 0.005
0.261 0.034 0.000 0.005
0.261 0.057 0.000 0.005
0.261 0.080 0.000 0.005
0.261 0.102 0.000 0.005
0.261 0.125 0.000 0.005
0.261 0.148 0.000 0.005
0.261 0.170 0.000 0.005
0.261 0.193 0.000 0.005
0.261 0.216 0.000 0.005
0.261 0.239 0.000 0.005
0.261 0.261 0.000 0.005
0.261 0.284 0.000 0.005
0.261 0.307 0.000 0.005
0.261 0.330 0.000 0.005
0.261 0.352 0.000 0.005
0.261 0.375 0.000 0.005
0.261 0.398 0.000 0.005
0.261 0.420 0.000 0.005
0.261 0.443 0.000 0.005
0.261 0.466 0.000 0.005
0.261 0.489 0.000 0.005
0.261 0.511 0.000 0.005
0.261 0.534 0.000 0.005
0.261 0.557 0.000 0.005
0.261 0.580 0.000 0.005
0.261 0.602 0.000 0.005
0.261 0.625 0.000 0.005
0.261 0.648 0.000 0.005
0.261 0.670 0.000 0.005
0.261 0.693 0.000 0.005
0.261 0.716 0.000 0.005
0.261 0.739 0.000 0.005
0.261 0.761 0.000 0.005
0.261 0.784 0.000 0.005
0.261 0.807 0.000 0.005
0.261 0.830 0.000 0.005
0.261 0.852 0.000 0.005
0.261 0.875 0.000 0.005
0.261 0.898 0.000 0.005
0.261 0.920 0.000 0.005
0.261 0.943 0.000 0.005
0.261 0.966 0.000 0.005
0.261 0.989 0.000 0.005
0.284 0.011 0.000 0.005
0.284 0.034 0.000 0.005
0.284 0.057 0.000 0.005
0.284 0.080 0.000 0.005
0.284 0.102 0.000 0.005
0.284 0.125 0.000 0.005
0.284 0.148 0.000 0.005
0.284 0.170 0.000 0.005
0.284 0.193 0.000 0.005
0.284 0.216 0.000 0.005
0.284 0.239 0.000 0.005
0.284 0.261 0.000 0.005
0.284 0.284 0.000 0.005
0.284 0.307 0.000 0.005
0.284 0.330 0.000 0.005
0.284 0.352 0.000 0.005
0.284 0.375 0.000 0.005
0.284 0.398 0.000 0.005
0.284 0.420 0.000 0.005
0.284 0.443 0.000 0.005
0.284 0.466 0.000 0.005
0.284 0.489 0.000 0.005
0.284 0.511 0.000 0.005
0.284 0.534 0.000 0.005
0.284 0.557 0.000 0.005
0.284 0.580 0.000 0.005
0.284 0.602 0.000 0.005
0.284 0.625 0.000 0.005
0.284 0.648 0.000 0.005
0.284 0.670 0.000 0.005
0.284 0.693 0.000 0.005
0.284 0.716 0.000 0.005
0.284 0.739 0.000 0.005
0.284 0.761 0.000 0.005
0.284 0.784 0.000 0.005
0.284 0.807 0.000 0.005
0.284 0.830 0.000 0.005
0.284 0.852 0.000 0.005
0.284 0.875 0.000 0.005
0.284 0.898 0.000 0.005
0.284 0.920 0.000 0.005
0.284 0.943 0.000 0.005
0.284 0.966 0.000 0.005
0.284 0.989 0.000 0.005
0.307 0.011 0.000 0.005
0.307 0.034 0.000 0.005
0.307 0.057 0.000 0.005
0.307 0.080 0.000 0.005
0.307 0.102 0.000 0.005
0.307 0.125 0.000 0.005
0.307 0.148 0.000 0.005
0.307 0.170 0.000 0.005
0.307 0.193 0.000 0.005
0.307 0.216 0.000 0.005
0.307 0.239 0.000 0.005
0.307 0.261 0.000 0.005
0.307 0.284 0.000 0.005
0.307 0.307 0.000 0.005
0.307 0.330 0.000 0.005
0.307 0.352 0.000 0.005
0.307 0.375 0.000 0.005
0.307 0.398 0.000 0.005
0.307 0.420 0.000 0.005
0.307 0.443 0.000 0.005
0.307 0.466 0.000 0.005
0.307 0.489 0.000 0.005
0.307 0.511 0.000 0.005
0.307 0.534 0.000 0.005
0.307 0.557 0.000 0.005
0.307 0.580 0.000 0.005
0.307 0.602 0.000 0.005
0.307 0.625 0.000 0.005
0.307 0.648 0.000 0.005
0.307 0.670 0.000 0.005
0.307 0.693 0.000 0.005
0.307 0.716 0.000 0.005
0.307 0.739 0.000 0.005
0.307 0.761 0.000 0.005
0.307 0.784 0.000 0.005
0.307 0.807 0.000 0.005
0.307 0.830 0.000 0.005
0.307 0.852 0.000 0.005
0.307 0.875 0.000 0.005
0.307 0.898 0.000 0.005
0.307 0.920 0.000 0.005
0.307 0.943 0.000 0.005
0.307 0.966 0.000 0.005
0.307 0.989 0.000 0.005
0.330 0.011 0.000 0.005
0.330 0.034 0.000 0.005
0.330 0.057 0.000 0.005
0.330 0.080 0.000 0.005
0.330 0.102 0.000 0.005
0.330 0.125 0.000 0.005
0.330 0.148 0.000 0.005
0.330 0.170 0.000 0.005
0.330 0.193 0.000 0.005
0.330 0.216 0.000 0.005
0.330 0.239 0.000 0.005
0.330 0.261 0.000 0.005
0.330 0.284 0.000 0.005
0.330 0.307 0.000 0.005
0.330 0.330 0.000 0.005
0.330 0.352 0.000 0.005
0.330 0.375 0.000 0.005
0.330 0.398 0.000 0.005
0.330 0.420 0.000 0.005
0.330 0.443 0.000 0.005
0.330 0.466 0.000 0.005
0.330 0.489 0.000 0.005
0.330 0.511 0.000 0.005
0.330 0.534 0.000 0.005
0.330 0.557 0.000 0.005
0.330 0.580 0.000 0.005
0.330 0.602 0.000 0.005
0.330 0.625 0.000 0.005
0.330 0.648 0.000 0.005
0.330 0.670 0.000 0.005
0.330 0.693 0.000 0.005
0.330 0.716 0.000 0.005
0.330 0.739 0.000 0.005
0.330 0.761 0.000 0.005
0.330 0.784 0.000 0.005
0.330 0.807 0.000 0.005
0.330 0.830 0.000 0.005
0.330 0.852 0.000 0.005
0.330 0.875 0.000 0.005
0.330 0.898 0.000 0.005
0.330 0.920 0.000 0.005
0.330 0.943 0.000 0.005
0.330 0.966 0.000 0.005
0.330 0.989 0.000 0.005
0.352 0.011 0.000 0.005
0.352 0.034 0.000 0.005
0.352 0.057 0.000 0.005
0.352 0.080 0.000 0.005
0.352 0.102 0.000 0.005
0.352 0.125 0.000 0.005
0.352 0.148 0.000 0.005
0.352 0.170 0.000 0.005
0.352 0.193 0.000 0.005
0.352 0.216 0.000 0.005
0.352 0.239 0.000 0.005
0.352 0.261 0.000 0.005
0.352 0.284 0.000 0.005
0.352 0.307 0.000 0.005
0.352 0.330 0.000 0.005
0.352 0.352 0.000 0.005
0.352 0.375 0.000 0.005
0.352 0.398 0.000 0.005
0.352 0.420 0.000 0.005
0.352 0.443 0.000 0.005
0.352 0.466 0.000 0.005
0.352 0.489 0.000 0.005
0.352 0.511 0.000 0.005
0.352 0.534 0.000 0.005
0.352 0.557 0.000 0.005
0.352 0.580 0.000 0.005
0.352 0.602 0.000 0.005
0.352 0.625 0.000 0.005
0.352 0.648 0.000 0.005
0.352 0.670 0.000 0.005
0.352 0.693 0.000 0.005
0.352 0.716 0.000 0.005
0.352 0.739 0.000 0.005
0.352 0.761 0.000 0.005
0.352 0.784 0.000 0.005
0.352 0.807 0.000 0.005
0.352 0.830 0.000 0.005
0.352 0.852 0.000 0.005
0.352 0.875 0.000 0.005
0.352 0.898 0.000 0.005
0.352 0.920 0.000 0.005
0.352 0.943 0.000 0.005
0.352 0.966 0.000 0.005
0.352 0.989 0.000 0.005
0.375 0.011 0.000 0.005
0.375 0.034 0.000 0.005
0.375 0.057 0.000 0.005
0.375 0.080 0.000 0.005
0.375 0.102 0.000 0.005
0.375 0.125 0.000 0.005
0.375 0.148 0.000 0.005
0.375 0.170 0.000 0.005
0.375 0.193 0.000 0.005
0.375 0.216 0.000 0.005
0.375 0.239 0.000 0.005
0.375 0.261 0.000 0.005
0.375 0.284 0.000 0.005
0.375 0.307 0.000 0.005
0.375 0.330 0.000 0.005
0.375 0.352 0.000 0.005
0.375 0.375 0.000 0.005
0.375 0.398 0.000 0.005
0.375 0.420 0.000 0.005
0.375 0.443 0.000 0.005
0.375 0.466 0.000 0.005
0.375 0.489 0.000 0.005
0.375 0.511 0.000 0.005
0.375 0.534 0.000 0.005
0.375 0.557 0.000 0.005
0.375 0.580 0.000 0.005
0.375 0.602 0.000 0.005
0.375 0.625 0.000 0.005
0.375 0.648 0.000 0.005
0.375 0.670 0.000 0.005
0.375 0.693 0.000 0.005
0.375 0.716 0.000 0.005
0.375 0.739 0.000 0.005
0.375 0.761 0.000 0.005
0.375 0.784 0.000 0.005
0.375 0.807 0.000 0.005
0.375 0.830 0.000 0.005
0.375 0.852 0.000 0.005
0.375 0.875 0.000 0.005
0.375 0.898 0.000 0.005
0.375 0.920 0.000 0.005
0.375 0.943 0.000 0.005
0.375 0.966 0.000 0.005
0.375 0.989 0.000 0.005
0.398 0.011 0.000 0.005
0.398 0.034 0.000 0.005
0.398 0.057 0.000 0.005
0.398 0.080 0.000 0.005
0.398 0.102 0.000 0.005
0.398 0.125 0.000 0.005
0.398 0.148 0.000 0.005
0.398 0.170 0.000 0.005
0.398 0.193 0.000 0.005
0.398 0.216 0.000 0.005
0.398 0.239 0.000 0.005
0.398 0.261 0.000 0.005
0.398 0.284 0.000 0.005
0.398 0.307 0.000 0.005
0.398 0.330 0.000 0.005
0.398 0.352 0.000 0.005
0.398 0.375 0.000 0.005
0.398 0.398 0.000 0.005
0.398 0.420 0.000 0.005
0.398 0.443 0.000 0.005
0.398 0.466 0.000 0.005
0.398 0.489 0.000 0.005
0.398 0.511 0.000 0.005
0.398 0.534 0.000 0.005
0.398 0.557 0.000 0.005
0.398 0.580 0.000 0.005
0.398 0.602 0.000 0.005
0.398 0.625 0.000 0.005
0.398 0.648 0.000 0.005
0.398 0.670 0.000 0.005
0.398 0.693 0.000 0.005
0.398 0.716 0.000 0.005
0.398 0.739 0.000 0.005
0.398 0.761 0.000 0.005
0.398 0.784 0.000 0.005
0.398 0.807 0.000 0.005
0.398 0.830 0.000 0.005
0.398 0.852 0.000 0.005
0.398 0.875 0.000 0.005
0.398 0.898 0.000 0.005
0.398 0.920 0.000 0.005
0.398 0.943 0.000 0.005
0.398 0.966 0.000 0.005
0.398 0.989 0.000 0.005
0.420 0.011 0.000 0.005
0.420 0.034 0.000 0.005
0.420 0.057 0.000 0.005
0.420 0.080 0.000 0.005
0.420 0.102 0.000 0.005
0.420 0.125 0.000 0.005
0.420 0.148 0.000 0.005
0.420 0.170 0.000 0.005
0.420 0.193 0.000 0.005
0.420 0.216 0.000 0.005
0.420 0.239 0.000 0.005
0.420 0.261 0.000 0.005
0.420 0.284 0.000 0.005
0.420 0.307 0.000 0.005
0.420 0.330 0.000 0.005
0.420 0.352 0.000 0.005
0.420 0.375 0.000 0.005
0.420 0.398 0.000 0.005
0.420 0.420 0.000 0.005
0.420 0.443 0.000 0.005
0.420 0.466 0.000 0.005
0.420 0.489 0.000 0.005
0.420 0.511 0.000 0.005
0.420 0.534 0.000 0.005
0.420 0.557 0.000 0.005
0.420 0.580 0.000 0.005
0.420 0.602 0.000 0.005
0.420 0.625 0.000 0.005
0.420 0.648 0.000 0.005
0.420 0.670 0.000 0.005
0.420 0.693 0.000 0.005
0.420 0.716 0.000 0.005
0.420 0.739 0.000 0.005
0.420 0.761 0.000 0.005
0.420 0.784 0.000 0.005
0.420 0.807 0.000 0.005
0.420 0.830 0.000 0.005
0.420 0.852 0.000 0.005
0.420 0.875 0.000 0.005
0.420 0.898 0.000 0.005
0.420 0.920 0.000 0.005
0.420 0.943 0.000 0.005
0.420 0.966 0.000 0.005
0.420 0.989 0.000 0.005
0.443 0.011 0.000 0.005
0.443 0.034 0.000 0.005
0.443 0.057 0.000 0.005
0.443 0.080 0.000 0.005
0.443 0.102 0.000 0.005
0.443 0.125 0.000 0.005
0.443 0.148 0.000 0.005
0.443 0.170 0.000 0.005
0.443 0.193 0.000 0.005
0.443 0.216 0.000 0.005
0.443 0.239 0.000 0.005
0.443 0.261 0.000 0.005
0.443 0.284 0.000 0.005
0.443 0.307 0.000 0.005
0.443 0.330 0.000 0.005
0.443 0.352 0.000 0.005
0.443 0.375 0.000 0.005
0.443 0.398 0.000 0.005
0.443 0.420 0.000 0.005
0.443 0.443 0.000 0.005
0.443 0.466 0.000 0.005
0.443 0.489 0.000 0.005
0.443 0.511 0.000 0.005
0.443 0.534 0.000 0.005
0.443 0.557 0.000 0.005
0.443 0.580 0.000 0.005
0.443 0.602 0.000 0.005
0.443 0.625 0.000 0.005
0.443 0.648 0.000 0.005
0.443 0.670 0.000 0.005
0.443 0.693 0.000 0.005
0.443 0.716 0.000 0.005
0.443 0.739 0.000 0.005
0.443 0.761 0.000 0.005
0.443 0.784 0.000 0.005
0.443 0.807 0.000 0.005
0.443 0.830 0.000 0.005
0.443 0.852 0.000 0.005
0.443 0.875 0.000 0.005
0.443 0.898 0.000 0.005
0.443 0.920 0.000 0.005
0.443 0.943 0.000 0.005
0.443 0.966 0.000 0.005
0.443 0.989 0.000 0.005
0.466 0.011 0.000 0.005
0.466 0.034 0.000 0.005
0.466 0.057 0.000 0.005
0.466 0.080 0.000 0.005
0.466 0.102 0.000 0.005
0.466 0.125 0.000 0.005
0.466 0.148 0.000 0.005
0.466 0.170 0.000 0.005
0.466 0.193 0.000 0.005
0.466 0.216 0.000 0.005
0.466 0.239 0.000 0.005
0.466 0.261 0.000 0.005
0.466 0.284 0.000 0.005
0.466 0.307 0.000 0.005
0.466 0.330 0.000 0.005
0.466 0.352 0.000 0.005
0.466 0.375 0.000 0.005
0.466 0.398 0.000 0.005
0.466 0.420 0.000 0.005
0.466 0.443 0.000 0.005
0.466 0.466 0.000 0.005
0.466 0.489 0.000 0.005
0.466 0.511 0.000 0.005
0.466 0.534 0.000 0.005
0.466 0.557 0.000 0.005
0.466 0.580 0.000 0.005
0.466 0.602 0.000 0.005
0.466 0.625 0.000 0.005
0.466 0.648 0.000 0.005
0.466 0.670 0.000 0.005
0.466 0.693 0.000 0.005
0.466 0.716 0.000 0.005
0.466 0.739 0.000 0.005
0.466 0.761 0.000 0.005
0.466 0.784 0.000 0.005
0.466 0.807 0.000 0.005
0.466 0.830 0.000 0.005
0.466 0.852 0.000 0.005
0.466 0.875 0.000 0.005
0.466 0.898 0.000 0.005
0.466 0.920 0.000 0.005
0.466 0.943 0.000 0.005
0.466 0.966 0.000 0.005
0.466 0.989 0.000 0.005
0.489 0.011 0.000 0.005
0.489 0.034 0.000 0.005
0.489 0.057 0.000 0.005
0.489 0.080 0.000 0.005
0.489 0.102 0.000 0.005
0.489 0.125 0.000 0.005
0.489 0.148 0.000 0.005
0.489 0.170 0.000 0.005
0.489 0.193 0.000 0.005
0.489 0.216 0.000 0.005
0.489 0.239 0.000 0.005
0.489 0.261 0.000 0.005
0.489 0.284 0.000 0.005
0.489 0.307 0.000 0.005
0.489 0.330 0.000 0.005
0.489 0.352 0.000 0.005
0.489 0.375 0.000 0.005
0.489 0.398 0.000 0.005
0.489 0.420 0.000 0.005
0.489 0.443 0.000 0.005
0.489 0.466 0.000 0.005
0.489 0.489 0.000 0.005
0.489 0.511 0.000 0.005
0.489 0.534 0.000 0.005
0.489 0.557 0.000 0.005
0.489 0.580 0.000 0.005
0.489 0.602 0.000 0.005
0.489 0.625 0.000 0.005
0.489 0.648 0.000 0.005
0.489 0.670 0.000 0.005
0.489 0.693 0.000 0.005
0.489 0.716 0.000 0.005
0.489 0.739 0.000 0.005
0.489 0.761 0.000 0.005
0.489 0.784 0.000 0.005
0.489 0.807 0.000 0.005
0.489 0.830 0.000 0.005
0.489 0.852 0.000 0.005
0.489 0.875 0.000 0.005
0.489 0.898 0.000 0.005
0.489 0.920 0.000 0.005
0.489 0.943 0.000 0.005
0.489 0.966 0.000 0.005
0.489 0.989 0.000 0.005
0.511 0.011 0.000 0.005
0.511 0.034 0.000 0.005
0.511 0.057 0.000 0.005
0.511 0.080 0.000 0.005
0.511 0.102 0.000 0.005
0.511 0.125 0.000 0.005
0.511 0.148 0.000 0.005
0.511 0.170 0.000 0.005
0.511 0.193 0.000 0.005
0.511 0.216 0.000 0.005
0.511 0.239 0.000 0.005
0.511 0.261 0.000 0.005
0.511 0.284 0.000 0.005
0.511 0.307 0.000 0.005
0.511 0.330 0.000 0.005
0.511 0.352 0.000 0.005
0.511 0.375 0.000 0.005
0.511 0.398 0.000 0.005
0.511 0.420 0.000 0.005
0.511 0.443 0.000 0.005
0.511 0.466 0.000 0.005
0.511 0.489 0.000 0.005
0.511 0.511 0.000 0.005
0.511 0.534 0.000 0.005
0.511 0.557 0.000 0.005
0.511 0.580 0.000 0.005
0.511 0.602 0.000 0.005
0.511 0.625 0.000 0.005
0.511 0.648 0.000 0.005
0.511 0.670 0.000 0.005
0.511 0.693 0.000 0.005
0.511 0.716 0.000 0.005
0.511 0.739 0.000 0.005
0.511 0.761 0.000 0.005
0.511 0.784 0.000 0.005
0.511 0.807 0.000 0.005
0.511 0.830 0.000 0.005
0.511 0.852 0.000 0.005
0.511 0.875 0.000 0.005
0.511 0.898 0.000 0.005
0.511 0.920 0.000 0.005
0.511 0.943 0.000 0.005
0.511 0.966 0.000 0.005
0.511 0.989 0.000 0.005
0.534 0.011 0.000 0.005
0.534 0.034 0.000 0.005
0.534 0.057 0.000 0.005
0.534 0.080 0.000 0.005
0.534 0.102 0.000 0.005
0.534 0.125 0.000 0.005
0.534 0.148 0.000 0.005
0.534 0.170 0.000 0.005
0.534 0.193 0.000 0.005
0.534 0.216 0.000 0.005
0.534 0.239 0.000 0.005
0.534 0.261 0.000 0.005
0.534 0.284 0.000 0.005
0.534 0.307 0.000 0.005
0.534 0.330 0.000 0.005
0.534 0.352 0.000 0.005
0.534 0.375 0.000 0.005
0.534 0.398 0.000 0.005
0.534 0.420 0.000 0.005
0.534 0.443 0.000 0.005
0.534 0.466 0.000 0.005
0.534 0.489 0.000 0.005
0.534 0.511 0.000 0.005
0.534 0.534 0.000 0.005
0.534 0.557 0.000 0.005
0.534 0.580 0.000 0.005
0.534 0.602 0.000 0.005
0.534 0.625 0.000 0.005
0.534 0.648 0.000 0.005
0.534 0.670 0.000 0.005
0.534 0.693 0.000 0.005
0.534 0.716 0.000 0.005
0.534 0.739 0.000 0.005
0.534 0.761 0.000 0.005
0.534 0.784 0.000 0.005
0.534 0.807 0.000 0.005
0.534 0.830 0.000 0.005
0.534 0.852 0.000 0.005
0.534 0.875 0.000 0.005
0.534 0.898 0.000 0.005
0.534 0.920 0.000 0.005
0.534 0.943 0.000 0.005
0.534 0.966 0.000 0.005
0.534 0.989 0.000 0.005
0.557 0.011 0.000 0.005
0.557 0.034 0.000 0.005
0.557 0.057 0.000 0.005
0.557 0.080 0.000 0.005
0.557 0.102 0.000 0.005
0.557 0.125 0.000 0.005
0.557 0.148 0.000 0.005
0.557 0.170 0.000 0.005
0.557 0.193 0.000 0.005
0.557 0.216 0.000 0.005
0.557 0.239 0.000 0.005
0.557 0.261 0.000 0.005
0.557 0.284 0.000 0.005
0.557 0.307 0.000 0.005
0.557 0.330 0.000 0.005
0.557 0.352 0.000 0.005
0.557 0.375 0.000 0.005
0.557 0.398 0.000 0.005
0.557 0.420 0.000 0.005
0.557 0.443 0.000 0.005
0.557 0.466 0.000 0.005
0.557 0.489 0.000 0.005
0.557 0.511 0.000 0.005
0.557 0.534 0.000 0.005
0.557 0.557 0.000 0.005
0.557 0.580 0.000 0.005
0.557 0.602 0.000 0.005
0.557 0.625 0.000 0.005
0.557 0.648 0.000 0.005
0.557 0.670 0.000 0.005
0.557 0.693 0.000 0.005
0.557 0.716 0.000 0.005
0.557 0.739 0.000 0.005
0.557 0.761 0.000 0.005
0.557 0.784 0.000 0.005
0.557 0.807 0.000 0.005
0.557 0.830 0.000 0.005
0.557 0.852 0.000 0.005
0.557 0.875 0.000 0.005
0.557 0.898 0.000 0.005
0.557 0.920 0.000 0.005
0.557 0.943 0.000 0.005
0.557 0.966 0.000 0.005
0.557 0.989 0.000 0.005
0.580 0.011 0.000 0.005
0.580 0.034 0.000 0.005
0.580 0.057 0.000 0.005
0.580 0.080 0.000 0.005
0.580 0.102 0.000 0.005
0.580 0.125 0.000 0.005
0.580 0.148 0.000 0.005
0.580 0.170 0.000 0.005
0.580 0.193 0.000 0.005
0.580 0.216 0.000 0.005
0.580 0.239 0.000 0.005
0.580 0.261 0.000 0.005
0.580 0.284 0.000 0.005
0.580 0.307 0.000 0.005
0.580 0.330 0.000 0.005
0.580 0.352 0.000 0.005
0.580 0.375 0.000 0.005
0.580 0.398 0.000 0.005
0.580 0.420 0.000 0.005
0.580 0.443 0.000 0.005
0.580 0.466 0.000 0.005
0.580 0.489 0.000 0.005
0.580 0.511 0.000 0.005
0.580 0.534 0.000 0.005
0.580 0.557 0.000 0.005
0.580 0.580 0.000 0.005
0.580 0.602 0.000 0.005
0.580 0.625 0.000 0.005
0.580 0.648 0.000 0.005
0.580 0.670 0.000 0.005
0.580 0.693 0.000 0.005
0.580 0.716 0.000 0.005
0.580 0.739 0.000 0.005
0.580 0.761 0.000 0.005
0.580 0.784 0.000 0.005
0.580 0.807 0.000 0.005
0.580 0.830 0.000 0.005
0.580 0.852 0.000 0.005
0.580 0.875 0.000 0.005
0.580 0.898 0.000 0.005
0.580 0.920 0.000 0.005
0.580 0.943 0.000 0.005
0.580 0.966 0.000 0.005
0.580 0.989 0.000 0.005
0.602 0.011 0.000 0.005
0.602 0.034 0.000 0.005
0.602 0.057 0.000 0.005
0.602 0.080 0.000 0.005
0.602 0.102 0.000 0.005
0.602 0.125 0.000 0.005
0.602 0.148 0.000 0.005
0.602 0.170 0.000 0.005
0.602 0.193 0.000 0.005
0.602 0.216 0.000 0.005
0.602 0.239 0.000 0.005
0.602 0.261 0.000 0.005
0.602 0.284 0.000 0.005
0.602 0.307 0.000 0.005
0.602 0.330 0.000 0.005
0.602 0.352 0.000 0.005
0.602 0.375 0.000 0.005
0.602 0.398 0.000 0.005
0.602 0.420 0.000 0.005
0.602 0.443 0.000 0.005
0.602 0.466 0.000 0.005
0.602 0.489 0.000 0.005
0.602 0.511 0.000 0.005
0.602 0.534 0.000 0.005
0.602 0.557 0.000 0.005
0.602 0.580 0.000 0.005
0.602 0.602 0.000 0.005
0.602 0.625 0.000 0.005
0.602 0.648 0.000 0.005
0.602 0.670 0.000 0.005
0.602 0.693 0.000 0.005
0.602 0.716 0.000 0.005
0.602 0.739 0.000 0.005
0.602 0.761 0.000 0.005
0.602 0.784 0.000 0.005
0.602 0.807 0.000 0.005
0.602 0.830 0.000 0.005
0.602 0.852 0.000 0.005
0.602 0.875 0.000 0.005
0.602 0.898 0.000 0.005
0.602 0.920 0.000 0.005
0.602 0.943 0.000 0.005
0.602 0.966 0.000 0.005
0.602 0.989 0.000 0.005
0.625 0.011 0.000 0.005
0.625 0.034 0.000 0.005
0.625 0.057 0.000 0.005
0.625 0.080 0.000 0.005
0.625 0.102 0.000 0.005
0.625 0.125 0.000 0.005
0.625 0.148 0.000 0.005
0.625 0.170 0.000 0.005
0.625 0.193 0.000 0.005
0.625 0.216 0.000 0.005
0.625 0.239 0.000 0.005
0.625 0.261 0.000 0.005
0.625 0.284 0.000 0.005
0.625 0.307 0.000 0.005
0.625 0.330 0.000 0.005
0.625 0.352 0.000 0.005
0.625 0.375 0.000 0.005
0.625 0.398 0.000 0.005
0.625 0.420 0.000 0.005
0.625 0.443 0.000 0.005
0.625 0.466 0.000 0.005
0.625 0.489 0.000 0.005
0.625 0.511 0.000 0.005
0.625 0.534 0.000 0.005
0.625 0.557 0.000 0.005
0.625 0.580 0.000 0.005
0.625 0.602 0.000 0.005
0.625 0.625 0.000 0.005
0.625 0.648 0.000 0.005
0.625 0.670 0.000 0.005
0.625 0.693 0.000 0.005
0.625 0.716 0.000 0.005
0.625 0.739 0.000 0.005
0.625 0.761 0.000 0.005
0.625 0.784 0.000 0.005
0.625 0.807 0.000 0.005
0.625 0.830 0.000 0.005
0.625 0.852 0.000 0.005
0.625 0.875 0.000 0.005
0.625 0.898 0.000 0.005
0.625 0.920 0.000 0.005
0.625 0.943 0.000 0.005
0.625 0.966 0.000 0.005
0.625 0.989 0.000 0.005
0.648 0.011 0.000 0.005
0.648 0.034 0.000 0.005
0.648 0.057 0.000 0.005
0.648 0.080 0.000 0.005
0.648 0.102 0.000 0.005
0.648 0.125 0.000 0.005
0.648 0.148 0.000 0.005
0.648 0.170 0.000 0.005
0.648 0.193 0.000 0.005
0.648 0.216 0.000 0.005
0.648 0.239 0.000 0.005
0.648 0.261 0.000 0.005
0.648 0.284 0.000 0.005
0.648 0.307 0.000 0.005
0.648 0.330 0.000 0.005
0.648 0.352 0.000 0.005
0.648 0.375 0.000 0.005
0.648 0.398 0.000 0.005
0.648 0.420 0.000 0.005
0.648 0.443 0.000 0.005
0.648 0.466 0.000 0.005
0.648 0.489 0.000 0.005
0.648 0.511 0.000 0.005
0.648 0.534 0.000 0.005
0.648 0.557 0.000 0.005
0.648 0.580 0.000 0.005
0.648 0.602 0.000 0.005
0.648 0.625 0.000 0.005
0.648 0.648 0.000 0.005
0.648 0.670 0.000 0.005
0.648 0.693 0.000 0.005
0.648 0.716 0.000 0.005
0.648 0.739 0.000 0.005
0.648 0.761 0.000 0.005
0.648 0.784 0.000 0.005
0.648 0.807 0.000 0.005
0.648 0.830 0.000 0.005
0.648 0.852 0.000 0.005
0.648 0.875 0.000 0.005
0.648 0.898 0.000 0.005
0.648 0.920 0.000 0.005
0.648 0.943 0.000 0.005
0.648 0.966 0.000 0.005
0.648 0.989 0.000 0.005
0.670 0.011 0.000 0.005
0.670 0.034 0.000 0.005
0.670 0.057 0.000 0.005
0.670 0.080 0.000 0.005
0.670 0.102 0.000 0.005
0.670 0.125 0.000 0.005
0.670 0.148 0.000 0.005
0.670 0.170 0.000 0.005
0.670 0.193 0.000 0.005
0.670 0.216 0.000 0.005
0.670 0.239 0.000 0.005
0.670 0.261 0.000 0.005
0.670 0.284 0.000 0.005
0.670 0.307 0.000 0.005
0.670 0.330 0.000 0.005
0.670 0.352 0.000 0.005
0.670 0.375 0.000 0.005
0.670 0.398 0.000 0.005
0.670 0.420 0.000 0.005
0.670 0.443 0.000 0.005
0.670 0.466 0.000 0.005
0.670 0.489 0.000 0.005
0.670 0.511 0.000 0.005
0.670 0.534 0.000 0.005
0.670 0.557 0.000 0.005
0.670 0.580 0.000 0.005
0.670 0.602 0.000 0.005
0.670 0.625 0.000 0.005
0.670 0.648 0.000 0.005
0.670 0.670 0.000 0.005
0.670 0.693 0.000 0.005
0.670 0.716 0.000 0.005
0.670 0.739 0.000 0.005
0.670 0.761 0.000 0.005
0.670 0.784 0.000 0.005
0.670 0.807 0.000 0.005
0.670 0.830 0.000 0.005
0.670 0.852 0.000 0.005
0.670 0.875 0.000 0.005
0.670 0.898 0.000 0.005
0.670 0.920 0.000 0.005
0.670 0.943 0.000 0.005
0.670 0.966 0.000 0.005
0.670 0.989 0.000 0.005
0.693 0.011 0.000 0.005
0.693 0.034 0.000 0.005
0.693 0.057 0.000 0.005
0.693 0.080 0.000 0.005
0.693 0.102 0.000 0.005
0.693 0.125 0.000 0.005
0.693 0.148 0.000 0.005
0.693 0.170 0.000 0.005
0.693 0.193 0.000 0.005
0.693 0.216 0.000 0.005
0.693 0.239 0.000 0.005
0.693 0.261 0.000 0.005
0.693 0.284 0.000 0.005
0.693 0.307 0.000 0.005
0.693 0.330 0.000 0.005
0.693 0.352 0.000 0.005
0.693 0.375 0.000 0.005
0.693 0.398 0.000 0.005
0.693 0.420 0.000 0.005
0.693 0.443 0.000 0.005
0.693 0.466 0.000 0.005
0.693 0.489 0.000 0.005
0.693 0.511 0.000 0.005
0.693 0.534 0.000 0.005
0.693 0.557 0.000 0.005
0.693 0.580 0.000 0.005
0.693 0.602 0.000 0.005
0.693 0.625 0.000 0.005
0.693 0.648 0.000 0.005
0.693 0.670 0.000 0.005
0.693 0.693 0.000 0.005
0.693 0.716 0.000 0.005
0.693 0.739 0.000 0.005
0.693 0.761 0.000 0.005
0.693 0.784 0.000 0.005
0.693 0.807 0.000 0.005
0.693 0.830 0.000 0.005
0.693 0.852 0.000 0.005
0.693 0.875 0.000 0.005
0.693 0.898 0.000 0.005
0.693 0.920 0.000 0.005
0.693 0.943 0.000 0.005
0.693 0.966 0.000 0.005
0.693 0.989 0.000 0.005
0.716 0.011 0.000 0.005
0.716 0.034 0.000 0.005
0.716 0.057 0.000 0.005
0.716 0.080 0.000 0.005
0.716 0.102 0.000 0.005
0.716 0.125 0.000 0.005
0.716 0.148 0.000 0.005
0.716 0.170 0.000 0.005
0.716 0.193 0.000 0.005
0.716 0.216 0.000 0.005
0.716 0.239 0.000 0.005
0.716 0.261 0.000 0.005
0.716 0.284 0.000 0.005
0.716 0.307 0.000 0.005
0.716 0.330 0.000 0.005
0.716 0.352 0.000 0.005
0.716 0.375 0.000 0.005
0.716 0.398 0.000 0.005
0.716 0.420 0.000 0.005
0.716 0.443 0.000 0.005
0.716 0.466 0.000 0.005
0.716 0.489 0.000 0.005
0.716 0.511 0.000 0.005
0.716 0.534 0.000 0.005
0.716 0.557 0.000 0.005
0.716 0.580 0.000 0.005
0.716 0.602 0.000 0.005
0.716 0.625 0.000 0.005
0.716 0.648 0.000 0.005
0.716 0.670 0.000 0.005
0.716 0.693 0.000 0.005
0.716 0.716 0.000 0.005
0.716 0.739 0.000 0.005
0.716 0.761 0.000 0.005
0.716 0.784 0.000 0.005
0.716 0.807 0.000 0.005
0.716 0.830 0.000 0.005
0.716 0.852 0.000 0.005
0.716 0.875 0.000 0.005
0.716 0.898 0.000 0.005
0.716 0.920 0.000 0.005
0.716 0.943 0.000 0.005
0.716 0.966 0.000 0.005
0.716 0.989 0.000 0.005
0.739 0.011 0.000 0.005
0.739 0.034 0.000 0.005
0.739 0.057 0.000 0.005
0.739 0.080 0.000 0.005
0.739 0.102 0.000 0.005
0.739 0.125 0.000 0.005
0.739 0.148 0.000 0.005
0.739 0.170 0.000 0.005
0.739 0.193 0.000 0.005
0.739 0.216 0.000 0.005
0.739 0.239 0.000 0.005
0.739 0.261 0.000 0.005
0.739 0.284 0.000 0.005
0.739 0.307 0.000 0.005
0.739 0.330 0.000 0.005
0.739 0.352 0.000 0.005
0.739 0.375 0.000 0.005
0.739 0.398 0.000 0.005
0.739 0.420 0.000 0.005
0.739 0.443 0.000 0.005
0.739 0.466 0.000 0.005
0.739 0.489 0.000 0.005
0.739 0.511 0.000 0.005
0.739 0.534 0.000 0.005
0.739 0.557 0.000 0.005
0.739 0.580 0.000 0.005
0.739 0.602 0.000 0.005
0.739 0.625 0.000 0.005
0.739 0.648 0.000 0.005
0.739 0.670 0.000 0.005
0.739 0.693 0.000 0.005
0.739 0.716 0.000 0.005
0.739 0.739 0.000 0.005
0.739 0.761 0.000 0.005
0.739 0.784 0.000 0.005
0.739 0.807 0.000 0.005
0.739 0.830 0.000 0.005
0.739 0.852 0.000 0.005
0.739 0.875 0.000 0.005
0.739 0.898 0.000 0.005
0.739 0.920 0.000 0.005
0.739 0.943 0.000 0.005
0.739 0.966 0.000 0.005
0.739 0.989 0.000 0.005
0.761 0.011 0.000 0.005
0.761 0.034 0.000 0.005
0.761 0.057 0.000 0.005
0.761 0.080 0.000 0.005
0.761 0.102 0.000 0.005
0.761 0.125 0.000 0.005
0.761 0.148 0.000 0.005
0.761 0.170 0.000 0.005
0.761 0.193 0.000 0.005
0.761 0.216 0.000 0.005
0.761 0.239 0.000 0.005
0.761 0.261 0.000 0.005
0.761 0.284 0.000 0.005
0.761 0.307 0.000 0.005
0.761 0.330 0.000 0.005
0.761 0.352 0.000 0.005
0.761 0.375 0.000 0.005
0.761 0.398 0.000 0.005
0.761 0.420 0.000 0.005
0.761 0.443 0.000 0.005
0.761 0.466 0.000 0.005
0.761 0.489 0.000 0.005
0.761 0.511 0.000 0.005
0.761 0.534 0.000 0.005
0.761 0.557 0.000 0.005
0.761 0.580 0.000 0.005
0.761 0.602 0.000 0.005
0.761 0.625 0.000 0.005
0.761 0.648 0.000 0.005
0.761 0.670 0.000 0.005
0.761 0.693 0.000 0.005
0.761 0.716 0.000 0.005
0.761 0.739 0.000 0.005
0.761 0.761 0.000 0.005
0.761 0.784 0.000 0.005
0.761 0.807 0.000 0.005
0.761 0.830 0.000 0.005
0.761 0.852 0.000 0.005
0.761 0.875 0.000 0.005
0.761 0.898 0.000 0.005
0.761 0.920 0.000 0.005
0.761 0.943 0.000 0.005
0.761 0.966 0.000 0.005
0.761 0.989 0.000 0.005
0.784 0.011 0.000 0.005
0.784 0.034 0.000 0.005
0.784 0.057 0.000 0.005
0.784 0.080 0.000 0.005
0.784 0.102 0.000 0.005
0.784 0.125 0.000 0.005
0.784 0.148 0.000 0.005
0.784 0.170 0.000 0.005
0.784 0.193 0.000 0.005
0.784 0.216 0.000 0.005
0.784 0.239 0.000 0.005
0.784 0.261 0.000 0.005
0.784 0.284 0.000 0.005
0.784 0.307 0.000 0.005
0.784 0.330 0.000 0.005
0.784 0.352 0.000 0.005
0.784 0.375 0.000 0.005
0.784 0.398 0.000 0.005
0.784 0.420 0.000 0.005
0.784 0.443 0.000 0.005
0.784 0.466 0.000 0.005
0.784 0.489 0.000 0.005
0.784 0.511 0.000 0.005
0.784 0.534 0.000 0.005
0.784 0.557 0.000 0.005
0.784 0.580 0.000 0.005
0.784 0.602 0.000 0.005
0.784 0.625 0.000 0.005
0.784 0.648 0.000 0.005
0.784 0.670 0.000 0.005
0.784 0.693 0.000 0.005
0.784 0.716 0.000 0.005
0.784 0.739 0.000 0.005
0.784 0.761 0.000 0.005
0.784 0.784 0.000 0.005
0.784 0.807 0.000 0.005
0.784 0.830 0.000 0.005
0.784 0.852 0.000 0.005
0.784 0.875 0.000 0.005
0.784 0.898 0.000 0.005
0.784 0.920 0.000 0.005
0.784 0.943 0.000 0.005
0.784 0.966 0.000 0.005
0.784 0.989 0.000 0.005
0.807 0.011 0.000 0.005
0.807 0.034 0.000 0.005
0.807 0.057 0.000 0.005
0.807 0.080 0.000 0.005
0.807 0.102 0.000 0.005
0.807 0.125 0.000 0.005
0.807 0.148 0.000 0.005
0.807 0.170 0.000 0.005
0.807 0.193 0.000 0.005
0.807 0.216 0.000 0.005
0.807 0.239 0.000 0.005
0.807 0.261 0.000 0.005
0.807 0.284 0.000 0.005
0.807 0.307 0.000 0.005
0.807 0.330 0.000 0.005
0.807 0.352 0.000 0.005
0.807 0.375 0.000 0.005
0.807 0.398 0.000 0.005
0.807 0.420 0.000 0.005
0.807 0.443 0.000 0.005
0.807 0.466 0.000 0.005
0.807 0.489 0.000 0.005
0.807 0.511 0.000 0.005
0.807 0.534 0.000 0.005
0.807 0.557 0.000 0.005
0.807 0.580 0.000 0.005
0.807 0.602 0.000 0.005
0.807 0.625 0.000 0.005
0.807 0.648 0.000 0.005
0.807 0.670 0.000 0.005
0.807 0.693 0.000 0.005
0.807 0.716 0.000 0.005
0.807 0.739 0.000 0.005
0.807 0.761 0.000 0.005
0.807 0.784 0.000 0.005
0.807 0.807 0.000 0.005
0.807 0.830 0.000 0.005
0.807 0.852 0.000 0.005
0.807 0.875 0.000 0.005
0.807 0.898 0.000 0.005
0.807 0.920 0.000 0.005
0.807 0.943 0.000 0.005
0.807 0.966 0.000 0.005
0.807 0.989 0.000 0.005
0.830 0.011 0.000 0.005
0.830 0.034 0.000 0.005
0.830 0.057 0.000 0.005
0.830 0.080 0.000 0.005
0.830 0.102 0.000 0.005
0.830 0.125 0.000 0.005
0.830 0.148 0.000 0.005
0.830 0.170 0.000 0.005
0.830 0.193 0.000 0.005
0.830 0.216 0.000 0.005
0.830 0.239 0.000 0.005
0.830 0.261 0.000 0.005
0.830 0.284 0.000 0.005
0.830 0.307 0.000 0.005
0.830 0.330 0.000 0.005
0.830 0.352 0.000 0.005
0.830 0.375 0.000 0.005
0.830 0.398 0.000 0.005
0.830 0.420 0.000 0.005
0.830 0.443 0.000 0.005
0.830 0.466 0.000 0.005
0.830 0.489 0.000 0.005
0.830 0.511 0.000 0.005
0.830 0.534 0.000 0.005
0.830 0.557 0.000 0.005
0.830 0.580 0.000 0.005
0.830 0.602 0.000 0.005
0.830 0.625 0.000 0.005
0.830 0.648 0.000 0.005
0.830 0.670 0.000 0.005
0.830 0.693 0.000 0.005
0.830 0.716 0.000 0.005
0.830 0.739 0.000 0.005
0.830 0.761 0.000 0.005
0.830 0.784 0.000 0.005
0.830 0.807 0.000 0.005
0.830 0.830 0.000 0.005
0.830 0.852 0.000 0.005
0.830 0.875 0.000 0.005
0.830 0.898 0.000 0.005
0.830 0.920 0.000 0.005
0.830 0.943 0.000 0.005
0.830 0.966 0.000 0.005
0.830 0.989 0.000 0.005
0.852 0.011 0.000 0.005
0.852 0.034 0.000 0.005
0.852 0.057 0.000 0.005
0.852 0.080 0.000 0.005
0.852 0.102 0.000 0.005
0.852 0.125 0.000 0.005
0.852 0.148 0.000 0.005
0.852 0.170 0.000 0.005
0.852 0.193 0.000 0.005
0.852 0.216 0.000 0.005
0.852 0.239 0.000 0.005
0.852 0.261 0.000 0.005
0.852 0.284 0.000 0.005
0.852 0.307 0.000 0.005
0.852 0.330 0.000 0.005
0.852 0.352 0.000 0.005
0.852 0.375 0.000 0.005
0.852 0.398 0.000 0.005
0.852 0.420 0.000 0.005
0.852 0.443 0.000 0.005
0.852 0.466 0.000 0.005
0.852 0.489 0.000 0.005
0.852 0.511 0.000 0.005
0.852 0.534 0.000 0.005
0.852 0.557 0.000 0.005
0.852 0.580 0.000 0.005
0.852 0.602 0.000 0.005
0.852 0.625 0.000 0.005
0.852 0.648 0.000 0.005
0.852 0.670 0.000 0.005
0.852 0.693 0.000 0.005
0.852 0.716 0.000 0.005
0.852 0.739 0.000 0.005
0.852 0.761 0.000 0.005
0.852 0.784 0.000 0.005
0.852 0.807 0.000 0.005
0.852 0.830 0.000 0.005
0.852 0.852 0.000 0.005
0.852 0.875 0.000 0.005
0.852 0.898 0.000 0.005
0.852 0.920 0.000 0.005
0.852 0.943 0.000 0.005
0.852 0.966 0.000 0.005
0.852 0.989 0.000 0.005
0.875 0.011 0.000 0.005
0.875 0.034 0.000 0.005
0.875 0.057 0.000 0.005
0.875 0.080 0.000 0.005
0.875 0.102 0.000 0.005
0.875 0.125 0.000 0.005
0.875 0.148 0.000 0.005
0.875 0.170 0.000 0.005
0.875 0.193 0.000 0.005
0.875 0.216 0.000 0.005
0.875 0.239 0.000 0.005
0.875 0.261 0.000 0.005
0.875 0.284 0.000 0.005
0.875 0.307 0.000 0.005
0.875 0.330 0.000 0.005
0.875 0.352 0.000 0.005
0.875 0.375 0.000 0.005
0.875 0.398 0.000 0.005
0.875 0.420 0.000 0.005
0.875 0.443 0.000 0.005
0.875 0.466 0.000 0.005
0.875 0.489 0.000 0.005
0.875 0.511 0.000 0.005
0.875 0.534 0.000 0.005
0.875 0.557 0.000 0.005
0.875 0.580 0.000 0.005
0.875 0.602 0.000 0.005
0.875 0.625 0.000 0.005
0.875 0.648 0.000 0.005
0.875 0.670 0.000 0.005
0.875 0.693 0.000 0.005
0.875 0.716 0.000 0.005
0.875 0.739 0.000 0.005
0.875 0.761 0.000 0.005
0.875 0.784 0.000 0.005
0.875 0.807 0.000 0.005
0.875 0.830 0.000 0.005
0.875 0.852 0.000 0.005
0.875 0.875 0.000 0.005
0.875 0.898 0.000 0.005
0.875 0.920 0.000 0.005
0.875 0.943 0.000 0.005
0.875 0.966 0.000 0.005
0.875 0.989 0.000 0.005
0.898 0.011 0.000 0.005
0.898 0.034 0.000 0.005
0.898 0.057 0.000 0.005
0.898 0.080 0.000 0.005
0.898 0.102 0.000 0.005
0.898 0.125 0.000 0.005
0.898 0.148 0.000 0.005
0.898 0.170 0.000 0.005
0.898 0.193 0.000 0.005
0.898 0.216 0.000 0.005
0.898 0.239 0.000 0.005
0.898 0.261 0.000 0.005
0.898 0.284 0.000 0.005
0.898 0.307 0.000 0.005
0.898 0.330 0.000 0.005
0.898 0.352 0.000 0.005
0.898 0.375 0.000 0.005
0.898 0.398 0.000 0.005
0.898 0.420 0.000 0.005
0.898 0.443 0.000 0.005
0.898 0.466 0.000 0.005
0.898 0.489 0.000 0.005
0.898 0.511 0.000 0.005
0.898 0.534 0.000 0.005
0.898 0.557 0.000 0.005
0.898 0.580 0.000 0.005
0.898 0.602 0.000 0.005
0.898 0.625 0.000 0.005
0.898 0.648 0.000 0.005
0.898 0.670 0.000 0.005
0.898 0.693 0.000 0.005
0.898 0.716 0.000 0.005
0.898 0.739 0.000 0.005
0.898 0.761 0.000 0.005
0.898 0.784 0.000 0.005
0.898 0.807 0.000 0.005
0.898 0.830 0.000 0.005
0.898 0.852 0.000 0.005
0.898 0.875 0.000 0.005
0.898 0.898 0.000 0.005
0.898 0.920 0.000 0.005
0.898 0.943 0.000 0.005
0.898 0.966 0.000 0.005
0.898 0.989 0.000 0.005
0.920 0.011 0.000 0.005
0.920 0.034 0.000 0.005
0.920 0.057 0.000 0.005
0.920 0.080 0.000 0.005
0.920 0.102 0.000 0.005
0.920 0.125 0.000 0.005
0.920 0.148 0.000 0.005
0.920 0.170 0.000 0.005
0.920 0.193 0.000 0.005
0.920 0.216 0.000 0.005
0.920 0.239 0.000 0.005
0.920 0.261 0.000 0.005
0.920 0.284 0.000 0.005
0.920 0.307 0.000 0.005
0.920 0.330 0.000 0.005
0.920 0.352 0.000 0.005
0.920 0.375 0.000 0.005
0.920 0.398 0.000 0.005
0.920 0.420 0.000 0.005
0.920 0.443 0.000 0.005
0.920 0.466 0.000 0.005
0.920 0.489 0.000 0.005
0.920 0.511 0.000 0.005
0.920 0.534 0.000 0.005
0.920 0.557 0.000 0.005
0.920 0.580 0.000 0.005
0.920 0.602 0.000 0.005
0.920 0.625 0.000 0.005
0.920 0.648 0.000 0.005
0.920 0.670 0.000 0.005
0.920 0.693 0.000 0.005
0.920 0.716 0.000 0.005
0.920 0.739 0.000 0.005
0.920 0.761 0.000 0.005
0.920 0.784 0.000 0.005
0.920 0.807 0.000 0.005
0.920 0.830 0.000 0.005
0.920 0.852 0.000 0.005
0.920 0.875 0.000 0.005
0.920 0.898 0.000 0.005
0.920 0.920 0.000 0.005
0.920 0.943 0.000 0.005
0.920 0.966 0.000 0.005
0.920 0.989 0.000 0.005
0.943 0.011 0.000 0.005
0.943 0.034 0.000 0.005
0.943 0.057 0.000 0.005
0.943 0.080 0.000 0.005
0.943 0.102 0.000 0.005
0.943 0.125 0.000 0.005
0.943 0.148 0.000 0.005
0.943 0.170 0.000 0.005
0.943 0.193 0.000 0.005
0.943 0.216 0.000 0.005
0.943 0.239 0.000 0.005
0.943 0.261 0.000 0.005
0.943 0.284 0.000 0.005
0.943 0.307 0.000 0.005
0.943 0.330 0.000 0.005
0.943 0.352 0.000 0.005
0.943 0.375 0.000 0.005
0.943 0.398 0.000 0.005
0.943 0.420 0.000 0.005
0.943 0.443 0.000 0.005
0.943 0.466 0.000 0.005
0.943 0.489 0.000 0.005
0.943 0.511 0.000 0.005
0.943 0.534 0.000 0.005
0.943 0.557 0.000 0.005
0.943 0.580 0.000 0.005
0.943 0.602 0.000 0.005
0.943 0.625 0.000 0.005
0.943 0.648 0.000 0.005
0.943 0.670 0.000 0.005
0.943 0.693 0.000 0.005
0.943 0.716 0.000 0.005
0.943 0.739 0.000 0.005
0.943 0.761 0.000 0.005
0.943 0.784 0.000 0.005
0.943 0.807 0.000 0.005
0.943 0.830 0.000 0.005
0.943 0.852 0.000 0.005
0.943 0.875 0.000 0.005
0.943 0.898 0.000 0.005
0.943 0.920 0.000 0.005
0.943 0.943 0.000 0.005
0.943 0.966 0.000 0.005
0.943 0.989 0.000 0.005
0.966 0.011 0.000 0.005
0.966 0.034 0.000 0.005
0.966 0.057 0.000 0.005
0.966 0.080 0.000 0.005
0.966 0.102 0.000 0.005
0.966 0.125 0.000 0.005
0.966 0.148 0.000 0.005
0.966 0.170 0.000 0.005
0.966 0.193 0.000 0.005
0.966 0.216 0.000 0.005
0.966 0.239 0.000 0.005
0.966 0.261 0.000 0.005
0.966 0.284 0.000 0.005
0.966 0.307 0.000 0.005
0.966 0.330 0.000 0.005
0.966 0.352 0.000 0.005
0.966 0.375 0.000 0.005
0.966 0.398 0.000 0.005
0.966 0.420 0.000 0.005
0.966 0.443 0.000 0.005
0.966 0.466 0.000 0.005
0.966 0.489 0.000 0.005
0.966 0.511 0.000 0.005
0.966 0.534 0.000 0.005
0.966 0.557 0.000 0.005
0.966 0.580 0.000 0.005
0.966 0.602 0.000 0.005
0.966 0.625 0.000 0.005
0.966 0.648 0.000 0.005
0.966 0.670 0.000 0.005
0.966 0.693 0.000 0.005
0.966 0.716 0.000 0.005
0.966 0.739 0.000 0.005
0.966 0.761 0.000 0.005
0.966 0.784 0.000 0.005
0.966 0.807 0.000 0.005
0.966 0.830 0.000 0.005
0.966 0.852 0.000 0.005
0.966 0.875 0.000 0.005
0.966 0.898 0.000 0.005
0.966 0.920 0.000 0.005
0.966 0.943 0.000 0.005
0.966 0.966 0.000 0.005
0.966 0.989 0.000 0.005
0.989 0.011 0.000 0.005
0.989 0.034 0.000 0.005
0.989 0.057 0.000 0.005
0.989 0.080 0.000 0.005
0.989 0.102 0.000 0.005
0.989 0.125 0.000 0.005
0.989 0.148 0.000 0.005
0.989 0.170 0.000 0.005
0.989 0.193 0.000 0.005
0.989 0.216 0.000 0.005
0.989 0.239 0.000 0.005
0.989 0.261 0.000 0.005
0.989 0.284 0.000 0.005
0.989 0.307 0.000 0.005
0.989 0.330 0.000 0.005
0.989 0.352 0.000 0.005
0.989 0.375 0.000 0.005
0.989 0.398 0.000 0.005
0.989 0.420 0.000 0.005
0.989 0.443 0.000 0.005
0.989 0.466 0.000 0.005
0.989 0.489 0.000 0.005
0.989 0.511 0.000 0.005
0.989 0.534 0.000 0.005
0.989 0.557 0.000 0.005
0.989 0.580 0.000 0.005
0.989 0.602 0.000 0.005
0.989 0.625 0.000 0.005
0.989 0.648 0.000 0.005
0.989 0.670 0.000 0.005
0.989 0.693 0.000 0.005
0.989 0.716 0.000 0.005
0.989 0.739 0.000 0.005
0.989 0.761 0.000 0.005
0.989 0.784 0.000 0.005
0.989 0.807 0.000 0.005
0.989 0.830 0.000 0.005
0.989 0.852 0.000 0.005
0.989 0.875 0.000 0.005
0.989 0.898 0.000 0.005
0.989 0.920 0.000 0.005
0.989 0.943 0.000 0.005
0.989 0.966 0.000 0.005
0.989 0.989 0.000 0.005
