0.051 0.36 0.058 0.05
0.052 0.26 0.694 0.05
0.052 0.406 0.39 0.05
0.052 0.424 0.216 0.05
0.094 0.709 0.0615 0.05
0.052 0.932 0.727 0.05
0.053 0.079 0.485 0.05
0.053 0.166 0.214 0.05
0.098 0.6005 0.3645 0.05
0.076 0.766 0.268 0.05
0.054 0.051 0.365 0.05
0.054 0.536 0.101 0.05
0.054 0.835 0.62 0.05
0.055 0.165 0.051 0.05
0.055 0.784 0.937 0.05
0.056 0.144 0.592 0.05
0.057 0.226 0.402 0.05
0.057 0.541 0.609 0.05
0.057 0.592 0.752 0.05
0.06 0.872 0.141 0.05
0.061 0.611 0.231 0.05
0.062 0.461 0.924 0.05
0.062 0.847 0.842 0.05
0.069 0.158 0.863 0.05
0.069 0.681 0.422 0.05
0.069 0.927 0.309 0.05
0.07 0.304 0.323 0.05
0.118 0.707 0.8465 0.05
0.071 0.618 0.856 0.05
0.072 0.944 0.885 0.05
0.075 0.427 0.64 0.05
0.077 0.481 0.315 0.05
0.079 0.794 0.525 0.05
0.08 0.269 0.184 0.05
0.08 0.373 0.819 0.05
0.082 0.907 0.514 0.05
0.083 0.685 0.609 0.05
0.131 0.356 0.56 0.05
0.085 0.824 0.74 0.05
0.086 0.276 0.916 0.05
0.089 0.586 0.498 0.05
0.094 0.13 0.725 0.05
0.094 0.499 0.417 0.05
0.098 0.761 0.165 0.05
0.101 0.229 0.789 0.05
0.106 0.694 0.944 0.05
0.106 0.862 0.413 0.05
0.107 0.111 0.13 0.05
0.111 0.678 0.729 0.05
0.112 0.494 0.743 0.05
0.113 0.115 0.282 0.05
0.114 0.063 0.877 0.05
0.117 0.364 0.459 0.05
0.119 0.256 0.498 0.05
0.119 0.47 0.554 0.05
0.12 0.246 0.06 0.05
0.129 0.58 0.948 0.05
0.135 0.06 0.645 0.05
0.135 0.519 0.847 0.05
0.136 0.908 0.642 0.05
0.141 0.897 0.202 0.05
0.142 0.923 0.776 0.05
0.195 0.371 0.088 0.05
0.146 0.663 0.192 0.05
0.146 0.711 0.312 0.05
0.146 0.796 0.876 0.05
0.148 0.92 0.086 0.05
0.1545 0.564 0.067 0.05
0.152 0.404 0.358 0.05
0.155 0.948 0.946 0.05
0.157 0.418 0.934 0.05
0.16 0.24 0.704 0.05
0.1735 0.347 0.686 0.05
0.163 0.293 0.384 0.05
0.164 0.465 0.176 0.05
0.176 0.2565 0.24 0.05
0.173 0.16 0.195 0.05
0.175 0.942 0.396 0.05
0.176 0.054 0.188 0.05
0.176 0.657 0.553 0.05
0.178 0.789 0.612 0.05
0.185 0.128 0.524 0.05
0.207 0.166 0.388 0.05
0.191 0.385 0.262 0.05
0.191 0.782 0.418 0.05
0.193 0.316 0.912 0.05
0.229 0.8285 0.083 0.05
0.2345 0.085 0.906 0.05
0.197 0.808 0.242 0.05
0.199 0.187 0.62 0.05
0.26766666666666666 0.47833333333333333 0.21166666666666667 0.05
0.204 0.079 0.765 0.05
0.204 0.609 0.697 0.05
0.205 0.825 0.763 0.05
0.208 0.917 0.504 0.05
0.231 0.506 0.482 0.05
0.21 0.916 0.864 0.05
0.2295 0.5015 0.6185 0.05
0.213 0.228 0.855 0.05
0.215 0.647 0.947 0.05
0.219 0.947 0.247 0.05
0.2615 0.346 0.412 0.05
0.22 0.495 0.352 0.05
0.269 0.52 0.931 0.05
0.223 0.262 0.053 0.05
0.242 0.594 0.1765 0.05
0.231 0.078 0.075 0.05
0.299 0.9133333333333333 0.619 0.05
0.234 0.319 0.812 0.05
0.235 0.878 0.338 0.05
0.239 0.451 0.78 0.05
0.24 0.585 0.832 0.05
0.241 0.098 0.275 0.05
0.241 0.463 0.099 0.05
0.244 0.675 0.433 0.05
0.252 0.056 0.625 0.05
0.274 0.2305 0.705 0.05
0.275 0.67 0.0685 0.05
0.259 0.737 0.753 0.05
0.26 0.292 0.273 0.05
0.26 0.8 0.851 0.05
0.263 0.293 0.511 0.05
0.265 0.655 0.308 0.05
0.27 0.868 0.937 0.05
0.271 0.127 0.701 0.05
0.272 0.051 0.523 0.05
0.273 0.744 0.165 0.05
0.3225 0.929 0.1395 0.05
0.323 0.229 0.9176666666666666 0.05
0.278 0.648 0.587 0.05
0.28 0.946 0.423 0.05
0.287 0.137 0.189 0.05
0.291 0.196 0.105 0.05
0.291 0.354 0.599 0.05
0.291 0.545 0.721 0.05
0.291 0.762 0.552 0.05
0.292 0.85 0.222 0.05
0.293 0.364 0.722 0.05
0.297 0.189 0.444 0.05
0.298 0.542 0.304 0.05
0.339 0.9255 0.7525 0.05
0.299 0.669 0.687 0.05
0.299 0.785 0.663 0.05
0.304 0.31 0.178 0.05
0.304 0.414 0.939 0.05
0.309 0.578 0.494 0.05
0.309 0.838 0.756 0.05
0.313 0.076 0.429 0.05
0.317 0.4 0.289 0.05
0.32 0.788 0.323 0.05
0.323 0.641 0.914 0.05
0.329 0.122 0.81 0.05
0.329 0.371 0.84 0.05
0.331 0.616 0.382 0.05
0.336 0.684 0.488 0.05
0.339 0.086 0.071 0.05
0.339 0.135 0.525 0.05
0.343 0.481 0.627 0.05
0.348 0.514 0.843 0.05
0.348 0.577 0.093 0.05
0.352 0.173 0.31 0.05
0.356 0.573 0.216 0.05
0.357 0.783 0.921 0.05
0.358 0.872 0.451 0.05
0.3943333333333333 0.4786666666666667 0.3396666666666667 0.05
0.359 0.644 0.796 0.05
0.365 0.835 0.081 0.05
0.366 0.069 0.262 0.05
0.371 0.687 0.281 0.05
0.373 0.301 0.283 0.05
0.374 0.117 0.685 0.05
0.376 0.458 0.744 0.05
0.376 0.926 0.882 0.05
0.377 0.32 0.5 0.05
0.377 0.778 0.201 0.05
0.38 0.225 0.756 0.05
0.383 0.598 0.68 0.05
0.384 0.694 0.111 0.05
0.386 0.925 0.309 0.05
0.388 0.754 0.822 0.05
0.39 0.419 0.527 0.05
0.394 0.759 0.415 0.05
0.399 0.333 0.626 0.05
0.4 0.212 0.107 0.05
0.406 0.225 0.539 0.05
0.407 0.429 0.923 0.05
0.451 0.376 0.0935 0.05
0.41 0.556 0.772 0.05
0.41 0.718 0.694 0.05
0.413 0.492 0.151 0.05
0.415 0.086 0.595 0.05
0.446 0.6203333333333334 0.5436666666666666 0.05
0.42 0.215 0.221 0.05
0.421 0.376 0.215 0.05
0.421 0.82 0.682 0.05
0.424 0.295 0.817 0.05
0.425 0.214 0.659 0.05
0.425 0.672 0.369 0.05
0.432 0.064 0.945 0.05
0.432 0.074 0.837 0.05
0.433 0.397 0.812 0.05
0.436 0.076 0.386 0.05
0.436 0.531 0.91 0.05
0.441 0.792 0.569 0.05
0.441 0.859 0.826 0.05
0.443 0.176 0.441 0.05
0.443 0.275 0.38 0.05
0.45 0.6605 0.871 0.05
0.443 0.775 0.29 0.05
0.447 0.871 0.182 0.05
0.449 0.945 0.054 0.05
0.49 0.162 0.7973333333333333 0.05
0.453 0.108 0.143 0.05
0.453 0.607 0.055 0.05
0.453 0.644 0.2 0.05
0.457 0.81 0.945 0.05
0.458 0.495 0.053 0.05
0.461 0.577 0.3 0.05
0.462 0.389 0.706 0.05
0.464 0.487 0.652 0.05
0.469 0.063 0.684 0.05
0.469 0.33 0.944 0.05
0.469 0.826 0.064 0.05
0.471 0.166 0.941 0.05
0.472 0.058 0.513 0.05
0.478 0.281 0.081 0.05
0.48 0.803 0.459 0.05
0.481 0.912 0.912 0.05
0.486 0.907 0.44 0.05
0.487 0.738 0.128 0.05
0.49 0.486 0.536 0.05
0.496 0.194 0.302 0.05
0.496 0.301 0.542 0.05
0.499 0.888 0.694 0.05
0.501 0.755 0.77 0.05
0.502 0.088 0.246 0.05
0.502 0.369 0.397 0.05
0.505 0.501 0.405 0.05
0.51 0.413 0.881 0.05
0.515 0.495 0.811 0.05
0.52 0.163 0.555 0.05
0.52 0.805 0.229 0.05
0.524 0.316 0.796 0.05
0.524 0.823 0.367 0.05
0.525 0.464 0.277 0.05
0.527 0.584 0.75 0.05
0.527 0.67 0.533 0.05
0.527 0.682 0.678 0.05
0.529 0.933 0.605 0.05
0.53 0.776 0.868 0.05
0.532 0.618 0.124 0.05
0.533 0.924 0.802 0.05
0.535 0.468 0.165 0.05
0.54 0.901 0.084 0.05
0.54 0.903 0.268 0.05
0.546 0.317 0.671 0.05
0.5593333333333333 0.3036666666666667 0.21566666666666665 0.05
0.546 0.599 0.234 0.05
0.547 0.8 0.594 0.05
0.549 0.671 0.859 0.05
0.55 0.12 0.059 0.05
0.556 0.084 0.939 0.05
0.557 0.208 0.704 0.05
0.5925 0.6255 0.4575 0.05
0.558 0.054 0.43 0.05
0.558 0.055 0.622 0.05
0.558 0.562 0.893 0.05
0.561 0.669 0.313 0.05
0.564 0.227 0.056 0.05
0.566 0.122 0.161 0.05
0.571 0.745 0.476 0.05
0.572 0.404 0.724 0.05
0.575 0.547 0.573 0.05
0.577 0.295 0.407 0.05
0.578 0.435 0.364 0.05
0.579 0.317 0.891 0.05
0.579 0.856 0.942 0.05
0.58 0.182 0.909 0.05
0.582 0.089 0.719 0.05
0.586 0.519 0.076 0.05
0.591 0.817 0.794 0.05
0.591 0.876 0.48 0.05
0.593 0.549 0.366 0.05
0.596 0.406 0.611 0.05
0.598 0.078 0.313 0.05
0.598 0.728 0.931 0.05
0.598 0.858 0.179 0.05
0.6 0.217 0.808 0.05
0.601 0.244 0.5 0.05
0.605 0.392 0.053 0.05
0.607 0.415 0.923 0.05
0.6406666666666666 0.16 0.488 0.05
0.616 0.405 0.503 0.05
0.618 0.514 0.464 0.05
0.618 0.772 0.685 0.05
0.619 0.512 0.685 0.05
0.622 0.943 0.905 0.05
0.623 0.646 0.759 0.05
0.624 0.334 0.321 0.05
0.624 0.727 0.186 0.05
0.625 0.842 0.074 0.05
0.632 0.059 0.08 0.05
0.632 0.279 0.596 0.05
0.632 0.51 0.255 0.05
0.636 0.208 0.127 0.05
0.636 0.73 0.564 0.05
0.639 0.822 0.278 0.05
0.641 0.726 0.829 0.05
0.642 0.414 0.826 0.05
0.643 0.805 0.398 0.05
0.646 0.914 0.784 0.05
0.647 0.921 0.58 0.05
0.647 0.938 0.243 0.05
0.649 0.716 0.065 0.05
0.651 0.603 0.184 0.05
0.655 0.407 0.147 0.05
0.656 0.595 0.898 0.05
0.659 0.056 0.218 0.05
0.659 0.108 0.788 0.05
0.66 0.911 0.38 0.05
0.664 0.679 0.666 0.05
0.665 0.182 0.246 0.05
0.665 0.303 0.813 0.05
0.667 0.365 0.72 0.05
0.669 0.233 0.337 0.05
0.67 0.608 0.315 0.05
0.67 0.945 0.479 0.05
0.671 0.931 0.683 0.05
0.675 0.925 0.112 0.05
0.676 0.139 0.665 0.05
0.677 0.486 0.593 0.05
0.682 0.072 0.468 0.05
0.683 0.324 0.941 0.05
0.683 0.463 0.376 0.05
0.685 0.564 0.056 0.05
0.689 0.23 0.712 0.05
0.689 0.827 0.827 0.05
0.691 0.144 0.056 0.05
0.7475 0.887 0.9425 0.05
0.701 0.317 0.473 0.05
0.702 0.804 0.508 0.05
0.705 0.574 0.803 0.05
0.708 0.319 0.053 0.05
0.71 0.053 0.612 0.05
0.71 0.093 0.881 0.05
0.71 0.445 0.933 0.05
0.71 0.753 0.948 0.05
0.711 0.279 0.159 0.05
0.712 0.759 0.229 0.05
0.714 0.54 0.511 0.05
0.714 0.725 0.331 0.05
0.716 0.387 0.268 0.05
0.717 0.825 0.678 0.05
0.7445 0.148 0.199 0.05
0.719 0.595 0.614 0.05
0.72 0.218 0.576 0.05
0.72 0.682 0.144 0.05
0.725 0.482 0.142 0.05
0.726 0.708 0.47 0.05
0.734 0.514 0.242 0.05
0.7865 0.1425 0.341 0.05
0.736 0.609 0.397 0.05
0.736 0.677 0.762 0.05
0.737 0.647 0.24 0.05
0.739 0.824 0.315 0.05
0.746 0.385 0.83 0.05
0.747 0.657 0.882 0.05
0.75 0.851 0.195 0.05
0.756 0.191 0.912 0.05
0.758 0.947 0.551 0.05
0.759 0.289 0.372 0.05
0.762 0.051 0.728 0.05
0.763 0.87 0.456 0.05
0.765 0.566 0.939 0.05
0.766 0.154 0.81 0.05
0.767 0.398 0.659 0.05
0.769 0.289 0.68 0.05
0.771 0.787 0.116 0.05
0.775 0.944 0.817 0.05
0.776 0.389 0.391 0.05
0.776 0.775 0.787 0.05
0.777 0.089 0.094 0.05
0.779 0.5405 0.706 0.05
0.777 0.493 0.824 0.05
0.778 0.051 0.315 0.05
0.78 0.389 0.543 0.05
0.781 0.684 0.598 0.05
0.782 0.353 0.187 0.05
0.783 0.252 0.279 0.05
0.784 0.149 0.671 0.05
0.785 0.083 0.516 0.05
0.786 0.624 0.504 0.05
0.788 0.209 0.098 0.05
0.788 0.321 0.921 0.05
0.788 0.946 0.068 0.05
0.793 0.917 0.665 0.05
0.793 0.92 0.301 0.05
0.797 0.182 0.475 0.05
0.798 0.473 0.48 0.05
0.8025 0.312 0.768 0.05
0.804 0.782 0.414 0.05
0.81 0.676 0.093 0.05
0.813 0.404 0.08 0.05
0.814 0.303 0.051 0.05
0.821 0.6975 0.914 0.05
0.815 0.051 0.412 0.05
0.816 0.09 0.914 0.05
0.819 0.828 0.615 0.05
0.82 0.454 0.236 0.05
0.821 0.749 0.245 0.05
0.822 0.466 0.93 0.05
0.822 0.665 0.368 0.05
0.823 0.055 0.197 0.05
0.826 0.931 0.174 0.05
0.827 0.564 0.076 0.05
0.828 0.295 0.465 0.05
0.83 0.698 0.709 0.05
0.839 0.547 0.329 0.05
0.843 0.556 0.872 0.05
0.845 0.342 0.279 0.05
0.85 0.549 0.196 0.05
0.855 0.541 0.583 0.05
0.855 0.922 0.434 0.05
0.857 0.063 0.779 0.05
0.8975 0.204 0.945 0.05
0.857 0.859 0.836 0.05
0.859 0.268 0.352 0.05
0.861 0.941 0.589 0.05
0.862 0.846 0.726 0.05
0.868 0.613 0.761 0.05
0.869 0.352 0.865 0.05
0.869 0.364 0.667 0.05
0.872 0.482 0.771 0.05
0.877 0.945 0.9 0.05
0.881 0.229 0.198 0.05
0.882 0.345 0.552 0.05
0.882 0.826 0.333 0.05
0.884 0.087 0.107 0.05
0.886 0.135 0.248 0.05
0.889 0.786 0.054 0.05
0.891 0.726 0.531 0.05
0.892 0.06 0.522 0.05
0.896 0.073 0.653 0.05
0.896 0.181 0.059 0.05
0.896 0.185 0.836 0.05
0.897 0.477 0.514 0.05
0.898 0.24 0.553 0.05
0.905 0.806 0.457 0.05
0.911 0.372 0.449 0.05
0.911 0.652 0.448 0.05
0.912 0.93 0.098 0.05
0.914 0.062 0.939 0.05
0.916 0.707 0.302 0.05
0.917 0.459 0.339 0.05
0.917 0.774 0.795 0.05
0.919 0.936 0.254 0.05
0.921 0.863 0.177 0.05
0.923 0.051 0.302 0.05
0.9335 0.212 0.3545 0.05
0.923 0.76 0.199 0.05
0.924 0.349 0.093 0.05
0.937 0.624 0.6385 0.05
0.927 0.475 0.079 0.05
0.927 0.662 0.071 0.05
0.928 0.452 0.189 0.05
0.93 0.634 0.229 0.05
0.931 0.531 0.942 0.05
0.934 0.915 0.519 0.05
0.935 0.131 0.742 0.05
0.94 0.1965 0.663 0.05
0.935 0.594 0.336 0.05
0.935 0.735 0.679 0.05
0.936 0.416 0.912 0.05
0.937 0.337 0.352 0.05
0.938 0.349 0.231 0.05
0.938 0.442 0.604 0.05
0.94 0.553 0.431 0.05
0.94 0.777 0.946 0.05
0.941 0.565 0.817 0.05
0.942 0.571 0.148 0.05
0.942 0.875 0.615 0.05
0.943 0.064 0.189 0.05
0.943 0.1 0.423 0.05
0.943 0.657 0.878 0.05
0.944 0.326 0.747 0.05
0.945 0.295 0.91 0.05
0.948 0.064 0.831 0.05
0.948 0.439 0.71 0.05
0.948 0.898 0.385 0.05
0.948 0.924 0.759 0.05
