0.052 0.498 0.433 0.05
0.061 0.091 0.715 0.05
0.064 0.07 0.576 0.05
0.105 0.753 0.599 0.05
0.106 0.512 0.3 0.05
0.11 0.352 0.603 0.05
0.112 0.174 0.602 0.05
0.121 0.943 0.462 0.05
0.124 0.355 0.467 0.05
0.134 0.082 0.934 0.05
0.142 0.551 0.589 0.05
0.164 0.424 0.39 0.05
0.174 0.382 0.938 0.05
0.182 0.221 0.319 0.05
0.194 0.797 0.692 0.05
0.221 0.836 0.068 0.05
0.234 0.102 0.412 0.05
0.251 0.211 0.238 0.05
0.26 0.68 0.63 0.05
0.266 0.439 0.891 0.05
0.281 0.203 0.806 0.05
0.281 0.458 0.764 0.05
0.282 0.604 0.481 0.05
0.293 0.84 0.645 0.05
0.305 0.377 0.145 0.05
0.311 0.64 0.207 0.05
0.321 0.086 0.63 0.05
0.34 0.179 0.367 0.05
0.347 0.583 0.944 0.05
0.36 0.68 0.727 0.05
0.363 0.228 0.236 0.05
0.365 0.8 0.736 0.05
0.37 0.744 0.902 0.05
0.394 0.846 0.256 0.05
0.403 0.301 0.471 0.05
0.404 0.857 0.482 0.05
0.407 0.751 0.525 0.05
0.425 0.549 0.741 0.05
0.43 0.398 0.199 0.05
0.436 0.333 0.615 0.05
0.455 0.5805 0.526 0.05
0.455 0.922 0.153 0.05
0.459 0.299 0.209 0.05
0.466 0.403 0.833 0.05
0.492 0.602 0.3 0.05
0.499 0.7 0.16 0.05
0.523 0.627 0.454 0.05
0.526 0.058 0.254 0.05
0.533 0.893 0.216 0.05
0.541 0.16 0.809 0.05
0.553 0.412 0.939 0.05
0.554 0.509 0.341 0.05
0.556 0.068 0.513 0.05
0.564 0.766 0.21 0.05
0.586 0.647 0.785 0.05
0.594 0.541 0.84 0.05
0.609 0.676 0.242 0.05
0.615 0.242 0.768 0.05
0.617 0.709 0.864 0.05
0.64 0.724 0.476 0.05
0.645 0.089 0.858 0.05
0.658 0.643 0.654 0.05
0.667 0.843 0.413 0.05
0.673 0.081 0.21 0.05
0.677 0.815 0.889 0.05
0.692 0.096 0.561 0.05
0.694 0.777 0.607 0.05
0.699 0.508 0.098 0.05
0.748 0.675 0.148 0.05
0.758 0.226 0.625 0.05
0.767 0.422 0.179 0.05
0.783 0.592 0.492 0.05
0.792 0.374 0.79 0.05
0.794 0.716 0.833 0.05
0.805 0.272 0.455 0.05
0.823 0.471 0.876 0.05
0.868 0.287 0.273 0.05
0.87 0.294 0.927 0.05
0.87 0.689 0.331 0.05
0.884 0.303 0.674 0.05
0.887 0.65 0.678 0.05
0.888 0.508 0.71 0.05
0.894 0.884 0.354 0.05
0.898 0.645 0.095 0.05
0.901 0.642 0.226 0.05
0.908 0.781 0.836 0.05
0.923 0.092 0.057 0.05
0.94 0.153 0.493 0.05
0.944 0.152 0.797 0.05
