0.072 0.076 0.796 0.05
0.075 0.728 0.097 0.05
0.107 0.129 0.447 0.05
0.113 0.754 0.923 0.05
0.115 0.892 0.343 0.05
0.12 0.926 0.749 0.05
0.121 0.518 0.286 0.05
0.123 0.454 0.855 0.05
0.133 0.337 0.325 0.05
0.133 0.864 0.858 0.05
0.14 0.863 0.163 0.05
0.164 0.549 0.66 0.05
0.185 0.11 0.706 0.05
0.204 0.061 0.569 0.05
0.229 0.798 0.078 0.05
0.235 0.103 0.28 0.05
0.26 0.246 0.398 0.05
0.263 0.792 0.488 0.05
0.268 0.71 0.863 0.05
0.274 0.082 0.455 0.05
0.277 0.584 0.782 0.05
0.28 0.535 0.631 0.05
0.296 0.379 0.085 0.05
0.3 0.745 0.401 0.05
0.304 0.452 0.702 0.05
0.31 0.684 0.562 0.05
0.31 0.948 0.549 0.05
0.321 0.079 0.915 0.05
0.345 0.161 0.342 0.05
0.346 0.395 0.503 0.05
0.351 0.613 0.124 0.05
0.369 0.394 0.357 0.05
0.384 0.521 0.446 0.05
0.4 0.225 0.894 0.05
0.405 0.703 0.247 0.05
0.42 0.075 0.825 0.05
0.453 0.213 0.182 0.05
0.456 0.248 0.302 0.05
0.46 0.354 0.585 0.05
0.47 0.107 0.194 0.05
0.475 0.932 0.59 0.05
0.48 0.874 0.483 0.05
0.487 0.15 0.615 0.05
0.487 0.289 0.803 0.05
0.487 0.664 0.797 0.05
0.494 0.749 0.432 0.05
0.497 0.827 0.647 0.05
0.506 0.389 0.901 0.05
0.509 0.431 0.414 0.05
0.515 0.11 0.076 0.05
0.521 0.503 0.891 0.05
0.532 0.763 0.302 0.05
0.569 0.597 0.528 0.05
0.57 0.706 0.939 0.05
0.588 0.689 0.453 0.05
0.589 0.177 0.54 0.05
0.592 0.418 0.68 0.05
0.599 0.782 0.51 0.05
0.616 0.856 0.59 0.05
0.647 0.247 0.23 0.05
0.65 0.34 0.339 0.05
0.658 0.131 0.094 0.05
0.678 0.262 0.608 0.05
0.7 0.533 0.103 0.05
0.702 0.833 0.417 0.05
0.703 0.545 0.207 0.05
0.707 0.878 0.906 0.05
0.723 0.602 0.944 0.05
0.73 0.667 0.555 0.05
0.742 0.893 0.188 0.05
0.75 0.289 0.704 0.05
0.751 0.19 0.882 0.05
0.758 0.634 0.203 0.05
0.762 0.787 0.663 0.05
0.764 0.37 0.307 0.05
0.765 0.323 0.503 0.05
0.777 0.914 0.779 0.05
0.79 0.199 0.735 0.05
0.8 0.948 0.341 0.05
0.834 0.777 0.566 0.05
0.847 0.136 0.641 0.05
0.851 0.88 0.431 0.05
0.852 0.074 0.787 0.05
0.856 0.093 0.086 0.05
0.864 0.942 0.874 0.05
0.895 0.927 0.199 0.05
0.902 0.935 0.623 0.05
0.909 0.473 0.245 0.05
0.922 0.683 0.666 0.05
0.944 0.569 0.486 0.05
