0.051 0.831 0.275 0.05
0.054 0.169 0.732 0.05
0.058 0.178 0.078 0.05
0.058 0.674 0.315 0.05
0.061 0.719 0.06 0.05
0.065 0.409 0.311 0.05
0.071 0.558 0.597 0.05
0.084 0.585 0.261 0.05
0.086 0.429 0.8 0.05
0.089 0.756 0.944 0.05
0.089 0.94 0.382 0.05
0.092 0.136 0.583 0.05
0.099 0.73 0.752 0.05
0.102 0.719 0.501 0.05
0.106 0.929 0.685 0.05
0.111 0.105 0.254 0.05
0.114 0.919 0.225 0.05
0.115 0.872 0.571 0.05
0.116 0.258 0.947 0.05
0.118 0.423 0.18 0.05
0.126 0.362 0.733 0.05
0.128 0.142 0.486 0.05
0.13 0.871 0.122 0.05
0.134 0.489 0.335 0.05
0.138 0.724 0.859 0.05
0.143 0.627 0.903 0.05
0.148 0.299 0.534 0.05
0.156 0.715 0.4 0.05
0.157 0.723 0.292 0.05
0.16 0.199 0.809 0.05
0.163 0.086 0.788 0.05
0.178 0.335 0.439 0.05
0.182 0.092 0.893 0.05
0.182 0.289 0.189 0.05
0.182 0.884 0.46 0.05
0.183 0.86 0.711 0.05
0.217 0.52 0.103 0.05
0.184 0.741 0.67 0.05
0.186 0.308 0.86 0.05
0.188 0.614 0.765 0.05
0.188 0.615 0.644 0.05
0.189 0.765 0.097 0.05
0.21 0.754 0.526 0.05
0.211 0.838 0.882 0.05
0.215 0.439 0.453 0.05
0.224 0.098 0.638 0.05
0.224 0.117 0.138 0.05
0.243 0.423 0.927 0.05
0.246 0.51 0.81 0.05
0.247 0.807 0.266 0.05
0.252 0.081 0.381 0.05
0.255 0.273 0.938 0.05
0.258 0.202 0.293 0.05
0.26 0.918 0.602 0.05
0.273 0.614 0.282 0.05
0.292 0.278 0.126 0.05
0.299 0.397 0.568 0.05
0.299 0.735 0.051 0.05
0.303 0.391 0.082 0.05
0.304 0.217 0.58 0.05
0.308 0.523 0.346 0.05
0.311 0.922 0.476 0.05
0.317 0.854 0.084 0.05
0.322 0.055 0.788 0.05
0.326 0.812 0.621 0.05
0.33 0.22 0.832 0.05
0.336 0.136 0.08 0.05
0.336 0.736 0.849 0.05
0.34 0.538 0.216 0.05
0.341 0.171 0.716 0.05
0.343 0.853 0.214 0.05
0.384 0.821 0.776 0.05
0.352 0.636 0.624 0.05
0.353 0.668 0.117 0.05
0.355 0.059 0.56 0.05
0.355 0.627 0.38 0.05
0.369 0.346 0.4 0.05
0.372 0.709 0.273 0.05
0.378 0.827 0.921 0.05
0.381 0.31 0.923 0.05
0.389 0.62 0.494 0.05
0.398 0.541 0.631 0.05
0.402 0.524 0.133 0.05
0.407 0.718 0.577 0.05
0.409 0.242 0.207 0.05
0.411 0.101 0.88 0.05
0.411 0.651 0.946 0.05
0.413 0.675 0.713 0.05
0.416 0.438 0.404 0.05
0.429 0.598 0.268 0.05
0.43 0.198 0.923 0.05
0.436 0.109 0.408 0.05
0.442 0.135 0.265 0.05
0.444 0.343 0.563 0.05
0.448 0.26 0.415 0.05
0.455 0.915 0.154 0.05
0.459 0.379 0.662 0.05
0.465 0.278 0.837 0.05
0.465 0.44 0.892 0.05
0.471 0.874 0.454 0.05
0.474 0.754 0.316 0.05
0.475 0.327 0.217 0.05
0.475 0.804 0.651 0.05
0.477 0.2 0.764 0.05
0.49 0.813 0.145 0.05
0.493 0.46 0.516 0.05
0.495 0.914 0.852 0.05
0.507 0.752 0.48 0.05
0.513 0.518 0.787 0.05
0.521 0.538 0.681 0.05
0.523 0.82 0.781 0.05
0.524 0.531 0.231 0.05
0.53 0.368 0.138 0.05
0.537 0.556 0.942 0.05
0.538 0.686 0.684 0.05
0.547 0.677 0.111 0.05
0.549 0.818 0.581 0.05
0.563 0.435 0.746 0.05
0.571 0.105 0.138 0.05
0.577 0.329 0.663 0.05
0.578 0.493 0.358 0.05
0.579 0.795 0.327 0.05
0.582 0.257 0.909 0.05
0.586 0.367 0.417 0.05
0.589 0.464 0.101 0.05
0.596 0.591 0.624 0.05
0.596 0.602 0.371 0.05
0.602 0.145 0.414 0.05
0.603 0.596 0.805 0.05
0.609 0.163 0.226 0.05
0.619 0.899 0.852 0.05
0.631 0.771 0.239 0.05
0.633 0.878 0.059 0.05
0.636 0.508 0.449 0.05
0.642 0.159 0.927 0.05
0.645 0.106 0.665 0.05
0.646 0.178 0.776 0.05
0.654 0.405 0.808 0.05
0.656 0.395 0.623 0.05
0.659 0.88 0.428 0.05
0.663 0.745 0.087 0.05
0.665 0.56 0.115 0.05
0.667 0.326 0.512 0.05
0.676 0.916 0.745 0.05
0.682 0.811 0.755 0.05
0.683 0.307 0.682 0.05
0.686 0.643 0.24 0.05
0.695 0.652 0.677 0.05
0.697 0.693 0.826 0.05
0.698 0.732 0.484 0.05
0.703 0.112 0.327 0.05
0.703 0.37 0.13 0.05
0.704 0.924 0.335 0.05
0.705 0.334 0.407 0.05
0.706 0.236 0.234 0.05
0.709 0.237 0.058 0.05
0.73 0.558 0.606 0.05
0.732 0.12 0.119 0.05
0.738 0.595 0.919 0.05
0.743 0.082 0.749 0.05
0.744 0.473 0.437 0.05
0.745 0.39 0.677 0.05
0.757 0.428 0.336 0.05
0.76 0.649 0.165 0.05
0.763 0.121 0.932 0.05
0.764 0.561 0.22 0.05
0.767 0.386 0.909 0.05
0.77 0.491 0.099 0.05
0.778 0.375 0.806 0.05
0.785 0.685 0.322 0.05
0.792 0.777 0.26 0.05
0.793 0.887 0.106 0.05
0.797 0.107 0.439 0.05
0.798 0.849 0.384 0.05
0.8 0.479 0.705 0.05
0.804 0.307 0.37 0.05
0.804 0.889 0.539 0.05
0.805 0.238 0.763 0.05
0.805 0.916 0.666 0.05
0.811 0.197 0.604 0.05
0.813 0.591 0.729 0.05
0.821 0.683 0.457 0.05
0.827 0.255 0.062 0.05
0.828 0.832 0.923 0.05
0.829 0.134 0.33 0.05
0.84 0.756 0.703 0.05
0.848 0.463 0.418 0.05
0.853 0.716 0.551 0.05
0.867 0.081 0.183 0.05
0.867 0.213 0.151 0.05
0.871 0.298 0.608 0.05
0.877 0.109 0.896 0.05
0.882 0.838 0.477 0.05
0.892 0.117 0.64 0.05
0.895 0.439 0.14 0.05
0.897 0.085 0.47 0.05
0.9 0.272 0.447 0.05
0.9175 0.6155 0.5965 0.05
0.907 0.561 0.139 0.05
0.911 0.341 0.1 0.05
0.924 0.468 0.704 0.05
0.924 0.672 0.947 0.05
0.927 0.505 0.237 0.05
0.933 0.18 0.718 0.05
0.934 0.759 0.803 0.05
0.941 0.583 0.712 0.05
0.941 0.723 0.369 0.05
0.943 0.777 0.673 0.05
0.944 0.308 0.736 0.05
0.945 0.14 0.295 0.05
0.945 0.471 0.527 0.05
0.947 0.53 0.809 0.05
0.948 0.936 0.47 0.05
