0.051 0.819 0.63 0.05
0.052 0.173 0.71 0.05
0.052 0.204 0.242 0.05
0.052 0.461 0.134 0.05
0.0735 0.1585 0.09 0.05
0.096 0.343 0.51 0.05
0.06466666666666668 0.446 0.8336666666666667 0.05
0.071 0.91 0.738 0.05
0.054 0.57 0.371 0.05
0.054 0.586 0.555 0.05
0.055 0.077 0.266 0.05
0.055 0.756 0.194 0.05
0.058 0.247 0.5975 0.05
0.056 0.66 0.12 0.05
0.058 0.936 0.063 0.05
0.059 0.688 0.551 0.05
0.059 0.739 0.051 0.05
0.059 0.939 0.946 0.05
0.074 0.56 0.681 0.05
0.061 0.701 0.4 0.05
0.062 0.21 0.914 0.05
0.063 0.621 0.825 0.05
0.063 0.835 0.919 0.05
0.063 0.844 0.288 0.05
0.065 0.057 0.441 0.05
0.065 0.174 0.375 0.05
0.066 0.297 0.721 0.05
0.068 0.344 0.086 0.05
0.068 0.889 0.517 0.05
0.07 0.112 0.878 0.05
0.072 0.721 0.87 0.05
0.075 0.583 0.92 0.05
0.076 0.103 0.541 0.05
0.076 0.219 0.477 0.05
0.076 0.376 0.391 0.05
0.079 0.195 0.812 0.05
0.08 0.733 0.727 0.05
0.082 0.306 0.271 0.05
0.084 0.075 0.778 0.05
0.087 0.427 0.726 0.05
0.091 0.444 0.246 0.05
0.091 0.804 0.382 0.05
0.093 0.491 0.514 0.05
0.093 0.822 0.107 0.05
0.098 0.65 0.311 0.05
0.099 0.389 0.625 0.05
0.1 0.477 0.351 0.05
0.101 0.556 0.119 0.05
0.1445 0.6195 0.233 0.05
0.103 0.945 0.161 0.05
0.107 0.258 0.141 0.05
0.112 0.584 0.47 0.05
0.112 0.8 0.548 0.05
0.119 0.321 0.821 0.05
0.12 0.823 0.767 0.05
0.12 0.93 0.398 0.05
0.1585 0.08 0.3215 0.05
0.125 0.287 0.414 0.05
0.128 0.722 0.483 0.05
0.132 0.69 0.948 0.05
0.133 0.942 0.874 0.05
0.134 0.066 0.664 0.05
0.134 0.947 0.59 0.05
0.136 0.46 0.907 0.05
0.139 0.121 0.215 0.05
0.139 0.343 0.948 0.05
0.14 0.718 0.608 0.05
0.142 0.136 0.462 0.05
0.149 0.248 0.7095 0.05
0.169 0.548 0.625 0.05
0.147 0.923 0.282 0.05
0.155 0.725 0.359 0.05
0.157 0.183 0.325 0.05
0.157 0.76 0.252 0.05
0.159 0.168 0.582 0.05
0.16 0.38 0.053 0.05
0.16 0.644 0.859 0.05
0.161 0.948 0.764 0.05
0.166 0.844 0.915 0.05
0.167 0.051 0.563 0.05
0.169 0.252 0.889 0.05
0.174 0.391 0.171 0.05
0.177 0.497 0.076 0.05
0.177 0.687 0.066 0.05
0.178 0.55 0.319 0.05
0.183 0.744 0.846 0.05
0.186 0.858 0.668 0.05
0.188 0.056 0.876 0.05
0.191 0.083 0.053 0.05
0.192 0.225 0.496 0.05
0.2115 0.4815 0.416 0.05
0.193 0.052 0.762 0.05
0.195 0.193 0.082 0.05
0.196 0.849 0.056 0.05
0.197 0.051 0.425 0.05
0.198 0.734 0.161 0.05
0.199 0.892 0.194 0.05
0.201 0.169 0.948 0.05
0.2445 0.473 0.54 0.05
0.204 0.334 0.285 0.05
0.205 0.42 0.763 0.05
0.206 0.144 0.718 0.05
0.206 0.594 0.76 0.05
0.206 0.898 0.494 0.05
0.209 0.248 0.227 0.05
0.209 0.852 0.389 0.05
0.211 0.322 0.723 0.05
0.23975 0.8145 0.575 0.05
0.216 0.373 0.858 0.05
0.22 0.058 0.177 0.05
0.22 0.545 0.925 0.05
0.222 0.64 0.344 0.05
0.227 0.488 0.198 0.05
0.232 0.481 0.844 0.05
0.233 0.147 0.397 0.05
0.233 0.728 0.684 0.05
0.236 0.301 0.068 0.05
0.236 0.708 0.944 0.05
0.254 0.2145 0.8755 0.05
0.241 0.319 0.59 0.05
0.242 0.608 0.152 0.05
0.244 0.941 0.914 0.05
0.3441428571428572 0.6487142857142857 0.7851428571428571 0.05
0.251 0.084 0.511 0.05
0.252 0.844 0.834 0.05
0.254 0.202 0.61 0.05
0.258 0.163 0.161 0.05
0.258 0.755 0.365 0.05
0.259 0.753 0.078 0.05
0.26 0.473 0.319 0.05
0.261 0.374 0.504 0.05
0.262 0.943 0.073 0.05
0.263 0.339 0.172 0.05
0.263 0.6 0.479 0.05
0.3145 0.9435 0.369 0.05
0.269 0.629 0.054 0.05
0.274 0.709 0.246 0.05
0.3155 0.332 0.9225 0.05
0.276 0.405 0.672 0.05
0.277 0.818 0.249 0.05
0.283 0.215 0.741 0.05
0.283 0.269 0.365 0.05
0.283 0.506 0.716 0.05
0.283 0.812 0.719 0.05
0.3265 0.8735 0.147 0.05
0.286 0.921 0.754 0.05
0.288 0.091 0.66 0.05
0.288 0.123 0.07 0.05
0.289 0.088 0.88 0.05
0.293 0.379 0.383 0.05
0.296 0.111 0.767 0.05
0.296 0.616 0.934 0.05
0.299 0.306 0.795 0.05
0.299 0.94 0.236 0.05
0.301 0.093 0.262 0.05
0.337 0.416 0.1605 0.05
0.302 0.562 0.819 0.05
0.308 0.646 0.572 0.05
0.313 0.438 0.787 0.05
0.314 0.502 0.913 0.05
0.315 0.062 0.367 0.05
0.317 0.198 0.283 0.05
0.317 0.763 0.625 0.05
0.32 0.187 0.48 0.05
0.32 0.247 0.176 0.05
0.321 0.535 0.624 0.05
0.322 0.705 0.149 0.05
0.323 0.302 0.461 0.05
0.325 0.542 0.062 0.05
0.325 0.88 0.941 0.05
0.328 0.704 0.443 0.05
0.333 0.618 0.285 0.05
0.335 0.48 0.395 0.05
0.337 0.841 0.413 0.05
0.338 0.566 0.167 0.05
0.34 0.356 0.281 0.05
0.341 0.471 0.256 0.05
0.342 0.063 0.159 0.05
0.343 0.363 0.569 0.05
0.345 0.252 0.051 0.05
0.345 0.904 0.624 0.05
0.346 0.537 0.486 0.05
0.351 0.79 0.82 0.05
0.378 0.851 0.548 0.05
0.359 0.199 0.592 0.05
0.417 0.36075 0.086 0.05
0.361 0.618 0.386 0.05
0.363 0.076 0.526 0.05
0.364 0.761 0.057 0.05
0.366 0.158 0.202 0.05
0.368 0.77 0.94 0.05
0.369 0.192 0.829 0.05
0.369 0.398 0.464 0.05
0.37 0.931 0.051 0.05
0.371 0.761 0.239 0.05
0.373 0.929 0.854 0.05
0.376 0.646 0.06 0.05
0.382 0.156 0.944 0.05
0.383 0.123 0.684 0.05
0.383 0.283 0.681 0.05
0.384 0.886 0.756 0.05
0.388 0.387 0.662 0.05
0.391 0.081 0.068 0.05
0.393 0.789 0.706 0.05
0.395 0.504 0.758 0.05
0.398 0.625 0.499 0.05
0.399 0.39 0.366 0.05
0.399 0.784 0.343 0.05
0.401 0.227 0.429 0.05
0.402 0.131 0.357 0.05
0.402 0.398 0.939 0.05
0.406 0.911 0.28 0.05
0.409 0.538 0.32 0.05
0.415 0.533 0.919 0.05
0.415 0.947 0.55 0.05
0.416 0.289 0.568 0.05
0.4645 0.3165 0.795 0.05
0.42 0.738 0.51 0.05
0.425 0.301 0.321 0.05
0.425 0.517 0.569 0.05
0.428 0.6075 0.6325 0.05
0.43 0.052 0.937 0.05
0.43 0.485 0.18 0.05
0.431 0.211 0.089 0.05
0.431 0.655 0.274 0.05
0.432 0.057 0.283 0.05
0.437 0.591 0.137 0.05
0.438 0.051 0.807 0.05
0.438 0.548 0.44 0.05
0.442 0.812 0.117 0.05
0.447 0.708 0.829 0.05
0.452 0.908 0.43 0.05
0.456 0.053 0.441 0.05
0.456 0.209 0.258 0.05
0.457 0.134 0.16 0.05
0.464 0.878 0.195 0.05
0.467 0.166 0.749 0.05
0.47 0.943 0.083 0.05
0.478 0.1825 0.517 0.05
0.474 0.802 0.773 0.05
0.475 0.055 0.654 0.05
0.475 0.351 0.467 0.05
0.476 0.46 0.331 0.05
0.477 0.773 0.909 0.05
0.478 0.598 0.783 0.05
0.481 0.31 0.663 0.05
0.483 0.778 0.233 0.05
0.484 0.426 0.807 0.05
0.484 0.555 0.052 0.05
0.484 0.705 0.096 0.05
0.484 0.867 0.682 0.05
0.486 0.157 0.909 0.05
0.488 0.631 0.906 0.05
0.489 0.391 0.198 0.05
0.49 0.288 0.915 0.05
0.5085 0.656 0.396 0.05
0.492 0.057 0.07 0.05
0.492 0.464 0.485 0.05
0.493 0.439 0.613 0.05
0.493 0.891 0.931 0.05
0.494 0.88 0.572 0.05
0.5335 0.6975 0.175 0.05
0.5 0.929 0.808 0.05
0.501 0.802 0.486 0.05
0.502 0.276 0.133 0.05
0.503 0.948 0.263 0.05
0.506 0.511 0.699 0.05
0.515 0.211 0.393 0.05
0.518 0.368 0.364 0.05
0.519 0.573 0.517 0.05
0.524 0.209 0.824 0.05
0.528 0.504 0.244 0.05
0.529 0.769 0.619 0.05
0.531 0.208 0.649 0.05
0.531 0.764 0.37 0.05
0.532 0.662 0.583 0.05
0.534 0.064 0.871 0.05
0.553 0.4375 0.92 0.05
0.541 0.867 0.051 0.05
0.542 0.369 0.728 0.05
0.547 0.842 0.282 0.05
0.552 0.466 0.136 0.05
0.553 0.709 0.832 0.05
0.553 0.942 0.666 0.05
0.554 0.938 0.151 0.05
0.556 0.188 0.111 0.05
0.557 0.523 0.405 0.05
0.557 0.833 0.168 0.05
0.558 0.104 0.361 0.05
0.558 0.519 0.799 0.05
0.558 0.709 0.267 0.05
0.559 0.06 0.561 0.05
0.56 0.715 0.935 0.05
0.561 0.086 0.742 0.05
0.562 0.624 0.121 0.05
0.563 0.054 0.227 0.05
0.564 0.813 0.832 0.05
0.565 0.323 0.058 0.05
0.565 0.876 0.747 0.05
0.57 0.748 0.056 0.05
0.571 0.064 0.456 0.05
0.572 0.865 0.389 0.05
0.574 0.303 0.307 0.05
0.593 0.259 0.9065 0.05
0.579 0.722 0.711 0.05
0.581 0.254 0.196 0.05
0.582 0.831 0.94 0.05
0.585 0.943 0.562 0.05
0.586 0.589 0.652 0.05
0.589 0.414 0.646 0.05
0.59 0.177 0.503 0.05
0.592 0.082 0.098 0.05
0.592 0.293 0.549 0.05
0.593 0.165 0.265 0.05
0.594 0.937 0.859 0.05
0.595 0.384 0.245 0.05
0.596 0.114 0.647 0.05
0.596 0.419 0.538 0.05
0.597 0.575 0.285 0.05
0.618 0.2335 0.771 0.05
0.599 0.836 0.578 0.05
0.602 0.307 0.652 0.05
0.602 0.718 0.524 0.05
0.605 0.449 0.352 0.05
0.607 0.385 0.433 0.05
0.611 0.812 0.476 0.05
0.613 0.935 0.453 0.05
0.615 0.946 0.342 0.05
0.616 0.374 0.816 0.05
0.623 0.238 0.425 0.05
0.623 0.519 0.582 0.05
0.626 0.63 0.802 0.05
0.6645 0.114 0.8725 0.05
0.63 0.241 0.054 0.05
0.657 0.5395 0.201 0.05
0.6505 0.5565 0.0745 0.05
0.634 0.907 0.245 0.05
0.638 0.572 0.911 0.05
0.639 0.746 0.323 0.05
0.639 0.829 0.084 0.05
0.643 0.639 0.415 0.05
0.6765 0.4795 0.6825 0.05
0.646 0.791 0.205 0.05
0.651 0.068 0.328 0.05
0.651 0.131 0.41 0.05
0.658 0.778 0.674 0.05
0.659 0.908 0.645 0.05
0.66 0.719 0.109 0.05
0.66 0.76 0.78 0.05
0.661 0.088 0.22 0.05
0.661 0.622 0.544 0.05
0.661 0.843 0.849 0.05
0.662 0.489 0.806 0.05
0.663 0.217 0.616 0.05
0.668 0.941 0.09 0.05
0.669 0.341 0.363 0.05
0.67 0.346 0.178 0.05
0.677 0.667 0.218 0.05
0.678 0.921 0.768 0.05
0.679 0.063 0.703 0.05
0.681 0.064 0.549 0.05
0.681 0.632 0.645 0.05
0.684 0.126 0.07 0.05
0.691 0.929 0.527 0.05
0.692 0.416 0.284 0.05
0.692 0.735 0.918 0.05
0.693 0.326 0.515 0.05
0.694 0.48 0.904 0.05
0.695 0.189 0.52 0.05
0.695 0.795 0.411 0.05
0.696 0.189 0.219 0.05
0.697 0.351 0.711 0.05
0.697 0.533 0.463 0.05
0.707 0.89 0.9315 0.05
0.702 0.272 0.86 0.05
0.702 0.905 0.4 0.05
0.703 0.204 0.94 0.05
0.76 0.3786666666666667 0.5323333333333333 0.05
0.705 0.575 0.304 0.05
0.707 0.843 0.289 0.05
0.712 0.42 0.068 0.05
0.712 0.712 0.54 0.05
0.713 0.051 0.134 0.05
0.713 0.489 0.371 0.05
0.731 0.699 0.7645 0.05
0.719 0.149 0.312 0.05
0.723 0.862 0.156 0.05
0.726 0.394 0.817 0.05
0.7395 0.27 0.123 0.05
0.733 0.061 0.439 0.05
0.737 0.274 0.324 0.05
0.739 0.6 0.944 0.05
0.741 0.937 0.228 0.05
0.7905 0.3645 0.4225 0.05
0.743 0.847 0.575 0.05
0.744 0.384 0.942 0.05
0.748 0.53 0.713 0.05
0.75 0.947 0.675 0.05
0.751 0.798 0.724 0.05
0.754 0.632 0.43 0.05
0.755 0.563 0.567 0.05
0.756 0.576 0.806 0.05
0.757 0.712 0.364 0.05
0.759 0.69 0.086 0.05
0.76 0.09 0.945 0.05
0.76 0.186 0.418 0.05
0.761 0.6 0.214 0.05
0.761 0.843 0.06 0.05
0.763 0.412 0.162 0.05
0.764 0.051 0.34 0.05
0.767 0.697 0.26 0.05
0.769 0.133 0.628 0.05
0.771 0.335 0.627 0.05
0.811 0.819 0.8165 0.05
0.78 0.106 0.225 0.05
0.781 0.88 0.468 0.05
0.782 0.228 0.747 0.05
0.782 0.385 0.323 0.05
0.797 0.562 0.103 0.05
0.784 0.079 0.062 0.05
0.789 0.262 0.939 0.05
0.789 0.916 0.323 0.05
0.792 0.741 0.649 0.05
0.795 0.947 0.552 0.05
0.796 0.944 0.122 0.05
0.797 0.189 0.861 0.05
0.799 0.806 0.937 0.05
0.8 0.615 0.651 0.05
0.801 0.326 0.846 0.05
0.805 0.522 0.902 0.05
0.805 0.807 0.19 0.05
0.807 0.459 0.446 0.05
0.807 0.575 0.362 0.05
0.808 0.457 0.76 0.05
0.81 0.188 0.279 0.05
0.812 0.237 0.646 0.05
0.813 0.055 0.533 0.05
0.814 0.432 0.055 0.05
0.817 0.177 0.111 0.05
0.821 0.947 0.882 0.05
0.822 0.288 0.242 0.05
0.824 0.652 0.507 0.05
0.825 0.44 0.239 0.05
0.828 0.922 0.737 0.05
0.829 0.065 0.743 0.05
0.829 0.207 0.543 0.05
0.833 0.251 0.378 0.05
0.835 0.474 0.346 0.05
0.836 0.785 0.491 0.05
0.837 0.633 0.923 0.05
0.844 0.536 0.508 0.05
0.844 0.6 0.751 0.05
0.844 0.902 0.636 0.05
0.847 0.689 0.162 0.05
0.85 0.059 0.149 0.05
0.9 0.116 0.905 0.05
0.857 0.487 0.647 0.05
0.858 0.372 0.919 0.05
0.9 0.393 0.6385 0.05
0.863 0.101 0.317 0.05
0.863 0.686 0.378 0.05
0.864 0.331 0.095 0.05
0.866 0.073 0.637 0.05
0.871 0.941 0.204 0.05
0.874 0.322 0.758 0.05
0.877 0.791 0.348 0.05
0.877 0.91 0.386 0.05
0.884 0.756 0.702 0.05
0.887 0.225 0.185 0.05
0.888 0.892 0.946 0.05
0.892 0.115 0.071 0.05
0.893 0.724 0.932 0.05
0.896 0.198 0.71 0.05
0.898 0.318 0.503 0.05
0.898 0.73 0.079 0.05
0.923 0.285 0.8475 0.05
0.902 0.921 0.494 0.05
0.903 0.347 0.321 0.05
0.904 0.063 0.428 0.05
0.905 0.273 0.945 0.05
0.909 0.602 0.648 0.05
0.91 0.201 0.305 0.05
0.9295 0.592 0.9015 0.05
0.913 0.678 0.251 0.05
0.915 0.516 0.246 0.05
0.915 0.842 0.182 0.05
0.916 0.606 0.14 0.05
0.926 0.894 0.0705 0.05
0.917 0.894 0.286 0.05
0.919 0.831 0.622 0.05
0.92 0.922 0.833 0.05
0.921 0.095 0.224 0.05
0.936 0.07933333333333333 0.7856666666666666 0.05
0.921 0.7 0.783 0.05
0.924 0.469 0.399 0.05
0.925 0.418 0.802 0.05
0.925 0.602 0.33 0.05
0.9355 0.587 0.491 0.05
0.931 0.175 0.454 0.05
0.931 0.409 0.164 0.05
0.931 0.754 0.459 0.05
0.933 0.289 0.404 0.05
0.935 0.194 0.609 0.05
0.9415 0.479 0.57 0.05
0.936 0.48 0.07 0.05
0.938 0.089 0.545 0.05
0.939 0.308 0.623 0.05
0.941 0.469 0.895 0.05
0.941 0.706 0.604 0.05
0.943 0.32 0.225 0.05
0.943 0.527 0.752 0.05
0.946 0.266 0.109 0.05
0.946 0.779 0.262 0.05
0.947 0.776 0.855 0.05
0.948 0.902 0.703 0.05
0.948 0.948 0.592 0.05
