0.063 0.844 0.288 0.05
0.065 0.057 0.441 0.05
0.075 0.583 0.92 0.05
0.082 0.306 0.271 0.05
0.088 0.603 0.705 0.05
0.091 0.444 0.246 0.05
0.093 0.822 0.107 0.05
0.094 0.121 0.118 0.05
0.098 0.65 0.311 0.05
0.101 0.556 0.119 0.05
0.112 0.584 0.47 0.05
0.12 0.823 0.767 0.05
0.12 0.93 0.398 0.05
0.125 0.287 0.414 0.05
0.128 0.722 0.483 0.05
0.139 0.37 0.516 0.05
0.149 0.248 0.7095 0.05
0.157 0.76 0.252 0.05
0.169 0.252 0.889 0.05
0.174 0.391 0.171 0.05
0.178 0.55 0.319 0.05
0.186 0.858 0.668 0.05
0.199 0.892 0.194 0.05
0.204 0.334 0.285 0.05
0.206 0.144 0.718 0.05
0.232 0.481 0.844 0.05
0.233 0.728 0.684 0.05
0.237 0.183 0.839 0.05
0.241 0.319 0.59 0.05
0.252 0.844 0.834 0.05
0.258 0.163 0.161 0.05
0.258 0.755 0.365 0.05
0.259 0.753 0.078 0.05
0.261 0.374 0.504 0.05
0.263 0.339 0.172 0.05
0.288 0.091 0.66 0.05
0.289 0.088 0.88 0.05
0.314 0.502 0.913 0.05
0.317 0.763 0.625 0.05
0.321 0.535 0.624 0.05
0.325 0.88 0.941 0.05
0.328 0.704 0.443 0.05
0.346 0.537 0.486 0.05
0.351 0.79 0.82 0.05
0.352 0.875 0.511 0.05
0.363 0.076 0.526 0.05
0.369 0.192 0.829 0.05
0.376 0.646 0.06 0.05
0.382 0.156 0.944 0.05
0.383 0.123 0.684 0.05
0.383 0.283 0.681 0.05
0.399 0.784 0.343 0.05
0.402 0.131 0.357 0.05
0.406 0.911 0.28 0.05
0.414 0.668 0.719 0.05
0.418 0.321 0.774 0.05
0.42 0.738 0.51 0.05
0.425 0.301 0.321 0.05
0.43 0.485 0.18 0.05
0.442 0.812 0.117 0.05
0.456 0.209 0.258 0.05
0.457 0.134 0.16 0.05
0.473 0.138 0.542 0.05
0.484 0.705 0.096 0.05
0.49 0.665 0.443 0.05
0.492 0.464 0.485 0.05
0.493 0.439 0.613 0.05
0.493 0.891 0.931 0.05
0.494 0.88 0.572 0.05
0.528 0.504 0.244 0.05
0.529 0.769 0.619 0.05
0.542 0.369 0.728 0.05
0.558 0.104 0.361 0.05
0.558 0.519 0.799 0.05
0.558 0.709 0.267 0.05
0.565 0.487 0.925 0.05
0.572 0.865 0.389 0.05
0.592 0.293 0.549 0.05
0.596 0.114 0.647 0.05
0.609 0.306 0.894 0.05
0.623 0.238 0.425 0.05
0.628 0.111 0.908 0.05
0.637 0.186 0.775 0.05
0.646 0.516 0.701 0.05
0.658 0.778 0.674 0.05
0.67 0.346 0.178 0.05
0.691 0.929 0.527 0.05
0.692 0.416 0.284 0.05
0.695 0.189 0.52 0.05
0.695 0.795 0.411 0.05
0.699 0.842 0.947 0.05
0.705 0.575 0.304 0.05
0.712 0.712 0.54 0.05
0.726 0.394 0.817 0.05
0.742 0.381 0.426 0.05
0.756 0.576 0.806 0.05
0.757 0.712 0.364 0.05
0.761 0.843 0.06 0.05
0.811 0.819 0.8165 0.05
0.78 0.106 0.225 0.05
0.783 0.531 0.141 0.05
0.789 0.262 0.939 0.05
0.792 0.741 0.649 0.05
0.805 0.807 0.19 0.05
0.822 0.288 0.242 0.05
0.844 0.6 0.751 0.05
0.847 0.689 0.162 0.05
0.853 0.103 0.889 0.05
0.857 0.487 0.647 0.05
0.858 0.372 0.919 0.05
0.866 0.073 0.637 0.05
0.874 0.322 0.758 0.05
0.877 0.791 0.348 0.05
0.887 0.225 0.185 0.05
0.892 0.115 0.071 0.05
0.896 0.198 0.71 0.05
0.898 0.318 0.503 0.05
0.909 0.602 0.648 0.05
0.915 0.516 0.246 0.05
0.919 0.831 0.622 0.05
0.924 0.469 0.399 0.05
0.931 0.175 0.454 0.05
0.931 0.754 0.459 0.05
0.943 0.527 0.752 0.05
