0.051 0.797 0.78 0.05
0.055 0.388 0.841 0.05
0.056 0.676 0.79 0.05
0.105 0.302 0.518 0.05
0.058 0.353 0.233 0.05
0.058 0.751 0.457 0.05
0.059 0.394 0.486 0.05
0.059 0.668 0.894 0.05
0.059 0.713 0.253 0.05
0.06 0.435 0.132 0.05
0.061 0.196 0.069 0.05
0.061 0.572 0.073 0.05
0.061 0.739 0.147 0.05
0.063 0.919 0.803 0.05
0.064 0.116 0.8 0.05
0.065 0.291 0.881 0.05
0.066 0.54 0.173 0.05
0.067 0.592 0.333 0.05
0.069 0.545 0.668 0.05
0.069 0.778 0.888 0.05
0.07 0.089 0.239 0.05
0.07 0.508 0.423 0.05
0.072 0.534 0.924 0.05
0.073 0.229 0.35 0.05
0.075 0.873 0.118 0.05
0.075 0.907 0.917 0.05
0.076 0.061 0.649 0.05
0.076 0.101 0.399 0.05
0.076 0.296 0.115 0.05
0.079 0.157 0.702 0.05
0.081 0.941 0.526 0.05
0.083 0.441 0.306 0.05
0.083 0.693 0.608 0.05
0.085 0.88 0.662 0.05
0.089 0.838 0.544 0.05
0.091 0.43 0.687 0.05
0.091 0.882 0.23 0.05
0.092 0.074 0.087 0.05
0.094 0.408 0.583 0.05
0.094 0.518 0.778 0.05
0.095 0.275 0.723 0.05
0.099 0.195 0.457 0.05
0.1 0.202 0.225 0.05
0.101 0.16 0.569 0.05
0.102 0.334 0.352 0.05
0.106 0.133 0.909 0.05
0.108 0.534 0.562 0.05
0.11 0.874 0.334 0.05
0.113 0.729 0.351 0.05
0.115 0.656 0.185 0.05
0.121 0.408 0.948 0.05
0.121 0.778 0.066 0.05
0.13 0.656 0.479 0.05
0.13 0.751 0.698 0.05
0.135 0.07 0.498 0.05
0.142 0.314 0.603 0.05
0.176 0.5665 0.9385 0.05
0.149 0.45 0.224 0.05
0.157 0.942 0.739 0.05
0.16 0.414 0.41 0.05
0.161 0.571 0.235 0.05
0.163 0.944 0.448 0.05
0.165 0.223 0.833 0.05
0.168 0.897 0.069 0.05
0.169 0.345 0.249 0.05
0.169 0.388 0.091 0.05
0.17 0.809 0.239 0.05
0.171 0.283 0.052 0.05
0.171 0.863 0.819 0.05
0.174 0.117 0.25 0.05
0.177 0.625 0.351 0.05
0.18 0.085 0.693 0.05
0.181 0.755 0.584 0.05
0.19 0.62 0.685 0.05
0.191 0.08 0.818 0.05
0.192 0.354 0.721 0.05
0.194 0.223 0.167 0.05
0.195 0.134 0.105 0.05
0.196 0.688 0.789 0.05
0.198 0.067 0.376 0.05
0.199 0.557 0.454 0.05
0.199 0.858 0.389 0.05
0.2 0.305 0.896 0.05
0.202 0.921 0.295 0.05
0.205 0.622 0.11 0.05
0.207 0.407 0.878 0.05
0.207 0.493 0.791 0.05
0.208 0.908 0.543 0.05
0.212 0.249 0.406 0.05
0.212 0.516 0.06 0.05
0.212 0.729 0.923 0.05
0.213 0.508 0.3 0.05
0.217 0.577 0.857 0.05
0.217 0.759 0.457 0.05
0.219 0.715 0.184 0.05
0.22 0.215 0.299 0.05
0.222 0.2 0.739 0.05
0.254 0.484 0.6715 0.05
0.224 0.882 0.644 0.05
0.225 0.13 0.462 0.05
0.246 0.7765 0.306 0.05
0.234 0.2 0.918 0.05
0.236 0.844 0.165 0.05
0.236 0.909 0.929 0.05
0.239 0.079 0.934 0.05
0.239 0.491 0.196 0.05
0.28 0.1225 0.6585 0.05
0.245 0.398 0.333 0.05
0.25 0.727 0.075 0.05
0.258 0.054 0.164 0.05
0.259 0.443 0.52 0.05
0.265 0.212 0.559 0.05
0.265 0.351 0.448 0.05
0.265 0.688 0.589 0.05
0.268 0.828 0.769 0.05
0.268 0.947 0.446 0.05
0.27 0.39 0.191 0.05
0.274 0.297 0.788 0.05
0.274 0.353 0.068 0.05
0.277 0.206 0.051 0.05
0.28 0.919 0.075 0.05
0.281 0.603 0.288 0.05
0.289 0.097 0.55 0.05
0.29 0.813 0.516 0.05
0.292 0.753 0.851 0.05
0.293 0.639 0.794 0.05
0.294 0.259 0.241 0.05
0.295 0.339 0.629 0.05
0.295 0.769 0.386 0.05
0.299 0.598 0.425 0.05
0.301 0.086 0.076 0.05
0.304 0.575 0.541 0.05
0.31 0.476 0.38 0.05
0.312 0.098 0.806 0.05
0.354 0.133 0.1485 0.05
0.312 0.828 0.931 0.05
0.314 0.134 0.343 0.05
0.319 0.923 0.746 0.05
0.322 0.566 0.915 0.05
0.324 0.09 0.243 0.05
0.324 0.58 0.188 0.05
0.325 0.938 0.192 0.05
0.326 0.702 0.707 0.05
0.326 0.725 0.172 0.05
0.328 0.814 0.116 0.05
0.3465 0.31 0.899 0.05
0.334 0.863 0.402 0.05
0.336 0.488 0.109 0.05
0.337 0.248 0.698 0.05
0.337 0.665 0.083 0.05
0.338 0.596 0.689 0.05
0.348 0.907 0.633 0.05
0.351 0.691 0.451 0.05
0.352 0.237 0.376 0.05
0.352 0.43 0.618 0.05
0.352 0.777 0.627 0.05
0.352 0.872 0.841 0.05
0.355 0.33 0.507 0.05
0.356 0.896 0.29 0.05
0.361 0.428 0.943 0.05
0.366 0.075 0.479 0.05
0.367 0.211 0.84 0.05
0.369 0.106 0.898 0.05
0.369 0.502 0.268 0.05
0.372 0.225 0.487 0.05
0.373 0.382 0.359 0.05
0.374 0.484 0.812 0.05
0.377 0.688 0.552 0.05
0.378 0.17 0.066 0.05
0.379 0.468 0.506 0.05
0.385 0.397 0.748 0.05
0.387 0.811 0.212 0.05
0.387 0.93 0.499 0.05
0.391 0.609 0.306 0.05
0.392 0.108 0.586 0.05
0.398 0.799 0.723 0.05
0.399 0.721 0.317 0.05
0.402 0.575 0.054 0.05
0.403 0.206 0.272 0.05
0.406 0.779 0.852 0.05
0.409 0.355 0.204 0.05
0.409 0.784 0.449 0.05
0.411 0.545 0.588 0.05
0.411 0.661 0.837 0.05
0.411 0.716 0.938 0.05
0.416 0.09 0.329 0.05
0.42 0.783 0.052 0.05
0.423 0.841 0.353 0.05
0.424 0.534 0.941 0.05
0.424 0.917 0.16 0.05
0.428 0.295 0.096 0.05
0.43 0.241 0.624 0.05
0.431 0.522 0.704 0.05
0.434 0.306 0.744 0.05
0.438 0.18 0.385 0.05
0.438 0.702 0.687 0.05
0.438 0.877 0.93 0.05
0.439 0.571 0.402 0.05
0.448 0.17 0.764 0.05
0.441 0.676 0.055 0.05
0.444 0.407 0.455 0.05
0.452 0.196 0.922 0.05
0.453 0.433 0.107 0.05
0.455 0.062 0.717 0.05
0.458 0.625 0.197 0.05
0.461 0.751 0.153 0.05
0.463 0.302 0.338 0.05
0.464 0.843 0.547 0.05
0.468 0.495 0.23 0.05
0.521 0.6035 0.5085 0.05
0.473 0.318 0.946 0.05
0.476 0.064 0.917 0.05
0.478 0.193 0.092 0.05
0.483 0.926 0.345 0.05
0.5275 0.0795 0.268 0.05
0.484 0.76 0.772 0.05
0.485 0.756 0.375 0.05
0.486 0.44 0.922 0.05
0.487 0.866 0.094 0.05
0.4995 0.184 0.2545 0.05
0.488 0.85 0.269 0.05
0.49 0.436 0.646 0.05
0.492 0.922 0.734 0.05
0.493 0.106 0.533 0.05
0.493 0.566 0.302 0.05
0.497 0.343 0.825 0.05
0.498 0.525 0.861 0.05
0.5 0.095 0.406 0.05
0.5 0.382 0.274 0.05
0.504 0.692 0.267 0.05
0.506 0.397 0.544 0.05
0.506 0.545 0.056 0.05
0.508 0.899 0.853 0.05
0.51 0.268 0.498 0.05
0.513 0.937 0.626 0.05
0.515 0.494 0.373 0.05
0.516 0.293 0.184 0.05
0.517 0.355 0.706 0.05
0.519 0.67 0.825 0.05
0.522 0.063 0.623 0.05
0.527 0.764 0.063 0.05
0.529 0.915 0.451 0.05
0.533 0.097 0.066 0.05
0.534 0.83 0.691 0.05
0.535 0.54 0.62 0.05
0.539 0.579 0.781 0.05
0.545 0.179 0.67 0.05
0.547 0.307 0.063 0.05
0.55 0.714 0.513 0.05
0.547 0.942 0.055 0.05
0.551 0.667 0.103 0.05
0.557 0.805 0.193 0.05
0.558 0.36 0.362 0.05
0.562 0.475 0.488 0.05
0.563 0.615 0.942 0.05
0.563 0.92 0.199 0.05
0.567 0.667 0.362 0.05
0.57 0.102 0.792 0.05
0.57 0.474 0.166 0.05
0.573 0.22 0.789 0.05
0.574 0.111 0.942 0.05
0.574 0.719 0.926 0.05
0.575 0.466 0.808 0.05
0.576 0.409 0.078 0.05
0.578 0.374 0.472 0.05
0.58 0.63 0.675 0.05
0.582 0.771 0.82 0.05
0.582 0.828 0.922 0.05
0.589 0.231 0.121 0.05
0.596 0.796 0.542 0.05
0.597 0.09 0.691 0.05
0.598 0.253 0.284 0.05
0.6015 0.888 0.371 0.05
0.604 0.206 0.891 0.05
0.606 0.455 0.593 0.05
0.608 0.177 0.382 0.05
0.61 0.834 0.283 0.05
0.613 0.137 0.195 0.05
0.614 0.507 0.348 0.05
0.615 0.387 0.258 0.05
0.615 0.597 0.175 0.05
0.6175 0.329 0.6145 0.05
0.622 0.903 0.592 0.05
0.626 0.408 0.945 0.05
0.63 0.508 0.682 0.05
0.631 0.867 0.703 0.05
0.631 0.927 0.116 0.05
0.632 0.139 0.514 0.05
0.64 0.938 0.473 0.05
0.643 0.078 0.373 0.05
0.644 0.625 0.852 0.05
0.647 0.306 0.194 0.05
0.65 0.834 0.06 0.05
0.656 0.69 0.581 0.05
0.657 0.322 0.868 0.05
0.674 0.3555 0.7525 0.05
0.66 0.219 0.655 0.05
0.66 0.405 0.358 0.05
0.661 0.841 0.165 0.05
0.664 0.71 0.469 0.05
0.665 0.296 0.433 0.05
0.665 0.694 0.128 0.05
0.666 0.919 0.929 0.05
0.667 0.645 0.352 0.05
0.668 0.591 0.738 0.05
0.669 0.379 0.123 0.05
0.671 0.117 0.617 0.05
0.671 0.932 0.826 0.05
0.672 0.49 0.126 0.05
0.674 0.744 0.222 0.05
0.676 0.17 0.109 0.05
0.677 0.053 0.748 0.05
0.6805 0.093 0.915 0.05
0.681 0.585 0.586 0.05
0.683 0.566 0.058 0.05
0.687 0.8 0.943 0.05
0.694 0.253 0.942 0.05
0.696 0.062 0.243 0.05
0.7 0.509 0.448 0.05
0.7 0.785 0.782 0.05
0.705 0.696 0.729 0.05
0.707 0.614 0.934 0.05
0.752 0.067 0.4385 0.05
0.712 0.374 0.606 0.05
0.713 0.19 0.84 0.05
0.714 0.606 0.481 0.05
0.716 0.825 0.446 0.05
0.718 0.256 0.332 0.05
0.721 0.447 0.268 0.05
0.723 0.561 0.231 0.05
0.723 0.904 0.63 0.05
0.724 0.129 0.316 0.05
0.725 0.436 0.939 0.05
0.729 0.758 0.337 0.05
0.732 0.057 0.09 0.05
0.734 0.523 0.828 0.05
0.74 0.637 0.809 0.05
0.741 0.223 0.432 0.05
0.743 0.533 0.355 0.05
0.743 0.921 0.092 0.05
0.746 0.21 0.2 0.05
0.747 0.358 0.216 0.05
0.751 0.615 0.662 0.05
0.753 0.925 0.73 0.05
0.754 0.242 0.564 0.05
0.756 0.809 0.865 0.05
0.758 0.159 0.684 0.05
0.758 0.786 0.681 0.05
0.764 0.661 0.084 0.05
0.765 0.791 0.557 0.05
0.766 0.092 0.825 0.05
0.766 0.506 0.692 0.05
0.768 0.363 0.814 0.05
0.768 0.932 0.458 0.05
0.773 0.53 0.545 0.05
0.773 0.535 0.143 0.05
0.774 0.061 0.929 0.05
0.777 0.915 0.299 0.05
0.78 0.686 0.91 0.05
0.784 0.091 0.61 0.05
0.785 0.255 0.791 0.05
0.786 0.679 0.259 0.05
0.793 0.852 0.186 0.05
0.799 0.88 0.941 0.05
0.803 0.195 0.933 0.05
0.806 0.267 0.094 0.05
0.806 0.319 0.338 0.05
0.806 0.581 0.926 0.05
0.81 0.666 0.453 0.05
0.812 0.432 0.061 0.05
0.815 0.409 0.498 0.05
0.816 0.342 0.903 0.05
0.817 0.799 0.296 0.05
0.818 0.653 0.578 0.05
0.82 0.445 0.851 0.05
0.821 0.171 0.476 0.05
0.821 0.623 0.173 0.05
0.823 0.378 0.701 0.05
0.824 0.942 0.857 0.05
0.828 0.136 0.068 0.05
0.828 0.263 0.671 0.05
0.828 0.305 0.46 0.05
0.83 0.234 0.275 0.05
0.83 0.741 0.09 0.05
0.832 0.801 0.433 0.05
0.839 0.422 0.337 0.05
0.839 0.493 0.614 0.05
0.84 0.553 0.799 0.05
0.84 0.895 0.652 0.05
0.846 0.546 0.057 0.05
0.848 0.637 0.349 0.05
0.85 0.381 0.216 0.05
0.8905 0.771 0.877 0.05
0.853 0.739 0.703 0.05
0.854 0.594 0.658 0.05
0.854 0.91 0.106 0.05
0.858 0.566 0.437 0.05
0.861 0.177 0.363 0.05
0.862 0.509 0.285 0.05
0.864 0.214 0.17 0.05
0.867 0.079 0.279 0.05
0.898 0.721 0.57 0.05
0.877 0.105 0.174 0.05
0.881 0.078 0.692 0.05
0.889 0.671 0.806 0.05
0.894 0.284 0.589 0.05
0.895 0.632 0.941 0.05
0.901 0.273 0.346 0.05
0.904 0.513 0.139 0.05
0.905 0.919 0.484 0.05
0.907 0.226 0.457 0.05
0.909 0.809 0.064 0.05
0.911 0.885 0.942 0.05
0.912 0.858 0.351 0.05
0.913 0.069 0.926 0.05
0.914 0.757 0.378 0.05
0.914 0.807 0.753 0.05
0.915 0.914 0.801 0.05
0.916 0.461 0.408 0.05
0.917 0.752 0.275 0.05
0.918 0.393 0.096 0.05
0.92 0.428 0.506 0.05
0.921 0.07 0.795 0.05
0.9225 0.2395 0.8485 0.05
0.922 0.594 0.746 0.05
0.923 0.761 0.157 0.05
0.924 0.147 0.568 0.05
0.924 0.885 0.213 0.05
0.925 0.667 0.453 0.05
0.927 0.421 0.729 0.05
0.928 0.859 0.603 0.05
0.93 0.065 0.44 0.05
0.931 0.197 0.093 0.05
0.933 0.313 0.2 0.05
0.934 0.44 0.246 0.05
0.934 0.605 0.295 0.05
0.935 0.62 0.163 0.05
0.94 0.313 0.751 0.05
0.94 0.499 0.937 0.05
0.941 0.056 0.105 0.05
0.941 0.207 0.943 0.05
0.941 0.356 0.645 0.05
0.941 0.655 0.052 0.05
0.942 0.396 0.916 0.05
0.943 0.567 0.592 0.05
0.944 0.19 0.683 0.05
0.945 0.205 0.264 0.05
0.947 0.798 0.475 0.05
