0.0645 0.839 0.947 0.05
0.055 0.599 0.812 0.05
0.057 0.241 0.224 0.05
0.057 0.679 0.061 0.05
0.11733333333333333 0.816 0.347 0.05
0.058 0.322 0.147 0.05
0.058 0.92 0.471 0.05
0.059 0.851 0.064 0.05
0.059 0.892 0.245 0.05
0.064 0.079 0.122 0.05
0.065 0.607 0.539 0.05
0.066 0.736 0.72 0.05
0.066 0.805 0.534 0.05
0.067 0.544 0.109 0.05
0.07 0.498 0.728 0.05
0.071 0.413 0.6 0.05
0.073 0.292 0.578 0.05
0.075 0.749 0.158 0.05
0.076 0.587 0.29 0.05
0.08 0.427 0.346 0.05
0.084 0.188 0.8 0.05
0.084 0.229 0.07 0.05
0.086 0.406 0.787 0.05
0.087 0.119 0.251 0.05
0.087 0.614 0.701 0.05
0.089 0.101 0.935 0.05
0.091 0.102 0.535 0.05
0.093 0.475 0.902 0.05
0.096 0.327 0.904 0.05
0.098 0.325 0.336 0.05
0.099 0.437 0.235 0.05
0.101 0.1 0.711 0.05
0.102 0.133 0.437 0.05
0.105 0.063 0.811 0.05
0.1675 0.309 0.8055 0.05
0.123 0.579 0.193 0.05
0.123 0.884 0.756 0.05
0.124 0.227 0.943 0.05
0.13 0.718 0.836 0.05
0.132 0.299 0.49 0.05
0.136 0.052 0.352 0.05
0.14 0.386 0.43 0.05
0.143 0.192 0.653 0.05
0.144 0.944 0.857 0.05
0.148 0.942 0.63 0.05
0.149 0.581 0.431 0.05
0.151 0.145 0.174 0.05
0.154 0.633 0.341 0.05
0.156 0.558 0.052 0.05
0.165 0.67 0.487 0.05
0.166 0.088 0.072 0.05
0.168 0.452 0.135 0.05
0.169 0.822 0.229 0.05
0.174 0.505 0.781 0.05
0.174 0.827 0.928 0.05
0.175 0.629 0.867 0.05
0.182 0.06 0.65 0.05
0.183 0.2 0.378 0.05
0.185 0.46 0.624 0.05
0.188 0.486 0.381 0.05
0.189 0.714 0.593 0.05
0.192 0.641 0.149 0.05
0.194 0.449 0.877 0.05
0.194 0.484 0.522 0.05
0.195 0.941 0.182 0.05
0.196 0.591 0.675 0.05
0.198 0.846 0.062 0.05
0.201 0.138 0.735 0.05
0.202 0.099 0.876 0.05
0.21 0.556 0.257 0.05
0.216 0.304 0.163 0.05
0.224 0.193 0.096 0.05
0.225 0.334 0.672 0.05
0.235 0.764 0.772 0.05
0.237 0.947 0.532 0.05
0.239 0.836 0.662 0.05
0.24 0.295 0.941 0.05
0.242 0.186 0.244 0.05
0.246 0.299 0.566 0.05
0.248 0.793 0.549 0.05
0.248 0.871 0.826 0.05
0.249 0.534 0.097 0.05
0.261 0.787 0.187 0.05
0.251 0.174 0.933 0.05
0.251 0.301 0.272 0.05
0.251 0.472 0.301 0.05
0.252 0.745 0.438 0.05
0.253 0.938 0.051 0.05
0.257 0.168 0.823 0.05
0.257 0.931 0.275 0.05
0.258 0.098 0.512 0.05
0.262 0.553 0.6 0.05
0.263 0.115 0.322 0.05
0.289 0.2665 0.391 0.05
0.274 0.159 0.634 0.05
0.278 0.925 0.435 0.05
0.281 0.07 0.708 0.05
0.283 0.576 0.929 0.05
0.287 0.916 0.944 0.05
0.289 0.824 0.375 0.05
0.29 0.399 0.13 0.05
0.291 0.398 0.79 0.05
0.292 0.461 0.909 0.05
0.293 0.604 0.734 0.05
0.299 0.063 0.835 0.05
0.307 0.382 0.556 0.05
0.307 0.49 0.732 0.05
0.307 0.625 0.064 0.05
0.309 0.53 0.478 0.05
0.31 0.684 0.938 0.05
0.31 0.694 0.811 0.05
0.3425 0.271 0.502 0.05
0.313 0.564 0.172 0.05
0.313 0.65 0.517 0.05
0.324 0.602 0.34 0.05
0.327 0.859 0.51 0.05
0.331 0.751 0.66 0.05
0.336 0.247 0.896 0.05
0.338 0.26 0.122 0.05
0.338 0.456 0.225 0.05
0.348 0.47 0.591 0.05
0.349 0.697 0.143 0.05
0.3775 0.81 0.3135 0.05
0.353 0.385 0.679 0.05
0.353 0.503 0.087 0.05
0.355 0.774 0.055 0.05
0.356 0.932 0.758 0.05
0.359 0.66 0.257 0.05
0.36 0.146 0.732 0.05
0.362 0.376 0.314 0.05
0.363 0.406 0.42 0.05
0.365 0.262 0.756 0.05
0.366 0.113 0.341 0.05
0.37 0.084 0.23 0.05
0.372 0.601 0.617 0.05
0.413 0.092 0.551 0.05
0.376 0.8 0.871 0.05
0.38 0.126 0.126 0.05
0.382 0.809 0.731 0.05
0.389 0.529 0.297 0.05
0.39 0.94 0.411 0.05
0.391 0.649 0.716 0.05
0.395 0.166 0.474 0.05
0.399 0.519 0.405 0.05
0.399 0.937 0.188 0.05
0.401 0.52 0.912 0.05
0.401 0.639 0.428 0.05
0.414 0.326 0.9115 0.05
0.405 0.475 0.814 0.05
0.405 0.746 0.445 0.05
0.408 0.479 0.687 0.05
0.415 0.919 0.671 0.05
0.416 0.284 0.323 0.05
0.417 0.194 0.223 0.05
0.419 0.617 0.829 0.05
0.419 0.628 0.069 0.05
0.42 0.903 0.087 0.05
0.423 0.917 0.564 0.05
0.425 0.546 0.182 0.05
0.426 0.23 0.637 0.05
0.426 0.728 0.813 0.05
0.434 0.167 0.801 0.05
0.434 0.901 0.922 0.05
0.436 0.358 0.591 0.05
0.442 0.698 0.568 0.05
0.447 0.393 0.737 0.05
0.447 0.873 0.822 0.05
0.448 0.674 0.319 0.05
0.449 0.415 0.093 0.05
0.453 0.089 0.43 0.05
0.454 0.43 0.377 0.05
0.455 0.457 0.518 0.05
0.461 0.321 0.219 0.05
0.467 0.595 0.511 0.05
0.47 0.782 0.228 0.05
0.472 0.822 0.561 0.05
0.474 0.28 0.503 0.05
0.475 0.073 0.885 0.05
0.478 0.86 0.465 0.05
0.481 0.769 0.892 0.05
0.489 0.071 0.057 0.05
0.489 0.122 0.726 0.05
0.494 0.162 0.34 0.05
0.524 0.1935 0.084 0.05
0.498 0.424 0.936 0.05
0.499 0.566 0.315 0.05
0.499 0.622 0.192 0.05
0.503 0.271 0.776 0.05
0.505 0.503 0.737 0.05
0.505 0.83 0.323 0.05
0.516 0.722 0.701 0.05
0.519 0.161 0.922 0.05
0.52 0.402 0.26 0.05
0.527 0.654 0.906 0.05
0.528 0.259 0.388 0.05
0.528 0.64 0.594 0.05
0.566 0.706 0.3785 0.05
0.538 0.707 0.145 0.05
0.541 0.495 0.077 0.05
0.541 0.85 0.066 0.05
0.542 0.524 0.633 0.05
0.543 0.741 0.537 0.05
0.546 0.889 0.67 0.05
0.547 0.345 0.632 0.05
0.548 0.903 0.231 0.05
0.549 0.095 0.18 0.05
0.551 0.425 0.549 0.05
0.554 0.531 0.469 0.05
0.554 0.688 0.254 0.05
0.5995 0.055 0.401 0.05
0.555 0.522 0.865 0.05
0.555 0.638 0.472 0.05
0.556 0.604 0.707 0.05
0.561 0.301 0.29 0.05
0.562 0.345 0.124 0.05
0.563 0.401 0.838 0.05
0.573 0.65 0.811 0.05
0.577 0.508 0.24 0.05
0.58 0.1 0.494 0.05
0.582 0.941 0.097 0.05
0.583 0.255 0.51 0.05
0.585 0.367 0.46 0.05
0.589 0.863 0.549 0.05
0.591 0.188 0.817 0.05
0.592 0.087 0.664 0.05
0.594 0.083 0.79 0.05
0.6 0.282 0.699 0.05
0.607 0.641 0.085 0.05
0.613 0.211 0.344 0.05
0.623 0.861 0.769 0.05
0.624 0.162 0.569 0.05
0.624 0.249 0.894 0.05
0.624 0.926 0.875 0.05
0.63 0.489 0.39 0.05
0.637 0.79 0.688 0.05
0.638 0.252 0.236 0.05
0.639 0.822 0.39 0.05
0.643 0.324 0.348 0.05
0.644 0.588 0.576 0.05
0.648 0.061 0.086 0.05
0.648 0.451 0.583 0.05
0.649 0.689 0.202 0.05
0.65 0.463 0.707 0.05
0.65 0.688 0.548 0.05
0.652 0.551 0.804 0.05
0.656 0.933 0.361 0.05
0.657 0.583 0.307 0.05
0.661 0.301 0.613 0.05
0.661 0.522 0.178 0.05
0.661 0.759 0.835 0.05
0.669 0.111 0.186 0.05
0.669 0.796 0.496 0.05
0.669 0.861 0.156 0.05
0.672 0.079 0.936 0.05
0.672 0.517 0.481 0.05
0.672 0.6 0.928 0.05
0.673 0.743 0.066 0.05
0.674 0.059 0.293 0.05
0.674 0.194 0.713 0.05
0.679 0.563 0.69 0.05
0.684 0.692 0.743 0.05
0.686 0.075 0.719 0.05
0.701 0.4625 0.2755 0.05
0.697 0.431 0.906 0.05
0.697 0.785 0.931 0.05
0.698 0.103 0.835 0.05
0.703 0.925 0.052 0.05
0.71 0.248 0.392 0.05
0.712 0.483 0.076 0.05
0.713 0.947 0.231 0.05
0.716 0.931 0.449 0.05
0.718 0.364 0.484 0.05
0.72 0.945 0.689 0.05
0.725 0.609 0.182 0.05
0.726 0.617 0.461 0.05
0.726 0.659 0.631 0.05
0.726 0.668 0.288 0.05
0.726 0.79 0.302 0.05
0.729 0.944 0.945 0.05
0.734 0.249 0.282 0.05
0.735 0.452 0.428 0.05
0.736 0.378 0.081 0.05
0.737 0.138 0.408 0.05
0.741 0.186 0.198 0.05
0.742 0.368 0.83 0.05
0.743 0.233 0.515 0.05
0.744 0.488 0.577 0.05
0.75 0.108 0.103 0.05
0.75 0.244 0.827 0.05
0.752 0.848 0.393 0.05
0.759 0.065 0.503 0.05
0.759 0.628 0.086 0.05
0.761 0.255 0.676 0.05
0.762 0.573 0.87 0.05
0.765 0.83 0.832 0.05
0.768 0.548 0.749 0.05
0.77 0.891 0.572 0.05
0.773 0.335 0.357 0.05
0.778 0.075 0.928 0.05
0.78 0.109 0.259 0.05
0.782 0.827 0.657 0.05
0.79 0.359 0.707 0.05
0.79 0.381 0.931 0.05
0.79 0.585 0.289 0.05
0.792 0.822 0.084 0.05
0.793 0.88 0.273 0.05
0.794 0.737 0.882 0.05
0.798 0.539 0.461 0.05
0.799 0.338 0.595 0.05
0.801 0.109 0.802 0.05
0.802 0.068 0.359 0.05
0.804 0.772 0.233 0.05
0.805 0.662 0.526 0.05
0.808 0.769 0.517 0.05
0.814 0.45 0.653 0.05
0.817 0.272 0.945 0.05
0.819 0.508 0.129 0.05
0.822 0.451 0.267 0.05
0.823 0.372 0.197 0.05
0.824 0.387 0.497 0.05
0.827 0.623 0.628 0.05
0.829 0.082 0.578 0.05
0.829 0.087 0.683 0.05
0.831 0.615 0.174 0.05
0.833 0.248 0.109 0.05
0.837 0.71 0.34 0.05
0.842 0.638 0.432 0.05
0.842 0.861 0.739 0.05
0.893 0.134 0.4875 0.05
0.843 0.264 0.399 0.05
0.845 0.909 0.175 0.05
0.846 0.744 0.675 0.05
0.846 0.948 0.074 0.05
0.853 0.664 0.931 0.05
0.854 0.138 0.083 0.05
0.862 0.38 0.791 0.05
0.871 0.165 0.212 0.05
0.878 0.19 0.904 0.05
0.882 0.409 0.082 0.05
0.883 0.341 0.661 0.05
0.883 0.907 0.548 0.05
0.884 0.689 0.789 0.05
0.885 0.534 0.746 0.05
0.888 0.728 0.096 0.05
0.892 0.285 0.533 0.05
0.894 0.584 0.057 0.05
0.896 0.473 0.851 0.05
0.896 0.849 0.29 0.05
0.92 0.1985 0.793 0.05
0.898 0.926 0.932 0.05
0.899 0.53 0.423 0.05
0.9 0.369 0.946 0.05
0.902 0.063 0.848 0.05
0.903 0.515 0.556 0.05
0.906 0.314 0.235 0.05
0.907 0.946 0.8 0.05
0.911 0.811 0.162 0.05
0.913 0.225 0.316 0.05
0.918 0.054 0.094 0.05
0.919 0.34 0.437 0.05
0.923 0.68 0.483 0.05
0.924 0.576 0.914 0.05
0.927 0.124 0.359 0.05
0.927 0.835 0.86 0.05
0.929 0.438 0.229 0.05
0.93 0.656 0.613 0.05
0.933 0.219 0.145 0.05
0.933 0.671 0.351 0.05
0.933 0.815 0.55 0.05
0.934 0.791 0.369 0.05
0.934 0.81 0.666 0.05
0.937 0.432 0.615 0.05
0.938 0.432 0.336 0.05
0.94 0.509 0.145 0.05
0.94 0.768 0.948 0.05
0.942 0.698 0.239 0.05
0.944 0.904 0.403 0.05
0.946 0.112 0.615 0.05
0.946 0.23 0.426 0.05
0.948 0.947 0.679 0.05
