0.051 0.797 0.78 0.05
0.058 0.353 0.233 0.05
0.061 0.739 0.147 0.05
0.094 0.408 0.583 0.05
0.106 0.133 0.909 0.05
0.11 0.874 0.334 0.05
0.113 0.729 0.351 0.05
0.121 0.778 0.066 0.05
0.149 0.45 0.224 0.05
0.174 0.117 0.25 0.05
0.18 0.085 0.693 0.05
0.181 0.755 0.584 0.05
0.196 0.688 0.789 0.05
0.199 0.557 0.454 0.05
0.202 0.921 0.295 0.05
0.205 0.622 0.11 0.05
0.217 0.577 0.857 0.05
0.225 0.13 0.462 0.05
0.265 0.212 0.559 0.05
0.274 0.353 0.068 0.05
0.285 0.488 0.712 0.05
0.293 0.639 0.794 0.05
0.354 0.133 0.1485 0.05
0.314 0.134 0.343 0.05
0.326 0.702 0.707 0.05
0.326 0.725 0.172 0.05
0.328 0.814 0.116 0.05
0.337 0.248 0.698 0.05
0.337 0.665 0.083 0.05
0.348 0.907 0.633 0.05
0.352 0.43 0.618 0.05
0.361 0.348 0.868 0.05
0.367 0.211 0.84 0.05
0.439 0.571 0.402 0.05
0.452 0.196 0.922 0.05
0.453 0.433 0.107 0.05
0.455 0.062 0.717 0.05
0.458 0.625 0.197 0.05
0.484 0.76 0.772 0.05
0.49 0.436 0.646 0.05
0.492 0.922 0.734 0.05
0.493 0.106 0.533 0.05
0.5 0.095 0.406 0.05
0.5 0.382 0.274 0.05
0.533 0.097 0.066 0.05
0.545 0.179 0.67 0.05
0.57 0.102 0.792 0.05
0.57 0.474 0.166 0.05
0.578 0.374 0.472 0.05
0.58 0.63 0.675 0.05
0.6 0.846 0.4 0.05
0.626 0.408 0.945 0.05
0.632 0.139 0.514 0.05
0.644 0.625 0.852 0.05
0.656 0.69 0.581 0.05
0.657 0.322 0.868 0.05
0.66 0.219 0.655 0.05
0.664 0.71 0.469 0.05
0.672 0.49 0.126 0.05
0.674 0.744 0.222 0.05
0.677 0.053 0.748 0.05
0.687 0.8 0.943 0.05
0.705 0.696 0.729 0.05
0.713 0.19 0.84 0.05
0.716 0.825 0.446 0.05
0.729 0.758 0.337 0.05
0.746 0.21 0.2 0.05
0.773 0.53 0.545 0.05
0.773 0.535 0.143 0.05
0.78 0.686 0.91 0.05
0.785 0.255 0.791 0.05
0.786 0.679 0.259 0.05
0.81 0.666 0.453 0.05
0.815 0.409 0.498 0.05
0.83 0.741 0.09 0.05
0.839 0.493 0.614 0.05
0.84 0.553 0.799 0.05
0.84 0.895 0.652 0.05
0.85 0.769 0.846 0.05
0.854 0.91 0.106 0.05
0.861 0.177 0.363 0.05
0.864 0.214 0.17 0.05
0.871 0.758 0.547 0.05
0.907 0.226 0.457 0.05
0.912 0.858 0.351 0.05
0.917 0.752 0.275 0.05
0.924 0.289 0.861 0.05
0.928 0.859 0.603 0.05
0.941 0.356 0.645 0.05
