0.052 0.297 0.095 0.05
0.053 0.274 0.467 0.05
0.054 0.689 0.669 0.05
0.063 0.08 0.519 0.05
0.068 0.51 0.698 0.05
0.071 0.304 0.86 0.05
0.076 0.703 0.374 0.05
0.093 0.613 0.503 0.05
0.112 0.466 0.309 0.05
0.121 0.874 0.286 0.05
0.122 0.159 0.887 0.05
0.128 0.249 0.236 0.05
0.128 0.544 0.889 0.05
0.128 0.614 0.357 0.05
0.144 0.119 0.77 0.05
0.149 0.891 0.485 0.05
0.16 0.562 0.725 0.05
0.161 0.8 0.412 0.05
0.164 0.097 0.182 0.05
0.174 0.778 0.628 0.05
0.187 0.385 0.793 0.05
0.191 0.298 0.558 0.05
0.195 0.435 0.579 0.05
0.213 0.521 0.3 0.05
0.216 0.87 0.751 0.05
0.229 0.055 0.496 0.05
0.23 0.678 0.26 0.05
0.231 0.205 0.687 0.05
0.231 0.855 0.332 0.05
0.238 0.328 0.314 0.05
0.244 0.25 0.816 0.05
0.25 0.363 0.467 0.05
0.26 0.938 0.494 0.05
0.261 0.686 0.538 0.05
0.281 0.676 0.684 0.05
0.292 0.948 0.882 0.05
0.293 0.178 0.924 0.05
0.304 0.405 0.288 0.05
0.307 0.784 0.349 0.05
0.309 0.756 0.606 0.05
0.318 0.239 0.124 0.05
0.324 0.089 0.784 0.05
0.328 0.191 0.357 0.05
0.333 0.072 0.345 0.05
0.336 0.081 0.243 0.05
0.339 0.82 0.108 0.05
0.342 0.781 0.23 0.05
0.37 0.068 0.053 0.05
0.376 0.597 0.662 0.05
0.382 0.931 0.489 0.05
0.385 0.179 0.206 0.05
0.387 0.315 0.361 0.05
0.388 0.482 0.798 0.05
0.39 0.684 0.726 0.05
0.4 0.727 0.942 0.05
0.403 0.425 0.671 0.05
0.41 0.922 0.116 0.05
0.423 0.187 0.765 0.05
0.427 0.791 0.159 0.05
0.43 0.842 0.665 0.05
0.436 0.618 0.379 0.05
0.437 0.587 0.127 0.05
0.441 0.856 0.808 0.05
0.442 0.129 0.558 0.05
0.442 0.326 0.565 0.05
0.45 0.504 0.344 0.05
0.457 0.476 0.551 0.05
0.4725 0.1925 0.343 0.05
0.487 0.665 0.069 0.05
0.49 0.527 0.888 0.05
0.497 0.498 0.236 0.05
0.501 0.761 0.323 0.05
0.501 0.804 0.436 0.05
0.511 0.37 0.135 0.05
0.536 0.805 0.635 0.05
0.545 0.568 0.136 0.05
0.554 0.787 0.068 0.05
0.557 0.759 0.522 0.05
0.559 0.483 0.5 0.05
0.573 0.085 0.447 0.05
0.584 0.739 0.899 0.05
0.586 0.189 0.883 0.05
0.588 0.695 0.597 0.05
0.596 0.273 0.467 0.05
0.598 0.21 0.066 0.05
0.601 0.481 0.644 0.05
0.612 0.586 0.89 0.05
0.614 0.392 0.105 0.05
0.616 0.057 0.187 0.05
0.621 0.863 0.542 0.05
0.627 0.581 0.213 0.05
0.638 0.848 0.883 0.05
0.641 0.2 0.582 0.05
0.646 0.792 0.161 0.05
0.649 0.946 0.937 0.05
0.656 0.096 0.889 0.05
0.67 0.301 0.305 0.05
0.687 0.103 0.308 0.05
0.698 0.653 0.408 0.05
0.705 0.253 0.433 0.05
0.708 0.202 0.83 0.05
0.709 0.911 0.798 0.05
0.714 0.53 0.142 0.05
0.724 0.863 0.581 0.05
0.729 0.732 0.585 0.05
0.74 0.055 0.694 0.05
0.74 0.466 0.512 0.05
0.771 0.176 0.194 0.05
0.771 0.208 0.665 0.05
0.772 0.354 0.175 0.05
0.776 0.42 0.285 0.05
0.778 0.203 0.349 0.05
0.781 0.757 0.701 0.05
0.782 0.702 0.351 0.05
0.788 0.393 0.773 0.05
0.804 0.374 0.576 0.05
0.812 0.262 0.259 0.05
0.813 0.582 0.893 0.05
0.818 0.53 0.783 0.05
0.819 0.541 0.085 0.05
0.821 0.87 0.265 0.05
0.839 0.158 0.558 0.05
0.85 0.466 0.189 0.05
0.853 0.298 0.131 0.05
0.853 0.696 0.213 0.05
0.862 0.297 0.772 0.05
0.865 0.118 0.801 0.05
0.865 0.579 0.357 0.05
0.872 0.125 0.278 0.05
0.881 0.63 0.784 0.05
0.885 0.3 0.501 0.05
0.888 0.605 0.578 0.05
0.9 0.392 0.845 0.05
0.902 0.331 0.634 0.05
0.904 0.365 0.337 0.05
0.906 0.939 0.409 0.05
0.91 0.778 0.146 0.05
0.916 0.674 0.116 0.05
0.917 0.948 0.589 0.05
0.921 0.807 0.578 0.05
0.926 0.442 0.729 0.05
0.929 0.053 0.705 0.05
0.931 0.206 0.622 0.05
