0.091 0.06 0.389 0.05
0.098 0.621 0.699 0.05
0.1 0.541 0.384 0.05
0.108 0.309 0.323 0.05
0.139 0.749 0.512 0.05
0.141 0.394 0.681 0.05
0.142 0.946 0.337 0.05
0.144 0.34 0.539 0.05
0.147 0.161 0.309 0.05
0.161 0.13 0.658 0.05
0.166 0.167 0.503 0.05
0.174 0.571 0.244 0.05
0.175 0.377 0.807 0.05
0.182 0.891 0.588 0.05
0.205 0.83 0.389 0.05
0.218 0.698 0.116 0.05
0.22 0.236 0.35 0.05
0.221 0.64 0.538 0.05
0.231 0.754 0.313 0.05
0.237 0.914 0.131 0.05
0.243 0.522 0.629 0.05
0.255 0.734 0.916 0.05
0.259 0.321 0.271 0.05
0.268 0.852 0.899 0.05
0.269 0.689 0.769 0.05
0.269 0.911 0.353 0.05
0.272 0.259 0.507 0.05
0.278 0.706 0.633 0.05
0.287 0.328 0.601 0.05
0.289 0.216 0.67 0.05
0.302 0.541 0.203 0.05
0.31 0.511 0.088 0.05
0.313 0.433 0.238 0.05
0.316 0.591 0.912 0.05
0.32 0.218 0.276 0.05
0.325 0.15 0.113 0.05
0.329 0.413 0.721 0.05
0.34 0.588 0.744 0.05
0.342 0.376 0.935 0.05
0.348 0.776 0.833 0.05
0.36 0.519 0.355 0.05
0.371 0.413 0.414 0.05
0.402 0.664 0.137 0.05
0.42 0.407 0.072 0.05
0.421 0.535 0.928 0.05
0.423 0.281 0.643 0.05
0.423 0.645 0.704 0.05
0.427 0.285 0.064 0.05
0.447 0.057 0.052 0.05
0.448 0.157 0.398 0.05
0.462 0.266 0.437 0.05
0.465 0.102 0.565 0.05
0.468 0.166 0.106 0.05
0.481 0.251 0.321 0.05
0.488 0.49 0.847 0.05
0.489 0.347 0.517 0.05
0.496 0.242 0.574 0.05
0.504 0.619 0.513 0.05
0.515 0.47 0.29 0.05
0.532 0.182 0.232 0.05
0.563 0.323 0.347 0.05
0.567 0.196 0.639 0.05
0.569 0.684 0.848 0.05
0.575 0.915 0.627 0.05
0.576 0.182 0.53 0.05
0.579 0.805 0.603 0.05
0.585 0.566 0.548 0.05
0.605 0.463 0.675 0.05
0.609 0.418 0.905 0.05
0.609 0.5 0.458 0.05
0.619 0.111 0.356 0.05
0.622 0.691 0.568 0.05
0.63 0.907 0.177 0.05
0.656 0.565 0.306 0.05
0.658 0.615 0.936 0.05
0.663 0.256 0.29 0.05
0.676 0.324 0.839 0.05
0.702 0.761 0.486 0.05
0.718 0.298 0.941 0.05
0.72 0.788 0.173 0.05
0.736 0.496 0.851 0.05
0.748 0.861 0.712 0.05
0.755 0.523 0.735 0.05
0.76 0.633 0.641 0.05
0.765 0.556 0.126 0.05
0.766 0.073 0.929 0.05
0.77 0.201 0.253 0.05
0.772 0.25 0.059 0.05
0.776 0.745 0.789 0.05
0.776 0.781 0.356 0.05
0.784 0.197 0.435 0.05
0.807 0.52 0.6 0.05
0.822 0.641 0.18 0.05
0.835 0.589 0.272 0.05
0.84 0.936 0.659 0.05
0.854 0.083 0.658 0.05
0.856 0.784 0.119 0.05
0.857 0.818 0.418 0.05
0.864 0.58 0.893 0.05
0.886 0.234 0.554 0.05
0.896 0.361 0.331 0.05
0.905 0.103 0.275 0.05
0.918 0.389 0.624 0.05
0.92 0.071 0.922 0.05
0.923 0.947 0.513 0.05
0.933 0.496 0.882 0.05
0.944 0.864 0.341 0.05
0.945 0.632 0.562 0.05
