0.051 0.559 0.511 0.05
0.052 0.456 0.456 0.05
0.056 0.28 0.095 0.05
0.063 0.615 0.064 0.05
0.064 0.315 0.691 0.05
0.066 0.528 0.137 0.05
0.066 0.728 0.269 0.05
0.072 0.076 0.796 0.05
0.073 0.173 0.902 0.05
0.075 0.728 0.097 0.05
0.083 0.72 0.671 0.05
0.086 0.223 0.745 0.05
0.09 0.782 0.572 0.05
0.096 0.136 0.655 0.05
0.106 0.075 0.936 0.05
0.107 0.129 0.447 0.05
0.11 0.351 0.211 0.05
0.11 0.677 0.843 0.05
0.113 0.754 0.923 0.05
0.115 0.892 0.343 0.05
0.116 0.106 0.266 0.05
0.12 0.852 0.481 0.05
0.12 0.926 0.749 0.05
0.121 0.518 0.286 0.05
0.122 0.701 0.403 0.05
0.123 0.454 0.855 0.05
0.127 0.554 0.778 0.05
0.133 0.337 0.325 0.05
0.133 0.864 0.858 0.05
0.14 0.863 0.163 0.05
0.142 0.199 0.571 0.05
0.163 0.704 0.208 0.05
0.164 0.549 0.66 0.05
0.173 0.282 0.734 0.05
0.18 0.406 0.599 0.05
0.181 0.167 0.795 0.05
0.185 0.11 0.706 0.05
0.186 0.303 0.453 0.05
0.2 0.405 0.737 0.05
0.204 0.061 0.569 0.05
0.204 0.659 0.742 0.05
0.206 0.421 0.417 0.05
0.225 0.267 0.874 0.05
0.227 0.545 0.087 0.05
0.229 0.292 0.095 0.05
0.229 0.798 0.078 0.05
0.235 0.103 0.28 0.05
0.236 0.682 0.093 0.05
0.252 0.498 0.501 0.05
0.253 0.266 0.584 0.05
0.254 0.714 0.657 0.05
0.26 0.246 0.398 0.05
0.263 0.792 0.488 0.05
0.268 0.71 0.863 0.05
0.273 0.41 0.921 0.05
0.274 0.082 0.455 0.05
0.277 0.584 0.782 0.05
0.278 0.899 0.765 0.05
0.28 0.535 0.631 0.05
0.281 0.478 0.81 0.05
0.284 0.88 0.362 0.05
0.295 0.488 0.196 0.05
0.296 0.379 0.085 0.05
0.3 0.745 0.401 0.05
0.304 0.452 0.702 0.05
0.31 0.684 0.562 0.05
0.31 0.948 0.549 0.05
0.321 0.079 0.915 0.05
0.321 0.586 0.915 0.05
0.321 0.805 0.749 0.05
0.321 0.899 0.079 0.05
0.329 0.117 0.674 0.05
0.333 0.34 0.258 0.05
0.333 0.603 0.401 0.05
0.345 0.161 0.342 0.05
0.346 0.395 0.503 0.05
0.351 0.613 0.124 0.05
0.352 0.559 0.267 0.05
0.356 0.082 0.137 0.05
0.357 0.648 0.767 0.05
0.369 0.394 0.357 0.05
0.369 0.937 0.712 0.05
0.378 0.865 0.546 0.05
0.384 0.521 0.446 0.05
0.391 0.383 0.813 0.05
0.397 0.83 0.304 0.05
0.399 0.811 0.115 0.05
0.399 0.854 0.864 0.05
0.4 0.225 0.894 0.05
0.405 0.297 0.457 0.05
0.405 0.703 0.247 0.05
0.408 0.758 0.683 0.05
0.413 0.671 0.603 0.05
0.42 0.075 0.825 0.05
0.427 0.565 0.843 0.05
0.43 0.324 0.202 0.05
0.431 0.151 0.417 0.05
0.443 0.893 0.066 0.05
0.444 0.459 0.176 0.05
0.453 0.213 0.182 0.05
0.456 0.248 0.302 0.05
0.46 0.354 0.585 0.05
0.47 0.107 0.194 0.05
0.475 0.932 0.59 0.05
0.48 0.874 0.483 0.05
0.482 0.647 0.352 0.05
0.487 0.15 0.615 0.05
0.487 0.289 0.803 0.05
0.487 0.664 0.797 0.05
0.49 0.143 0.767 0.05
0.491 0.088 0.515 0.05
0.494 0.749 0.432 0.05
0.497 0.827 0.647 0.05
0.499 0.44 0.068 0.05
0.506 0.389 0.901 0.05
0.509 0.431 0.414 0.05
0.515 0.11 0.076 0.05
0.515 0.718 0.674 0.05
0.518 0.692 0.129 0.05
0.521 0.503 0.891 0.05
0.53 0.54 0.624 0.05
0.53 0.872 0.759 0.05
0.532 0.763 0.302 0.05
0.544 0.431 0.813 0.05
0.544 0.617 0.228 0.05
0.556 0.263 0.336 0.05
0.565 0.932 0.475 0.05
0.569 0.597 0.528 0.05
0.57 0.706 0.939 0.05
0.574 0.335 0.6 0.05
0.577 0.073 0.248 0.05
0.578 0.551 0.375 0.05
0.588 0.689 0.453 0.05
0.589 0.177 0.54 0.05
0.59 0.114 0.408 0.05
0.592 0.418 0.68 0.05
0.599 0.782 0.51 0.05
0.604 0.552 0.778 0.05
0.608 0.241 0.78 0.05
0.608 0.75 0.75 0.05
0.613 0.332 0.842 0.05
0.614 0.366 0.478 0.05
0.616 0.361 0.222 0.05
0.616 0.856 0.59 0.05
0.619 0.94 0.074 0.05
0.626 0.549 0.942 0.05
0.629 0.655 0.13 0.05
0.647 0.247 0.23 0.05
0.648 0.767 0.643 0.05
0.65 0.34 0.339 0.05
0.651 0.104 0.816 0.05
0.656 0.902 0.703 0.05
0.658 0.131 0.094 0.05
0.665 0.448 0.26 0.05
0.671 0.448 0.862 0.05
0.678 0.262 0.608 0.05
0.679 0.606 0.665 0.05
0.7 0.533 0.103 0.05
0.702 0.833 0.417 0.05
0.703 0.545 0.207 0.05
0.706 0.445 0.586 0.05
0.707 0.878 0.906 0.05
0.723 0.602 0.944 0.05
0.729 0.732 0.1 0.05
0.73 0.667 0.555 0.05
0.742 0.893 0.188 0.05
0.75 0.289 0.704 0.05
0.751 0.19 0.882 0.05
0.754 0.48 0.368 0.05
0.758 0.634 0.203 0.05
0.76 0.786 0.822 0.05
0.762 0.787 0.663 0.05
0.764 0.37 0.307 0.05
0.764 0.821 0.326 0.05
0.765 0.323 0.503 0.05
0.767 0.672 0.809 0.05
0.769 0.217 0.102 0.05
0.774 0.432 0.771 0.05
0.777 0.914 0.779 0.05
0.786 0.285 0.846 0.05
0.79 0.199 0.735 0.05
0.8 0.948 0.341 0.05
0.814 0.823 0.927 0.05
0.819 0.674 0.412 0.05
0.823 0.648 0.108 0.05
0.829 0.261 0.316 0.05
0.832 0.68 0.925 0.05
0.834 0.777 0.566 0.05
0.835 0.431 0.627 0.05
0.842 0.14 0.893 0.05
0.842 0.201 0.206 0.05
0.847 0.136 0.641 0.05
0.851 0.88 0.431 0.05
0.852 0.074 0.787 0.05
0.856 0.093 0.086 0.05
0.864 0.942 0.874 0.05
0.878 0.555 0.317 0.05
0.88 0.421 0.123 0.05
0.895 0.169 0.298 0.05
0.895 0.927 0.199 0.05
0.897 0.773 0.242 0.05
0.898 0.839 0.112 0.05
0.902 0.935 0.623 0.05
0.909 0.473 0.245 0.05
0.911 0.724 0.401 0.05
0.914 0.171 0.783 0.05
0.915 0.315 0.375 0.05
0.92 0.744 0.819 0.05
0.922 0.683 0.666 0.05
0.923 0.409 0.505 0.05
0.929 0.058 0.883 0.05
0.93 0.347 0.738 0.05
0.936 0.235 0.051 0.05
0.943 0.2 0.183 0.05
0.944 0.569 0.486 0.05
0.947 0.643 0.788 0.05
