0.052 0.26 0.694 0.05
0.052 0.424 0.216 0.05
0.053 0.079 0.485 0.05
0.054 0.536 0.101 0.05
0.069 0.681 0.422 0.05
0.069 0.927 0.309 0.05
0.07 0.304 0.323 0.05
0.071 0.618 0.856 0.05
0.075 0.427 0.64 0.05
0.08 0.373 0.819 0.05
0.082 0.907 0.514 0.05
0.083 0.685 0.609 0.05
0.085 0.34 0.576 0.05
0.085 0.824 0.74 0.05
0.094 0.13 0.725 0.05
0.094 0.499 0.417 0.05
0.107 0.111 0.13 0.05
0.111 0.678 0.729 0.05
0.113 0.115 0.282 0.05
0.114 0.063 0.877 0.05
0.119 0.256 0.498 0.05
0.119 0.47 0.554 0.05
0.12 0.246 0.06 0.05
0.135 0.06 0.645 0.05
0.141 0.897 0.202 0.05
0.146 0.796 0.876 0.05
0.151 0.613 0.082 0.05
0.16 0.373 0.728 0.05
0.176 0.2565 0.24 0.05
0.185 0.128 0.524 0.05
0.191 0.782 0.418 0.05
0.193 0.316 0.912 0.05
0.194 0.808 0.114 0.05
0.195 0.117 0.912 0.05
0.197 0.808 0.242 0.05
0.203 0.538 0.26 0.05
0.204 0.079 0.765 0.05
0.205 0.825 0.763 0.05
0.21 0.916 0.864 0.05
0.213 0.228 0.855 0.05
0.24 0.585 0.832 0.05
0.241 0.463 0.099 0.05
0.248 0.549 0.625 0.05
0.263 0.293 0.511 0.05
0.265 0.655 0.308 0.05
0.273 0.744 0.165 0.05
0.291 0.545 0.721 0.05
0.291 0.762 0.552 0.05
0.294 0.227 0.658 0.05
0.299 0.669 0.687 0.05
0.299 0.785 0.663 0.05
0.304 0.31 0.178 0.05
0.304 0.414 0.939 0.05
0.309 0.578 0.494 0.05
0.313 0.076 0.429 0.05
0.329 0.122 0.81 0.05
0.331 0.616 0.382 0.05
0.339 0.135 0.525 0.05
0.348 0.577 0.093 0.05
0.352 0.173 0.31 0.05
0.356 0.573 0.216 0.05
0.357 0.783 0.921 0.05
0.358 0.872 0.451 0.05
0.359 0.644 0.796 0.05
0.365 0.835 0.081 0.05
0.365 0.888 0.555 0.05
0.376 0.926 0.882 0.05
0.377 0.32 0.5 0.05
0.38 0.908 0.727 0.05
0.383 0.598 0.68 0.05
0.384 0.694 0.111 0.05
0.388 0.754 0.822 0.05
0.39 0.419 0.527 0.05
0.394 0.759 0.415 0.05
0.399 0.333 0.626 0.05
0.401 0.482 0.258 0.05
0.415 0.086 0.595 0.05
0.419 0.684 0.596 0.05
0.42 0.215 0.221 0.05
0.424 0.295 0.817 0.05
0.425 0.214 0.659 0.05
0.433 0.397 0.812 0.05
0.443 0.698 0.905 0.05
0.443 0.775 0.29 0.05
0.447 0.871 0.182 0.05
0.464 0.487 0.652 0.05
0.469 0.063 0.684 0.05
0.469 0.33 0.944 0.05
0.471 0.166 0.941 0.05
0.473 0.587 0.468 0.05
0.478 0.281 0.081 0.05
0.486 0.907 0.44 0.05
0.496 0.194 0.302 0.05
0.496 0.301 0.542 0.05
0.499 0.888 0.694 0.05
0.501 0.755 0.77 0.05
0.502 0.369 0.397 0.05
0.51 0.413 0.881 0.05
0.524 0.316 0.796 0.05
0.524 0.823 0.367 0.05
0.525 0.464 0.277 0.05
0.527 0.584 0.75 0.05
0.537 0.132 0.804 0.05
0.546 0.317 0.671 0.05
0.546 0.599 0.234 0.05
0.547 0.8 0.594 0.05
0.557 0.208 0.704 0.05
0.561 0.669 0.313 0.05
0.564 0.227 0.056 0.05
0.566 0.122 0.161 0.05
0.571 0.745 0.476 0.05
0.575 0.547 0.573 0.05
0.579 0.317 0.891 0.05
0.586 0.519 0.076 0.05
0.591 0.876 0.48 0.05
0.593 0.549 0.366 0.05
0.598 0.078 0.313 0.05
0.616 0.172 0.412 0.05
0.616 0.405 0.503 0.05
0.623 0.135 0.563 0.05
0.624 0.334 0.321 0.05
0.624 0.727 0.186 0.05
0.628 0.616 0.493 0.05
0.632 0.51 0.255 0.05
0.641 0.726 0.829 0.05
0.642 0.414 0.826 0.05
0.643 0.805 0.398 0.05
0.646 0.914 0.784 0.05
0.647 0.938 0.243 0.05
0.649 0.716 0.065 0.05
0.655 0.407 0.147 0.05
0.656 0.595 0.898 0.05
0.659 0.108 0.788 0.05
0.664 0.679 0.666 0.05
0.665 0.182 0.246 0.05
0.667 0.365 0.72 0.05
0.669 0.233 0.337 0.05
0.677 0.486 0.593 0.05
0.683 0.463 0.376 0.05
0.685 0.564 0.056 0.05
0.691 0.144 0.056 0.05
0.698 0.874 0.938 0.05
0.701 0.317 0.473 0.05
0.702 0.804 0.508 0.05
0.71 0.445 0.933 0.05
0.716 0.387 0.268 0.05
0.717 0.825 0.678 0.05
0.72 0.218 0.576 0.05
0.734 0.514 0.242 0.05
0.737 0.647 0.24 0.05
0.747 0.657 0.882 0.05
0.75 0.851 0.195 0.05
0.771 0.787 0.116 0.05
0.776 0.775 0.787 0.05
0.777 0.089 0.094 0.05
0.777 0.49 0.715 0.05
0.778 0.051 0.315 0.05
0.781 0.684 0.598 0.05
0.783 0.252 0.279 0.05
0.784 0.149 0.671 0.05
0.785 0.083 0.516 0.05
0.786 0.624 0.504 0.05
0.788 0.946 0.068 0.05
0.793 0.917 0.665 0.05
0.793 0.92 0.301 0.05
0.81 0.676 0.093 0.05
0.814 0.303 0.051 0.05
0.816 0.09 0.914 0.05
0.819 0.828 0.615 0.05
0.822 0.665 0.368 0.05
0.827 0.564 0.076 0.05
0.828 0.295 0.465 0.05
0.839 0.547 0.329 0.05
0.845 0.342 0.279 0.05
0.85 0.549 0.196 0.05
0.855 0.541 0.583 0.05
0.855 0.922 0.434 0.05
0.857 0.859 0.836 0.05
0.862 0.846 0.726 0.05
0.868 0.613 0.761 0.05
0.869 0.352 0.865 0.05
0.869 0.364 0.667 0.05
0.881 0.229 0.198 0.05
0.886 0.135 0.248 0.05
0.889 0.786 0.054 0.05
0.891 0.726 0.531 0.05
0.892 0.06 0.522 0.05
0.896 0.185 0.836 0.05
0.898 0.24 0.553 0.05
0.911 0.372 0.449 0.05
0.921 0.863 0.177 0.05
0.927 0.662 0.071 0.05
0.938 0.442 0.604 0.05
0.94 0.553 0.431 0.05
0.943 0.1 0.423 0.05
0.945 0.229 0.702 0.05
0.948 0.612 0.687 0.05
