0.057 0.679 0.061 0.05
0.057 0.788 0.358 0.05
0.058 0.322 0.147 0.05
0.066 0.805 0.534 0.05
0.076 0.587 0.29 0.05
0.093 0.475 0.902 0.05
0.123 0.289 0.79 0.05
0.123 0.579 0.193 0.05
0.13 0.718 0.836 0.05
0.148 0.942 0.63 0.05
0.149 0.581 0.431 0.05
0.151 0.145 0.174 0.05
0.156 0.558 0.052 0.05
0.168 0.452 0.135 0.05
0.169 0.822 0.229 0.05
0.185 0.46 0.624 0.05
0.196 0.591 0.675 0.05
0.224 0.193 0.096 0.05
0.242 0.186 0.244 0.05
0.246 0.299 0.566 0.05
0.257 0.931 0.275 0.05
0.263 0.115 0.322 0.05
0.27 0.313 0.4 0.05
0.274 0.159 0.634 0.05
0.278 0.925 0.435 0.05
0.292 0.461 0.909 0.05
0.293 0.604 0.734 0.05
0.299 0.063 0.835 0.05
0.307 0.49 0.732 0.05
0.3425 0.271 0.502 0.05
0.331 0.751 0.66 0.05
0.338 0.456 0.225 0.05
0.355 0.774 0.055 0.05
0.356 0.932 0.758 0.05
0.36 0.146 0.732 0.05
0.37 0.084 0.23 0.05
0.399 0.937 0.188 0.05
0.401 0.639 0.428 0.05
0.405 0.475 0.814 0.05
0.416 0.284 0.323 0.05
0.42 0.903 0.087 0.05
0.447 0.873 0.822 0.05
0.453 0.109 0.578 0.05
0.455 0.457 0.518 0.05
0.47 0.782 0.228 0.05
0.472 0.822 0.561 0.05
0.489 0.071 0.057 0.05
0.489 0.122 0.726 0.05
0.503 0.271 0.776 0.05
0.505 0.503 0.737 0.05
0.52 0.402 0.26 0.05
0.527 0.654 0.906 0.05
0.538 0.707 0.145 0.05
0.542 0.524 0.633 0.05
0.555 0.522 0.865 0.05
0.555 0.638 0.472 0.05
0.573 0.65 0.811 0.05
0.585 0.367 0.46 0.05
0.589 0.863 0.549 0.05
0.624 0.249 0.894 0.05
0.624 0.926 0.875 0.05
0.639 0.822 0.39 0.05
0.669 0.861 0.156 0.05
0.672 0.517 0.481 0.05
0.692 0.43 0.237 0.05
0.698 0.103 0.835 0.05
0.712 0.483 0.076 0.05
0.726 0.617 0.461 0.05
0.736 0.378 0.081 0.05
0.742 0.368 0.83 0.05
0.75 0.108 0.103 0.05
0.75 0.244 0.827 0.05
0.761 0.255 0.676 0.05
0.782 0.827 0.657 0.05
0.798 0.539 0.461 0.05
0.804 0.772 0.233 0.05
0.822 0.451 0.267 0.05
0.829 0.082 0.578 0.05
0.831 0.615 0.174 0.05
0.837 0.71 0.34 0.05
0.854 0.138 0.083 0.05
0.883 0.907 0.548 0.05
0.884 0.689 0.789 0.05
0.892 0.285 0.533 0.05
0.899 0.53 0.423 0.05
0.911 0.811 0.162 0.05
0.927 0.124 0.359 0.05
0.933 0.219 0.145 0.05
0.946 0.112 0.615 0.05
