0.051 0.702 0.821 0.05
0.066 0.76 0.698 0.05
0.068 0.911 0.765 0.05
0.07 0.388 0.647 0.05
0.08 0.091 0.487 0.05
0.088 0.153 0.657 0.05
0.092 0.126 0.065 0.05
0.092 0.514 0.373 0.05
0.105 0.756 0.45 0.05
0.109 0.471 0.489 0.05
0.11 0.53 0.869 0.05
0.112 0.307 0.545 0.05
0.116 0.665 0.271 0.05
0.118 0.421 0.884 0.05
0.119 0.196 0.404 0.05
0.121 0.073 0.15 0.05
0.121 0.948 0.056 0.05
0.122 0.824 0.281 0.05
0.123 0.62 0.628 0.05
0.129 0.4 0.115 0.05
0.134 0.339 0.305 0.05
0.137 0.144 0.277 0.05
0.151 0.557 0.757 0.05
0.152 0.276 0.681 0.05
0.161 0.787 0.55 0.05
0.162 0.141 0.836 0.05
0.162 0.76 0.103 0.05
0.166 0.228 0.057 0.05
0.172 0.945 0.671 0.05
0.18 0.683 0.408 0.05
0.195 0.47 0.253 0.05
0.199 0.362 0.861 0.05
0.201 0.732 0.915 0.05
0.203 0.339 0.502 0.05
0.209 0.592 0.196 0.05
0.221 0.66 0.085 0.05
0.266 0.8935 0.0895 0.05
0.227 0.81 0.736 0.05
0.228 0.155 0.558 0.05
0.235 0.587 0.56 0.05
0.236 0.854 0.407 0.05
0.239 0.17 0.451 0.05
0.239 0.191 0.267 0.05
0.239 0.343 0.08 0.05
0.256 0.637 0.812 0.05
0.258 0.38 0.583 0.05
0.26 0.549 0.329 0.05
0.263 0.798 0.839 0.05
0.269 0.431 0.781 0.05
0.269 0.789 0.165 0.05
0.281 0.069 0.231 0.05
0.285 0.056 0.58 0.05
0.285 0.109 0.688 0.05
0.298 0.417 0.484 0.05
0.304 0.065 0.096 0.05
0.305 0.212 0.766 0.05
0.311 0.556 0.237 0.05
0.327 0.517 0.93 0.05
0.339 0.842 0.768 0.05
0.342 0.403 0.67 0.05
0.344 0.247 0.116 0.05
0.344 0.261 0.514 0.05
0.344 0.661 0.946 0.05
0.36 0.919 0.514 0.05
0.374 0.542 0.133 0.05
0.386 0.753 0.209 0.05
0.389 0.538 0.319 0.05
0.392 0.162 0.4 0.05
0.409 0.097 0.838 0.05
0.415 0.497 0.722 0.05
0.416 0.417 0.789 0.05
0.419 0.276 0.416 0.05
0.42 0.571 0.577 0.05
0.422 0.188 0.747 0.05
0.43 0.617 0.431 0.05
0.435 0.101 0.273 0.05
0.435 0.335 0.13 0.05
0.437 0.31 0.535 0.05
0.44 0.435 0.218 0.05
0.441 0.628 0.1 0.05
0.455 0.804 0.404 0.05
0.456 0.637 0.731 0.05
0.457 0.921 0.604 0.05
0.458 0.32 0.306 0.05
0.463 0.779 0.847 0.05
0.465 0.257 0.66 0.05
0.465 0.809 0.548 0.05
0.472 0.316 0.8 0.05
0.472 0.479 0.636 0.05
0.477 0.246 0.921 0.05
0.498 0.498 0.81 0.05
0.5 0.925 0.768 0.05
0.5 0.932 0.277 0.05
0.512 0.127 0.521 0.05
0.516 0.566 0.943 0.05
0.528 0.936 0.496 0.05
0.539 0.064 0.137 0.05
0.54 0.103 0.873 0.05
0.542 0.158 0.677 0.05
0.544 0.052 0.64 0.05
0.551 0.424 0.307 0.05
0.553 0.382 0.905 0.05
0.562 0.879 0.638 0.05
0.569 0.314 0.14 0.05
0.573 0.87 0.099 0.05
0.575 0.223 0.842 0.05
0.577 0.283 0.928 0.05
0.581 0.622 0.479 0.05
0.584 0.607 0.753 0.05
0.59 0.305 0.353 0.05
0.595 0.5 0.755 0.05
0.601 0.501 0.122 0.05
0.601 0.859 0.48 0.05
0.632 0.806 0.923 0.05
0.643 0.297 0.81 0.05
0.645 0.416 0.084 0.05
0.648 0.781 0.737 0.05
0.659 0.36 0.701 0.05
0.667 0.595 0.071 0.05
0.669 0.888 0.151 0.05
0.675 0.907 0.82 0.05
0.68 0.73 0.078 0.05
0.693 0.654 0.889 0.05
0.697 0.191 0.853 0.05
0.697 0.32 0.526 0.05
0.701 0.532 0.214 0.05
0.7265 0.6385 0.788 0.05
0.706 0.725 0.466 0.05
0.725 0.143 0.125 0.05
0.726 0.496 0.495 0.05
0.728 0.403 0.41 0.05
0.73 0.243 0.587 0.05
0.733 0.914 0.536 0.05
0.735 0.454 0.932 0.05
0.735 0.895 0.937 0.05
0.737 0.652 0.268 0.05
0.739 0.899 0.074 0.05
0.743 0.313 0.22 0.05
0.773 0.244 0.091 0.05
0.773 0.405 0.839 0.05
0.773 0.814 0.362 0.05
0.776 0.122 0.553 0.05
0.776 0.202 0.738 0.05
0.777 0.721 0.129 0.05
0.799 0.309 0.658 0.05
0.8 0.096 0.76 0.05
0.809 0.358 0.519 0.05
0.818 0.542 0.282 0.05
0.821 0.688 0.403 0.05
0.821 0.793 0.767 0.05
0.823 0.233 0.195 0.05
0.823 0.533 0.409 0.05
0.851 0.863 0.133 0.05
0.853 0.749 0.237 0.05
0.856 0.086 0.185 0.05
0.859 0.883 0.272 0.05
0.861 0.103 0.631 0.05
0.867 0.317 0.4 0.05
0.868 0.147 0.424 0.05
0.876 0.913 0.475 0.05
0.88 0.436 0.394 0.05
0.882 0.882 0.671 0.05
0.888 0.23 0.889 0.05
0.891 0.642 0.631 0.05
0.894 0.516 0.727 0.05
0.901 0.353 0.166 0.05
0.91 0.18 0.752 0.05
0.91 0.77 0.453 0.05
0.912 0.262 0.243 0.05
0.92 0.352 0.668 0.05
0.926 0.789 0.117 0.05
0.927 0.307 0.817 0.05
0.928 0.624 0.201 0.05
0.931 0.491 0.849 0.05
0.935 0.652 0.45 0.05
0.938 0.343 0.538 0.05
0.943 0.864 0.389 0.05
0.947 0.812 0.892 0.05
