0.051 0.449 0.15 0.05
0.051 0.567 0.187 0.05
0.06 0.85 0.069 0.05
0.06 0.934 0.807 0.05
0.075 0.327 0.076 0.05
0.077 0.384 0.64 0.05
0.085 0.2385 0.3135 0.05
0.079 0.848 0.496 0.05
0.081 0.591 0.529 0.05
0.089 0.702 0.574 0.05
0.093 0.769 0.794 0.05
0.094 0.393 0.26 0.05
0.095 0.131 0.103 0.05
0.105 0.366 0.895 0.05
0.106 0.278 0.655 0.05
0.107 0.374 0.417 0.05
0.109 0.657 0.273 0.05
0.11 0.674 0.09 0.05
0.116 0.381 0.524 0.05
0.121 0.907 0.684 0.05
0.13 0.939 0.215 0.05
0.132 0.515 0.136 0.05
0.141 0.104 0.717 0.05
0.142 0.902 0.906 0.05
0.143 0.944 0.106 0.05
0.145 0.091 0.607 0.05
0.146 0.578 0.375 0.05
0.15 0.778 0.217 0.05
0.151 0.504 0.588 0.05
0.158 0.109 0.265 0.05
0.163 0.319 0.296 0.05
0.165 0.448 0.755 0.05
0.169 0.649 0.76 0.05
0.172 0.761 0.414 0.05
0.177 0.776 0.702 0.05
0.178 0.055 0.408 0.05
0.2 0.248 0.844 0.05
0.204 0.719 0.307 0.05
0.206 0.573 0.083 0.05
0.206 0.663 0.412 0.05
0.209 0.349 0.676 0.05
0.209 0.624 0.665 0.05
0.21 0.151 0.465 0.05
0.214 0.773 0.819 0.05
0.2575 0.384 0.9045 0.05
0.224 0.933 0.65 0.05
0.225 0.522 0.938 0.05
0.227 0.914 0.244 0.05
0.231 0.279 0.362 0.05
0.241 0.244 0.072 0.05
0.245 0.469 0.176 0.05
0.25 0.173 0.309 0.05
0.252 0.938 0.377 0.05
0.253 0.254 0.715 0.05
0.256 0.438 0.546 0.05
0.257 0.27 0.483 0.05
0.257 0.389 0.303 0.05
0.26 0.33 0.2 0.05
0.26 0.522 0.307 0.05
0.26 0.561 0.839 0.05
0.262 0.112 0.702 0.05
0.272 0.668 0.919 0.05
0.272 0.893 0.053 0.05
0.273 0.858 0.488 0.05
0.273 0.935 0.866 0.05
0.279 0.258 0.583 0.05
0.285 0.36 0.759 0.05
0.285 0.786 0.4 0.05
0.286 0.521 0.619 0.05
0.287 0.085 0.137 0.05
0.293 0.207 0.182 0.05
0.298 0.067 0.379 0.05
0.299 0.704 0.585 0.05
0.304 0.141 0.82 0.05
0.305 0.758 0.267 0.05
0.31 0.756 0.118 0.05
0.311 0.772 0.686 0.05
0.323 0.466 0.722 0.05
0.331 0.66 0.057 0.05
0.333 0.57 0.501 0.05
0.333 0.588 0.391 0.05
0.334 0.096 0.535 0.05
0.337 0.191 0.054 0.05
0.337 0.25 0.364 0.05
0.339 0.825 0.905 0.05
0.339 0.856 0.576 0.05
0.341 0.056 0.275 0.05
0.342 0.298 0.878 0.05
0.35 0.422 0.081 0.05
0.363 0.196 0.491 0.05
0.365 0.369 0.416 0.05
0.378 0.139 0.377 0.05
0.383 0.756 0.804 0.05
0.386 0.88 0.195 0.05
0.391 0.126 0.197 0.05
0.394 0.306 0.755 0.05
0.398 0.427 0.642 0.05
0.4 0.922 0.333 0.05
0.403 0.693 0.581 0.05
0.409 0.124 0.902 0.05
0.411 0.421 0.908 0.05
0.414 0.497 0.337 0.05
0.422 0.519 0.543 0.05
0.424 0.303 0.247 0.05
0.426 0.076 0.688 0.05
0.427 0.753 0.113 0.05
0.43 0.339 0.583 0.05
0.435 0.408 0.279 0.05
0.438 0.521 0.697 0.05
0.447 0.816 0.637 0.05
0.448 0.622 0.222 0.05
0.45 0.447 0.117 0.05
0.452 0.942 0.936 0.05
0.457 0.541 0.804 0.05
0.458 0.811 0.903 0.05
0.475 0.219 0.364 0.05
0.478 0.346 0.861 0.05
0.485 0.1 0.064 0.05
0.486 0.106 0.348 0.05
0.486 0.422 0.699 0.05
0.493 0.172 0.255 0.05
0.495 0.911 0.712 0.05
0.497 0.812 0.408 0.05
0.498 0.686 0.697 0.05
0.51 0.873 0.294 0.05
0.511 0.673 0.382 0.05
0.514 0.685 0.873 0.05
0.517 0.555 0.146 0.05
0.521 0.237 0.847 0.05
0.524 0.441 0.23 0.05
0.5725 0.814 0.849 0.05
0.539 0.083 0.931 0.05
0.54 0.215 0.467 0.05
0.542 0.877 0.571 0.05
0.545 0.309 0.237 0.05
0.548 0.889 0.927 0.05
0.55 0.407 0.594 0.05
0.552 0.287 0.739 0.05
0.556 0.657 0.582 0.05
0.559 0.619 0.302 0.05
0.56 0.576 0.758 0.05
0.567 0.147 0.104 0.05
0.57 0.084 0.764 0.05
0.579 0.443 0.468 0.05
0.579 0.815 0.157 0.05
0.584 0.742 0.645 0.05
0.589 0.427 0.876 0.05
0.599 0.179 0.647 0.05
0.599 0.835 0.387 0.05
0.6 0.911 0.112 0.05
0.603 0.628 0.902 0.05
0.606 0.252 0.32 0.05
0.607 0.366 0.072 0.05
0.609 0.622 0.079 0.05
0.61 0.369 0.31 0.05
0.626 0.055 0.607 0.05
0.633 0.226 0.853 0.05
0.633 0.527 0.637 0.05
0.639 0.708 0.511 0.05
0.641 0.319 0.505 0.05
0.658 0.176 0.39 0.05
0.658 0.947 0.81 0.05
0.66 0.614 0.805 0.05
0.662 0.32 0.78 0.05
0.663 0.77 0.323 0.05
0.669 0.237 0.056 0.05
0.674 0.501 0.739 0.05
0.685 0.065 0.236 0.05
0.691 0.16 0.159 0.05
0.695 0.6 0.214 0.05
0.703 0.557 0.927 0.05
0.705 0.432 0.434 0.05
0.709 0.202 0.772 0.05
0.709 0.879 0.191 0.05
0.711 0.206 0.489 0.05
0.717 0.421 0.872 0.05
0.717 0.836 0.09 0.05
0.728 0.58 0.433 0.05
0.735 0.693 0.255 0.05
0.74 0.947 0.506 0.05
0.745 0.152 0.054 0.05
0.747 0.68 0.626 0.05
0.754 0.527 0.057 0.05
0.763 0.756 0.78 0.05
0.772 0.306 0.347 0.05
0.773 0.114 0.663 0.05
0.775 0.395 0.171 0.05
0.775 0.742 0.916 0.05
0.778 0.595 0.748 0.05
0.778 0.886 0.598 0.05
0.783 0.48 0.273 0.05
0.789 0.288 0.578 0.05
0.793 0.067 0.53 0.05
0.794 0.365 0.922 0.05
0.797 0.493 0.471 0.05
0.807 0.853 0.924 0.05
0.811 0.466 0.604 0.05
0.817 0.634 0.431 0.05
0.822 0.641 0.847 0.05
0.823 0.872 0.258 0.05
0.826 0.658 0.075 0.05
0.828 0.887 0.105 0.05
0.834 0.548 0.891 0.05
0.838 0.941 0.417 0.05
0.844 0.208 0.055 0.05
0.845 0.822 0.436 0.05
0.848 0.559 0.099 0.05
0.848 0.778 0.632 0.05
0.853 0.139 0.469 0.05
0.866 0.054 0.82 0.05
0.8665 0.298 0.731 0.05
0.868 0.15 0.188 0.05
0.883 0.36 0.257 0.05
0.883 0.57 0.601 0.05
0.884 0.158 0.681 0.05
0.897 0.929 0.935 0.05
0.9 0.394 0.147 0.05
0.903 0.54 0.292 0.05
0.912 0.466 0.549 0.05
0.917 0.097 0.544 0.05
0.92 0.889 0.19 0.05
0.924 0.714 0.401 0.05
0.926 0.338 0.926 0.05
0.934 0.675 0.211 0.05
0.936 0.147 0.939 0.05
0.939 0.287 0.344 0.05
0.939 0.873 0.755 0.05
0.941 0.482 0.664 0.05
0.945 0.782 0.492 0.05
0.948 0.488 0.384 0.05
