0.052 0.056 0.648 0.05
0.053 0.545 0.128 0.05
0.054 0.061 0.883 0.05
0.054 0.099 0.531 0.05
0.054 0.922 0.666 0.05
0.06 0.298 0.34 0.05
0.06 0.606 0.268 0.05
0.061 0.269 0.944 0.05
0.062 0.339 0.197 0.05
0.062 0.408 0.38 0.05
0.064 0.478 0.549 0.05
0.08 0.668 0.665 0.05
0.083 0.419 0.67 0.05
0.091 0.41 0.089 0.05
0.091 0.792 0.452 0.05
0.097 0.168 0.287 0.05
0.1 0.301 0.704 0.05
0.1 0.931 0.277 0.05
0.107 0.357 0.909 0.05
0.108 0.651 0.415 0.05
0.115 0.526 0.794 0.05
0.124 0.914 0.38 0.05
0.125 0.726 0.102 0.05
0.135 0.313 0.6 0.05
0.136 0.698 0.569 0.05
0.137 0.263 0.858 0.05
0.137 0.517 0.353 0.05
0.14 0.405 0.512 0.05
0.142 0.213 0.553 0.05
0.145 0.531 0.659 0.05
0.15 0.817 0.278 0.05
0.152 0.865 0.854 0.05
0.153 0.455 0.239 0.05
0.159 0.598 0.186 0.05
0.164 0.095 0.747 0.05
0.166 0.11 0.529 0.05
0.172 0.147 0.861 0.05
0.174 0.164 0.086 0.05
0.178 0.705 0.855 0.05
0.182 0.249 0.449 0.05
0.182 0.933 0.578 0.05
0.183 0.703 0.274 0.05
0.184 0.308 0.303 0.05
0.186 0.916 0.12 0.05
0.189 0.605 0.771 0.05
0.193 0.56 0.926 0.05
0.194 0.592 0.474 0.05
0.2 0.06 0.26 0.05
0.2 0.192 0.64 0.05
0.202 0.702 0.402 0.05
0.207 0.073 0.625 0.05
0.21 0.161 0.391 0.05
0.212 0.446 0.587 0.05
0.212 0.462 0.84 0.05
0.215 0.072 0.117 0.05
0.217 0.441 0.128 0.05
0.225 0.692 0.166 0.05
0.228 0.886 0.283 0.05
0.229 0.551 0.288 0.05
0.23 0.439 0.396 0.05
0.236 0.051 0.445 0.05
0.241 0.322 0.55 0.05
0.248 0.347 0.183 0.05
0.248 0.771 0.548 0.05
0.253 0.28 0.724 0.05
0.256 0.525 0.657 0.05
0.258 0.303 0.084 0.05
0.258 0.906 0.437 0.05
0.264 0.661 0.595 0.05
0.267 0.412 0.298 0.05
0.268 0.824 0.765 0.05
0.269 0.476 0.484 0.05
0.27 0.396 0.684 0.05
0.27 0.834 0.161 0.05
0.273 0.582 0.12 0.05
0.281 0.867 0.582 0.05
0.283 0.218 0.578 0.05
0.284 0.123 0.788 0.05
0.285 0.913 0.869 0.05
0.288 0.772 0.894 0.05
0.295 0.747 0.421 0.05
0.297 0.711 0.709 0.05
0.299 0.204 0.27 0.05
0.304 0.478 0.056 0.05
0.308 0.408 0.889 0.05
0.311 0.758 0.26 0.05
0.312 0.3 0.334 0.05
0.321 0.547 0.901 0.05
0.322 0.598 0.518 0.05
0.325 0.157 0.142 0.05
0.332 0.111 0.44 0.05
0.332 0.458 0.757 0.05
0.335 0.578 0.348 0.05
0.34 0.3 0.817 0.05
0.3555 0.4155 0.2075 0.05
0.351 0.213 0.425 0.05
0.352 0.939 0.26 0.05
0.354 0.685 0.831 0.05
0.3995 0.099 0.652 0.05
0.361 0.806 0.703 0.05
0.364 0.824 0.43 0.05
0.37 0.374 0.381 0.05
0.377 0.143 0.942 0.05
0.377 0.437 0.59 0.05
0.378 0.686 0.45 0.05
0.385 0.336 0.696 0.05
0.39 0.628 0.162 0.05
0.39 0.863 0.918 0.05
0.393 0.393 0.948 0.05
0.395 0.458 0.839 0.05
0.396 0.083 0.283 0.05
0.401 0.303 0.536 0.05
0.403 0.908 0.513 0.05
0.407 0.665 0.335 0.05
0.41 0.847 0.271 0.05
0.412 0.926 0.804 0.05
0.42 0.192 0.234 0.05
0.421 0.172 0.816 0.05
0.424 0.527 0.739 0.05
0.427 0.666 0.925 0.05
0.43 0.65 0.681 0.05
0.438 0.684 0.541 0.05
0.443 0.163 0.339 0.05
0.443 0.45 0.299 0.05
0.445 0.348 0.078 0.05
0.445 0.787 0.193 0.05
0.449 0.918 0.334 0.05
0.451 0.519 0.216 0.05
0.452 0.128 0.469 0.05
0.453 0.475 0.123 0.05
0.456 0.467 0.454 0.05
0.457 0.219 0.572 0.05
0.467 0.323 0.817 0.05
0.474 0.772 0.081 0.05
0.475 0.071 0.859 0.05
0.476 0.702 0.802 0.05
0.494 0.702 0.406 0.05
0.498 0.067 0.098 0.05
0.498 0.787 0.292 0.05
0.505 0.076 0.301 0.05
0.51 0.4 0.605 0.05
0.512 0.36 0.272 0.05
0.515 0.58 0.834 0.05
0.529 0.26 0.097 0.05
0.529 0.536 0.482 0.05
0.53 0.118 0.564 0.05
0.534 0.896 0.911 0.05
0.537 0.551 0.169 0.05
0.537 0.866 0.106 0.05
0.541 0.679 0.315 0.05
0.542 0.189 0.811 0.05
0.543 0.26 0.704 0.05
0.544 0.604 0.7 0.05
0.549 0.286 0.443 0.05
0.55 0.515 0.29 0.05
0.554 0.228 0.196 0.05
0.555 0.308 0.94 0.05
0.556 0.36 0.775 0.05
0.559 0.708 0.678 0.05
0.559 0.945 0.353 0.05
0.56 0.927 0.633 0.05
0.564 0.448 0.438 0.05
0.565 0.803 0.862 0.05
0.567 0.631 0.495 0.05
0.571 0.476 0.918 0.05
0.588 0.752 0.561 0.05
0.596 0.834 0.216 0.05
0.603 0.355 0.102 0.05
0.604 0.415 0.657 0.05
0.609 0.082 0.842 0.05
0.613 0.723 0.375 0.05
0.615 0.182 0.901 0.05
0.619 0.531 0.78 0.05
0.619 0.623 0.838 0.05
0.632 0.154 0.102 0.05
0.634 0.826 0.621 0.05
0.634 0.932 0.14 0.05
0.637 0.188 0.305 0.05
0.639 0.69 0.213 0.05
0.642 0.626 0.118 0.05
0.645 0.232 0.546 0.05
0.648 0.463 0.067 0.05
0.649 0.35 0.553 0.05
0.651 0.646 0.599 0.05
0.653 0.277 0.818 0.05
0.654 0.218 0.43 0.05
0.666 0.108 0.41 0.05
0.668 0.507 0.315 0.05
0.669 0.929 0.39 0.05
0.67 0.121 0.198 0.05
0.672 0.572 0.699 0.05
0.677 0.854 0.515 0.05
0.679 0.92 0.82 0.05
0.68 0.356 0.262 0.05
0.682 0.437 0.766 0.05
0.686 0.541 0.214 0.05
0.692 0.822 0.757 0.05
0.693 0.425 0.48 0.05
0.693 0.701 0.461 0.05
0.695 0.804 0.179 0.05
0.697 0.235 0.115 0.05
0.698 0.106 0.897 0.05
0.698 0.622 0.355 0.05
0.701 0.712 0.891 0.05
0.702 0.451 0.636 0.05
0.709 0.323 0.431 0.05
0.712 0.138 0.529 0.05
0.712 0.295 0.657 0.05
0.719 0.838 0.278 0.05
0.724 0.423 0.17 0.05
0.725 0.587 0.831 0.05
0.729 0.651 0.174 0.05
0.732 0.684 0.732 0.05
0.739 0.615 0.541 0.05
0.741 0.562 0.932 0.05
0.744 0.099 0.688 0.05
0.751 0.343 0.1 0.05
0.756 0.368 0.875 0.05
0.757 0.943 0.695 0.05
0.762 0.87 0.587 0.05
0.765 0.085 0.43 0.05
0.766 0.329 0.557 0.05
0.78 0.167 0.347 0.05
0.784 0.936 0.172 0.05
0.785 0.809 0.868 0.05
0.829 0.1365 0.841 0.05
0.793 0.78 0.39 0.05
0.797 0.581 0.739 0.05
0.801 0.727 0.076 0.05
0.804 0.26 0.211 0.05
0.806 0.672 0.641 0.05
0.81 0.495 0.232 0.05
0.811 0.161 0.494 0.05
0.812 0.361 0.736 0.05
0.812 0.926 0.81 0.05
0.818 0.884 0.452 0.05
0.822 0.707 0.316 0.05
0.825 0.277 0.436 0.05
0.83 0.201 0.677 0.05
0.837 0.821 0.756 0.05
0.839 0.938 0.362 0.05
0.844 0.533 0.127 0.05
0.845 0.367 0.331 0.05
0.845 0.948 0.604 0.05
0.849 0.255 0.337 0.05
0.852 0.455 0.855 0.05
0.855 0.851 0.17 0.05
0.861 0.725 0.902 0.05
0.862 0.485 0.651 0.05
0.865 0.056 0.177 0.05
0.868 0.084 0.286 0.05
0.869 0.274 0.812 0.05
0.871 0.304 0.115 0.05
0.876 0.058 0.636 0.05
0.878 0.442 0.174 0.05
0.881 0.516 0.422 0.05
0.881 0.827 0.337 0.05
0.884 0.622 0.686 0.05
0.901 0.5385 0.3115 0.05
0.889 0.559 0.836 0.05
0.89 0.734 0.204 0.05
0.894 0.434 0.063 0.05
0.901 0.313 0.699 0.05
0.901 0.393 0.945 0.05
0.913 0.337 0.585 0.05
0.915 0.825 0.642 0.05
0.92 0.729 0.53 0.05
0.922 0.054 0.437 0.05
0.922 0.929 0.115 0.05
0.923 0.529 0.933 0.05
0.924 0.36 0.265 0.05
0.925 0.187 0.586 0.05
0.927 0.079 0.095 0.05
0.927 0.652 0.125 0.05
0.932 0.943 0.305 0.05
0.933 0.166 0.726 0.05
0.936 0.147 0.229 0.05
0.937 0.669 0.426 0.05
0.937 0.713 0.293 0.05
0.937 0.847 0.889 0.05
0.941 0.837 0.514 0.05
0.945 0.825 0.741 0.05
0.945 0.895 0.414 0.05
0.946 0.498 0.554 0.05
