0.059 0.813 0.697 0.05
0.061 0.565 0.639 0.05
0.066 0.502 0.175 0.05
0.066 0.751 0.917 0.05
0.066 0.894 0.469 0.05
0.071 0.537 0.882 0.05
0.074 0.159 0.89 0.05
0.074 0.437 0.486 0.05
0.074 0.641 0.217 0.05
0.075 0.059 0.402 0.05
0.076 0.234 0.747 0.05
0.077 0.509 0.313 0.05
0.077 0.663 0.08 0.05
0.078 0.3 0.602 0.05
0.08 0.812 0.337 0.05
0.082 0.599 0.453 0.05
0.084 0.452 0.782 0.05
0.086 0.278 0.851 0.05
0.087 0.744 0.807 0.05
0.088 0.339 0.111 0.05
0.091 0.12 0.65 0.05
0.095 0.885 0.093 0.05
0.096 0.186 0.386 0.05
0.096 0.696 0.687 0.05
0.1415 0.888 0.563 0.05
0.1 0.348 0.4 0.05
0.101 0.17 0.52 0.05
0.102 0.188 0.226 0.05
0.105 0.231 0.067 0.05
0.107 0.306 0.26 0.05
0.107 0.858 0.239 0.05
0.112 0.653 0.561 0.05
0.119 0.579 0.78 0.05
0.122 0.874 0.921 0.05
0.128 0.421 0.645 0.05
0.129 0.729 0.25 0.05
0.132 0.528 0.052 0.05
0.136 0.152 0.765 0.05
0.148 0.077 0.316 0.05
0.157 0.085 0.911 0.05
0.157 0.459 0.925 0.05
0.161 0.916 0.655 0.05
0.163 0.541 0.647 0.05
0.164 0.945 0.204 0.05
0.167 0.214 0.307 0.05
0.167 0.745 0.937 0.05
0.167 0.748 0.51 0.05
0.17 0.222 0.457 0.05
0.171 0.571 0.29 0.05
0.172 0.283 0.151 0.05
0.22 0.915 0.8145 0.05
0.175 0.329 0.673 0.05
0.184 0.189 0.887 0.05
0.184 0.315 0.518 0.05
0.184 0.427 0.799 0.05
0.186 0.805 0.164 0.05
0.188 0.631 0.38 0.05
0.191 0.946 0.07 0.05
0.192 0.775 0.065 0.05
0.195 0.765 0.826 0.05
0.198 0.54 0.487 0.05
0.198 0.631 0.884 0.05
0.202 0.083 0.555 0.05
0.208 0.439 0.143 0.05
0.209 0.623 0.061 0.05
0.2615 0.795 0.5855 0.05
0.245 0.268 0.855 0.05
0.217 0.139 0.169 0.05
0.218 0.833 0.721 0.05
0.22 0.405 0.573 0.05
0.248 0.8915 0.2915 0.05
0.221 0.066 0.678 0.05
0.231 0.747 0.378 0.05
0.237 0.596 0.21 0.05
0.24 0.256 0.622 0.05
0.251 0.375 0.22 0.05
0.251 0.62 0.616 0.05
0.255 0.462 0.304 0.05
0.257 0.473 0.711 0.05
0.263 0.928 0.639 0.05
0.271 0.077 0.478 0.05
0.271 0.104 0.28 0.05
0.271 0.225 0.347 0.05
0.271 0.698 0.094 0.05
0.273 0.657 0.805 0.05
0.28 0.72 0.676 0.05
0.281 0.23 0.496 0.05
0.282 0.586 0.364 0.05
0.283 0.339 0.059 0.05
0.285 0.464 0.895 0.05
0.293 0.877 0.141 0.05
0.295 0.155 0.698 0.05
0.297 0.675 0.513 0.05
0.306 0.552 0.073 0.05
0.308 0.084 0.134 0.05
0.308 0.876 0.406 0.05
0.309 0.091 0.783 0.05
0.313 0.122 0.89 0.05
0.316 0.075 0.588 0.05
0.323 0.574 0.948 0.05
0.329 0.2 0.216 0.05
0.332 0.42 0.478 0.05
0.333 0.31 0.295 0.05
0.337 0.797 0.937 0.05
0.341 0.411 0.672 0.05
0.342 0.276 0.129 0.05
0.346 0.792 0.713 0.05
0.348 0.177 0.057 0.05
0.357 0.77 0.123 0.05
0.359 0.528 0.407 0.05
0.359 0.73 0.325 0.05
0.36 0.629 0.185 0.05
0.363 0.942 0.778 0.05
0.371 0.527 0.554 0.05
0.374 0.483 0.819 0.05
0.378 0.255 0.796 0.05
0.383 0.372 0.081 0.05
0.384 0.515 0.199 0.05
0.385 0.676 0.659 0.05
0.385 0.818 0.839 0.05
0.386 0.074 0.27 0.05
0.39 0.218 0.539 0.05
0.391 0.46 0.93 0.05
0.392 0.217 0.9 0.05
0.397 0.63 0.285 0.05
0.398 0.864 0.143 0.05
0.4 0.935 0.653 0.05
0.402 0.315 0.371 0.05
0.403 0.053 0.108 0.05
0.406 0.416 0.392 0.05
0.407 0.144 0.395 0.05
0.411 0.083 0.895 0.05
0.412 0.709 0.76 0.05
0.413 0.775 0.621 0.05
0.414 0.47 0.058 0.05
0.417 0.848 0.388 0.05
0.419 0.219 0.677 0.05
0.42 0.575 0.062 0.05
0.422 0.128 0.501 0.05
0.424 0.229 0.319 0.05
0.431 0.424 0.192 0.05
0.438 0.413 0.586 0.05
0.446 0.601 0.417 0.05
0.448 0.12 0.783 0.05
0.448 0.257 0.16 0.05
0.454 0.299 0.497 0.05
0.466 0.341 0.722 0.05
0.467 0.31 0.604 0.05
0.467 0.504 0.682 0.05
0.475 0.585 0.525 0.05
0.477 0.613 0.182 0.05
0.478 0.881 0.579 0.05
0.483 0.155 0.628 0.05
0.484 0.721 0.289 0.05
0.485 0.858 0.261 0.05
0.485 0.873 0.722 0.05
0.491 0.527 0.356 0.05
0.497 0.062 0.053 0.05
0.499 0.882 0.108 0.05
0.5 0.53 0.924 0.05
0.5235 0.707 0.5915 0.05
0.512 0.496 0.795 0.05
0.519 0.301 0.901 0.05
0.519 0.363 0.424 0.05
0.52 0.489 0.466 0.05
0.521 0.091 0.315 0.05
0.522 0.932 0.86 0.05
0.523 0.755 0.931 0.05
0.528 0.528 0.138 0.05
0.528 0.764 0.193 0.05
0.531 0.183 0.909 0.05
0.532 0.226 0.795 0.05
0.532 0.258 0.365 0.05
0.533 0.108 0.138 0.05
0.534 0.824 0.854 0.05
0.542 0.39 0.32 0.05
0.545 0.203 0.231 0.05
0.547 0.729 0.721 0.05
0.554 0.151 0.424 0.05
0.554 0.612 0.861 0.05
0.558 0.107 0.733 0.05
0.56 0.55 0.659 0.05
0.561 0.934 0.51 0.05
0.567 0.609 0.252 0.05
0.575 0.697 0.456 0.05
0.58 0.266 0.067 0.05
0.581 0.933 0.163 0.05
0.583 0.626 0.107 0.05
0.586 0.44 0.539 0.05
0.586 0.472 0.922 0.05
0.589 0.846 0.369 0.05
0.6 0.397 0.722 0.05
0.616 0.607 0.486 0.05
0.618 0.312 0.254 0.05
0.619 0.211 0.496 0.05
0.621 0.243 0.608 0.05
0.622 0.392 0.138 0.05
0.622 0.686 0.641 0.05
0.622 0.696 0.315 0.05
0.623 0.728 0.163 0.05
0.627 0.288 0.858 0.05
0.627 0.943 0.391 0.05
0.629 0.48 0.227 0.05
0.63 0.299 0.74 0.05
0.631 0.131 0.066 0.05
0.631 0.74 0.821 0.05
0.633 0.2 0.144 0.05
0.633 0.817 0.559 0.05
0.636 0.464 0.443 0.05
0.636 0.822 0.103 0.05
0.638 0.851 0.461 0.05
0.643 0.253 0.398 0.05
0.644 0.565 0.929 0.05
0.644 0.946 0.875 0.05
0.651 0.811 0.708 0.05
0.656 0.349 0.548 0.05
0.66 0.581 0.691 0.05
0.66 0.711 0.93 0.05
0.662 0.783 0.262 0.05
0.663 0.096 0.697 0.05
0.669 0.699 0.51 0.05
0.671 0.367 0.359 0.05
0.68 0.122 0.559 0.05
0.681 0.385 0.841 0.05
0.688 0.098 0.167 0.05
0.691 0.912 0.252 0.05
0.693 0.539 0.321 0.05
0.699 0.91 0.755 0.05
0.702 0.132 0.945 0.05
0.703 0.123 0.828 0.05
0.705 0.347 0.054 0.05
0.71 0.445 0.722 0.05
0.7335 0.186 0.342 0.05
0.712 0.788 0.878 0.05
0.713 0.712 0.683 0.05
0.719 0.556 0.45 0.05
0.72 0.575 0.798 0.05
0.721 0.588 0.587 0.05
0.728 0.437 0.29 0.05
0.734 0.282 0.458 0.05
0.736 0.634 0.227 0.05
0.737 0.805 0.512 0.05
0.738 0.469 0.178 0.05
0.739 0.804 0.147 0.05
0.741 0.214 0.159 0.05
0.742 0.481 0.06 0.05
0.743 0.906 0.457 0.05
0.752 0.936 0.839 0.05
0.753 0.378 0.507 0.05
0.753 0.685 0.116 0.05
0.754 0.053 0.516 0.05
0.766 0.495 0.9 0.05
0.768 0.202 0.515 0.05
0.773 0.671 0.9 0.05
0.777 0.103 0.116 0.05
0.777 0.279 0.687 0.05
0.782 0.68 0.556 0.05
0.785 0.88 0.642 0.05
0.786 0.254 0.902 0.05
0.793 0.869 0.306 0.05
0.794 0.303 0.176 0.05
0.802 0.173 0.703 0.05
0.805 0.269 0.365 0.05
0.807 0.066 0.295 0.05
0.808 0.374 0.264 0.05
0.809 0.794 0.051 0.05
0.81 0.074 0.936 0.05
0.812 0.532 0.623 0.05
0.812 0.74 0.231 0.05
0.813 0.579 0.721 0.05
0.818 0.801 0.404 0.05
0.821 0.888 0.156 0.05
0.822 0.584 0.104 0.05
0.824 0.814 0.876 0.05
0.825 0.155 0.208 0.05
0.833 0.427 0.745 0.05
0.837 0.761 0.633 0.05
0.842 0.56 0.521 0.05
0.875 0.5355 0.94 0.05
0.848 0.941 0.893 0.05
0.85 0.595 0.424 0.05
0.851 0.39 0.569 0.05
0.859 0.434 0.431 0.05
0.875 0.649 0.779 0.05
0.876 0.213 0.291 0.05
0.879 0.463 0.269 0.05
0.88 0.138 0.432 0.05
0.888 0.473 0.825 0.05
0.89 0.111 0.848 0.05
0.898 0.764 0.793 0.05
0.898 0.924 0.055 0.05
0.902 0.131 0.587 0.05
0.902 0.686 0.303 0.05
0.903 0.82 0.481 0.05
0.904 0.883 0.693 0.05
0.907 0.489 0.668 0.05
0.908 0.369 0.913 0.05
0.91 0.362 0.224 0.05
0.913 0.37 0.776 0.05
0.915 0.219 0.68 0.05
0.915 0.841 0.582 0.05
0.917 0.131 0.082 0.05
0.92 0.305 0.556 0.05
0.921 0.219 0.196 0.05
0.921 0.248 0.868 0.05
0.921 0.939 0.364 0.05
0.927 0.902 0.826 0.05
0.928 0.645 0.129 0.05
0.93 0.796 0.891 0.05
0.931 0.824 0.37 0.05
0.933 0.417 0.122 0.05
0.935 0.739 0.176 0.05
0.937 0.1 0.694 0.05
0.944 0.561 0.2 0.05
0.946 0.764 0.661 0.05
0.946 0.786 0.063 0.05
