0.051 0.131 0.216 0.05
0.052 0.619 0.088 0.05
0.053 0.559 0.366 0.05
0.093 0.227 0.851 0.05
0.054 0.914 0.868 0.05
0.056 0.857 0.232 0.05
0.057 0.635 0.444 0.05
0.058 0.104 0.34 0.05
0.058 0.592 0.553 0.05
0.062 0.108 0.732 0.05
0.063 0.862 0.434 0.05
0.0865 0.2965 0.173 0.05
0.072 0.185 0.66 0.05
0.073 0.78 0.665 0.05
0.078 0.657 0.8485 0.05
0.08 0.423 0.584 0.05
0.083 0.505 0.906 0.05
0.088 0.312 0.374 0.05
0.091 0.912 0.078 0.05
0.097 0.526 0.792 0.05
0.098 0.279 0.506 0.05
0.098 0.867 0.595 0.05
0.1 0.408 0.41 0.05
0.103 0.116 0.908 0.05
0.103 0.734 0.467 0.05
0.104 0.433 0.16 0.05
0.107 0.704 0.581 0.05
0.109 0.078 0.503 0.05
0.11 0.227 0.315 0.05
0.11 0.908 0.759 0.05
0.111 0.689 0.375 0.05
0.113 0.587 0.179 0.05
0.121 0.058 0.104 0.05
0.122 0.404 0.739 0.05
0.122 0.411 0.85 0.05
0.126 0.426 0.288 0.05
0.136 0.547 0.059 0.05
0.142 0.727 0.232 0.05
0.145 0.601 0.654 0.05
0.151 0.91 0.353 0.05
0.16 0.568 0.363 0.05
0.163 0.772 0.848 0.05
0.163 0.909 0.244 0.05
0.164 0.361 0.608 0.05
0.164 0.774 0.072 0.05
0.171 0.739 0.701 0.05
0.172 0.085 0.692 0.05
0.181 0.273 0.414 0.05
0.183 0.791 0.424 0.05
0.25566666666666665 0.138 0.5563333333333333 0.05
0.189 0.521 0.57 0.05
0.189 0.612 0.756 0.05
0.197 0.89 0.141 0.05
0.207 0.5945 0.9215 0.05
0.201 0.917 0.507 0.05
0.206 0.264 0.803 0.05
0.206 0.318 0.19 0.05
0.207 0.063 0.389 0.05
0.209 0.242 0.08 0.05
0.215 0.356 0.073 0.05
0.216 0.099 0.154 0.05
0.216 0.734 0.337 0.05
0.217 0.946 0.941 0.05
0.221 0.48 0.135 0.05
0.221 0.827 0.289 0.05
0.223 0.638 0.509 0.05
0.224 0.452 0.807 0.05
0.224 0.494 0.275 0.05
0.226 0.442 0.4 0.05
0.227 0.948 0.639 0.05
0.231 0.859 0.885 0.05
0.235 0.063 0.806 0.05
0.239 0.053 0.913 0.05
0.241 0.283 0.92 0.05
0.242 0.637 0.265 0.05
0.2595 0.767 0.752 0.05
0.258 0.275 0.318 0.05
0.263 0.762 0.124 0.05
0.275 0.458 0.583 0.05
0.282 0.12 0.284 0.05
0.284 0.199 0.701 0.05
0.286 0.524 0.486 0.05
0.287 0.275 0.604 0.05
0.291 0.344 0.486 0.05
0.293 0.709 0.621 0.05
0.295 0.906 0.173 0.05
0.301 0.148 0.806 0.05
0.302 0.178 0.399 0.05
0.303 0.757 0.44 0.05
0.303 0.861 0.511 0.05
0.305 0.735 0.237 0.05
0.307 0.846 0.613 0.05
0.309 0.271 0.81 0.05
0.309 0.5 0.214 0.05
0.309 0.932 0.339 0.05
0.311 0.377 0.756 0.05
0.311 0.548 0.305 0.05
0.312 0.283 0.207 0.05
0.32 0.585 0.592 0.05
0.322 0.883 0.819 0.05
0.328 0.082 0.651 0.05
0.329 0.55 0.847 0.05
0.336 0.199 0.932 0.05
0.337 0.59 0.064 0.05
0.3785 0.614 0.905 0.05
0.345 0.798 0.718 0.05
0.348 0.279 0.692 0.05
0.351 0.381 0.875 0.05
0.353 0.401 0.351 0.05
0.36 0.637 0.252 0.05
0.361 0.934 0.657 0.05
0.362 0.55 0.699 0.05
0.363 0.064 0.339 0.05
0.365 0.277 0.296 0.05
0.375 0.438 0.051 0.05
0.38 0.715 0.34 0.05
0.382 0.702 0.832 0.05
0.389 0.27 0.533 0.05
0.389 0.771 0.052 0.05
0.395 0.403 0.495 0.05
0.397 0.725 0.568 0.05
0.4 0.15 0.717 0.05
0.401 0.5 0.339 0.05
0.403 0.102 0.462 0.05
0.404 0.928 0.936 0.05
0.405 0.419 0.656 0.05
0.407 0.444 0.809 0.05
0.41 0.918 0.567 0.05
0.412 0.251 0.881 0.05
0.412 0.368 0.197 0.05
0.414 0.58 0.499 0.05
0.414 0.93 0.203 0.05
0.416 0.813 0.176 0.05
0.417 0.921 0.083 0.05
0.418 0.191 0.124 0.05
0.422 0.206 0.376 0.05
0.423 0.483 0.931 0.05
0.425 0.811 0.626 0.05
0.426 0.132 0.94 0.05
0.427 0.147 0.606 0.05
0.428 0.811 0.458 0.05
0.433 0.825 0.919 0.05
0.435 0.207 0.233 0.05
0.44 0.342 0.757 0.05
0.442 0.094 0.233 0.05
0.448 0.664 0.411 0.05
0.453 0.399 0.313 0.05
0.455 0.716 0.162 0.05
0.455 0.738 0.753 0.05
0.456 0.923 0.797 0.05
0.463 0.528 0.148 0.05
0.465 0.813 0.335 0.05
0.477 0.423 0.101 0.05
0.48 0.451 0.457 0.05
0.481 0.571 0.676 0.05
0.488 0.296 0.113 0.05
0.49 0.054 0.807 0.05
0.491 0.171 0.838 0.05
0.491 0.174 0.505 0.05
0.493 0.83 0.545 0.05
0.493 0.91 0.28 0.05
0.495 0.938 0.399 0.05
0.497 0.218 0.692 0.05
0.5 0.694 0.501 0.05
0.507 0.482 0.587 0.05
0.516 0.344 0.215 0.05
0.522 0.647 0.066 0.05
0.525 0.329 0.589 0.05
0.528 0.368 0.911 0.05
0.53 0.752 0.85 0.05
0.533 0.3 0.461 0.05
0.537 0.174 0.935 0.05
0.544 0.317 0.818 0.05
0.544 0.681 0.714 0.05
0.592 0.907 0.521 0.05
0.555 0.166 0.416 0.05
0.559 0.167 0.304 0.05
0.559 0.442 0.201 0.05
0.56 0.341 0.698 0.05
0.567 0.7463333333333334 0.205 0.05
0.56 0.924 0.645 0.05
0.564 0.429 0.796 0.05
0.567 0.36 0.318 0.05
0.567 0.812 0.291 0.05
0.569 0.877 0.913 0.05
0.571 0.145 0.738 0.05
0.575 0.062 0.646 0.05
0.576 0.17 0.197 0.05
0.582 0.202 0.064 0.05
0.584 0.899 0.768 0.05
0.585 0.65 0.422 0.05
0.586 0.478 0.389 0.05
0.587 0.875 0.392 0.05
0.589 0.27 0.911 0.05
0.592 0.572 0.268 0.05
0.593 0.59 0.933 0.05
0.594 0.767 0.593 0.05
0.596 0.477 0.11 0.05
0.598 0.575 0.664 0.05
0.602 0.826 0.682 0.05
0.603 0.067 0.309 0.05
0.604 0.063 0.934 0.05
0.605 0.142 0.522 0.05
0.605 0.771 0.075 0.05
0.612 0.254 0.37 0.05
0.619 0.878 0.074 0.05
0.622 0.066 0.416 0.05
0.624 0.491 0.882 0.05
0.625 0.434 0.548 0.05
0.637 0.317 0.072 0.05
0.643 0.579 0.08 0.05
0.647 0.677 0.62 0.05
0.649 0.325 0.589 0.05
0.653 0.337 0.478 0.05
0.656 0.2 0.268 0.05
0.657 0.196 0.66 0.05
0.668 0.545 0.454 0.05
0.67 0.759 0.476 0.05
0.672 0.818 0.925 0.05
0.673 0.37 0.693 0.05
0.675 0.063 0.059 0.05
0.676 0.87 0.809 0.05
0.679 0.942 0.319 0.05
0.682 0.709 0.854 0.05
0.683 0.943 0.697 0.05
0.685 0.804 0.366 0.05
0.686 0.676 0.728 0.05
0.688 0.111 0.149 0.05
0.688 0.442 0.279 0.05
0.688 0.649 0.435 0.05
0.689 0.482 0.766 0.05
0.691 0.79 0.73 0.05
0.74 0.09 0.8135 0.05
0.695 0.358 0.386 0.05
0.699 0.251 0.843 0.05
0.708 0.404 0.88 0.05
0.711 0.673 0.144 0.05
0.715 0.38 0.152 0.05
0.715 0.75 0.274 0.05
0.716 0.278 0.232 0.05
0.723 0.594 0.561 0.05
0.725 0.46 0.525 0.05
0.727 0.864 0.27 0.05
0.73 0.135 0.508 0.05
0.73 0.199 0.073 0.05
0.731 0.921 0.172 0.05
0.734 0.101 0.946 0.05
0.735 0.623 0.287 0.05
0.741 0.058 0.575 0.05
0.748 0.497 0.093 0.05
0.75 0.797 0.589 0.05
0.75 0.94 0.054 0.05
0.754 0.745 0.082 0.05
0.776 0.267 0.755 0.05
0.776 0.403 0.773 0.05
0.776 0.903 0.491 0.05
0.777 0.918 0.864 0.05
0.778 0.614 0.868 0.05
0.782 0.303 0.101 0.05
0.785 0.186 0.269 0.05
0.785 0.296 0.33 0.05
0.785 0.536 0.626 0.05
0.785 0.806 0.775 0.05
0.787 0.293 0.554 0.05
0.788 0.093 0.376 0.05
0.79 0.631 0.058 0.05
0.798 0.211 0.483 0.05
0.798 0.336 0.668 0.05
0.799 0.892 0.707 0.05
0.801 0.912 0.6 0.05
0.802 0.434 0.598 0.05
0.81 0.387 0.929 0.05
0.81 0.713 0.311 0.05
0.815 0.349 0.191 0.05
0.816 0.06 0.152 0.05
0.825 0.637 0.694 0.05
0.827 0.83 0.063 0.05
0.829 0.391 0.441 0.05
0.829 0.506 0.403 0.05
0.83 0.581 0.175 0.05
0.831 0.708 0.832 0.05
0.835 0.506 0.725 0.05
0.846 0.414 0.057 0.05
0.846 0.484 0.893 0.05
0.848 0.692 0.422 0.05
0.855 0.12 0.937 0.05
0.856 0.201 0.753 0.05
0.858 0.847 0.346 0.05
0.86 0.198 0.604 0.05
0.862 0.441 0.3 0.05
0.872 0.936 0.405 0.05
0.873 0.339 0.81 0.05
0.879 0.203 0.869 0.05
0.879 0.744 0.135 0.05
0.882 0.208 0.106 0.05
0.884 0.188 0.329 0.05
0.884 0.943 0.078 0.05
0.886 0.688 0.924 0.05
0.889 0.078 0.476 0.05
0.89 0.871 0.536 0.05
0.893 0.756 0.752 0.05
0.897 0.592 0.816 0.05
0.898 0.055 0.723 0.05
0.898 0.501 0.586 0.05
0.899 0.557 0.348 0.05
0.903 0.782 0.602 0.05
0.904 0.16 0.228 0.05
0.906 0.502 0.478 0.05
0.907 0.327 0.462 0.05
0.909 0.941 0.278 0.05
0.911 0.387 0.905 0.05
0.912 0.091 0.619 0.05
0.913 0.052 0.373 0.05
0.913 0.381 0.652 0.05
0.913 0.708 0.28 0.05
0.917 0.331 0.287 0.05
0.917 0.869 0.797 0.05
0.917 0.897 0.904 0.05
0.918 0.06 0.259 0.05
0.918 0.855 0.149 0.05
0.919 0.077 0.117 0.05
0.92 0.22 0.437 0.05
0.927 0.276 0.571 0.05
0.929 0.635 0.536 0.05
0.931 0.322 0.174 0.05
0.936 0.45 0.218 0.05
0.939 0.557 0.105 0.05
0.94 0.583 0.691 0.05
0.944 0.098 0.813 0.05
0.944 0.448 0.103 0.05
