0.051 0.064 0.349 0.05
0.051 0.141 0.713 0.05
0.052 0.533 0.589 0.05
0.053 0.158 0.28 0.05
0.053 0.697 0.77 0.05
0.053 0.7 0.374 0.05
0.055 0.139 0.051 0.05
0.055 0.638 0.887 0.05
0.055 0.795 0.463 0.05
0.055 0.936 0.63 0.05
0.057 0.372 0.351 0.05
0.086 0.084 0.2095 0.05
0.058 0.249 0.842 0.05
0.1 0.3646666666666667 0.7303333333333334 0.05
0.058 0.653 0.051 0.05
0.1085 0.9365 0.838 0.05
0.059 0.315 0.572 0.05
0.0615 0.5435 0.758 0.05
0.06 0.369 0.155 0.05
0.062 0.942 0.481 0.05
0.062 0.943 0.19 0.05
0.063 0.437 0.946 0.05
0.063 0.948 0.293 0.05
0.065 0.227 0.516 0.05
0.066 0.069 0.494 0.05
0.066 0.722 0.541 0.05
0.066 0.845 0.122 0.05
0.067 0.344 0.886 0.05
0.067 0.598 0.488 0.05
0.068 0.052 0.78 0.05
0.07 0.267 0.087 0.05
0.07 0.588 0.138 0.05
0.071 0.748 0.66 0.05
0.073 0.307 0.246 0.05
0.1195 0.2755 0.453 0.05
0.078 0.48 0.281 0.05
0.078 0.75 0.182 0.05
0.079 0.539 0.934 0.05
0.084 0.215 0.197 0.05
0.084 0.663 0.259 0.05
0.085 0.63 0.601 0.05
0.086 0.851 0.237 0.05
0.087 0.415 0.549 0.05
0.093 0.58 0.333 0.05
0.101 0.834 0.839 0.05
0.131 0.188 0.7705 0.05
0.101 0.728 0.922 0.05
0.1055 0.1775 0.9265 0.05
0.107 0.089 0.641 0.05
0.109 0.205 0.637 0.05
0.109 0.444 0.425 0.05
0.112 0.801 0.323 0.05
0.112 0.809 0.578 0.05
0.139 0.5275 0.654 0.05
0.116 0.455 0.052 0.05
0.121 0.155 0.469 0.05
0.126 0.906 0.382 0.05
0.128 0.7 0.456 0.05
0.129 0.476 0.826 0.05
0.129 0.908 0.708 0.05
0.13 0.448 0.172 0.05
0.132 0.219 0.352 0.05
0.135 0.052 0.059 0.05
0.136 0.928 0.941 0.05
0.138 0.716 0.093 0.05
0.141 0.556 0.051 0.05
0.142 0.916 0.064 0.05
0.144 0.397 0.301 0.05
0.145 0.572 0.423 0.05
0.146 0.941 0.574 0.05
0.157 0.572 0.867 0.05
0.162 0.687 0.344 0.05
0.164 0.222 0.072 0.05
0.165 0.282 0.879 0.05
0.165 0.365 0.476 0.05
0.166 0.413 0.948 0.05
0.166 0.549 0.532 0.05
0.166 0.812 0.054 0.05
0.169 0.817 0.176 0.05
0.17 0.665 0.794 0.05
0.208 0.7585 0.4765 0.05
0.174 0.061 0.717 0.05
0.177 0.543 0.763 0.05
0.18 0.62 0.255 0.05
0.18 0.929 0.234 0.05
0.182 0.082 0.354 0.05
0.182 0.751 0.683 0.05
0.183 0.36 0.051 0.05
0.185 0.155 0.265 0.05
0.186 0.148 0.555 0.05
0.186 0.312 0.61 0.05
0.186 0.747 0.249 0.05
0.198 0.337 0.17 0.05
0.199 0.629 0.702 0.05
0.201 0.083 0.134 0.05
0.202 0.207 0.168 0.05
0.205 0.806 0.778 0.05
0.206 0.671 0.899 0.05
0.207 0.315 0.381 0.05
0.207 0.496 0.123 0.05
0.207 0.652 0.539 0.05
0.229 0.365 0.891 0.05
0.212 0.053 0.873 0.05
0.212 0.851 0.3 0.05
0.214 0.256 0.259 0.05
0.218 0.892 0.507 0.05
0.222 0.636 0.095 0.05
0.225 0.418 0.556 0.05
0.226 0.164 0.407 0.05
0.227 0.843 0.881 0.05
0.229 0.081 0.47 0.05
0.229 0.938 0.732 0.05
0.23 0.499 0.459 0.05
0.23 0.531 0.218 0.05
0.231 0.441 0.369 0.05
0.234 0.784 0.392 0.05
0.27266666666666667 0.32466666666666666 0.686 0.05
0.236 0.853 0.644 0.05
0.237 0.517 0.909 0.05
0.238 0.758 0.946 0.05
0.239 0.112 0.637 0.05
0.241 0.455 0.748 0.05
0.245 0.905 0.384 0.05
0.247 0.935 0.948 0.05
0.251 0.565 0.349 0.05
0.252 0.081 0.227 0.05
0.259 0.942 0.105 0.05
0.261 0.165 0.072 0.05
0.262 0.219 0.491 0.05
0.262 0.835 0.129 0.05
0.2635 0.254 0.8845 0.05
0.266 0.705 0.72 0.05
0.266 0.726 0.589 0.05
0.268 0.38 0.452 0.05
0.273 0.414 0.12 0.05
0.274 0.439 0.244 0.05
0.277 0.091 0.796 0.05
0.277 0.737 0.062 0.05
0.279 0.302 0.105 0.05
0.281 0.56 0.531 0.05
0.284 0.89 0.233 0.05
0.286 0.23 0.355 0.05
0.286 0.636 0.243 0.05
0.288 0.767 0.298 0.05
0.288 0.948 0.579 0.05
0.29 0.132 0.544 0.05
0.29 0.324 0.219 0.05
0.291 0.726 0.861 0.05
0.292 0.095 0.933 0.05
0.292 0.662 0.371 0.05
0.296 0.733 0.186 0.05
0.297 0.435 0.942 0.05
0.298 0.335 0.555 0.05
0.301 0.605 0.625 0.05
0.301 0.656 0.947 0.05
0.302 0.556 0.14 0.05
0.303 0.486 0.664 0.05
0.307 0.187 0.842 0.05
0.31 0.445 0.824 0.05
0.31 0.894 0.806 0.05
0.344 0.2175 0.6645 0.05
0.315 0.118 0.349 0.05
0.316 0.915 0.675 0.05
0.318 0.794 0.718 0.05
0.323 0.173 0.222 0.05
0.326 0.596 0.8 0.05
0.329 0.87 0.336 0.05
0.331 0.076 0.458 0.05
0.35125 0.43775 0.40425 0.05
0.373 0.74 0.415 0.05
0.335 0.88 0.449 0.05
0.3555 0.064 0.664 0.05
0.34 0.762 0.52 0.05
0.342 0.548 0.404 0.05
0.346 0.054 0.055 0.05
0.351 0.85 0.075 0.05
0.352 0.087 0.158 0.05
0.353 0.937 0.936 0.05
0.354 0.315 0.398 0.05
0.354 0.33 0.776 0.05
0.354 0.512 0.052 0.05
0.354 0.638 0.073 0.05
0.3615 0.6945 0.584 0.05
0.356 0.773 0.948 0.05
0.357 0.508 0.894 0.05
0.364 0.18 0.489 0.05
0.368 0.162 0.078 0.05
0.369 0.062 0.275 0.05
0.369 0.284 0.051 0.05
0.374 0.138 0.766 0.05
0.375 0.396 0.057 0.05
0.379 0.652 0.315 0.05
0.38 0.392 0.895 0.05
0.38 0.893 0.58 0.05
0.382 0.328 0.168 0.05
0.382 0.651 0.71 0.05
0.383 0.937 0.248 0.05
0.384 0.21 0.946 0.05
0.384 0.262 0.855 0.05
0.386 0.436 0.178 0.05
0.388 0.27 0.272 0.05
0.388 0.495 0.778 0.05
0.389 0.363 0.487 0.05
0.393 0.939 0.388 0.05
0.396 0.809 0.855 0.05
0.397 0.55 0.272 0.05
0.399 0.076 0.901 0.05
0.4 0.753 0.142 0.05
0.403 0.176 0.591 0.05
0.404 0.869 0.173 0.05
0.408 0.561 0.126 0.05
0.457 0.7965 0.2965 0.05
0.414 0.908 0.802 0.05
0.415 0.603 0.465 0.05
0.418 0.666 0.213 0.05
0.42 0.736 0.77 0.05
0.435 0.87 0.676 0.05
0.453 0.0915 0.779 0.05
0.431 0.826 0.404 0.05
0.432 0.948 0.499 0.05
0.4425 0.2015 0.339 0.05
0.436 0.388 0.651 0.05
0.437 0.535 0.641 0.05
0.4673333333333333 0.7253333333333334 0.896 0.05
0.443 0.92 0.056 0.05
0.444 0.638 0.621 0.05
0.447 0.17 0.845 0.05
0.45 0.214 0.21 0.05
0.454 0.246 0.535 0.05
0.454 0.588 0.36 0.05
0.455 0.069 0.512 0.05
0.458 0.347 0.397 0.05
0.459 0.944 0.932 0.05
0.462 0.242 0.072 0.05
0.463 0.091 0.228 0.05
0.464 0.289 0.631 0.05
0.465 0.722 0.511 0.05
0.467 0.053 0.126 0.05
0.467 0.059 0.345 0.05
0.469 0.552 0.536 0.05
0.475 0.532 0.833 0.05
0.477 0.351 0.26 0.05
0.477 0.431 0.804 0.05
0.478 0.424 0.555 0.05
0.479 0.546 0.935 0.05
0.481 0.157 0.462 0.05
0.482 0.5 0.082 0.05
0.484 0.642 0.134 0.05
0.486 0.243 0.943 0.05
0.487 0.481 0.331 0.05
0.489 0.669 0.302 0.05
0.489 0.733 0.612 0.05
0.491 0.506 0.185 0.05
0.492 0.412 0.143 0.05
0.492 0.732 0.057 0.05
0.493 0.649 0.712 0.05
0.493 0.819 0.127 0.05
0.493 0.917 0.357 0.05
0.495 0.912 0.233 0.05
0.497 0.253 0.727 0.05
0.499 0.064 0.615 0.05
0.5 0.434 0.437 0.05
0.501 0.871 0.747 0.05
0.502 0.855 0.498 0.05
0.504 0.749 0.22 0.05
0.505 0.126 0.055 0.05
0.508 0.386 0.923 0.05
0.517 0.754 0.727 0.05
0.52 0.305 0.481 0.05
0.5675 0.568 0.708 0.05
0.53 0.93 0.833 0.05
0.532 0.795 0.408 0.05
0.5495 0.846 0.5885 0.05
0.583 0.666 0.824 0.05
0.535 0.227 0.291 0.05
0.54 0.276 0.165 0.05
0.54 0.343 0.583 0.05
0.541 0.32 0.846 0.05
0.541 0.405 0.702 0.05
0.548 0.108 0.947 0.05
0.548 0.93 0.057 0.05
0.549 0.174 0.616 0.05
0.558 0.079 0.708 0.05
0.559 0.082 0.844 0.05
0.559 0.791 0.82 0.05
0.56 0.627 0.501 0.05
0.565 0.518 0.602 0.05
0.566 0.356 0.064 0.05
0.566 0.693 0.401 0.05
0.569 0.064 0.525 0.05
0.569 0.095 0.163 0.05
0.569 0.212 0.401 0.05
0.569 0.417 0.212 0.05
0.57 0.582 0.25 0.05
0.57 0.645 0.606 0.05
0.574 0.228 0.53 0.05
0.578 0.888 0.3 0.05
0.579 0.462 0.086 0.05
0.58 0.075 0.267 0.05
0.581 0.867 0.165 0.05
0.582 0.525 0.829 0.05
0.583 0.907 0.919 0.05
0.585 0.619 0.902 0.05
0.588 0.104 0.418 0.05
0.588 0.4 0.483 0.05
0.591 0.515 0.932 0.05
0.592 0.519 0.489 0.05
0.594 0.345 0.288 0.05
0.594 0.677 0.167 0.05
0.595 0.937 0.727 0.05
0.598 0.725 0.912 0.05
0.599 0.191 0.191 0.05
0.599 0.197 0.937 0.05
0.602 0.578 0.09 0.05
0.6355 0.269 0.69 0.05
0.613 0.421 0.583 0.05
0.613 0.54 0.385 0.05
0.615 0.139 0.066 0.05
0.622 0.504 0.184 0.05
0.623 0.948 0.468 0.05
0.624 0.439 0.351 0.05
0.626 0.202 0.796 0.05
0.6605 0.76 0.437 0.05
0.63 0.1 0.627 0.05
0.63 0.318 0.385 0.05
0.631 0.708 0.073 0.05
0.633 0.864 0.055 0.05
0.64 0.772 0.212 0.05
0.643 0.873 0.799 0.05
0.644 0.803 0.323 0.05
0.65 0.265 0.095 0.05
0.65 0.336 0.794 0.05
0.65 0.45 0.859 0.05
0.652 0.11 0.737 0.05
0.652 0.331 0.941 0.05
0.652 0.764 0.758 0.05
0.652 0.778 0.651 0.05
0.654 0.675 0.271 0.05
0.655 0.872 0.531 0.05
0.656 0.329 0.522 0.05
0.66 0.398 0.052 0.05
0.661 0.157 0.545 0.05
0.663 0.279 0.245 0.05
0.667 0.573 0.286 0.05
0.668 0.641 0.373 0.05
0.67 0.379 0.159 0.05
0.67 0.603 0.187 0.05
0.67 0.939 0.348 0.05
0.672 0.88 0.634 0.05
0.681 0.813 0.888 0.05
0.682 0.06 0.852 0.05
0.7513333333333334 0.4513333333333333 0.667 0.05
0.684 0.44 0.464 0.05
0.685 0.625 0.477 0.05
0.687 0.114 0.944 0.05
0.687 0.836 0.141 0.05
0.69 0.565 0.764 0.05
0.691 0.734 0.534 0.05
0.693 0.195 0.358 0.05
0.696 0.069 0.402 0.05
0.701 0.077 0.291 0.05
0.703 0.08 0.061 0.05
0.704 0.451 0.278 0.05
0.704 0.935 0.216 0.05
0.7656666666666666 0.895 0.7586666666666666 0.05
0.712 0.274 0.87 0.05
0.77 0.47433333333333333 0.4156666666666667 0.05
0.717 0.51 0.126 0.05
0.718 0.563 0.631 0.05
0.718 0.698 0.9 0.05
0.72 0.37 0.354 0.05
0.75 0.939 0.9045 0.05
0.723 0.052 0.566 0.05
0.723 0.53 0.857 0.05
0.724 0.128 0.166 0.05
0.724 0.153 0.455 0.05
0.726 0.273 0.42 0.05
0.726 0.327 0.676 0.05
0.73 0.231 0.151 0.05
0.73 0.48 0.948 0.05
0.733 0.764 0.269 0.05
0.734 0.534 0.528 0.05
0.737 0.696 0.739 0.05
0.737 0.928 0.497 0.05
0.738 0.182 0.259 0.05
0.738 0.31 0.052 0.05
0.739 0.135 0.665 0.05
0.7885 0.574 0.93 0.05
0.746 0.919 0.105 0.05
0.747 0.799 0.052 0.05
0.75 0.336 0.218 0.05
0.75 0.818 0.443 0.05
0.752 0.412 0.546 0.05
0.754 0.202 0.052 0.05
0.756 0.801 0.624 0.05
0.759 0.204 0.789 0.05
0.759 0.605 0.133 0.05
0.759 0.659 0.623 0.05
0.76 0.382 0.913 0.05
0.765 0.602 0.298 0.05
0.768 0.321 0.778 0.05
0.768 0.648 0.42 0.05
0.771 0.673 0.051 0.05
0.773 0.089 0.795 0.05
0.774 0.289 0.308 0.05
0.777 0.264 0.551 0.05
0.778 0.4 0.131 0.05
0.781 0.806 0.935 0.05
0.783 0.861 0.195 0.05
0.783 0.879 0.297 0.05
0.786 0.713 0.169 0.05
0.79 0.731 0.496 0.05
0.796 0.061 0.207 0.05
0.8225 0.4505 0.739 0.05
0.799 0.399 0.295 0.05
0.803 0.219 0.933 0.05
0.804 0.052 0.052 0.05
0.804 0.453 0.839 0.05
0.805 0.531 0.071 0.05
0.84425 0.17625 0.42125 0.05
0.811 0.919 0.403 0.05
0.812 0.61 0.783 0.05
0.814 0.295 0.123 0.05
0.815 0.9 0.644 0.05
0.817 0.498 0.235 0.05
0.822 0.683 0.945 0.05
0.824 0.091 0.914 0.05
0.824 0.521 0.339 0.05
0.824 0.618 0.543 0.05
0.825 0.718 0.328 0.05
0.828 0.733 0.592 0.05
0.829 0.15 0.118 0.05
0.831 0.124 0.568 0.05
0.837 0.773 0.821 0.05
0.843 0.872 0.88 0.05
0.846 0.208 0.271 0.05
0.847 0.932 0.525 0.05
0.848 0.835 0.093 0.05
0.851 0.372 0.625 0.05
0.852 0.284 0.857 0.05
0.8905 0.801 0.687 0.05
0.855 0.51 0.526 0.05
0.857 0.837 0.57 0.05
0.859 0.384 0.2 0.05
0.859 0.591 0.163 0.05
0.863 0.939 0.186 0.05
0.865 0.21 0.644 0.05
0.866 0.086 0.699 0.05
0.866 0.805 0.46 0.05
0.872 0.1 0.278 0.05
0.873 0.411 0.915 0.05
0.874 0.051 0.47 0.05
0.874 0.305 0.728 0.05
0.875 0.599 0.276 0.05
0.877 0.66 0.647 0.05
0.878 0.518 0.68 0.05
0.88 0.576 0.415 0.05
0.884 0.681 0.485 0.05
0.884 0.802 0.323 0.05
0.886 0.169 0.771 0.05
0.887 0.671 0.852 0.05
0.89 0.341 0.358 0.05
0.893 0.688 0.218 0.05
0.893 0.762 0.937 0.05
0.898 0.295 0.563 0.05
0.898 0.3 0.259 0.05
0.9 0.944 0.938 0.05
0.91 0.4325 0.088 0.05
0.904 0.931 0.069 0.05
0.907 0.47 0.384 0.05
0.9265 0.931 0.637 0.05
0.912 0.898 0.784 0.05
0.913 0.811 0.207 0.05
0.915 0.919 0.341 0.05
0.918 0.071 0.1 0.05
0.918 0.47 0.24 0.05
0.919 0.415 0.814 0.05
0.923 0.46 0.594 0.05
0.923 0.622 0.084 0.05
0.924 0.891 0.449 0.05
0.926 0.52 0.865 0.05
0.928 0.575 0.59 0.05
0.929 0.764 0.097 0.05
0.93 0.162 0.946 0.05
0.931 0.227 0.356 0.05
0.933 0.246 0.057 0.05
0.937 0.054 0.616 0.05
0.939 0.287 0.154 0.05
0.94 0.113 0.532 0.05
0.94 0.322 0.9 0.05
0.94 0.754 0.576 0.05
0.941 0.085 0.875 0.05
0.942 0.836 0.883 0.05
0.943 0.212 0.845 0.05
0.944 0.359 0.464 0.05
0.945 0.177 0.186 0.05
0.945 0.618 0.745 0.05
0.945 0.705 0.38 0.05
0.945 0.903 0.242 0.05
0.946 0.077 0.768 0.05
0.946 0.111 0.364 0.05
0.946 0.272 0.663 0.05
0.946 0.39 0.672 0.05
0.946 0.472 0.484 0.05
0.947 0.071 0.199 0.05
0.947 0.554 0.338 0.05
0.947 0.663 0.94 0.05
0.947 0.787 0.785 0.05
0.948 0.15 0.667 0.05
0.948 0.503 0.764 0.05
