0.051 0.139 0.288 0.05
0.051 0.635 0.557 0.05
0.051 0.716 0.791 0.05
0.053 0.414 0.198 0.05
0.054 0.744 0.603 0.05
0.055 0.479 0.452 0.05
0.055 0.791 0.499 0.05
0.077 0.887 0.692 0.05
0.056 0.284 0.945 0.05
0.058 0.376 0.451 0.05
0.087 0.878 0.162 0.05
0.059 0.8 0.907 0.05
0.06 0.806 0.355 0.05
0.061 0.336 0.58 0.05
0.063 0.385 0.823 0.05
0.063 0.602 0.064 0.05
0.063 0.666 0.267 0.05
0.064 0.07 0.541 0.05
0.0765 0.26 0.783 0.05
0.066 0.258 0.425 0.05
0.1105 0.8475 0.562 0.05
0.067 0.243 0.056 0.05
0.068 0.134 0.074 0.05
0.069 0.442 0.716 0.05
0.071 0.358 0.061 0.05
0.072 0.214 0.634 0.05
0.072 0.455 0.1 0.05
0.074 0.641 0.673 0.05
0.074 0.938 0.384 0.05
0.08 0.133 0.77 0.05
0.084 0.657 0.883 0.05
0.086 0.126 0.181 0.05
0.086 0.536 0.781 0.05
0.089 0.069 0.883 0.05
0.09 0.095 0.673 0.05
0.092 0.369 0.283 0.05
0.095 0.244 0.537 0.05
0.099 0.398 0.932 0.05
0.1 0.113 0.438 0.05
0.101 0.656 0.158 0.05
0.105 0.928 0.823 0.05
0.108 0.47 0.601 0.05
0.109 0.552 0.402 0.05
0.11 0.899 0.296 0.05
0.116 0.697 0.35 0.05
0.116 0.772 0.258 0.05
0.119 0.487 0.257 0.05
0.127 0.542 0.885 0.05
0.128 0.282 0.231 0.05
0.132 0.636 0.469 0.05
0.132 0.89 0.928 0.05
0.133 0.72 0.08 0.05
0.138 0.852 0.415 0.05
0.142 0.143 0.931 0.05
0.144 0.931 0.484 0.05
0.15 0.73 0.656 0.05
0.151 0.051 0.273 0.05
0.155 0.595 0.599 0.05
0.155 0.721 0.944 0.05
0.158 0.097 0.585 0.05
0.161 0.365 0.166 0.05
0.162 0.217 0.303 0.05
0.165 0.772 0.829 0.05
0.169 0.395 0.847 0.05
0.169 0.944 0.634 0.05
0.174 0.282 0.387 0.05
0.174 0.545 0.145 0.05
0.175 0.091 0.054 0.05
0.176 0.076 0.809 0.05
0.176 0.281 0.862 0.05
0.178 0.677 0.256 0.05
0.18 0.21 0.075 0.05
0.184 0.428 0.657 0.05
0.208 0.399 0.5145 0.05
0.189 0.723 0.466 0.05
0.19 0.189 0.515 0.05
0.193 0.253 0.61 0.05
0.194 0.072 0.372 0.05
0.197 0.345 0.726 0.05
0.198 0.513 0.528 0.05
0.2 0.872 0.744 0.05
0.2455 0.561 0.71 0.05
0.203 0.877 0.339 0.05
0.204 0.588 0.346 0.05
0.207 0.462 0.367 0.05
0.209 0.627 0.805 0.05
0.215 0.766 0.171 0.05
0.217 0.769 0.371 0.05
0.22 0.136 0.158 0.05
0.221 0.152 0.661 0.05
0.223 0.851 0.229 0.05
0.225 0.648 0.092 0.05
0.228 0.497 0.055 0.05
0.229 0.068 0.934 0.05
0.229 0.304 0.285 0.05
0.231 0.469 0.267 0.05
0.234 0.191 0.943 0.05
0.234 0.483 0.795 0.05
0.235 0.201 0.834 0.05
0.236 0.84 0.092 0.05
0.241 0.848 0.941 0.05
0.242 0.213 0.235 0.05
0.248 0.203 0.42 0.05
0.249 0.945 0.181 0.05
0.25 0.912 0.855 0.05
0.251 0.54 0.896 0.05
0.251 0.796 0.512 0.05
0.259 0.251 0.724 0.05
0.26 0.335 0.411 0.05
0.262 0.916 0.481 0.05
0.263 0.051 0.741 0.05
0.263 0.076 0.56 0.05
0.264 0.4 0.935 0.05
0.267 0.296 0.927 0.05
0.267 0.597 0.498 0.05
0.27 0.564 0.219 0.05
0.272 0.469 0.165 0.05
0.272 0.748 0.057 0.05
0.273 0.932 0.284 0.05
0.275 0.649 0.587 0.05
0.276 0.916 0.618 0.05
0.278 0.695 0.28 0.05
0.279 0.69 0.898 0.05
0.281 0.06 0.251 0.05
0.286 0.396 0.067 0.05
0.287 0.68 0.743 0.05
0.288 0.143 0.319 0.05
0.288 0.396 0.657 0.05
0.289 0.317 0.544 0.05
0.291 0.158 0.072 0.05
0.293 0.4 0.76 0.05
0.294 0.933 0.079 0.05
0.296 0.8195 0.6595 0.05
0.297 0.689 0.403 0.05
0.304 0.297 0.213 0.05
0.306 0.299 0.1 0.05
0.314 0.056 0.436 0.05
0.314 0.264 0.336 0.05
0.314 0.411 0.303 0.05
0.316 0.57 0.38 0.05
0.317 0.902 0.395 0.05
0.325 0.529 0.609 0.05
0.332 0.821 0.891 0.05
0.34 0.161 0.759 0.05
0.341 0.781 0.236 0.05
0.346 0.273 0.664 0.05
0.347 0.112 0.145 0.05
0.347 0.227 0.938 0.05
0.347 0.487 0.942 0.05
0.348 0.083 0.827 0.05
0.35 0.483 0.454 0.05
0.351 0.281 0.837 0.05
0.354 0.579 0.277 0.05
0.356 0.138 0.559 0.05
0.356 0.826 0.463 0.05
0.357 0.466 0.223 0.05
0.357 0.739 0.829 0.05
0.365 0.519 0.821 0.05
0.366 0.599 0.07 0.05
0.375 0.748 0.633 0.05
0.377 0.254 0.477 0.05
0.377 0.623 0.767 0.05
0.377 0.946 0.699 0.05
0.43 0.651 0.6213333333333334 0.05
0.379 0.737 0.943 0.05
0.38 0.723 0.477 0.05
0.383 0.365 0.408 0.05
0.384 0.211 0.204 0.05
0.426 0.3285 0.5925 0.05
0.386 0.475 0.093 0.05
0.396 0.895 0.119 0.05
0.398 0.66 0.175 0.05
0.399 0.099 0.682 0.05
0.399 0.448 0.549 0.05
0.401 0.132 0.3 0.05
0.406 0.894 0.594 0.05
0.406 0.902 0.832 0.05
0.451 0.262 0.0935 0.05
0.409 0.759 0.132 0.05
0.413 0.887 0.291 0.05
0.416 0.55 0.186 0.05
0.419 0.904 0.946 0.05
0.42 0.66 0.304 0.05
0.421 0.571 0.468 0.05
0.426 0.606 0.944 0.05
0.426 0.799 0.354 0.05
0.43 0.384 0.189 0.05
0.432 0.098 0.084 0.05
0.433 0.442 0.864 0.05
0.438 0.512 0.64 0.05
0.443 0.067 0.549 0.05
0.444 0.182 0.797 0.05
0.444 0.42 0.738 0.05
0.447 0.357 0.945 0.05
0.449 0.085 0.873 0.05
0.451 0.226 0.698 0.05
0.451 0.535 0.327 0.05
0.455 0.215 0.409 0.05
0.456 0.099 0.43 0.05
0.456 0.865 0.444 0.05
0.459 0.71 0.857 0.05
0.461 0.783 0.704 0.05
0.461 0.791 0.559 0.05
0.461 0.818 0.804 0.05
0.464 0.457 0.455 0.05
0.5005 0.503 0.804 0.05
0.47 0.384 0.337 0.05
0.479 0.345 0.442 0.05
0.482 0.63 0.542 0.05
0.484 0.658 0.406 0.05
0.485 0.401 0.06 0.05
0.489 0.242 0.311 0.05
0.496 0.303 0.204 0.05
0.496 0.859 0.192 0.05
0.496 0.903 0.746 0.05
0.498 0.203 0.55 0.05
0.5 0.337 0.819 0.05
0.505 0.648 0.071 0.05
0.506 0.129 0.168 0.05
0.507 0.212 0.894 0.05
0.507 0.774 0.093 0.05
0.509 0.703 0.23 0.05
0.511 0.084 0.278 0.05
0.512 0.935 0.619 0.05
0.513 0.936 0.296 0.05
0.519 0.534 0.564 0.05
0.519 0.588 0.171 0.05
0.521 0.763 0.477 0.05
0.532 0.451 0.1765 0.05
0.538 0.591 0.711 0.05
0.531 0.779 0.883 0.05
0.534 0.487 0.933 0.05
0.535 0.106 0.765 0.05
0.536 0.575 0.375 0.05
0.54 0.419 0.647 0.05
0.546 0.823 0.298 0.05
0.547 0.135 0.643 0.05
0.553 0.847 0.547 0.05
0.567 0.8935 0.0945 0.05
0.557 0.149 0.363 0.05
0.557 0.774 0.652 0.05
0.562 0.198 0.091 0.05
0.5915 0.1495 0.9085 0.05
0.564 0.457 0.415 0.05
0.566 0.234 0.42 0.05
0.567 0.918 0.859 0.05
0.572 0.608 0.267 0.05
0.575 0.947 0.514 0.05
0.577 0.36 0.903 0.05
0.579 0.63 0.881 0.05
0.585 0.55 0.065 0.05
0.586 0.922 0.222 0.05
0.587 0.067 0.097 0.05
0.588 0.836 0.398 0.05
0.589 0.252 0.586 0.05
0.59 0.732 0.374 0.05
0.593 0.277 0.292 0.05
0.593 0.652 0.448 0.05
0.594 0.098 0.526 0.05
0.594 0.859 0.71 0.05
0.621 0.316 0.7395 0.05
0.598 0.498 0.308 0.05
0.599 0.395 0.509 0.05
0.6 0.353 0.192 0.05
0.611 0.383 0.094 0.05
0.622 0.7705 0.926 0.05
0.6185 0.4915 0.5405 0.05
0.618 0.708 0.783 0.05
0.621 0.803 0.222 0.05
0.622 0.532 0.197 0.05
0.625 0.72 0.535 0.05
0.627 0.348 0.389 0.05
0.628 0.614 0.607 0.05
0.631 0.934 0.413 0.05
0.634 0.529 0.947 0.05
0.635 0.176 0.22 0.05
0.635 0.223 0.826 0.05
0.642 0.763 0.059 0.05
0.643 0.718 0.277 0.05
0.646 0.107 0.396 0.05
0.647 0.806 0.838 0.05
0.648 0.922 0.939 0.05
0.651 0.508 0.707 0.05
0.653 0.107 0.691 0.05
0.655 0.358 0.604 0.05
0.66 0.832 0.596 0.05
0.662 0.285 0.943 0.05
0.664 0.941 0.798 0.05
0.665 0.718 0.176 0.05
0.666 0.435 0.212 0.05
0.67 0.882 0.502 0.05
0.673 0.269 0.089 0.05
0.671 0.535 0.806 0.05
0.672 0.6 0.326 0.05
0.673 0.627 0.126 0.05
0.674 0.078 0.188 0.05
0.674 0.57 0.43 0.05
0.676 0.186 0.478 0.05
0.678 0.198 0.352 0.05
0.681 0.439 0.328 0.05
0.686 0.104 0.062 0.05
0.687 0.085 0.299 0.05
0.687 0.271 0.557 0.05
0.687 0.715 0.628 0.05
0.69 0.76 0.433 0.05
0.694 0.923 0.219 0.05
0.694 0.936 0.684 0.05
0.704 0.195 0.626 0.05
0.705 0.124 0.948 0.05
0.705 0.5 0.127 0.05
0.707 0.058 0.463 0.05
0.709 0.234 0.742 0.05
0.711 0.388 0.52 0.05
0.712 0.424 0.855 0.05
0.713 0.39 0.056 0.05
0.717 0.862 0.355 0.05
0.724 0.823 0.168 0.05
0.725 0.073 0.822 0.05
0.726 0.625 0.662 0.05
0.727 0.879 0.885 0.05
0.731 0.326 0.685 0.05
0.734 0.104 0.57 0.05
0.737 0.235 0.263 0.05
0.737 0.657 0.394 0.05
0.737 0.658 0.782 0.05
0.741 0.294 0.425 0.05
0.742 0.767 0.831 0.05
0.743 0.746 0.245 0.05
0.745 0.456 0.659 0.05
0.7565 0.82 0.681 0.05
0.749 0.541 0.261 0.05
0.75 0.592 0.892 0.05
0.75 0.902 0.106 0.05
0.752 0.801 0.057 0.05
0.754 0.191 0.828 0.05
0.756 0.303 0.885 0.05
0.757 0.483 0.761 0.05
0.759 0.611 0.498 0.05
0.76 0.36 0.228 0.05
0.763 0.931 0.59 0.05
0.767 0.283 0.053 0.05
0.769 0.123 0.2 0.05
0.771 0.146 0.316 0.05
0.773 0.567 0.081 0.05
0.775 0.709 0.147 0.05
0.776 0.395 0.376 0.05
0.783 0.693 0.92 0.05
0.786 0.936 0.484 0.05
0.789 0.359 0.587 0.05
0.79 0.835 0.442 0.05
0.791 0.186 0.928 0.05
0.792 0.693 0.599 0.05
0.793 0.077 0.923 0.05
0.793 0.64 0.304 0.05
0.793 0.8 0.944 0.05
0.795 0.499 0.51 0.05
0.795 0.767 0.527 0.05
0.797 0.39 0.123 0.05
0.799 0.26 0.624 0.05
0.806 0.173 0.499 0.05
0.809 0.283 0.737 0.05
0.81 0.113 0.066 0.05
0.811 0.137 0.716 0.05
0.811 0.367 0.479 0.05
0.822 0.605 0.65 0.05
0.811 0.927 0.287 0.05
0.815 0.223 0.127 0.05
0.817 0.28 0.339 0.05
0.818 0.93 0.8 0.05
0.822 0.541 0.39 0.05
0.827 0.355 0.811 0.05
0.831 0.561 0.774 0.05
0.831 0.84 0.205 0.05
0.832 0.714 0.804 0.05
0.835 0.926 0.945 0.05
0.837 0.373 0.943 0.05
0.838 0.684 0.06 0.05
0.84 0.072 0.455 0.05
0.84 0.089 0.582 0.05
0.8595 0.09 0.306 0.05
0.845 0.468 0.6 0.05
0.845 0.742 0.403 0.05
0.846 0.871 0.552 0.05
0.846 0.905 0.669 0.05
0.848 0.54 0.219 0.05
0.849 0.936 0.394 0.05
0.873 0.412 0.3215 0.05
0.853 0.233 0.241 0.05
0.853 0.396 0.695 0.05
0.854 0.146 0.842 0.05
0.854 0.837 0.833 0.05
0.855 0.725 0.21 0.05
0.862 0.509 0.922 0.05
0.869 0.057 0.201 0.05
0.876 0.248 0.484 0.05
0.881 0.51 0.113 0.05
0.886 0.197 0.39 0.05
0.887 0.839 0.301 0.05
0.889 0.409 0.052 0.05
0.889 0.598 0.515 0.05
0.893 0.267 0.864 0.05
0.897 0.427 0.788 0.05
0.899 0.663 0.347 0.05
0.905 0.937 0.134 0.05
0.906 0.051 0.7 0.05
0.906 0.782 0.753 0.05
0.909 0.079 0.063 0.05
0.91 0.22 0.612 0.05
0.911 0.705 0.482 0.05
0.913 0.719 0.644 0.05
0.914 0.259 0.106 0.05
0.914 0.342 0.519 0.05
0.914 0.628 0.186 0.05
0.916 0.494 0.515 0.05
0.917 0.258 0.755 0.05
0.917 0.777 0.889 0.05
0.922 0.607 0.847 0.05
0.922 0.724 0.103 0.05
0.925 0.059 0.803 0.05
0.925 0.348 0.175 0.05
0.927 0.545 0.424 0.05
0.927 0.56 0.722 0.05
0.927 0.916 0.235 0.05
0.928 0.599 0.058 0.05
0.928 0.631 0.948 0.05
0.929 0.299 0.377 0.05
0.93 0.921 0.894 0.05
0.931 0.667 0.746 0.05
0.932 0.169 0.161 0.05
0.933 0.409 0.62 0.05
0.936 0.157 0.739 0.05
0.937 0.844 0.102 0.05
0.94 0.399 0.919 0.05
0.94 0.861 0.43 0.05
0.941 0.744 0.284 0.05
0.945 0.923 0.7225 0.05
0.944 0.182 0.914 0.05
0.945 0.051 0.533 0.05
0.946 0.149 0.498 0.05
0.946 0.537 0.622 0.05
0.946 0.819 0.556 0.05
0.947 0.083 0.34 0.05
0.947 0.49 0.253 0.05
