0.051 0.702 0.821 0.05
0.066 0.76 0.698 0.05
0.068 0.911 0.765 0.05
0.08 0.091 0.487 0.05
0.088 0.153 0.657 0.05
0.109 0.471 0.489 0.05
0.11 0.53 0.869 0.05
0.112 0.307 0.545 0.05
0.116 0.665 0.271 0.05
0.119 0.196 0.404 0.05
0.123 0.62 0.628 0.05
0.129 0.4 0.115 0.05
0.134 0.339 0.305 0.05
0.161 0.787 0.55 0.05
0.162 0.141 0.836 0.05
0.162 0.76 0.103 0.05
0.18 0.683 0.408 0.05
0.195 0.47 0.253 0.05
0.199 0.362 0.861 0.05
0.201 0.732 0.915 0.05
0.227 0.81 0.736 0.05
0.235 0.587 0.56 0.05
0.236 0.854 0.407 0.05
0.239 0.343 0.08 0.05
0.256 0.637 0.812 0.05
0.258 0.38 0.583 0.05
0.263 0.798 0.839 0.05
0.285 0.056 0.58 0.05
0.298 0.417 0.484 0.05
0.305 0.212 0.766 0.05
0.311 0.917 0.082 0.05
0.327 0.517 0.93 0.05
0.339 0.842 0.768 0.05
0.342 0.403 0.67 0.05
0.344 0.247 0.116 0.05
0.344 0.261 0.514 0.05
0.36 0.919 0.514 0.05
0.374 0.542 0.133 0.05
0.392 0.162 0.4 0.05
0.415 0.497 0.722 0.05
0.419 0.276 0.416 0.05
0.422 0.188 0.747 0.05
0.435 0.101 0.273 0.05
0.437 0.31 0.535 0.05
0.441 0.628 0.1 0.05
0.455 0.804 0.404 0.05
0.456 0.637 0.731 0.05
0.465 0.809 0.548 0.05
0.472 0.316 0.8 0.05
0.472 0.479 0.636 0.05
0.477 0.246 0.921 0.05
0.539 0.064 0.137 0.05
0.54 0.103 0.873 0.05
0.553 0.382 0.905 0.05
0.562 0.879 0.638 0.05
0.569 0.314 0.14 0.05
0.577 0.283 0.928 0.05
0.581 0.622 0.479 0.05
0.59 0.305 0.353 0.05
0.595 0.5 0.755 0.05
0.643 0.297 0.81 0.05
0.645 0.416 0.084 0.05
0.648 0.781 0.737 0.05
0.659 0.36 0.701 0.05
0.675 0.907 0.82 0.05
0.701 0.532 0.214 0.05
0.728 0.403 0.41 0.05
0.735 0.895 0.937 0.05
0.737 0.652 0.268 0.05
0.739 0.899 0.074 0.05
0.773 0.244 0.091 0.05
0.773 0.405 0.839 0.05
0.773 0.814 0.362 0.05
0.809 0.358 0.519 0.05
0.851 0.863 0.133 0.05
0.868 0.147 0.424 0.05
0.88 0.436 0.394 0.05
0.882 0.882 0.671 0.05
0.888 0.23 0.889 0.05
0.891 0.642 0.631 0.05
0.894 0.516 0.727 0.05
0.901 0.353 0.166 0.05
0.91 0.18 0.752 0.05
0.91 0.77 0.453 0.05
0.92 0.352 0.668 0.05
0.928 0.624 0.201 0.05
0.931 0.491 0.849 0.05
0.935 0.652 0.45 0.05
0.938 0.343 0.538 0.05
0.943 0.864 0.389 0.05
